% f evaluations | g evaluations | best noise-free fitness - Fopt (-5.494000000000e+01) + sum g_i+ | measured fitness | best measured fitness or single-digit g-values | x1 | x2...
1 0 +3.502348660e+06 +3.502293720e+06 +3.502293720e+06 +5.9671e-01 -3.8264e-02
3 0 +2.387249525e+06 +2.387194585e+06 +2.387194585e+06 -1.3415e-01 -1.3414e-01
6 0 +2.009879293e+06 +2.009824353e+06 +2.009824353e+06 -3.6342e-01 -3.6573e-01
7 0 +1.783747532e+04 +1.778253532e+04 +1.778253532e+04 +3.4196e-01 -1.8133e+00
17 0 +1.411261079e+04 +1.405767079e+04 +1.405767079e+04 +3.0626e-01 -2.0679e+00
18 0 +1.370758882e+03 +1.315818882e+03 +1.315818882e+03 -5.9226e-01 -1.7894e+00
53 0 +1.283706993e+03 +1.228766993e+03 +1.228766993e+03 -1.3799e+00 -1.6178e+00
68 0 +8.954757690e+02 +8.405357690e+02 +8.405357690e+02 -3.7518e-01 -1.7701e+00
79 0 +7.556340627e+02 +7.006940627e+02 +7.006940627e+02 -2.3375e-01 -1.8052e+00
80 0 +2.265175673e+01 -3.228824327e+01 -3.228824327e+01 -4.0657e-01 -1.7981e+00
123 0 +2.490990676e+00 -5.244900932e+01 -5.244900932e+01 -4.3512e-01 -1.7885e+00
126 0 +2.123631792e+00 -5.281636821e+01 -5.281636821e+01 -3.2368e-01 -1.8115e+00
156 0 +2.028921139e+00 -5.291107886e+01 -5.291107886e+01 -6.4808e-01 -1.7424e+00
173 0 +7.426755800e-01 -5.419732442e+01 -5.419732442e+01 -8.2847e-01 -1.7024e+00
225 0 +6.577263003e-01 -5.428227370e+01 -5.428227370e+01 -9.2534e-01 -1.6819e+00
231 0 +5.827463832e-01 -5.435725362e+01 -5.435725362e+01 -1.0281e+00 -1.6596e+00
246 0 +5.291535878e-01 -5.441084641e+01 -5.441084641e+01 -1.0496e+00 -1.6548e+00
248 0 +4.835389540e-01 -5.445646105e+01 -5.445646105e+01 -1.0777e+00 -1.6485e+00
269 0 +2.932683720e-01 -5.464673163e+01 -5.464673163e+01 -1.2652e+00 -1.6076e+00
279 0 +1.936752052e-01 -5.474632479e+01 -5.474632479e+01 -1.3634e+00 -1.5869e+00
284 0 +1.193989287e-02 -5.492806011e+01 -5.492806011e+01 -1.7307e+00 -1.5069e+00
296 0 +3.021402738e-03 -5.493697860e+01 -5.493697860e+01 -1.7625e+00 -1.5002e+00
313 0 +1.087313558e-03 -5.493891269e+01 -5.493891269e+01 -1.7522e+00 -1.5024e+00
363 0 +3.397866064e-04 -5.493966021e+01 -5.493966021e+01 -1.7153e+00 -1.5104e+00
380 0 +1.531744989e-04 -5.493984683e+01 -5.493984683e+01 -1.7181e+00 -1.5098e+00
386 0 +1.208425037e-04 -5.493987916e+01 -5.493987916e+01 -1.7264e+00 -1.5080e+00
389 0 +2.879655891e-05 -5.493997120e+01 -5.493997120e+01 -1.7307e+00 -1.5071e+00
407 0 +5.666055152e-06 -5.493999433e+01 -5.493999433e+01 -1.7243e+00 -1.5085e+00
430 0 +5.290123170e-06 -5.493999471e+01 -5.493999471e+01 -1.7266e+00 -1.5079e+00
434 0 +2.833485674e-06 -5.493999717e+01 -5.493999717e+01 -1.7270e+00 -1.5079e+00
451 0 +2.713625818e-06 -5.493999729e+01 -5.493999729e+01 -1.7276e+00 -1.5077e+00
457 0 +2.416923792e-06 -5.493999758e+01 -5.493999758e+01 -1.7249e+00 -1.5083e+00
458 0 +1.950935143e-06 -5.493999805e+01 -5.493999805e+01 -1.7278e+00 -1.5077e+00
463 0 +1.923834716e-06 -5.493999808e+01 -5.493999808e+01 -1.7259e+00 -1.5081e+00
465 0 +5.636112732e-07 -5.493999944e+01 -5.493999944e+01 -1.7257e+00 -1.5082e+00
% f evaluations | g evaluations | best noise-free fitness - Fopt (5.913000000000e+01) + sum g_i+ | measured fitness | best measured fitness or single-digit g-values | x1 | x2...
1 0 +1.289656902e+05 +1.290248202e+05 +1.290248202e+05 +5.9671e-01 -3.8264e-02
3 0 +4.731281341e+04 +4.737194341e+04 +4.737194341e+04 -1.3415e-01 -1.3414e-01
5 0 +4.003146619e+04 +4.009059619e+04 +4.009059619e+04 -3.6947e-01 +6.4256e-01
11 0 +3.052662534e+02 +3.643962534e+02 +3.643962534e+02 +9.8234e-01 -8.9162e-01
12 0 +1.167673158e+02 +1.758973158e+02 +1.758973158e+02 -9.5420e-01 +9.3087e-01
15 0 +4.844259424e+01 +1.075725942e+02 +1.075725942e+02 -1.5639e-01 +1.7214e-01
48 0 +7.185101108e+00 +6.631510111e+01 +6.631510111e+01 -8.8954e-01 +8.5919e-01
95 0 +4.352712360e+00 +6.348271236e+01 +6.348271236e+01 -8.0420e-01 +7.7876e-01
162 0 +4.043159307e+00 +6.317315931e+01 +6.317315931e+01 -7.8319e-01 +7.5816e-01
182 0 +2.965080862e+00 +6.209508086e+01 +6.209508086e+01 -1.0191e+00 +9.7465e-01
211 0 +2.324280887e+00 +6.145428089e+01 +6.145428089e+01 -1.0758e+00 +1.0283e+00
225 0 +2.246535951e+00 +6.137653595e+01 +6.137653595e+01 -1.0935e+00 +1.0445e+00
228 0 +2.155306036e+00 +6.128530604e+01 +6.128530604e+01 -1.1097e+00 +1.0590e+00
232 0 +2.051949727e+00 +6.118194973e+01 +6.118194973e+01 -1.1756e+00 +1.1199e+00
237 0 +1.685746026e+00 +6.081574603e+01 +6.081574603e+01 -1.4449e+00 +1.3684e+00
245 0 +1.065211765e+00 +6.019521177e+01 +6.019521177e+01 -1.5282e+00 +1.4449e+00
251 0 +7.522299867e-01 +5.988222999e+01 +5.988222999e+01 -1.5856e+00 +1.4975e+00
256 0 +5.039283263e-01 +5.963392833e+01 +5.963392833e+01 -1.8872e+00 +1.7745e+00
259 0 +1.376641236e-01 +5.926766412e+01 +5.926766412e+01 -2.0219e+00 +1.8994e+00
269 0 +4.827581837e-02 +5.917827582e+01 +5.917827582e+01 -2.2439e+00 +2.1034e+00
278 0 +1.555460182e-02 +5.914555460e+01 +5.914555460e+01 -2.1860e+00 +2.0502e+00
296 0 +1.509783782e-02 +5.914509784e+01 +5.914509784e+01 -2.2591e+00 +2.1175e+00
306 0 +4.535332465e-03 +5.913453533e+01 +5.913453533e+01 -2.2246e+00 +2.0858e+00
327 0 +3.182471449e-03 +5.913318247e+01 +5.913318247e+01 -2.2844e+00 +2.1410e+00
339 0 +2.310480640e-04 +5.913023105e+01 +5.913023105e+01 -2.2703e+00 +2.1280e+00
384 0 +1.211075976e-04 +5.913012111e+01 +5.913012111e+01 -2.2528e+00 +2.1118e+00
408 0 +5.529082538e-05 +5.913005529e+01 +5.913005529e+01 -2.2658e+00 +2.1238e+00
416 0 +2.639508113e-05 +5.913002640e+01 +5.913002640e+01 -2.2641e+00 +2.1222e+00
428 0 +2.422742199e-06 +5.913000242e+01 +5.913000242e+01 -2.2615e+00 +2.1199e+00
458 0 +2.725412003e-07 +5.913000027e+01 +5.913000027e+01 -2.2605e+00 +2.1189e+00
485 0 +1.300967583e-07 +5.913000013e+01 +5.913000013e+01 -2.2609e+00 +2.1193e+00
% f evaluations | g evaluations | best noise-free fitness - Fopt (-4.915300000000e+02) + sum g_i+ | measured fitness | best measured fitness or single-digit g-values | x1 | x2...
1 0 +8.118075020e+05 +8.113159720e+05 +8.113159720e+05 +5.9671e-01 -3.8264e-02
3 0 +1.771370878e+05 +1.766455578e+05 +1.766455578e+05 -1.3415e-01 -1.3414e-01
6 0 +6.048309116e+03 +5.556779116e+03 +5.556779116e+03 -3.6342e-01 -3.6573e-01
13 0 +4.180361545e+03 +3.688831545e+03 +3.688831545e+03 -2.7029e-01 -4.5500e-01
41 0 +1.080390944e+01 -4.807260906e+02 -4.807260906e+02 -2.5666e+00 +1.2151e+00
118 0 +1.062659334e+01 -4.809034067e+02 -4.809034067e+02 -2.5148e+00 +1.1760e+00
147 0 +2.131979784e+00 -4.893980202e+02 -4.893980202e+02 -3.8786e-01 -4.5238e-01
180 0 +5.145500651e-01 -4.910154499e+02 -4.910154499e+02 -4.5683e-01 -4.0169e-01
185 0 +1.626908304e-01 -4.913673092e+02 -4.913673092e+02 -2.2658e-01 -5.7751e-01
236 0 +1.280645045e-01 -4.914019355e+02 -4.914019355e+02 -1.9880e-01 -5.9884e-01
241 0 +1.100157780e-01 -4.914199842e+02 -4.914199842e+02 -1.6924e-01 -6.2142e-01
254 0 +8.109114591e-02 -4.914489089e+02 -4.914489089e+02 -1.3681e-01 -6.4657e-01
263 0 +9.783097508e-03 -4.915202169e+02 -4.915202169e+02 -1.9008e-03 -7.4984e-01
280 0 +6.212915287e-03 -4.915237871e+02 -4.915237871e+02 +2.5835e-02 -7.7110e-01
291 0 +4.081798190e-03 -4.915259182e+02 -4.915259182e+02 +1.0152e-01 -8.2895e-01
308 0 +1.465311524e-03 -4.915285347e+02 -4.915285347e+02 +5.4448e-02 -7.9291e-01
324 0 +6.327853546e-04 -4.915293672e+02 -4.915293672e+02 +8.3378e-02 -8.1509e-01
331 0 +4.458112289e-04 -4.915295542e+02 -4.915295542e+02 +8.8674e-02 -8.1918e-01
356 0 +3.229840203e-04 -4.915296770e+02 -4.915296770e+02 +5.8360e-02 -7.9594e-01
367 0 +1.511506237e-04 -4.915298488e+02 -4.915298488e+02 +6.4884e-02 -8.0094e-01
368 0 +7.553145781e-05 -4.915299245e+02 -4.915299245e+02 +6.5479e-02 -8.0141e-01
388 0 +7.250725054e-05 -4.915299275e+02 -4.915299275e+02 +7.5141e-02 -8.0882e-01
395 0 +2.917176960e-05 -4.915299708e+02 -4.915299708e+02 +7.5507e-02 -8.0909e-01
405 0 +5.061755587e-06 -4.915299949e+02 -4.915299949e+02 +7.3150e-02 -8.0728e-01
420 0 +2.113843721e-06 -4.915299979e+02 -4.915299979e+02 +7.2007e-02 -8.0641e-01
436 0 +1.564742774e-06 -4.915299984e+02 -4.915299984e+02 +7.1893e-02 -8.0632e-01
447 0 +1.384822724e-06 -4.915299986e+02 -4.915299986e+02 +7.2309e-02 -8.0664e-01
459 0 +4.132261893e-07 -4.915299996e+02 -4.915299996e+02 +7.2123e-02 -8.0649e-01
460 0 +3.855765840e-07 -4.915299996e+02 -4.915299996e+02 +7.2486e-02 -8.0677e-01
481 0 +7.650885436e-08 -4.915299999e+02 -4.915299999e+02 +7.1933e-02 -8.0635e-01
497 0 +4.236164841e-08 -4.915300000e+02 -4.915300000e+02 +7.1827e-02 -8.0627e-01
499 0 +3.479459565e-08 -4.915300000e+02 -4.915300000e+02 +7.1917e-02 -8.0634e-01
500 0 +6.523748652e-09 -4.915300000e+02 -4.915300000e+02 +7.2037e-02 -8.0643e-01
% f evaluations | g evaluations | best noise-free fitness - Fopt (-1.702000000000e+02) + sum g_i+ | measured fitness | best measured fitness or single-digit g-values | x1 | x2...
1 0 +9.359366476e+06 +9.359196276e+06 +9.359196276e+06 +5.9671e-01 -3.8264e-02
3 0 +7.365725154e+06 +7.365554954e+06 +7.365554954e+06 -1.3415e-01 -1.3414e-01
6 0 +5.860197794e+06 +5.860027594e+06 +5.860027594e+06 -3.6342e-01 -3.6573e-01
7 0 +2.180952083e+06 +2.180781883e+06 +2.180781883e+06 +3.4196e-01 -1.8133e+00
8 0 +2.022113641e+06 +2.021943441e+06 +2.021943441e+06 -1.6249e+00 -4.6229e-01
10 0 +1.890313391e+06 +1.890143191e+06 +1.890143191e+06 -8.0802e-01 -1.3123e+00
11 0 +1.160635499e+06 +1.160465299e+06 +1.160465299e+06 -1.9120e+00 -3.4000e+00
12 0 +2.761039040e+05 +2.759337040e+05 +2.759337040e+05 -9.3213e-01 -3.5263e+00
14 0 +1.151280687e+05 +1.149578687e+05 +1.149578687e+05 -1.8235e+00 -1.7004e+00
35 0 +5.357906679e+04 +5.340886679e+04 +5.340886679e+04 -3.3866e+00 -1.1858e+00
62 0 +4.077069116e+04 +4.060049116e+04 +4.060049116e+04 -2.7916e+00 -1.1067e+00
63 0 +1.052906775e+04 +1.035886775e+04 +1.035886775e+04 -3.2879e+00 -1.1027e+00
64 0 +4.090545000e+03 +3.920345000e+03 +3.920345000e+03 -2.0627e+00 -2.0264e+00
79 0 +3.147185220e+03 +2.976985220e+03 +2.976985220e+03 -2.0871e+00 -1.8533e+00
81 0 +1.986625338e+02 +2.846253375e+01 +2.846253375e+01 -2.2841e+00 -1.7799e+00
93 0 +1.266757344e+02 -4.352426556e+01 -4.352426556e+01 -2.5077e+00 -1.6001e+00
111 0 +1.196213092e+02 -5.057869078e+01 -5.057869078e+01 -2.0480e+00 -1.9632e+00
121 0 +6.685028731e+01 -1.033497127e+02 -1.033497127e+02 -1.7830e+00 -2.1487e+00
122 0 +6.337027084e+01 -1.068297292e+02 -1.068297292e+02 -1.8537e+00 -2.1131e+00
124 0 +1.034364128e+01 -1.598563587e+02 -1.598563587e+02 -1.9991e+00 -1.9910e+00
137 0 +4.442292987e+00 -1.657577070e+02 -1.657577070e+02 -1.9333e+00 -2.0397e+00
146 0 +4.339781564e+00 -1.658602184e+02 -1.658602184e+02 -1.9888e+00 -1.9950e+00
251 0 +4.259608387e+00 -1.659403916e+02 -1.659403916e+02 -1.9737e+00 -2.0072e+00
273 0 +2.327053723e+00 -1.678729463e+02 -1.678729463e+02 -2.2745e+00 -1.7697e+00
281 0 +1.877358271e+00 -1.683226417e+02 -1.683226417e+02 -3.4645e+00 -8.3098e-01
291 0 +9.775410127e-01 -1.692224590e+02 -1.692224590e+02 -2.8014e+00 -1.3539e+00
296 0 +6.603812179e-01 -1.695396188e+02 -1.695396188e+02 -3.2350e+00 -1.0098e+00
320 0 +4.178012633e-01 -1.697821987e+02 -1.697821987e+02 -3.3991e+00 -8.8168e-01
326 0 +3.132781135e-01 -1.698867219e+02 -1.698867219e+02 -3.9525e+00 -4.4387e-01
328 0 +4.127759792e-02 -1.701587224e+02 -1.701587224e+02 -3.4072e+00 -8.7463e-01
331 0 +6.903626886e-03 -1.701930964e+02 -1.701930964e+02 -3.5156e+00 -7.8882e-01
374 0 +4.791214520e-03 -1.701952088e+02 -1.701952088e+02 -3.5141e+00 -7.9000e-01
391 0 +2.307386558e-04 -1.701997693e+02 -1.701997693e+02 -3.5545e+00 -7.5813e-01
424 0 +1.005823059e-04 -1.701998994e+02 -1.701998994e+02 -3.5514e+00 -7.6057e-01
456 0 +1.992757200e-05 -1.701999801e+02 -1.701999801e+02 -3.5586e+00 -7.5488e-01
485 0 +1.139795410e-05 -1.701999886e+02 -1.701999886e+02 -3.5565e+00 -7.5656e-01
489 0 +7.132403198e-06 -1.701999929e+02 -1.701999929e+02 -3.5576e+00 -7.5570e-01
498 0 +5.197088967e-06 -1.701999948e+02 -1.701999948e+02 -3.5590e+00 -7.5456e-01
% f evaluations | g evaluations | best noise-free fitness - Fopt (-4.697500000000e+02) + sum g_i+ | measured fitness | best measured fitness or single-digit g-values | x1 | x2...
1 0 +8.245768572e+06 +8.245298822e+06 +8.245298822e+06 +5.9671e-01 -3.8264e-02
3 0 +8.115054060e+06 +8.114584310e+06 +8.114584310e+06 -1.3415e-01 -1.3414e-01
6 0 +7.412769036e+06 +7.412299286e+06 +7.412299286e+06 -3.6342e-01 -3.6573e-01
7 0 +1.500548816e+06 +1.500079066e+06 +1.500079066e+06 +3.4196e-01 -1.8133e+00
13 0 +3.667836983e+05 +3.663139483e+05 +3.663139483e+05 +6.0477e-01 -3.5821e+00
25 0 +2.776556682e+04 +2.729581682e+04 +2.729581682e+04 +2.9723e+00 -2.8918e+00
46 0 +4.305448016e+03 +3.835698016e+03 +3.835698016e+03 +4.3507e+00 -2.6973e+00
53 0 +5.107027090e+01 -4.186797291e+02 -4.186797291e+02 +6.7705e-01 -2.9086e+00
80 0 +3.412558964e+01 -4.356244104e+02 -4.356244104e+02 +3.7998e-01 -2.9330e+00
108 0 +2.489354427e+01 -4.448564557e+02 -4.448564557e+02 +2.9726e-02 -2.9715e+00
142 0 +8.086021493e+00 -4.616639785e+02 -4.616639785e+02 +3.8177e-01 -2.9419e+00
158 0 +1.219924979e+00 -4.685300750e+02 -4.685300750e+02 -3.7757e-01 -3.0002e+00
171 0 +4.197234198e-01 -4.693302766e+02 -4.693302766e+02 +4.2043e-01 -2.9365e+00
187 0 +1.929065658e-01 -4.695570934e+02 -4.695570934e+02 +3.4484e-02 -2.9661e+00
197 0 +1.176639912e-01 -4.696323360e+02 -4.696323360e+02 -1.0936e-01 -2.9783e+00
204 0 +5.599722839e-02 -4.696940028e+02 -4.696940028e+02 -9.3589e-02 -2.9765e+00
220 0 +4.471173457e-02 -4.697052883e+02 -4.697052883e+02 -1.4984e-01 -2.9812e+00
230 0 +1.938095838e-03 -4.697480619e+02 -4.697480619e+02 +1.6064e-02 -2.9681e+00
277 0 +5.874955652e-04 -4.697494125e+02 -4.697494125e+02 +2.4039e-02 -2.9674e+00
282 0 +3.533965469e-06 -4.697499965e+02 -4.697499965e+02 +2.7320e-02 -2.9671e+00
374 0 +2.944296966e-06 -4.697499971e+02 -4.697499971e+02 +2.5181e-02 -2.9673e+00
390 0 +2.299243533e-06 -4.697499977e+02 -4.697499977e+02 +2.7725e-02 -2.9671e+00
391 0 +8.637790643e-07 -4.697499991e+02 -4.697499991e+02 +2.7252e-02 -2.9671e+00
404 0 +7.299279332e-07 -4.697499993e+02 -4.697499993e+02 +2.6798e-02 -2.9672e+00
424 0 +5.212813790e-07 -4.697499995e+02 -4.697499995e+02 +2.7106e-02 -2.9671e+00
425 0 +3.505348332e-07 -4.697499996e+02 -4.697499996e+02 +2.6987e-02 -2.9672e+00
427 0 +2.244004236e-07 -4.697499998e+02 -4.697499998e+02 +2.6875e-02 -2.9672e+00
428 0 +1.420253284e-07 -4.697499999e+02 -4.697499999e+02 +2.6723e-02 -2.9672e+00
449 0 +1.085480221e-07 -4.697499999e+02 -4.697499999e+02 +2.6612e-02 -2.9672e+00
456 0 +1.000636871e-07 -4.697499999e+02 -4.697499999e+02 +2.6713e-02 -2.9672e+00
459 0 +8.139170404e-08 -4.697499999e+02 -4.697499999e+02 +2.6402e-02 -2.9672e+00
460 0 +6.272244946e-08 -4.697499999e+02 -4.697499999e+02 +2.6498e-02 -2.9672e+00
466 0 +2.233275609e-08 -4.697500000e+02 -4.697500000e+02 +2.6270e-02 -2.9672e+00
467 0 +1.243074621e-08 -4.697500000e+02 -4.697500000e+02 +2.6374e-02 -2.9672e+00
497 0 +6.328093605e-09 -4.697500000e+02 -4.697500000e+02 +2.6384e-02 -2.9672e+00
% f evaluations | g evaluations | best noise-free fitness - Fopt (-5.191000000000e+01) + sum g_i+ | measured fitness | best measured fitness or single-digit g-values | x1 | x2...
1 0 +3.436335117e+06 +3.436283207e+06 +3.436283207e+06 +5.9671e-01 -3.8264e-02
2 0 +8.246892683e+04 +8.241701683e+04 +8.241701683e+04 +7.4769e-01 +1.6230e+00
12 0 +7.590753223e+04 +7.585562223e+04 +7.585562223e+04 -3.3476e-01 +1.1903e+00
17 0 +7.560373604e+04 +7.555182604e+04 +7.555182604e+04 +2.3358e+00 +2.2868e+00
30 0 +5.449834362e+04 +5.444643362e+04 +5.444643362e+04 +3.3945e+00 +2.7655e+00
32 0 +4.859735191e+04 +4.854544191e+04 +4.854544191e+04 +1.0250e+00 +1.8088e+00
39 0 +9.182049349e+03 +9.130139349e+03 +9.130139349e+03 +3.5594e+00 +2.9777e+00
42 0 +8.293229917e+02 +7.774129917e+02 +7.774129917e+02 +8.1288e-01 +1.9879e+00
54 0 +7.271378054e+02 +6.752278054e+02 +6.752278054e+02 +3.3522e+00 +3.0277e+00
75 0 +1.047265655e+02 +5.281656547e+01 +5.281656547e+01 +3.0869e+00 +2.8804e+00
109 0 +8.701067234e+00 -4.320893277e+01 -4.320893277e+01 +2.9351e+00 +2.8325e+00
132 0 +7.168559341e+00 -4.474144066e+01 -4.474144066e+01 +1.0930e+00 +2.0766e+00
167 0 +1.952394646e+00 -4.995760535e+01 -4.995760535e+01 +2.0610e+00 +2.4724e+00
188 0 +1.806906677e+00 -5.010309332e+01 -5.010309332e+01 +2.1667e+00 +2.5128e+00
191 0 +1.633086146e+00 -5.027691385e+01 -5.027691385e+01 +2.5286e+00 +2.6616e+00
200 0 +5.002360162e-01 -5.140976398e+01 -5.140976398e+01 +2.0434e+00 +2.4630e+00
201 0 +3.203807305e-01 -5.158961927e+01 -5.158961927e+01 +1.9334e+00 +2.4180e+00
206 0 +1.380723365e-01 -5.177192766e+01 -5.177192766e+01 +1.8739e+00 +2.3937e+00
219 0 +8.702374554e-02 -5.182297625e+01 -5.182297625e+01 +1.9398e+00 +2.4210e+00
224 0 +3.094833310e-02 -5.187905167e+01 -5.187905167e+01 +1.7695e+00 +2.3513e+00
231 0 +1.135048435e-02 -5.189864952e+01 -5.189864952e+01 +1.6175e+00 +2.2889e+00
291 0 +3.684731600e-03 -5.190631527e+01 -5.190631527e+01 +1.6585e+00 +2.3056e+00
303 0 +1.112404808e-04 -5.190988876e+01 -5.190988876e+01 +1.6659e+00 +2.3087e+00
377 0 +8.242164270e-05 -5.190991758e+01 -5.190991758e+01 +1.6779e+00 +2.3136e+00
378 0 +1.658890185e-05 -5.190998341e+01 -5.190998341e+01 +1.6790e+00 +2.3141e+00
430 0 +2.705922121e-06 -5.190999729e+01 -5.190999729e+01 +1.6746e+00 +2.3122e+00
456 0 +4.693941733e-07 -5.190999953e+01 -5.190999953e+01 +1.6762e+00 +2.3129e+00
% f evaluations | g evaluations | best noise-free fitness - Fopt (4.808000000000e+01) + sum g_i+ | measured fitness | best measured fitness or single-digit g-values | x1 | x2...
1 0 +5.615764987e+06 +5.615813067e+06 +5.615813067e+06 +5.9671e-01 -3.8264e-02
3 0 +2.416399942e+06 +2.416448022e+06 +2.416448022e+06 -1.3415e-01 -1.3414e-01
6 0 +1.987670930e+06 +1.987719010e+06 +1.987719010e+06 -3.6342e-01 -3.6573e-01
7 0 +5.093375953e+05 +5.093856753e+05 +5.093856753e+05 +3.4196e-01 -1.8133e+00
8 0 +1.875934708e+05 +1.876415508e+05 +1.876415508e+05 -1.6249e+00 -4.6229e-01
10 0 +1.269476945e+05 +1.269957745e+05 +1.269957745e+05 -8.0802e-01 -1.3123e+00
15 0 +3.534702320e+04 +3.539510320e+04 +3.539510320e+04 -4.9261e-01 -2.3186e+00
16 0 +9.498642237e+02 +9.979442237e+02 +9.979442237e+02 -1.1901e+00 -1.4127e+00
72 0 +3.313679519e+02 +3.794479519e+02 +3.794479519e+02 -2.8224e+00 +1.9879e-02
81 0 +4.679758421e+01 +9.487758421e+01 +9.487758421e+01 -2.3158e+00 -4.4808e-01
107 0 +2.195435865e+01 +7.003435865e+01 +7.003435865e+01 -2.1322e+00 -6.1587e-01
128 0 +1.777816316e+01 +6.585816316e+01 +6.585816316e+01 -1.7288e+00 -9.7459e-01
149 0 +1.013565702e+01 +5.821565702e+01 +5.821565702e+01 -7.1662e-01 -1.8805e+00
151 0 +9.297532807e+00 +5.737753281e+01 +5.737753281e+01 -1.2646e+00 -1.3912e+00
202 0 +8.395313578e+00 +5.647531358e+01 +5.647531358e+01 -1.1860e+00 -1.4598e+00
221 0 +8.238247525e+00 +5.631824752e+01 +5.631824752e+01 -1.1007e+00 -1.5367e+00
226 0 +7.952939500e+00 +5.603293950e+01 +5.603293950e+01 -1.0916e+00 -1.5443e+00
227 0 +7.828796093e+00 +5.590879609e+01 +5.590879609e+01 -1.0721e+00 -1.5615e+00
241 0 +7.488211854e+00 +5.556821185e+01 +5.556821185e+01 -9.8546e-01 -1.6382e+00
258 0 +5.624431173e+00 +5.370443117e+01 +5.370443117e+01 -6.3425e-01 -1.9498e+00
269 0 +2.811218262e+00 +5.089121826e+01 +5.089121826e+01 -3.3648e-01 -2.2153e+00
291 0 +2.631583901e+00 +5.071158390e+01 +5.071158390e+01 -3.0767e-01 -2.2418e+00
297 0 +1.980749864e+00 +5.006074986e+01 +5.006074986e+01 +3.6718e-02 -2.5481e+00
298 0 +1.416905592e+00 +4.949690559e+01 +4.949690559e+01 +8.7225e-01 -3.2924e+00
305 0 +1.017612097e+00 +4.909761210e+01 +4.909761210e+01 +4.0464e-01 -2.8739e+00
307 0 +5.188143166e-01 +4.859881432e+01 +4.859881432e+01 +4.9382e-01 -2.9545e+00
328 0 +4.735802978e-01 +4.855358030e+01 +4.855358030e+01 +5.0393e-01 -2.9633e+00
330 0 +2.606866637e-01 +4.834068666e+01 +4.834068666e+01 +8.2386e-01 -3.2472e+00
335 0 +2.062086391e-01 +4.828620864e+01 +4.828620864e+01 +1.2881e+00 -3.6609e+00
336 0 +1.479194803e-01 +4.822791948e+01 +4.822791948e+01 +1.2580e+00 -3.6340e+00
350 0 +9.532993236e-04 +4.808095330e+01 +4.808095330e+01 +9.8944e-01 -3.3951e+00
379 0 +7.674071087e-04 +4.808076741e+01 +4.808076741e+01 +9.8618e-01 -3.3922e+00
427 0 +1.647129103e-04 +4.808016471e+01 +4.808016471e+01 +9.8727e-01 -3.3931e+00
436 0 +1.477676417e-04 +4.808014777e+01 +4.808014777e+01 +9.7843e-01 -3.3853e+00
451 0 +1.352942919e-04 +4.808013529e+01 +4.808013529e+01 +9.7994e-01 -3.3866e+00
458 0 +5.273066754e-05 +4.808005273e+01 +4.808005273e+01 +9.8822e-01 -3.3940e+00
467 0 +5.643676317e-07 +4.808000056e+01 +4.808000056e+01 +9.8278e-01 -3.3891e+00
% f evaluations | g evaluations | best noise-free fitness - Fopt (3.058000000000e+01) + sum g_i+ | measured fitness | best measured fitness or single-digit g-values | x1 | x2...
1 0 +1.049272147e+07 +1.049275205e+07 +1.049275205e+07 +5.9671e-01 -3.8264e-02
3 0 +7.360288675e+06 +7.360319255e+06 +7.360319255e+06 -1.3415e-01 -1.3414e-01
5 0 +6.138883255e+06 +6.138913835e+06 +6.138913835e+06 -3.6947e-01 +6.4256e-01
8 0 +1.542934997e+06 +1.542965577e+06 +1.542965577e+06 -1.6249e+00 -4.6229e-01
11 0 +1.557840149e+05 +1.558145949e+05 +1.558145949e+05 -3.0025e+00 +2.3493e+00
14 0 +3.521196516e+03 +3.551776516e+03 +3.551776516e+03 -2.7095e+00 -5.0037e-01
90 0 +1.470847721e+03 +1.501427721e+03 +1.501427721e+03 -2.8264e+00 -9.9521e-01
104 0 +9.924564813e+01 +1.298256481e+02 +1.298256481e+02 -2.9802e+00 -4.5272e+00
127 0 +9.703722917e+00 +4.028372292e+01 +4.028372292e+01 -2.9469e+00 -4.0280e+00
162 0 +2.105544345e+00 +3.268554434e+01 +3.268554434e+01 -2.9053e+00 -3.2490e+00
177 0 +1.019545073e+00 +3.159954507e+01 +3.159954507e+01 -2.8766e+00 -2.7037e+00
178 0 +3.488911848e-01 +3.092889118e+01 +3.092889118e+01 -2.8625e+00 -2.4129e+00
195 0 +3.342247159e-01 +3.091422472e+01 +3.091422472e+01 -2.8551e+00 -2.2759e+00
198 0 +2.326091611e-01 +3.081260916e+01 +3.081260916e+01 -2.8580e+00 -2.3213e+00
221 0 +1.037068297e-01 +3.068370683e+01 +3.068370683e+01 -2.8455e+00 -2.0832e+00
249 0 +6.277467091e-02 +3.064277467e+01 +3.064277467e+01 -2.8408e+00 -1.9824e+00
262 0 +1.239923774e-02 +3.059239924e+01 +3.059239924e+01 -2.8289e+00 -1.7536e+00
287 0 +5.722722010e-03 +3.058572272e+01 +3.058572272e+01 -2.8370e+00 -1.9108e+00
321 0 +2.749320031e-03 +3.058274932e+01 +3.058274932e+01 -2.8324e+00 -1.8225e+00
324 0 +1.159475652e-03 +3.058115948e+01 +3.058115948e+01 -2.8362e+00 -1.8962e+00
330 0 +4.613367732e-06 +3.058000461e+01 +3.058000461e+01 -2.8345e+00 -1.8627e+00
439 0 +4.184410567e-06 +3.058000418e+01 +3.058000418e+01 -2.8344e+00 -1.8604e+00
456 0 +3.663586106e-06 +3.058000366e+01 +3.058000366e+01 -2.8344e+00 -1.8599e+00
457 0 +2.766865617e-06 +3.058000277e+01 +3.058000277e+01 -2.8343e+00 -1.8597e+00
470 0 +7.534058462e-07 +3.058000075e+01 +3.058000075e+01 -2.8344e+00 -1.8615e+00
479 0 +6.412570102e-07 +3.058000064e+01 +3.058000064e+01 -2.8344e+00 -1.8616e+00
496 0 +4.607493089e-07 +3.058000046e+01 +3.058000046e+01 -2.8344e+00 -1.8614e+00
497 0 +2.399982861e-07 +3.058000024e+01 +3.058000024e+01 -2.8344e+00 -1.8611e+00
% f evaluations | g evaluations | best noise-free fitness - Fopt (1.000000000000e+03) + sum g_i+ | measured fitness | best measured fitness or single-digit g-values | x1 | x2...
1 0 +1.289711176e+07 +1.289811176e+07 +1.289811176e+07 +5.9671e-01 -3.8264e-02
2 0 +1.245514809e+07 +1.245614809e+07 +1.245614809e+07 +7.4769e-01 +1.6230e+00
3 0 +8.479122188e+06 +8.480122188e+06 +8.480122188e+06 -1.3415e-01 -1.3414e-01
5 0 +7.364789971e+06 +7.365789971e+06 +7.365789971e+06 -3.6947e-01 +6.4256e-01
8 0 +2.069163509e+06 +2.070163509e+06 +2.070163509e+06 -1.6249e+00 -4.6229e-01
11 0 +1.170026047e+05 +1.180026047e+05 +1.180026047e+05 -3.5227e+00 -8.7356e-01
12 0 +1.716284245e+04 +1.816284245e+04 +1.816284245e+04 -3.3649e+00 -1.2914e+00
36 0 +3.459994995e+03 +4.459994995e+03 +4.459994995e+03 -3.4119e+00 -3.1417e+00
55 0 +2.518654356e+03 +3.518654356e+03 +3.518654356e+03 -3.1606e+00 -1.0438e+00
56 0 +8.110832246e+02 +1.811083225e+03 +1.811083225e+03 -3.3708e+00 -2.1425e+00
103 0 +2.143405802e+01 +1.021434058e+03 +1.021434058e+03 -3.0785e+00 +2.5836e-02
125 0 +6.739898626e+00 +1.006739899e+03 +1.006739899e+03 -2.6945e+00 +3.0972e+00
158 0 +7.664018347e-01 +1.000766402e+03 +1.000766402e+03 -2.5569e+00 +4.2376e+00
222 0 +4.791125349e-01 +1.000479113e+03 +1.000479113e+03 -2.7068e+00 +3.0142e+00
251 0 +7.628993321e-02 +1.000076290e+03 +1.000076290e+03 -2.6541e+00 +3.4430e+00
268 0 +3.959369672e-02 +1.000039594e+03 +1.000039594e+03 -2.6057e+00 +3.8369e+00
286 0 +4.664635843e-03 +1.000004665e+03 +1.000004665e+03 -2.6354e+00 +3.5965e+00
302 0 +8.053817961e-04 +1.000000805e+03 +1.000000805e+03 -2.6330e+00 +3.6157e+00
361 0 +1.602813319e-04 +1.000000160e+03 +1.000000160e+03 -2.6309e+00 +3.6327e+00
386 0 +1.229560431e-04 +1.000000123e+03 +1.000000123e+03 -2.6303e+00 +3.6377e+00
394 0 +7.713142088e-05 +1.000000077e+03 +1.000000077e+03 -2.6286e+00 +3.6514e+00
406 0 +7.182712852e-05 +1.000000072e+03 +1.000000072e+03 -2.6293e+00 +3.6453e+00
412 0 +3.203234951e-05 +1.000000032e+03 +1.000000032e+03 -2.6300e+00 +3.6401e+00
422 0 +8.119552263e-06 +1.000000008e+03 +1.000000008e+03 -2.6293e+00 +3.6453e+00
431 0 +4.186799742e-06 +1.000000004e+03 +1.000000004e+03 -2.6298e+00 +3.6415e+00
432 0 +1.752237949e-06 +1.000000002e+03 +1.000000002e+03 -2.6297e+00 +3.6422e+00
462 0 +1.093909532e-07 +1.000000000e+03 +1.000000000e+03 -2.6296e+00 +3.6432e+00
474 0 +4.875607829e-08 +1.000000000e+03 +1.000000000e+03 -2.6296e+00 +3.6434e+00
483 0 +3.477259725e-08 +1.000000000e+03 +1.000000000e+03 -2.6296e+00 +3.6431e+00
499 0 +6.311438483e-09 +1.000000000e+03 +1.000000000e+03 -2.6296e+00 +3.6431e+00
% f evaluations | g evaluations | best noise-free fitness - Fopt (-4.236000000000e+01) + sum g_i+ | measured fitness | best measured fitness or single-digit g-values | x1 | x2...
1 0 +4.768235204e+04 +4.763999204e+04 +4.763999204e+04 +5.9671e-01 -3.8264e-02
7 0 +9.580422792e+03 +9.538062792e+03 +9.538062792e+03 +3.4196e-01 -1.8133e+00
19 0 +4.665771608e+03 +4.623411608e+03 +4.623411608e+03 +9.6346e-01 +1.3536e-01
25 0 +7.144280866e+02 +6.720680866e+02 +6.720680866e+02 +6.2764e-01 -5.5590e-01
34 0 +2.240536220e+01 -1.995463780e+01 -1.995463780e+01 +3.9890e-01 -1.3348e+00
76 0 +1.212208959e+00 -4.114779104e+01 -4.114779104e+01 +4.8127e-01 -1.0708e+00
104 0 +6.273532520e-01 -4.173264675e+01 -4.173264675e+01 +4.2409e-01 -1.2475e+00
150 0 +2.322597421e-01 -4.212774026e+01 -4.212774026e+01 +4.3112e-01 -1.2249e+00
169 0 +1.045050364e-01 -4.225549496e+01 -4.225549496e+01 +4.8988e-01 -1.0487e+00
196 0 +7.824511826e-02 -4.228175488e+01 -4.228175488e+01 +4.9458e-01 -1.0343e+00
201 0 +2.332229116e-02 -4.233667771e+01 -4.233667771e+01 +5.3798e-01 -9.0349e-01
225 0 +2.207746959e-02 -4.233792253e+01 -4.233792253e+01 +5.8086e-01 -7.7548e-01
228 0 +3.106471976e-03 -4.235689353e+01 -4.235689353e+01 +5.8323e-01 -7.6804e-01
294 0 +1.128996105e-03 -4.235887100e+01 -4.235887100e+01 +5.8711e-01 -7.5630e-01
297 0 +3.244713578e-04 -4.235967553e+01 -4.235967553e+01 +5.7218e-01 -8.0110e-01
307 0 +1.406152953e-04 -4.235985938e+01 -4.235985938e+01 +5.7565e-01 -7.9063e-01
316 0 +5.194143078e-05 -4.235994806e+01 -4.235994806e+01 +5.7519e-01 -7.9202e-01
359 0 +4.377865679e-05 -4.235995622e+01 -4.235995622e+01 +5.7971e-01 -7.7848e-01
361 0 +9.860484717e-06 -4.235999014e+01 -4.235999014e+01 +5.7847e-01 -7.8218e-01
376 0 +1.084274892e-06 -4.235999892e+01 -4.235999892e+01 +5.7766e-01 -7.8462e-01
387 0 +6.244864394e-07 -4.235999938e+01 -4.235999938e+01 +5.7778e-01 -7.8428e-01
410 0 +1.509540226e-08 -4.235999998e+01 -4.235999998e+01 +5.7764e-01 -7.8469e-01
