% f evaluations | g evaluations | best noise-free fitness - Fopt (-5.494000000000e+01) + sum g_i+ | measured fitness | best measured fitness or single-digit g-values | x1 | x2...
1 0 +1.460747422e+07 +1.460741928e+07 +1.460741928e+07 +5.9671e-01 -3.8264e-02 +7.4769e-01 +1.6230e+00 -1.3415e-01 -1.3414e-01 +1.6792e+00 +8.6743e-01 -3.6947e-01 +6.4256e-01
3 0 +1.121714553e+07 +1.121709059e+07 +1.121709059e+07 +1.5656e+00 -1.2578e-01 +1.6753e-01 -1.3247e+00 -4.4438e-01 +2.1092e-01 -1.0510e+00 +4.7570e-01 -5.0064e-01 -1.9169e-01
6 0 +8.192074538e+06 +8.192019598e+06 +8.192019598e+06 +4.2408e-01 -2.8508e-01 -5.7692e-01 +7.1168e-01 +1.1310e+00 +1.0313e+00 -7.3922e-01 -2.0921e-01 +4.3126e-01 +1.0755e+00
13 0 +4.258209999e+06 +4.258155059e+06 +4.258155059e+06 +8.9103e-01 -8.0939e-01 +1.5028e+00 -1.3019e+00 +6.8686e-01 +2.2905e+00 -8.9054e-01 -4.6630e-01 +1.9965e-01 -4.0348e-01
24 0 +2.783131062e+06 +2.783076122e+06 +2.783076122e+06 -6.3037e-01 +3.1646e-01 +1.4557e-01 -5.5160e-01 +2.2439e+00 +7.3392e-01 -1.9251e+00 +2.8645e-01 -5.6179e-01 +9.5243e-01
51 0 +1.223293759e+05 +1.222744359e+05 +1.222744359e+05 +7.5631e-01 +1.7702e+00 +1.6938e+00 +1.5978e+00 +2.9511e+00 +2.4559e+00 -1.9415e+00 +3.0304e+00 +3.1797e+00 +6.7585e-01
111 0 +1.755256982e+04 +1.749762982e+04 +1.749762982e+04 -9.3140e-01 +1.7198e+00 -1.0065e+00 +2.9302e+00 +4.6427e+00 +1.5326e+00 -1.6832e+00 +3.7605e+00 +1.4658e+00 +1.9105e+00
889 0 +1.676494327e+04 +1.671000327e+04 +1.671000327e+04 +8.8061e-01 -1.6210e+00 -1.2420e-01 +3.6616e+00 +4.4459e+00 +1.5535e+00 -5.9033e-01 -8.6528e-01 -9.6264e-01 +2.7745e+00
1001 0 +6.216285292e+03 +6.161345292e+03 +6.161345292e+03 -1.0780e+00 -6.1188e-01 -5.9111e-01 +1.5698e+00 +2.7235e+00 +2.7801e+00 -3.6556e+00 +3.6067e-01 +1.3064e+00 +1.9796e+00
1222 0 +5.291411690e+03 +5.236471690e+03 +5.236471690e+03 -9.7701e-01 +1.2399e-01 -3.3492e-01 +2.1991e+00 +3.2271e+00 +2.0950e+00 -3.4905e+00 +9.2224e-01 +2.9880e+00 +6.1531e-01
1297 0 +4.532290157e+03 +4.477350157e+03 +4.477350157e+03 +7.7373e-02 +1.2235e-01 -6.8368e-02 +2.9910e+00 +3.8158e+00 +1.1280e+00 -2.3690e+00 +7.1177e-01 +1.8547e+00 +1.8810e+00
1465 0 +4.260411290e+03 +4.205471290e+03 +4.205471290e+03 +1.3865e+00 -5.6886e-01 +9.0647e-01 +2.8360e+00 +4.4345e+00 +1.0784e+00 -1.2162e+00 -4.4660e-01 +1.9319e+00 +2.1264e+00
1505 0 +3.511964517e+03 +3.457024517e+03 +3.457024517e+03 +6.4967e-02 -1.6043e-01 -5.0645e-02 +2.5868e+00 +4.1011e+00 +1.5528e+00 -2.1298e+00 +1.9436e-01 +1.4003e+00 +1.6996e+00
1578 0 +2.921610055e+03 +2.866670055e+03 +2.866670055e+03 -7.1905e-01 +2.1603e-01 +1.1757e-02 +2.1284e+00 +3.9344e+00 +1.5123e+00 -2.6300e+00 +3.1941e-01 +1.3147e+00 +1.7262e+00
1623 0 +2.758983255e+03 +2.704043255e+03 +2.704043255e+03 -1.6097e+00 +1.6479e-01 -5.6447e-01 +2.2724e+00 +3.3657e+00 +1.9338e+00 -3.1891e+00 +5.5364e-01 +5.5722e-01 +1.6368e+00
1666 0 +2.173543830e+03 +2.118603830e+03 +2.118603830e+03 -1.4451e+00 -4.5362e-03 -1.5507e+00 +2.8812e+00 +3.2174e+00 +2.4956e+00 -3.1616e+00 +1.4786e+00 +1.1754e-02 +2.3063e+00
1733 0 +2.020053932e+03 +1.965113932e+03 +1.965113932e+03 -2.1643e+00 +9.9909e-02 -1.6398e+00 +3.1417e+00 +3.1742e+00 +2.0705e+00 -3.4925e+00 +1.1045e+00 -8.9350e-02 +1.5454e+00
1741 0 +1.402692072e+03 +1.347752072e+03 +1.347752072e+03 -1.7905e+00 +7.6935e-01 -1.6668e+00 +2.5648e+00 +3.6420e+00 +1.5533e+00 -3.6191e+00 +1.6015e+00 +5.8300e-01 +2.3997e+00
1940 0 +1.331031610e+03 +1.276091610e+03 +1.276091610e+03 -3.3080e+00 +1.3373e+00 -2.2345e+00 +2.3208e+00 +3.7144e+00 +1.5812e+00 -4.2196e+00 +1.5832e+00 -3.2269e-01 +1.9791e+00
2006 0 +1.158409266e+03 +1.103469266e+03 +1.103469266e+03 -2.0621e+00 -1.8273e-01 -9.5364e-01 +3.0532e+00 +3.3025e+00 +2.3149e+00 -2.5186e+00 +9.7574e-01 -1.4145e+00 +1.8863e+00
2007 0 +8.724378168e+02 +8.174978168e+02 +8.174978168e+02 -1.6617e+00 +4.3121e-01 -2.3768e+00 +4.6106e+00 +4.1109e+00 +1.4825e+00 -2.0900e+00 +2.3538e+00 -1.6686e+00 +3.1425e+00
2100 0 +6.606817322e+02 +6.057417322e+02 +6.057417322e+02 -3.2128e+00 +1.7835e+00 -2.4612e+00 +2.9431e+00 +3.9480e+00 +1.4438e+00 -3.6557e+00 +2.7900e+00 -5.6382e-01 +2.1112e+00
2160 0 +2.277919345e+02 +1.728519345e+02 +1.728519345e+02 -3.5471e+00 +4.3591e-01 -2.3976e+00 +2.1247e+00 +2.7826e+00 +2.9193e+00 -4.3166e+00 +1.7442e+00 -1.4601e+00 +2.2179e+00
2406 0 +2.001897722e+02 +1.452497722e+02 +1.452497722e+02 -1.4605e+00 +7.9763e-01 -2.1962e+00 +3.1933e+00 +3.9111e+00 +1.5151e+00 -2.9432e+00 +2.1686e+00 -1.0195e+00 +3.7555e+00
% f evaluations | g evaluations | best noise-free fitness - Fopt (5.913000000000e+01) + sum g_i+ | measured fitness | best measured fitness or single-digit g-values | x1 | x2...
1 0 +3.495160974e+06 +3.495220104e+06 +3.495220104e+06 +5.9671e-01 -3.8264e-02 +7.4769e-01 +1.6230e+00 -1.3415e-01 -1.3414e-01 +1.6792e+00 +8.6743e-01 -3.6947e-01 +6.4256e-01
16 0 +2.958823033e+06 +2.958882163e+06 +2.958882163e+06 +3.5049e-01 +4.4645e-01 -5.8002e-01 +3.3225e-01 +3.9307e-01 -6.1435e-01 +1.9658e+00 +5.7383e-01 -1.0913e+00 +7.5655e-01
21 0 +4.778148433e+05 +4.778739733e+05 +4.778739733e+05 +4.5779e-01 +6.6078e-01 +1.1831e+00 +1.1538e+00 -1.2777e+00 -8.3783e-01 +6.1504e-01 +6.1379e-01 +6.1505e-01 +3.9527e+00
178 0 +4.199449502e+05 +4.200040802e+05 +4.200040802e+05 +3.6378e-01 -8.3076e-01 +2.6387e+00 +3.9061e+00 -3.6687e+00 +9.9653e-01 -7.8843e-01 +3.4795e+00 -8.5495e-01 +3.4680e+00
225 0 +2.094284778e+05 +2.094876078e+05 +2.094876078e+05 +9.3298e-01 -7.1469e-02 +7.5928e-03 +1.7557e+00 -4.7432e+00 -1.6789e+00 -1.4323e-01 +1.8682e+00 -1.4693e+00 +1.8018e+00
367 0 +2.049279479e+05 +2.049870779e+05 +2.049870779e+05 -1.6954e+00 -1.1217e-01 +5.2068e-01 +1.1980e+00 -2.4885e+00 -3.5126e+00 +7.9264e-02 -3.0753e-01 -4.1086e+00 +4.4472e+00
412 0 +1.090074298e+05 +1.090665598e+05 +1.090665598e+05 -2.5474e+00 -1.0174e+00 -1.2269e+00 +8.9302e-01 -5.1012e-01 -3.4849e+00 -1.7728e+00 +4.4075e+00 -2.3273e+00 +3.2188e+00
433 0 +8.271279339e+04 +8.277192339e+04 +8.277192339e+04 -1.1071e+00 +2.6159e+00 +1.7264e+00 -4.1185e+00 -6.4628e-01 -2.6469e+00 +6.8281e-01 +1.1140e+00 -4.1179e+00 +4.3168e+00
559 0 +8.071940068e+04 +8.077853068e+04 +8.077853068e+04 +2.1770e-01 -1.1202e-01 -1.4257e+00 +8.6260e-01 -3.4696e+00 -3.3837e+00 -1.3448e+00 +2.1512e+00 -2.4959e+00 +1.5506e+00
592 0 +5.502192635e+04 +5.508105635e+04 +5.508105635e+04 -2.9537e+00 +3.5029e+00 -2.9885e+00 -1.4439e+00 -2.7294e+00 -4.6677e-01 +1.1352e+00 -8.7327e-02 -2.9421e+00 +2.3725e+00
617 0 +4.746448875e+04 +4.752361875e+04 +4.752361875e+04 -1.6813e+00 +1.3720e+00 -9.2562e-01 +6.1927e-01 -2.0834e+00 -1.0330e+00 -9.4928e-01 +1.9621e+00 -4.4969e+00 +2.2448e+00
687 0 +4.323625930e+04 +4.329538930e+04 +4.329538930e+04 -3.0172e-01 +1.6674e+00 +4.1507e-02 -1.4566e+00 -3.4636e+00 -1.5401e+00 -2.2417e+00 +3.4198e+00 -4.7569e+00 +2.0557e+00
721 0 +2.679722669e+04 +2.685635669e+04 +2.685635669e+04 -2.2574e+00 +1.9640e+00 -1.2989e+00 -2.3942e-01 -3.8447e+00 -2.6202e+00 +1.3380e-01 +9.0794e-01 -3.2682e+00 +2.2428e+00
956 0 +2.139885408e+04 +2.145798408e+04 +2.145798408e+04 -2.9265e+00 +1.5230e+00 -5.9293e-01 +6.2801e-02 -2.6181e+00 -2.0155e+00 -5.6737e-01 +1.8294e+00 -3.3486e+00 +3.0893e+00
974 0 +1.141353055e+04 +1.147266055e+04 +1.147266055e+04 -4.1079e+00 +2.7022e+00 -3.1663e+00 -2.9376e-01 -2.4519e+00 +3.0087e-01 -1.1234e+00 +2.1420e+00 -8.7386e-01 +3.5087e+00
987 0 +7.270563709e+03 +7.329693709e+03 +7.329693709e+03 -2.3259e+00 +1.2191e+00 -3.0413e+00 +1.9550e-01 +2.9874e-01 +5.9391e-01 -6.4902e-01 +2.8078e+00 -4.7029e+00 +2.5353e+00
1160 0 +5.952720438e+03 +6.011850438e+03 +6.011850438e+03 -2.4500e+00 +1.6873e+00 -1.6508e+00 +4.4983e-01 -2.3066e+00 +7.8726e-01 -1.3667e+00 +2.6617e+00 -2.1294e+00 +3.3870e+00
1174 0 +5.435461846e+03 +5.494591846e+03 +5.494591846e+03 -2.3872e+00 +1.0266e+00 -2.1524e+00 +1.1990e+00 -1.6484e+00 +1.2953e-01 -1.6521e+00 +2.9365e+00 -2.8928e+00 +2.9075e+00
1193 0 +3.699788111e+03 +3.758918111e+03 +3.758918111e+03 -1.7793e+00 +1.5111e+00 -1.4932e+00 -2.9781e-01 -1.7322e+00 -5.0147e-01 -5.5959e-01 +1.7395e+00 -3.0674e+00 +3.2905e+00
1230 0 +3.465497063e+03 +3.524627063e+03 +3.524627063e+03 -2.3016e+00 +1.7942e+00 -1.1731e+00 +4.9242e-01 -3.5664e+00 -6.3990e-01 -9.9677e-01 +1.9082e+00 -2.5168e+00 +2.8206e+00
1304 0 +2.235784234e+03 +2.294914234e+03 +2.294914234e+03 -1.3140e+00 +1.0699e+00 -1.7229e+00 +1.0067e-01 -1.6232e+00 +7.1062e-01 -2.1698e+00 +3.1570e+00 -2.1959e+00 +3.6116e+00
1437 0 +1.234227542e+03 +1.293357542e+03 +1.293357542e+03 -1.6755e+00 +7.0254e-01 -1.6618e+00 +6.2253e-01 -2.1294e+00 +3.3281e-01 -3.4600e+00 +4.2414e+00 -1.7474e+00 +3.4568e+00
1549 0 +1.107082035e+03 +1.166212035e+03 +1.166212035e+03 -1.1411e+00 +7.3048e-01 -1.7940e+00 +1.6406e-01 -1.0797e+00 +4.1087e-01 -2.4102e+00 +3.2976e+00 -2.3643e+00 +3.7307e+00
1672 0 +5.316002314e+02 +5.907302314e+02 +5.907302314e+02 -1.1963e+00 +1.0339e+00 -1.7072e+00 +3.3920e-02 -1.2046e+00 +1.3345e+00 -2.8956e+00 +3.6933e+00 -2.2235e+00 +3.8492e+00
1768 0 +4.173940258e+02 +4.765240258e+02 +4.765240258e+02 -1.8412e+00 +1.3627e+00 -1.7383e+00 +3.1900e-01 -2.0149e+00 +1.8543e+00 -3.3509e+00 +3.9763e+00 -1.0283e+00 +4.0957e+00
1884 0 +2.135456190e+02 +2.726756190e+02 +2.726756190e+02 -1.4743e+00 +1.1249e+00 -1.6937e+00 +4.2101e-01 -2.3568e+00 +1.0861e+00 -3.2908e+00 +4.0871e+00 -2.1021e+00 +3.2547e+00
2159 0 +1.818881510e+02 +2.410181510e+02 +2.410181510e+02 -2.1647e+00 +1.5525e+00 -2.1083e+00 +3.2729e-01 -2.3047e+00 +1.5897e+00 -3.1140e+00 +3.8432e+00 -1.3082e+00 +3.6325e+00
2161 0 +1.028542438e+02 +1.619842438e+02 +1.619842438e+02 -2.0457e+00 +1.7492e+00 -1.7099e+00 +1.2605e-01 -2.6659e+00 +1.5724e+00 -3.1160e+00 +3.9112e+00 -1.7622e+00 +3.4085e+00
2487 0 +8.168032829e+01 +1.408103283e+02 +1.408103283e+02 -1.4809e+00 +1.3264e+00 -1.6358e+00 +1.5047e-01 -2.4314e+00 +1.6668e+00 -3.7964e+00 +4.4382e+00 -1.6632e+00 +3.5486e+00
% f evaluations | g evaluations | best noise-free fitness - Fopt (-4.915300000000e+02) + sum g_i+ | measured fitness | best measured fitness or single-digit g-values | x1 | x2...
1 0 +9.446087697e+06 +9.445596167e+06 +9.445596167e+06 +5.9671e-01 -3.8264e-02 +7.4769e-01 +1.6230e+00 -1.3415e-01 -1.3414e-01 +1.6792e+00 +8.6743e-01 -3.6947e-01 +6.4256e-01
2 0 +5.127909550e+05 +5.122994250e+05 +5.122994250e+05 -3.6342e-01 -3.6573e-01 +3.4196e-01 -1.8133e+00 -1.6249e+00 -4.6229e-01 -9.1283e-01 +4.1425e-01 -8.0802e-01 -1.3123e+00
59 0 +2.664712104e+05 +2.659796804e+05 +2.659796804e+05 +8.2080e-01 +1.8532e-01 -1.8082e+00 -1.0944e+00 -1.4481e+00 -9.9547e-01 -1.6191e+00 +7.0035e-01 +2.5745e-01 -2.7180e+00
109 0 +1.513936248e+05 +1.509020948e+05 +1.509020948e+05 +2.9141e-01 -1.2496e+00 -2.7865e+00 -2.0939e+00 -1.5640e+00 -9.2170e-01 -3.2578e+00 +2.0299e+00 +8.0288e-01 -1.1175e+00
207 0 +1.097265544e+05 +1.092350244e+05 +1.092350244e+05 +3.5439e+00 -1.9950e+00 -1.5610e+00 -2.9642e-01 -2.7667e+00 -2.8598e+00 -1.3320e+00 +2.8501e+00 +1.9872e+00 -2.7382e+00
313 0 +8.365300388e+04 +8.316147388e+04 +8.316147388e+04 +2.0914e-01 -1.8407e+00 -1.7801e+00 -8.7769e-02 -1.0732e+00 -4.0886e+00 -9.0356e-01 +2.5766e+00 +6.6404e-01 -7.9633e-01
357 0 +7.374651278e+04 +7.325498278e+04 +7.325498278e+04 -3.6476e+00 -2.6462e+00 -3.5518e+00 -3.2611e+00 +1.3592e+00 -3.0062e+00 -1.9810e+00 +7.7917e-01 +1.5234e+00 +3.9295e-01
389 0 +2.676301534e+04 +2.627148534e+04 +2.627148534e+04 +2.2051e+00 -4.1272e-01 -7.9275e-01 -5.7544e-01 -1.3099e+00 -3.8187e+00 -4.9550e-01 +2.1719e+00 +9.6343e-01 -1.3189e+00
502 0 +2.589594420e+04 +2.540441420e+04 +2.540441420e+04 -7.2449e-01 -2.5388e+00 -2.8431e+00 +1.9516e-01 -2.0311e+00 -2.3150e+00 -2.4088e+00 +1.0228e+00 -2.6343e+00 -1.2045e+00
504 0 +2.052661064e+04 +2.003508064e+04 +2.003508064e+04 -5.3300e-01 -1.3925e+00 -2.8594e+00 -9.7793e-01 -1.6122e-01 -3.8455e+00 -1.3864e+00 +2.2982e+00 +9.2046e-01 -1.1279e+00
711 0 +1.902205231e+04 +1.853052231e+04 +1.853052231e+04 -2.0439e-01 -1.9126e+00 -2.2548e+00 -1.2038e+00 +5.2705e-01 -3.4360e+00 -2.1119e-01 +1.3508e+00 -6.6699e-01 -1.4347e+00
715 0 +1.883737009e+04 +1.834584009e+04 +1.834584009e+04 -9.8446e-02 -1.9412e+00 -1.9431e+00 -9.7184e-01 -1.6134e+00 -3.1493e+00 -1.6832e+00 +1.9451e+00 +4.7888e-01 -1.1938e+00
720 0 +1.606754426e+04 +1.557601426e+04 +1.557601426e+04 +9.8807e-01 +5.5138e-01 -3.0489e+00 -4.1008e-01 -1.9136e+00 -3.5077e+00 -1.2774e+00 +3.0277e+00 -9.9995e-01 -1.5212e+00
756 0 +1.272905963e+04 +1.223752963e+04 +1.223752963e+04 +1.0794e+00 -9.3742e-01 -2.4211e+00 +2.5137e-01 -1.3390e+00 -3.5416e+00 -1.2133e+00 +2.3911e+00 +3.5968e-01 -2.3876e+00
827 0 +6.151951143e+03 +5.660421143e+03 +5.660421143e+03 +8.4477e-01 -1.1953e+00 -2.3737e+00 +3.9288e-02 -1.5630e+00 -3.0750e+00 -1.9145e+00 +2.4877e+00 +5.3980e-02 -1.3163e+00
967 0 +4.838879358e+03 +4.347349358e+03 +4.347349358e+03 -8.9016e-02 -1.6344e+00 -1.6675e+00 -1.4335e+00 +1.6692e+00 -3.3197e+00 -8.1916e-01 +9.6743e-01 +2.6826e-02 +2.8909e-01
989 0 +2.143761986e+03 +1.652231986e+03 +1.652231986e+03 -2.2202e-01 -1.0719e+00 -2.0838e+00 -8.0653e-01 -8.2010e-01 -3.5265e+00 -5.4417e-01 +1.9177e+00 -1.3412e+00 -1.2492e+00
1352 0 +1.639504620e+03 +1.147974620e+03 +1.147974620e+03 -7.5755e-01 -1.9195e+00 -2.4864e+00 -4.9786e-01 -1.1860e+00 -2.9909e+00 -1.4944e+00 +1.5249e+00 -9.9180e-01 -1.4752e+00
1455 0 +1.534134989e+03 +1.042604989e+03 +1.042604989e+03 -8.6170e-01 -2.7343e+00 -2.4118e+00 -1.7236e-01 +5.6337e-01 -2.7140e+00 -1.5949e+00 +5.2523e-01 -1.7038e+00 -6.5368e-01
1480 0 +1.520706270e+03 +1.029176270e+03 +1.029176270e+03 -6.1291e-01 -1.5525e+00 -2.4148e+00 -6.8547e-01 -2.4819e-01 -3.2845e+00 -9.9719e-01 +1.4730e+00 -9.2577e-01 -1.2846e+00
1482 0 +1.004838498e+03 +5.133084983e+02 +5.133084983e+02 +2.0447e-01 -2.0029e+00 -2.5358e+00 +1.0305e-02 -1.4478e+00 -2.6903e+00 -2.0185e+00 +1.6855e+00 -2.3271e-01 -1.7617e+00
1627 0 +7.548106886e+02 +2.632806886e+02 +2.632806886e+02 -1.0184e+00 -2.0822e+00 -2.2251e+00 -6.6675e-01 +1.5958e-01 -3.3903e+00 -6.2043e-01 +9.7651e-01 -1.3775e+00 -1.3164e+00
1652 0 +6.211043748e+02 +1.295743748e+02 +1.295743748e+02 -4.0402e-01 -9.5909e-01 -2.4665e+00 -3.0416e-01 -1.4566e+00 -3.5289e+00 -7.3329e-01 +2.1036e+00 -1.7043e+00 -1.7694e+00
1667 0 +3.467594121e+02 -1.447705879e+02 -1.447705879e+02 -5.2506e-01 -1.6441e+00 -2.1673e+00 -3.2412e-01 -1.1230e+00 -3.3304e+00 -5.4927e-01 +1.4304e+00 -1.5585e+00 -2.1292e+00
1830 0 +2.367295339e+02 -2.548004661e+02 -2.548004661e+02 -6.6969e-01 -2.9296e-01 -2.5958e+00 -7.5225e-01 -1.4273e+00 -3.6434e+00 -5.9004e-01 +2.4689e+00 -1.8158e+00 -1.3998e+00
2048 0 +1.925218003e+02 -2.990081997e+02 -2.990081997e+02 -5.3135e-01 -8.3597e-01 -2.4574e+00 -7.6896e-01 -9.2273e-01 -3.4591e+00 -6.5558e-01 +1.9965e+00 -1.4490e+00 -1.4420e+00
2154 0 +1.775095691e+02 -3.140204309e+02 -3.140204309e+02 -5.6373e-02 -3.5452e-01 -2.6266e+00 -4.3752e-01 -1.3944e+00 -3.4898e+00 -8.0089e-01 +2.4098e+00 -1.8820e+00 -1.4275e+00
2185 0 +1.633499911e+02 -3.281800089e+02 -3.281800089e+02 -7.7157e-01 +4.9378e-01 -2.8542e+00 -1.0037e+00 -1.4777e+00 -3.9524e+00 -2.3228e-01 +2.9357e+00 -2.3299e+00 -1.2760e+00
2197 0 +1.175761878e+02 -3.739538122e+02 -3.739538122e+02 -8.8337e-01 +4.0608e-01 -2.7263e+00 -9.6824e-01 -1.3404e+00 -4.1012e+00 -9.6497e-03 +2.8402e+00 -2.2933e+00 -1.3969e+00
2265 0 +1.120287225e+02 -3.795012775e+02 -3.795012775e+02 -7.0225e-01 -3.7642e-01 -2.6801e+00 -6.4296e-01 -1.5693e+00 -3.7213e+00 -3.6787e-01 +2.4238e+00 -1.9690e+00 -1.9119e+00
2329 0 +1.118913124e+02 -3.796386876e+02 -3.796386876e+02 -6.8571e-01 -4.7032e-01 -2.8737e+00 -6.1568e-01 -1.1485e+00 -3.5866e+00 -4.0580e-01 +2.1737e+00 -2.3560e+00 -1.8557e+00
2368 0 +1.042082952e+02 -3.873217048e+02 -3.873217048e+02 -7.4908e-01 -6.3350e-01 -2.4709e+00 -7.5240e-01 -1.2909e+00 -3.7355e+00 -2.4199e-01 +2.1649e+00 -1.6827e+00 -1.9269e+00
2376 0 +9.617702706e+01 -3.953529729e+02 -3.953529729e+02 -8.2062e-01 -3.5339e-01 -2.6612e+00 -6.7502e-01 -9.6542e-01 -3.8582e+00 +8.2929e-02 +2.0945e+00 -2.5928e+00 -1.9224e+00
2390 0 +7.796424954e+01 -4.135657505e+02 -4.135657505e+02 -8.9088e-01 -3.6332e-01 -2.7852e+00 -7.5185e-01 -1.0019e+00 -3.6893e+00 -2.3278e-01 +2.1690e+00 -2.4976e+00 -1.6518e+00
2404 0 +4.298649266e+01 -4.485435073e+02 -4.485435073e+02 -8.4576e-01 -2.2564e-01 -2.5148e+00 -8.6472e-01 -1.0237e+00 -3.9229e+00 -1.4714e-02 +2.2991e+00 -2.1622e+00 -1.5550e+00
% f evaluations | g evaluations | best noise-free fitness - Fopt (-1.702000000000e+02) + sum g_i+ | measured fitness | best measured fitness or single-digit g-values | x1 | x2...
1 0 +7.984198779e+06 +7.984028579e+06 +7.984028579e+06 +5.9671e-01 -3.8264e-02 +7.4769e-01 +1.6230e+00 -1.3415e-01 -1.3414e-01 +1.6792e+00 +8.6743e-01 -3.6947e-01 +6.4256e-01
18 0 +5.809193070e+06 +5.809022870e+06 +5.809022870e+06 -7.8951e-01 -7.1581e-01 +2.2898e-02 +4.4115e-01 +3.7669e-01 +9.2718e-01 +1.1300e-01 +1.5535e+00 -1.6466e-01 +2.8202e+00
51 0 +5.583666529e+05 +5.581964529e+05 +5.581964529e+05 +1.5227e+00 +4.9942e-01 -1.8006e+00 +2.9734e+00 +2.2188e+00 -7.1190e-01 -1.0736e+00 +1.9990e+00 +5.2035e-01 +4.6344e+00
52 0 +3.065748948e+05 +3.064046948e+05 +3.064046948e+05 -4.8919e-02 +3.1739e-01 +8.9001e-01 +2.7875e+00 +3.0776e+00 +1.4967e+00 +8.0094e-01 -5.3224e-01 +1.7228e+00 +2.2378e+00
173 0 +2.396990040e+05 +2.395288040e+05 +2.395288040e+05 -4.7768e-01 +2.2122e-01 +2.8727e+00 +3.0571e+00 +1.2813e+00 +2.6582e+00 +3.6059e+00 +3.1177e+00 -3.0726e-01 -6.7562e-01
337 0 +1.237120982e+05 +1.235418982e+05 +1.235418982e+05 +1.7266e+00 -1.9152e+00 +1.7041e+00 +3.4709e+00 -1.1611e+00 +3.9102e+00 +1.8792e+00 +2.8766e+00 +1.2861e+00 +2.6346e+00
559 0 +1.069819025e+05 +1.068117025e+05 +1.068117025e+05 +4.1908e+00 -1.6465e+00 -6.8277e-02 +3.6085e+00 +1.8173e+00 +3.7406e+00 +1.6858e+00 -2.4158e+00 +3.3343e+00 +2.7970e+00
573 0 +5.528792611e+04 +5.511772611e+04 +5.511772611e+04 -7.3285e-01 -1.7772e+00 +3.6350e+00 +4.2161e+00 +1.5091e+00 +2.7605e-01 +2.5490e+00 +3.7462e-01 +1.2672e+00 +3.0476e+00
683 0 +5.181727234e+04 +5.164707234e+04 +5.164707234e+04 +1.6911e+00 -2.4065e+00 -5.0469e-01 +4.0950e+00 +4.8254e-01 +1.8707e+00 +2.0928e+00 +1.3470e+00 -1.9845e-01 +2.9325e+00
701 0 +5.160916975e+04 +5.143896975e+04 +5.143896975e+04 -4.1642e-01 -6.1424e-01 +1.7115e+00 +3.3903e+00 +1.6386e+00 +5.6552e-01 +1.3369e+00 +1.0762e+00 +9.4307e-01 +3.5649e+00
721 0 +4.235361723e+04 +4.218341723e+04 +4.218341723e+04 -5.9070e-01 -9.5673e-01 +1.9544e+00 +4.7377e+00 +2.3058e+00 +1.3753e+00 +6.2444e-01 +1.4957e+00 -2.0709e+00 +6.6192e-01
767 0 +3.426788892e+04 +3.409768892e+04 +3.409768892e+04 +2.4571e-01 -9.2187e-01 +1.1290e+00 +3.7273e+00 +2.1256e+00 +1.1844e+00 -1.1173e+00 +1.0142e+00 +4.1339e-02 +3.1135e+00
832 0 +1.350869293e+04 +1.333849293e+04 +1.333849293e+04 -1.7477e+00 -1.1181e+00 +5.0277e-01 +3.4930e+00 +2.2581e+00 -5.8289e-01 +2.9493e+00 +2.1064e+00 -8.8437e-01 +3.2636e+00
1103 0 +7.477395534e+03 +7.307195534e+03 +7.307195534e+03 -2.0907e+00 -1.7608e+00 +1.0955e+00 +3.3307e+00 +2.6452e+00 -5.3899e-01 +7.2449e-01 +2.0992e+00 -2.0266e+00 +3.5588e+00
1166 0 +3.359270788e+03 +3.189070788e+03 +3.189070788e+03 -1.4160e+00 -2.6998e+00 +7.2284e-01 +2.9137e+00 +2.0271e+00 -7.3831e-01 +3.0393e+00 +2.3694e+00 -2.7664e+00 +3.7100e+00
1548 0 +3.220941566e+03 +3.050741566e+03 +3.050741566e+03 -1.9756e+00 -2.6452e+00 +6.2531e-01 +3.4238e+00 +2.3453e+00 -9.1144e-01 +4.8922e-01 +2.6031e+00 -3.4932e+00 +3.9125e+00
1555 0 +3.080898172e+03 +2.910698172e+03 +2.910698172e+03 -1.9749e+00 -1.3677e+00 -2.1450e-01 +3.4984e+00 +2.3871e+00 -6.8627e-01 +1.8083e+00 +2.5358e+00 -1.8876e+00 +3.5689e+00
1591 0 +3.040752630e+03 +2.870552630e+03 +2.870552630e+03 -1.3934e+00 -2.3449e+00 -2.2858e-01 +3.3083e+00 +2.6507e+00 -4.6327e-01 +1.5105e+00 +1.9976e+00 -2.5946e+00 +3.6621e+00
1594 0 +2.390039881e+03 +2.219839881e+03 +2.219839881e+03 -1.9670e+00 -2.3994e+00 +6.8592e-01 +3.2826e+00 +2.7222e+00 -9.5439e-01 +8.0551e-01 +2.6352e+00 -3.7946e+00 +3.3931e+00
1614 0 +2.200460599e+03 +2.030260599e+03 +2.030260599e+03 -2.3854e+00 -1.2219e+00 +1.4705e-01 +3.4962e+00 +3.2943e+00 -1.0770e+00 +2.1267e+00 +2.4225e+00 -3.2431e+00 +2.5626e+00
1630 0 +1.535778961e+03 +1.365578961e+03 +1.365578961e+03 -2.4781e+00 -1.9154e+00 +4.0263e-01 +3.5730e+00 +2.7578e+00 -1.5150e+00 +1.6360e+00 +2.5352e+00 -3.3779e+00 +3.5314e+00
1663 0 +1.445577996e+03 +1.275377996e+03 +1.275377996e+03 -2.6120e+00 -2.4328e+00 +1.0621e+00 +3.2782e+00 +2.5904e+00 -1.5792e+00 +2.4685e+00 +2.4272e+00 -3.2904e+00 +3.7790e+00
1713 0 +1.122966995e+03 +9.527669946e+02 +9.527669946e+02 -3.3854e+00 -3.1220e+00 +1.5921e+00 +2.9856e+00 +2.6003e+00 -2.3610e+00 +1.9882e+00 +2.9944e+00 -4.5715e+00 +4.3166e+00
1717 0 +8.510420779e+02 +6.808420779e+02 +6.808420779e+02 -3.5427e+00 -2.2905e+00 +9.3442e-01 +2.8705e+00 +3.2104e+00 -2.4696e+00 +1.9331e+00 +3.0466e+00 -4.5768e+00 +3.9041e+00
1861 0 +7.582147468e+02 +5.880147468e+02 +5.880147468e+02 -2.7426e+00 -2.2306e+00 +2.9324e-01 +3.2462e+00 +3.1149e+00 -1.6814e+00 +1.9283e+00 +2.9504e+00 -4.6597e+00 +3.1911e+00
1915 0 +5.541144229e+02 +3.839144229e+02 +3.839144229e+02 -3.4414e+00 -2.3674e+00 +5.8090e-01 +2.3919e+00 +3.7367e+00 -2.4768e+00 +3.2057e+00 +2.6472e+00 -4.6500e+00 +3.6132e+00
1937 0 +5.322353304e+02 +3.620353304e+02 +3.620353304e+02 -4.0895e+00 -2.0352e+00 +3.0164e-01 +2.9671e+00 +2.8704e+00 -2.7506e+00 +2.3572e+00 +3.4345e+00 -3.9580e+00 +4.5276e+00
1980 0 +3.644056581e+02 +1.942056581e+02 +1.942056581e+02 -4.3148e+00 -2.2835e+00 +1.2956e+00 +3.0757e+00 +2.8190e+00 -2.8512e+00 +1.8815e+00 +3.2684e+00 -3.9757e+00 +4.5797e+00
2079 0 +3.531596730e+02 +1.829596730e+02 +1.829596730e+02 -3.8627e+00 -1.9933e+00 +5.0433e-01 +2.8016e+00 +3.4243e+00 -2.5614e+00 +2.2569e+00 +3.1437e+00 -4.4081e+00 +3.8429e+00
2103 0 +3.149333263e+02 +1.447333263e+02 +1.447333263e+02 -3.4962e+00 -2.8539e+00 +1.4400e+00 +2.6089e+00 +3.3717e+00 -2.5351e+00 +3.1959e+00 +2.6224e+00 -4.9006e+00 +3.7180e+00
2120 0 +2.608970846e+02 +9.069708456e+01 +9.069708456e+01 -4.4855e+00 -2.5363e+00 +1.0892e+00 +2.6108e+00 +3.4441e+00 -3.1425e+00 +2.2015e+00 +3.2273e+00 -4.8629e+00 +4.4685e+00
2177 0 +1.714808809e+02 +1.280880879e+00 +1.280880879e+00 -2.9673e+00 -2.2604e+00 +2.4464e-01 +2.9307e+00 +3.0502e+00 -1.8836e+00 +1.9706e+00 +2.8428e+00 -3.9099e+00 +3.9374e+00
2325 0 +1.467090088e+02 -2.349099118e+01 -2.349099118e+01 -3.8487e+00 -2.0405e+00 +6.1233e-01 +3.1078e+00 +3.1013e+00 -2.5517e+00 +1.7667e+00 +3.3080e+00 -4.4651e+00 +3.9943e+00
2327 0 +1.404712574e+02 -2.972874265e+01 -2.972874265e+01 -3.6365e+00 -2.1794e+00 +1.1290e+00 +2.9571e+00 +3.3330e+00 -2.4309e+00 +2.4582e+00 +2.9092e+00 -4.5793e+00 +3.5277e+00
2415 0 +1.064041752e+02 -6.379582476e+01 -6.379582476e+01 -4.1015e+00 -1.4684e+00 +2.9959e-01 +3.1427e+00 +3.5240e+00 -2.6517e+00 +1.9851e+00 +3.3139e+00 -4.4836e+00 +3.5528e+00
% f evaluations | g evaluations | best noise-free fitness - Fopt (-4.697500000000e+02) + sum g_i+ | measured fitness | best measured fitness or single-digit g-values | x1 | x2...
1 0 +1.777962218e+06 +1.777492468e+06 +1.777492468e+06 +5.9671e-01 -3.8264e-02 +7.4769e-01 +1.6230e+00 -1.3415e-01 -1.3414e-01 +1.6792e+00 +8.6743e-01 -3.6947e-01 +6.4256e-01
3 0 +1.335109417e+06 +1.334639667e+06 +1.334639667e+06 +1.5656e+00 -1.2578e-01 +1.6753e-01 -1.3247e+00 -4.4438e-01 +2.1092e-01 -1.0510e+00 +4.7570e-01 -5.0064e-01 -1.9169e-01
6 0 +1.000638686e+06 +1.000168936e+06 +1.000168936e+06 +4.2408e-01 -2.8508e-01 -5.7692e-01 +7.1168e-01 +1.1310e+00 +1.0313e+00 -7.3922e-01 -2.0921e-01 +4.3126e-01 +1.0755e+00
28 0 +6.563094980e+05 +6.558397480e+05 +6.558397480e+05 +1.5413e+00 -1.3359e+00 +1.2632e+00 +1.1023e-01 -8.8151e-01 +5.6210e-01 +2.9906e-01 -5.0022e-01 +1.6980e-01 -2.8531e-01
57 0 +2.969864322e+05 +2.965166822e+05 +2.965166822e+05 +9.9522e-01 -2.4160e+00 +9.6545e-01 +5.8012e-01 -1.7352e-02 +5.7032e-01 -4.5004e-01 -3.2357e-01 +7.5400e-01 +4.6943e-01
156 0 +2.897346160e+05 +2.892648660e+05 +2.892648660e+05 +2.5760e+00 -1.1389e+00 +7.5611e-01 +1.3168e+00 +1.2581e+00 +1.2317e+00 +2.6097e-01 +1.3915e+00 +1.7444e+00 +1.4703e+00
196 0 +2.735667929e+05 +2.730970429e+05 +2.730970429e+05 +8.3451e-01 -2.4305e+00 +7.2041e-02 +1.6553e+00 -7.9110e-01 -5.1893e-01 -2.0091e+00 +1.4766e-01 -1.1397e+00 +7.9138e-01
197 0 +2.634645714e+05 +2.629948214e+05 +2.629948214e+05 -7.4104e-01 -4.3071e+00 +1.7074e+00 +5.4798e-01 -1.5176e-01 +4.7313e-01 -1.0842e+00 -1.9692e+00 -3.7391e-01 +7.4651e-01
228 0 +8.468031507e+04 +8.421056507e+04 +8.421056507e+04 +1.2905e+00 -4.1570e+00 -5.0356e-01 -1.3174e-01 -4.8538e-01 +2.9071e+00 -1.9156e+00 -1.1006e+00 -7.0821e-02 +7.2992e-01
267 0 +7.931916757e+04 +7.884941757e+04 +7.884941757e+04 +2.9925e-01 -3.3925e+00 -3.1814e-01 +1.4833e+00 -1.3245e+00 +1.9291e+00 -2.2306e+00 -1.2658e+00 -1.7397e+00 +1.0330e+00
376 0 +7.049724071e+04 +7.002749071e+04 +7.002749071e+04 -8.4462e-01 -4.8914e+00 +1.3390e-02 +2.0174e+00 -8.8152e-01 +1.1195e+00 -1.8483e+00 -1.1893e+00 -4.6644e-01 +1.6474e+00
412 0 +5.238001667e+04 +5.191026667e+04 +5.191026667e+04 +1.6443e-01 -2.9850e+00 +1.2854e+00 +2.7798e+00 -3.9539e-01 +1.3405e+00 +2.1169e-01 +1.6183e+00 -4.0994e-01 +1.0705e+00
425 0 +5.202668194e+04 +5.155693194e+04 +5.155693194e+04 +1.8092e+00 -2.7120e+00 -1.0434e-01 +3.4933e-01 -1.5556e-01 +2.4791e+00 -7.3360e-01 +8.0094e-01 +8.5274e-01 +7.5295e-01
464 0 +3.795280432e+04 +3.748305432e+04 +3.748305432e+04 +1.5237e+00 -1.4556e+00 -3.0106e-01 +1.4263e+00 +4.9119e-01 +3.7729e+00 -2.0807e+00 +9.1232e-01 -2.1572e+00 +1.6755e+00
526 0 +3.145270851e+04 +3.098295851e+04 +3.098295851e+04 +1.0573e+00 -2.6264e+00 +2.1864e+00 +1.0871e+00 -5.8439e-01 +1.6121e+00 +1.0518e+00 +2.5280e+00 +1.7829e+00 +2.4868e+00
569 0 +3.051332739e+04 +3.004357739e+04 +3.004357739e+04 +1.6039e+00 -2.5414e+00 +3.3461e-01 -5.5975e-01 -3.3917e-01 +2.7174e+00 -3.2884e+00 +2.1584e-01 -1.1051e+00 +2.6395e+00
613 0 +2.827129889e+04 +2.780154889e+04 +2.780154889e+04 +1.3939e+00 -2.7153e+00 +2.6008e+00 -1.8652e-01 +5.8502e-01 +2.6624e+00 -3.0690e-01 +2.9868e+00 +1.5032e+00 +2.9288e+00
658 0 +2.267658325e+04 +2.220683325e+04 +2.220683325e+04 +8.1212e-01 -2.9105e+00 +3.6270e+00 +2.6794e+00 -1.2908e+00 +1.4630e+00 +2.8529e+00 +2.2909e+00 +1.7621e+00 +2.9519e+00
674 0 +5.879760347e+03 +5.410010347e+03 +5.410010347e+03 +1.2698e+00 -2.3411e+00 +2.5635e+00 +3.3128e-01 +6.0282e-01 +2.2711e+00 +9.5894e-01 +3.5752e+00 +1.9703e+00 +2.4014e+00
896 0 +5.102761780e+03 +4.633011780e+03 +4.633011780e+03 +4.7504e-01 -2.5945e+00 +3.6692e+00 +1.3073e+00 -2.7960e-01 +2.9041e+00 +1.0735e+00 +1.0238e+00 +6.1068e-01 +3.3491e+00
1100 0 +3.905867736e+03 +3.436117736e+03 +3.436117736e+03 +3.5440e-01 -3.2822e+00 +3.0570e+00 +1.3424e+00 -1.5759e-01 +1.2546e+00 +1.3241e+00 +2.4156e+00 +2.2146e+00 +2.9650e+00
1150 0 +2.633811355e+03 +2.164061355e+03 +2.164061355e+03 +8.2880e-01 -3.0450e+00 +2.3851e+00 +1.5882e+00 -2.4629e-01 +1.9588e+00 +1.6127e+00 +2.4876e+00 +1.8134e+00 +2.1478e+00
1323 0 +2.214790809e+03 +1.745040809e+03 +1.745040809e+03 +3.9679e-01 -3.0391e+00 +3.8024e+00 +9.5421e-01 -5.5114e-01 +2.5696e+00 +1.0696e+00 +1.3561e+00 +7.0077e-01 +2.9801e+00
1370 0 +2.160826314e+03 +1.691076314e+03 +1.691076314e+03 +6.5253e-01 -3.3588e+00 +3.8331e+00 +7.7893e-01 -1.0335e+00 +2.6979e+00 +1.7821e+00 +4.3720e-01 +1.3616e+00 +2.6921e+00
1387 0 +1.836395852e+03 +1.366645852e+03 +1.366645852e+03 +8.5870e-01 -2.8652e+00 +2.5709e+00 +3.9355e-01 +2.2529e-01 +2.3627e+00 +1.9053e-01 +2.0266e+00 +1.2669e+00 +2.7125e+00
1479 0 +1.327001286e+03 +8.572512856e+02 +8.572512856e+02 -3.4101e-01 -2.9902e+00 +2.8924e+00 +1.7694e+00 +3.0479e-01 +1.3293e+00 +3.1576e-01 +1.2061e+00 +1.5175e+00 +3.5859e+00
1483 0 +9.601653958e+02 +4.904153958e+02 +4.904153958e+02 +3.9464e-01 -2.9671e+00 +2.6988e+00 +1.4352e+00 +3.5617e-03 +1.9502e+00 +9.6637e-01 +1.5079e+00 +1.6448e+00 +2.8380e+00
1525 0 +9.167653005e+02 +4.470153005e+02 +4.470153005e+02 +1.1603e+00 -2.2581e+00 +2.9933e+00 +8.9409e-01 +3.1406e-01 +3.2861e+00 +1.5055e+00 +1.3343e+00 +1.8548e+00 +2.9235e+00
1768 0 +6.651872126e+02 +1.954372126e+02 +1.954372126e+02 +1.1501e+00 -2.3340e+00 +3.1539e+00 +8.4378e-01 +1.0214e-01 +3.2067e+00 +1.6100e+00 +5.4786e-01 +2.1658e+00 +3.1515e+00
1894 0 +6.081891937e+02 +1.384391937e+02 +1.384391937e+02 +2.3578e-01 -2.5106e+00 +2.8957e+00 +2.0998e+00 +2.8844e-01 +2.4411e+00 +1.3817e+00 +1.3950e+00 +1.4815e+00 +3.1923e+00
1926 0 +5.669220795e+02 +9.717207946e+01 +9.717207946e+01 -1.1051e-01 -2.8757e+00 +3.7786e+00 +1.5634e+00 -6.2038e-02 +2.3849e+00 +1.4103e+00 +1.1136e+00 +1.2154e+00 +3.2897e+00
1951 0 +2.893524235e+02 -1.803975765e+02 -1.803975765e+02 +1.5321e+00 -2.1809e+00 +3.6824e+00 +5.4716e-01 -9.5712e-02 +3.5064e+00 +2.3651e+00 +1.3674e+00 +2.2702e+00 +2.8999e+00
1975 0 +2.885761531e+02 -1.811738469e+02 -1.811738469e+02 +5.3974e-01 -2.6080e+00 +3.3393e+00 +1.3670e+00 -9.2941e-02 +2.5691e+00 +1.4431e+00 +1.0832e+00 +1.6622e+00 +3.2499e+00
1978 0 +1.995567039e+02 -2.701932961e+02 -2.701932961e+02 +1.3621e+00 -2.2262e+00 +3.8162e+00 +3.7230e-01 -3.0694e-01 +3.9349e+00 +1.9906e+00 +6.0824e-01 +1.4612e+00 +2.8953e+00
2089 0 +1.973013781e+02 -2.724486219e+02 -2.724486219e+02 +4.7013e-01 -2.8205e+00 +3.4807e+00 +1.2047e+00 -2.4991e-01 +2.6292e+00 +1.4738e+00 +9.5663e-01 +1.4686e+00 +3.0272e+00
2107 0 +1.213332748e+02 -3.484167252e+02 -3.484167252e+02 +1.2387e+00 -2.3986e+00 +3.5841e+00 +3.7964e-01 -6.7973e-02 +3.3071e+00 +1.7555e+00 +1.0761e+00 +2.0137e+00 +3.0235e+00
2174 0 +1.088961060e+02 -3.608538940e+02 -3.608538940e+02 +1.0088e+00 -2.4446e+00 +4.0331e+00 +1.9461e-01 -1.2269e-01 +3.3856e+00 +1.6759e+00 +1.7446e-01 +2.0961e+00 +3.4792e+00
2203 0 +9.114101477e+01 -3.786089852e+02 -3.786089852e+02 +1.2800e+00 -2.2390e+00 +3.8378e+00 +3.0353e-01 -1.2187e-01 +3.7623e+00 +1.8743e+00 +6.2779e-01 +1.7200e+00 +3.0701e+00
2278 0 +6.881838968e+01 -4.009316103e+02 -4.009316103e+02 +1.0878e+00 -2.3089e+00 +3.6719e+00 +4.2837e-01 +3.5473e-02 +3.2880e+00 +1.5839e+00 +5.4489e-01 +2.1207e+00 +3.4113e+00
2308 0 +5.657158761e+01 -4.131784124e+02 -4.131784124e+02 +9.0762e-01 -2.4460e+00 +3.8903e+00 +4.1992e-01 -5.5193e-02 +3.1293e+00 +1.5782e+00 +1.5422e-01 +2.2403e+00 +3.6359e+00
2319 0 +4.466903289e+01 -4.250809671e+02 -4.250809671e+02 +9.7951e-01 -2.4754e+00 +3.5613e+00 +5.8276e-01 +1.6540e-02 +2.9214e+00 +1.5067e+00 +6.3882e-01 +2.2708e+00 +3.4480e+00
2378 0 +4.450174879e+01 -4.252482512e+02 -4.252482512e+02 +9.9701e-01 -2.3887e+00 +3.4845e+00 +6.9446e-01 -2.2874e-02 +3.1518e+00 +1.5521e+00 +7.8265e-01 +1.8793e+00 +3.2076e+00
2401 0 +3.866827329e+01 -4.310817267e+02 -4.310817267e+02 +1.2848e+00 -2.2639e+00 +3.7838e+00 +2.5541e-01 -3.5646e-02 +3.4213e+00 +1.8167e+00 +4.9433e-01 +2.3049e+00 +3.3663e+00
2418 0 +3.170141683e+01 -4.380485832e+02 -4.380485832e+02 +6.3575e-01 -2.5612e+00 +3.5480e+00 +9.1921e-01 -1.5287e-02 +2.8044e+00 +1.3752e+00 +4.5930e-01 +1.8935e+00 +3.4495e+00
% f evaluations | g evaluations | best noise-free fitness - Fopt (-5.191000000000e+01) + sum g_i+ | measured fitness | best measured fitness or single-digit g-values | x1 | x2...
1 0 +8.415068501e+06 +8.415016591e+06 +8.415016591e+06 +5.9671e-01 -3.8264e-02 +7.4769e-01 +1.6230e+00 -1.3415e-01 -1.3414e-01 +1.6792e+00 +8.6743e-01 -3.6947e-01 +6.4256e-01
2 0 +3.471323576e+06 +3.471271666e+06 +3.471271666e+06 -3.6342e-01 -3.6573e-01 +3.4196e-01 -1.8133e+00 -1.6249e+00 -4.6229e-01 -9.1283e-01 +4.1425e-01 -8.0802e-01 -1.3123e+00
3 0 +3.365975069e+06 +3.365923159e+06 +3.365923159e+06 +1.5656e+00 -1.2578e-01 +1.6753e-01 -1.3247e+00 -4.4438e-01 +2.1092e-01 -1.0510e+00 +4.7570e-01 -5.0064e-01 -1.9169e-01
4 0 +3.734226445e+05 +3.733707345e+05 +3.733707345e+05 -5.0171e-01 +1.9523e+00 +8.6503e-02 -9.5771e-01 +9.2254e-01 -1.1208e+00 +3.0886e-01 -1.8597e+00 -1.2282e+00 +2.9686e-01
74 0 +1.880423314e+05 +1.879904214e+05 +1.879904214e+05 -2.9033e-01 +7.2574e-01 +6.7120e-01 +6.5522e-01 +1.7149e+00 -2.2096e+00 -1.5631e+00 -2.7641e+00 -5.2884e-01 +4.4911e-01
155 0 +1.812562901e+05 +1.812043801e+05 +1.812043801e+05 +1.2793e-01 +2.8820e+00 -6.7387e-01 +1.6775e+00 -2.4520e-01 +5.7111e-01 -1.3548e+00 -3.8739e+00 -3.5302e+00 -1.1454e+00
291 0 +1.346755135e+05 +1.346236035e+05 +1.346236035e+05 -3.1681e+00 +1.0874e+00 +5.2984e-01 -4.5445e-01 +4.6797e-01 -4.0003e+00 +6.6267e-01 -3.4854e+00 -2.0218e+00 -1.0002e+00
304 0 +1.134960312e+05 +1.134441212e+05 +1.134441212e+05 -6.8193e-02 +1.2713e+00 +1.9912e+00 +2.8698e+00 -9.3178e-01 -2.8275e+00 -2.8070e+00 -3.4802e+00 -1.3497e+00 +4.1237e-01
396 0 +9.701031570e+04 +9.695840570e+04 +9.695840570e+04 +2.7178e-02 +1.8593e+00 -1.2838e+00 +2.4070e+00 -2.4129e-01 -1.0017e-01 -3.6336e+00 -3.2940e+00 +4.6410e-01 -7.0820e-01
408 0 +6.501060609e+04 +6.495869609e+04 +6.495869609e+04 -9.1599e-01 +1.3388e+00 -1.9857e+00 +1.3837e+00 +1.4679e+00 -1.4614e+00 -5.1552e-01 -2.8742e+00 -7.0009e-01 -1.1154e+00
421 0 +5.235925745e+04 +5.230734745e+04 +5.230734745e+04 -1.3737e+00 -1.3182e+00 +1.7661e-01 +1.1384e+00 +2.8464e+00 -2.3005e+00 -2.3351e+00 -3.0765e+00 +1.8049e+00 -6.0754e-01
427 0 +3.214315107e+04 +3.209124107e+04 +3.209124107e+04 +1.7084e+00 +7.4560e-01 +4.7277e-01 +3.0736e+00 +1.7307e+00 -2.9901e+00 -2.4492e+00 -3.3286e+00 +2.8668e-01 +1.2932e+00
478 0 +1.491892320e+04 +1.486701320e+04 +1.486701320e+04 +1.6325e-01 +6.6446e-01 +1.5406e+00 +2.1927e+00 +1.4009e+00 -1.0170e+00 -3.3224e+00 -3.6739e+00 +1.4860e-01 +2.8315e+00
899 0 +6.674239575e+03 +6.622329575e+03 +6.622329575e+03 -2.0796e-01 +3.4741e-01 -3.8582e-01 +1.7702e+00 +2.6019e+00 -2.0111e+00 -1.8186e+00 -2.4117e+00 +1.8572e+00 +2.0048e+00
927 0 +2.714137298e+03 +2.662227298e+03 +2.662227298e+03 -4.6399e-01 +1.4988e+00 -2.9873e+00 +1.4556e+00 +2.7462e+00 -6.2546e-02 -1.0491e+00 -1.1206e+00 +3.0423e+00 +1.8694e+00
1270 0 +1.208949857e+03 +1.157039857e+03 +1.157039857e+03 +7.0444e-01 +1.8342e+00 -2.1192e+00 +2.6519e+00 +2.1665e+00 -3.6326e-01 -1.4843e+00 -2.2693e+00 +1.0577e+00 +2.2093e+00
1346 0 +9.427630115e+02 +8.908530115e+02 +8.908530115e+02 +4.3629e-02 +1.2108e+00 -1.6054e+00 +2.1781e+00 +1.7895e+00 -2.7197e-01 -2.3886e+00 -2.4794e+00 +1.8579e+00 +2.0142e+00
1411 0 +7.146895251e+02 +6.627795251e+02 +6.627795251e+02 +3.8605e-01 +1.1689e+00 -1.3006e+00 +2.2770e+00 +2.2872e+00 +2.0482e-01 -2.5238e+00 -2.2392e+00 +1.8463e+00 +2.4421e+00
1431 0 +6.697408229e+02 +6.178308229e+02 +6.178308229e+02 +1.4798e-01 +1.9743e+00 -2.2095e+00 +2.1418e+00 +1.2244e+00 +8.4157e-01 -2.3833e+00 -2.7474e+00 +1.1605e+00 +2.1335e+00
1679 0 +6.149626966e+02 +5.630526966e+02 +5.630526966e+02 +4.0928e-02 +1.1570e+00 -2.6537e+00 +2.2455e+00 +2.1587e+00 +1.8480e-01 -2.1030e+00 -2.5967e+00 +1.7038e+00 +1.5621e+00
1805 0 +4.732363911e+02 +4.213263911e+02 +4.213263911e+02 +1.9613e-01 +1.7260e+00 -1.9670e+00 +2.0113e+00 +2.1966e+00 +2.4046e-01 -1.8402e+00 -1.9574e+00 +1.9242e+00 +2.6646e+00
1906 0 +2.218023301e+02 +1.698923301e+02 +1.698923301e+02 +7.6295e-01 +7.2948e-01 -1.5967e+00 +2.5710e+00 +3.4585e+00 -2.3518e-01 -1.9575e+00 -1.7645e+00 +2.0946e+00 +2.4753e+00
2077 0 +1.965290313e+02 +1.446190313e+02 +1.446190313e+02 +8.8421e-01 +1.3512e+00 -1.6690e+00 +2.4418e+00 +3.1578e+00 +2.5120e-01 -1.8907e+00 -1.6130e+00 +2.0626e+00 +3.0688e+00
2187 0 +1.863189078e+02 +1.344089078e+02 +1.344089078e+02 +1.1826e+00 +7.1287e-01 -6.7127e-01 +2.5930e+00 +4.0094e+00 -1.5722e-01 -2.1634e+00 -1.1248e+00 +2.5927e+00 +3.4476e+00
2192 0 +1.592355728e+02 +1.073255728e+02 +1.073255728e+02 +1.1164e+00 +1.2120e+00 -1.4186e+00 +2.7102e+00 +3.0274e+00 +1.6780e-01 -2.2154e+00 -1.8450e+00 +1.7844e+00 +2.8167e+00
2319 0 +1.248620127e+02 +7.295201270e+01 +7.295201270e+01 +1.5068e+00 +1.5146e+00 -1.4116e+00 +2.9042e+00 +3.3086e+00 +4.4347e-01 -1.9514e+00 -1.9231e+00 +1.2203e+00 +3.4693e+00
% f evaluations | g evaluations | best noise-free fitness - Fopt (4.808000000000e+01) + sum g_i+ | measured fitness | best measured fitness or single-digit g-values | x1 | x2...
1 0 +7.072208091e+06 +7.072256171e+06 +7.072256171e+06 +5.9671e-01 -3.8264e-02 +7.4769e-01 +1.6230e+00 -1.3415e-01 -1.3414e-01 +1.6792e+00 +8.6743e-01 -3.6947e-01 +6.4256e-01
2 0 +3.344361654e+06 +3.344409734e+06 +3.344409734e+06 -3.6342e-01 -3.6573e-01 +3.4196e-01 -1.8133e+00 -1.6249e+00 -4.6229e-01 -9.1283e-01 +4.1425e-01 -8.0802e-01 -1.3123e+00
3 0 +1.771217716e+06 +1.771265796e+06 +1.771265796e+06 +1.5656e+00 -1.2578e-01 +1.6753e-01 -1.3247e+00 -4.4438e-01 +2.1092e-01 -1.0510e+00 +4.7570e-01 -5.0064e-01 -1.9169e-01
5 0 +1.519111821e+06 +1.519159901e+06 +1.519159901e+06 +8.3847e-01 +2.7137e-01 -1.5648e-02 -2.0110e-01 -1.3785e+00 -6.1984e-01 -3.6064e-01 +1.1571e+00 +4.4362e-01 -1.6630e+00
23 0 +8.859623300e+05 +8.860104100e+05 +8.860104100e+05 +2.4147e+00 -1.7673e+00 +7.8626e-01 -1.5127e+00 -3.7193e-01 +1.1890e+00 +1.6428e-01 -9.7774e-01 -6.1530e-01 +7.7960e-01
66 0 +8.246518164e+05 +8.246998964e+05 +8.246998964e+05 +8.0257e-01 +3.6268e-01 -2.0271e+00 -2.6602e+00 +1.0974e+00 +9.4417e-01 +4.1792e-01 -3.6476e+00 -2.7483e-01 -1.9153e+00
69 0 +3.661817774e+05 +3.662298574e+05 +3.662298574e+05 +3.2725e+00 -1.2894e+00 -2.1006e-01 -1.4366e+00 +6.7243e-02 +9.6827e-01 -1.6463e-01 +1.6920e+00 +3.3937e-01 -9.1010e-01
179 0 +3.106107652e+05 +3.106588452e+05 +3.106588452e+05 +3.2855e+00 -2.5509e-01 -2.4745e+00 -1.9105e+00 +1.0339e+00 +3.6695e-01 -7.1623e-01 +1.9583e+00 -1.8462e-01 -5.7871e-01
205 0 +2.579935053e+05 +2.580415853e+05 +2.580415853e+05 +3.4378e+00 +1.2843e-01 -2.2351e+00 -1.7349e+00 -4.3095e-01 -1.7387e+00 +3.1441e-01 -7.4623e-01 +5.6023e-01 -3.8192e+00
213 0 +1.783443748e+05 +1.783924548e+05 +1.783924548e+05 +2.4681e+00 -1.2804e+00 -1.8207e+00 -3.2642e+00 -1.0876e+00 +7.1665e-02 +1.2585e+00 +1.7356e+00 -2.5187e-02 -3.3470e+00
280 0 +1.351714709e+05 +1.352195509e+05 +1.352195509e+05 +1.9154e+00 -1.1146e+00 -4.0960e+00 -4.3381e+00 +1.9981e+00 -3.4169e+00 -1.1491e+00 +8.7203e-01 -1.0594e-01 -2.4058e+00
342 0 +1.297014974e+05 +1.297495774e+05 +1.297495774e+05 +2.0398e+00 -4.2922e+00 -9.1366e-01 -3.4044e+00 +6.2911e-01 -1.2357e+00 -1.8179e+00 -1.4566e+00 -9.0132e-01 -4.1060e+00
536 0 +9.132346981e+04 +9.137154981e+04 +9.137154981e+04 +2.3270e+00 -6.8737e-01 -4.5548e+00 -2.1517e+00 +2.4225e+00 -2.0990e+00 -2.4058e+00 +1.1218e+00 +9.7912e-01 -3.7668e+00
553 0 +4.844216055e+04 +4.849024055e+04 +4.849024055e+04 +1.3744e+00 -1.7338e+00 -4.4249e+00 -4.1697e+00 +6.4181e-01 -3.9615e+00 -3.2730e-01 +1.4154e+00 -1.3185e+00 -3.7440e+00
566 0 +3.062006681e+04 +3.066814681e+04 +3.066814681e+04 +2.1551e+00 -7.2325e-01 -3.7164e+00 -3.4885e+00 -2.3967e-01 -3.1245e+00 +6.1257e-01 +1.7091e+00 -9.9364e-01 -2.2958e+00
752 0 +1.205771737e+04 +1.210579737e+04 +1.210579737e+04 +1.1980e+00 -2.0695e-01 -4.7936e+00 -1.8401e+00 +1.9015e+00 -1.3759e+00 -2.7185e+00 -4.0501e+00 -2.1537e+00 -3.1334e+00
964 0 +1.136223508e+04 +1.141031508e+04 +1.141031508e+04 +1.1625e+00 -2.6897e+00 -1.8482e+00 -3.4447e+00 +1.7614e-01 -1.5344e+00 -1.0639e+00 -2.4294e+00 -3.3072e+00 -2.7838e+00
1069 0 +8.092341496e+03 +8.140421496e+03 +8.140421496e+03 +1.6007e+00 -1.8833e+00 -3.5885e+00 -2.6984e+00 +2.3008e+00 -1.4573e+00 -2.2727e+00 +5.8915e-02 -2.9891e+00 -1.6506e+00
1092 0 +7.497287998e+03 +7.545367998e+03 +7.545367998e+03 +3.4946e-01 -7.2351e-01 -4.6535e+00 -1.6615e+00 +1.0996e+00 -2.1962e+00 -3.0504e+00 -4.4217e+00 -2.4299e+00 -4.1841e+00
1140 0 +4.341558645e+03 +4.389638645e+03 +4.389638645e+03 +1.2816e+00 -2.0921e+00 -2.6829e+00 -4.1760e+00 -3.1351e-01 -2.8242e+00 -3.4642e-01 -2.5702e+00 -2.8830e+00 -3.6035e+00
1157 0 +2.893885419e+03 +2.941965419e+03 +2.941965419e+03 +1.0165e+00 -2.9775e+00 -2.4831e+00 -3.8758e+00 +1.6565e+00 -1.2257e+00 -1.8531e+00 -2.0801e+00 -2.3986e+00 -3.1879e+00
1293 0 +1.508709542e+03 +1.556789542e+03 +1.556789542e+03 +1.4492e+00 -2.6289e+00 -2.4772e+00 -4.3204e+00 +1.2818e-01 -3.4540e+00 -7.1225e-01 -1.1526e+00 -2.3459e+00 -2.7556e+00
1453 0 +7.148911813e+02 +7.629711813e+02 +7.629711813e+02 +9.8355e-01 -3.3576e+00 -2.4463e+00 -3.3976e+00 +1.7544e+00 -1.5933e+00 -2.6023e+00 -1.2770e+00 -2.0051e+00 -3.1113e+00
1549 0 +3.259045962e+02 +3.739845962e+02 +3.739845962e+02 +1.6483e+00 -3.2677e+00 -1.8453e+00 -4.3602e+00 +1.4712e+00 -1.8604e+00 -1.3308e+00 -1.2189e+00 -2.3932e+00 -2.3437e+00
1768 0 +2.426719990e+02 +2.907519990e+02 +2.907519990e+02 +1.3358e+00 -2.6801e+00 -2.7547e+00 -4.0853e+00 +1.1085e+00 -1.9864e+00 -1.1613e+00 -5.5154e-01 -2.0454e+00 -2.7263e+00
1861 0 +2.191960091e+02 +2.672760091e+02 +2.672760091e+02 +1.4880e+00 -3.6285e+00 -1.5463e+00 -3.9992e+00 +1.5928e+00 -1.6123e+00 -1.8284e+00 -1.0713e+00 -2.6106e+00 -2.1765e+00
2013 0 +1.973732757e+02 +2.454532757e+02 +2.454532757e+02 +1.3893e+00 -3.2890e+00 -1.8161e+00 -3.8925e+00 +9.9858e-01 -2.0962e+00 -1.4782e+00 -7.7969e-01 -2.7253e+00 -2.2884e+00
2230 0 +1.467635023e+02 +1.948435023e+02 +1.948435023e+02 +1.2342e+00 -2.9767e+00 -2.4313e+00 -3.7631e+00 +1.1047e+00 -2.0548e+00 -1.5932e+00 -7.0346e-01 -2.3019e+00 -2.6950e+00
2264 0 +1.463372823e+02 +1.944172823e+02 +1.944172823e+02 +1.2293e+00 -3.3204e+00 -2.0835e+00 -3.8393e+00 +1.3099e+00 -1.7383e+00 -1.7539e+00 -8.6388e-01 -2.3167e+00 -2.7111e+00
2270 0 +1.392356733e+02 +1.873156733e+02 +1.873156733e+02 +1.4415e+00 -3.4787e+00 -1.6557e+00 -4.1874e+00 +1.0826e+00 -1.9272e+00 -1.3138e+00 -7.7011e-01 -2.6433e+00 -2.3574e+00
2335 0 +1.385921015e+02 +1.866721015e+02 +1.866721015e+02 +1.1946e+00 -3.3734e+00 -1.9129e+00 -3.7603e+00 +8.7543e-01 -2.2280e+00 -1.6758e+00 -8.2474e-01 -2.6340e+00 -2.6042e+00
2362 0 +1.073796237e+02 +1.554596237e+02 +1.554596237e+02 +1.4283e+00 -3.2080e+00 -1.8927e+00 -4.1431e+00 +7.8874e-01 -2.3755e+00 -1.1611e+00 -7.8009e-01 -2.7370e+00 -2.3174e+00
2383 0 +1.003388367e+02 +1.484188367e+02 +1.484188367e+02 +1.1960e+00 -3.5831e+00 -1.6410e+00 -3.7621e+00 +9.2401e-01 -2.1523e+00 -1.7560e+00 -9.1846e-01 -2.9366e+00 -2.4590e+00
2448 0 +9.671198898e+01 +1.447919890e+02 +1.447919890e+02 +1.3476e+00 -3.3554e+00 -1.6617e+00 -4.0605e+00 +4.7355e-01 -2.5953e+00 -1.1333e+00 -6.7572e-01 -2.9523e+00 -2.2856e+00
2456 0 +7.425171167e+01 +1.223317117e+02 +1.223317117e+02 +1.4015e+00 -3.6115e+00 -1.3577e+00 -4.0429e+00 +6.3977e-01 -2.5128e+00 -1.2854e+00 -5.3474e-01 -3.2099e+00 -2.0015e+00
% f evaluations | g evaluations | best noise-free fitness - Fopt (3.058000000000e+01) + sum g_i+ | measured fitness | best measured fitness or single-digit g-values | x1 | x2...
1 0 +1.935209604e+07 +1.935212662e+07 +1.935212662e+07 +5.9671e-01 -3.8264e-02 +7.4769e-01 +1.6230e+00 -1.3415e-01 -1.3414e-01 +1.6792e+00 +8.6743e-01 -3.6947e-01 +6.4256e-01
2 0 +4.066364824e+06 +4.066395404e+06 +4.066395404e+06 -3.6342e-01 -3.6573e-01 +3.4196e-01 -1.8133e+00 -1.6249e+00 -4.6229e-01 -9.1283e-01 +4.1425e-01 -8.0802e-01 -1.3123e+00
4 0 +2.906257570e+06 +2.906288150e+06 +2.906288150e+06 -5.0171e-01 +1.9523e+00 +8.6503e-02 -9.5771e-01 +9.2254e-01 -1.1208e+00 +3.0886e-01 -1.8597e+00 -1.2282e+00 +2.9686e-01
53 0 +5.327832425e+05 +5.328138225e+05 +5.328138225e+05 -1.5830e+00 +2.5830e+00 -9.6589e-01 -2.5442e-01 -1.0963e+00 +1.1380e+00 -1.8623e+00 -1.3247e+00 +9.0385e-02 +5.8413e-02
64 0 +1.363391175e+05 +1.363696975e+05 +1.363696975e+05 -2.1098e+00 +1.6709e-01 -2.8726e+00 -1.0108e+00 +1.2354e+00 -3.5342e-01 -1.7114e+00 -7.4858e-01 -2.7549e-01 +5.4239e-01
116 0 +1.216509530e+05 +1.216815330e+05 +1.216815330e+05 +1.6666e-01 +6.2436e-01 -2.9414e+00 -2.7079e+00 -6.3061e-01 -1.4842e+00 -4.3828e+00 -1.0028e+00 -8.8729e-01 -1.2012e+00
193 0 +8.845314129e+04 +8.848372129e+04 +8.848372129e+04 -1.0196e+00 +2.0399e+00 -3.2482e+00 -5.5724e-01 +1.0084e+00 -2.2354e+00 -3.6268e-01 -1.2962e+00 -1.7362e+00 +1.8279e+00
403 0 +7.813912645e+04 +7.816970645e+04 +7.816970645e+04 -5.8762e-01 +1.5897e+00 -2.4962e+00 +2.1110e+00 -2.6306e+00 -4.3317e+00 -3.0562e+00 -6.4535e-01 +1.5953e+00 +1.6663e+00
547 0 +4.321170471e+04 +4.324228471e+04 +4.324228471e+04 -2.8821e-01 +2.5894e+00 -9.3556e-01 +8.0872e-01 -1.8337e-01 -2.0560e+00 -2.9247e+00 -6.4859e-01 -6.8929e-01 +1.5580e+00
556 0 +3.224586773e+04 +3.227644773e+04 +3.227644773e+04 -1.0483e+00 +1.3869e+00 -3.9219e+00 -4.5143e-02 -1.0376e+00 -4.0258e-01 -2.2881e+00 -1.3646e+00 -1.3909e+00 +1.4039e-02
590 0 +2.197239038e+04 +2.200297038e+04 +2.200297038e+04 -3.7643e-01 +3.2448e+00 -3.0566e+00 -2.1723e+00 -1.3052e+00 +6.8955e-01 -2.8406e+00 -1.6792e+00 -2.0678e-01 -8.0256e-01
790 0 +1.895700559e+04 +1.898758559e+04 +1.898758559e+04 -2.2267e-01 +3.0460e+00 -2.4282e+00 -1.2034e+00 -1.6004e-01 +2.1019e-01 -2.8882e+00 -1.5498e+00 -1.6771e+00 -2.0426e-01
915 0 +1.111327965e+04 +1.114385965e+04 +1.114385965e+04 -3.6188e-01 +2.7496e+00 -3.0145e+00 -3.9229e+00 +1.0794e+00 +5.9800e-01 -2.8418e+00 -2.1968e+00 +8.3248e-03 -4.4090e-01
1086 0 +1.082832722e+04 +1.085890722e+04 +1.085890722e+04 -5.4167e-01 +7.5655e-01 -3.1038e+00 -4.1123e+00 +6.0359e-01 +4.4039e-01 -3.5535e+00 -1.1787e+00 -5.7067e-01 -7.3391e-01
1114 0 +1.034549201e+04 +1.037607201e+04 +1.037607201e+04 -9.2548e-01 +2.1778e+00 -2.6819e+00 -2.4020e+00 +9.1823e-01 +1.3460e-01 -2.8121e+00 -1.5203e+00 -9.6183e-01 -3.5637e-01
1155 0 +7.497685860e+03 +7.528265860e+03 +7.528265860e+03 -5.7777e-01 +1.7496e+00 -2.4945e+00 -3.1134e+00 +1.3214e+00 +2.3342e-01 -3.2146e+00 -1.2183e+00 -5.2321e-01 +2.1181e-01
1213 0 +5.633634098e+03 +5.664214098e+03 +5.664214098e+03 -8.7225e-01 +1.5652e+00 -3.3137e+00 -3.9871e+00 +5.3433e-01 +1.2482e+00 -3.4838e+00 -1.4408e+00 +4.0578e-01 -6.5900e-01
1328 0 +3.838435608e+03 +3.869015608e+03 +3.869015608e+03 -1.3285e+00 +1.4399e+00 -2.9575e+00 -4.4177e+00 +1.3757e+00 +1.6696e+00 -3.4682e+00 -1.3457e+00 +1.4854e-01 -1.1123e+00
1389 0 +3.780385983e+03 +3.810965983e+03 +3.810965983e+03 -7.2477e-01 +1.3693e+00 -3.8593e+00 -3.1025e+00 +3.5440e-01 +8.8896e-01 -3.5472e+00 -1.6671e+00 +5.7939e-01 -1.7542e-01
1574 0 +3.526781121e+03 +3.557361121e+03 +3.557361121e+03 -1.2039e+00 -8.3563e-02 -3.4962e+00 -2.9526e+00 +5.4121e-01 +2.0602e+00 -4.5036e+00 -7.8471e-01 -3.2886e-01 -5.6545e-01
1617 0 +2.534985003e+03 +2.565565003e+03 +2.565565003e+03 -9.1770e-01 +9.9826e-01 -3.3149e+00 -2.5386e+00 +4.5612e-01 +3.8222e-01 -3.4683e+00 -1.1678e+00 +3.1332e-01 +1.1574e-01
1657 0 +2.500839080e+03 +2.531419080e+03 +2.531419080e+03 -1.0629e+00 +5.5568e-01 -3.1048e+00 -4.0561e+00 +1.6494e+00 +1.7355e+00 -3.7192e+00 -1.1307e+00 -5.8598e-01 -4.3794e-01
1713 0 +2.293578408e+03 +2.324158408e+03 +2.324158408e+03 -1.1524e+00 -8.5777e-02 -4.0086e+00 -2.7152e+00 +1.7257e+00 +9.5878e-01 -3.8041e+00 -1.3165e+00 +3.9542e-01 +7.0437e-01
1736 0 +1.964607327e+03 +1.995187327e+03 +1.995187327e+03 -5.3779e-01 -1.4105e-01 -3.5295e+00 -3.2129e+00 +8.8673e-01 +6.6552e-01 -4.4501e+00 -8.2727e-01 +5.6860e-01 +6.1737e-01
1741 0 +1.733628265e+03 +1.764208265e+03 +1.764208265e+03 -9.7029e-01 +2.7701e-01 -3.0992e+00 -3.9139e+00 +1.2200e+00 +1.5489e+00 -4.3049e+00 -8.4700e-01 +1.6203e-01 -3.0613e-01
1833 0 +1.416663407e+03 +1.447243407e+03 +1.447243407e+03 -1.1948e+00 +3.1016e-01 -3.7746e+00 -2.6699e+00 +1.4027e+00 +5.2034e-01 -3.4703e+00 -1.2364e+00 +6.7384e-01 +6.9383e-01
1881 0 +1.286931923e+03 +1.317511923e+03 +1.317511923e+03 -9.0736e-01 +8.5997e-02 -3.4417e+00 -3.6934e+00 +1.2218e+00 +1.3539e+00 -4.1861e+00 -9.6313e-01 +2.0061e-01 -3.0733e-02
1967 0 +1.110732976e+03 +1.141312976e+03 +1.141312976e+03 -7.3007e-01 -5.7740e-02 -3.9428e+00 -2.7356e+00 +7.7628e-01 +9.8572e-01 -4.0701e+00 -1.0784e+00 -3.1659e-02 +4.6821e-01
1995 0 +1.043462337e+03 +1.074042337e+03 +1.074042337e+03 -9.9606e-01 -8.3661e-01 -3.4267e+00 -2.4613e+00 +1.2265e+00 +9.4937e-01 -4.6358e+00 -4.7684e-01 +1.4578e-01 +7.2949e-01
2007 0 +1.012878876e+03 +1.043458876e+03 +1.043458876e+03 -1.4407e+00 -9.2445e-01 -3.3574e+00 -2.2881e+00 +1.6283e+00 +1.2603e+00 -4.4714e+00 -4.3846e-01 +6.2394e-02 +6.5774e-01
2100 0 +9.526283682e+02 +9.832083682e+02 +9.832083682e+02 -9.5789e-01 -6.9277e-01 -3.7805e+00 -1.9069e+00 +1.3063e+00 +1.0107e+00 -4.3363e+00 -7.0521e-01 -4.4574e-01 +9.6438e-01
2101 0 +8.962305803e+02 +9.268105803e+02 +9.268105803e+02 -1.8533e+00 -7.9963e-01 -2.4844e+00 -1.5962e+00 +2.5065e+00 -4.0787e-01 -3.5781e+00 -1.7105e-01 +4.3647e-01 +1.5600e+00
2125 0 +6.098633472e+02 +6.404433472e+02 +6.404433472e+02 -1.3350e+00 -1.1149e+00 -3.5512e+00 -1.9356e+00 +1.7257e+00 +1.9970e-01 -4.0910e+00 -4.6888e-01 +5.1791e-01 +1.4421e+00
2356 0 +3.904002721e+02 +4.209802721e+02 +4.209802721e+02 -2.0630e+00 -2.2262e+00 -2.7826e+00 -3.9987e-01 +2.4686e+00 -1.1537e+00 -4.2047e+00 +4.6627e-01 +1.6767e+00 +2.8496e+00
% f evaluations | g evaluations | best noise-free fitness - Fopt (1.000000000000e+03) + sum g_i+ | measured fitness | best measured fitness or single-digit g-values | x1 | x2...
1 0 +3.539809844e+06 +3.540809844e+06 +3.540809844e+06 +5.9671e-01 -3.8264e-02 +7.4769e-01 +1.6230e+00 -1.3415e-01 -1.3414e-01 +1.6792e+00 +8.6743e-01 -3.6947e-01 +6.4256e-01
9 0 +2.056721451e+06 +2.057721451e+06 +2.057721451e+06 -1.1967e-01 +4.5711e-01 +1.5779e+00 -4.1827e-01 -7.0849e-01 -4.0176e-01 +1.0154e+00 +4.2875e-01 -4.2976e-01 +6.1327e-01
21 0 +9.707796952e+05 +9.717796952e+05 +9.717796952e+05 +4.5779e-01 +6.6078e-01 +1.1831e+00 +1.1538e+00 -1.2777e+00 -8.3783e-01 +6.1504e-01 +6.1379e-01 +6.1505e-01 +3.9527e+00
52 0 +6.598063048e+05 +6.608063048e+05 +6.608063048e+05 +9.1644e-01 +1.6915e+00 +1.0386e+00 +2.0352e+00 -2.2750e+00 -1.1351e+00 +5.4563e-01 -1.4736e+00 +3.8662e+00 +4.3125e+00
53 0 +1.203288245e+05 +1.213288245e+05 +1.213288245e+05 +2.5599e-01 +1.8417e-01 -1.4965e+00 +1.1339e+00 -1.5696e+00 -7.8251e-01 +2.5544e-01 -1.9752e-01 +1.0255e+00 +4.3092e+00
409 0 +3.303405248e+04 +3.403405248e+04 +3.403405248e+04 -2.2485e-01 +6.0051e-02 -8.1070e-01 -1.6189e+00 -3.5874e+00 -1.2993e+00 +8.2568e-01 -1.0229e+00 +4.8641e+00 +1.9796e+00
583 0 +1.888970518e+04 +1.988970518e+04 +1.988970518e+04 -8.3695e-01 +1.4732e+00 -1.6872e+00 +9.5237e-01 -1.9297e+00 -1.2114e+00 +1.0960e+00 -3.6364e+00 +1.3911e+00 +3.1260e+00
700 0 +1.382888262e+04 +1.482888262e+04 +1.482888262e+04 +2.0166e-01 -8.7317e-02 -2.5872e+00 +2.6014e+00 -1.5976e+00 -9.6863e-01 +3.2227e-03 -1.8696e+00 +2.1013e+00 +4.1870e+00
814 0 +1.218972206e+04 +1.318972206e+04 +1.318972206e+04 -5.0019e-01 +8.6517e-01 -3.5585e+00 -1.2475e+00 -2.1764e+00 -5.1245e-01 +1.9891e+00 -2.0553e+00 +4.0603e-01 +3.8084e+00
859 0 +1.202381873e+04 +1.302381873e+04 +1.302381873e+04 -1.7299e+00 +1.6265e+00 +4.7186e-01 +1.0733e+00 -1.0581e+00 -1.1866e+00 -4.0614e-01 -3.4539e+00 +2.2612e+00 +2.9062e+00
922 0 +1.027132747e+04 +1.127132747e+04 +1.127132747e+04 -2.3215e+00 +2.6517e+00 -1.3145e+00 -6.3437e-01 -1.2872e+00 -6.7470e-01 +3.4111e-01 -2.8052e+00 +2.3796e+00 +3.2271e+00
943 0 +2.604251838e+03 +3.604251838e+03 +3.604251838e+03 -1.6829e+00 +1.5383e+00 -2.3605e+00 -4.0259e-01 -2.1423e+00 -2.8079e-01 +3.3762e-01 -2.0037e+00 +3.1274e+00 +3.5444e+00
1137 0 +2.405451447e+03 +3.405451447e+03 +3.405451447e+03 -1.2951e+00 +8.5509e-01 -2.0467e+00 -1.0923e-01 -1.4712e+00 -6.4115e-01 +3.9541e-01 -2.7641e+00 +1.9077e+00 +3.5181e+00
1288 0 +1.756188384e+03 +2.756188384e+03 +2.756188384e+03 -4.9757e-01 +1.1596e+00 -2.2821e+00 +3.1118e-01 -2.0880e+00 -9.9454e-01 +1.2581e+00 -2.5440e+00 +1.2361e+00 +3.7122e+00
1568 0 +1.433982543e+03 +2.433982543e+03 +2.433982543e+03 -1.9560e+00 +1.3654e+00 -9.7271e-01 -2.5129e-01 -1.1466e+00 -5.7300e-01 -2.2488e-01 -3.1934e+00 +2.6666e+00 +3.2130e+00
1623 0 +9.289005569e+02 +1.928900557e+03 +1.928900557e+03 -1.3179e+00 +1.4288e+00 -1.3915e+00 +1.3423e-01 -1.8087e+00 -7.9414e-01 +4.7960e-01 -2.9884e+00 +2.3459e+00 +3.2639e+00
1768 0 +8.693092149e+02 +1.869309215e+03 +1.869309215e+03 -1.6735e+00 +1.0949e+00 -8.5861e-01 +1.2388e-01 -2.1963e+00 -6.7439e-01 -1.6902e-01 -2.8282e+00 +3.9934e+00 +2.5597e+00
1784 0 +7.082042603e+02 +1.708204260e+03 +1.708204260e+03 -1.8114e+00 +1.5058e+00 -1.3276e+00 -4.0840e-01 -1.7675e+00 -5.1535e-01 +2.6452e-01 -3.0782e+00 +2.8752e+00 +3.0105e+00
1818 0 +5.574570859e+02 +1.557457086e+03 +1.557457086e+03 -1.8869e+00 +1.4859e+00 -1.1495e+00 -1.2430e-01 -1.9525e+00 -4.9829e-01 +3.8686e-03 -2.9092e+00 +3.4945e+00 +2.8840e+00
1844 0 +5.459113226e+02 +1.545911323e+03 +1.545911323e+03 -2.2577e+00 +1.9924e+00 -1.3498e+00 -8.0916e-01 -2.5646e+00 -3.7900e-01 +3.8708e-01 -2.4681e+00 +3.8538e+00 +2.5165e+00
1866 0 +4.147705231e+02 +1.414770523e+03 +1.414770523e+03 -1.8594e+00 +1.0111e+00 -8.7610e-01 -3.8990e-01 -2.3041e+00 -7.6914e-01 +1.1227e-01 -2.8974e+00 +3.8047e+00 +2.3050e+00
2010 0 +3.301551418e+02 +1.330155142e+03 +1.330155142e+03 -2.9784e+00 +3.5092e-02 +1.8296e-02 -3.2784e+00 -2.2456e+00 -1.0813e+00 +7.0335e-02 -3.5780e+00 +4.8832e+00 +5.3682e-01
2035 0 +1.650180926e+02 +1.165018093e+03 +1.165018093e+03 -2.5210e+00 +1.3896e+00 -1.4601e+00 -2.1578e+00 -2.6175e+00 -5.1704e-01 +5.4855e-01 -2.2363e+00 +4.0378e+00 +2.0238e+00
% f evaluations | g evaluations | best noise-free fitness - Fopt (-4.236000000000e+01) + sum g_i+ | measured fitness | best measured fitness or single-digit g-values | x1 | x2...
1 0 +8.729378122e+05 +8.728954522e+05 +8.728954522e+05 +5.9671e-01 -3.8264e-02 +7.4769e-01 +1.6230e+00 -1.3415e-01 -1.3414e-01 +1.6792e+00 +8.6743e-01 -3.6947e-01 +6.4256e-01
7 0 +8.432992605e+05 +8.432569005e+05 +8.432569005e+05 -3.7917e-01 -8.5659e-02 -1.0063e+00 -1.0962e+00 +9.1253e-01 +1.4562e+00 +2.7990e-02 +1.1035e+00 +4.6164e-01 -5.4512e-01
9 0 +4.957517830e+05 +4.957094230e+05 +4.957094230e+05 -1.1967e-01 +4.5711e-01 +1.5779e+00 -4.1827e-01 -7.0849e-01 -4.0176e-01 +1.0154e+00 +4.2875e-01 -4.2976e-01 +6.1327e-01
17 0 +4.675856234e+05 +4.675432634e+05 +4.675432634e+05 -8.7468e-01 +8.8708e-01 +1.2586e+00 -7.2068e-01 +1.0634e+00 +5.1278e-01 +9.2206e-01 +1.9968e+00 -1.4539e-01 -6.5374e-01
72 0 +3.053893817e+05 +3.053470217e+05 +3.053470217e+05 +5.8848e-01 +7.7567e-01 +2.5802e+00 +6.7146e-01 +1.3693e+00 +6.0357e-01 +1.9639e+00 +3.0550e-01 -4.5227e-01 -3.6662e-01
81 0 +2.082082420e+05 +2.081658820e+05 +2.081658820e+05 -2.3634e+00 -4.4864e-01 +3.2371e+00 -1.4346e+00 -1.1745e+00 -6.2290e-01 +1.3718e+00 +5.8056e-01 +1.7419e-01 +2.9506e-01
125 0 +6.860927418e+04 +6.856691418e+04 +6.856691418e+04 -2.0666e-01 +5.1280e-01 +1.7547e+00 -1.9571e+00 +1.0307e+00 +2.0346e+00 +8.9384e-01 -1.0489e+00 +4.0347e-01 +1.8645e-01
511 0 +6.336665329e+04 +6.332429329e+04 +6.332429329e+04 -4.0982e+00 -2.6335e+00 +7.9979e-01 -2.7973e+00 -2.1088e+00 -1.0873e+00 +2.8895e+00 -3.4496e+00 +1.8766e+00 -1.7587e-01
530 0 +4.263548394e+04 +4.259312394e+04 +4.259312394e+04 -3.7750e+00 +2.1316e-02 +8.4775e-01 -3.5000e+00 +2.6118e+00 -1.6094e+00 +2.1991e+00 -1.8985e+00 +2.8447e+00 -2.2872e+00
552 0 +3.573772315e+04 +3.569536315e+04 +3.569536315e+04 -1.6155e+00 -7.5248e-01 +2.1942e+00 -2.3501e+00 -7.2153e-01 -1.6522e+00 +2.9755e+00 -1.8502e+00 +2.4501e+00 -1.2425e+00
578 0 +2.257207021e+04 +2.252971021e+04 +2.252971021e+04 -1.7460e+00 -7.2291e-01 +1.3719e+00 -3.5302e+00 +8.3981e-01 +1.1293e+00 +7.9497e-01 -1.2502e+00 +1.3563e+00 -3.2361e-01
602 0 +2.247955030e+04 +2.243719030e+04 +2.243719030e+04 -1.0022e+00 +1.6976e+00 +2.9623e+00 -2.3271e+00 -1.1341e+00 -5.4748e-01 +2.6084e+00 -7.3925e-01 -1.9334e-01 -3.5050e-01
773 0 +1.940367389e+04 +1.936131389e+04 +1.936131389e+04 -2.1393e+00 -1.7457e-01 +2.0407e+00 -1.4773e+00 +6.2200e-01 -3.0243e-01 +3.0956e+00 -2.6873e+00 +1.6345e+00 -1.0551e+00
782 0 +1.042179202e+04 +1.037943202e+04 +1.037943202e+04 -1.9730e+00 +9.0023e-01 +1.8729e+00 -3.4423e+00 -1.6681e+00 +1.0388e+00 +1.9436e+00 -1.0303e+00 +1.1041e-01 -7.0321e-01
1008 0 +6.597161398e+03 +6.554801398e+03 +6.554801398e+03 -9.8010e-01 +2.0504e+00 +2.9510e+00 -3.4148e+00 +2.8203e-02 -5.3748e-01 +2.0763e+00 -1.8947e-01 +6.5869e-01 -1.4046e+00
1190 0 +5.696193735e+03 +5.653833735e+03 +5.653833735e+03 -2.6115e+00 +1.4150e+00 +1.3332e+00 -3.1722e+00 +7.9482e-01 -1.5036e+00 +2.8460e+00 -1.7045e+00 +6.6337e-01 -9.3650e-01
1211 0 +3.873563017e+03 +3.831203017e+03 +3.831203017e+03 -1.1532e+00 +2.8050e+00 +2.6035e+00 -2.3478e+00 -1.9540e-01 -5.7890e-01 +3.4948e+00 -1.7253e+00 +2.6309e-01 -1.3499e+00
1253 0 +2.687806738e+03 +2.645446738e+03 +2.645446738e+03 -1.0268e+00 +1.7408e+00 +3.1104e+00 -2.1337e+00 +6.5441e-01 -6.3414e-01 +2.9843e+00 -1.3031e+00 +8.7196e-01 -1.2880e+00
1378 0 +2.657786917e+03 +2.615426917e+03 +2.615426917e+03 -1.1313e+00 +1.6743e+00 +2.1902e+00 -3.0578e+00 -1.4406e+00 +2.5539e-01 +2.7014e+00 -1.7351e+00 -1.5557e-01 -3.7020e-01
1414 0 +2.212042049e+03 +2.169682049e+03 +2.169682049e+03 -8.0070e-01 +1.4469e+00 +2.9003e+00 -2.2974e+00 -5.7374e-01 +2.3078e-01 +2.8343e+00 -1.6661e+00 +4.9385e-01 -7.4697e-01
1416 0 +2.036573893e+03 +1.994213893e+03 +1.994213893e+03 -2.2190e+00 +1.7889e+00 +2.2538e+00 -3.4804e+00 -1.1107e+00 -5.2954e-01 +2.8020e+00 -1.4067e+00 +8.8911e-01 -1.5629e+00
1439 0 +1.736545260e+03 +1.694185260e+03 +1.694185260e+03 -6.0963e-01 +1.3711e+00 +2.5994e+00 -2.3953e+00 +7.4539e-01 -9.8552e-01 +3.0090e+00 -1.7371e+00 +7.2225e-01 -5.9748e-01
1472 0 +1.509677328e+03 +1.467317328e+03 +1.467317328e+03 -1.5402e+00 +1.2533e+00 +2.2555e+00 -3.1427e+00 -1.9605e-01 -6.7592e-01 +2.6115e+00 -1.3698e+00 +9.5588e-01 -1.1143e+00
1582 0 +1.384726048e+03 +1.342366048e+03 +1.342366048e+03 -5.3276e-01 +1.3193e+00 +2.9937e+00 -1.9282e+00 +3.3198e-01 -2.8554e-02 +2.8452e+00 -1.6673e+00 +5.6027e-01 -7.0827e-01
1583 0 +1.032093807e+03 +9.897338071e+02 +9.897338071e+02 -1.2965e+00 +8.7635e-01 +2.6424e+00 -3.0929e+00 -1.9807e-01 -8.5632e-01 +2.5216e+00 -1.2206e+00 +1.0597e+00 -9.6146e-01
1708 0 +7.523392777e+02 +7.099792777e+02 +7.099792777e+02 -6.9884e-01 +8.6271e-01 +2.3586e+00 -2.5006e+00 -1.6176e-01 -2.1315e-01 +2.7275e+00 -1.8645e+00 +6.1481e-01 -3.5319e-01
1819 0 +6.895537985e+02 +6.471937985e+02 +6.471937985e+02 -3.1251e-01 -2.5814e-01 +1.9126e+00 -2.4631e+00 +5.3749e-01 -1.1282e+00 +2.8420e+00 -2.5377e+00 +1.1508e+00 +3.4879e-01
1841 0 +6.244372289e+02 +5.820772289e+02 +5.820772289e+02 +5.6060e-01 -6.1962e-01 +3.0144e+00 -1.2877e+00 +1.2551e+00 -9.0027e-01 +2.9763e+00 -2.5177e+00 +1.1565e+00 +5.2399e-01
1913 0 +5.877046307e+02 +5.453446307e+02 +5.453446307e+02 +1.6343e-01 -5.8870e-01 +2.6952e+00 -9.5167e-01 +2.2707e+00 -1.7520e+00 +3.5456e+00 -3.2049e+00 +1.6316e+00 +3.7260e-01
1997 0 +5.277099266e+02 +4.853499266e+02 +4.853499266e+02 -6.3011e-01 +7.7195e-02 +2.3543e+00 -2.1771e+00 +5.4605e-01 -1.0791e+00 +2.9542e+00 -2.3101e+00 +1.1283e+00 -6.2651e-02
2052 0 +4.403289963e+02 +3.979689963e+02 +3.979689963e+02 +7.6443e-01 -8.9789e-01 +2.3715e+00 -1.1270e+00 +1.9552e+00 -1.3996e+00 +3.2974e+00 -3.2948e+00 +1.3077e+00 +1.0082e+00
2106 0 +3.257728036e+02 +2.834128036e+02 +2.834128036e+02 +5.5978e-01 -1.3352e+00 +2.2027e+00 -6.1979e-01 +2.0915e+00 -1.2817e+00 +3.5068e+00 -3.8065e+00 +1.5891e+00 +1.0404e+00
2180 0 +3.061116710e+02 +2.637516710e+02 +2.637516710e+02 -1.6935e-01 -8.6695e-01 +2.0677e+00 -1.4619e+00 +1.2514e+00 -1.1738e+00 +3.2156e+00 -3.2120e+00 +1.3769e+00 +6.1055e-01
2211 0 +2.609366016e+02 +2.185766016e+02 +2.185766016e+02 +3.3520e-01 -1.1267e+00 +2.7422e+00 -9.6239e-01 +2.5604e+00 -2.1319e+00 +3.4994e+00 -3.2207e+00 +2.0414e+00 +4.1680e-01
2230 0 +2.269577261e+02 +1.845977261e+02 +1.845977261e+02 -3.4224e-02 -1.0685e+00 +1.7877e+00 -1.2658e+00 +2.1415e+00 -1.6880e+00 +3.4564e+00 -3.6929e+00 +1.7232e+00 +7.5860e-01
2359 0 +1.054780746e+02 +6.311807456e+01 +6.311807456e+01 -2.3170e-01 -1.1565e+00 +2.2902e+00 -1.5020e+00 +2.1530e+00 -2.0291e+00 +3.3347e+00 -3.2206e+00 +2.1837e+00 +2.3165e-01
2440 0 +9.855988026e+01 +5.619988026e+01 +5.619988026e+01 -4.4674e-02 -1.6294e+00 +2.1883e+00 -1.4077e+00 +2.5741e+00 -2.4873e+00 +3.3733e+00 -3.4291e+00 +2.3935e+00 +5.3245e-01
2490 0 +6.353887395e+01 +2.117887395e+01 +2.117887395e+01 +9.4634e-02 -2.1594e+00 +2.0003e+00 -1.0558e+00 +2.9679e+00 -2.3933e+00 +3.3942e+00 -3.8266e+00 +2.5507e+00 +8.3786e-01
