% f evaluations | g evaluations | best noise-free fitness - Fopt (-4.620900000000e+02) + sum g_i+ | measured fitness | best measured fitness or single-digit g-values | x1 | x2...
1 0 +1.099430392e+02 -3.521469608e+02 -3.521469608e+02 +5.9671e-01 -3.8264e-02 +7.4769e-01 +1.6230e+00 -1.3415e-01
11 0 +7.667186676e+01 -3.854181332e+02 -3.854181332e+02 +4.2408e-01 -2.8508e-01 -5.7692e-01 +7.1168e-01 +1.1310e+00
26 0 +7.295087794e+01 -3.891391221e+02 -3.891391221e+02 +8.8154e-01 +1.5513e+00 +5.4577e-01 +1.5975e+00 +1.1894e+00
28 0 +6.599708286e+01 -3.960929171e+02 -3.960929171e+02 +1.9070e-01 +7.2555e-02 -3.7337e-01 +1.6383e+00 +2.3605e+00
67 0 +5.827139841e+01 -4.038186016e+02 -4.038186016e+02 +8.6335e-02 +1.0720e+00 +7.5710e-01 +1.3843e+00 +1.9840e+00
69 0 +5.647147780e+01 -4.056185222e+02 -4.056185222e+02 +1.1177e+00 +9.1454e-01 +7.3165e-01 +7.9918e-01 +1.8565e+00
74 0 +4.415564550e+01 -4.179343545e+02 -4.179343545e+02 +2.0066e+00 +2.4565e+00 +1.0559e+00 +7.8335e-01 +2.2278e+00
224 0 +4.385696889e+01 -4.182330311e+02 -4.182330311e+02 +5.5182e-01 +2.9182e+00 +1.6466e+00 +2.4043e+00 +1.6202e+00
260 0 +3.960382496e+01 -4.224861750e+02 -4.224861750e+02 +1.0292e-01 +2.3312e+00 +1.8642e+00 +3.4923e-01 +1.6797e+00
295 0 +3.598585247e+01 -4.261041475e+02 -4.261041475e+02 +2.2424e+00 +2.2825e+00 +1.4583e+00 +1.3292e-01 +1.6670e+00
317 0 +3.228253713e+01 -4.298074629e+02 -4.298074629e+02 +3.7278e-01 +2.2225e+00 +1.7933e+00 +1.6975e+00 +2.2627e+00
363 0 +2.532879564e+01 -4.367612044e+02 -4.367612044e+02 +3.6393e-01 +3.1188e+00 +2.0735e+00 +1.5789e+00 +1.9915e+00
529 0 +2.161769983e+01 -4.404723002e+02 -4.404723002e+02 +1.4834e+00 +1.4943e+00 +1.0917e+00 +1.0776e+00 +1.9730e+00
682 0 +1.939069785e+01 -4.426993022e+02 -4.426993022e+02 +1.8920e-01 +1.5085e+00 +1.6469e+00 +3.6158e-01 +1.6572e+00
