% f evaluations | g evaluations | best noise-free fitness - Fopt (-5.494000000000e+01) + sum g_i+ | measured fitness | best measured fitness or single-digit g-values | x1 | x2...
1 0 +1.460747422e+07 +1.460741928e+07 +1.460741928e+07 +5.9671e-01 -3.8264e-02 +7.4769e-01 +1.6230e+00 -1.3415e-01 -1.3414e-01 +1.6792e+00 +8.6743e-01 -3.6947e-01 +6.4256e-01
3 0 +1.121714553e+07 +1.121709059e+07 +1.121709059e+07 +1.5656e+00 -1.2578e-01 +1.6753e-01 -1.3247e+00 -4.4438e-01 +2.1092e-01 -1.0510e+00 +4.7570e-01 -5.0064e-01 -1.9169e-01
6 0 +8.192074538e+06 +8.192019598e+06 +8.192019598e+06 +4.2408e-01 -2.8508e-01 -5.7692e-01 +7.1168e-01 +1.1310e+00 +1.0313e+00 -7.3922e-01 -2.0921e-01 +4.3126e-01 +1.0755e+00
13 0 +4.258209999e+06 +4.258155059e+06 +4.258155059e+06 +8.9103e-01 -8.0939e-01 +1.5028e+00 -1.3019e+00 +6.8686e-01 +2.2905e+00 -8.9054e-01 -4.6630e-01 +1.9965e-01 -4.0348e-01
24 0 +2.783131062e+06 +2.783076122e+06 +2.783076122e+06 -6.3037e-01 +3.1646e-01 +1.4557e-01 -5.5160e-01 +2.2439e+00 +7.3392e-01 -1.9251e+00 +2.8645e-01 -5.6179e-01 +9.5243e-01
51 0 +1.580496434e+06 +1.580441494e+06 +1.580441494e+06 +6.0633e-01 -4.4036e-01 +1.5517e+00 +1.6192e+00 +2.8845e+00 -8.9171e-02 -1.7572e+00 +2.0963e+00 +1.0173e+00 +3.7157e-01
52 0 +1.124374969e+06 +1.124320029e+06 +1.124320029e+06 -5.3727e-01 +1.4567e+00 +3.2556e-01 -2.0120e-01 +3.2780e+00 +1.0967e+00 -4.3403e+00 +3.7835e-01 +1.7868e-01 -1.1211e+00
53 0 +5.891811582e+05 +5.891262182e+05 +5.891262182e+05 -2.9123e+00 -5.4967e-01 +1.3694e+00 +5.6252e-01 +2.7244e+00 +1.2598e+00 -1.5345e+00 +8.3052e-01 -1.5167e+00 +1.2561e+00
56 0 +2.957862138e+05 +2.957312738e+05 +2.957312738e+05 -1.4957e+00 +2.0945e+00 +3.7532e+00 -1.9913e-01 +2.1397e+00 +2.8749e+00 -1.8513e+00 +1.1629e+00 -5.3648e-02 -7.1190e-01
57 0 +1.223293759e+05 +1.222744359e+05 +1.222744359e+05 +7.5631e-01 +1.7702e+00 +1.6938e+00 +1.5978e+00 +2.9511e+00 +2.4559e+00 -1.9415e+00 +3.0304e+00 +3.1797e+00 +6.7585e-01
282 0 +8.030029795e+04 +8.024535795e+04 +8.024535795e+04 -1.5461e+00 +1.9351e+00 +7.7425e-01 +8.5239e-01 +2.9825e+00 +3.4354e+00 -2.7492e+00 +3.7572e+00 +2.5520e+00 -3.5384e-02
304 0 +6.338264887e+04 +6.332770887e+04 +6.332770887e+04 -2.1607e+00 -4.1229e-01 +2.3879e+00 +1.6733e+00 +3.9961e+00 +1.1541e+00 -1.6249e+00 -2.0382e+00 -3.7697e-01 -1.5660e+00
453 0 +3.022415953e+04 +3.016921953e+04 +3.016921953e+04 -1.4510e+00 -7.6976e-02 +2.4244e+00 +2.3304e+00 +3.4522e+00 +2.0366e+00 -1.0099e+00 +6.4429e-02 +1.3691e+00 -1.4178e+00
619 0 +1.487031300e+04 +1.481537300e+04 +1.481537300e+04 -1.7923e+00 -8.5857e-01 +1.1323e+00 +2.9047e+00 +3.6365e+00 +1.8685e+00 -2.0546e+00 -8.8017e-01 +2.1582e+00 -2.1643e+00
832 0 +1.335493029e+04 +1.329999029e+04 +1.329999029e+04 -9.4106e-01 -1.4812e+00 +2.0695e+00 +2.2654e+00 +3.6084e+00 +1.9106e+00 -1.5681e+00 -2.1766e+00 +1.4835e+00 -1.5757e+00
905 0 +1.311091825e+04 +1.305597825e+04 +1.305597825e+04 -1.9568e+00 -6.2850e-01 +1.5977e+00 +1.5605e+00 +3.2640e+00 +2.6565e+00 -2.0505e+00 -1.0540e+00 +1.0573e+00 -1.7807e+00
929 0 +1.303915106e+04 +1.298421106e+04 +1.298421106e+04 -7.7112e-01 -1.7754e+00 +1.2945e+00 +2.5508e+00 +3.5186e+00 +1.7930e+00 -1.9803e+00 -2.5291e+00 +7.0323e-01 +1.6398e-01
972 0 +7.053041924e+03 +6.998101924e+03 +6.998101924e+03 -2.6578e+00 -1.2656e+00 +5.5557e-01 +2.5731e+00 +2.8889e+00 +2.8297e+00 -2.4631e+00 -1.0817e+00 -1.1718e-02 -1.6526e+00
995 0 +6.352967777e+03 +6.298027777e+03 +6.298027777e+03 -2.7335e+00 +4.1551e-02 +3.5026e-01 +2.1802e+00 +3.5643e+00 +1.5404e+00 -2.9824e+00 -9.6509e-01 +1.7977e-01 -3.2440e-01
1453 0 +6.102257429e+03 +6.047317429e+03 +6.047317429e+03 -2.0703e+00 -1.1875e+00 +3.0712e-01 +1.6903e+00 +3.1200e+00 +3.5809e+00 -1.9550e+00 -5.8705e-01 -1.8724e+00 +2.0586e-01
1588 0 +5.980306975e+03 +5.925366975e+03 +5.925366975e+03 -2.7114e+00 -1.6641e-01 +1.0473e-01 +2.0079e+00 +2.8448e+00 +2.9538e+00 -2.5748e+00 +6.8927e-01 -1.0759e+00 +3.7193e-01
1590 0 +4.823856500e+03 +4.768916500e+03 +4.768916500e+03 -1.7910e+00 -1.8771e+00 +5.4637e-01 +2.2676e+00 +3.0438e+00 +3.5548e+00 -1.8073e+00 -1.3139e+00 -1.3979e+00 +1.9412e-01
1594 0 +4.645542262e+03 +4.590602262e+03 +4.590602262e+03 -2.6127e+00 -8.5072e-01 -9.7340e-02 +2.1753e+00 +3.0414e+00 +3.3278e+00 -2.3937e+00 -3.9903e-01 -1.4670e+00 -2.3149e-01
1627 0 +4.086644875e+03 +4.031704875e+03 +4.031704875e+03 -2.1396e+00 -5.1137e-01 +6.1616e-01 +2.8506e+00 +3.6668e+00 +2.1496e+00 -1.7413e+00 -4.7859e-01 -2.5680e-01 -6.7230e-01
1752 0 +3.597511043e+03 +3.542571043e+03 +3.542571043e+03 -2.4292e+00 -1.3455e+00 +1.4169e-01 +2.2983e+00 +3.0444e+00 +3.5759e+00 -1.7852e+00 -4.4479e-01 -2.0719e+00 +4.5866e-02
1823 0 +3.179713241e+03 +3.124773241e+03 +3.124773241e+03 -2.1038e+00 -1.5301e+00 -9.4014e-01 +7.1278e-01 +2.1994e+00 +4.5428e+00 -3.3086e+00 -3.9320e-01 -3.3969e+00 +2.8780e+00
1865 0 +2.359944829e+03 +2.305004829e+03 +2.305004829e+03 -9.1280e-01 -9.8372e-01 -4.6959e-01 +3.6133e+00 +3.4168e+00 +2.4891e+00 -1.8523e+00 +4.4337e-01 -1.3559e-01 +1.1562e+00
2069 0 +1.155857748e+03 +1.100917748e+03 +1.100917748e+03 -2.2348e+00 -1.7449e+00 -1.4465e+00 +9.5359e-01 +1.8632e+00 +4.4988e+00 -4.0426e+00 -3.4643e-01 -2.7207e+00 +3.4079e+00
2368 0 +1.046745317e+03 +9.918053171e+02 +9.918053171e+02 -2.8683e+00 -1.1396e+00 -1.2885e+00 +1.6647e+00 +2.0481e+00 +4.0513e+00 -4.0156e+00 +1.7802e-01 -1.3876e+00 +1.4615e+00
2410 0 +8.686194580e+02 +8.136794580e+02 +8.136794580e+02 -3.3664e+00 -1.0654e+00 -2.0505e+00 +2.0573e+00 +1.6738e+00 +4.4363e+00 -4.2787e+00 +1.0944e+00 -1.9986e+00 +1.7984e+00
2426 0 +4.747367400e+02 +4.197967400e+02 +4.197967400e+02 -1.5566e+00 +8.2754e-01 -1.9787e+00 +2.9933e+00 +3.8463e+00 +1.5281e+00 -3.0141e+00 +2.1257e+00 -8.1215e-01 +3.5880e+00
% f evaluations | g evaluations | best noise-free fitness - Fopt (5.913000000000e+01) + sum g_i+ | measured fitness | best measured fitness or single-digit g-values | x1 | x2...
1 0 +3.495160974e+06 +3.495220104e+06 +3.495220104e+06 +5.9671e-01 -3.8264e-02 +7.4769e-01 +1.6230e+00 -1.3415e-01 -1.3414e-01 +1.6792e+00 +8.6743e-01 -3.6947e-01 +6.4256e-01
16 0 +2.958823033e+06 +2.958882163e+06 +2.958882163e+06 +3.5049e-01 +4.4645e-01 -5.8002e-01 +3.3225e-01 +3.9307e-01 -6.1435e-01 +1.9658e+00 +5.7383e-01 -1.0913e+00 +7.5655e-01
21 0 +4.778148433e+05 +4.778739733e+05 +4.778739733e+05 +4.5779e-01 +6.6078e-01 +1.1831e+00 +1.1538e+00 -1.2777e+00 -8.3783e-01 +6.1504e-01 +6.1379e-01 +6.1505e-01 +3.9527e+00
114 0 +4.376116680e+05 +4.376707980e+05 +4.376707980e+05 +2.2012e-01 -1.2309e+00 -2.4082e+00 +2.5108e+00 -1.9027e+00 -3.5491e-01 +8.7972e-02 +2.9726e+00 -5.8541e-01 +2.5613e+00
116 0 +3.604267853e+05 +3.604859153e+05 +3.604859153e+05 +8.1957e-01 +9.5217e-01 +8.1881e-01 -1.8956e+00 -2.6879e+00 -3.5798e-01 +1.0680e-01 +2.2370e+00 -9.9997e-01 +4.4278e+00
155 0 +2.025826194e+05 +2.026417494e+05 +2.026417494e+05 -1.3839e+00 +2.6211e+00 -4.9958e-02 -8.9759e-01 -4.4426e+00 -4.9664e-01 -1.7669e+00 +2.7699e+00 -1.9137e-01 +3.3399e+00
173 0 +1.395769351e+05 +1.396360651e+05 +1.396360651e+05 +3.2374e+00 -1.5734e+00 -3.5603e-02 -1.1595e+00 +8.9157e-01 -1.0867e+00 -1.9426e+00 +3.1840e+00 -1.3811e+00 +4.9318e+00
354 0 +9.203658158e+04 +9.209571158e+04 +9.209571158e+04 +1.6486e+00 -2.6377e+00 -9.6308e-01 +2.3664e+00 +6.9959e-01 -4.3018e+00 -6.8310e-01 +4.6637e-01 -2.2689e+00 +4.1644e+00
487 0 +5.141310541e+04 +5.147223541e+04 +5.147223541e+04 -7.2001e-02 +1.8648e-01 -2.7712e+00 +4.7729e-01 +1.1222e+00 +2.0616e+00 -6.3193e-01 +2.1868e+00 -2.1236e+00 +4.1558e+00
500 0 +5.025218431e+04 +5.031131431e+04 +5.031131431e+04 +1.7054e+00 -1.1370e-01 -1.3123e+00 +1.7692e+00 -3.0046e+00 -4.6442e-01 -8.0624e-01 +1.9260e-01 -4.5432e+00 +2.7239e+00
555 0 +4.707753316e+04 +4.713666316e+04 +4.713666316e+04 -6.2942e-02 -3.6903e-02 -1.6385e-01 -1.7071e+00 +4.7099e-01 -2.4184e+00 -1.6393e+00 +3.9437e+00 -3.7885e+00 +3.5982e+00
712 0 +2.212153495e+04 +2.218066495e+04 +2.218066495e+04 +2.8876e-01 -7.7972e-01 +2.1751e-01 +3.6251e-02 -6.8174e-01 -1.9355e+00 -3.1919e+00 +3.6252e+00 -2.3584e+00 +4.7358e+00
768 0 +1.445343582e+04 +1.451256582e+04 +1.451256582e+04 +1.9097e+00 -8.2264e-01 -5.9548e-01 -7.5827e-01 +8.3277e-01 -5.6168e-01 -2.4004e+00 +3.2806e+00 -3.5903e+00 +4.4188e+00
929 0 +1.237112350e+04 +1.243025350e+04 +1.243025350e+04 +1.1168e+00 -8.5321e-01 -2.1033e-01 -5.7453e-01 +1.3090e+00 -8.5595e-01 -2.1064e+00 +2.9335e+00 -3.4811e+00 +4.8903e+00
995 0 +1.210010363e+04 +1.215923363e+04 +1.215923363e+04 +9.5334e-01 -1.2712e-01 -4.2079e-01 -6.9616e-01 +1.9653e-01 -9.9588e-03 -2.3846e+00 +3.1439e+00 -3.9329e+00 +4.3870e+00
1032 0 +1.202449069e+04 +1.208362069e+04 +1.208362069e+04 +5.1349e-01 -4.8515e-01 -4.5243e-01 -7.0318e-01 +8.6626e-01 -1.4254e+00 -1.7090e+00 +2.5806e+00 -2.9493e+00 +4.7481e+00
1045 0 +1.021820252e+04 +1.027733252e+04 +1.027733252e+04 +8.8005e-01 -4.3568e-02 -7.0647e-01 -7.4438e-01 +5.5505e-01 -5.0189e-01 -1.7010e+00 +2.3275e+00 -3.2781e+00 +4.5155e+00
1061 0 +9.299438072e+03 +9.358568072e+03 +9.358568072e+03 +9.0256e-01 -7.1134e-02 -9.2403e-02 -1.0244e+00 +6.0338e-01 -3.5097e-01 -1.7384e+00 +3.2012e+00 -4.1245e+00 +4.0424e+00
1075 0 +8.080533209e+03 +8.139663209e+03 +8.139663209e+03 +6.0545e-01 +2.0562e-01 -5.5250e-01 -6.2840e-01 +1.1426e+00 +8.5758e-01 -1.7187e+00 +2.5272e+00 -3.7217e+00 +4.8392e+00
1116 0 +7.015044787e+03 +7.074174787e+03 +7.074174787e+03 +3.1972e-01 +1.8852e-01 -8.5807e-01 -4.7405e-01 +9.7189e-01 +4.2282e-01 -1.7428e+00 +2.9877e+00 -3.6669e+00 +4.3210e+00
1211 0 +6.895873036e+03 +6.955003036e+03 +6.955003036e+03 +1.3639e-01 +2.1623e-01 -6.0535e-01 -7.9497e-01 +5.6950e-01 +3.5713e-01 -2.4400e+00 +3.5053e+00 -3.4710e+00 +4.3376e+00
1319 0 +4.810813142e+03 +4.869943142e+03 +4.869943142e+03 -1.0286e-01 +5.1837e-01 -4.1519e-01 -3.4589e-01 -4.7738e-01 +3.0993e-03 -1.7640e+00 +2.5337e+00 -2.9434e+00 +4.3886e+00
1324 0 +3.811624932e+03 +3.870754932e+03 +3.870754932e+03 +5.4874e-01 -4.0365e-01 -1.4909e+00 -1.8095e-01 +1.7151e+00 +1.1785e+00 -3.0568e+00 +4.3367e+00 -3.6395e+00 +4.3580e+00
2071 0 +2.872815230e+03 +2.931945230e+03 +2.931945230e+03 -9.3418e-01 +1.6326e-01 -2.5022e+00 +1.9594e-01 +2.0819e-01 +6.3576e-01 -3.7065e+00 +4.9470e+00 -3.1003e+00 +3.3438e+00
2172 0 +1.891209091e+03 +1.950339091e+03 +1.950339091e+03 -2.3530e+00 +3.5684e-01 -3.4632e+00 +5.7519e-01 +3.8331e-01 +6.8576e-01 -3.4945e+00 +4.8275e+00 -1.5790e+00 +3.7823e+00
2217 0 +1.056997475e+03 +1.116127475e+03 +1.116127475e+03 -1.8495e+00 +7.2840e-01 -2.6233e+00 +4.3783e-02 -3.1747e-01 +1.1321e+00 -3.5274e+00 +4.4592e+00 -1.2813e+00 +4.1430e+00
2276 0 +6.991982046e+02 +7.583282046e+02 +7.583282046e+02 -3.5550e+00 +2.4626e+00 -2.4227e+00 +2.8328e-01 -3.3967e+00 +1.5945e+00 -2.8676e+00 +3.8745e+00 -1.4735e+00 +2.9876e+00
2410 0 +6.439657260e+02 +7.030957260e+02 +7.030957260e+02 -4.8969e-01 +3.7965e-01 -1.2886e+00 +8.7624e-02 -1.5198e+00 +5.5499e-01 -3.9343e+00 +4.9118e+00 -2.9818e+00 +3.2173e+00
% f evaluations | g evaluations | best noise-free fitness - Fopt (-4.915300000000e+02) + sum g_i+ | measured fitness | best measured fitness or single-digit g-values | x1 | x2...
1 0 +9.446087697e+06 +9.445596167e+06 +9.445596167e+06 +5.9671e-01 -3.8264e-02 +7.4769e-01 +1.6230e+00 -1.3415e-01 -1.3414e-01 +1.6792e+00 +8.6743e-01 -3.6947e-01 +6.4256e-01
2 0 +5.127909550e+05 +5.122994250e+05 +5.122994250e+05 -3.6342e-01 -3.6573e-01 +3.4196e-01 -1.8133e+00 -1.6249e+00 -4.6229e-01 -9.1283e-01 +4.1425e-01 -8.0802e-01 -1.3123e+00
76 0 +2.664712104e+05 +2.659796804e+05 +2.659796804e+05 +8.2080e-01 +1.8532e-01 -1.8082e+00 -1.0944e+00 -1.4481e+00 -9.9547e-01 -1.6191e+00 +7.0035e-01 +2.5745e-01 -2.7180e+00
129 0 +1.285419592e+05 +1.280504292e+05 +1.280504292e+05 +9.5125e-01 +2.4347e+00 -2.9644e+00 -1.9321e+00 +1.9083e-01 -3.3977e+00 -6.9549e-02 +2.4300e+00 -2.1650e+00 -1.0864e+00
151 0 +7.226920480e+04 +7.177767480e+04 +7.177767480e+04 +1.8398e+00 +4.4894e-01 -2.3678e+00 +1.8439e-01 +1.2762e+00 -2.3013e+00 -2.0326e+00 +9.5014e-01 -2.5131e+00 +1.1392e+00
401 0 +2.150196893e+04 +2.101043893e+04 +2.101043893e+04 +4.3708e-01 -1.4692e+00 -1.7906e+00 -4.8160e-01 +1.0035e+00 -2.9755e+00 -1.2204e+00 +6.3989e-01 -2.2336e+00 +7.5248e-01
753 0 +1.522392099e+04 +1.473239099e+04 +1.473239099e+04 +1.9443e-01 -1.1234e+00 -1.3211e+00 -5.4778e-01 +5.2340e-01 -2.9290e+00 -1.3943e+00 +9.6988e-01 -1.9092e+00 +1.1714e+00
892 0 +4.637446795e+03 +4.145916795e+03 +4.145916795e+03 -6.5690e-01 -1.5025e+00 -2.6215e+00 -7.0187e-01 +2.3452e-01 -3.0840e+00 -1.6121e+00 +1.6429e+00 -8.9661e-01 -1.7126e-02
1171 0 +1.592045508e+03 +1.100515508e+03 +1.100515508e+03 +2.7972e+00 +6.7512e-01 -3.9893e+00 +9.4275e-01 +1.1785e+00 -2.0763e+00 -3.7426e+00 +2.4348e+00 -3.6135e+00 +2.5633e+00
1689 0 +1.491939848e+03 +1.000409848e+03 +1.000409848e+03 +2.7811e+00 +5.9643e-01 -4.1500e+00 +1.1953e+00 +6.7142e-01 -2.1053e+00 -3.5136e+00 +2.5183e+00 -4.1179e+00 +1.7496e+00
1787 0 +1.474260602e+03 +9.827306018e+02 +9.827306018e+02 +1.8802e+00 -8.4035e-02 -4.2960e+00 +8.0234e-01 +1.3705e+00 -1.8535e+00 -3.6921e+00 +1.8750e+00 -3.9221e+00 +1.9356e+00
1798 0 +1.368396509e+03 +8.768665085e+02 +8.768665085e+02 +2.2872e+00 +5.8056e-01 -3.5521e+00 +6.4533e-01 +1.0207e+00 -2.5495e+00 -2.5656e+00 +2.3392e+00 -3.5243e+00 +1.5122e+00
1814 0 +9.178122013e+02 +4.262822013e+02 +4.262822013e+02 +1.7544e+00 -9.1823e-01 -3.4056e+00 +7.0334e-01 +5.1208e-01 -1.9008e+00 -3.1621e+00 +1.5952e+00 -2.5918e+00 +6.7617e-01
1876 0 +6.304559578e+02 +1.389259578e+02 +1.389259578e+02 +1.2433e+00 -1.4488e-01 -4.1964e+00 +5.8941e-01 +1.5597e+00 -2.2018e+00 -3.0572e+00 +1.7966e+00 -4.2355e+00 +1.7855e+00
1965 0 +4.776785548e+02 -1.385144515e+01 -1.385144515e+01 +1.0369e+00 +1.4633e+00 -3.6868e+00 -4.1612e-01 -1.1143e+00 -3.0260e+00 -2.8301e+00 +3.9728e+00 -1.8572e+00 +1.5750e+00
2057 0 +4.627632654e+02 -2.876673461e+01 -2.876673461e+01 +1.0090e+00 -8.1764e-01 -3.8395e+00 +7.2659e-01 -3.8206e-01 -2.2952e+00 -2.6291e+00 +1.9297e+00 -3.0785e+00 -5.3704e-01
2279 0 +4.578864412e+02 -3.364355879e+01 -3.364355879e+01 +1.5871e+00 -1.3674e+00 -4.1341e+00 +1.0697e+00 -1.4560e+00 -1.3701e+00 -4.0223e+00 +2.0092e+00 -2.1009e+00 -7.8510e-01
2303 0 +3.922674665e+02 -9.926253355e+01 -9.926253355e+01 +1.0618e+00 -1.0143e+00 -3.9216e+00 +6.7848e-01 +6.0958e-01 -2.1706e+00 -2.8083e+00 +1.5471e+00 -3.0605e+00 +5.0726e-02
2374 0 +2.134730690e+02 -2.780569310e+02 -2.780569310e+02 +2.1137e+00 +3.5211e-01 -3.8379e+00 +5.8491e-01 -3.7644e-01 -2.1924e+00 -3.3873e+00 +2.8211e+00 -2.5310e+00 +1.0080e+00
2447 0 +1.975284550e+02 -2.940015450e+02 -2.940015450e+02 +1.1020e+00 -2.5725e+00 -3.7932e+00 +1.1138e+00 +1.0136e+00 -1.4068e+00 -3.1910e+00 +2.7636e-01 -3.1857e+00 -6.2491e-01
% f evaluations | g evaluations | best noise-free fitness - Fopt (-1.702000000000e+02) + sum g_i+ | measured fitness | best measured fitness or single-digit g-values | x1 | x2...
1 0 +7.984198779e+06 +7.984028579e+06 +7.984028579e+06 +5.9671e-01 -3.8264e-02 +7.4769e-01 +1.6230e+00 -1.3415e-01 -1.3414e-01 +1.6792e+00 +8.6743e-01 -3.6947e-01 +6.4256e-01
18 0 +5.809193070e+06 +5.809022870e+06 +5.809022870e+06 -7.8951e-01 -7.1581e-01 +2.2898e-02 +4.4115e-01 +3.7669e-01 +9.2718e-01 +1.1300e-01 +1.5535e+00 -1.6466e-01 +2.8202e+00
51 0 +5.583666529e+05 +5.581964529e+05 +5.581964529e+05 +1.5227e+00 +4.9942e-01 -1.8006e+00 +2.9734e+00 +2.2188e+00 -7.1190e-01 -1.0736e+00 +1.9990e+00 +5.2035e-01 +4.6344e+00
52 0 +4.000697818e+05 +3.998995818e+05 +3.998995818e+05 -1.8975e+00 -4.1381e-01 +1.0833e+00 +6.7350e-03 +2.6559e+00 -7.6895e-02 +9.7834e-01 +3.2679e+00 -8.6854e-01 +3.3502e+00
53 0 +3.065748948e+05 +3.064046948e+05 +3.064046948e+05 -4.8919e-02 +3.1739e-01 +8.9001e-01 +2.7875e+00 +3.0776e+00 +1.4967e+00 +8.0094e-01 -5.3224e-01 +1.7228e+00 +2.2378e+00
112 0 +2.653230148e+05 +2.651528148e+05 +2.651528148e+05 -8.4065e-01 -1.9437e+00 +1.2056e+00 +2.9445e+00 +2.2966e+00 +3.0837e+00 +5.8762e-01 +3.7761e-01 +1.2959e+00 +3.3941e+00
204 0 +1.805246870e+05 +1.803544870e+05 +1.803544870e+05 +7.1512e-01 -1.8009e+00 +1.4178e+00 +4.6707e+00 +3.9520e+00 +1.6237e+00 +4.6253e+00 -2.8057e+00 +7.9947e-01 +5.5283e-01
260 0 +1.198540699e+05 +1.196838699e+05 +1.196838699e+05 -7.5550e-01 -3.0149e+00 -3.6414e+00 +4.1437e+00 +3.7496e+00 -3.4574e-01 +4.1445e+00 +8.8316e-01 -3.3207e+00 +3.2009e+00
310 0 +1.097323230e+05 +1.095621230e+05 +1.095621230e+05 +5.4219e-01 -7.2558e-01 +1.3888e+00 +4.9152e+00 +3.0166e+00 +1.6392e+00 -1.8316e+00 +2.7395e-01 -5.5903e-01 +1.9321e+00
353 0 +5.345285201e+04 +5.328265201e+04 +5.328265201e+04 -1.6665e-01 -7.5885e-01 +1.1965e+00 +4.2509e+00 +2.3778e+00 +3.2650e-01 +4.0779e+00 +1.0234e+00 -3.8501e-01 +1.3993e+00
570 0 +5.332955849e+04 +5.315935849e+04 +5.315935849e+04 +6.3527e-01 -2.3931e+00 -5.9258e-01 +3.1286e+00 +3.6058e+00 +1.1931e+00 +2.8689e+00 -2.2778e-01 -6.4998e-01 +2.1085e+00
653 0 +2.950265296e+04 +2.933245296e+04 +2.933245296e+04 -3.7135e-01 -1.2350e+00 -3.0280e-01 +3.5465e+00 +2.8993e+00 +7.0714e-01 +2.0840e+00 +6.9870e-01 +2.6767e-01 +2.9675e+00
724 0 +2.441521118e+04 +2.424501118e+04 +2.424501118e+04 +2.0523e+00 -2.3466e+00 +2.2584e+00 +4.7073e+00 +4.2733e-01 +2.2581e+00 +1.5665e-01 +9.1916e-01 -1.6611e-01 +2.2536e+00
727 0 +2.353936965e+04 +2.336916965e+04 +2.336916965e+04 +4.7031e-01 -2.1566e+00 -2.3664e+00 +1.9420e+00 +2.2615e+00 +1.6035e+00 +2.2071e+00 +1.5225e+00 +3.5035e-01 +4.1680e+00
1114 0 +1.746480920e+04 +1.729460920e+04 +1.729460920e+04 -3.0993e+00 -1.8023e+00 +1.5839e+00 +2.5752e+00 +4.5415e+00 -1.9808e+00 +5.8965e-01 +1.6071e+00 -4.1429e+00 +3.1836e+00
1284 0 +1.091751813e+04 +1.074731813e+04 +1.074731813e+04 -3.2929e+00 -2.6593e+00 +2.9672e+00 +2.1506e+00 +3.2726e+00 -2.0365e+00 +3.0781e+00 +1.6802e+00 -2.8253e+00 +4.1668e+00
1468 0 +8.271647652e+03 +8.101447652e+03 +8.101447652e+03 -3.4293e+00 -2.1490e+00 +2.8998e+00 +2.8640e+00 +3.6271e+00 -2.5580e+00 +4.5295e+00 +1.6958e+00 -4.3871e+00 +2.7010e+00
1530 0 +6.024956080e+03 +5.854756080e+03 +5.854756080e+03 -3.3274e-02 -2.0909e+00 +2.5249e-03 +4.0649e+00 +1.7285e+00 +2.9137e-01 +2.2989e+00 +1.8582e+00 -2.0999e+00 +2.7553e+00
1552 0 +5.675535834e+03 +5.505335834e+03 +5.505335834e+03 -3.2119e+00 -3.2225e+00 +1.0189e+00 +2.1439e+00 +3.6799e+00 -2.1536e+00 +2.1791e+00 +2.5624e+00 -4.7732e+00 +4.0686e+00
1571 0 +4.460271040e+03 +4.290071040e+03 +4.290071040e+03 -4.2767e+00 -1.7491e+00 +1.6343e+00 +3.8807e+00 +2.4792e+00 -2.5262e+00 +6.5516e-01 +2.6986e+00 -2.3345e+00 +4.9256e+00
1652 0 +2.080769295e+03 +1.910569295e+03 +1.910569295e+03 -3.2372e+00 -3.0294e+00 +1.7153e+00 +2.1431e+00 +3.5783e+00 -2.5153e+00 +4.2178e+00 +1.9544e+00 -4.1812e+00 +3.8353e+00
1756 0 +2.049231095e+03 +1.879031095e+03 +1.879031095e+03 -2.1297e+00 -3.2984e+00 +1.1961e+00 +2.1731e+00 +3.3852e+00 -1.6052e+00 +4.1607e+00 +1.7741e+00 -4.2479e+00 +3.3579e+00
1870 0 +1.771942949e+03 +1.601742949e+03 +1.601742949e+03 -2.0085e+00 -3.3841e+00 +6.2258e-01 +2.3759e+00 +2.8037e+00 -1.4722e+00 +3.1802e+00 +2.1608e+00 -3.9951e+00 +4.1489e+00
1910 0 +1.056334283e+03 +8.861342832e+02 +8.861342832e+02 -2.6358e+00 -2.7395e+00 +4.0256e-01 +2.7077e+00 +3.0523e+00 -1.9974e+00 +3.3847e+00 +2.5594e+00 -4.3379e+00 +3.7677e+00
1930 0 +7.558552725e+02 +5.856552725e+02 +5.856552725e+02 -3.2568e+00 -3.3983e+00 +2.9262e+00 +2.6365e+00 +2.8251e+00 -2.4275e+00 +3.4403e+00 +2.3569e+00 -4.6745e+00 +3.7885e+00
2126 0 +7.251528877e+02 +5.549528877e+02 +5.549528877e+02 -3.9894e+00 -2.9667e+00 +4.2297e-01 +2.0167e+00 +3.4438e+00 -2.8605e+00 +2.4805e+00 +3.1858e+00 -4.8425e+00 +4.8619e+00
2150 0 +4.646351617e+02 +2.944351617e+02 +2.944351617e+02 -4.0840e+00 -1.9825e+00 +7.3178e-01 +2.5512e+00 +3.4330e+00 -2.7609e+00 +3.0414e+00 +3.0343e+00 -4.0884e+00 +4.0081e+00
2218 0 +2.494426514e+02 +7.924265136e+01 +7.924265136e+01 -2.5395e+00 -3.0998e+00 -5.1964e-01 +1.4839e+00 +3.3259e+00 -1.9125e+00 +4.2942e+00 +2.4699e+00 -3.7460e+00 +4.5947e+00
2462 0 +1.886767517e+02 +1.847675170e+01 +1.847675170e+01 -3.1373e+00 -2.4853e+00 +1.2731e+00 +2.9217e+00 +3.1454e+00 -2.1083e+00 +2.6949e+00 +2.6756e+00 -4.4665e+00 +3.4758e+00
2483 0 +1.676401115e+02 -2.559888480e+00 -2.559888480e+00 -3.8576e+00 -2.3425e+00 +1.2174e+00 +2.5774e+00 +3.4020e+00 -2.7553e+00 +3.7416e+00 +2.8129e+00 -4.5292e+00 +3.7025e+00
% f evaluations | g evaluations | best noise-free fitness - Fopt (-4.697500000000e+02) + sum g_i+ | measured fitness | best measured fitness or single-digit g-values | x1 | x2...
1 0 +1.777962218e+06 +1.777492468e+06 +1.777492468e+06 +5.9671e-01 -3.8264e-02 +7.4769e-01 +1.6230e+00 -1.3415e-01 -1.3414e-01 +1.6792e+00 +8.6743e-01 -3.6947e-01 +6.4256e-01
3 0 +1.335109417e+06 +1.334639667e+06 +1.334639667e+06 +1.5656e+00 -1.2578e-01 +1.6753e-01 -1.3247e+00 -4.4438e-01 +2.1092e-01 -1.0510e+00 +4.7570e-01 -5.0064e-01 -1.9169e-01
6 0 +1.000638686e+06 +1.000168936e+06 +1.000168936e+06 +4.2408e-01 -2.8508e-01 -5.7692e-01 +7.1168e-01 +1.1310e+00 +1.0313e+00 -7.3922e-01 -2.0921e-01 +4.3126e-01 +1.0755e+00
28 0 +6.563094980e+05 +6.558397480e+05 +6.558397480e+05 +1.5413e+00 -1.3359e+00 +1.2632e+00 +1.1023e-01 -8.8151e-01 +5.6210e-01 +2.9906e-01 -5.0022e-01 +1.6980e-01 -2.8531e-01
52 0 +2.969864322e+05 +2.965166822e+05 +2.965166822e+05 +9.9522e-01 -2.4160e+00 +9.6545e-01 +5.8012e-01 -1.7352e-02 +5.7032e-01 -4.5004e-01 -3.2357e-01 +7.5400e-01 +4.6943e-01
101 0 +1.417797284e+05 +1.413099784e+05 +1.413099784e+05 -9.4195e-02 -2.2787e+00 -9.4957e-01 +3.7625e+00 +2.5811e+00 +2.7870e+00 -1.1594e-01 +1.6786e+00 +1.8021e+00 +1.3651e+00
104 0 +1.397107993e+05 +1.392410493e+05 +1.392410493e+05 +1.8937e+00 -1.1877e+00 +1.1816e+00 +1.7399e+00 +3.8252e-01 +2.4947e+00 +8.8449e-01 +5.7277e-01 +7.6077e-01 +1.4216e+00
159 0 +1.190301215e+05 +1.185603715e+05 +1.185603715e+05 +1.6984e+00 -1.8178e+00 +1.2325e+00 +1.2022e+00 -7.0361e-01 +4.4940e+00 -3.7824e-01 +2.9061e-01 -2.2256e+00 +1.9601e+00
214 0 +1.094127064e+05 +1.089429564e+05 +1.089429564e+05 +1.6357e+00 -2.7103e+00 -2.8180e+00 +3.7053e+00 +3.0566e-01 +1.4786e+00 -1.7694e+00 +2.6022e+00 -1.1704e+00 -5.8046e-01
229 0 +9.337578807e+04 +9.290603807e+04 +9.290603807e+04 +1.3768e+00 -1.4061e+00 -2.1572e+00 +2.7703e+00 -2.8648e-01 +3.9318e+00 -3.0488e+00 +3.7833e-01 -3.7548e+00 +1.2523e+00
279 0 +5.968225132e+04 +5.921250132e+04 +5.921250132e+04 +1.0401e+00 -1.8331e+00 -1.2049e+00 +2.1806e+00 +4.4357e-01 +1.6266e+00 -2.2154e+00 +1.0718e+00 -3.7356e-01 +2.1134e+00
302 0 +4.375795168e+04 +4.328820168e+04 +4.328820168e+04 -1.7649e-01 -3.3251e+00 -2.8352e-01 +3.8668e+00 +1.9844e-01 +2.8246e+00 -5.0500e-01 +9.7823e-01 -1.0277e+00 +1.0210e+00
451 0 +3.862721252e+04 +3.815746252e+04 +3.815746252e+04 +2.6380e+00 -4.5304e-01 -1.6431e-01 +2.2951e+00 +8.7124e-01 +3.2334e+00 +6.8371e-01 +2.1828e+00 +1.0556e+00 +1.9295e+00
514 0 +3.487925213e+04 +3.440950213e+04 +3.440950213e+04 +7.9976e-01 -2.9119e+00 +4.3065e-01 +3.3506e+00 -3.6211e-01 +3.0845e+00 +7.8693e-01 +1.7586e+00 -1.4908e+00 +2.1287e-01
520 0 +2.890481291e+04 +2.843506291e+04 +2.843506291e+04 +6.9441e-01 -2.7997e+00 +1.1406e+00 +2.5269e+00 -8.2370e-01 +2.0982e+00 -2.0346e-01 +3.7239e-01 -3.8388e-01 +2.4466e+00
602 0 +9.635379765e+03 +9.165629765e+03 +9.165629765e+03 +1.0539e+00 -1.0826e+00 +1.3022e+00 +3.4644e+00 +7.4718e-01 +3.7073e+00 +1.4029e+00 +3.4552e+00 -1.7371e-02 +2.3183e+00
711 0 +5.192545104e+03 +4.722795104e+03 +4.722795104e+03 +1.7035e-01 -3.1028e+00 +2.7258e+00 +2.3162e+00 -1.2617e+00 +3.2815e+00 +9.5262e-01 +4.2468e+00 -3.1354e+00 +4.7572e-01
1430 0 +4.075765590e+03 +3.606015590e+03 +3.606015590e+03 +2.8815e+00 -6.9269e-01 +1.8058e+00 +2.8639e-01 +1.0975e+00 +4.1961e+00 +1.6056e+00 +3.1283e+00 +2.6802e+00 +2.7101e+00
1557 0 +2.600111593e+03 +2.130361593e+03 +2.130361593e+03 +1.5555e+00 -1.2658e+00 +3.5579e+00 +8.5563e-01 +4.7663e-01 +4.4460e+00 +2.3528e+00 +9.8087e-01 +1.9706e+00 +3.3816e+00
1628 0 +1.086260512e+03 +6.165105116e+02 +6.165105116e+02 +2.5534e+00 -5.4763e-01 +1.4544e+00 +2.2207e+00 +1.6891e+00 +3.8278e+00 +3.3690e+00 +3.9514e+00 +3.7308e+00 +2.2988e+00
2253 0 +5.144512030e+02 +4.470120302e+01 +4.470120302e+01 -3.8905e-01 -3.1021e+00 +3.8188e+00 +1.0422e+00 -2.1339e-01 +2.1127e+00 +2.2388e-01 -1.7561e-01 +9.0276e-01 +3.9029e+00
2419 0 +4.772582931e+02 +7.508293106e+00 +7.508293106e+00 -6.9134e-01 -3.3695e+00 +4.3470e+00 +1.1253e+00 -7.6446e-01 +2.9915e+00 +4.7458e-01 -8.2497e-01 -6.1290e-01 +3.2469e+00
2461 0 +3.146473703e+02 -1.551026297e+02 -1.551026297e+02 +1.3068e+00 -2.1360e+00 +3.3816e+00 +8.1094e-01 +4.8559e-02 +3.2453e+00 +2.0099e+00 +1.6895e+00 +1.9716e+00 +2.8804e+00
% f evaluations | g evaluations | best noise-free fitness - Fopt (-5.191000000000e+01) + sum g_i+ | measured fitness | best measured fitness or single-digit g-values | x1 | x2...
1 0 +8.415068501e+06 +8.415016591e+06 +8.415016591e+06 +5.9671e-01 -3.8264e-02 +7.4769e-01 +1.6230e+00 -1.3415e-01 -1.3414e-01 +1.6792e+00 +8.6743e-01 -3.6947e-01 +6.4256e-01
2 0 +3.471323576e+06 +3.471271666e+06 +3.471271666e+06 -3.6342e-01 -3.6573e-01 +3.4196e-01 -1.8133e+00 -1.6249e+00 -4.6229e-01 -9.1283e-01 +4.1425e-01 -8.0802e-01 -1.3123e+00
3 0 +3.365975069e+06 +3.365923159e+06 +3.365923159e+06 +1.5656e+00 -1.2578e-01 +1.6753e-01 -1.3247e+00 -4.4438e-01 +2.1092e-01 -1.0510e+00 +4.7570e-01 -5.0064e-01 -1.9169e-01
4 0 +3.734226445e+05 +3.733707345e+05 +3.733707345e+05 -5.0171e-01 +1.9523e+00 +8.6503e-02 -9.5771e-01 +9.2254e-01 -1.1208e+00 +3.0886e-01 -1.8597e+00 -1.2282e+00 +2.9686e-01
61 0 +1.880423314e+05 +1.879904214e+05 +1.879904214e+05 -2.9033e-01 +7.2574e-01 +6.7120e-01 +6.5522e-01 +1.7149e+00 -2.2096e+00 -1.5631e+00 -2.7641e+00 -5.2884e-01 +4.4911e-01
175 0 +8.523084601e+04 +8.517893601e+04 +8.517893601e+04 +1.5085e-02 +1.9668e+00 -4.1147e+00 +2.6250e+00 +2.5859e+00 -1.9174e-01 +4.4856e-01 -2.7698e+00 -4.6783e-01 +5.4815e-01
325 0 +5.488900208e+04 +5.483709208e+04 +5.483709208e+04 +1.4057e+00 +2.6321e+00 -1.2978e+00 +3.9151e+00 +2.4317e+00 -3.2902e+00 +3.9721e-01 -3.0295e+00 -9.2734e-01 +4.7463e+00
410 0 +1.909995638e+04 +1.904804638e+04 +1.904804638e+04 +6.8414e-01 +1.7850e+00 -7.0859e-01 +2.3545e+00 +2.9590e+00 -1.5120e+00 -4.3864e-01 -2.1978e+00 -3.0943e-01 +2.3982e+00
810 0 +1.467317962e+04 +1.462126962e+04 +1.462126962e+04 +3.7493e-01 +9.5692e-01 -1.1687e+00 +1.6619e+00 +2.8340e+00 -1.9988e+00 -1.3819e+00 -1.7242e+00 +2.8623e+00 +2.4557e+00
838 0 +1.325925797e+04 +1.320734797e+04 +1.320734797e+04 -6.6841e-02 +2.6565e+00 -1.4846e+00 +1.7209e+00 +1.5708e+00 -2.0109e+00 -2.5216e-01 -9.8264e-01 +2.0032e+00 +2.6046e+00
928 0 +9.649893878e+03 +9.597983878e+03 +9.597983878e+03 -8.2799e-02 +1.5954e+00 -1.5441e+00 +1.9210e+00 +1.7099e+00 -3.2619e+00 -6.0308e-01 -1.9014e+00 +2.4360e+00 +2.0949e+00
1027 0 +6.705955187e+03 +6.654045187e+03 +6.654045187e+03 +1.7839e-01 +2.1197e+00 -2.2558e+00 +1.9655e+00 +2.6135e+00 -5.0040e-01 -9.0511e-01 -5.9516e-01 +3.0675e+00 +3.1514e+00
1205 0 +3.156130042e+03 +3.104220042e+03 +3.104220042e+03 +5.6194e-01 +5.4921e-01 -1.1422e+00 +2.3948e+00 +3.3897e+00 -7.6816e-01 -2.2948e+00 -7.2632e-01 +3.8596e+00 +2.6231e+00
1568 0 +1.750834370e+03 +1.698924370e+03 +1.698924370e+03 +5.6178e-01 +1.8382e+00 -9.7699e-01 +1.8587e+00 +3.1288e+00 -3.6815e-01 -1.3670e+00 -9.6164e-01 +2.6500e+00 +3.8461e+00
1909 0 +1.241909320e+03 +1.189999320e+03 +1.189999320e+03 +1.6449e-01 +1.5707e+00 -1.8357e+00 +2.2037e+00 +2.7220e+00 -1.7921e+00 -2.8868e-01 -2.7440e+00 +4.2864e-01 +2.4143e+00
2013 0 +9.404023279e+02 +8.884923279e+02 +8.884923279e+02 +1.5882e+00 +1.8615e+00 -1.2358e+00 +2.9805e+00 +3.7196e+00 +1.9636e-01 -1.2229e+00 -1.7173e+00 +7.6710e-01 +4.1278e+00
2149 0 +6.848151160e+02 +6.329051160e+02 +6.329051160e+02 +1.0435e+00 +1.8907e+00 -1.3189e+00 +2.3434e+00 +3.5426e+00 -1.0410e-01 -1.0837e+00 -1.2190e+00 +1.8273e+00 +4.0438e+00
2315 0 +5.410367728e+02 +4.891267728e+02 +4.891267728e+02 +7.9202e-01 +2.5773e+00 -1.1110e+00 +1.7985e+00 +2.4737e+00 +1.0485e+00 -1.8282e+00 -6.3367e-01 +2.6864e+00 +4.4442e+00
2374 0 +5.055195185e+02 +4.536095185e+02 +4.536095185e+02 +1.2293e+00 +2.9207e+00 -1.2435e+00 +2.2926e+00 +1.9662e+00 +1.0633e+00 -1.8733e+00 -1.4188e+00 +1.5581e+00 +4.3652e+00
2419 0 +5.042059185e+02 +4.522959185e+02 +4.522959185e+02 +1.4688e+00 +1.8170e+00 -7.3685e-01 +2.7740e+00 +3.7079e+00 -5.9855e-01 -9.3687e-01 -1.7133e+00 +8.4699e-01 +4.3942e+00
2461 0 +4.454225333e+02 +3.935125333e+02 +3.935125333e+02 +8.1254e-01 +1.3725e+00 -9.4686e-01 +2.2145e+00 +3.3086e+00 -3.3351e-01 -1.7430e+00 -1.1353e+00 +2.5613e+00 +3.5280e+00
2470 0 +3.683728179e+02 +3.164628179e+02 +3.164628179e+02 +1.0549e+00 +2.9306e+00 -1.8579e+00 +2.2696e+00 +2.0913e+00 +1.0676e+00 -1.4990e+00 -1.6944e+00 +1.2368e+00 +4.2105e+00
% f evaluations | g evaluations | best noise-free fitness - Fopt (4.808000000000e+01) + sum g_i+ | measured fitness | best measured fitness or single-digit g-values | x1 | x2...
1 0 +7.072208091e+06 +7.072256171e+06 +7.072256171e+06 +5.9671e-01 -3.8264e-02 +7.4769e-01 +1.6230e+00 -1.3415e-01 -1.3414e-01 +1.6792e+00 +8.6743e-01 -3.6947e-01 +6.4256e-01
2 0 +3.344361654e+06 +3.344409734e+06 +3.344409734e+06 -3.6342e-01 -3.6573e-01 +3.4196e-01 -1.8133e+00 -1.6249e+00 -4.6229e-01 -9.1283e-01 +4.1425e-01 -8.0802e-01 -1.3123e+00
3 0 +1.771217716e+06 +1.771265796e+06 +1.771265796e+06 +1.5656e+00 -1.2578e-01 +1.6753e-01 -1.3247e+00 -4.4438e-01 +2.1092e-01 -1.0510e+00 +4.7570e-01 -5.0064e-01 -1.9169e-01
5 0 +1.519111821e+06 +1.519159901e+06 +1.519159901e+06 +8.3847e-01 +2.7137e-01 -1.5648e-02 -2.0110e-01 -1.3785e+00 -6.1984e-01 -3.6064e-01 +1.1571e+00 +4.4362e-01 -1.6630e+00
23 0 +8.859623300e+05 +8.860104100e+05 +8.860104100e+05 +2.4147e+00 -1.7673e+00 +7.8626e-01 -1.5127e+00 -3.7193e-01 +1.1890e+00 +1.6428e-01 -9.7774e-01 -6.1530e-01 +7.7960e-01
54 0 +7.703027817e+05 +7.703508617e+05 +7.703508617e+05 +2.5170e+00 -2.6164e+00 +1.2390e+00 -2.5187e+00 -1.1399e+00 +1.1088e+00 +8.9952e-01 -2.5517e+00 -4.1404e-02 -1.2341e+00
55 0 +7.231191890e+05 +7.231672690e+05 +7.231672690e+05 +1.7721e+00 -5.7417e-01 -2.1365e+00 -2.4555e-02 -9.7256e-01 +1.8008e+00 -6.5158e-02 -9.5140e-02 +1.0108e-01 -3.0885e+00
58 0 +3.661817774e+05 +3.662298574e+05 +3.662298574e+05 +3.2725e+00 -1.2894e+00 -2.1006e-01 -1.4366e+00 +6.7243e-02 +9.6827e-01 -1.6463e-01 +1.6920e+00 +3.3937e-01 -9.1010e-01
111 0 +2.754041661e+05 +2.754522461e+05 +2.754522461e+05 +2.5798e+00 -1.4919e+00 -9.7286e-01 -3.4021e+00 +1.0769e+00 -1.9113e-01 +7.3646e-01 +2.1710e+00 +5.0144e-01 -1.2045e+00
191 0 +1.788380458e+05 +1.788861258e+05 +1.788861258e+05 +1.9915e+00 +1.1945e-01 -2.9927e+00 -1.3706e+00 +5.4729e-01 +1.3010e+00 -6.5372e-01 -7.5992e-01 -1.9900e+00 -2.3200e+00
424 0 +1.046723576e+05 +1.047204376e+05 +1.047204376e+05 +1.9729e+00 -7.6839e-01 -3.0072e+00 -2.5634e+00 +2.5579e+00 -7.1115e-01 -1.4398e+00 +7.1366e-01 -2.0798e+00 -6.5292e-02
456 0 +3.220052083e+04 +3.224860083e+04 +3.224860083e+04 +2.8907e+00 -4.1489e-01 -4.4186e+00 -3.5771e+00 +2.0820e+00 -1.7820e+00 -5.8967e-01 +8.0395e-01 -7.1523e-01 -1.5901e+00
797 0 +3.078201561e+04 +3.083009561e+04 +3.083009561e+04 +1.7448e+00 -3.5360e+00 -1.3255e+00 -2.6900e+00 +3.0824e+00 -1.5095e+00 -2.9822e+00 +8.4879e-01 -4.6556e+00 -1.5730e-01
813 0 +1.324566674e+04 +1.329374674e+04 +1.329374674e+04 +1.2300e+00 -2.1528e+00 -4.3926e+00 -3.4619e+00 +2.4989e+00 -2.3492e+00 -2.7012e+00 +8.1830e-01 +6.7127e-01 -3.0698e+00
865 0 +1.144980063e+04 +1.149788063e+04 +1.149788063e+04 +1.1904e+00 -2.7965e+00 -2.9606e+00 -3.4566e+00 +1.7945e+00 -4.0497e-01 -1.7740e+00 -8.3525e-01 -2.2095e+00 -3.3005e+00
1066 0 +1.000671600e+04 +1.005479600e+04 +1.005479600e+04 +9.1214e-01 -4.0598e+00 -1.4676e+00 -4.9439e+00 -1.0859e+00 -3.9997e+00 -9.2681e-02 +1.3430e+00 -3.7786e+00 -2.1843e+00
1091 0 +6.927503299e+03 +6.975583299e+03 +6.975583299e+03 +1.0443e+00 -1.6100e+00 -4.1249e+00 -4.4484e+00 +3.1770e-01 -2.5806e+00 +1.1673e-01 +1.1621e+00 -2.5673e+00 -2.3118e+00
1453 0 +6.765441083e+03 +6.813521083e+03 +6.813521083e+03 +5.6068e-01 -3.3170e+00 -2.6116e+00 -2.9270e+00 +4.6133e-03 -3.4196e+00 -2.2192e+00 +1.0813e+00 -1.5092e+00 -2.9977e+00
1524 0 +5.796690561e+03 +5.844770561e+03 +5.844770561e+03 +8.4089e-01 -3.2487e+00 -1.9790e+00 -2.9577e+00 +4.8099e-01 -2.8980e+00 -2.1538e+00 -6.7620e-01 -2.9371e+00 -2.3482e+00
1535 0 +4.001193871e+03 +4.049273871e+03 +4.049273871e+03 +1.6857e+00 -3.3515e+00 -1.3111e+00 -4.1470e+00 +1.1253e+00 -2.7756e+00 -1.5046e+00 -2.3208e+00 -3.4139e+00 -2.1309e+00
1552 0 +2.838506463e+03 +2.886586463e+03 +2.886586463e+03 +1.3488e+00 -3.1954e+00 -2.1909e+00 -4.5777e+00 +2.7007e-01 -3.2689e+00 -4.6557e-01 +1.0071e+00 -2.2779e+00 -2.1148e+00
1606 0 +9.774687403e+02 +1.025548740e+03 +1.025548740e+03 +1.0890e+00 -2.5867e+00 -2.7238e+00 -3.7987e+00 -1.2086e-01 -2.9887e+00 -7.5158e-01 +3.3834e-01 -2.6097e+00 -2.6582e+00
2021 0 +3.733196465e+02 +4.213996465e+02 +4.213996465e+02 +1.3747e+00 -3.1294e+00 -1.9989e+00 -3.9968e+00 +7.9961e-01 -2.7333e+00 -1.3777e+00 -9.6947e-01 -2.7485e+00 -2.3111e+00
2297 0 +3.266437862e+02 +3.747237862e+02 +3.747237862e+02 +1.5605e+00 -2.0542e+00 -2.9072e+00 -4.1794e+00 +4.6140e-01 -2.9482e+00 -5.6212e-01 -1.0713e+00 -2.3092e+00 -2.5502e+00
2324 0 +2.549375410e+02 +3.030175410e+02 +3.030175410e+02 +1.5032e+00 -2.5759e+00 -2.2161e+00 -4.2140e+00 -2.4221e-01 -3.5781e+00 -3.4513e-01 -3.9394e-01 -3.1278e+00 -2.0070e+00
2405 0 +2.443015356e+02 +2.923815356e+02 +2.923815356e+02 +1.2768e+00 -3.7193e+00 -2.1347e+00 -3.9283e+00 +1.7204e+00 -1.5693e+00 -1.8390e+00 +1.5390e+00 -1.7574e+00 -2.1844e+00
2461 0 +9.277613770e+01 +1.408561377e+02 +1.408561377e+02 +1.0770e+00 -3.6172e+00 -2.6213e+00 -3.5323e+00 +1.9486e+00 -1.5904e+00 -2.2535e+00 +2.2687e+00 -1.6696e+00 -2.1566e+00
% f evaluations | g evaluations | best noise-free fitness - Fopt (3.058000000000e+01) + sum g_i+ | measured fitness | best measured fitness or single-digit g-values | x1 | x2...
1 0 +1.935209604e+07 +1.935212662e+07 +1.935212662e+07 +5.9671e-01 -3.8264e-02 +7.4769e-01 +1.6230e+00 -1.3415e-01 -1.3414e-01 +1.6792e+00 +8.6743e-01 -3.6947e-01 +6.4256e-01
2 0 +4.066364824e+06 +4.066395404e+06 +4.066395404e+06 -3.6342e-01 -3.6573e-01 +3.4196e-01 -1.8133e+00 -1.6249e+00 -4.6229e-01 -9.1283e-01 +4.1425e-01 -8.0802e-01 -1.3123e+00
4 0 +2.906257570e+06 +2.906288150e+06 +2.906288150e+06 -5.0171e-01 +1.9523e+00 +8.6503e-02 -9.5771e-01 +9.2254e-01 -1.1208e+00 +3.0886e-01 -1.8597e+00 -1.2282e+00 +2.9686e-01
51 0 +2.166728201e+06 +2.166758781e+06 +2.166758781e+06 -4.5164e+00 +2.7890e+00 +6.5811e-02 +6.5953e-01 -2.0372e-01 -1.0985e+00 -5.8750e-01 +1.5587e-01 -2.1443e-01 +1.3202e+00
53 0 +8.285488616e+05 +8.285794416e+05 +8.285794416e+05 -3.6847e+00 +5.3168e-01 -3.3354e+00 +4.3327e-02 -2.1792e-01 -2.3210e+00 -2.2244e+00 -6.2510e-03 +2.5521e-01 -6.3108e-01
55 0 +2.403650780e+05 +2.403956580e+05 +2.403956580e+05 -1.6495e+00 +1.1685e+00 -9.4911e-01 -3.0743e+00 -4.8729e-01 +5.3918e-01 -1.9418e+00 +4.9568e-01 -4.7115e-01 -3.0091e-02
57 0 +1.363391175e+05 +1.363696975e+05 +1.363696975e+05 -2.1098e+00 +1.6709e-01 -2.8726e+00 -1.0108e+00 +1.2354e+00 -3.5342e-01 -1.7114e+00 -7.4858e-01 -2.7549e-01 +5.4239e-01
124 0 +1.352283166e+05 +1.352588966e+05 +1.352588966e+05 -2.1209e+00 -8.6357e-01 -2.8791e-01 -4.0618e-01 +4.9770e-01 -2.4772e+00 -2.3903e+00 +1.7045e+00 -3.3339e-01 +1.3502e+00
128 0 +1.257911775e+05 +1.258217575e+05 +1.258217575e+05 -1.6293e+00 +6.2095e-01 -9.6999e-01 +1.6883e+00 -1.8910e+00 -2.6750e-01 -3.1279e+00 +1.0631e+00 -1.6492e+00 +4.0526e-01
141 0 +1.103925902e+05 +1.104231702e+05 +1.104231702e+05 -3.3578e-01 +1.5487e+00 -3.1878e-01 +3.7759e-01 -1.3686e-01 -3.2246e+00 -3.3869e+00 -3.3206e-01 +2.8272e-01 +2.0991e+00
161 0 +9.607159457e+04 +9.610217457e+04 +9.610217457e+04 +4.0529e-01 +3.7952e+00 -3.0915e+00 +7.5688e-01 +6.2118e-02 +2.5841e-01 -2.3190e+00 -1.7409e+00 -3.3632e+00 +1.5822e+00
419 0 +9.019518250e+04 +9.022576250e+04 +9.022576250e+04 -3.0025e+00 -8.7357e-01 -1.2184e-01 +2.0233e-01 -5.4224e-01 +2.8818e-01 -4.1977e+00 +1.7467e+00 +2.6015e-01 +2.3074e-01
451 0 +7.150142343e+04 +7.153200343e+04 +7.153200343e+04 -3.3935e+00 +1.9724e+00 -1.6818e+00 +1.9368e+00 +1.3564e-01 +2.2687e+00 -2.8116e+00 -1.1258e-01 -1.8462e+00 -1.2204e+00
453 0 +4.578944210e+04 +4.582002210e+04 +4.582002210e+04 -2.6482e+00 +2.3765e+00 +6.1216e-01 +1.6237e+00 +1.3748e-02 +4.3652e-01 -3.0514e+00 +2.7254e-01 -2.1890e+00 -1.3777e+00
630 0 +2.353311868e+04 +2.356369868e+04 +2.356369868e+04 -1.7866e+00 +1.1309e+00 -6.0303e-01 +1.1492e+00 +5.1142e-01 +1.0786e+00 -4.4944e+00 +3.9204e-01 -2.8458e+00 -5.6336e-01
761 0 +1.284992981e+04 +1.288050981e+04 +1.288050981e+04 -1.0862e+00 +1.1391e+00 -2.2033e+00 -1.4277e-02 -1.9855e-01 +1.3967e+00 -4.4186e+00 -4.3541e-01 -1.9591e+00 -3.2782e-01
1098 0 +1.058208289e+04 +1.061266289e+04 +1.061266289e+04 -4.5112e-01 -3.7918e-02 -2.7697e+00 +7.4141e-01 -1.1494e+00 +2.5784e-01 -4.8302e+00 -2.5415e-01 -1.5891e+00 +5.5104e-01
1145 0 +8.909477409e+03 +8.940057409e+03 +8.940057409e+03 -1.3301e+00 +2.1744e-01 -1.1743e+00 -8.9048e-01 -3.1428e-01 -1.5716e-01 -4.3777e+00 +4.6542e-01 -6.1728e-01 -3.2382e-01
1467 0 +8.721227998e+03 +8.751807998e+03 +8.751807998e+03 -1.4156e+00 +9.7012e-01 -2.1174e+00 -9.6721e-02 +7.7234e-01 +1.4404e+00 -3.6358e+00 -6.3989e-01 -2.9831e+00 -3.8987e-01
1626 0 +8.711664144e+03 +8.742244144e+03 +8.742244144e+03 -3.3805e-01 -1.0116e+00 -4.5391e+00 -2.8154e+00 +1.9394e+00 +1.0820e+00 -4.6741e+00 -1.0298e+00 -9.2089e-02 +1.7851e+00
1641 0 +7.032302015e+03 +7.062882015e+03 +7.062882015e+03 +1.5651e-01 +1.6050e+00 -3.7974e+00 -4.9788e+00 -2.0410e-01 +6.8045e-01 -3.9005e+00 -1.6469e+00 +1.1194e+00 -6.5643e-01
1653 0 +6.782805234e+03 +6.813385234e+03 +6.813385234e+03 -7.0826e-01 +9.5867e-01 -3.6608e+00 -1.1213e+00 +7.3280e-01 +1.7093e+00 -4.0992e+00 -1.3937e+00 -1.7353e+00 +5.1080e-02
1686 0 +4.574121006e+03 +4.604701006e+03 +4.604701006e+03 -3.2764e-01 +5.2661e-01 -3.6123e+00 -3.9191e+00 +7.1463e-01 +1.0864e-01 -4.0954e+00 -1.1971e+00 +1.1311e+00 +4.2641e-01
1747 0 +4.067492104e+03 +4.098072104e+03 +4.098072104e+03 -3.9215e-02 +9.4816e-01 -3.3861e+00 -2.8756e+00 -5.8478e-01 +7.2456e-01 -4.3159e+00 -9.7695e-01 -4.7616e-01 -3.0592e-01
1786 0 +3.708697745e+03 +3.739277745e+03 +3.739277745e+03 -1.3015e+00 +5.8317e-01 -3.8495e+00 -4.7069e+00 +1.8112e+00 +8.0285e-01 -3.0197e+00 -1.5952e+00 +1.2681e+00 -6.3742e-02
1799 0 +3.229739918e+03 +3.260319918e+03 +3.260319918e+03 -7.5332e-01 -4.7907e-01 -3.8912e+00 -3.2204e+00 +9.5554e-01 +3.1984e+00 -4.9454e+00 -1.0092e+00 -1.6842e+00 -5.6895e-01
1821 0 +3.080081868e+03 +3.110661868e+03 +3.110661868e+03 -1.8460e+00 -1.2840e+00 -2.1889e+00 -3.1726e+00 +2.5933e+00 +1.4256e+00 -4.8123e+00 +2.7099e-01 +2.2736e-01 +5.3732e-01
1926 0 +1.412566975e+03 +1.443146975e+03 +1.443146975e+03 -1.0671e+00 -1.1376e+00 -3.8668e+00 -1.9771e+00 +5.9261e-01 -4.3712e-01 -4.3684e+00 -4.1844e-01 +2.0766e+00 +1.5025e+00
2373 0 +1.360920064e+03 +1.391500064e+03 +1.391500064e+03 -3.4647e+00 -9.4217e-01 +3.5755e-01 -4.5325e+00 +4.6128e+00 -1.8177e-01 -3.7877e+00 +1.0622e+00 +2.4200e+00 +2.8489e-01
2446 0 +1.137816972e+03 +1.168396972e+03 +1.168396972e+03 -1.7367e+00 -4.5416e-01 -1.5773e+00 -3.3829e+00 +1.6879e+00 -1.6916e+00 -3.8190e+00 +2.6590e-01 +3.0278e+00 +1.0567e+00
% f evaluations | g evaluations | best noise-free fitness - Fopt (1.000000000000e+03) + sum g_i+ | measured fitness | best measured fitness or single-digit g-values | x1 | x2...
1 0 +3.539809844e+06 +3.540809844e+06 +3.540809844e+06 +5.9671e-01 -3.8264e-02 +7.4769e-01 +1.6230e+00 -1.3415e-01 -1.3414e-01 +1.6792e+00 +8.6743e-01 -3.6947e-01 +6.4256e-01
9 0 +2.056721451e+06 +2.057721451e+06 +2.057721451e+06 -1.1967e-01 +4.5711e-01 +1.5779e+00 -4.1827e-01 -7.0849e-01 -4.0176e-01 +1.0154e+00 +4.2875e-01 -4.2976e-01 +6.1327e-01
21 0 +9.707796952e+05 +9.717796952e+05 +9.717796952e+05 +4.5779e-01 +6.6078e-01 +1.1831e+00 +1.1538e+00 -1.2777e+00 -8.3783e-01 +6.1504e-01 +6.1379e-01 +6.1505e-01 +3.9527e+00
51 0 +4.279531961e+05 +4.289531961e+05 +4.289531961e+05 +3.7184e-01 +2.6276e-01 -1.6934e+00 -1.1989e+00 -3.1642e+00 -2.8276e+00 +2.6879e+00 -5.3314e-01 +1.7631e+00 +3.1245e+00
56 0 +1.619790875e+05 +1.629790875e+05 +1.629790875e+05 -2.4743e+00 -1.3148e+00 -1.6408e+00 -1.2568e+00 -2.0240e+00 -1.9578e+00 -1.9366e-01 -3.7254e-01 +2.6601e+00 +8.4851e-01
59 0 +1.203288245e+05 +1.213288245e+05 +1.213288245e+05 +2.5599e-01 +1.8417e-01 -1.4965e+00 +1.1339e+00 -1.5696e+00 -7.8251e-01 +2.5544e-01 -1.9752e-01 +1.0255e+00 +4.3092e+00
202 0 +5.939571905e+04 +6.039571905e+04 +6.039571905e+04 -2.3941e+00 +3.2115e+00 -1.2101e+00 +7.5980e-01 -3.7539e+00 -2.2358e+00 +8.6671e-01 +3.9334e-02 +3.5074e+00 +2.0816e+00
306 0 +4.343893163e+04 +4.443893163e+04 +4.443893163e+04 +9.0371e-01 +1.2211e+00 -2.5261e+00 +4.7357e-01 -3.3026e+00 -1.9805e+00 +1.6710e+00 -5.8023e-01 +3.2450e+00 +3.3817e+00
551 0 +3.520489607e+04 +3.620489607e+04 +3.620489607e+04 -1.8787e+00 +2.8045e+00 -1.6796e-01 -1.7869e+00 -1.0136e+00 -1.3501e+00 +2.7479e-01 -3.0816e+00 +3.4157e+00 +2.8051e+00
585 0 +3.460045993e+04 +3.560045993e+04 +3.560045993e+04 -3.7950e+00 +2.1011e+00 +3.2539e-01 -1.3715e+00 +1.0726e+00 -7.2740e-01 -9.8974e-01 -4.5803e+00 +1.5572e+00 +2.9919e+00
710 0 +2.145392813e+04 +2.245392813e+04 +2.245392813e+04 +8.6359e-01 +1.5841e+00 -1.2364e-02 +1.9012e+00 -2.0949e+00 -2.4910e+00 +4.9379e-01 -8.9263e-01 +2.0118e+00 +3.9567e+00
793 0 +1.846844231e+04 +1.946844231e+04 +1.946844231e+04 -5.0152e-01 +2.0094e+00 -3.1031e+00 +7.7754e-01 -2.1620e+00 +9.7442e-02 +1.2820e+00 -2.3038e+00 +1.4787e+00 +4.6909e+00
1187 0 +1.733068564e+04 +1.833068564e+04 +1.833068564e+04 +4.5209e-01 +2.7064e+00 +6.1874e-01 +1.7039e+00 -3.4234e+00 -2.8603e+00 +8.5427e-01 -5.9833e-01 +3.5163e+00 +2.9899e+00
1297 0 +1.607494556e+04 +1.707494556e+04 +1.707494556e+04 +7.8052e-01 -6.8897e-01 -1.5921e+00 +5.1539e-01 -2.7429e+00 -2.6690e+00 +8.4181e-01 -4.5920e-01 +3.0118e+00 +2.7118e+00
1320 0 +1.301243937e+04 +1.401243937e+04 +1.401243937e+04 +9.7111e-02 -1.1439e-01 +1.4778e+00 +1.6531e+00 -2.2492e+00 -2.2761e+00 -3.9955e-01 -4.1948e+00 +4.2393e+00 +1.8255e+00
1332 0 +7.891240598e+03 +8.891240598e+03 +8.891240598e+03 +5.2322e-02 -3.0919e-01 -1.1676e+00 +1.0599e+00 -1.8197e+00 -1.6047e+00 +1.1438e+00 -4.4014e+00 +1.1348e+00 +2.7531e+00
1409 0 +7.255778123e+03 +8.255778123e+03 +8.255778123e+03 -1.0783e+00 +1.1707e+00 -2.1521e+00 +1.1147e+00 -2.9113e+00 -1.0948e+00 +1.1802e+00 -2.1425e+00 +1.8543e+00 +3.0245e+00
1593 0 +6.130785177e+03 +7.130785177e+03 +7.130785177e+03 +3.2016e-01 +1.4479e+00 +6.1730e-01 +8.1246e-01 -1.7068e+00 -2.7655e+00 +1.1092e+00 -3.2547e+00 +1.2807e+00 +2.9296e+00
1625 0 +5.867725386e+03 +6.867725386e+03 +6.867725386e+03 +4.2126e-01 +1.9758e-01 -2.6115e+00 +2.0519e+00 -3.0197e+00 -1.2143e+00 +1.3762e+00 -1.7003e+00 +1.5423e+00 +3.5405e+00
1642 0 +3.242518096e+03 +4.242518096e+03 +4.242518096e+03 -1.6045e+00 +2.1963e-01 -2.1410e+00 -1.4794e+00 -2.0820e+00 -8.7012e-01 +1.2834e+00 -3.3340e+00 +1.6009e+00 +2.3869e+00
1716 0 +3.238446997e+03 +4.238446997e+03 +4.238446997e+03 -7.1240e-01 -2.9117e-01 -3.1448e+00 -2.1050e+00 -3.6737e+00 -1.5754e+00 +2.2387e+00 -1.0622e+00 +2.4679e+00 +1.9856e+00
1789 0 +2.789191508e+03 +3.789191508e+03 +3.789191508e+03 -2.4352e-01 +1.4040e+00 -3.4527e+00 +7.8692e-01 -4.6296e+00 -7.2086e-01 +2.3937e+00 -9.5377e-01 +2.2755e+00 +2.9729e+00
1934 0 +1.240578305e+03 +2.240578305e+03 +2.240578305e+03 -7.9540e-01 +1.9849e+00 -3.1214e+00 -2.2550e-01 -4.0523e+00 -5.9123e-01 +1.8543e+00 -4.0934e-01 +3.0862e+00 +3.1869e+00
2018 0 +9.102343515e+02 +1.910234352e+03 +1.910234352e+03 -1.1972e+00 +2.5710e+00 -4.6568e+00 -1.5671e+00 -3.9875e+00 -1.0887e-01 +2.9401e+00 -7.4703e-02 +1.2736e+00 +3.7778e+00
2032 0 +8.426506633e+02 +1.842650663e+03 +1.842650663e+03 -1.7248e+00 +2.3946e+00 -1.4764e+00 +6.4819e-02 -2.3277e+00 -4.4690e-01 +2.6814e-01 -1.9265e+00 +3.4218e+00 +3.3738e+00
2313 0 +5.304030322e+02 +1.530403032e+03 +1.530403032e+03 -2.1170e+00 +3.1760e+00 -3.4582e+00 -1.8929e+00 -4.6891e+00 -5.2514e-02 +2.4736e+00 -1.0151e-01 +3.1986e+00 +2.6189e+00
2328 0 +4.982319656e+02 +1.498231966e+03 +1.498231966e+03 -3.1645e+00 +2.5480e+00 -1.7112e+00 -3.5953e+00 -2.7751e+00 -2.0322e-01 +1.1074e+00 -1.9377e+00 +3.8240e+00 +2.0590e+00
2361 0 +3.611447410e+02 +1.361144741e+03 +1.361144741e+03 -2.2675e+00 +2.9897e+00 -3.7083e+00 -2.3865e+00 -4.2438e+00 +1.7317e-01 +2.2797e+00 -2.3268e-01 +3.1358e+00 +2.8887e+00
2409 0 +3.395196870e+02 +1.339519687e+03 +1.339519687e+03 -3.7361e+00 +3.4666e+00 -2.0713e+00 -3.0909e+00 -2.3138e+00 +6.0801e-01 +6.0037e-01 -1.7794e+00 +3.8181e+00 +2.8406e+00
2432 0 +2.453706426e+02 +1.245370643e+03 +1.245370643e+03 -2.2717e+00 +1.9547e+00 -1.9364e+00 -1.8206e+00 -2.7482e+00 -4.0238e-01 +1.0322e+00 -2.0029e+00 +3.1806e+00 +2.5277e+00
2434 0 +2.162985536e+02 +1.216298554e+03 +1.216298554e+03 -3.0084e+00 +2.9676e+00 -2.9166e+00 -2.0949e+00 -2.8631e+00 +6.0675e-01 +9.9586e-01 -1.4390e+00 +3.4256e+00 +3.0867e+00
% f evaluations | g evaluations | best noise-free fitness - Fopt (-4.236000000000e+01) + sum g_i+ | measured fitness | best measured fitness or single-digit g-values | x1 | x2...
1 0 +8.729378122e+05 +8.728954522e+05 +8.728954522e+05 +5.9671e-01 -3.8264e-02 +7.4769e-01 +1.6230e+00 -1.3415e-01 -1.3414e-01 +1.6792e+00 +8.6743e-01 -3.6947e-01 +6.4256e-01
7 0 +8.432992605e+05 +8.432569005e+05 +8.432569005e+05 -3.7917e-01 -8.5659e-02 -1.0063e+00 -1.0962e+00 +9.1253e-01 +1.4562e+00 +2.7990e-02 +1.1035e+00 +4.6164e-01 -5.4512e-01
9 0 +4.957517830e+05 +4.957094230e+05 +4.957094230e+05 -1.1967e-01 +4.5711e-01 +1.5779e+00 -4.1827e-01 -7.0849e-01 -4.0176e-01 +1.0154e+00 +4.2875e-01 -4.2976e-01 +6.1327e-01
17 0 +4.675856234e+05 +4.675432634e+05 +4.675432634e+05 -8.7468e-01 +8.8708e-01 +1.2586e+00 -7.2068e-01 +1.0634e+00 +5.1278e-01 +9.2206e-01 +1.9968e+00 -1.4539e-01 -6.5374e-01
68 0 +4.003261253e+05 +4.002837653e+05 +4.002837653e+05 -1.4476e+00 -7.4809e-01 +1.0246e+00 +4.8026e-02 -2.5364e-01 +1.9289e-01 +1.0202e+00 +8.2982e-02 +7.2416e-01 +5.2649e-01
69 0 +2.082082420e+05 +2.081658820e+05 +2.081658820e+05 -2.3634e+00 -4.4864e-01 +3.2371e+00 -1.4346e+00 -1.1745e+00 -6.2290e-01 +1.3718e+00 +5.8056e-01 +1.7419e-01 +2.9506e-01
75 0 +1.309410937e+05 +1.308987337e+05 +1.308987337e+05 -2.1610e-03 +2.2641e-01 +1.8429e+00 -1.7209e+00 -2.9786e-01 +5.5595e-01 +1.5822e+00 -1.0434e-01 +1.2258e-01 +1.7359e-01
155 0 +9.902256376e+04 +9.898020376e+04 +9.898020376e+04 +1.6521e+00 +3.8260e+00 +2.9858e+00 -2.5367e+00 +5.9442e-01 +4.0891e-01 +3.2562e+00 -1.8757e+00 -2.2142e+00 +2.6235e-01
162 0 +7.988074480e+04 +7.983838480e+04 +7.983838480e+04 +1.7010e+00 +9.4187e-01 +2.3438e+00 -2.8715e+00 +1.9292e-02 +1.9330e+00 +1.5567e+00 -6.0034e-01 +5.9706e-02 -6.8721e-02
174 0 +5.506829455e+04 +5.502593455e+04 +5.502593455e+04 -1.6275e+00 +2.3873e+00 +1.1976e+00 -2.5844e+00 -3.1652e-01 +1.0128e+00 +2.4968e+00 -2.1113e+00 -1.2804e+00 +6.0430e-01
351 0 +2.439951728e+04 +2.435715728e+04 +2.435715728e+04 -4.7454e-01 +1.6886e+00 +1.3958e+00 -1.0025e+00 +6.4024e-01 +2.2180e+00 +2.3554e+00 -2.0444e+00 -5.0732e-01 +4.4751e-02
401 0 +2.312608776e+04 +2.308372776e+04 +2.308372776e+04 -9.4925e-01 +1.1542e+00 +2.3895e+00 -1.8479e+00 -3.6171e-02 +2.5434e+00 +2.0392e+00 -1.5082e+00 -4.2755e-01 -3.0389e-01
644 0 +8.558422603e+03 +8.516062603e+03 +8.516062603e+03 -9.0272e-01 +8.3587e-01 +2.9838e+00 -2.7061e+00 -8.9667e-01 +3.1876e-01 +1.9347e+00 -6.1764e-01 +6.2034e-01 -8.5282e-01
776 0 +8.096418410e+03 +8.054058410e+03 +8.054058410e+03 +1.0191e+00 +2.8149e+00 +4.0245e+00 -4.3971e-01 -2.2734e-01 +3.2294e+00 +2.8225e+00 -1.6676e+00 -9.2167e-01 -5.9925e-01
931 0 +4.031945284e+03 +3.989585284e+03 +3.989585284e+03 +1.6863e+00 +9.7449e-01 +3.6937e+00 -5.1212e-01 -5.6174e-02 +2.4805e+00 +2.5923e+00 -2.1064e+00 -7.5839e-01 +7.2296e-01
1256 0 +3.294986146e+03 +3.252626146e+03 +3.252626146e+03 +2.0592e+00 -2.3195e-01 +4.8623e+00 +2.7782e-01 -3.1240e-01 +2.7021e+00 +2.2953e+00 -1.6535e+00 +8.6283e-02 +5.3991e-01
1360 0 +3.272949634e+03 +3.230589634e+03 +3.230589634e+03 +1.3902e+00 -8.7148e-01 +4.1236e+00 -6.5239e-01 -1.7406e+00 +3.2081e+00 +1.8564e+00 -1.7013e+00 +1.7916e-01 +6.3313e-01
1391 0 +2.262061279e+03 +2.219701279e+03 +2.219701279e+03 +5.1380e-01 -3.3572e-01 +3.7715e+00 -1.3601e+00 -3.0828e+00 +3.0710e+00 +2.2056e+00 -1.8975e+00 +1.8793e-01 +1.9321e-01
1872 0 +2.160276764e+03 +2.117916764e+03 +2.117916764e+03 +2.3077e+00 +1.0292e+00 +4.2654e+00 +2.5507e+00 -4.4322e-02 +4.4454e+00 +3.7300e+00 -3.6314e+00 -1.3090e+00 +1.0662e+00
1936 0 +1.986310325e+03 +1.943950325e+03 +1.943950325e+03 +2.8046e+00 -4.2731e-01 +3.5810e+00 +2.4516e+00 +5.5764e-01 +3.4026e+00 +3.8228e+00 -4.4999e+00 -7.2970e-01 +2.0592e+00
2112 0 +1.834422553e+03 +1.792062553e+03 +1.792062553e+03 +1.4189e+00 +1.4858e+00 +1.9727e+00 -3.1951e-01 -1.0852e+00 +2.9207e+00 +3.0611e+00 -3.2721e+00 -2.1888e+00 +2.0431e+00
2123 0 +1.786147427e+03 +1.743787427e+03 +1.743787427e+03 +2.6090e+00 +1.3598e+00 +2.2287e+00 +1.0867e+00 +8.5251e-01 +1.9875e+00 +4.0216e+00 -4.2587e+00 -2.1801e+00 +2.6261e+00
2161 0 +1.424053808e+03 +1.381693808e+03 +1.381693808e+03 +1.7797e+00 +1.9361e+00 +2.1593e+00 +9.2847e-02 +1.2905e+00 +1.5166e+00 +3.4165e+00 -3.2867e+00 -1.9323e+00 +1.8699e+00
2179 0 +7.387821822e+02 +6.964221822e+02 +6.964221822e+02 +2.8859e+00 +2.8368e+00 +1.8954e+00 +2.3158e+00 +1.6452e+00 +3.1600e+00 +4.5646e+00 -4.9803e+00 -3.4907e+00 +2.9592e+00
