% f evaluations | g evaluations | best noise-free fitness - Fopt (-5.494000000000e+01) + sum g_i+ | measured fitness | best measured fitness or single-digit g-values | x1 | x2...
1 0 +9.852913834e+06 +9.852858894e+06 +9.852858894e+06 +5.9671e-01 -3.8264e-02 +7.4769e-01 +1.6230e+00 -1.3415e-01
2 0 +2.715223623e+06 +2.715168683e+06 +2.715168683e+06 -1.3414e-01 +1.6792e+00 +8.6743e-01 -3.6947e-01 +6.4256e-01
7 0 +9.085897748e+05 +9.085348348e+05 +9.085348348e+05 -5.0171e-01 +1.9523e+00 +8.6503e-02 -9.5771e-01 +9.2254e-01
8 0 +5.441882390e+05 +5.441332990e+05 +5.441332990e+05 -1.1208e+00 +3.0886e-01 -1.8597e+00 -1.2282e+00 +2.9686e-01
28 0 +4.265511967e+05 +4.264962567e+05 +4.264962567e+05 -1.5739e+00 +1.4351e+00 +3.3750e-01 -5.5667e-01 +9.8640e-01
29 0 +6.902214418e+04 +6.896720418e+04 +6.896720418e+04 -1.4092e+00 +3.2803e-01 -1.8476e+00 +1.3796e+00 +1.1325e+00
54 0 +6.488498339e+04 +6.483004339e+04 +6.483004339e+04 +1.1466e+00 +1.7181e+00 -2.4259e+00 -5.9229e-01 +3.7352e+00
64 0 +3.238387217e+04 +3.232893217e+04 +3.232893217e+04 -4.5434e-01 +3.2306e+00 -2.2906e+00 +1.8616e+00 +2.0023e-01
203 0 +2.192464551e+04 +2.186970551e+04 +2.186970551e+04 -9.8444e-01 +2.6480e+00 -1.1462e+00 +2.1908e+00 +9.8903e-01
276 0 +1.957050843e+04 +1.951556843e+04 +1.951556843e+04 -1.6909e+00 +2.3513e+00 -5.5176e-01 +2.5210e+00 +6.0000e-01
327 0 +1.658177912e+04 +1.652683912e+04 +1.652683912e+04 -1.8208e+00 +2.1630e+00 -4.8581e-01 +2.7799e+00 +6.0346e-01
337 0 +1.546643244e+04 +1.541149244e+04 +1.541149244e+04 -2.0171e+00 +1.9504e+00 -8.7334e-02 +3.1549e+00 +7.5686e-01
394 0 +1.343648781e+04 +1.338154781e+04 +1.338154781e+04 -2.8600e+00 +6.7069e-01 +4.7552e-01 +3.2846e+00 +8.6985e-01
411 0 +8.973465456e+03 +8.918525456e+03 +8.918525456e+03 -2.5451e+00 +8.7018e-01 -6.0063e-01 +3.5429e+00 +1.9505e-01
469 0 +3.434807221e+03 +3.379867221e+03 +3.379867221e+03 -3.2653e+00 -1.5378e-01 -2.7543e-02 +4.1246e+00 +5.2194e-01
511 0 +1.346136010e+03 +1.291196010e+03 +1.291196010e+03 -3.4718e+00 -8.2709e-01 -2.6897e-01 +4.6186e+00 +4.0090e-01
530 0 +1.027514419e+03 +9.725744186e+02 +9.725744186e+02 -1.6138e+00 -1.3606e+00 -2.3361e+00 +3.2807e+00 +1.8954e+00
538 0 +6.341738692e+02 +5.792338692e+02 +5.792338692e+02 -3.1687e+00 -1.9030e+00 -1.5942e+00 +4.6450e+00 +4.8854e-01
601 0 +4.593621869e+02 +4.044221869e+02 +4.044221869e+02 -2.9997e+00 -1.3412e+00 -8.9601e-01 +4.1867e+00 +1.0497e+00
684 0 +2.314640681e+02 +1.765240681e+02 +1.765240681e+02 -1.9021e+00 -1.0190e+00 +2.7175e-01 +3.4065e+00 +3.7992e+00
752 0 +3.319529381e+01 -2.174470619e+01 -2.174470619e+01 -1.3699e+00 -1.6971e+00 -1.9312e+00 +3.1361e+00 +3.0422e+00
819 0 +2.877492630e+01 -2.616507370e+01 -2.616507370e+01 -1.7305e+00 -1.6282e+00 -1.4739e+00 +3.3409e+00 +2.8363e+00
863 0 +2.746504731e+01 -2.747495269e+01 -2.747495269e+01 -2.0895e+00 -1.3497e+00 -1.0504e+00 +3.5777e+00 +2.4309e+00
865 0 +2.657980473e+01 -2.836019527e+01 -2.836019527e+01 -1.9359e+00 -1.4245e+00 -1.2535e+00 +3.5166e+00 +2.5503e+00
877 0 +1.815385723e+01 -3.678614277e+01 -3.678614277e+01 -1.8455e+00 -1.5976e+00 -1.4321e+00 +3.4675e+00 +2.6674e+00
904 0 +1.268824255e+01 -4.225175745e+01 -4.225175745e+01 -1.7316e+00 -1.5188e+00 -1.4850e+00 +3.3705e+00 +2.7386e+00
922 0 +6.512536742e+00 -4.842746326e+01 -4.842746326e+01 -1.8678e+00 -1.5655e+00 -1.4882e+00 +3.4666e+00 +2.5343e+00
964 0 +6.193499950e+00 -4.874650005e+01 -4.874650005e+01 -1.9524e+00 -1.5593e+00 -1.2491e+00 +3.5129e+00 +2.6289e+00
982 0 +4.497331648e+00 -5.044266835e+01 -5.044266835e+01 -1.6965e+00 -1.5678e+00 -1.4192e+00 +3.3237e+00 +2.8974e+00
987 0 +3.644116736e+00 -5.129588326e+01 -5.129588326e+01 -1.9542e+00 -1.5095e+00 -1.2048e+00 +3.5060e+00 +2.6291e+00
1026 0 +3.190402428e+00 -5.174959757e+01 -5.174959757e+01 -1.9199e+00 -1.5436e+00 -1.2629e+00 +3.4960e+00 +2.6588e+00
1029 0 +1.012474952e+00 -5.392752505e+01 -5.392752505e+01 -1.9008e+00 -1.5090e+00 -1.2402e+00 +3.4727e+00 +2.6853e+00
1071 0 +3.628630989e-01 -5.457713690e+01 -5.457713690e+01 -1.8791e+00 -1.5139e+00 -1.2869e+00 +3.4575e+00 +2.6799e+00
1110 0 +5.218202806e-02 -5.488781797e+01 -5.488781797e+01 -1.8351e+00 -1.5145e+00 -1.3340e+00 +3.4263e+00 +2.7075e+00
1202 0 +4.337903233e-02 -5.489662097e+01 -5.489662097e+01 -1.8203e+00 -1.5205e+00 -1.3505e+00 +3.4165e+00 +2.7206e+00
% f evaluations | g evaluations | best noise-free fitness - Fopt (5.913000000000e+01) + sum g_i+ | measured fitness | best measured fitness or single-digit g-values | x1 | x2...
1 0 +2.845916884e+06 +2.845976014e+06 +2.845976014e+06 +5.9671e-01 -3.8264e-02 +7.4769e-01 +1.6230e+00 -1.3415e-01
9 0 +2.232989408e+06 +2.233048538e+06 +2.233048538e+06 +8.3847e-01 +2.7137e-01 -1.5648e-02 -2.0110e-01 -1.3785e+00
15 0 +7.068315860e+05 +7.068907160e+05 +7.068907160e+05 +4.6140e-01 +1.6380e+00 +6.4174e-02 +1.6646e+00 -2.5197e+00
26 0 +3.586288300e+05 +3.586879600e+05 +3.586879600e+05 +1.5811e+00 +1.8876e+00 +2.1775e-01 +3.4902e-01 -1.8049e+00
33 0 +2.031851917e+05 +2.032443217e+05 +2.032443217e+05 +1.0847e+00 +6.3405e-01 +3.3800e-01 -1.0536e-01 -3.1378e+00
41 0 +1.827410593e+05 +1.828001893e+05 +1.828001893e+05 +1.9870e+00 +3.9845e-01 -4.0624e-01 -1.5887e+00 -3.3424e+00
51 0 +2.520849529e+04 +2.526762529e+04 +2.526762529e+04 +2.2043e+00 +3.1453e-01 -1.2766e+00 -1.5747e+00 -4.2099e+00
153 0 +1.798749910e+04 +1.804662910e+04 +1.804662910e+04 +2.1528e+00 +1.8156e+00 -2.6813e+00 -4.6539e-01 -2.7416e+00
159 0 +1.264405148e+04 +1.270318148e+04 +1.270318148e+04 +4.9982e-01 +2.9388e+00 -3.0331e+00 -3.3491e-01 -2.3692e+00
214 0 +9.241290917e+03 +9.300420917e+03 +9.300420917e+03 +1.0783e+00 +3.9159e+00 -3.7909e+00 +7.2736e-01 -7.5682e-01
262 0 +3.869468423e+03 +3.928598423e+03 +3.928598423e+03 -1.4861e+00 +3.8043e+00 -3.0756e+00 +1.4436e+00 -1.4665e+00
328 0 +2.692284299e+03 +2.751414299e+03 +2.751414299e+03 +1.6508e-01 +3.4878e+00 -2.6304e+00 -5.2017e-02 -1.7710e+00
415 0 +1.500582089e+03 +1.559712089e+03 +1.559712089e+03 -3.0930e-01 +3.3629e+00 -1.9997e+00 -3.4109e-01 -2.0545e+00
450 0 +9.901613593e+02 +1.049291359e+03 +1.049291359e+03 -3.1577e-01 +3.3423e+00 -1.8938e+00 -6.5426e-01 -2.1448e+00
458 0 +8.156456480e+02 +8.747756480e+02 +8.747756480e+02 -8.1269e-03 +3.2528e+00 -1.7424e+00 -9.0804e-01 -2.2050e+00
480 0 +7.860484339e+02 +8.451784339e+02 +8.451784339e+02 -2.1932e-01 +3.2648e+00 -1.8778e+00 -7.1018e-01 -2.2252e+00
505 0 +2.436074567e+02 +3.027374567e+02 +3.027374567e+02 -8.6732e-01 +3.3871e+00 -1.6736e+00 -4.3073e-01 -2.1878e+00
558 0 +2.413038999e+02 +3.004338999e+02 +3.004338999e+02 -6.1141e-01 +2.8235e+00 -1.3143e-01 -2.2156e+00 -3.0375e+00
677 0 +1.147151463e+02 +1.738451463e+02 +1.738451463e+02 -5.8554e-01 +3.0938e+00 -1.9721e-01 -2.3503e+00 -2.8743e+00
682 0 +8.656307017e+01 +1.456930702e+02 +1.456930702e+02 -2.5142e-01 +3.3189e+00 -4.5423e-01 -2.2420e+00 -2.5130e+00
728 0 +5.258950888e+01 +1.117195089e+02 +1.117195089e+02 -3.5424e-01 +3.4786e+00 -2.6923e-01 -2.3335e+00 -2.3955e+00
802 0 +4.172740731e+01 +1.008574073e+02 +1.008574073e+02 -5.2738e-01 +3.2579e+00 -3.6059e-01 -2.1833e+00 -2.6471e+00
803 0 +3.405075933e+01 +9.318075933e+01 +9.318075933e+01 -4.0596e-01 +3.2261e+00 -3.1199e-01 -2.2448e+00 -2.6262e+00
826 0 +2.085834962e+01 +7.998834962e+01 +7.998834962e+01 -4.6890e-01 +3.2788e+00 -4.5468e-01 -2.0713e+00 -2.5650e+00
836 0 +1.486534956e+01 +7.399534956e+01 +7.399534956e+01 -6.9951e-01 +3.0856e+00 -4.9933e-01 -1.9146e+00 -2.7944e+00
936 0 +1.477512322e+01 +7.390512322e+01 +7.390512322e+01 -6.6967e-01 +3.0034e+00 -2.8417e-01 -2.1629e+00 -2.9200e+00
952 0 +1.433656899e+01 +7.346656899e+01 +7.346656899e+01 -8.7600e-01 +2.8948e+00 -3.8957e-01 -1.9338e+00 -3.0354e+00
958 0 +1.369025579e+01 +7.282025579e+01 +7.282025579e+01 -7.2218e-01 +3.0914e+00 -5.0127e-01 -1.8952e+00 -2.7868e+00
995 0 +1.220987555e+01 +7.133987555e+01 +7.133987555e+01 -6.1604e-01 +3.0268e+00 -2.6828e-01 -2.2072e+00 -2.8876e+00
997 0 +1.171209614e+01 +7.084209614e+01 +7.084209614e+01 -7.7570e-01 +2.8611e+00 -3.0652e-01 -2.0708e+00 -3.0618e+00
1004 0 +1.066221672e+01 +6.979221672e+01 +6.979221672e+01 -1.1262e+00 +2.7112e+00 -6.5235e-01 -1.5077e+00 -3.1923e+00
1009 0 +5.660655226e+00 +6.479065523e+01 +6.479065523e+01 -1.3590e+00 +2.6462e+00 -9.5288e-01 -1.0393e+00 -3.2169e+00
1043 0 +4.645866763e+00 +6.377586676e+01 +6.377586676e+01 -1.6579e+00 +2.4783e+00 -1.0448e+00 -7.7379e-01 -3.4070e+00
1189 0 +2.698993758e+00 +6.182899376e+01 +6.182899376e+01 -1.7061e+00 +2.4082e+00 -1.1897e+00 -5.8857e-01 -3.4487e+00
% f evaluations | g evaluations | best noise-free fitness - Fopt (-4.915300000000e+02) + sum g_i+ | measured fitness | best measured fitness or single-digit g-values | x1 | x2...
1 0 +1.453349878e+05 +1.448434578e+05 +1.448434578e+05 +5.9671e-01 -3.8264e-02 +7.4769e-01 +1.6230e+00 -1.3415e-01
4 0 +1.008963199e+05 +1.004047899e+05 +1.004047899e+05 -4.6229e-01 -9.1283e-01 +4.1425e-01 -8.0802e-01 -1.3123e+00
11 0 +6.754048487e+03 +6.262518487e+03 +6.262518487e+03 +4.2408e-01 -2.8508e-01 -5.7692e-01 +7.1168e-01 +1.1310e+00
33 0 +2.998903721e+03 +2.507373721e+03 +2.507373721e+03 +7.0654e-01 +1.1832e+00 +1.4658e-01 +9.2044e-01 +5.7498e-01
105 0 +2.313547897e+03 +1.822017897e+03 +1.822017897e+03 +6.1384e-01 +1.2186e+00 -3.1115e-01 +4.6108e-01 +3.4042e-01
126 0 +1.922098124e+03 +1.430568124e+03 +1.430568124e+03 +7.1098e-01 +1.9062e+00 +5.9252e-02 +5.5902e-01 -7.0383e-02
204 0 +1.105859307e+03 +6.143293074e+02 +6.143293074e+02 +7.0691e-01 +1.8982e+00 +4.9374e-02 +6.8230e-01 -1.1044e-01
232 0 +7.630928479e+02 +2.715628479e+02 +2.715628479e+02 +7.5222e-01 +1.4997e+00 -2.8621e-01 +9.7164e-01 +2.5553e-01
313 0 +4.788667680e+02 -1.266323203e+01 -1.266323203e+01 +7.0103e-01 +9.9296e-01 -1.0505e+00 +9.1906e-01 +3.4234e-01
336 0 +2.859801548e+02 -2.055498452e+02 -2.055498452e+02 +6.9628e-01 +9.0649e-01 -1.1505e+00 +1.0307e+00 +3.2569e-01
384 0 +1.074170459e+02 -3.841129541e+02 -3.841129541e+02 +7.2858e-01 +1.1353e+00 -1.4912e+00 +1.0515e+00 +4.9605e-02
553 0 +8.499793106e+01 -4.065320689e+02 -4.065320689e+02 +9.8693e-01 +1.9481e+00 -7.0504e-01 +1.5482e+00 +1.0203e-01
580 0 +7.684907607e+01 -4.146809239e+02 -4.146809239e+02 +1.0264e+00 +1.1945e+00 -1.4924e+00 +1.9544e+00 +5.6394e-01
588 0 +3.409466711e+01 -4.574353329e+02 -4.574353329e+02 +7.5002e-01 +1.3365e+00 -1.3864e+00 +1.1241e+00 -1.1071e-01
601 0 +2.207557346e+01 -4.694544265e+02 -4.694544265e+02 +7.5040e-01 +1.3775e+00 -1.2986e+00 +1.0934e+00 -8.9055e-02
625 0 +1.847095172e+01 -4.730590483e+02 -4.730590483e+02 +7.4681e-01 +1.1948e+00 -1.4905e+00 +1.1318e+00 -6.0904e-03
656 0 +1.307878704e+01 -4.784512130e+02 -4.784512130e+02 +7.7792e-01 +1.1180e+00 -1.5353e+00 +1.2614e+00 +9.4784e-02
686 0 +1.252947708e+01 -4.790005229e+02 -4.790005229e+02 +7.8485e-01 +1.2437e+00 -1.4041e+00 +1.2348e+00 +5.3612e-02
693 0 +1.246211816e+01 -4.790678818e+02 -4.790678818e+02 +8.6178e-01 +1.1939e+00 -1.3708e+00 +1.4627e+00 +2.6240e-01
720 0 +1.077364084e+01 -4.807563592e+02 -4.807563592e+02 +8.4077e-01 +1.2133e+00 -1.3702e+00 +1.3981e+00 +2.0584e-01
728 0 +9.438662294e+00 -4.820913377e+02 -4.820913377e+02 +7.8228e-01 +1.0670e+00 -1.5395e+00 +1.2842e+00 +1.5006e-01
792 0 +9.031018952e+00 -4.824989810e+02 -4.824989810e+02 +7.7090e-01 +1.0567e+00 -1.5216e+00 +1.2488e+00 +1.4722e-01
859 0 +9.025340373e+00 -4.825046596e+02 -4.825046596e+02 +7.6952e-01 +1.0132e+00 -1.5742e+00 +1.2651e+00 +1.6129e-01
876 0 +8.912216007e+00 -4.826177840e+02 -4.826177840e+02 +7.8149e-01 +1.0372e+00 -1.5312e+00 +1.2902e+00 +1.7829e-01
879 0 +8.821967581e+00 -4.827080324e+02 -4.827080324e+02 +7.7671e-01 +1.0032e+00 -1.5679e+00 +1.2895e+00 +1.8307e-01
893 0 +8.577076938e+00 -4.829529231e+02 -4.829529231e+02 +7.5803e-01 +1.0040e+00 -1.5824e+00 +1.2330e+00 +1.4200e-01
931 0 +8.426444234e+00 -4.831035558e+02 -4.831035558e+02 +7.6750e-01 +1.0014e+00 -1.5748e+00 +1.2602e+00 +1.6584e-01
949 0 +8.352419405e+00 -4.831775806e+02 -4.831775806e+02 +7.6239e-01 +9.8695e-01 -1.5814e+00 +1.2489e+00 +1.6754e-01
961 0 +8.319513237e+00 -4.832104868e+02 -4.832104868e+02 +7.6816e-01 +9.8422e-01 -1.5756e+00 +1.2665e+00 +1.8335e-01
1002 0 +8.315270385e+00 -4.832147296e+02 -4.832147296e+02 +7.6386e-01 +9.8081e-01 -1.5918e+00 +1.2558e+00 +1.7129e-01
1005 0 +8.255692624e+00 -4.832743074e+02 -4.832743074e+02 +7.6485e-01 +9.7437e-01 -1.5894e+00 +1.2617e+00 +1.7976e-01
1101 0 +8.193172318e+00 -4.833368277e+02 -4.833368277e+02 +7.6160e-01 +9.6865e-01 -1.5929e+00 +1.2533e+00 +1.7669e-01
1237 0 +8.176713371e+00 -4.833532866e+02 -4.833532866e+02 +7.6005e-01 +9.6621e-01 -1.5970e+00 +1.2498e+00 +1.7428e-01
% f evaluations | g evaluations | best noise-free fitness - Fopt (-1.702000000000e+02) + sum g_i+ | measured fitness | best measured fitness or single-digit g-values | x1 | x2...
1 0 +1.057601993e+07 +1.057584973e+07 +1.057584973e+07 +5.9671e-01 -3.8264e-02 +7.4769e-01 +1.6230e+00 -1.3415e-01
11 0 +7.334823365e+06 +7.334653165e+06 +7.334653165e+06 +4.2408e-01 -2.8508e-01 -5.7692e-01 +7.1168e-01 +1.1310e+00
23 0 +6.822071283e+06 +6.821901083e+06 +6.821901083e+06 -1.8188e+00 +7.3486e-02 +1.6023e-01 +2.5632e+00 -9.2361e-02
24 0 +5.050130776e+06 +5.049960576e+06 +5.049960576e+06 +4.0155e-01 +6.5288e-02 -1.0687e+00 +1.2428e+00 +8.5193e-01
26 0 +2.682585643e+05 +2.680883643e+05 +2.680883643e+05 +7.2470e-01 +3.9755e-01 -1.5354e+00 +2.7876e+00 +2.5125e+00
77 0 +2.284534764e+05 +2.282832764e+05 +2.282832764e+05 -1.9809e+00 -1.7966e-01 -3.6967e+00 +3.2618e+00 +7.2347e-01
78 0 +1.294027521e+05 +1.292325521e+05 +1.292325521e+05 -2.4266e+00 +2.9122e+00 -2.9748e+00 +3.8431e+00 +5.4974e-01
79 0 +2.633351373e+04 +2.616331373e+04 +2.616331373e+04 -2.1949e+00 +2.2850e-01 -9.0319e-01 +3.6389e+00 +2.9498e+00
128 0 +8.308154235e+03 +8.137954235e+03 +8.137954235e+03 -6.6840e-01 +1.7641e+00 +8.5037e-02 +4.2672e+00 +2.6601e+00
327 0 +4.561991461e+03 +4.391791461e+03 +4.391791461e+03 -2.5674e+00 +1.2013e+00 -1.0423e+00 +3.7917e+00 +2.9327e+00
383 0 +3.044855670e+03 +2.874655670e+03 +2.874655670e+03 -2.6732e+00 +6.0336e-01 -1.1198e+00 +4.2159e+00 +2.2701e+00
414 0 +2.977485735e+03 +2.807285735e+03 +2.807285735e+03 -2.9093e+00 -3.3252e-01 -1.0407e+00 +3.3201e+00 +3.9059e+00
426 0 +4.856870572e+02 +3.154870572e+02 +3.154870572e+02 -2.2234e+00 -1.7325e-01 -6.8407e-01 +4.1889e+00 +2.6645e+00
643 0 +3.841100412e+02 +2.139100412e+02 +2.139100412e+02 -2.6106e+00 -5.8315e-01 -8.1803e-01 +3.6254e+00 +3.7442e+00
683 0 +3.305750371e+02 +1.603750371e+02 +1.603750371e+02 -2.2400e+00 -4.6589e-01 -7.6689e-01 +4.1944e+00 +2.6671e+00
692 0 +1.334117202e+02 -3.678827983e+01 -3.678827983e+01 -3.0926e+00 -5.0558e-01 -1.1612e+00 +3.4295e+00 +3.7931e+00
713 0 +6.129181139e+01 -1.089081886e+02 -1.089081886e+02 -2.6378e+00 -5.0029e-01 -9.4786e-01 +3.8345e+00 +3.1901e+00
733 0 +5.749425486e+01 -1.127057451e+02 -1.127057451e+02 -2.8958e+00 -7.3367e-01 -1.1418e+00 +3.7281e+00 +3.2494e+00
740 0 +2.096387657e+01 -1.492361234e+02 -1.492361234e+02 -2.8477e+00 -6.2184e-01 -1.0819e+00 +3.8092e+00 +3.1640e+00
785 0 +1.822162460e+01 -1.519783754e+02 -1.519783754e+02 -2.6325e+00 -7.0210e-01 -1.0514e+00 +4.1986e+00 +2.4682e+00
786 0 +1.567366374e+01 -1.545263363e+02 -1.545263363e+02 -2.7775e+00 -7.8844e-01 -1.0476e+00 +3.8885e+00 +3.0751e+00
809 0 +8.164758440e+00 -1.620352416e+02 -1.620352416e+02 -3.0470e+00 -7.8690e-01 -1.2408e+00 +3.7245e+00 +3.2193e+00
886 0 +7.739689713e+00 -1.624603103e+02 -1.624603103e+02 -2.8714e+00 -7.5548e-01 -1.0968e+00 +3.7872e+00 +3.2083e+00
888 0 +7.654207470e+00 -1.625457925e+02 -1.625457925e+02 -2.8150e+00 -7.0139e-01 -1.0731e+00 +3.7962e+00 +3.1982e+00
894 0 +5.185682949e+00 -1.650143171e+02 -1.650143171e+02 -3.0450e+00 -7.8005e-01 -1.2437e+00 +3.7721e+00 +3.1294e+00
903 0 +3.659131646e+00 -1.665408684e+02 -1.665408684e+02 -2.8393e+00 -7.2241e-01 -1.0958e+00 +3.8686e+00 +3.0572e+00
906 0 +3.377632807e+00 -1.668223672e+02 -1.668223672e+02 -2.9261e+00 -7.0748e-01 -1.1793e+00 +3.8786e+00 +2.9734e+00
922 0 +1.672636575e+00 -1.685273634e+02 -1.685273634e+02 -2.9198e+00 -7.1629e-01 -1.1690e+00 +3.8384e+00 +3.0481e+00
968 0 +1.386212115e+00 -1.688137879e+02 -1.688137879e+02 -3.2120e+00 -7.3122e-01 -1.3957e+00 +3.7504e+00 +3.0365e+00
974 0 +6.191829479e-01 -1.695808171e+02 -1.695808171e+02 -3.0303e+00 -7.1911e-01 -1.2634e+00 +3.8391e+00 +2.9772e+00
1052 0 +4.900258969e-01 -1.697099741e+02 -1.697099741e+02 -3.0744e+00 -7.2160e-01 -1.2935e+00 +3.8087e+00 +3.0092e+00
1143 0 +4.815805069e-01 -1.697184195e+02 -1.697184195e+02 -3.0988e+00 -7.3039e-01 -1.3037e+00 +3.7796e+00 +3.0574e+00
1231 0 +4.504622873e-01 -1.697495377e+02 -1.697495377e+02 -3.1013e+00 -7.2767e-01 -1.3105e+00 +3.7864e+00 +3.0379e+00
1237 0 +4.310519902e-01 -1.697689480e+02 -1.697689480e+02 -3.1198e+00 -7.3264e-01 -1.3197e+00 +3.7676e+00 +3.0668e+00
% f evaluations | g evaluations | best noise-free fitness - Fopt (-4.697500000000e+02) + sum g_i+ | measured fitness | best measured fitness or single-digit g-values | x1 | x2...
1 0 +5.666156262e+06 +5.665686512e+06 +5.665686512e+06 +5.9671e-01 -3.8264e-02 +7.4769e-01 +1.6230e+00 -1.3415e-01
14 0 +4.160546314e+06 +4.160076564e+06 +4.160076564e+06 +1.4562e+00 +2.7990e-02 +1.1035e+00 +4.6164e-01 -5.4512e-01
25 0 +3.919900622e+06 +3.919430872e+06 +3.919430872e+06 +8.9103e-01 -8.0939e-01 +1.5028e+00 -1.3019e+00 +6.8686e-01
26 0 +1.560483584e+05 +1.555786084e+05 +1.555786084e+05 +2.0167e+00 -1.6724e+00 +2.8769e+00 +2.2769e-01 +1.3567e+00
53 0 +4.716742824e+04 +4.669767824e+04 +4.669767824e+04 +2.4702e+00 -1.5501e+00 +2.1961e+00 -1.6406e-02 +3.3978e-02
89 0 +2.514037304e+04 +2.467062304e+04 +2.467062304e+04 +1.8456e+00 -1.5665e+00 +2.5850e+00 -1.8623e+00 +3.1424e+00
126 0 +1.886133040e+04 +1.839158040e+04 +1.839158040e+04 +2.0459e+00 -2.5188e+00 +2.3931e+00 -4.0161e-01 +6.8685e-01
151 0 +1.485350334e+04 +1.438375334e+04 +1.438375334e+04 +2.1540e+00 -9.7385e-01 +2.6200e+00 -9.0309e-01 +2.0829e+00
209 0 +9.610791133e+03 +9.141041133e+03 +9.141041133e+03 +3.3599e-01 -3.0633e+00 +3.7843e+00 -2.4690e-01 +5.3699e-01
276 0 +9.036378921e+03 +8.566628921e+03 +8.566628921e+03 +1.0696e+00 -2.1162e+00 +2.9869e+00 -6.6713e-01 +1.9977e+00
307 0 +8.005722481e+03 +7.535972481e+03 +7.535972481e+03 +4.9544e-01 -1.6242e+00 +3.6963e+00 -1.6603e-01 +1.6674e+00
328 0 +6.168725514e+03 +5.698975514e+03 +5.698975514e+03 +1.6949e+00 -2.7586e+00 +2.7595e+00 -3.3108e-01 -7.8410e-02
333 0 +6.045314120e+03 +5.575564120e+03 +5.575564120e+03 +5.5452e-01 -2.8037e+00 +3.7028e+00 +1.5450e-01 +1.7281e-01
345 0 +5.051627333e+03 +4.581877333e+03 +4.581877333e+03 +2.8350e-01 -3.3412e+00 +3.8033e+00 +7.4054e-01 -4.8523e-01
384 0 +4.882425504e+03 +4.412675504e+03 +4.412675504e+03 +4.0913e-02 -2.3471e+00 +3.8669e+00 +7.5204e-02 +1.3059e+00
386 0 +2.485392822e+03 +2.015642822e+03 +2.015642822e+03 +5.8026e-01 -3.3656e+00 +3.3822e+00 -2.4820e-01 +4.7814e-01
473 0 +2.124188245e+03 +1.654438245e+03 +1.654438245e+03 +3.8662e-01 -3.1420e+00 +3.5361e+00 +6.0872e-01 -8.1356e-02
508 0 +4.946683887e+02 +2.491838873e+01 +2.491838873e+01 +3.5799e-01 -2.6940e+00 +3.7290e+00 +5.4235e-01 +1.8176e-01
550 0 +3.772188462e+02 -9.253115376e+01 -9.253115376e+01 +5.0581e-01 -2.1058e+00 +3.7699e+00 +7.8541e-01 +1.8826e-01
555 0 +3.507304823e+02 -1.190195177e+02 -1.190195177e+02 +1.8690e-01 -2.4523e+00 +3.8856e+00 +6.7891e-01 +3.9638e-01
585 0 +2.722472130e+02 -1.975027870e+02 -1.975027870e+02 +9.7282e-03 -3.6009e+00 +3.7435e+00 +4.4588e-01 +6.3405e-03
600 0 +1.560791143e+02 -3.136708857e+02 -3.136708857e+02 +7.2985e-03 -2.4438e+00 +4.0217e+00 +8.6747e-01 +3.0766e-01
618 0 +9.396863855e+01 -3.757813614e+02 -3.757813614e+02 +9.7107e-02 -2.3685e+00 +3.9871e+00 +9.1609e-01 +2.1547e-01
635 0 +2.438183120e+01 -4.453681688e+02 -4.453681688e+02 -2.4081e-01 -2.6062e+00 +4.0954e+00 +9.4739e-01 +4.7983e-01
753 0 +2.123883115e+01 -4.485111688e+02 -4.485111688e+02 +2.2888e-02 -2.6875e+00 +3.9640e+00 +8.7886e-01 +1.1717e-01
757 0 +1.771171735e+01 -4.520382827e+02 -4.520382827e+02 -1.1152e-01 -2.6959e+00 +4.0444e+00 +9.4247e-01 +2.0746e-01
788 0 +1.468646935e+01 -4.550635307e+02 -4.550635307e+02 -1.3622e-01 -2.8704e+00 +4.0418e+00 +9.0271e-01 +9.2979e-02
833 0 +8.850163914e+00 -4.608998361e+02 -4.608998361e+02 -1.3890e-01 -2.6814e+00 +4.0440e+00 +9.4255e-01 +2.8154e-01
838 0 +7.001814327e+00 -4.627481857e+02 -4.627481857e+02 -2.3231e-01 -2.9451e+00 +4.0690e+00 +9.2894e-01 +1.4303e-01
839 0 +5.040140660e+00 -4.647098593e+02 -4.647098593e+02 -2.0406e-01 -2.9260e+00 +4.0636e+00 +9.1689e-01 +1.1844e-01
857 0 +2.631932154e+00 -4.671180678e+02 -4.671180678e+02 -6.6240e-02 -2.8588e+00 +4.0110e+00 +9.4100e-01 -3.1463e-02
894 0 +1.253465619e+00 -4.684965344e+02 -4.684965344e+02 -2.7202e-02 -2.7749e+00 +4.0021e+00 +9.5247e-01 -1.6586e-02
945 0 +1.073495926e+00 -4.686765041e+02 -4.686765041e+02 -1.1510e-02 -2.8689e+00 +3.9772e+00 +9.1730e-01 -8.2916e-02
955 0 +6.288557831e-01 -4.691211442e+02 -4.691211442e+02 -8.3440e-02 -2.9759e+00 +3.9920e+00 +8.8238e-01 -3.2439e-02
982 0 +1.776719491e-01 -4.695723281e+02 -4.695723281e+02 -5.2454e-02 -2.8343e+00 +3.9994e+00 +9.2330e-01 +3.9442e-03
1059 0 +1.393275170e-01 -4.696106725e+02 -4.696106725e+02 -6.3434e-02 -2.9147e+00 +3.9937e+00 +9.0683e-01 -3.6084e-02
1077 0 +7.317142238e-02 -4.696768286e+02 -4.696768286e+02 -3.3675e-02 -2.8841e+00 +3.9864e+00 +9.1881e-01 -6.6486e-02
1117 0 +6.995678739e-02 -4.696800432e+02 -4.696800432e+02 -3.9851e-02 -2.8905e+00 +3.9882e+00 +9.1895e-01 -6.2947e-02
1153 0 +3.598925865e-02 -4.697140107e+02 -4.697140107e+02 -3.2051e-02 -2.8874e+00 +3.9845e+00 +9.1769e-01 -6.8666e-02
1162 0 +3.159220163e-02 -4.697184078e+02 -4.697184078e+02 -2.1005e-02 -2.8832e+00 +3.9807e+00 +9.2163e-01 -8.5482e-02
% f evaluations | g evaluations | best noise-free fitness - Fopt (-5.191000000000e+01) + sum g_i+ | measured fitness | best measured fitness or single-digit g-values | x1 | x2...
1 0 +2.189234218e+06 +2.189182308e+06 +2.189182308e+06 +5.9671e-01 -3.8264e-02 +7.4769e-01 +1.6230e+00 -1.3415e-01
3 0 +1.958563159e+06 +1.958511249e+06 +1.958511249e+06 -3.6342e-01 -3.6573e-01 +3.4196e-01 -1.8133e+00 -1.6249e+00
5 0 +1.418680902e+06 +1.418628992e+06 +1.418628992e+06 +1.5656e+00 -1.2578e-01 +1.6753e-01 -1.3247e+00 -4.4438e-01
8 0 +5.397702762e+04 +5.392511762e+04 +5.392511762e+04 -1.1208e+00 +3.0886e-01 -1.8597e+00 -1.2282e+00 +2.9686e-01
29 0 +5.339075677e+04 +5.333884677e+04 +5.333884677e+04 +9.2698e-01 +3.0778e-01 -5.5985e-01 -4.6354e-01 -1.4280e+00
39 0 +4.311794737e+04 +4.306603737e+04 +4.306603737e+04 +5.6201e-01 +1.0746e+00 -6.6028e-01 +5.6188e-01 -1.3016e+00
42 0 +7.562129622e+03 +7.510219622e+03 +7.510219622e+03 +2.4796e+00 +1.2294e+00 -6.5952e-01 +1.4823e+00 -4.3330e-01
127 0 +6.765335825e+03 +6.713425825e+03 +6.713425825e+03 -1.9144e+00 +1.6051e+00 -1.8831e+00 -1.3372e+00 -4.2606e-01
153 0 +3.873046014e+03 +3.821136014e+03 +3.821136014e+03 +3.3870e-02 +1.3390e+00 -8.9306e-01 +6.8976e-01 -1.5382e+00
164 0 +2.649825968e+02 +2.130725968e+02 +2.130725968e+02 -5.4227e-01 +1.6725e+00 -1.5339e+00 -4.0829e-01 -5.3818e-01
559 0 +2.611816849e+02 +2.092716849e+02 +2.092716849e+02 -3.3406e-01 +1.6026e+00 -1.3337e+00 -1.7006e-01 -8.9190e-01
582 0 +2.330991229e+02 +1.811891229e+02 +1.811891229e+02 -1.8103e-01 +1.5771e+00 -1.3157e+00 -6.8385e-02 -8.0541e-01
641 0 +2.027937382e+02 +1.508837382e+02 +1.508837382e+02 -3.6182e-01 +1.6499e+00 -1.4367e+00 -1.5313e-01 -5.9223e-01
666 0 +1.975679937e+02 +1.456579937e+02 +1.456579937e+02 -2.4298e-01 +1.6647e+00 -1.4015e+00 -2.9104e-02 -5.7687e-01
677 0 +1.884690777e+02 +1.365590777e+02 +1.365590777e+02 -1.4141e-01 +1.6655e+00 -1.5422e+00 -2.6768e-02 -1.9003e-02
690 0 +1.759105219e+02 +1.240005219e+02 +1.240005219e+02 -3.6902e-01 +1.7375e+00 -1.5231e+00 -1.4011e-01 -3.4816e-01
703 0 +1.624345912e+02 +1.105245912e+02 +1.105245912e+02 -4.9921e-01 +1.6809e+00 -1.7909e+00 -6.5162e-01 +2.7049e-01
704 0 +9.188210474e+01 +3.997210474e+01 +3.997210474e+01 -4.0292e-01 +1.8177e+00 -1.7548e+00 -1.8771e-01 +3.6336e-01
729 0 +8.313492190e+01 +3.122492190e+01 +3.122492190e+01 -2.6592e-01 +1.8454e+00 -2.0853e+00 -2.4934e-01 +1.5507e+00
730 0 +7.687734434e+01 +2.496734434e+01 +2.496734434e+01 -3.3069e-01 +2.0421e+00 -1.9310e+00 +2.0494e-01 +1.0934e+00
739 0 +7.122193678e+01 +1.931193678e+01 +1.931193678e+01 -4.2049e-01 +1.9211e+00 -1.9095e+00 -1.6638e-01 +8.4810e-01
870 0 +6.159467283e+01 +9.684672829e+00 +9.684672829e+00 +3.9037e-01 +1.9941e+00 -1.8162e+00 +1.0587e+00 +1.5669e+00
907 0 +5.926681347e+01 +7.356813468e+00 +7.356813468e+00 -3.5136e-01 +2.2283e+00 -2.4349e+00 +2.1113e-01 +2.6961e+00
915 0 +3.186548059e+01 -2.004451941e+01 -2.004451941e+01 +9.9552e-02 +2.1718e+00 -2.2534e+00 +6.5130e-01 +2.5916e+00
943 0 +2.061708343e+01 -3.129291657e+01 -3.129291657e+01 -2.8074e-01 +2.1086e+00 -2.1618e+00 +2.2450e-01 +1.8784e+00
966 0 +6.635397643e+00 -4.527460236e+01 -4.527460236e+01 +7.4005e-01 +2.1640e+00 -1.8944e+00 +1.6454e+00 +2.2315e+00
1113 0 +4.884796987e+00 -4.702520301e+01 -4.702520301e+01 +1.1260e+00 +2.2265e+00 -1.7359e+00 +2.2807e+00 +2.1875e+00
1126 0 +4.049585207e+00 -4.786041479e+01 -4.786041479e+01 +1.0996e+00 +2.2237e+00 -1.7271e+00 +2.2755e+00 +2.1385e+00
1155 0 +2.857802293e+00 -4.905219771e+01 -4.905219771e+01 +9.3303e-01 +2.2138e+00 -1.8136e+00 +2.0170e+00 +2.2164e+00
1156 0 +2.212598392e+00 -4.969740161e+01 -4.969740161e+01 +1.2536e+00 +2.2508e+00 -1.7050e+00 +2.5195e+00 +2.2610e+00
1183 0 +1.669811275e+00 -5.024018872e+01 -5.024018872e+01 +1.2053e+00 +2.2358e+00 -1.7365e+00 +2.4141e+00 +2.2936e+00
1242 0 +5.179232696e-01 -5.139207673e+01 -5.139207673e+01 +1.8118e+00 +2.3430e+00 -1.5972e+00 +3.3819e+00 +2.5902e+00
% f evaluations | g evaluations | best noise-free fitness - Fopt (4.808000000000e+01) + sum g_i+ | measured fitness | best measured fitness or single-digit g-values | x1 | x2...
1 0 +7.655939359e+06 +7.655987439e+06 +7.655987439e+06 +5.9671e-01 -3.8264e-02 +7.4769e-01 +1.6230e+00 -1.3415e-01
2 0 +5.817326131e+06 +5.817374211e+06 +5.817374211e+06 -1.3414e-01 +1.6792e+00 +8.6743e-01 -3.6947e-01 +6.4256e-01
3 0 +2.471456532e+06 +2.471504612e+06 +2.471504612e+06 -3.6342e-01 -3.6573e-01 +3.4196e-01 -1.8133e+00 -1.6249e+00
7 0 +2.056560075e+06 +2.056608155e+06 +2.056608155e+06 -5.0171e-01 +1.9523e+00 +8.6503e-02 -9.5771e-01 +9.2254e-01
8 0 +2.680933670e+05 +2.681414470e+05 +2.681414470e+05 -1.1208e+00 +3.0886e-01 -1.8597e+00 -1.2282e+00 +2.9686e-01
26 0 +6.326201787e+04 +6.331009787e+04 +6.331009787e+04 -1.3496e+00 +3.5368e-01 -1.0811e+00 +2.4597e-01 +8.7477e-01
29 0 +5.766359718e+04 +5.771167718e+04 +5.771167718e+04 -2.0099e+00 +9.3534e-01 -8.7771e-01 -1.7622e+00 +2.4983e+00
48 0 +4.070927510e+04 +4.075735510e+04 +4.075735510e+04 +5.7127e-03 -1.3849e+00 -2.5215e+00 -2.0432e+00 +1.8756e+00
51 0 +3.924101761e+04 +3.928909761e+04 +3.928909761e+04 -1.0460e+00 +5.7858e-02 -1.2137e+00 -9.8003e-01 +1.3057e+00
58 0 +9.506573562e+03 +9.554653562e+03 +9.554653562e+03 -1.0751e+00 -2.8948e-01 -1.4218e+00 -7.0970e-01 +2.0713e+00
163 0 +1.801156078e+03 +1.849236078e+03 +1.849236078e+03 +2.2957e-01 -1.4633e+00 -2.5298e+00 -3.5356e-01 +2.4440e+00
304 0 +1.098713788e+03 +1.146793788e+03 +1.146793788e+03 +3.6372e-01 -1.8103e+00 -2.7222e+00 +8.4922e-01 +3.0425e+00
475 0 +9.491665638e+02 +9.972465638e+02 +9.972465638e+02 +8.0566e-01 -2.3859e+00 -3.0721e+00 +1.8151e-01 +3.0497e+00
571 0 +5.545758113e+02 +6.026558113e+02 +6.026558113e+02 +5.5706e-01 -2.7787e+00 -2.7940e+00 -1.4741e+00 +2.5968e+00
649 0 +3.548071999e+02 +4.028871999e+02 +4.028871999e+02 +1.3098e+00 -2.6613e+00 -3.3423e+00 -1.5598e+00 +2.1523e+00
737 0 +2.617114871e+02 +3.097914871e+02 +3.097914871e+02 -3.7935e-01 -3.1193e+00 -2.1546e+00 -1.3620e+00 +3.1330e+00
796 0 +1.759400051e+02 +2.240200051e+02 +2.240200051e+02 +1.6293e+00 -2.6142e+00 -3.5784e+00 -1.5173e+00 +1.9505e+00
815 0 +1.551334057e+02 +2.032134057e+02 +2.032134057e+02 +1.4664e+00 -2.6668e+00 -3.4395e+00 -2.0172e+00 +1.8216e+00
849 0 +1.094188190e+02 +1.574988190e+02 +1.574988190e+02 +9.1348e-01 -2.8721e+00 -3.0444e+00 -2.1700e+00 +2.1278e+00
860 0 +1.025043628e+02 +1.505843628e+02 +1.505843628e+02 +1.1267e+00 -2.8249e+00 -3.2159e+00 -1.7676e+00 +2.1625e+00
861 0 +5.975845618e+01 +1.078384562e+02 +1.078384562e+02 +2.1591e+00 -2.7577e+00 -3.9268e+00 -2.5288e+00 +1.2830e+00
889 0 +1.883454626e+01 +6.691454626e+01 +6.691454626e+01 +1.7652e+00 -3.1167e+00 -3.6445e+00 -3.0064e+00 +1.4519e+00
1016 0 +1.558744201e+01 +6.366744201e+01 +6.366744201e+01 +1.6402e+00 -3.3927e+00 -3.5488e+00 -3.5746e+00 +1.4189e+00
1048 0 +1.131499215e+01 +5.939499215e+01 +5.939499215e+01 +2.6361e+00 -3.0780e+00 -4.2726e+00 -3.2160e+00 +9.3410e-01
1071 0 +9.589129993e+00 +5.766912999e+01 +5.766912999e+01 +1.2253e+00 -3.3979e+00 -3.2602e+00 -3.3920e+00 +1.7200e+00
1083 0 +7.368783254e+00 +5.544878325e+01 +5.544878325e+01 +1.8081e+00 -3.2089e+00 -3.6834e+00 -3.1088e+00 +1.4527e+00
1103 0 +3.638749439e+00 +5.171874944e+01 +5.171874944e+01 +1.6502e+00 -3.3273e+00 -3.5625e+00 -3.3825e+00 +1.4606e+00
1114 0 +1.759027014e+00 +4.983902701e+01 +4.983902701e+01 +7.5174e-01 -3.4804e+00 -2.9208e+00 -3.3687e+00 +1.9814e+00
1151 0 +1.049152383e-01 +4.818491524e+01 +4.818491524e+01 +1.0006e+00 -3.3957e+00 -3.1010e+00 -3.2778e+00 +1.8562e+00
% f evaluations | g evaluations | best noise-free fitness - Fopt (3.058000000000e+01) + sum g_i+ | measured fitness | best measured fitness or single-digit g-values | x1 | x2...
1 0 +5.129698096e+06 +5.129728676e+06 +5.129728676e+06 +5.9671e-01 -3.8264e-02 +7.4769e-01 +1.6230e+00 -1.3415e-01
3 0 +3.849577660e+06 +3.849608240e+06 +3.849608240e+06 -3.6342e-01 -3.6573e-01 +3.4196e-01 -1.8133e+00 -1.6249e+00
4 0 +2.425531194e+06 +2.425561774e+06 +2.425561774e+06 -4.6229e-01 -9.1283e-01 +4.1425e-01 -8.0802e-01 -1.3123e+00
6 0 +2.328608918e+06 +2.328639498e+06 +2.328639498e+06 +2.1092e-01 -1.0510e+00 +4.7570e-01 -5.0064e-01 -1.9169e-01
25 0 +1.523876975e+06 +1.523907555e+06 +1.523907555e+06 +8.9103e-01 -8.0939e-01 +1.5028e+00 -1.3019e+00 +6.8686e-01
26 0 +1.617780056e+05 +1.618085856e+05 +1.618085856e+05 -6.6717e-01 -1.1772e+00 +1.1852e+00 +4.7416e-02 +1.3806e+00
29 0 +1.010767892e+05 +1.011073692e+05 +1.011073692e+05 -7.0498e-01 -4.1801e-01 +1.6620e+00 -1.7999e+00 +1.9817e+00
66 0 +8.354952965e+04 +8.358010965e+04 +8.358010965e+04 +9.0581e-01 -1.1122e+00 +2.7659e+00 +8.0382e-01 +2.6006e+00
103 0 +2.823925512e+04 +2.826983512e+04 +2.826983512e+04 +1.0404e+00 -4.1571e-01 +4.1576e+00 +1.4165e+00 +2.9618e+00
122 0 +2.452574717e+04 +2.455632717e+04 +2.455632717e+04 -3.0845e+00 +1.7373e+00 +3.8560e+00 -1.1672e+00 +1.1454e+00
129 0 +1.660646371e+04 +1.663704371e+04 +1.663704371e+04 -1.9416e+00 +3.7825e-01 +2.7385e+00 -1.8947e+00 +1.1283e+00
130 0 +1.623152545e+04 +1.626210545e+04 +1.626210545e+04 -2.0408e-01 +4.5545e-01 +4.6915e+00 +1.4371e+00 +2.3441e+00
207 0 +9.795199153e+03 +9.825779153e+03 +9.825779153e+03 -2.1449e+00 +6.1598e-01 +2.2093e+00 -3.4781e+00 +2.0153e+00
272 0 +3.279370479e+03 +3.309950479e+03 +3.309950479e+03 -2.8511e+00 +1.2314e+00 +3.4208e+00 -9.2873e-01 +5.8038e-01
327 0 +2.913736685e+03 +2.944316685e+03 +2.944316685e+03 -2.7261e+00 +1.1818e+00 +3.1560e+00 -1.8433e+00 +1.0058e+00
371 0 +2.205762507e+03 +2.236342507e+03 +2.236342507e+03 -2.0971e+00 +3.1535e-01 +2.0758e+00 -1.5144e+00 +2.0524e+00
382 0 +1.776686916e+03 +1.807266916e+03 +1.807266916e+03 -2.7134e+00 +6.9163e-01 +2.3075e+00 -1.3841e+00 +1.2372e+00
383 0 +1.250881455e+03 +1.281461455e+03 +1.281461455e+03 -2.4789e+00 +3.7806e-01 +1.8262e+00 -1.3568e+00 +1.8342e+00
453 0 +1.208298111e+03 +1.238878111e+03 +1.238878111e+03 -2.3835e+00 +6.9684e-01 +2.6397e+00 -1.1101e+00 +1.4332e+00
461 0 +1.189551529e+03 +1.220131529e+03 +1.220131529e+03 -2.3114e+00 +3.6916e-01 +1.9700e+00 -1.3199e+00 +1.9076e+00
482 0 +1.042496161e+03 +1.073076161e+03 +1.073076161e+03 -2.0808e+00 +4.2111e-01 +2.3468e+00 -1.1625e+00 +1.8083e+00
518 0 +9.751186311e+02 +1.005698631e+03 +1.005698631e+03 -2.1714e+00 +2.9095e-01 +2.0303e+00 -1.1208e+00 +1.8841e+00
573 0 +8.914674280e+02 +9.220474280e+02 +9.220474280e+02 -1.9666e+00 +1.7977e-01 +2.0129e+00 -9.5033e-01 +2.0809e+00
601 0 +8.646603536e+02 +8.952403536e+02 +8.952403536e+02 -1.9779e+00 +1.3039e-01 +1.9122e+00 -9.3322e-01 +2.1144e+00
629 0 +7.337936437e+02 +7.643736437e+02 +7.643736437e+02 -1.8027e+00 -1.6286e-01 +1.4566e+00 -9.6808e-01 +2.5173e+00
654 0 +5.604653224e+02 +5.910453224e+02 +5.910453224e+02 -1.6989e+00 -7.0159e-01 +5.7708e-01 -5.5820e-01 +2.9845e+00
656 0 +4.758518742e+02 +5.064318742e+02 +5.064318742e+02 -1.9203e+00 -6.2198e-01 +5.0488e-01 -8.9148e-01 +2.8441e+00
679 0 +2.806437355e+02 +3.112237355e+02 +3.112237355e+02 -7.6615e-01 -1.6546e+00 -4.9842e-01 -8.2924e-01 +4.2408e+00
841 0 +2.769274535e+02 +3.075074535e+02 +3.075074535e+02 -1.1398e+00 -1.8194e+00 -1.1269e+00 -6.0852e-01 +4.2124e+00
849 0 +2.451175313e+02 +2.756975313e+02 +2.756975313e+02 -1.2415e+00 -2.6466e+00 -2.8033e+00 -7.2622e-01 +4.8548e+00
871 0 +1.332409097e+02 +1.638209097e+02 +1.638209097e+02 -1.1221e+00 -2.3512e+00 -2.1767e+00 -8.1293e-01 +4.7218e+00
877 0 +9.629084598e+01 +1.268708460e+02 +1.268708460e+02 -1.2993e+00 -2.2430e+00 -2.0966e+00 -6.9355e-01 +4.5583e+00
888 0 +1.916687778e+01 +4.974687778e+01 +4.974687778e+01 -1.3367e+00 -2.3522e+00 -2.2822e+00 -4.5077e-01 +4.6154e+00
973 0 +1.587894196e+01 +4.645894196e+01 +4.645894196e+01 -1.2700e+00 -2.5143e+00 -2.5340e+00 -4.1146e-01 +4.7730e+00
1026 0 +7.661400144e+00 +3.824140014e+01 +3.824140014e+01 -1.5957e+00 -2.2538e+00 -2.2641e+00 -1.5194e-01 +4.4050e+00
1063 0 +7.125366746e+00 +3.770536675e+01 +3.770536675e+01 -1.6208e+00 -2.2003e+00 -2.2002e+00 -2.5310e-01 +4.3514e+00
1068 0 +4.489464478e+00 +3.506946448e+01 +3.506946448e+01 -1.5959e+00 -2.3265e+00 -2.4024e+00 -1.6115e-01 +4.4630e+00
1139 0 +3.457254386e+00 +3.403725439e+01 +3.403725439e+01 -1.8240e+00 -2.1635e+00 -2.2744e+00 -5.8136e-02 +4.2424e+00
1164 0 +2.515713060e+00 +3.309571306e+01 +3.309571306e+01 -1.9637e+00 -2.1685e+00 -2.3853e+00 +5.0060e-02 +4.1887e+00
1186 0 +2.264537387e+00 +3.284453739e+01 +3.284453739e+01 -2.1933e+00 -2.1419e+00 -2.5145e+00 +2.0499e-01 +4.0773e+00
1238 0 +1.477807359e+00 +3.205780736e+01 +3.205780736e+01 -2.7158e+00 -1.9192e+00 -2.4985e+00 +4.5723e-01 +3.6808e+00
% f evaluations | g evaluations | best noise-free fitness - Fopt (1.000000000000e+03) + sum g_i+ | measured fitness | best measured fitness or single-digit g-values | x1 | x2...
1 0 +7.800350395e+06 +7.801350395e+06 +7.801350395e+06 +5.9671e-01 -3.8264e-02 +7.4769e-01 +1.6230e+00 -1.3415e-01
2 0 +4.442581272e+06 +4.443581272e+06 +4.443581272e+06 -1.3414e-01 +1.6792e+00 +8.6743e-01 -3.6947e-01 +6.4256e-01
3 0 +4.368225056e+04 +4.468225056e+04 +4.468225056e+04 -3.6342e-01 -3.6573e-01 +3.4196e-01 -1.8133e+00 -1.6249e+00
43 0 +4.289717560e+04 +4.389717560e+04 +4.389717560e+04 -6.4520e-01 +1.3730e-02 +3.6913e-02 -2.3375e+00 -2.0600e+00
45 0 +6.074595784e+03 +7.074595784e+03 +7.074595784e+03 -2.7036e+00 +8.6792e-01 -5.3763e-01 -2.4639e+00 -9.6109e-01
51 0 +2.529225223e+03 +3.529225223e+03 +3.529225223e+03 -6.6140e-01 -5.3130e-01 -1.1319e-01 -1.6922e+00 -1.1439e+00
384 0 +1.727342631e+03 +2.727342631e+03 +2.727342631e+03 -1.6355e+00 -7.3624e-01 -9.4362e-01 -1.1731e+00 -3.5058e-01
408 0 +1.198713486e+03 +2.198713486e+03 +2.198713486e+03 -1.3785e+00 -2.4432e-01 -6.7895e-01 -1.5576e+00 -1.0039e+00
461 0 +1.069575648e+03 +2.069575648e+03 +2.069575648e+03 -1.9330e+00 -2.3055e-01 -5.6345e-01 -1.7991e+00 -7.3502e-01
487 0 +9.254728085e+02 +1.925472809e+03 +1.925472809e+03 -1.8795e+00 +3.0540e-02 -5.8801e-01 -1.8905e+00 -1.0457e+00
563 0 +8.989742746e+02 +1.898974275e+03 +1.898974275e+03 -1.7269e+00 +7.7174e-02 -4.4398e-01 -1.9886e+00 -1.0477e+00
581 0 +8.889871111e+02 +1.888987111e+03 +1.888987111e+03 -1.8343e+00 +6.4864e-02 -5.7912e-01 -1.8892e+00 -1.0208e+00
596 0 +8.882172739e+02 +1.888217274e+03 +1.888217274e+03 -1.7302e+00 +6.7808e-02 -4.8398e-01 -1.9523e+00 -1.1248e+00
627 0 +8.864335793e+02 +1.886433579e+03 +1.886433579e+03 -1.8274e+00 +4.4309e-01 -8.9803e-01 -1.7739e+00 -1.3880e+00
629 0 +8.787655776e+02 +1.878765578e+03 +1.878765578e+03 -1.7084e+00 +6.9379e-02 -4.7529e-01 -1.9588e+00 -1.1063e+00
648 0 +8.758154003e+02 +1.875815400e+03 +1.875815400e+03 -1.8829e+00 -1.8685e-03 -6.7582e-01 -1.7971e+00 -9.5391e-01
658 0 +8.468810996e+02 +1.846881100e+03 +1.846881100e+03 -1.8891e+00 +3.0754e-01 -8.0776e-01 -1.8342e+00 -1.2916e+00
679 0 +7.885986711e+02 +1.788598671e+03 +1.788598671e+03 -2.1136e+00 +5.0534e-01 -7.9852e-01 -1.9900e+00 -1.2562e+00
680 0 +7.155433723e+02 +1.715543372e+03 +1.715543372e+03 -2.0244e+00 +5.3809e-01 -8.8155e-01 -1.9095e+00 -1.3688e+00
706 0 +6.469520999e+02 +1.646952100e+03 +1.646952100e+03 -2.2226e+00 +8.8533e-01 -1.2226e+00 -1.8320e+00 -1.5647e+00
713 0 +6.287421067e+02 +1.628742107e+03 +1.628742107e+03 -2.0572e+00 +7.6149e-01 -9.4049e-01 -1.9593e+00 -1.4954e+00
735 0 +5.316204942e+02 +1.531620494e+03 +1.531620494e+03 -2.4294e+00 +1.6574e+00 -1.1210e+00 -2.3102e+00 -2.0581e+00
747 0 +5.028362720e+02 +1.502836272e+03 +1.502836272e+03 -2.0283e+00 +9.1469e-01 -1.4031e+00 -1.6328e+00 -1.6425e+00
767 0 +3.168675666e+02 +1.316867567e+03 +1.316867567e+03 -2.2258e+00 +1.5140e+00 -1.7008e+00 -1.7011e+00 -2.0534e+00
780 0 +2.011118474e+02 +1.201111847e+03 +1.201111847e+03 -2.4022e+00 +2.3646e+00 -2.2279e+00 -1.6751e+00 -2.7115e+00
827 0 +7.762895443e+01 +1.077628954e+03 +1.077628954e+03 -2.3491e+00 +4.0183e+00 -8.8738e-01 -3.5497e+00 -3.8968e+00
864 0 +5.000400658e+01 +1.050004007e+03 +1.050004007e+03 -2.7372e+00 +3.6189e+00 -4.1136e+00 -7.2371e-01 -3.5606e+00
898 0 +2.807166848e+01 +1.028071668e+03 +1.028071668e+03 -2.7332e+00 +4.2943e+00 -3.1301e+00 -1.8655e+00 -4.0600e+00
942 0 +2.307330372e+01 +1.023073304e+03 +1.023073304e+03 -2.4825e+00 +3.5946e+00 -2.7066e+00 -1.8361e+00 -3.5596e+00
975 0 +1.104963554e+01 +1.011049636e+03 +1.011049636e+03 -2.4732e+00 +3.6932e+00 -2.7558e+00 -1.8389e+00 -3.6691e+00
1010 0 +6.641948741e+00 +1.006641949e+03 +1.006641949e+03 -2.6717e+00 +3.5504e+00 -3.6349e+00 -1.0800e+00 -3.5176e+00
1014 0 +3.941612435e+00 +1.003941612e+03 +1.003941612e+03 -2.6141e+00 +3.9128e+00 -2.8663e+00 -1.8837e+00 -3.7917e+00
1060 0 +2.847858658e+00 +1.002847859e+03 +1.002847859e+03 -2.5771e+00 +3.8858e+00 -2.8304e+00 -1.8895e+00 -3.7709e+00
1107 0 +7.937166887e-01 +1.000793717e+03 +1.000793717e+03 -2.5787e+00 +3.9041e+00 -2.7155e+00 -1.9992e+00 -3.7760e+00
1168 0 +3.486599335e-01 +1.000348660e+03 +1.000348660e+03 -2.6211e+00 +3.7988e+00 -3.0847e+00 -1.6465e+00 -3.7018e+00
1181 0 +2.406058179e-01 +1.000240606e+03 +1.000240606e+03 -2.6105e+00 +3.7936e+00 -3.0413e+00 -1.6786e+00 -3.6958e+00
% f evaluations | g evaluations | best noise-free fitness - Fopt (-4.236000000000e+01) + sum g_i+ | measured fitness | best measured fitness or single-digit g-values | x1 | x2...
1 0 +4.299884506e+05 +4.299460906e+05 +4.299460906e+05 +5.9671e-01 -3.8264e-02 +7.4769e-01 +1.6230e+00 -1.3415e-01
2 0 +3.060139924e+05 +3.059716324e+05 +3.059716324e+05 -1.3414e-01 +1.6792e+00 +8.6743e-01 -3.6947e-01 +6.4256e-01
6 0 +9.893211758e+04 +9.888975758e+04 +9.888975758e+04 +2.1092e-01 -1.0510e+00 +4.7570e-01 -5.0064e-01 -1.9169e-01
10 0 +2.777560141e+04 +2.773324141e+04 +2.773324141e+04 -6.1984e-01 -3.6064e-01 +1.1571e+00 +4.4362e-01 -1.6630e+00
45 0 +8.404515663e+03 +8.362155663e+03 +8.362155663e+03 -3.2948e-01 -4.0174e-01 -4.6011e-03 -7.4015e-01 +2.0192e-01
170 0 +8.095661378e+03 +8.053301378e+03 +8.053301378e+03 -9.4431e-01 -1.6283e-01 -6.0402e-03 -1.1137e+00 +2.2977e-01
177 0 +7.948458055e+03 +7.906098055e+03 +7.906098055e+03 -5.7491e-01 -2.9052e-01 +5.0479e-01 -6.2706e-01 +1.8620e-01
186 0 +7.280289359e+03 +7.237929359e+03 +7.237929359e+03 -1.0516e+00 -4.0424e-01 +3.4338e-01 -1.0228e+00 +8.5908e-02
202 0 +6.891346256e+03 +6.848986256e+03 +6.848986256e+03 -8.1471e-01 -3.8607e-01 +2.6348e-01 -9.7628e-01 +2.6498e-01
207 0 +6.133010787e+03 +6.090650787e+03 +6.090650787e+03 -1.0324e+00 -2.9248e-01 +5.5596e-01 -1.0738e+00 +3.0657e-01
253 0 +5.345890984e+03 +5.303530984e+03 +5.303530984e+03 -1.1362e+00 -2.5890e-01 +6.3196e-01 -1.1006e+00 +3.4212e-01
281 0 +3.130041172e+03 +3.087681172e+03 +3.087681172e+03 -9.7531e-01 -3.9271e-01 +5.7528e-01 -1.1792e+00 +6.8074e-01
310 0 +3.101749581e+03 +3.059389581e+03 +3.059389581e+03 -1.0566e+00 -2.8192e-01 +7.4265e-01 -1.2371e+00 +8.4489e-01
313 0 +2.911752989e+03 +2.869392989e+03 +2.869392989e+03 -1.7406e+00 -5.4595e-01 +1.0937e+00 -1.5679e+00 +5.5164e-01
338 0 +1.716703478e+03 +1.674343478e+03 +1.674343478e+03 -1.6792e+00 -6.2312e-01 +1.4830e+00 -1.4035e+00 +6.6422e-01
359 0 +6.683462435e+02 +6.259862435e+02 +6.259862435e+02 -1.8807e+00 -9.1315e-01 +2.1307e+00 -1.3130e+00 +7.2680e-01
368 0 +6.662301038e+02 +6.238701038e+02 +6.238701038e+02 -2.3771e+00 -5.5752e-01 +1.3802e+00 -2.0819e+00 +9.4521e-01
464 0 +4.796988941e+02 +4.373388941e+02 +4.373388941e+02 -1.9111e+00 -5.8147e-01 +1.7655e+00 -1.7873e+00 +1.4563e+00
507 0 +3.570093252e+02 +3.146493252e+02 +3.146493252e+02 -1.2282e+00 -9.7178e-01 +2.2081e+00 -1.0841e+00 +1.3077e+00
584 0 +1.481732663e+02 +1.058132663e+02 +1.058132663e+02 -2.0785e-01 -1.1416e+00 +2.7524e+00 -3.6911e-01 +1.8113e+00
603 0 +1.404427042e+02 +9.808270419e+01 +9.808270419e+01 -6.8476e-01 -6.2979e-01 +1.7616e+00 -1.1853e+00 +2.0842e+00
630 0 +6.042902569e+01 +1.806902569e+01 +1.806902569e+01 +4.7631e-01 -9.3917e-01 +2.2590e+00 -2.1145e-01 +2.2325e+00
691 0 +4.636914155e+01 +4.009141550e+00 +4.009141550e+00 +2.8847e-01 -7.8756e-01 +2.0070e+00 -5.2861e-01 +2.4193e+00
777 0 +2.293806583e+01 -1.942193417e+01 -1.942193417e+01 +1.2630e+00 -7.3863e-01 +2.0605e+00 -2.1499e-01 +3.3784e+00
791 0 +1.589833561e+01 -2.646166439e+01 -2.646166439e+01 +7.0599e-01 -7.9738e-01 +2.1424e+00 -3.4850e-01 +2.8331e+00
822 0 +1.151010284e+01 -3.084989716e+01 -3.084989716e+01 +6.0714e-01 -9.1773e-01 +2.3116e+00 -2.4673e-01 +2.5689e+00
854 0 +9.108381891e+00 -3.325161811e+01 -3.325161811e+01 +3.6428e-01 -4.3904e-01 +1.5653e+00 -1.0391e+00 +3.3540e+00
870 0 +5.927075470e+00 -3.643292453e+01 -3.643292453e+01 +6.6201e-01 -7.5182e-01 +2.0101e+00 -4.4809e-01 +2.8690e+00
878 0 +3.491624542e+00 -3.886837546e+01 -3.886837546e+01 +6.0803e-01 -5.2995e-01 +1.6778e+00 -7.8645e-01 +3.2792e+00
883 0 +1.938237335e+00 -4.042176266e+01 -4.042176266e+01 +6.5340e-01 -4.4541e-01 +1.5670e+00 -8.7362e-01 +3.4687e+00
931 0 +1.034387033e+00 -4.132561297e+01 -4.132561297e+01 +6.3166e-01 -7.2776e-01 +1.9963e+00 -5.0204e-01 +2.9260e+00
951 0 +5.925319886e-01 -4.176746801e+01 -4.176746801e+01 +6.4767e-01 -7.2910e-01 +2.0055e+00 -4.9579e-01 +2.9475e+00
969 0 +5.294236147e-01 -4.183057639e+01 -4.183057639e+01 +6.7423e-01 -6.6938e-01 +1.9090e+00 -5.6339e-01 +3.0673e+00
979 0 +3.511621557e-01 -4.200883784e+01 -4.200883784e+01 +6.0273e-01 -6.4221e-01 +1.8751e+00 -6.4025e-01 +3.0953e+00
992 0 +2.963493376e-01 -4.206365066e+01 -4.206365066e+01 +5.5139e-01 -8.6134e-01 +2.1979e+00 -3.7777e-01 +2.6658e+00
1025 0 +1.745568771e-01 -4.218544312e+01 -4.218544312e+01 +5.7656e-01 -7.7931e-01 +2.0814e+00 -4.6794e-01 +2.8228e+00
1029 0 +1.631777976e-01 -4.219682220e+01 -4.219682220e+01 +6.2635e-01 -7.6560e-01 +2.0641e+00 -4.6572e-01 +2.8879e+00
1032 0 +1.238844447e-01 -4.223611556e+01 -4.223611556e+01 +6.1791e-01 -7.4977e-01 +2.0367e+00 -4.9444e-01 +2.9153e+00
1051 0 +1.030919671e-01 -4.225690803e+01 -4.225690803e+01 +5.7144e-01 -7.4535e-01 +2.0255e+00 -5.2189e-01 +2.8905e+00
1052 0 +8.883424740e-02 -4.227116575e+01 -4.227116575e+01 +5.9564e-01 -7.3960e-01 +2.0188e+00 -5.1627e-01 +2.9147e+00
1084 0 +4.587641310e-02 -4.231412359e+01 -4.231412359e+01 +5.5963e-01 -8.1363e-01 +2.1273e+00 -4.3307e-01 +2.7502e+00
1097 0 +3.153704157e-02 -4.232846296e+01 -4.232846296e+01 +5.9868e-01 -7.3402e-01 +2.0109e+00 -5.2201e-01 +2.9258e+00
1122 0 +1.794405807e-02 -4.234205594e+01 -4.234205594e+01 +5.8630e-01 -7.6346e-01 +2.0552e+00 -4.8665e-01 +2.8605e+00
1126 0 +8.126718547e-03 -4.235187328e+01 -4.235187328e+01 +5.8795e-01 -7.8602e-01 +2.0896e+00 -4.5744e-01 +2.8235e+00
1217 0 +6.224512196e-03 -4.235377549e+01 -4.235377549e+01 +5.7104e-01 -7.9435e-01 +2.1028e+00 -4.5451e-01 +2.7990e+00
1240 0 +5.320158661e-03 -4.235467984e+01 -4.235467984e+01 +5.6784e-01 -7.9092e-01 +2.0958e+00 -4.6006e-01 +2.8006e+00
