% f evaluations | g evaluations | best noise-free fitness - Fopt (1.026100000000e+02) + sum g_i+ | measured fitness | best measured fitness or single-digit g-values | x1 | x2...
1 0 +8.499088232e+01 +1.876008823e+02 +1.876008823e+02 +5.9671e-01 -3.8264e-02 +7.4769e-01 +1.6230e+00 -1.3415e-01
3 0 +7.334857351e+01 +1.759585735e+02 +1.759585735e+02 -3.6342e-01 -3.6573e-01 +3.4196e-01 -1.8133e+00 -1.6249e+00
5 0 +6.580041802e+01 +1.684104180e+02 +1.684104180e+02 +1.5656e+00 -1.2578e-01 +1.6753e-01 -1.3247e+00 -4.4438e-01
9 0 +6.386104831e+01 +1.664710483e+02 +1.664710483e+02 +8.3847e-01 +2.7137e-01 -1.5648e-02 -2.0110e-01 -1.3785e+00
12 0 +4.633366536e+01 +1.489436654e+02 +1.489436654e+02 +1.0313e+00 -7.3922e-01 -2.0921e-01 +4.3126e-01 +1.0755e+00
107 0 +2.391200696e+01 +1.265220070e+02 +1.265220070e+02 +1.6589e+00 +1.9452e+00 +6.0135e-02 -1.0887e+00 -1.9385e+00
136 0 +2.200223300e+01 +1.246122330e+02 +1.246122330e+02 +1.9198e+00 +7.8885e-01 -1.1013e+00 -1.0967e+00 -1.9008e+00
385 0 +2.049242634e+01 +1.231024263e+02 +1.231024263e+02 +1.5961e+00 +5.5514e-01 -1.7822e+00 -1.5338e+00 -2.0691e+00
399 0 +7.012030247e+00 +1.096220302e+02 +1.096220302e+02 +1.3884e+00 +7.3679e-01 -5.4615e-01 -6.8134e-01 -1.3386e+00
% f evaluations | g evaluations | best noise-free fitness - Fopt (9.330000000000e+01) + sum g_i+ | measured fitness | best measured fitness or single-digit g-values | x1 | x2...
1 0 +9.053870432e+01 +1.838387043e+02 +1.838387043e+02 +5.9671e-01 -3.8264e-02 +7.4769e-01 +1.6230e+00 -1.3415e-01
3 0 +7.053340211e+01 +1.638334021e+02 +1.638334021e+02 -3.6342e-01 -3.6573e-01 +3.4196e-01 -1.8133e+00 -1.6249e+00
4 0 +5.747590142e+01 +1.507759014e+02 +1.507759014e+02 -4.6229e-01 -9.1283e-01 +4.1425e-01 -8.0802e-01 -1.3123e+00
5 0 +4.851537749e+01 +1.418153775e+02 +1.418153775e+02 +1.5656e+00 -1.2578e-01 +1.6753e-01 -1.3247e+00 -4.4438e-01
9 0 +3.690835605e+01 +1.302083560e+02 +1.302083560e+02 +8.3847e-01 +2.7137e-01 -1.5648e-02 -2.0110e-01 -1.3785e+00
61 0 +2.915502032e+01 +1.224550203e+02 +1.224550203e+02 +2.6230e+00 -1.1860e+00 +6.3591e-01 -1.9288e-01 -1.7736e+00
323 0 +2.054508700e+01 +1.138450870e+02 +1.138450870e+02 -1.3219e+00 +2.5960e+00 -1.6762e+00 +2.1171e+00 +1.3856e+00
436 0 +1.514482952e+01 +1.084448295e+02 +1.084448295e+02 -1.3946e+00 +2.0119e+00 -2.2107e+00 +1.4680e+00 +1.0291e+00
% f evaluations | g evaluations | best noise-free fitness - Fopt (1.364000000000e+01) + sum g_i+ | measured fitness | best measured fitness or single-digit g-values | x1 | x2...
1 0 +8.700110703e+01 +1.006411070e+02 +1.006411070e+02 +5.9671e-01 -3.8264e-02 +7.4769e-01 +1.6230e+00 -1.3415e-01
2 0 +7.291196819e+01 +8.655196819e+01 +8.655196819e+01 -1.3414e-01 +1.6792e+00 +8.6743e-01 -3.6947e-01 +6.4256e-01
5 0 +4.383361079e+01 +5.747361079e+01 +5.747361079e+01 +1.5656e+00 -1.2578e-01 +1.6753e-01 -1.3247e+00 -4.4438e-01
38 0 +3.949140158e+01 +5.313140158e+01 +5.313140158e+01 +5.5797e-01 +8.1508e-01 +1.3903e+00 -7.7885e-01 +5.5561e-01
64 0 +3.644819018e+01 +5.008819018e+01 +5.008819018e+01 +1.2062e+00 +1.3600e+00 +1.1308e+00 -1.1584e+00 +2.8034e-02
81 0 +3.544089831e+01 +4.908089831e+01 +4.908089831e+01 -4.1559e-01 +1.5729e+00 +1.9717e+00 -2.9800e-01 +9.2559e-01
98 0 +3.080997654e+01 +4.444997654e+01 +4.444997654e+01 +3.5742e-01 -4.4015e-01 +1.3165e+00 -6.9358e-01 +1.8125e+00
145 0 +2.144763562e+01 +3.508763562e+01 +3.508763562e+01 +1.1962e+00 +1.7826e+00 +2.1106e+00 -8.7304e-01 +8.3026e-01
418 0 +1.635541313e+01 +2.999541313e+01 +2.999541313e+01 +1.6966e+00 +1.2427e+00 +1.9509e+00 -1.0934e+00 +1.4909e+00
509 0 +1.160904774e+01 +2.524904774e+01 +2.524904774e+01 +1.8758e+00 +1.1772e+00 +1.6631e+00 -1.0872e+00 +1.6912e+00
815 0 +9.347283573e+00 +2.298728357e+01 +2.298728357e+01 +1.6909e+00 +1.2976e+00 +1.3567e+00 -9.8743e-01 +1.2033e+00
% f evaluations | g evaluations | best noise-free fitness - Fopt (1.948000000000e+02) + sum g_i+ | measured fitness | best measured fitness or single-digit g-values | x1 | x2...
1 0 +8.015826547e+01 +2.749582655e+02 +2.749582655e+02 +5.9671e-01 -3.8264e-02 +7.4769e-01 +1.6230e+00 -1.3415e-01
3 0 +7.775577416e+01 +2.725557742e+02 +2.725557742e+02 -3.6342e-01 -3.6573e-01 +3.4196e-01 -1.8133e+00 -1.6249e+00
4 0 +4.861626552e+01 +2.434162655e+02 +2.434162655e+02 -4.6229e-01 -9.1283e-01 +4.1425e-01 -8.0802e-01 -1.3123e+00
50 0 +4.158132158e+01 +2.363813216e+02 +2.363813216e+02 +7.5725e-01 +2.1275e+00 +1.0615e+00 -1.9070e+00 -1.5858e+00
60 0 +3.853014032e+01 +2.333301403e+02 +2.333301403e+02 -3.3389e-01 +5.5412e-01 +1.5483e+00 -6.6090e-01 -1.1768e+00
192 0 +3.668624328e+01 +2.314862433e+02 +2.314862433e+02 +1.4362e+00 +2.2712e+00 -2.5353e-01 -1.8910e+00 -1.7983e-01
263 0 +3.007864245e+01 +2.248786425e+02 +2.248786425e+02 +8.0886e-01 +2.4276e+00 +6.2644e-01 -1.8703e+00 -2.6484e+00
340 0 +2.830306917e+01 +2.231030692e+02 +2.231030692e+02 -1.9735e-02 +9.3259e-01 +2.5527e+00 -1.5875e+00 -1.2742e+00
390 0 +1.505559325e+01 +2.098555932e+02 +2.098555932e+02 -1.5679e-01 +7.9940e-01 +1.5447e+00 -1.5626e+00 -2.4306e+00
% f evaluations | g evaluations | best noise-free fitness - Fopt (-1.335900000000e+02) + sum g_i+ | measured fitness | best measured fitness or single-digit g-values | x1 | x2...
1 0 +6.971884850e+01 -6.387115150e+01 -6.387115150e+01 +5.9671e-01 -3.8264e-02 +7.4769e-01 +1.6230e+00 -1.3415e-01
3 0 +5.223349731e+01 -8.135650269e+01 -8.135650269e+01 -3.6342e-01 -3.6573e-01 +3.4196e-01 -1.8133e+00 -1.6249e+00
12 0 +4.026655205e+01 -9.332344795e+01 -9.332344795e+01 +1.0313e+00 -7.3922e-01 -2.0921e-01 +4.3126e-01 +1.0755e+00
88 0 +3.837250418e+01 -9.521749582e+01 -9.521749582e+01 -7.9775e-01 +3.9163e-01 -2.1023e+00 -1.0603e+00 -1.1606e+00
184 0 +3.605243955e+01 -9.753756045e+01 -9.753756045e+01 -2.4724e+00 +1.4289e+00 +1.0753e-02 -2.1245e+00 -2.3557e-01
219 0 +3.533210840e+01 -9.825789160e+01 -9.825789160e+01 -2.0743e+00 +9.2588e-01 -1.7687e+00 -1.8092e+00 +8.1858e-03
248 0 +3.243877857e+01 -1.011512214e+02 -1.011512214e+02 -1.5800e+00 +1.6340e+00 -7.1051e-01 -1.5545e+00 -3.2239e+00
370 0 +2.290147020e+01 -1.106885298e+02 -1.106885298e+02 -1.1893e+00 +1.0869e+00 -1.5388e+00 -3.1493e+00 -2.5026e+00
1059 0 +2.186731069e+01 -1.117226893e+02 -1.117226893e+02 -2.4603e+00 +1.1687e+00 -1.2965e+00 -1.4768e+00 -3.1145e+00
1083 0 +1.514088181e+01 -1.184491182e+02 -1.184491182e+02 -1.9929e+00 +4.8560e-01 -1.1998e+00 -1.7961e+00 -2.4161e+00
% f evaluations | g evaluations | best noise-free fitness - Fopt (-3.085000000000e+01) + sum g_i+ | measured fitness | best measured fitness or single-digit g-values | x1 | x2...
1 0 +7.972531536e+01 +4.887531536e+01 +4.887531536e+01 +5.9671e-01 -3.8264e-02 +7.4769e-01 +1.6230e+00 -1.3415e-01
5 0 +5.811570186e+01 +2.726570186e+01 +2.726570186e+01 +1.5656e+00 -1.2578e-01 +1.6753e-01 -1.3247e+00 -4.4438e-01
6 0 +5.148285355e+01 +2.063285355e+01 +2.063285355e+01 +2.1092e-01 -1.0510e+00 +4.7570e-01 -5.0064e-01 -1.9169e-01
43 0 +4.792541125e+01 +1.707541125e+01 +1.707541125e+01 -1.7644e-01 -9.4967e-01 -6.6438e-01 +4.2508e-01 -1.7725e+00
114 0 +4.292160002e+01 +1.207160002e+01 +1.207160002e+01 -3.0158e-01 +4.5333e-01 +1.0626e+00 +5.4972e-01 -1.8222e+00
131 0 +3.682631466e+01 +5.976314657e+00 +5.976314657e+00 -1.0766e+00 -9.3459e-01 +1.7453e+00 +2.1297e+00 -1.7858e+00
153 0 +3.517068614e+01 +4.320686138e+00 +4.320686138e+00 -2.4736e+00 -4.9371e-01 +3.3638e+00 +3.9746e+00 -1.7282e+00
360 0 +3.347965411e+01 +2.629654106e+00 +2.629654106e+00 -7.8094e-01 -5.3332e-01 +3.2130e+00 +1.7749e+00 -1.8934e+00
409 0 +2.867661209e+01 -2.173387915e+00 -2.173387915e+00 -3.5045e-01 -2.3530e+00 +2.1371e+00 +1.4364e+00 +4.2766e-01
414 0 +2.773572631e+01 -3.114273690e+00 -3.114273690e+00 -2.2984e+00 -1.1403e+00 +2.5383e+00 +1.7264e+00 -1.4756e+00
461 0 +2.756125055e+01 -3.288749450e+00 -3.288749450e+00 -3.1498e-01 -8.1753e-01 +1.8020e+00 +1.8575e+00 -1.3927e+00
531 0 +1.412295554e+01 -1.672704446e+01 -1.672704446e+01 -1.7440e+00 -1.9831e+00 +2.0639e+00 +1.7441e+00 -1.9232e+00
839 0 +1.343301926e+01 -1.741698074e+01 -1.741698074e+01 -2.1899e+00 -2.5274e+00 +2.4193e+00 +1.2810e+00 -1.5644e+00
981 0 +1.043551321e+01 -2.041448679e+01 -2.041448679e+01 -1.8559e+00 -2.0721e+00 +1.3822e+00 +1.7492e+00 -1.3202e+00
1058 0 +9.027149976e+00 -2.182285002e+01 -2.182285002e+01 -1.6487e+00 -1.8607e+00 +1.5051e+00 +2.1578e+00 -1.4005e+00
% f evaluations | g evaluations | best noise-free fitness - Fopt (-9.200000000000e+00) + sum g_i+ | measured fitness | best measured fitness or single-digit g-values | x1 | x2...
1 0 +9.317254260e+01 +8.397254260e+01 +8.397254260e+01 +5.9671e-01 -3.8264e-02 +7.4769e-01 +1.6230e+00 -1.3415e-01
2 0 +7.081811700e+01 +6.161811700e+01 +6.161811700e+01 -1.3414e-01 +1.6792e+00 +8.6743e-01 -3.6947e-01 +6.4256e-01
7 0 +3.578238731e+01 +2.658238731e+01 +2.658238731e+01 -5.0171e-01 +1.9523e+00 +8.6503e-02 -9.5771e-01 +9.2254e-01
58 0 +2.027089046e+01 +1.107089046e+01 +1.107089046e+01 -9.4832e-01 +1.1087e+00 +4.4633e-01 -2.1803e-01 +7.1154e-01
144 0 +1.940914977e+01 +1.020914977e+01 +1.020914977e+01 -6.3675e-01 +1.4484e+00 +1.4396e+00 -6.8885e-01 -1.0704e-01
407 0 +1.909019627e+01 +9.890196268e+00 +9.890196268e+00 -1.6697e+00 +8.1586e-01 +2.0367e+00 -3.3936e-01 +8.7847e-01
412 0 +1.754569827e+01 +8.345698266e+00 +8.345698266e+00 -7.5928e-01 +1.0770e+00 +1.4064e+00 -6.1718e-01 +1.5281e+00
509 0 +1.743841519e+01 +8.238415191e+00 +8.238415191e+00 -1.1416e+00 +1.0573e+00 +1.4156e+00 -8.9676e-01 +1.2694e+00
657 0 +1.423135114e+01 +5.031351143e+00 +5.031351143e+00 -1.1125e+00 +1.4928e+00 +1.8599e+00 -5.3997e-01 +8.2454e-01
791 0 +1.194987197e+01 +2.749871969e+00 +2.749871969e+00 -1.2969e+00 +1.3473e+00 +1.7999e+00 -7.3768e-01 +8.8610e-01
% f evaluations | g evaluations | best noise-free fitness - Fopt (-2.037600000000e+02) + sum g_i+ | measured fitness | best measured fitness or single-digit g-values | x1 | x2...
1 0 +1.310506073e+02 -7.270939270e+01 -7.270939270e+01 +5.9671e-01 -3.8264e-02 +7.4769e-01 +1.6230e+00 -1.3415e-01
2 0 +5.961339241e+01 -1.441466076e+02 -1.441466076e+02 -1.3414e-01 +1.6792e+00 +8.6743e-01 -3.6947e-01 +6.4256e-01
4 0 +5.452788536e+01 -1.492321146e+02 -1.492321146e+02 -4.6229e-01 -9.1283e-01 +4.1425e-01 -8.0802e-01 -1.3123e+00
25 0 +2.271632233e+01 -1.810436777e+02 -1.810436777e+02 +8.9103e-01 -8.0939e-01 +1.5028e+00 -1.3019e+00 +6.8686e-01
198 0 +1.549225518e+01 -1.882677448e+02 -1.882677448e+02 -1.8079e+00 -1.4576e+00 -4.3552e-01 +7.2410e-01 -9.2748e-01
543 0 +1.063006613e+01 -1.931299339e+02 -1.931299339e+02 -1.2773e+00 -7.8617e-01 -1.9827e+00 +1.6472e+00 -1.1109e+00
1148 0 +1.025323330e+01 -1.935067667e+02 -1.935067667e+02 -1.2114e+00 -7.3275e-01 -2.0545e+00 +8.6358e-01 -9.0471e-01
% f evaluations | g evaluations | best noise-free fitness - Fopt (3.399000000000e+01) + sum g_i+ | measured fitness | best measured fitness or single-digit g-values | x1 | x2...
1 0 +9.615526314e+01 +1.301452631e+02 +1.301452631e+02 +5.9671e-01 -3.8264e-02 +7.4769e-01 +1.6230e+00 -1.3415e-01
2 0 +5.149938605e+01 +8.548938605e+01 +8.548938605e+01 -1.3414e-01 +1.6792e+00 +8.6743e-01 -3.6947e-01 +6.4256e-01
20 0 +5.114827739e+01 +8.513827739e+01 +8.513827739e+01 -1.3635e+00 +3.9612e-01 +3.6106e-01 +1.0511e-01 -1.3459e-01
23 0 +4.926158838e+01 +8.325158838e+01 +8.325158838e+01 -1.8188e+00 +7.3486e-02 +1.6023e-01 +2.5632e+00 -9.2361e-02
34 0 +4.822031822e+01 +8.221031822e+01 +8.221031822e+01 -8.3823e-02 +2.4527e-01 -7.5199e-01 +2.0746e-01 +2.1080e-01
41 0 +4.495287116e+01 +7.894287116e+01 +7.894287116e+01 -1.8609e+00 +7.1743e-01 -1.4776e+00 +2.4693e+00 +1.6356e+00
79 0 +3.899114300e+01 +7.298114300e+01 +7.298114300e+01 -3.3175e+00 -2.3543e+00 -2.0020e+00 +2.7756e+00 +2.2792e+00
195 0 +2.958918091e+01 +6.357918091e+01 +6.357918091e+01 -6.3529e-01 -2.5367e+00 -1.7805e+00 +2.2752e+00 +3.7661e-01
218 0 +2.955808067e+01 +6.354808067e+01 +6.354808067e+01 -1.3918e+00 -1.2800e+00 -1.3914e+00 +2.0437e+00 +7.6847e-01
342 0 +2.891611094e+01 +6.290611094e+01 +6.290611094e+01 -1.9218e+00 -1.8369e+00 -9.4819e-01 +1.3327e+00 +1.8528e+00
425 0 +2.564596885e+01 +5.963596885e+01 +5.963596885e+01 -6.0402e-01 -1.0241e+00 -1.1859e+00 +2.0236e+00 +1.9367e+00
427 0 +2.335851417e+01 +5.734851417e+01 +5.734851417e+01 -1.2124e+00 -1.7161e-01 -1.2302e+00 +1.6580e+00 +1.6239e+00
567 0 +1.474233583e+01 +4.873233583e+01 +4.873233583e+01 -2.5245e+00 -1.5889e+00 -9.5014e-01 +1.8185e+00 +2.5192e+00
% f evaluations | g evaluations | best noise-free fitness - Fopt (-1.000000000000e+03) + sum g_i+ | measured fitness | best measured fitness or single-digit g-values | x1 | x2...
1 0 +7.723021528e+01 -9.227697847e+02 -9.227697847e+02 +5.9671e-01 -3.8264e-02 +7.4769e-01 +1.6230e+00 -1.3415e-01
5 0 +5.429640645e+01 -9.457035935e+02 -9.457035935e+02 +1.5656e+00 -1.2578e-01 +1.6753e-01 -1.3247e+00 -4.4438e-01
8 0 +4.738080749e+01 -9.526191925e+02 -9.526191925e+02 -1.1208e+00 +3.0886e-01 -1.8597e+00 -1.2282e+00 +2.9686e-01
16 0 +3.852408119e+01 -9.614759188e+02 -9.614759188e+02 +9.2190e-01 +1.8705e-01 -1.9901e-01 +1.9176e-01 -1.8876e+00
51 0 +3.500045840e+01 -9.649995416e+02 -9.649995416e+02 -6.7827e-01 -6.5725e-01 -1.1251e+00 -1.6217e-01 +2.0103e-01
169 0 +2.791473420e+01 -9.720852658e+02 -9.720852658e+02 -4.9209e-01 -3.0550e-01 +7.4128e-02 -3.1138e-01 +2.2584e+00
272 0 +1.517630205e+01 -9.848236979e+02 -9.848236979e+02 -1.1469e+00 -9.9960e-01 -7.8271e-01 -4.4302e-01 +5.4476e-01
