% f evaluations | g evaluations | best noise-free fitness - Fopt (-9.210000000000e+00) + sum g_i+ | measured fitness | best measured fitness or single-digit g-values | x1 | x2...
1 0 +9.445828197e+01 +8.524828197e+01 +8.524828197e+01 +5.9671e-01 -3.8264e-02 +7.4769e-01 +1.6230e+00 -1.3415e-01
9 0 +9.389396990e+01 +8.468396990e+01 +8.468396990e+01 +8.3847e-01 +2.7137e-01 -1.5648e-02 -2.0110e-01 -1.3785e+00
10 0 +8.629682003e+01 +7.708682003e+01 +7.708682003e+01 -6.1984e-01 -3.6064e-01 +1.1571e+00 +4.4362e-01 -1.6630e+00
15 0 +6.968420319e+01 +6.047420319e+01 +6.047420319e+01 +4.6140e-01 +1.6380e+00 +6.4174e-02 +1.6646e+00 -2.5197e+00
26 0 +6.653102402e+01 +5.732102402e+01 +5.732102402e+01 +2.7438e+00 +1.8837e+00 +1.2986e+00 +1.5406e+00 -2.2425e+00
48 0 +6.359838280e+01 +5.438838280e+01 +5.438838280e+01 +7.9338e-01 +2.6222e+00 +1.2223e+00 +9.8680e-01 -2.9351e+00
51 0 +5.713627222e+01 +4.792627222e+01 +4.792627222e+01 +1.6993e+00 +3.5713e+00 +2.5676e+00 -2.1316e+00 -4.6501e+00
52 0 +3.581317778e+01 +2.660317778e+01 +2.660317778e+01 +2.8656e+00 +4.5370e+00 +2.5409e+00 +9.9486e-01 -4.7444e+00
77 0 +3.510112806e+01 +2.589112806e+01 +2.589112806e+01 +3.8413e+00 +4.4890e+00 +2.4882e+00 +2.5732e+00 -3.8556e+00
79 0 +2.869115503e+01 +1.948115503e+01 +1.948115503e+01 +7.5607e-01 +2.2570e+00 +1.9495e+00 +4.2982e+00 -4.4024e+00
90 0 +2.776814174e+01 +1.855814174e+01 +1.855814174e+01 +3.0932e+00 +3.9358e-01 +3.8507e+00 +4.5522e+00 -3.8483e+00
98 0 +2.644008419e+01 +1.723008419e+01 +1.723008419e+01 -9.5002e-01 +4.4194e+00 +4.1427e+00 +3.9557e+00 -3.9126e+00
101 0 +1.825799504e+01 +9.047995038e+00 +9.047995038e+00 +3.1938e+00 +2.3213e+00 +4.5266e+00 +4.2720e+00 -4.3903e+00
102 0 +1.621396229e+01 +7.003962291e+00 +7.003962291e+00 +8.7301e-01 +1.9936e+00 +4.6269e+00 +4.6598e+00 -4.6352e+00
129 0 +1.476952355e+01 +5.559523554e+00 +5.559523554e+00 +1.8406e+00 +2.5906e+00 +4.6009e+00 +4.8658e+00 -4.4691e+00
153 0 +1.384133098e+01 +4.631330984e+00 +4.631330984e+00 +1.6588e+00 +4.1871e+00 +3.8816e+00 +4.2657e+00 -4.8611e+00
161 0 +1.346448059e+01 +4.254480590e+00 +4.254480590e+00 +1.6256e+00 +3.1769e+00 +4.3815e+00 +4.6358e+00 -4.7156e+00
176 0 +7.425272399e+00 -1.784727601e+00 -1.784727601e+00 +3.6065e+00 +4.4283e+00 +4.7559e+00 +4.5544e+00 -4.8262e+00
276 0 +4.517751816e+00 -4.692248184e+00 -4.692248184e+00 +4.4844e+00 +4.5619e+00 +4.7887e+00 +4.9473e+00 -4.7741e+00
353 0 +2.413743910e+00 -6.796256090e+00 -6.796256090e+00 +3.7728e+00 +4.9337e+00 +4.9266e+00 +4.9719e+00 -4.9321e+00
427 0 +2.305039991e+00 -6.904960009e+00 -6.904960009e+00 +3.9001e+00 +4.6840e+00 +4.8993e+00 +4.9772e+00 -4.9803e+00
476 0 +2.302019874e+00 -6.907980126e+00 -6.907980126e+00 +4.2678e+00 +4.9055e+00 +4.8955e+00 +4.9006e+00 -4.9488e+00
477 0 +1.659700938e+00 -7.550299062e+00 -7.550299062e+00 +4.2264e+00 +4.9783e+00 +4.8801e+00 +4.9254e+00 -4.9951e+00
526 0 +1.213565153e+00 -7.996434847e+00 -7.996434847e+00 +4.6180e+00 +4.7791e+00 +4.9771e+00 +4.9371e+00 -4.9988e+00
551 0 +1.012486915e+00 -8.197513085e+00 -8.197513085e+00 +4.6040e+00 +4.9411e+00 +4.9169e+00 +4.9864e+00 -4.9827e+00
576 0 +8.444978668e-01 -8.365502133e+00 -8.365502133e+00 +4.9027e+00 +4.9092e+00 +4.8935e+00 +4.9629e+00 -4.9960e+00
627 0 +7.253463264e-01 -8.484653674e+00 -8.484653674e+00 +4.9634e+00 +4.8763e+00 +4.9973e+00 +4.9437e+00 -4.9857e+00
676 0 +4.560666435e-01 -8.753933356e+00 -8.753933356e+00 +4.9230e+00 +4.9903e+00 +4.9777e+00 +4.9806e+00 -4.9818e+00
702 0 +2.958516297e-01 -8.914148370e+00 -8.914148370e+00 +4.9414e+00 +4.9967e+00 +4.9698e+00 +4.9971e+00 -4.9880e+00
873 0 +2.813318051e-01 -8.928668195e+00 -8.928668195e+00 +4.9998e+00 +4.9697e+00 +4.9677e+00 +4.9887e+00 -4.9938e+00
896 0 +1.955477929e-01 -9.014452207e+00 -9.014452207e+00 +4.9020e+00 +4.9785e+00 +4.9967e+00 +4.9976e+00 -4.9965e+00
1060 0 +1.893187076e-01 -9.020681292e+00 -9.020681292e+00 +4.9302e+00 +4.9991e+00 +4.9883e+00 +4.9926e+00 -4.9961e+00
1112 0 +1.751933626e-01 -9.034806637e+00 -9.034806637e+00 +4.9637e+00 +4.9773e+00 +4.9963e+00 +4.9903e+00 -4.9967e+00
1115 0 +1.633519273e-01 -9.046648073e+00 -9.046648073e+00 +4.9155e+00 +4.9879e+00 +4.9934e+00 +4.9959e+00 -4.9987e+00
1129 0 +1.505615719e-01 -9.059438428e+00 -9.059438428e+00 +4.9737e+00 +4.9890e+00 +4.9911e+00 +4.9888e+00 -4.9987e+00
1132 0 +1.403030396e-01 -9.069696960e+00 -9.069696960e+00 +4.9745e+00 +4.9992e+00 +4.9880e+00 +4.9895e+00 -4.9984e+00
1174 0 +1.285716443e-01 -9.081428356e+00 -9.081428356e+00 +4.9470e+00 +4.9843e+00 +4.9994e+00 +4.9982e+00 -4.9964e+00
1175 0 +1.241464042e-01 -9.085853596e+00 -9.085853596e+00 +4.9903e+00 +4.9940e+00 +4.9852e+00 +4.9954e+00 -4.9969e+00
1185 0 +1.237273696e-01 -9.086272630e+00 -9.086272630e+00 +4.9925e+00 +4.9906e+00 +4.9875e+00 +4.9921e+00 -4.9984e+00
1195 0 +1.086049219e-01 -9.101395078e+00 -9.101395078e+00 +4.9852e+00 +4.9923e+00 +4.9955e+00 +4.9969e+00 -4.9951e+00
1219 0 +1.085250587e-01 -9.101474941e+00 -9.101474941e+00 +4.9735e+00 +4.9909e+00 +4.9931e+00 +4.9932e+00 -4.9994e+00
1220 0 +1.050931083e-01 -9.104906892e+00 -9.104906892e+00 +4.9680e+00 +4.9891e+00 +4.9952e+00 +4.9996e+00 -4.9964e+00
1233 0 +8.004430816e-02 -9.129955692e+00 -9.129955692e+00 +4.9903e+00 +4.9807e+00 +4.9986e+00 +4.9962e+00 -4.9990e+00
