% f evaluations | g evaluations | best noise-free fitness - Fopt (-5.494000000000e+01) + sum g_i+ | measured fitness | best measured fitness or single-digit g-values | x1 | x2...
1 0 +9.852913834e+06 +9.852858894e+06 +9.852858894e+06 +5.9671e-01 -3.8264e-02 +7.4769e-01 +1.6230e+00 -1.3415e-01
2 0 +2.715223623e+06 +2.715168683e+06 +2.715168683e+06 -1.3414e-01 +1.6792e+00 +8.6743e-01 -3.6947e-01 +6.4256e-01
7 0 +9.085897748e+05 +9.085348348e+05 +9.085348348e+05 -5.0171e-01 +1.9523e+00 +8.6503e-02 -9.5771e-01 +9.2254e-01
8 0 +5.441882390e+05 +5.441332990e+05 +5.441332990e+05 -1.1208e+00 +3.0886e-01 -1.8597e+00 -1.2282e+00 +2.9686e-01
27 0 +3.544369240e+05 +3.543819840e+05 +3.543819840e+05 -3.0275e+00 -6.3263e-01 -1.0377e+00 +5.2109e-01 +9.1740e-02
33 0 +1.260247017e+05 +1.259697617e+05 +1.259697617e+05 -1.1033e-01 +1.7165e+00 -2.1670e+00 -6.1554e-02 +1.3820e+00
63 0 +1.172460437e+05 +1.171911037e+05 +1.171911037e+05 -1.6172e+00 +1.5398e+00 -1.7162e+00 +7.8636e-01 +1.3256e-01
82 0 +8.366010450e+04 +8.360516450e+04 +8.360516450e+04 -4.7087e-01 +8.6378e-01 -3.1510e+00 +4.4277e-01 +1.1241e+00
161 0 +2.911930581e+04 +2.906436581e+04 +2.906436581e+04 -1.4166e+00 +1.9849e+00 -3.5557e+00 +2.7275e+00 -1.4973e+00
254 0 +2.539840562e+04 +2.534346562e+04 +2.534346562e+04 -1.3236e+00 +2.0418e+00 +3.8818e-01 +1.8277e+00 +2.2242e+00
272 0 +2.403352905e+04 +2.397858905e+04 +2.397858905e+04 -3.6510e+00 +3.1641e+00 +1.2487e+00 +4.0849e+00 -1.6271e+00
325 0 +1.949344408e+04 +1.943850408e+04 +1.943850408e+04 -2.4905e+00 +1.6026e+00 -1.2360e+00 +3.8920e+00 -7.9380e-01
352 0 +8.495420559e+03 +8.440480559e+03 +8.440480559e+03 -3.8850e+00 -8.7271e-01 -2.5056e+00 +4.5506e+00 -2.5627e+00
442 0 +6.630452007e+03 +6.575512007e+03 +6.575512007e+03 -3.1484e+00 -8.0525e-01 -1.3611e+00 +3.8971e+00 -1.9851e-01
458 0 +5.406058634e+02 +4.856658634e+02 +4.856658634e+02 -3.2339e+00 -2.1396e+00 -2.2788e+00 +4.6149e+00 -1.4806e-01
680 0 +4.715933766e+02 +4.166533766e+02 +4.166533766e+02 -2.0499e+00 -1.6644e+00 -1.9278e+00 +3.6651e+00 +1.9239e+00
703 0 +1.167877155e+02 +6.184771547e+01 +6.184771547e+01 -2.1290e+00 -1.8014e+00 -1.3570e+00 +3.6737e+00 +2.4021e+00
727 0 +6.054672757e+01 +5.606727566e+00 +5.606727566e+00 -2.1950e+00 -1.6644e+00 -1.4634e+00 +3.6940e+00 +2.0732e+00
746 0 +5.224563808e+01 -2.694361922e+00 -2.694361922e+00 -1.3181e+00 -1.6546e+00 -1.5114e+00 +3.0647e+00 +3.5139e+00
767 0 +4.968086769e+01 -5.259132307e+00 -5.259132307e+00 -1.6925e+00 -1.1788e+00 -5.8833e-01 +3.2638e+00 +3.4179e+00
804 0 +4.146454909e+01 -1.347545091e+01 -1.347545091e+01 -2.6232e+00 -1.4408e+00 -5.5926e-01 +3.9829e+00 +2.0851e+00
834 0 +3.226050382e+01 -2.267949618e+01 -2.267949618e+01 -2.4672e+00 -1.6505e+00 -1.2871e+00 +3.8987e+00 +1.7905e+00
841 0 +2.071247637e+01 -3.422752363e+01 -3.422752363e+01 -1.5017e+00 -1.3505e+00 -1.3436e+00 +3.1318e+00 +3.1268e+00
867 0 +1.378493043e+01 -4.115506957e+01 -4.115506957e+01 -1.9180e+00 -1.4096e+00 -1.1938e+00 +3.4598e+00 +2.6163e+00
870 0 +8.214587891e+00 -4.672541211e+01 -4.672541211e+01 -1.9892e+00 -1.4965e+00 -1.1569e+00 +3.5224e+00 +2.6083e+00
934 0 +7.679952850e+00 -4.726004715e+01 -4.726004715e+01 -1.1744e+00 -1.3282e+00 -1.3741e+00 +2.8867e+00 +3.6294e+00
966 0 +1.828243115e+00 -5.311175688e+01 -5.311175688e+01 -1.7943e+00 -1.4560e+00 -1.1831e+00 +3.3792e+00 +2.8790e+00
1094 0 +1.164405012e+00 -5.377559499e+01 -5.377559499e+01 -1.3994e+00 -1.4446e+00 -1.3666e+00 +3.0814e+00 +3.3520e+00
1131 0 +6.150539866e-01 -5.432494601e+01 -5.432494601e+01 -1.4371e+00 -1.4437e+00 -1.3888e+00 +3.1098e+00 +3.2670e+00
1140 0 +1.819732797e-01 -5.475802672e+01 -5.475802672e+01 -1.5973e+00 -1.4872e+00 -1.4089e+00 +3.2413e+00 +3.0110e+00
