% f evaluations | g evaluations | best noise-free fitness - Fopt (-1.000000000000e+03) + sum g_i+ | measured fitness | best measured fitness or single-digit g-values | x1 | x2...
1 0 +2.230668134e+01 -9.776933187e+02 -9.776933187e+02 +5.9671e-01 -3.8264e-02 +7.4769e-01 +1.6230e+00 -1.3415e-01
9 0 +2.156985621e+01 -9.784301438e+02 -9.784301438e+02 +8.3847e-01 +2.7137e-01 -1.5648e-02 -2.0110e-01 -1.3785e+00
14 0 +2.196735054e+00 -9.978032649e+02 -9.978032649e+02 +1.4562e+00 +2.7990e-02 +1.1035e+00 +4.6164e-01 -5.4512e-01
176 0 +2.107300157e+00 -9.978926998e+02 -9.978926998e+02 +2.3384e+00 +6.9576e-01 +1.8830e+00 +1.4945e+00 -4.1870e-01
252 0 +4.837730797e-01 -9.995162269e+02 -9.995162269e+02 +1.9593e+00 +2.4796e-01 +2.0103e+00 -3.0891e-01 -1.0372e+00
425 0 +3.185850295e-01 -9.996814150e+02 -9.996814150e+02 +1.1434e+00 +1.4714e+00 +3.0804e+00 +1.6764e+00 -1.2681e+00
470 0 +2.190941307e-01 -9.997809059e+02 -9.997809059e+02 +1.8296e+00 +1.3151e+00 +2.3602e+00 +2.2003e+00 -3.0170e-01
492 0 +1.879949264e-01 -9.998120051e+02 -9.998120051e+02 +1.5156e+00 +9.7758e-01 +2.1393e+00 +1.5709e+00 -6.2852e-01
493 0 +7.866493661e-02 -9.999213351e+02 -9.999213351e+02 +1.8452e+00 +8.0376e-01 +2.1321e+00 +1.4423e+00 -5.5028e-01
596 0 +4.557295557e-02 -9.999544270e+02 -9.999544270e+02 +6.8139e-01 +6.8213e-01 +3.1635e+00 -7.0189e-01 -2.4472e+00
611 0 +3.719722008e-03 -9.999962803e+02 -9.999962803e+02 +1.4386e+00 +1.0848e+00 +2.8691e+00 +4.7142e-01 -1.5314e+00
652 0 +3.268005107e-03 -9.999967320e+02 -9.999967320e+02 +1.6955e+00 +9.3016e-01 +2.4652e+00 +7.4874e-01 -1.1092e+00
736 0 +2.157010431e-03 -9.999978430e+02 -9.999978430e+02 +1.5371e+00 +7.4545e-01 +2.6186e+00 +3.1222e-02 -1.5071e+00
741 0 +1.665351736e-03 -9.999983346e+02 -9.999983346e+02 +1.5033e+00 +8.6350e-01 +2.7486e+00 +1.9663e-02 -1.6216e+00
750 0 +1.270871226e-03 -9.999987291e+02 -9.999987291e+02 +1.4685e+00 +5.3261e-01 +2.3310e+00 -2.0634e-01 -1.5043e+00
772 0 +9.090141415e-04 -9.999990910e+02 -9.999990910e+02 +1.5123e+00 +8.1147e-01 +2.4571e+00 +1.6156e-01 -1.4546e+00
787 0 +7.485298624e-04 -9.999992515e+02 -9.999992515e+02 +1.3925e+00 +5.6848e-01 +2.4558e+00 -1.0152e-01 -1.5356e+00
800 0 +1.799262520e-05 -9.999999820e+02 -9.999999820e+02 +1.4166e+00 +6.8123e-01 +2.5244e+00 -8.0306e-02 -1.5782e+00
969 0 +1.261710020e-05 -9.999999874e+02 -9.999999874e+02 +1.3661e+00 +6.6161e-01 +2.5972e+00 -2.8498e-01 -1.7313e+00
1084 0 +1.145155625e-05 -9.999999885e+02 -9.999999885e+02 +1.2844e+00 +7.4285e-01 +2.6960e+00 -1.9375e-01 -1.7653e+00
1096 0 +3.144312473e-06 -9.999999969e+02 -9.999999969e+02 +1.3365e+00 +7.5453e-01 +2.6982e+00 -1.3944e-01 -1.7161e+00
1150 0 +2.886758011e-06 -9.999999971e+02 -9.999999971e+02 +1.3377e+00 +6.8799e-01 +2.5933e+00 -1.3282e-01 -1.6644e+00
1154 0 +2.679665272e-06 -9.999999973e+02 -9.999999973e+02 +1.3116e+00 +7.1562e-01 +2.6511e+00 -1.8057e-01 -1.7222e+00
1197 0 +2.015291102e-06 -9.999999980e+02 -9.999999980e+02 +1.3013e+00 +7.1507e-01 +2.6658e+00 -1.9015e-01 -1.7351e+00
1203 0 +1.599569373e-06 -9.999999984e+02 -9.999999984e+02 +1.3647e+00 +7.1839e-01 +2.6045e+00 -1.4531e-01 -1.6786e+00
1208 0 +3.912573447e-07 -9.999999996e+02 -9.999999996e+02 +1.3266e+00 +7.2438e-01 +2.6462e+00 -1.3236e-01 -1.6957e+00
1228 0 +1.790295983e-07 -9.999999998e+02 -9.999999998e+02 +1.3243e+00 +7.1712e-01 +2.6685e+00 -1.7906e-01 -1.7238e+00
