% f evaluations | g evaluations | best noise-free fitness - Fopt (1.491500000000e+02) + sum g_i+ | measured fitness | best measured fitness or single-digit g-values | x1 | x2...
1 0 +2.873441236e+04 +2.888356236e+04 +2.888356236e+04 +5.9671e-01 -3.8264e-02 +7.4769e-01 +1.6230e+00 -1.3415e-01 -1.3414e-01 +1.6792e+00 +8.6743e-01 -3.6947e-01 +6.4256e-01
2 0 +9.711296827e+03 +9.860446827e+03 +9.860446827e+03 -3.6342e-01 -3.6573e-01 +3.4196e-01 -1.8133e+00 -1.6249e+00 -4.6229e-01 -9.1283e-01 +4.1425e-01 -8.0802e-01 -1.3123e+00
25 0 +9.022887792e+03 +9.172037792e+03 +9.172037792e+03 -6.9252e-01 -1.4736e-02 +6.0499e-01 +9.6576e-01 -1.1003e+00 -2.3450e-01 -3.7495e-01 -5.5333e-01 +1.8655e+00 +5.0498e-01
45 0 +8.788259099e+03 +8.937409099e+03 +8.937409099e+03 +4.8407e-01 +6.7305e-02 -1.9674e+00 +1.0880e-02 -1.2045e+00 +7.6967e-01 +4.6660e-01 -8.3988e-01 -4.1387e-01 -9.5921e-01
51 0 +3.299111563e+03 +3.448261563e+03 +3.448261563e+03 +1.7685e-01 +3.4864e-02 -1.5679e-01 -4.3431e-01 -1.7975e+00 +2.6801e-01 -2.1741e-01 -1.1719e+00 +2.1009e-01 -1.1032e+00
101 0 +1.213503989e+03 +1.362653989e+03 +1.362653989e+03 -1.4604e+00 -1.5440e+00 -2.0132e+00 +1.9226e+00 -3.5815e+00 -7.6859e-01 -2.1463e+00 -2.0530e+00 +6.7083e-02 -7.0763e-01
301 0 +5.117282342e+02 +6.608782342e+02 +6.608782342e+02 -7.8120e-01 -1.5744e-01 -4.1663e-01 +8.2233e-01 -2.7033e+00 -1.5411e+00 -1.6485e+00 -1.7855e+00 -1.2203e+00 +7.4765e-01
453 0 +4.153330516e+02 +5.644830516e+02 +5.644830516e+02 -1.5602e+00 -1.4524e+00 +2.8648e-01 +1.7016e+00 -3.3956e+00 -1.5209e+00 -1.8200e+00 -1.7522e+00 -9.9165e-01 -1.4924e+00
501 0 +3.790989521e+02 +5.282489521e+02 +5.282489521e+02 -1.8594e+00 -1.7472e+00 -6.0433e-02 +1.1983e+00 -3.7130e+00 -2.4777e+00 -1.1150e+00 -1.9399e+00 -8.2503e-01 -1.5761e+00
504 0 +3.369108394e+02 +4.860608394e+02 +4.860608394e+02 -1.4477e+00 -8.9877e-01 -9.8774e-01 +1.2592e+00 -3.9215e+00 -1.2123e+00 -1.1507e+00 -1.2209e+00 -1.4885e+00 -2.2102e-01
515 0 +9.581149726e+01 +2.449614973e+02 +2.449614973e+02 -2.2388e+00 -3.4697e-01 +1.2276e-01 +1.5623e+00 -3.0811e+00 -1.2644e+00 -7.8229e-01 -1.1636e+00 -4.8050e-01 -1.3929e-01
651 0 +4.593977206e+01 +1.950897721e+02 +1.950897721e+02 -1.1326e+00 -1.4462e+00 -1.1596e+00 +1.0233e+00 -3.6671e+00 -2.0355e+00 -1.5991e+00 -2.3434e+00 -9.5149e-01 -1.2232e-01
801 0 +4.330225056e+01 +1.924522506e+02 +1.924522506e+02 -1.3628e+00 -1.4232e+00 -1.0144e+00 +6.9543e-01 -3.6528e+00 -2.4761e+00 -1.6126e+00 -2.0141e+00 -1.0291e+00 -7.3513e-02
804 0 +3.705763139e+01 +1.862076314e+02 +1.862076314e+02 -7.5862e-01 -1.5426e+00 -1.0772e+00 +1.1825e+00 -3.6647e+00 -2.1280e+00 -1.9778e+00 -2.2528e+00 -8.4617e-01 -3.6321e-01
853 0 +2.993691339e+01 +1.790869134e+02 +1.790869134e+02 -1.1586e+00 -1.3305e+00 -7.9460e-01 +8.9220e-01 -3.8358e+00 -2.2209e+00 -1.4166e+00 -1.8501e+00 -8.7979e-01 -6.0975e-01
902 0 +1.949975986e+01 +1.686497599e+02 +1.686497599e+02 -1.0021e+00 -1.4452e+00 -1.0368e+00 +9.9228e-01 -3.4554e+00 -2.0195e+00 -1.7772e+00 -2.1250e+00 -8.3390e-01 -5.2839e-01
1001 0 +1.609194904e+01 +1.652419490e+02 +1.652419490e+02 -9.5433e-01 -1.2275e+00 -9.4318e-01 +9.2150e-01 -3.5929e+00 -2.1629e+00 -1.6303e+00 -2.0922e+00 -8.4816e-01 -4.1802e-01
1002 0 +1.339023448e+01 +1.625402345e+02 +1.625402345e+02 -8.2685e-01 -1.3129e+00 -1.1105e+00 +9.4804e-01 -3.7744e+00 -2.1105e+00 -1.7102e+00 -1.9533e+00 -8.6456e-01 -4.6834e-01
1059 0 +1.338172383e+01 +1.625317238e+02 +1.625317238e+02 -1.2123e+00 -1.4840e+00 -8.6470e-01 +8.6103e-01 -3.6876e+00 -2.1893e+00 -1.7165e+00 -2.0401e+00 -9.1199e-01 -5.3893e-01
1101 0 +1.199230123e+01 +1.611423012e+02 +1.611423012e+02 -8.5749e-01 -1.3354e+00 -9.7308e-01 +8.3958e-01 -3.6307e+00 -2.2027e+00 -1.7822e+00 -2.1447e+00 -8.5081e-01 -6.0898e-01
1201 0 +1.162905515e+01 +1.607790552e+02 +1.607790552e+02 -1.0590e+00 -1.3616e+00 -9.7239e-01 +7.9069e-01 -3.7796e+00 -2.2104e+00 -1.8485e+00 -2.0241e+00 -7.9073e-01 -4.2147e-01
1251 0 +1.055213085e+01 +1.597021309e+02 +1.597021309e+02 -8.7958e-01 -1.3546e+00 -9.8165e-01 +8.7502e-01 -3.8580e+00 -2.1403e+00 -1.7879e+00 -2.0755e+00 -8.9347e-01 -5.2043e-01
1256 0 +1.049992779e+01 +1.596499278e+02 +1.596499278e+02 -6.5518e-01 -1.1613e+00 -9.4587e-01 +8.5523e-01 -3.7534e+00 -2.0715e+00 -1.7157e+00 -2.1260e+00 -9.3105e-01 -5.1178e-01
1303 0 +1.039522827e+01 +1.595452283e+02 +1.595452283e+02 -8.7981e-01 -1.3401e+00 -9.2598e-01 +8.5301e-01 -3.8323e+00 -2.2118e+00 -1.8324e+00 -2.0871e+00 -9.3550e-01 -4.9756e-01
1351 0 +9.975280690e+00 +1.591252807e+02 +1.591252807e+02 -7.6741e-01 -1.3205e+00 -9.4672e-01 +9.1451e-01 -3.7393e+00 -2.1255e+00 -1.8207e+00 -2.1114e+00 -9.5818e-01 -5.3291e-01
1401 0 +9.394482342e+00 +1.585444823e+02 +1.585444823e+02 -6.3658e-01 -1.2204e+00 -1.0266e+00 +8.6603e-01 -3.7450e+00 -2.1570e+00 -1.7940e+00 -1.9840e+00 -8.5841e-01 -4.7609e-01
1501 0 +8.639283757e+00 +1.577892838e+02 +1.577892838e+02 -7.3565e-01 -1.2944e+00 -9.5688e-01 +8.8119e-01 -3.7473e+00 -2.1725e+00 -1.7822e+00 -2.0636e+00 -8.5180e-01 -4.8664e-01
1601 0 +8.558115985e+00 +1.577081160e+02 +1.577081160e+02 -5.8937e-01 -1.2220e+00 -9.3710e-01 +8.3839e-01 -3.7399e+00 -2.1561e+00 -1.7744e+00 -2.0671e+00 -9.0307e-01 -4.9029e-01
1652 0 +8.009057789e+00 +1.571590578e+02 +1.571590578e+02 -6.3181e-01 -1.1844e+00 -9.5646e-01 +8.7900e-01 -3.7319e+00 -2.1845e+00 -1.7825e+00 -2.0724e+00 -8.8239e-01 -4.9093e-01
1801 0 +7.642012043e+00 +1.567920120e+02 +1.567920120e+02 -4.9701e-01 -1.0685e+00 -9.1291e-01 +8.5497e-01 -3.7057e+00 -2.1840e+00 -1.7986e+00 -2.0506e+00 -9.1410e-01 -4.8472e-01
1957 0 +7.540116451e+00 +1.566901165e+02 +1.566901165e+02 -4.4018e-01 -1.0238e+00 -8.5354e-01 +8.8534e-01 -3.7243e+00 -2.1471e+00 -1.8101e+00 -2.0740e+00 -9.0703e-01 -4.6544e-01
2064 0 +7.464330135e+00 +1.566143301e+02 +1.566143301e+02 -3.3645e-01 -8.7394e-01 -7.5804e-01 +9.1125e-01 -3.7306e+00 -2.1410e+00 -1.8255e+00 -2.0551e+00 -9.5274e-01 -5.1291e-01
2151 0 +7.236744603e+00 +1.563867446e+02 +1.563867446e+02 -3.7060e-01 -8.8863e-01 -7.3598e-01 +8.9049e-01 -3.6910e+00 -2.1647e+00 -1.8093e+00 -2.0944e+00 -9.0931e-01 -5.2114e-01
2222 0 +7.080009969e+00 +1.562300100e+02 +1.562300100e+02 -3.5381e-01 -8.4912e-01 -7.0909e-01 +8.9080e-01 -3.7119e+00 -2.1883e+00 -1.8269e+00 -2.0518e+00 -8.7529e-01 -4.8236e-01
2251 0 +7.044894793e+00 +1.561948948e+02 +1.561948948e+02 -3.8650e-01 -9.0672e-01 -7.7342e-01 +8.7292e-01 -3.7197e+00 -2.1804e+00 -1.7931e+00 -2.0474e+00 -8.8880e-01 -4.9693e-01
2302 0 +7.017554094e+00 +1.561675541e+02 +1.561675541e+02 -3.5998e-01 -8.9321e-01 -7.4705e-01 +8.9781e-01 -3.7128e+00 -2.1830e+00 -1.8291e+00 -2.0398e+00 -8.9300e-01 -5.1214e-01
2401 0 +6.989457253e+00 +1.561394573e+02 +1.561394573e+02 -3.3870e-01 -8.5974e-01 -7.3725e-01 +9.1818e-01 -3.7387e+00 -2.1807e+00 -1.7770e+00 -2.0538e+00 -8.7096e-01 -5.1893e-01
2403 0 +6.924714826e+00 +1.560747148e+02 +1.560747148e+02 -3.2972e-01 -8.4001e-01 -7.2074e-01 +9.2525e-01 -3.7215e+00 -2.1967e+00 -1.8320e+00 -2.0419e+00 -8.7378e-01 -4.9124e-01
2435 0 +6.795249211e+00 +1.559452492e+02 +1.559452492e+02 -3.0817e-01 -8.0174e-01 -6.8062e-01 +9.4147e-01 -3.6845e+00 -2.1943e+00 -1.7868e+00 -2.0638e+00 -9.1744e-01 -5.0549e-01
% f evaluations | g evaluations | best noise-free fitness - Fopt (-1.000000000000e+03) + sum g_i+ | measured fitness | best measured fitness or single-digit g-values | x1 | x2...
1 0 +1.147647275e+05 +1.137647275e+05 +1.137647275e+05 +5.9671e-01 -3.8264e-02 +7.4769e-01 +1.6230e+00 -1.3415e-01 -1.3414e-01 +1.6792e+00 +8.6743e-01 -3.6947e-01 +6.4256e-01
2 0 +2.513115352e+04 +2.413115352e+04 +2.413115352e+04 -3.6342e-01 -3.6573e-01 +3.4196e-01 -1.8133e+00 -1.6249e+00 -4.6229e-01 -9.1283e-01 +4.1425e-01 -8.0802e-01 -1.3123e+00
14 0 +1.481946528e+04 +1.381946528e+04 +1.381946528e+04 -1.4507e+00 +1.6856e-01 -9.6230e-01 +5.7359e-01 -8.1942e-01 +1.6499e+00 -6.8325e-01 -2.2206e-01 +9.1352e-01 -1.1309e+00
41 0 +1.262405333e+04 +1.162405333e+04 +1.162405333e+04 -1.4944e+00 -4.9938e-01 +1.0524e-01 +1.4698e-01 -3.5007e-01 +7.2285e-01 -9.6762e-01 -4.2379e-02 +2.2030e-01 +6.1444e-01
51 0 +3.111138281e+03 +2.111138281e+03 +2.111138281e+03 -2.1612e+00 +1.5778e+00 +1.2184e-01 -1.9563e+00 -1.7906e+00 +4.9098e-01 -1.8462e+00 -9.5758e-01 +9.1656e-01 -2.1489e+00
101 0 +2.374504150e+03 +1.374504150e+03 +1.374504150e+03 -2.7086e+00 +2.5148e-01 +8.2766e-01 -2.6467e+00 -1.4533e+00 +2.4646e-01 -9.4037e-01 -1.3070e+00 +6.8790e-01 -3.8864e-01
202 0 +2.261085508e+03 +1.261085508e+03 +1.261085508e+03 -4.9065e+00 +2.8150e-01 +8.2645e-01 -2.2348e+00 -4.5246e+00 -4.4114e-01 -1.3881e+00 -3.0007e+00 -2.5917e-02 +5.1278e-01
259 0 +1.680316471e+03 +6.803164707e+02 +6.803164707e+02 -3.7099e+00 +9.6463e-01 -1.0305e-01 -2.8282e+00 -4.1264e+00 -1.5473e-01 -3.4455e+00 -1.0244e+00 -1.1007e+00 +1.7665e+00
355 0 +1.639051351e+03 +6.390513508e+02 +6.390513508e+02 -2.9042e+00 -5.6282e-01 +4.7191e-01 -2.6674e+00 -3.2954e+00 -4.8225e-01 -2.8206e+00 -3.4522e+00 +1.7647e+00 +1.0147e+00
358 0 +1.596365875e+03 +5.963658745e+02 +5.963658745e+02 -3.0884e+00 +1.1428e+00 +6.6734e-01 -1.6293e+00 -3.2617e+00 +1.2985e-01 -3.8289e+00 -2.2966e+00 +2.6788e-01 +4.8200e+00
401 0 +9.842932602e+02 -1.570673975e+01 -1.570673975e+01 -3.6985e+00 +5.8768e-01 +9.9354e-01 -4.2359e+00 -2.1068e+00 -2.6609e-01 -2.7994e+00 -1.6346e+00 -1.7045e-01 +3.2323e+00
451 0 +3.313025745e+02 -6.686974255e+02 -6.686974255e+02 -4.5258e+00 -7.2707e-01 +8.7983e-01 -2.5418e+00 -2.5677e+00 -1.1634e+00 -3.0825e+00 -1.5883e+00 +3.8841e-01 +1.6038e+00
501 0 +2.841204273e+02 -7.158795727e+02 -7.158795727e+02 -4.9491e+00 +2.2766e-01 +7.4936e-02 -2.4075e+00 -2.3885e+00 -5.7616e-01 -3.3165e+00 -2.2807e+00 +5.8124e-01 +2.6906e+00
503 0 +2.589017804e+02 -7.410982196e+02 -7.410982196e+02 -4.4292e+00 +8.4573e-01 +6.7306e-01 -1.5631e+00 -2.3645e+00 -9.9535e-01 -3.1879e+00 -2.9574e+00 +6.6823e-01 +1.7399e+00
655 0 +2.460357650e+02 -7.539642350e+02 -7.539642350e+02 -3.9987e+00 -3.2545e-01 +5.9104e-01 -2.5404e+00 -3.2965e+00 -1.2167e+00 -3.1288e+00 -2.2618e+00 +4.2498e-01 +7.1520e-01
701 0 +7.739961376e+01 -9.226003862e+02 -9.226003862e+02 -3.2347e+00 +2.3922e-01 +8.9606e-01 -2.1820e+00 -2.7336e+00 -3.9227e-01 -2.5594e+00 -2.1300e+00 -1.7581e-01 +1.7786e+00
810 0 +5.263721990e+01 -9.473627801e+02 -9.473627801e+02 -2.8849e+00 +6.8096e-01 +7.5938e-01 -2.6207e+00 -2.7794e+00 -9.2930e-01 -2.8658e+00 -1.9637e+00 +5.4756e-01 +1.8709e+00
901 0 +3.360042183e+01 -9.663995782e+02 -9.663995782e+02 -4.4317e+00 +2.2742e-01 +4.3975e-01 -2.2181e+00 -2.7964e+00 -7.7332e-01 -2.8153e+00 -2.1380e+00 +2.7856e-01 +1.9908e+00
953 0 +2.639625366e+01 -9.736037463e+02 -9.736037463e+02 -4.0257e+00 +3.2627e-01 +3.8862e-01 -2.4290e+00 -2.7991e+00 -6.4222e-01 -2.9001e+00 -2.4011e+00 +1.4363e-01 +2.0142e+00
1051 0 +2.496131791e+01 -9.750386821e+02 -9.750386821e+02 -3.6865e+00 +3.6175e-01 +6.0501e-01 -2.4732e+00 -2.7687e+00 -8.4901e-01 -3.0895e+00 -2.0339e+00 +1.6034e-01 +2.0665e+00
1052 0 +2.213852040e+01 -9.778614796e+02 -9.778614796e+02 -3.8727e+00 +2.4771e-01 +5.4477e-01 -2.3570e+00 -3.0020e+00 -6.3047e-01 -2.8555e+00 -2.2020e+00 +3.1242e-01 +2.1504e+00
1101 0 +2.011021200e+01 -9.798897880e+02 -9.798897880e+02 -3.1807e+00 +4.8163e-01 +8.5623e-01 -2.5512e+00 -3.0510e+00 -9.5244e-01 -2.9125e+00 -2.2665e+00 +3.5264e-01 +1.9817e+00
1151 0 +1.999340608e+01 -9.800065939e+02 -9.800065939e+02 -4.0216e+00 +1.9152e-01 +6.0525e-01 -2.4654e+00 -3.0095e+00 -8.9119e-01 -2.8885e+00 -2.3590e+00 -8.2874e-03 +1.9035e+00
1201 0 +1.874204805e+01 -9.812579520e+02 -9.812579520e+02 -4.2582e+00 +2.4504e-01 +5.1597e-01 -2.3510e+00 -2.9643e+00 -8.2651e-01 -2.9224e+00 -2.1798e+00 +2.6035e-01 +2.1357e+00
1251 0 +1.670566028e+01 -9.832943397e+02 -9.832943397e+02 -3.9856e+00 +2.3425e-01 +5.5356e-01 -2.6877e+00 -3.0071e+00 -9.3855e-01 -2.7937e+00 -2.1618e+00 +3.3883e-01 +2.0023e+00
1301 0 +1.309430294e+01 -9.869056971e+02 -9.869056971e+02 -3.4999e+00 +3.8461e-01 +5.9245e-01 -2.5536e+00 -2.9020e+00 -8.7134e-01 -2.8472e+00 -2.2294e+00 +1.0209e-01 +1.9305e+00
1353 0 +1.244458660e+01 -9.875554134e+02 -9.875554134e+02 -3.4838e+00 +3.6497e-01 +6.4254e-01 -2.4982e+00 -2.9137e+00 -8.0001e-01 -3.0402e+00 -2.0705e+00 +2.1870e-01 +1.9463e+00
1401 0 +1.155320315e+01 -9.884467969e+02 -9.884467969e+02 -3.3053e+00 +4.8961e-01 +6.3536e-01 -2.4448e+00 -3.0315e+00 -9.1920e-01 -2.9705e+00 -2.1097e+00 +3.3560e-01 +2.0148e+00
1451 0 +1.081090229e+01 -9.891890977e+02 -9.891890977e+02 -3.1861e+00 +4.9344e-01 +7.0190e-01 -2.5371e+00 -3.0549e+00 -8.2087e-01 -3.0060e+00 -2.1185e+00 +1.9339e-01 +1.8600e+00
1452 0 +1.056510279e+01 -9.894348972e+02 -9.894348972e+02 -3.6486e+00 +2.3683e-01 +5.4712e-01 -2.4803e+00 -3.1304e+00 -8.1873e-01 -2.9524e+00 -2.2218e+00 +1.4354e-01 +1.9848e+00
1501 0 +8.223089864e+00 -9.917769101e+02 -9.917769101e+02 -3.1943e+00 +5.6468e-01 +6.5501e-01 -2.4865e+00 -3.0364e+00 -7.6770e-01 -2.8910e+00 -2.2030e+00 +2.0739e-01 +1.9494e+00
1601 0 +8.198566769e+00 -9.918014332e+02 -9.918014332e+02 -3.2828e+00 +4.7720e-01 +6.1878e-01 -2.4795e+00 -3.0269e+00 -8.6027e-01 -2.9406e+00 -2.1945e+00 +1.7854e-01 +1.8801e+00
1751 0 +7.925093217e+00 -9.920749068e+02 -9.920749068e+02 -3.2204e+00 +5.9864e-01 +6.6211e-01 -2.5106e+00 -2.9958e+00 -8.7530e-01 -2.9738e+00 -2.2240e+00 +2.3024e-01 +1.9239e+00
1901 0 +7.587511052e+00 -9.924124889e+02 -9.924124889e+02 -3.1184e+00 +7.0647e-01 +7.4452e-01 -2.4631e+00 -3.0321e+00 -7.9748e-01 -2.9485e+00 -2.2450e+00 +2.1832e-01 +1.9230e+00
1951 0 +7.229598381e+00 -9.927704016e+02 -9.927704016e+02 -3.1970e+00 +6.2832e-01 +7.4144e-01 -2.4981e+00 -2.9934e+00 -8.5069e-01 -2.9536e+00 -2.2216e+00 +1.9925e-01 +1.9410e+00
2051 0 +6.872569490e+00 -9.931274305e+02 -9.931274305e+02 -3.1125e+00 +7.0923e-01 +7.9951e-01 -2.4638e+00 -3.0227e+00 -8.4562e-01 -2.9562e+00 -2.2078e+00 +1.6331e-01 +1.9594e+00
2151 0 +6.808000764e+00 -9.931919992e+02 -9.931919992e+02 -3.1012e+00 +7.3051e-01 +8.3483e-01 -2.4168e+00 -3.0318e+00 -8.6871e-01 -2.9457e+00 -2.2016e+00 +2.1854e-01 +1.9628e+00
2201 0 +6.401887318e+00 -9.935981127e+02 -9.935981127e+02 -3.0545e+00 +7.8460e-01 +8.7445e-01 -2.4291e+00 -3.0183e+00 -8.3622e-01 -2.9528e+00 -2.1887e+00 +2.0040e-01 +1.9371e+00
2451 0 +6.359685133e+00 -9.936403149e+02 -9.936403149e+02 -3.0760e+00 +7.8948e-01 +9.1403e-01 -2.3655e+00 -2.9817e+00 -8.2658e-01 -2.9718e+00 -2.1931e+00 +2.1105e-01 +1.9380e+00
% f evaluations | g evaluations | best noise-free fitness - Fopt (9.862000000000e+01) + sum g_i+ | measured fitness | best measured fitness or single-digit g-values | x1 | x2...
1 0 +1.171177608e+05 +1.172163808e+05 +1.172163808e+05 +5.9671e-01 -3.8264e-02 +7.4769e-01 +1.6230e+00 -1.3415e-01 -1.3414e-01 +1.6792e+00 +8.6743e-01 -3.6947e-01 +6.4256e-01
2 0 +3.354598863e+04 +3.364460863e+04 +3.364460863e+04 -3.6342e-01 -3.6573e-01 +3.4196e-01 -1.8133e+00 -1.6249e+00 -4.6229e-01 -9.1283e-01 +4.1425e-01 -8.0802e-01 -1.3123e+00
13 0 +3.125661104e+04 +3.135523104e+04 +3.135523104e+04 +8.9103e-01 -8.0939e-01 +1.5028e+00 -1.3019e+00 +6.8686e-01 +2.2905e+00 -8.9054e-01 -4.6630e-01 +1.9965e-01 -4.0348e-01
35 0 +2.091317074e+04 +2.101179074e+04 +2.101179074e+04 -7.2222e-01 +3.4369e-01 +3.4497e-01 -4.0694e-01 -3.7104e-01 +3.3205e-01 -1.3481e+00 -1.3075e+00 -6.1844e-01 -1.1345e-01
51 0 +9.672164155e+03 +9.770784155e+03 +9.770784155e+03 -1.0175e+00 -5.3525e-01 +3.2809e-01 -8.2624e-01 -5.9508e-01 +1.6801e+00 -7.8052e-01 -1.1725e+00 -1.1154e+00 +7.3667e-01
53 0 +8.874733896e+03 +8.973353896e+03 +8.973353896e+03 +8.6324e-01 +1.1133e-01 +1.1733e-01 -4.7765e+00 +9.3466e-01 +4.7822e-01 -2.0457e+00 -1.9528e+00 -2.1570e+00 -3.4256e-01
112 0 +4.599279441e+03 +4.697899441e+03 +4.697899441e+03 -2.2732e+00 -2.1005e+00 +2.3061e+00 -3.7671e+00 -7.3429e-01 +6.3490e-02 -4.3001e-02 -1.1694e+00 -1.6062e+00 +2.3171e-01
151 0 +6.500155710e+02 +7.486355710e+02 +7.486355710e+02 -2.0625e+00 -3.6518e+00 +2.5073e+00 -2.7858e+00 -4.6964e-01 +6.5727e-02 -2.4950e+00 -3.3996e+00 -3.3028e+00 -5.8307e-01
405 0 +3.271838199e+02 +4.258038199e+02 +4.258038199e+02 -2.5675e+00 -1.1570e+00 +9.7735e-01 -3.2754e+00 -4.1342e-01 +1.0003e+00 -2.7263e+00 -3.6875e+00 -3.5478e+00 -3.9673e-01
452 0 +3.229401489e+02 +4.215601489e+02 +4.215601489e+02 -1.6282e+00 -1.8995e+00 +8.8491e-01 -3.0775e+00 -1.0775e+00 +1.9435e+00 -2.0437e+00 -3.1493e+00 -2.7273e+00 -3.2164e-01
504 0 +1.732185720e+02 +2.718385720e+02 +2.718385720e+02 -2.0720e+00 -1.6102e+00 +9.4922e-01 -3.2005e+00 -2.5638e-01 +6.9027e-01 -2.2909e+00 -4.5804e+00 -2.9353e+00 -5.1849e-01
601 0 +1.403647767e+02 +2.389847767e+02 +2.389847767e+02 -2.3295e+00 -1.5877e+00 +2.1366e+00 -2.4126e+00 -2.5707e-01 +3.5529e-01 -2.1844e+00 -3.9717e+00 -3.7313e+00 -1.0246e+00
651 0 +3.058534085e+01 +1.292053408e+02 +1.292053408e+02 -2.3071e+00 -1.4887e+00 +1.7792e+00 -3.0505e+00 -6.3227e-02 +7.7133e-01 -2.4594e+00 -3.7377e+00 -3.6868e+00 -1.2684e+00
930 0 +1.991790421e+01 +1.185379042e+02 +1.185379042e+02 -2.6182e+00 -1.6359e+00 +1.6799e+00 -3.2075e+00 +5.6005e-02 +8.0514e-01 -2.2671e+00 -3.9396e+00 -3.7863e+00 -1.0684e+00
1151 0 +1.966647633e+01 +1.182864763e+02 +1.182864763e+02 -2.2838e+00 -1.8585e+00 +1.4257e+00 -3.1246e+00 -1.7831e-01 +9.0934e-01 -2.3030e+00 -3.6232e+00 -3.4775e+00 -1.1348e+00
1251 0 +1.567190598e+01 +1.142919060e+02 +1.142919060e+02 -2.1906e+00 -1.8582e+00 +1.4814e+00 -3.2904e+00 -1.8951e-01 +8.4916e-01 -2.2809e+00 -3.8499e+00 -3.6001e+00 -1.1469e+00
1352 0 +1.449164967e+01 +1.131116497e+02 +1.131116497e+02 -2.0866e+00 -1.9781e+00 +1.4749e+00 -3.0882e+00 -1.7211e-02 +9.6869e-01 -2.2458e+00 -3.7734e+00 -3.7170e+00 -1.1801e+00
1365 0 +1.119850618e+01 +1.098185062e+02 +1.098185062e+02 -1.5717e+00 -2.1086e+00 +1.3859e+00 -3.1749e+00 -9.8434e-02 +8.1435e-01 -2.4088e+00 -3.8660e+00 -3.6489e+00 -1.0825e+00
1507 0 +1.043340308e+01 +1.090534031e+02 +1.090534031e+02 -1.4627e+00 -1.9527e+00 +1.5290e+00 -3.2625e+00 -9.6134e-02 +8.8500e-01 -2.2859e+00 -3.6668e+00 -3.6903e+00 -1.1047e+00
1601 0 +9.899076310e+00 +1.085190763e+02 +1.085190763e+02 -1.5102e+00 -2.0872e+00 +1.5193e+00 -3.1488e+00 -6.7011e-02 +7.6522e-01 -2.3533e+00 -3.7847e+00 -3.6263e+00 -1.1086e+00
1701 0 +9.596626065e+00 +1.082166261e+02 +1.082166261e+02 -1.3387e+00 -1.9815e+00 +1.4778e+00 -3.3055e+00 -4.6324e-02 +8.0494e-01 -2.3018e+00 -3.6990e+00 -3.6655e+00 -1.1120e+00
1751 0 +9.526058559e+00 +1.081460586e+02 +1.081460586e+02 -1.4813e+00 -1.9987e+00 +1.4830e+00 -3.1436e+00 -4.6925e-02 +8.8299e-01 -2.3499e+00 -3.7259e+00 -3.7181e+00 -1.0700e+00
1753 0 +9.260379705e+00 +1.078803797e+02 +1.078803797e+02 -1.3874e+00 -1.9059e+00 +1.5235e+00 -3.2318e+00 -4.2595e-02 +8.2470e-01 -2.2849e+00 -3.8051e+00 -3.6750e+00 -1.0512e+00
1901 0 +8.333004318e+00 +1.069530043e+02 +1.069530043e+02 -1.4271e+00 -1.9663e+00 +1.5002e+00 -3.1972e+00 -5.0722e-02 +8.2236e-01 -2.3591e+00 -3.7263e+00 -3.6853e+00 -1.1072e+00
2101 0 +8.030589294e+00 +1.066505893e+02 +1.066505893e+02 -1.2877e+00 -1.8713e+00 +1.4923e+00 -3.1805e+00 -9.9678e-02 +8.1210e-01 -2.3020e+00 -3.7261e+00 -3.6711e+00 -1.1122e+00
2170 0 +7.903384788e+00 +1.065233848e+02 +1.065233848e+02 -1.2110e+00 -1.8139e+00 +1.5533e+00 -3.2023e+00 -3.9556e-02 +8.1727e-01 -2.3311e+00 -3.7748e+00 -3.6609e+00 -1.1696e+00
2256 0 +7.762599906e+00 +1.063825999e+02 +1.063825999e+02 -1.1935e+00 -1.7876e+00 +1.5623e+00 -3.2191e+00 -2.1766e-02 +8.2415e-01 -2.3409e+00 -3.7647e+00 -3.6586e+00 -1.1009e+00
2401 0 +7.395159687e+00 +1.060151597e+02 +1.060151597e+02 -1.1925e+00 -1.7860e+00 +1.5596e+00 -3.1941e+00 -6.2280e-02 +8.1735e-01 -2.3293e+00 -3.7748e+00 -3.6747e+00 -1.0992e+00
% f evaluations | g evaluations | best noise-free fitness - Fopt (-4.715000000000e+01) + sum g_i+ | measured fitness | best measured fitness or single-digit g-values | x1 | x2...
1 0 +9.362351125e+04 +9.357636125e+04 +9.357636125e+04 +5.9671e-01 -3.8264e-02 +7.4769e-01 +1.6230e+00 -1.3415e-01 -1.3414e-01 +1.6792e+00 +8.6743e-01 -3.6947e-01 +6.4256e-01
2 0 +1.182718958e+04 +1.178003958e+04 +1.178003958e+04 -3.6342e-01 -3.6573e-01 +3.4196e-01 -1.8133e+00 -1.6249e+00 -4.6229e-01 -9.1283e-01 +4.1425e-01 -8.0802e-01 -1.3123e+00
20 0 +1.144194431e+04 +1.139479431e+04 +1.139479431e+04 -3.4651e-01 +9.5640e-01 +3.1409e-01 -1.1457e+00 +2.7318e-01 +4.8532e-01 -7.8386e-01 +2.5373e-01 +1.5821e-01 -1.0430e+00
34 0 +8.086079730e+03 +8.038929730e+03 +8.038929730e+03 +8.7753e-02 -7.9725e-01 +1.7580e-01 -5.7716e-01 +1.0751e+00 -4.7057e-02 -7.2550e-01 -2.2139e-01 +5.1293e-01 -4.6372e-01
51 0 +4.606172742e+03 +4.559022742e+03 +4.559022742e+03 -1.5452e+00 -1.1084e+00 -1.6697e+00 -3.2106e+00 -8.1749e-01 +8.8434e-01 -2.1016e+00 +1.3962e-01 +1.8980e-01 -3.9252e-01
104 0 +3.415975248e+03 +3.368825248e+03 +3.368825248e+03 -3.9332e-01 -1.2773e+00 -1.4401e+00 -1.9297e+00 -2.7829e-01 +1.7643e+00 -4.5184e+00 -2.5408e+00 -8.4982e-01 -1.2593e-01
106 0 +2.535385633e+03 +2.488235633e+03 +2.488235633e+03 -9.2926e-02 -1.9164e+00 -1.2697e+00 -1.9838e+00 -8.6021e-01 +5.6372e-01 -3.4454e+00 -1.4159e+00 -3.9278e+00 +3.9533e-01
204 0 +7.074498058e+02 +6.602998058e+02 +6.602998058e+02 -1.9907e+00 -1.2007e+00 -2.8607e+00 -2.5115e+00 -1.2728e+00 +1.5250e+00 -3.2773e+00 -3.1870e+00 -1.8150e+00 -2.7533e+00
501 0 +3.342520864e+02 +2.871020864e+02 +2.871020864e+02 -1.6333e+00 -1.8734e+00 -1.5476e+00 -3.8088e+00 +4.2642e-01 +1.2065e+00 -2.6000e+00 -2.4705e+00 -2.7024e+00 -1.2477e+00
555 0 +2.805968400e+02 +2.334468400e+02 +2.334468400e+02 -1.8431e+00 -2.6128e+00 -1.6694e+00 -2.8001e+00 -4.8694e-01 +2.3176e-01 -2.3785e+00 -3.1724e+00 -6.7769e-01 -1.3392e+00
601 0 +2.476450853e+02 +2.004950853e+02 +2.004950853e+02 -8.8768e-01 -1.6350e+00 -1.8609e+00 -3.1439e+00 +8.9588e-02 -1.0451e-01 -2.2886e+00 -2.3041e+00 -1.1766e+00 -1.5964e+00
603 0 +2.347777777e+02 +1.876277777e+02 +1.876277777e+02 -1.4091e+00 -2.3136e+00 -1.7265e+00 -3.2885e+00 -7.1900e-01 +4.9747e-01 -2.0736e+00 -2.8402e+00 -6.8764e-01 -1.9242e+00
651 0 +1.271690209e+02 +8.001902086e+01 +8.001902086e+01 -1.3106e+00 -2.3971e+00 -2.1051e+00 -2.9551e+00 -5.0772e-01 +4.8553e-01 -2.1202e+00 -2.6561e+00 -1.5608e+00 -2.2023e+00
652 0 +1.133045809e+02 +6.615458095e+01 +6.615458095e+01 -1.2211e+00 -2.2244e+00 -2.0010e+00 -3.1896e+00 -1.9974e-02 +4.3074e-01 -2.2173e+00 -1.8946e+00 -9.9668e-01 -2.3040e+00
751 0 +9.724147800e+01 +5.009147800e+01 +5.009147800e+01 -8.9824e-01 -1.9788e+00 -2.0102e+00 -2.6536e+00 -4.3600e-01 +6.5433e-01 -2.4375e+00 -2.9130e+00 -1.9930e+00 -2.7687e+00
779 0 +8.937950172e+01 +4.222950172e+01 +4.222950172e+01 -1.3731e+00 -1.6287e+00 -2.0603e+00 -3.1898e+00 -4.9367e-01 +1.4348e+00 -1.4881e+00 -1.5818e+00 -6.7835e-01 -1.5786e+00
814 0 +8.762446000e+01 +4.047446000e+01 +4.047446000e+01 -2.0971e+00 -1.1657e+00 -1.4898e+00 -3.4367e+00 -2.8555e-01 +7.7830e-01 -2.7269e+00 -2.2663e+00 -1.3750e+00 -2.8326e+00
851 0 +4.865045239e+01 +1.500452392e+00 +1.500452392e+00 -1.1628e+00 -1.7185e+00 -1.8281e+00 -2.9462e+00 -9.4632e-02 +7.1692e-01 -2.5022e+00 -2.2693e+00 -1.4514e+00 -2.5558e+00
901 0 +4.513000510e+01 -2.019994901e+00 -2.019994901e+00 -1.2864e+00 -2.0734e+00 -2.3249e+00 -3.1035e+00 -1.3066e-01 +6.4967e-01 -2.6661e+00 -2.9694e+00 -1.8451e+00 -2.6575e+00
902 0 +2.007820088e+01 -2.707179912e+01 -2.707179912e+01 -1.3535e+00 -1.6249e+00 -2.2375e+00 -3.2436e+00 -2.9424e-01 +8.8802e-01 -2.4615e+00 -2.5549e+00 -1.9227e+00 -2.7833e+00
1165 0 +1.865126116e+01 -2.849873884e+01 -2.849873884e+01 -1.5376e+00 -1.9493e+00 -2.1188e+00 -3.2516e+00 -1.9823e-01 +6.5247e-01 -2.6280e+00 -2.6118e+00 -1.7723e+00 -2.8717e+00
1251 0 +1.788029302e+01 -2.926970698e+01 -2.926970698e+01 -1.7487e+00 -1.4263e+00 -2.1478e+00 -3.2873e+00 -3.3860e-01 +6.5223e-01 -2.3789e+00 -2.5802e+00 -1.7886e+00 -2.7161e+00
1276 0 +1.285996813e+01 -3.429003187e+01 -3.429003187e+01 -1.4875e+00 -1.6994e+00 -2.1606e+00 -3.3127e+00 -4.6873e-01 +5.9116e-01 -2.4257e+00 -2.6596e+00 -1.7609e+00 -2.7719e+00
1302 0 +1.244112318e+01 -3.470887682e+01 -3.470887682e+01 -1.2444e+00 -1.7353e+00 -2.1575e+00 -3.1731e+00 -3.1222e-01 +7.0747e-01 -2.4729e+00 -2.5873e+00 -1.7085e+00 -2.8069e+00
1451 0 +1.173679154e+01 -3.541320846e+01 -3.541320846e+01 -1.6683e+00 -1.7193e+00 -2.1847e+00 -3.2609e+00 -4.3260e-01 +7.3829e-01 -2.5394e+00 -2.6149e+00 -1.7296e+00 -2.7650e+00
1503 0 +1.107472172e+01 -3.607527828e+01 -3.607527828e+01 -1.4670e+00 -1.7329e+00 -2.2432e+00 -3.2862e+00 -4.1782e-01 +7.7795e-01 -2.5379e+00 -2.6647e+00 -1.7993e+00 -2.8162e+00
1506 0 +1.074245590e+01 -3.640754410e+01 -3.640754410e+01 -1.2333e+00 -1.8525e+00 -2.1839e+00 -3.3317e+00 -3.4026e-01 +6.0699e-01 -2.5067e+00 -2.6520e+00 -1.8737e+00 -2.8681e+00
1551 0 +1.022529951e+01 -3.692470049e+01 -3.692470049e+01 -1.2954e+00 -1.7848e+00 -2.2106e+00 -3.3256e+00 -2.9552e-01 +6.8721e-01 -2.4887e+00 -2.6390e+00 -1.7499e+00 -2.8409e+00
1651 0 +9.674090325e+00 -3.747590968e+01 -3.747590968e+01 -1.2179e+00 -1.7706e+00 -2.1417e+00 -3.2890e+00 -4.1220e-01 +6.9927e-01 -2.4663e+00 -2.6561e+00 -1.8493e+00 -2.8635e+00
1652 0 +9.469226164e+00 -3.768077384e+01 -3.768077384e+01 -1.3758e+00 -1.7721e+00 -2.1951e+00 -3.2490e+00 -3.4577e-01 +6.4649e-01 -2.5138e+00 -2.6744e+00 -1.8224e+00 -2.8191e+00
1667 0 +9.080854550e+00 -3.806914545e+01 -3.806914545e+01 -1.0123e+00 -1.7004e+00 -2.2063e+00 -3.3260e+00 -3.6078e-01 +6.9235e-01 -2.4639e+00 -2.7148e+00 -1.7792e+00 -2.8340e+00
1901 0 +8.789773424e+00 -3.836022658e+01 -3.836022658e+01 -1.1347e+00 -1.7544e+00 -2.2084e+00 -3.3042e+00 -3.9597e-01 +6.7432e-01 -2.5059e+00 -2.6897e+00 -1.7910e+00 -2.8161e+00
1951 0 +8.706730875e+00 -3.844326913e+01 -3.844326913e+01 -1.0987e+00 -1.7303e+00 -2.1737e+00 -3.3413e+00 -3.7993e-01 +6.9515e-01 -2.5305e+00 -2.6902e+00 -1.8035e+00 -2.8263e+00
2001 0 +8.557056224e+00 -3.859294378e+01 -3.859294378e+01 -1.0546e+00 -1.7508e+00 -2.1780e+00 -3.2785e+00 -3.4805e-01 +6.8496e-01 -2.4977e+00 -2.6906e+00 -1.8103e+00 -2.8095e+00
2051 0 +8.485560392e+00 -3.866443961e+01 -3.866443961e+01 -1.0477e+00 -1.7241e+00 -2.1468e+00 -3.2806e+00 -3.5211e-01 +6.8181e-01 -2.4893e+00 -2.6669e+00 -1.8246e+00 -2.8246e+00
2151 0 +8.319981923e+00 -3.883001808e+01 -3.883001808e+01 -9.9696e-01 -1.6748e+00 -2.1583e+00 -3.3136e+00 -3.8746e-01 +6.6312e-01 -2.5144e+00 -2.6794e+00 -1.8382e+00 -2.8057e+00
2301 0 +8.088904972e+00 -3.906109503e+01 -3.906109503e+01 -9.0987e-01 -1.6287e+00 -2.1584e+00 -3.2949e+00 -3.7808e-01 +6.5281e-01 -2.5237e+00 -2.6654e+00 -1.8394e+00 -2.8135e+00
2351 0 +7.980645139e+00 -3.916935486e+01 -3.916935486e+01 -8.4472e-01 -1.5647e+00 -2.1029e+00 -3.3090e+00 -3.6275e-01 +7.0900e-01 -2.5454e+00 -2.6737e+00 -1.8443e+00 -2.8195e+00
2401 0 +7.646788768e+00 -3.950321123e+01 -3.950321123e+01 -8.0208e-01 -1.5316e+00 -2.0920e+00 -3.3022e+00 -3.5887e-01 +6.9408e-01 -2.5363e+00 -2.6692e+00 -1.8213e+00 -2.8095e+00
% f evaluations | g evaluations | best noise-free fitness - Fopt (3.752000000000e+01) + sum g_i+ | measured fitness | best measured fitness or single-digit g-values | x1 | x2...
1 0 +5.048915443e+04 +5.052667443e+04 +5.052667443e+04 +5.9671e-01 -3.8264e-02 +7.4769e-01 +1.6230e+00 -1.3415e-01 -1.3414e-01 +1.6792e+00 +8.6743e-01 -3.6947e-01 +6.4256e-01
2 0 +3.909258025e+04 +3.913010025e+04 +3.913010025e+04 -3.6342e-01 -3.6573e-01 +3.4196e-01 -1.8133e+00 -1.6249e+00 -4.6229e-01 -9.1283e-01 +4.1425e-01 -8.0802e-01 -1.3123e+00
3 0 +2.385041846e+04 +2.388793846e+04 +2.388793846e+04 +1.5656e+00 -1.2578e-01 +1.6753e-01 -1.3247e+00 -4.4438e-01 +2.1092e-01 -1.0510e+00 +4.7570e-01 -5.0064e-01 -1.9169e-01
7 0 +1.953997314e+04 +1.957749314e+04 +1.957749314e+04 -3.7917e-01 -8.5659e-02 -1.0063e+00 -1.0962e+00 +9.1253e-01 +1.4562e+00 +2.7990e-02 +1.1035e+00 +4.6164e-01 -5.4512e-01
11 0 +1.840905757e+04 +1.844657757e+04 +1.844657757e+04 -1.3154e+00 -3.2065e-01 -2.4271e-01 -7.0228e-01 -6.1286e-02 +5.0405e-01 +1.9862e+00 +2.7458e-01 +3.5755e-01 +2.5554e-02
13 0 +1.451216209e+04 +1.454968209e+04 +1.454968209e+04 +8.9103e-01 -8.0939e-01 +1.5028e+00 -1.3019e+00 +6.8686e-01 +2.2905e+00 -8.9054e-01 -4.6630e-01 +1.9965e-01 -4.0348e-01
34 0 +1.381954767e+04 +1.385706767e+04 +1.385706767e+04 +8.7753e-02 -7.9725e-01 +1.7580e-01 -5.7716e-01 +1.0751e+00 -4.7057e-02 -7.2550e-01 -2.2139e-01 +5.1293e-01 -4.6372e-01
51 0 +4.168714452e+03 +4.206234452e+03 +4.206234452e+03 -3.5459e-01 -1.7062e+00 +3.5806e-01 -6.4461e-01 +1.6315e+00 +1.8115e-01 +2.2367e-01 +8.5077e-01 +1.6660e-02 +4.7597e-01
52 0 +3.075878553e+03 +3.113398553e+03 +3.113398553e+03 -7.8742e-01 -1.6648e+00 +5.9137e-01 -1.8055e+00 +2.1399e+00 +6.1812e-01 +1.7360e+00 +1.8881e+00 +1.5378e+00 +9.0858e-01
108 0 +1.466337346e+03 +1.503857346e+03 +1.503857346e+03 +1.1482e+00 -3.8383e+00 +2.1143e+00 -1.3922e+00 +2.1785e+00 +2.0993e+00 +7.2641e-01 +1.9287e+00 +1.2686e+00 +1.0438e+00
251 0 +3.985622436e+02 +4.360822436e+02 +4.360822436e+02 +4.8119e-01 -2.9915e+00 +1.2566e+00 -1.6760e+00 +1.7785e+00 +3.4595e-01 +2.0202e+00 +2.3862e+00 +6.1104e-01 -7.6198e-01
453 0 +2.625119648e+02 +3.000319648e+02 +3.000319648e+02 +1.7767e+00 -1.8371e+00 +2.6137e+00 -1.8131e+00 +2.0711e+00 +1.4879e+00 +1.7311e+00 +2.0065e+00 +2.0859e+00 -8.9577e-01
551 0 +1.613675625e+02 +1.988875625e+02 +1.988875625e+02 +1.1481e+00 -2.4068e+00 +2.1784e+00 -2.1294e+00 +2.1087e+00 +9.3361e-01 +2.1210e+00 +2.1078e+00 +7.0777e-01 -9.3833e-01
552 0 +1.532324980e+02 +1.907524980e+02 +1.907524980e+02 +2.2360e+00 -2.5160e+00 +2.0158e+00 -1.8013e+00 +1.7558e+00 +1.3911e+00 +1.3625e+00 +1.4767e+00 +1.2344e+00 -1.8084e+00
601 0 +1.300735231e+02 +1.675935231e+02 +1.675935231e+02 +1.0190e+00 -3.0274e+00 +1.9547e+00 -2.5575e+00 +2.5339e+00 +6.6274e-01 +1.8602e+00 +1.8395e+00 +1.5546e+00 -9.8553e-01
602 0 +9.785349783e+01 +1.353734978e+02 +1.353734978e+02 +1.8854e+00 -2.4354e+00 +2.1027e+00 -2.0319e+00 +2.2312e+00 +1.5011e+00 +2.1793e+00 +2.5652e+00 +1.9448e+00 -1.1068e+00
702 0 +9.263506159e+01 +1.301550616e+02 +1.301550616e+02 +2.0125e+00 -3.2457e+00 +2.2055e+00 -2.2245e+00 +1.8806e+00 +1.0412e+00 +1.3331e+00 +2.2343e+00 +1.8572e+00 -1.3198e+00
705 0 +8.463375808e+01 +1.221537581e+02 +1.221537581e+02 +1.7935e+00 -2.7697e+00 +1.9979e+00 -2.1065e+00 +2.4656e+00 +6.7419e-01 +1.5079e+00 +1.4516e+00 +1.1232e+00 -1.2978e+00
719 0 +8.337275283e+01 +1.208927528e+02 +1.208927528e+02 +2.1348e+00 -2.6338e+00 +2.5471e+00 -1.8345e+00 +1.9575e+00 +9.7434e-01 +1.2758e+00 +2.0739e+00 +1.0885e+00 -1.7293e+00
751 0 +3.806792566e+01 +7.558792566e+01 +7.558792566e+01 +1.5164e+00 -2.9724e+00 +2.0439e+00 -2.1630e+00 +2.2146e+00 +1.0425e+00 +1.5467e+00 +2.0931e+00 +1.4361e+00 -1.0688e+00
754 0 +3.425268412e+01 +7.177268412e+01 +7.177268412e+01 +1.5216e+00 -2.7589e+00 +1.9795e+00 -2.3321e+00 +1.8348e+00 +6.5651e-01 +1.2393e+00 +1.7028e+00 +1.3453e+00 -1.2011e+00
902 0 +1.922612430e+01 +5.674612430e+01 +5.674612430e+01 +2.0942e+00 -2.4788e+00 +2.1978e+00 -2.6088e+00 +2.0263e+00 +8.9478e-01 +1.4649e+00 +1.7536e+00 +1.2550e+00 -1.4774e+00
1051 0 +1.894435612e+01 +5.646435612e+01 +5.646435612e+01 +1.6345e+00 -2.8460e+00 +1.8891e+00 -2.3176e+00 +2.0925e+00 +8.3593e-01 +1.2624e+00 +2.0239e+00 +1.1239e+00 -1.3614e+00
1054 0 +1.704698035e+01 +5.456698035e+01 +5.456698035e+01 +1.9630e+00 -2.5953e+00 +1.9375e+00 -2.5108e+00 +1.9391e+00 +1.0503e+00 +1.4877e+00 +1.9271e+00 +1.2267e+00 -1.4936e+00
1101 0 +1.301720559e+01 +5.053720559e+01 +5.053720559e+01 +1.9315e+00 -2.6940e+00 +1.9296e+00 -2.4704e+00 +2.0021e+00 +8.9676e-01 +1.3652e+00 +1.8558e+00 +1.3577e+00 -1.5621e+00
1201 0 +1.113992778e+01 +4.865992778e+01 +4.865992778e+01 +1.9234e+00 -2.7865e+00 +2.0016e+00 -2.3270e+00 +2.1163e+00 +9.3136e-01 +1.2266e+00 +1.8383e+00 +1.2668e+00 -1.4050e+00
1302 0 +1.083577769e+01 +4.835577769e+01 +4.835577769e+01 +1.8658e+00 -2.7275e+00 +1.9432e+00 -2.4676e+00 +2.0696e+00 +9.4169e-01 +1.1883e+00 +1.8155e+00 +1.2557e+00 -1.4123e+00
1351 0 +9.222115917e+00 +4.674211592e+01 +4.674211592e+01 +1.8739e+00 -2.8434e+00 +1.9267e+00 -2.4605e+00 +2.0445e+00 +9.0489e-01 +1.2444e+00 +1.7951e+00 +1.2371e+00 -1.4377e+00
1352 0 +8.894183544e+00 +4.641418354e+01 +4.641418354e+01 +2.0175e+00 -2.7069e+00 +1.8998e+00 -2.4479e+00 +2.0231e+00 +9.7653e-01 +1.2522e+00 +1.8749e+00 +1.2409e+00 -1.3997e+00
1501 0 +8.532414440e+00 +4.605241444e+01 +4.605241444e+01 +1.9718e+00 -2.7593e+00 +1.9487e+00 -2.4392e+00 +1.9377e+00 +8.9779e-01 +1.3342e+00 +1.8745e+00 +1.2724e+00 -1.4035e+00
1552 0 +8.495958409e+00 +4.601595841e+01 +4.601595841e+01 +2.0348e+00 -2.6743e+00 +2.0303e+00 -2.4326e+00 +1.9385e+00 +8.6754e-01 +1.3195e+00 +1.8455e+00 +1.2596e+00 -1.3702e+00
1553 0 +8.415505162e+00 +4.593550516e+01 +4.593550516e+01 +1.9904e+00 -2.7189e+00 +1.9253e+00 -2.5086e+00 +2.0147e+00 +9.6542e-01 +1.2933e+00 +1.8818e+00 +1.2928e+00 -1.4073e+00
1554 0 +8.327533773e+00 +4.584753377e+01 +4.584753377e+01 +2.0848e+00 -2.6194e+00 +1.9927e+00 -2.5050e+00 +1.9977e+00 +9.0427e-01 +1.2913e+00 +1.9203e+00 +1.3098e+00 -1.3997e+00
1601 0 +7.438245276e+00 +4.495824528e+01 +4.495824528e+01 +2.0962e+00 -2.6056e+00 +2.0140e+00 -2.4510e+00 +1.9825e+00 +9.2112e-01 +1.3080e+00 +1.8756e+00 +1.2505e+00 -1.3786e+00
1851 0 +7.250459316e+00 +4.477045932e+01 +4.477045932e+01 +2.1734e+00 -2.5260e+00 +2.0982e+00 -2.4452e+00 +1.9922e+00 +8.9795e-01 +1.3320e+00 +1.8512e+00 +1.2468e+00 -1.4158e+00
2006 0 +6.919451875e+00 +4.443945188e+01 +4.443945188e+01 +2.2400e+00 -2.4042e+00 +2.2100e+00 -2.4168e+00 +1.9947e+00 +9.1221e-01 +1.3013e+00 +1.8291e+00 +1.2678e+00 -1.3670e+00
2158 0 +6.906601767e+00 +4.442660177e+01 +4.442660177e+01 +2.2481e+00 -2.3635e+00 +2.2371e+00 -2.3234e+00 +2.0831e+00 +9.1535e-01 +1.3072e+00 +1.8322e+00 +1.2576e+00 -1.3974e+00
2202 0 +6.727967413e+00 +4.424796741e+01 +4.424796741e+01 +2.3036e+00 -2.3029e+00 +2.3542e+00 -2.3200e+00 +2.0168e+00 +9.5344e-01 +1.2648e+00 +1.8653e+00 +1.2722e+00 -1.4128e+00
2257 0 +6.624605251e+00 +4.414460525e+01 +4.414460525e+01 +2.2807e+00 -2.3227e+00 +2.2908e+00 -2.3088e+00 +2.0323e+00 +9.7006e-01 +1.2804e+00 +1.8733e+00 +1.2598e+00 -1.4189e+00
2297 0 +6.480006795e+00 +4.400000680e+01 +4.400000680e+01 +2.3225e+00 -2.2950e+00 +2.3235e+00 -2.2609e+00 +2.0607e+00 +9.3459e-01 +1.2638e+00 +1.8625e+00 +1.2275e+00 -1.4122e+00
2305 0 +6.254250408e+00 +4.377425041e+01 +4.377425041e+01 +2.3236e+00 -2.2892e+00 +2.3538e+00 -2.2885e+00 +2.0141e+00 +9.1963e-01 +1.3122e+00 +1.8523e+00 +1.2489e+00 -1.4263e+00
2453 0 +6.231772570e+00 +4.375177257e+01 +4.375177257e+01 +2.3317e+00 -2.2313e+00 +2.4541e+00 -2.2024e+00 +2.0875e+00 +9.4484e-01 +1.2957e+00 +1.8293e+00 +1.2388e+00 -1.3522e+00
% f evaluations | g evaluations | best noise-free fitness - Fopt (6.740000000000e+00) + sum g_i+ | measured fitness | best measured fitness or single-digit g-values | x1 | x2...
1 0 +4.829926066e+04 +4.830600066e+04 +4.830600066e+04 +5.9671e-01 -3.8264e-02 +7.4769e-01 +1.6230e+00 -1.3415e-01 -1.3414e-01 +1.6792e+00 +8.6743e-01 -3.6947e-01 +6.4256e-01
2 0 +1.325999703e+04 +1.326673703e+04 +1.326673703e+04 -3.6342e-01 -3.6573e-01 +3.4196e-01 -1.8133e+00 -1.6249e+00 -4.6229e-01 -9.1283e-01 +4.1425e-01 -8.0802e-01 -1.3123e+00
5 0 +6.316560568e+03 +6.323300568e+03 +6.323300568e+03 +8.3847e-01 +2.7137e-01 -1.5648e-02 -2.0110e-01 -1.3785e+00 -6.1984e-01 -3.6064e-01 +1.1571e+00 +4.4362e-01 -1.6630e+00
51 0 +2.675595860e+03 +2.682335860e+03 +2.682335860e+03 +4.6863e-01 +6.1857e-01 -1.0835e+00 -1.8173e-01 -1.6744e+00 -4.3059e-02 -1.0224e+00 +1.5157e+00 -3.2397e-01 +5.6443e-02
58 0 +2.517689258e+03 +2.524429258e+03 +2.524429258e+03 -1.6644e-01 -8.8359e-02 -8.9183e-01 +1.1835e+00 -1.6670e+00 +3.6331e-01 -4.3040e-01 +8.9664e-01 +4.5831e-01 -1.8889e+00
60 0 +2.462573587e+03 +2.469313587e+03 +2.469313587e+03 -8.9383e-01 -3.1411e-01 -2.0616e-01 +1.2488e+00 -2.8524e+00 -8.8710e-01 -1.8456e+00 +6.5195e-01 -1.0313e+00 +4.2861e-01
102 0 +2.271411662e+03 +2.278151662e+03 +2.278151662e+03 -1.2673e+00 -5.9475e-01 -2.8105e+00 +1.1602e+00 -3.9209e+00 -5.0757e-01 -1.9937e+00 +6.7258e-01 +1.0636e+00 +4.6760e-01
111 0 +1.859918652e+03 +1.866658652e+03 +1.866658652e+03 -1.0584e+00 +1.3770e+00 -1.0403e+00 +3.1135e+00 -3.2777e+00 -1.1287e-01 -1.8984e+00 -2.9050e-01 +1.5104e+00 +1.2439e-01
251 0 +8.070904279e+02 +8.138304279e+02 +8.138304279e+02 -2.4190e-01 -4.0730e-01 -1.9616e+00 +2.3550e+00 -2.3399e+00 -2.1400e-01 -2.2034e+00 -7.4836e-02 +8.1643e-01 -1.6423e+00
301 0 +3.492940545e+02 +3.560340545e+02 +3.560340545e+02 +4.0756e-01 +1.3400e-01 -7.6549e-01 +1.7526e+00 -3.3091e+00 -2.5863e-01 -1.8706e+00 -1.0430e-01 +4.9083e-01 -1.4542e+00
504 0 +2.640785614e+02 +2.708185614e+02 +2.708185614e+02 -3.5113e-01 +5.1517e-01 -1.8632e+00 +9.2384e-01 -3.6294e+00 -1.5895e+00 -2.5556e+00 +3.8242e-01 -6.2900e-01 -1.8855e+00
551 0 +2.616290853e+02 +2.683690853e+02 +2.683690853e+02 -4.1551e-01 +1.3423e+00 -7.5863e-01 +1.6105e+00 -3.5625e+00 -4.5488e-01 -2.5520e+00 +3.6203e-01 -9.0484e-01 -2.2874e+00
552 0 +2.261754682e+02 +2.329154682e+02 +2.329154682e+02 +6.5571e-01 +8.6832e-01 -2.1147e+00 +1.6917e+00 -3.1723e+00 -4.6748e-01 -1.9875e+00 +1.3274e+00 +4.8812e-02 -2.0671e+00
604 0 +1.625681490e+02 +1.693081490e+02 +1.693081490e+02 +5.6600e-02 +3.5301e-01 -1.1706e+00 +1.3274e+00 -3.7867e+00 -5.6152e-01 -2.3750e+00 -1.0298e-01 -1.2347e+00 -3.0143e+00
652 0 +1.219676601e+02 +1.287076601e+02 +1.287076601e+02 -3.1707e-01 +4.1566e-01 -1.3623e+00 +1.4736e+00 -3.5501e+00 -9.7452e-01 -2.7129e+00 +5.1319e-01 +2.3104e-01 -2.4032e+00
704 0 +1.124568786e+02 +1.191968786e+02 +1.191968786e+02 -4.4168e-02 +5.8903e-01 -1.5902e+00 +8.6085e-01 -3.9551e+00 -1.0156e+00 -2.5546e+00 +7.3285e-01 +1.4741e-01 -3.1301e+00
756 0 +8.943532075e+01 +9.617532075e+01 +9.617532075e+01 +3.7884e-01 +1.6848e-01 -1.6077e+00 +1.2808e+00 -3.4874e+00 -7.5601e-01 -2.0932e+00 +3.4167e-01 -7.7877e-02 -2.7468e+00
758 0 +8.286827412e+01 +8.960827412e+01 +8.960827412e+01 +4.8520e-01 +7.0410e-01 -1.7072e+00 +1.3087e+00 -3.4440e+00 -1.3112e+00 -2.2423e+00 +7.8004e-01 -8.7624e-01 -3.1070e+00
801 0 +6.456074865e+01 +7.130074865e+01 +7.130074865e+01 +5.1956e-01 +4.7953e-01 -1.8440e+00 +1.4553e+00 -3.8167e+00 -9.8744e-01 -2.2728e+00 +6.3910e-01 -1.4915e-01 -2.6952e+00
851 0 +4.086167488e+01 +4.760167488e+01 +4.760167488e+01 +1.8797e-01 +6.6330e-01 -1.5531e+00 +1.5081e+00 -3.6597e+00 -9.4207e-01 -2.5481e+00 +2.0271e-01 -4.4623e-01 -2.8932e+00
857 0 +3.805729886e+01 +4.479729886e+01 +4.479729886e+01 -3.5593e-02 +7.4092e-01 -1.9821e+00 +1.1709e+00 -4.0074e+00 -1.1196e+00 -2.3976e+00 +3.8669e-01 -8.1872e-01 -3.4736e+00
952 0 +3.783065867e+01 +4.457065867e+01 +4.457065867e+01 +1.6867e-01 +4.5572e-01 -1.6587e+00 +1.0927e+00 -3.8970e+00 -1.3103e+00 -2.6430e+00 +4.8518e-01 -3.6191e-01 -3.0429e+00
1002 0 +2.307061145e+01 +2.981061145e+01 +2.981061145e+01 +4.1589e-01 +6.0174e-01 -1.7165e+00 +1.5407e+00 -3.6545e+00 -1.1597e+00 -2.3595e+00 +6.6417e-02 -6.3346e-01 -3.3412e+00
1101 0 +1.196228307e+01 +1.870228307e+01 +1.870228307e+01 +3.2240e-01 +6.5906e-01 -1.6804e+00 +1.2856e+00 -3.7162e+00 -1.1953e+00 -2.4698e+00 +2.9779e-01 -7.4143e-01 -3.3153e+00
1351 0 +1.055602124e+01 +1.729602124e+01 +1.729602124e+01 +5.6605e-01 +8.3014e-01 -1.7253e+00 +1.2596e+00 -3.6569e+00 -1.0786e+00 -2.5274e+00 +2.8913e-01 -5.8041e-01 -3.2780e+00
1401 0 +9.975227630e+00 +1.671522763e+01 +1.671522763e+01 +4.2736e-01 +6.5251e-01 -1.8182e+00 +1.2616e+00 -3.7684e+00 -1.2011e+00 -2.4027e+00 +2.8245e-01 -5.8537e-01 -3.2778e+00
1551 0 +9.710189667e+00 +1.645018967e+01 +1.645018967e+01 +3.5813e-01 +6.1880e-01 -1.6708e+00 +1.2247e+00 -3.7402e+00 -1.1574e+00 -2.4637e+00 +2.4209e-01 -6.1199e-01 -3.2733e+00
1553 0 +9.117849265e+00 +1.585784926e+01 +1.585784926e+01 +5.3091e-01 +7.6158e-01 -1.7422e+00 +1.3045e+00 -3.6919e+00 -1.1249e+00 -2.3636e+00 +2.4241e-01 -6.0751e-01 -3.3043e+00
1655 0 +9.112279125e+00 +1.585227912e+01 +1.585227912e+01 +5.4141e-01 +7.6645e-01 -1.6491e+00 +1.2021e+00 -3.7075e+00 -1.1682e+00 -2.4064e+00 +2.6410e-01 -6.0405e-01 -3.3156e+00
1701 0 +8.755535813e+00 +1.549553581e+01 +1.549553581e+01 +4.9900e-01 +7.1570e-01 -1.7082e+00 +1.2448e+00 -3.7425e+00 -1.1525e+00 -2.4197e+00 +2.9070e-01 -5.8167e-01 -3.2969e+00
1705 0 +8.743553654e+00 +1.548355365e+01 +1.548355365e+01 +5.6984e-01 +7.8674e-01 -1.7109e+00 +1.2492e+00 -3.7379e+00 -1.1806e+00 -2.3912e+00 +3.0609e-01 -6.3176e-01 -3.3171e+00
1801 0 +8.583602434e+00 +1.532360243e+01 +1.532360243e+01 +5.2178e-01 +7.9475e-01 -1.6943e+00 +1.2673e+00 -3.7127e+00 -1.1147e+00 -2.4121e+00 +2.8312e-01 -6.2042e-01 -3.2758e+00
1816 0 +8.540611582e+00 +1.528061158e+01 +1.528061158e+01 +6.4128e-01 +8.3122e-01 -1.6910e+00 +1.2300e+00 -3.6894e+00 -1.1227e+00 -2.3746e+00 +2.7393e-01 -6.1752e-01 -3.2581e+00
1902 0 +8.521264363e+00 +1.526126436e+01 +1.526126436e+01 +4.7441e-01 +7.7646e-01 -1.7217e+00 +1.2616e+00 -3.7287e+00 -1.1754e+00 -2.4169e+00 +2.7530e-01 -5.8869e-01 -3.2623e+00
1904 0 +8.482406893e+00 +1.522240689e+01 +1.522240689e+01 +6.3229e-01 +8.6663e-01 -1.7472e+00 +1.2170e+00 -3.7330e+00 -1.2113e+00 -2.4308e+00 +2.1824e-01 -6.1096e-01 -3.2623e+00
1921 0 +8.254027784e+00 +1.499402778e+01 +1.499402778e+01 +6.8043e-01 +8.6929e-01 -1.6899e+00 +1.2384e+00 -3.7654e+00 -1.1696e+00 -2.3972e+00 +2.5906e-01 -5.7372e-01 -3.2429e+00
1953 0 +8.250802489e+00 +1.499080249e+01 +1.499080249e+01 +6.6873e-01 +9.0212e-01 -1.6594e+00 +1.2590e+00 -3.6843e+00 -1.1611e+00 -2.3761e+00 +2.3387e-01 -6.3227e-01 -3.2409e+00
1957 0 +8.248414469e+00 +1.498841447e+01 +1.498841447e+01 +6.7263e-01 +9.1833e-01 -1.6893e+00 +1.2386e+00 -3.7639e+00 -1.2009e+00 -2.4090e+00 +2.1335e-01 -6.3744e-01 -3.2484e+00
2005 0 +7.985611333e+00 +1.472561133e+01 +1.472561133e+01 +7.4048e-01 +9.3518e-01 -1.6674e+00 +1.2832e+00 -3.7342e+00 -1.1470e+00 -2.3870e+00 +2.8113e-01 -6.1404e-01 -3.2703e+00
2056 0 +7.822044301e+00 +1.456204430e+01 +1.456204430e+01 +7.3587e-01 +9.6487e-01 -1.6596e+00 +1.2339e+00 -3.7526e+00 -1.1539e+00 -2.4145e+00 +2.6454e-01 -5.9936e-01 -3.2260e+00
2092 0 +7.814553731e+00 +1.455455373e+01 +1.455455373e+01 +8.1163e-01 +1.0415e+00 -1.5802e+00 +1.2192e+00 -3.7456e+00 -1.1286e+00 -2.4263e+00 +2.2430e-01 -6.3024e-01 -3.2269e+00
2151 0 +7.367945515e+00 +1.410794552e+01 +1.410794552e+01 +8.0435e-01 +1.0418e+00 -1.5988e+00 +1.2545e+00 -3.7306e+00 -1.1169e+00 -2.4208e+00 +2.2958e-01 -6.1828e-01 -3.2575e+00
2306 0 +7.163117470e+00 +1.390311747e+01 +1.390311747e+01 +8.3350e-01 +1.1074e+00 -1.5294e+00 +1.3033e+00 -3.7249e+00 -1.1584e+00 -2.4387e+00 +2.2482e-01 -5.9752e-01 -3.3213e+00
% f evaluations | g evaluations | best noise-free fitness - Fopt (-1.897900000000e+02) + sum g_i+ | measured fitness | best measured fitness or single-digit g-values | x1 | x2...
1 0 +2.516356139e+04 +2.497377139e+04 +2.497377139e+04 +5.9671e-01 -3.8264e-02 +7.4769e-01 +1.6230e+00 -1.3415e-01 -1.3414e-01 +1.6792e+00 +8.6743e-01 -3.6947e-01 +6.4256e-01
2 0 +1.570363304e+04 +1.551384304e+04 +1.551384304e+04 -3.6342e-01 -3.6573e-01 +3.4196e-01 -1.8133e+00 -1.6249e+00 -4.6229e-01 -9.1283e-01 +4.1425e-01 -8.0802e-01 -1.3123e+00
5 0 +1.561527317e+04 +1.542548317e+04 +1.542548317e+04 +8.3847e-01 +2.7137e-01 -1.5648e-02 -2.0110e-01 -1.3785e+00 -6.1984e-01 -3.6064e-01 +1.1571e+00 +4.4362e-01 -1.6630e+00
7 0 +8.191637863e+03 +8.001847863e+03 +8.001847863e+03 -3.7917e-01 -8.5659e-02 -1.0063e+00 -1.0962e+00 +9.1253e-01 +1.4562e+00 +2.7990e-02 +1.1035e+00 +4.6164e-01 -5.4512e-01
9 0 +6.254297830e+03 +6.064507830e+03 +6.064507830e+03 -1.1967e-01 +4.5711e-01 +1.5779e+00 -4.1827e-01 -7.0849e-01 -4.0176e-01 +1.0154e+00 +4.2875e-01 -4.2976e-01 +6.1327e-01
17 0 +6.668589915e+02 +4.770689915e+02 +4.770689915e+02 -8.7468e-01 +8.8708e-01 +1.2586e+00 -7.2068e-01 +1.0634e+00 +5.1278e-01 +9.2206e-01 +1.9968e+00 -1.4539e-01 -6.5374e-01
351 0 +3.131546513e+02 +1.233646513e+02 +1.233646513e+02 -1.0854e+00 +1.9210e+00 +2.3439e+00 -1.0135e+00 +1.1397e+00 +6.6808e-01 +1.1255e+00 +2.3105e+00 +2.1727e+00 -1.4063e+00
353 0 +2.561288573e+02 +6.633885729e+01 +6.633885729e+01 -2.9339e+00 +2.1957e+00 +1.8355e+00 -2.2679e+00 +1.6961e+00 +4.1228e-01 +9.5315e-01 +2.0432e+00 +4.5771e-02 -8.1541e-01
451 0 +1.326809873e+02 -5.710901266e+01 -5.710901266e+01 -1.1362e+00 +1.8720e+00 +1.9497e+00 -1.8990e+00 +1.2602e+00 -5.1886e-01 +2.9060e-01 +1.8238e+00 +1.2136e+00 -1.8022e+00
553 0 +8.671338406e+01 -1.030766159e+02 -1.030766159e+02 -8.7376e-01 +1.9782e+00 +2.3437e+00 -1.2660e+00 +9.2671e-01 +6.7554e-01 +7.6028e-01 +1.6533e+00 +1.5413e+00 -1.2293e+00
701 0 +6.999737550e+01 -1.197926245e+02 -1.197926245e+02 -1.3736e+00 +1.7005e+00 +1.8448e+00 -1.9414e+00 +1.2076e+00 +2.0348e-01 +9.6251e-01 +2.5285e+00 +1.4177e+00 -1.0644e+00
752 0 +6.371547303e+01 -1.260745270e+02 -1.260745270e+02 -1.9982e+00 +1.4797e+00 +1.8559e+00 -1.4634e+00 +1.1393e+00 +2.4329e-01 +8.3269e-01 +2.4860e+00 +1.5225e+00 -1.3402e+00
802 0 +4.843447083e+01 -1.413555292e+02 -1.413555292e+02 -1.6220e+00 +1.2301e+00 +1.7817e+00 -1.5016e+00 +1.2648e+00 +1.1193e-01 +9.8432e-01 +2.2418e+00 +1.4856e+00 -1.2935e+00
856 0 +4.831098652e+01 -1.414790135e+02 -1.414790135e+02 -1.3897e+00 +1.4512e+00 +1.4628e+00 -1.4419e+00 +1.0884e+00 +1.3859e-01 +6.5474e-01 +1.8379e+00 +9.5412e-01 -1.1077e+00
860 0 +4.677886794e+01 -1.430111321e+02 -1.430111321e+02 -1.8618e+00 +1.3005e+00 +1.8747e+00 -1.9677e+00 +1.1114e+00 -9.3237e-02 +8.0987e-01 +1.6752e+00 +1.2845e+00 -1.7190e+00
901 0 +2.454934179e+01 -1.652406582e+02 -1.652406582e+02 -1.7209e+00 +1.3368e+00 +1.5890e+00 -1.7353e+00 +1.1103e+00 +2.4426e-01 +6.9881e-01 +2.2051e+00 +1.2116e+00 -1.5564e+00
951 0 +2.294947625e+01 -1.668405238e+02 -1.668405238e+02 -1.6770e+00 +1.2101e+00 +1.6789e+00 -1.8442e+00 +1.0255e+00 +2.0533e-01 +6.7811e-01 +2.1260e+00 +1.2689e+00 -1.3715e+00
954 0 +2.101273329e+01 -1.687772667e+02 -1.687772667e+02 -1.3051e+00 +1.6824e+00 +1.8799e+00 -1.8420e+00 +1.2214e+00 +1.8531e-01 +7.2289e-01 +1.7645e+00 +1.1854e+00 -1.2986e+00
1151 0 +1.495669798e+01 -1.748333020e+02 -1.748333020e+02 -1.3005e+00 +1.6913e+00 +1.7821e+00 -1.8544e+00 +1.3328e+00 +3.1161e-01 +5.7205e-01 +1.8927e+00 +1.1679e+00 -1.4794e+00
1155 0 +1.289011463e+01 -1.768998854e+02 -1.768998854e+02 -1.2142e+00 +1.6795e+00 +1.9514e+00 -1.7593e+00 +1.2765e+00 +1.6874e-01 +4.4138e-01 +1.9127e+00 +1.0211e+00 -1.4499e+00
1201 0 +1.219613131e+01 -1.775938687e+02 -1.775938687e+02 -1.4035e+00 +1.5314e+00 +1.7943e+00 -1.7874e+00 +1.1696e+00 +2.8546e-01 +6.2609e-01 +1.8404e+00 +1.1458e+00 -1.5738e+00
1301 0 +1.199116963e+01 -1.777988304e+02 -1.777988304e+02 -1.2481e+00 +1.4830e+00 +1.7586e+00 -1.8741e+00 +1.1388e+00 +1.7336e-01 +4.8836e-01 +1.8429e+00 +1.1649e+00 -1.3613e+00
1351 0 +1.003469487e+01 -1.797553051e+02 -1.797553051e+02 -1.4037e+00 +1.4207e+00 +1.7765e+00 -1.7627e+00 +1.1693e+00 +1.8011e-01 +4.9614e-01 +1.9032e+00 +1.1049e+00 -1.5507e+00
1401 0 +9.851535635e+00 -1.799384644e+02 -1.799384644e+02 -1.5192e+00 +1.3962e+00 +1.6907e+00 -1.8651e+00 +1.2674e+00 +1.6636e-01 +5.1257e-01 +1.8196e+00 +1.1427e+00 -1.4834e+00
1451 0 +9.377465144e+00 -1.804125349e+02 -1.804125349e+02 -1.2219e+00 +1.6240e+00 +1.8120e+00 -1.7791e+00 +1.2701e+00 +2.1095e-01 +5.7358e-01 +1.8425e+00 +1.1509e+00 -1.5668e+00
1501 0 +9.010088946e+00 -1.807799111e+02 -1.807799111e+02 -1.2732e+00 +1.5354e+00 +1.7932e+00 -1.7932e+00 +1.1533e+00 +2.0391e-01 +5.2803e-01 +1.8687e+00 +1.1479e+00 -1.5346e+00
1551 0 +8.772309164e+00 -1.810176908e+02 -1.810176908e+02 -1.1261e+00 +1.6637e+00 +1.8302e+00 -1.7740e+00 +1.2007e+00 +2.9974e-01 +6.0343e-01 +1.8584e+00 +1.0934e+00 -1.4726e+00
1552 0 +8.552129610e+00 -1.812378704e+02 -1.812378704e+02 -1.2637e+00 +1.5974e+00 +1.7986e+00 -1.7738e+00 +1.2327e+00 +2.2068e-01 +5.4454e-01 +1.8836e+00 +1.0964e+00 -1.5288e+00
1651 0 +8.445103111e+00 -1.813448969e+02 -1.813448969e+02 -1.1825e+00 +1.5897e+00 +1.7649e+00 -1.8411e+00 +1.1617e+00 +1.3970e-01 +5.4675e-01 +1.9098e+00 +1.0816e+00 -1.5051e+00
1701 0 +8.286441096e+00 -1.815035589e+02 -1.815035589e+02 -1.1930e+00 +1.5946e+00 +1.7824e+00 -1.7936e+00 +1.1619e+00 +2.3927e-01 +5.2991e-01 +1.8243e+00 +1.1330e+00 -1.4697e+00
1751 0 +7.728609591e+00 -1.820613904e+02 -1.820613904e+02 -1.1336e+00 +1.6540e+00 +1.7823e+00 -1.7672e+00 +1.2134e+00 +1.7683e-01 +5.6967e-01 +1.8847e+00 +1.1289e+00 -1.4983e+00
1901 0 +7.427252522e+00 -1.823627475e+02 -1.823627475e+02 -1.1285e+00 +1.6907e+00 +1.7981e+00 -1.7971e+00 +1.1825e+00 +1.5538e-01 +5.2530e-01 +1.8578e+00 +1.0963e+00 -1.5130e+00
1951 0 +7.217461074e+00 -1.825725389e+02 -1.825725389e+02 -1.0845e+00 +1.7459e+00 +1.8700e+00 -1.7917e+00 +1.1743e+00 +1.8679e-01 +5.4847e-01 +1.8923e+00 +1.0858e+00 -1.4957e+00
2101 0 +7.150657344e+00 -1.826393427e+02 -1.826393427e+02 -1.0625e+00 +1.7867e+00 +1.8554e+00 -1.7753e+00 +1.1978e+00 +1.7128e-01 +5.4181e-01 +1.8327e+00 +1.0845e+00 -1.4942e+00
2201 0 +6.962463376e+00 -1.828275366e+02 -1.828275366e+02 -1.0365e+00 +1.7932e+00 +1.8931e+00 -1.7629e+00 +1.2094e+00 +1.8656e-01 +5.5814e-01 +1.8214e+00 +1.0824e+00 -1.4735e+00
2254 0 +6.958243734e+00 -1.828317563e+02 -1.828317563e+02 -9.9833e-01 +1.8416e+00 +1.9451e+00 -1.7451e+00 +1.1675e+00 +2.2536e-01 +5.3434e-01 +1.8237e+00 +1.0801e+00 -1.4949e+00
2301 0 +6.939921507e+00 -1.828500785e+02 -1.828500785e+02 -9.9196e-01 +1.8480e+00 +1.9273e+00 -1.7559e+00 +1.1911e+00 +1.8284e-01 +5.5509e-01 +1.8406e+00 +1.0901e+00 -1.5382e+00
2351 0 +6.837126875e+00 -1.829528731e+02 -1.829528731e+02 -9.8016e-01 +1.8589e+00 +1.9582e+00 -1.7415e+00 +1.2244e+00 +1.7871e-01 +5.7184e-01 +1.8377e+00 +1.0957e+00 -1.4669e+00
2401 0 +6.634740735e+00 -1.831552593e+02 -1.831552593e+02 -9.9074e-01 +1.8688e+00 +1.9651e+00 -1.7273e+00 +1.2257e+00 +1.8305e-01 +5.6407e-01 +1.8464e+00 +1.0675e+00 -1.4887e+00
2426 0 +6.630638890e+00 -1.831593611e+02 -1.831593611e+02 -9.4163e-01 +1.9040e+00 +2.0298e+00 -1.6944e+00 +1.2139e+00 +1.9349e-01 +5.5344e-01 +1.8206e+00 +1.0627e+00 -1.5060e+00
2451 0 +6.590889834e+00 -1.831991102e+02 -1.831991102e+02 -9.7583e-01 +1.8816e+00 +2.0010e+00 -1.7299e+00 +1.2218e+00 +1.8924e-01 +5.6025e-01 +1.8364e+00 +1.1062e+00 -1.4924e+00
2452 0 +6.538545611e+00 -1.832514544e+02 -1.832514544e+02 -9.5070e-01 +1.9351e+00 +2.0238e+00 -1.7030e+00 +1.1950e+00 +2.0214e-01 +5.6543e-01 +1.8551e+00 +1.0938e+00 -1.5173e+00
% f evaluations | g evaluations | best noise-free fitness - Fopt (-2.774000000000e+01) + sum g_i+ | measured fitness | best measured fitness or single-digit g-values | x1 | x2...
1 0 +3.209026303e+04 +3.206252303e+04 +3.206252303e+04 +5.9671e-01 -3.8264e-02 +7.4769e-01 +1.6230e+00 -1.3415e-01 -1.3414e-01 +1.6792e+00 +8.6743e-01 -3.6947e-01 +6.4256e-01
2 0 +2.390741275e+04 +2.387967275e+04 +2.387967275e+04 -3.6342e-01 -3.6573e-01 +3.4196e-01 -1.8133e+00 -1.6249e+00 -4.6229e-01 -9.1283e-01 +4.1425e-01 -8.0802e-01 -1.3123e+00
3 0 +2.347748546e+04 +2.344974546e+04 +2.344974546e+04 +1.5656e+00 -1.2578e-01 +1.6753e-01 -1.3247e+00 -4.4438e-01 +2.1092e-01 -1.0510e+00 +4.7570e-01 -5.0064e-01 -1.9169e-01
18 0 +1.982049038e+04 +1.979275038e+04 +1.979275038e+04 -7.8951e-01 -7.1581e-01 +2.2898e-02 +4.4115e-01 +3.7669e-01 +9.2718e-01 +1.1300e-01 +1.5535e+00 -1.6466e-01 +2.8202e+00
19 0 +1.323566730e+04 +1.320792730e+04 +1.320792730e+04 +7.2567e-01 -7.5716e-01 -9.7089e-01 +5.8247e-01 -1.2346e-01 +8.1400e-01 +5.7324e-01 +2.7171e-02 -7.4679e-01 -1.4148e+00
44 0 +8.137299885e+03 +8.109559885e+03 +8.109559885e+03 -1.0833e+00 -1.9392e+00 -1.6941e-01 +8.1754e-01 +1.6024e+00 +1.7409e-01 +1.7286e+00 -1.2801e+00 -1.6034e+00 +4.4452e-02
51 0 +4.269800159e+03 +4.242060159e+03 +4.242060159e+03 -4.7309e-02 -1.4201e+00 -3.4415e-01 +1.7592e-01 -1.4851e-01 +8.6123e-02 +1.1692e+00 -4.0441e-02 -1.7654e+00 -1.0876e-02
52 0 +3.783133104e+03 +3.755393104e+03 +3.755393104e+03 -1.4597e-01 -2.1260e+00 -9.5742e-01 -6.3232e-02 +1.3782e+00 -1.0228e+00 -1.0958e+00 +5.0013e-01 -2.1975e+00 -2.1975e-01
58 0 +2.609780548e+03 +2.582040548e+03 +2.582040548e+03 +3.4266e-01 -1.8740e+00 -1.3727e+00 -5.8747e-01 +8.9412e-01 +1.1991e+00 +1.8582e+00 -2.8452e-02 -1.7314e+00 +1.9772e+00
104 0 +2.015742079e+03 +1.988002079e+03 +1.988002079e+03 -6.9850e-01 -2.2847e+00 -2.1050e+00 +2.3262e-01 -1.0223e+00 +6.9531e-01 -1.3415e+00 -1.7193e+00 -3.4007e+00 +2.2650e+00
169 0 +1.767396889e+03 +1.739656889e+03 +1.739656889e+03 -9.9627e-01 -2.6645e+00 -3.1832e+00 -1.3102e+00 -5.4626e-01 -7.0297e-01 +1.5816e+00 -3.5676e-01 -2.8922e+00 +7.0731e-01
301 0 +1.512294933e+03 +1.484554933e+03 +1.484554933e+03 -1.7272e+00 -1.6665e+00 -2.8638e+00 -1.2124e+00 +1.3175e-01 -1.0862e+00 -1.5641e+00 -1.1870e+00 -2.9209e+00 +2.0637e+00
362 0 +1.376741211e+03 +1.349001211e+03 +1.349001211e+03 +1.6268e-01 -3.7144e+00 -1.4860e+00 -2.2333e+00 -8.7351e-01 -1.3824e+00 -3.8766e-01 -1.1909e+00 -2.5179e+00 +5.3024e-01
401 0 +1.084765160e+03 +1.057025160e+03 +1.057025160e+03 -8.7841e-01 -2.3836e+00 -3.4524e+00 -4.2745e-01 -1.6455e+00 -2.9560e-01 -1.5273e+00 -1.7305e+00 -3.2347e+00 +4.0893e-01
402 0 +2.435069437e+02 +2.157669437e+02 +2.157669437e+02 -2.9246e-01 -3.3036e+00 -2.9406e+00 -3.4194e-01 +3.9536e-01 +4.8300e-01 +7.4604e-01 -4.8421e-01 -1.7909e+00 +2.3654e+00
551 0 +2.426710383e+02 +2.149310383e+02 +2.149310383e+02 -8.1189e-01 -3.4390e+00 -3.5340e+00 -8.4122e-01 -3.6737e-02 -3.7205e-01 -1.6015e-01 -1.6922e+00 -2.7411e+00 +1.6194e+00
602 0 +2.253513497e+02 +1.976113497e+02 +1.976113497e+02 -1.5655e-01 -3.5393e+00 -2.1531e+00 -9.8747e-01 +7.4072e-02 +1.4473e-01 -1.8793e-01 -1.7604e+00 -3.3224e+00 +1.4133e+00
603 0 +1.722399718e+02 +1.444999718e+02 +1.444999718e+02 -5.0769e-01 -3.9795e+00 -2.4554e+00 -1.2514e+00 +3.5730e-02 +1.4230e-01 -3.7771e-01 -1.8947e+00 -3.4197e+00 +9.7926e-01
651 0 +5.229920463e+01 +2.455920463e+01 +2.455920463e+01 -7.0351e-01 -3.2946e+00 -2.5844e+00 -9.2188e-01 -6.2588e-01 -4.4054e-01 -5.0250e-01 -1.7229e+00 -3.9117e+00 +7.2102e-01
851 0 +4.787847337e+01 +2.013847337e+01 +2.013847337e+01 -1.8287e-01 -3.3543e+00 -2.3523e+00 -1.0665e+00 +3.3176e-02 -3.5384e-01 -3.0410e-01 -1.6949e+00 -3.3366e+00 +3.0079e-01
857 0 +3.484715807e+01 +7.107158066e+00 +7.107158066e+00 +2.0574e-01 -3.0884e+00 -2.4526e+00 -1.3740e+00 -4.3928e-01 -4.5907e-01 -8.9856e-01 -1.5353e+00 -3.5232e+00 +1.6887e-01
902 0 +2.197782378e+01 -5.762176224e+00 -5.762176224e+00 -3.8377e-01 -3.5334e+00 -2.5262e+00 -1.1269e+00 -3.4212e-01 -5.2979e-01 -4.2629e-01 -1.7663e+00 -3.6520e+00 +3.8439e-01
1051 0 +1.573301279e+01 -1.200698721e+01 -1.200698721e+01 +8.6989e-03 -3.1475e+00 -2.6005e+00 -9.9203e-01 -3.4663e-01 -5.3009e-01 -3.6303e-01 -1.5974e+00 -3.6201e+00 +1.8484e-01
1118 0 +1.532090380e+01 -1.241909620e+01 -1.241909620e+01 +1.3626e-01 -3.2061e+00 -2.8123e+00 -1.1293e+00 -4.1170e-01 -4.3506e-01 -5.7858e-01 -1.6168e+00 -3.6488e+00 +1.0936e-01
1152 0 +1.364604090e+01 -1.409395910e+01 -1.409395910e+01 -1.8315e-01 -3.3060e+00 -2.7444e+00 -1.1789e+00 -4.2375e-01 -5.4387e-01 -6.6599e-01 -1.6996e+00 -3.4358e+00 +1.8530e-01
1154 0 +1.232125223e+01 -1.541874777e+01 -1.541874777e+01 +2.0235e-01 -3.0688e+00 -2.4895e+00 -1.0794e+00 -3.7158e-01 -6.6469e-01 -6.6161e-01 -1.6494e+00 -3.5640e+00 +3.4103e-01
1280 0 +1.074419999e+01 -1.699580001e+01 -1.699580001e+01 +6.9513e-02 -3.2190e+00 -2.6244e+00 -1.0221e+00 -3.6995e-01 -6.2208e-01 -4.6510e-01 -1.5340e+00 -3.5713e+00 +2.1526e-01
1436 0 +9.328285435e+00 -1.841171457e+01 -1.841171457e+01 -3.0201e-02 -3.2766e+00 -2.7098e+00 -1.1430e+00 -4.3372e-01 -5.6486e-01 -5.9315e-01 -1.5334e+00 -3.5716e+00 +2.5042e-01
1612 0 +9.250385758e+00 -1.848961424e+01 -1.848961424e+01 +5.0556e-04 -3.2408e+00 -2.6977e+00 -1.0904e+00 -3.8857e-01 -6.2391e-01 -5.2146e-01 -1.6136e+00 -3.4831e+00 +2.3037e-01
1613 0 +8.687211564e+00 -1.905278844e+01 -1.905278844e+01 +8.4521e-02 -3.1937e+00 -2.6593e+00 -1.1291e+00 -4.0369e-01 -5.9590e-01 -4.8531e-01 -1.5733e+00 -3.4945e+00 +2.6138e-01
1651 0 +8.049084221e+00 -1.969091578e+01 -1.969091578e+01 +1.5148e-01 -3.1776e+00 -2.6602e+00 -1.1740e+00 -3.9927e-01 -5.7782e-01 -5.4631e-01 -1.5718e+00 -3.5559e+00 +2.2003e-01
1768 0 +7.755329116e+00 -1.998467088e+01 -1.998467088e+01 +2.4205e-01 -3.0517e+00 -2.5691e+00 -1.1097e+00 -3.8496e-01 -5.4086e-01 -5.6479e-01 -1.6349e+00 -3.5789e+00 +2.6599e-01
1853 0 +7.656669809e+00 -2.008333019e+01 -2.008333019e+01 +2.7701e-01 -3.0449e+00 -2.5744e+00 -1.1000e+00 -3.6559e-01 -5.7899e-01 -5.2663e-01 -1.6059e+00 -3.5161e+00 +2.0786e-01
1903 0 +7.638691473e+00 -2.010130853e+01 -2.010130853e+01 +2.9529e-01 -3.0238e+00 -2.5712e+00 -1.1515e+00 -3.5969e-01 -5.9321e-01 -5.5299e-01 -1.6329e+00 -3.5725e+00 +2.3558e-01
2001 0 +7.405270789e+00 -2.033472921e+01 -2.033472921e+01 +2.7442e-01 -2.9934e+00 -2.5116e+00 -1.1030e+00 -3.9077e-01 -5.5810e-01 -5.3235e-01 -1.6271e+00 -3.5761e+00 +2.4659e-01
2051 0 +7.400569428e+00 -2.033943057e+01 -2.033943057e+01 +3.4237e-01 -2.9665e+00 -2.5434e+00 -1.1420e+00 -3.9009e-01 -6.0212e-01 -5.4089e-01 -1.6027e+00 -3.5691e+00 +2.1620e-01
2052 0 +7.313747314e+00 -2.042625269e+01 -2.042625269e+01 +3.2153e-01 -2.9583e+00 -2.5482e+00 -1.1055e+00 -3.9372e-01 -5.8480e-01 -5.1915e-01 -1.5982e+00 -3.5214e+00 +2.2192e-01
2151 0 +7.080303103e+00 -2.065969690e+01 -2.065969690e+01 +3.5323e-01 -2.8983e+00 -2.4786e+00 -1.0818e+00 -4.0102e-01 -5.4521e-01 -5.1694e-01 -1.6050e+00 -3.5351e+00 +2.5633e-01
2170 0 +7.060449037e+00 -2.067955096e+01 -2.067955096e+01 +3.9426e-01 -2.8766e+00 -2.4186e+00 -1.0865e+00 -3.7817e-01 -5.9821e-01 -5.2722e-01 -1.6320e+00 -3.5863e+00 +2.4547e-01
2201 0 +7.038506838e+00 -2.070149316e+01 -2.070149316e+01 +3.7916e-01 -2.9134e+00 -2.4594e+00 -1.0694e+00 -3.7982e-01 -5.9685e-01 -5.1327e-01 -1.6107e+00 -3.5409e+00 +2.4721e-01
2251 0 +6.938617296e+00 -2.080138270e+01 -2.080138270e+01 +3.6100e-01 -2.9047e+00 -2.4539e+00 -1.0508e+00 -4.0299e-01 -5.6776e-01 -5.5842e-01 -1.5827e+00 -3.5375e+00 +2.3846e-01
2315 0 +6.895073252e+00 -2.084492675e+01 -2.084492675e+01 +4.1925e-01 -2.8275e+00 -2.3651e+00 -1.0763e+00 -3.7491e-01 -5.8033e-01 -5.3469e-01 -1.6175e+00 -3.5087e+00 +2.2922e-01
2351 0 +6.817085457e+00 -2.092291454e+01 -2.092291454e+01 +3.7266e-01 -2.8538e+00 -2.4050e+00 -1.0571e+00 -3.7751e-01 -5.6152e-01 -5.4247e-01 -1.6375e+00 -3.5500e+00 +2.3882e-01
2401 0 +6.662507212e+00 -2.107749279e+01 -2.107749279e+01 +4.1484e-01 -2.8343e+00 -2.3879e+00 -1.0222e+00 -3.5537e-01 -5.8760e-01 -5.2310e-01 -1.5822e+00 -3.5543e+00 +2.2840e-01
2403 0 +6.631959151e+00 -2.110804085e+01 -2.110804085e+01 +4.2969e-01 -2.8062e+00 -2.3744e+00 -1.0583e+00 -3.7842e-01 -5.6552e-01 -5.7398e-01 -1.6236e+00 -3.5287e+00 +2.3965e-01
2414 0 +6.513089731e+00 -2.122691027e+01 -2.122691027e+01 +4.6649e-01 -2.7640e+00 -2.3476e+00 -1.0279e+00 -3.7159e-01 -5.9157e-01 -5.3125e-01 -1.5954e+00 -3.5336e+00 +2.3377e-01
% f evaluations | g evaluations | best noise-free fitness - Fopt (6.930000000000e+00) + sum g_i+ | measured fitness | best measured fitness or single-digit g-values | x1 | x2...
1 0 +1.138242197e+05 +1.138311497e+05 +1.138311497e+05 +5.9671e-01 -3.8264e-02 +7.4769e-01 +1.6230e+00 -1.3415e-01 -1.3414e-01 +1.6792e+00 +8.6743e-01 -3.6947e-01 +6.4256e-01
2 0 +1.025719985e+04 +1.026412985e+04 +1.026412985e+04 -3.6342e-01 -3.6573e-01 +3.4196e-01 -1.8133e+00 -1.6249e+00 -4.6229e-01 -9.1283e-01 +4.1425e-01 -8.0802e-01 -1.3123e+00
24 0 +5.465725667e+03 +5.472655667e+03 +5.472655667e+03 -6.3037e-01 +3.1646e-01 +1.4557e-01 -5.5160e-01 +2.2439e+00 +7.3392e-01 -1.9251e+00 +2.8645e-01 -5.6179e-01 +9.5243e-01
51 0 +4.099104440e+03 +4.106034440e+03 +4.106034440e+03 -6.7272e-01 +9.0323e-01 -5.7224e-01 -1.0636e+00 +1.2429e+00 +5.2445e-01 -2.2416e+00 +3.8096e-01 +1.0137e-01 +1.3249e-01
53 0 +3.803304734e+03 +3.810234734e+03 +3.810234734e+03 -1.5386e+00 +8.8740e-01 -4.3338e-01 -1.5419e+00 +2.2824e-01 +2.6002e+00 -2.6087e+00 +1.1530e+00 -3.8865e-01 -1.7561e+00
109 0 +3.424094447e+03 +3.431024447e+03 +3.431024447e+03 -4.2764e-01 +1.9842e+00 -4.1799e-01 -2.8392e+00 -1.2147e+00 +7.9659e-01 -2.9357e+00 -2.4603e+00 -2.2715e+00 -4.0835e-01
110 0 +1.337331617e+03 +1.344261617e+03 +1.344261617e+03 -8.2229e-01 +9.2226e-01 -1.9445e+00 -1.7628e+00 +1.1368e+00 -5.5586e-01 -3.2466e+00 +8.9953e-01 -1.5614e+00 +4.3374e-01
251 0 +8.746368612e+02 +8.815668612e+02 +8.815668612e+02 -5.1987e-01 -8.2172e-01 -1.2768e+00 -1.8044e+00 -9.3453e-01 +1.2613e+00 -3.9263e+00 -4.2651e-01 -2.4946e+00 +3.8542e-01
301 0 +8.014677012e+02 +8.083977012e+02 +8.083977012e+02 -1.5501e+00 -2.6095e-01 -1.1144e+00 -3.1504e+00 -1.3798e+00 +1.2711e+00 -3.4906e+00 -5.8922e-02 -2.1412e+00 -1.0702e+00
304 0 +6.172388158e+02 +6.241688158e+02 +6.241688158e+02 -2.2621e-01 +1.2680e+00 -2.4043e+00 -2.2219e+00 +8.9786e-01 +1.7257e+00 -4.0256e+00 +1.4579e-01 -2.8561e+00 +1.2529e-01
453 0 +2.457544956e+02 +2.526844956e+02 +2.526844956e+02 -2.0569e+00 +1.0001e+00 -1.4984e+00 -3.2840e+00 +1.0973e+00 +1.3527e+00 -3.1089e+00 +4.5562e-01 -1.8712e+00 +5.0179e-01
601 0 +1.386426221e+02 +1.455726221e+02 +1.455726221e+02 -1.3262e+00 +3.3155e-01 -1.8148e+00 -2.9924e+00 +7.7644e-02 +1.5330e+00 -3.6863e+00 -5.2720e-01 -2.1194e+00 +2.7201e-01
603 0 +7.903278625e+01 +8.596278625e+01 +8.596278625e+01 -7.3928e-01 +9.3061e-01 -1.1214e+00 -2.3304e+00 -1.4395e-01 +7.9938e-01 -3.8736e+00 -6.4722e-02 -1.4815e+00 +7.2833e-01
702 0 +7.236544237e+01 +7.929544237e+01 +7.929544237e+01 -1.3079e+00 +6.2453e-01 -1.7956e+00 -2.7936e+00 +5.0538e-02 +1.0085e+00 -4.0077e+00 +4.2367e-03 -1.6321e+00 +2.6533e-01
751 0 +7.027477114e+01 +7.720477114e+01 +7.720477114e+01 -1.5671e+00 +7.8537e-01 -1.5258e+00 -2.7282e+00 +4.6920e-01 +9.0571e-01 -3.4963e+00 -3.1418e-01 -2.4244e+00 +6.5631e-02
752 0 +6.845790271e+01 +7.538790271e+01 +7.538790271e+01 -1.5210e+00 +7.7570e-01 -1.2959e+00 -2.3251e+00 +1.1346e-01 +9.0535e-01 -4.0753e+00 -8.0943e-01 -2.0203e+00 +3.6802e-01
755 0 +6.215090563e+01 +6.908090563e+01 +6.908090563e+01 -1.1920e+00 +8.3277e-01 -1.3254e+00 -2.4193e+00 +8.5167e-03 +6.0278e-01 -3.4377e+00 +7.8701e-03 -1.9378e+00 +6.1594e-01
801 0 +5.640019831e+01 +6.333019831e+01 +6.333019831e+01 -1.8259e+00 +6.5361e-01 -1.6958e+00 -2.1849e+00 +3.5338e-02 +7.3704e-01 -3.4957e+00 -4.5830e-01 -1.6273e+00 +3.8050e-01
802 0 +4.776481327e+01 +5.469481327e+01 +5.469481327e+01 -1.7450e+00 +5.2557e-01 -1.4016e+00 -2.1541e+00 +1.0117e-01 +1.0262e+00 -4.0415e+00 -5.0802e-01 -2.0680e+00 +3.9313e-02
803 0 +3.771002268e+01 +4.464002268e+01 +4.464002268e+01 -1.5656e+00 +6.2954e-01 -1.6373e+00 -2.2664e+00 +2.2781e-03 +5.0823e-01 -3.4258e+00 -2.9257e-01 -2.1568e+00 -1.3983e-01
851 0 +3.750498015e+01 +4.443498015e+01 +4.443498015e+01 -1.1158e+00 +8.5277e-01 -1.4821e+00 -2.4311e+00 +1.0366e-01 +6.3646e-01 -3.8790e+00 -1.2212e-01 -2.1574e+00 +4.0697e-01
902 0 +3.032646352e+01 +3.725646352e+01 +3.725646352e+01 -1.7577e+00 +8.6203e-01 -1.6149e+00 -2.1454e+00 +1.0587e-01 +9.8472e-01 -3.5056e+00 -2.7717e-01 -2.1629e+00 +2.1565e-01
951 0 +2.119892565e+01 +2.812892565e+01 +2.812892565e+01 -1.3119e+00 +4.7186e-01 -1.8006e+00 -2.2732e+00 -8.2789e-02 +8.8171e-01 -3.6510e+00 -2.9298e-01 -2.0043e+00 +4.8398e-02
1001 0 +2.011132363e+01 +2.704132363e+01 +2.704132363e+01 -9.9000e-01 +7.2072e-01 -1.4901e+00 -2.2922e+00 +2.4509e-02 +7.5984e-01 -3.6309e+00 -2.2519e-01 -2.1593e+00 +3.3261e-01
1051 0 +1.722493081e+01 +2.415493081e+01 +2.415493081e+01 -1.1739e+00 +5.4760e-01 -1.5913e+00 -2.3977e+00 -2.8044e-02 +8.1341e-01 -3.7320e+00 -2.4937e-01 -1.9855e+00 +1.5359e-01
1053 0 +1.627468337e+01 +2.320468337e+01 +2.320468337e+01 -1.0779e+00 +5.4724e-01 -1.8522e+00 -2.5237e+00 -8.6227e-02 +8.2950e-01 -3.7461e+00 -2.7980e-01 -2.1338e+00 +2.1716e-01
1102 0 +1.349493456e+01 +2.042493456e+01 +2.042493456e+01 -1.3391e+00 +5.7408e-01 -1.6901e+00 -2.2062e+00 -4.0189e-02 +7.6481e-01 -3.7931e+00 -4.6628e-01 -2.2021e+00 +2.3835e-01
1152 0 +1.342433863e+01 +2.035433863e+01 +2.035433863e+01 -1.3441e+00 +5.3779e-01 -1.6815e+00 -2.3605e+00 -2.0898e-01 +8.0155e-01 -3.7283e+00 -5.2043e-01 -2.3102e+00 +2.5742e-01
1251 0 +1.132887746e+01 +1.825887746e+01 +1.825887746e+01 -1.3041e+00 +6.2122e-01 -1.7101e+00 -2.4681e+00 -1.9197e-01 +8.0941e-01 -3.7611e+00 -4.8674e-01 -2.1785e+00 +2.5996e-01
1252 0 +1.014354111e+01 +1.707354111e+01 +1.707354111e+01 -1.1074e+00 +6.5465e-01 -1.6719e+00 -2.4010e+00 -1.1180e-01 +8.5086e-01 -3.7587e+00 -4.2126e-01 -2.2534e+00 +2.5619e-01
1352 0 +9.954677600e+00 +1.688467760e+01 +1.688467760e+01 -9.9753e-01 +6.8082e-01 -1.7576e+00 -2.4601e+00 -1.4135e-01 +6.7389e-01 -3.7162e+00 -4.3259e-01 -2.1602e+00 +1.5651e-01
1501 0 +9.484244606e+00 +1.641424461e+01 +1.641424461e+01 -1.1330e+00 +6.1644e-01 -1.7153e+00 -2.3922e+00 -1.0866e-01 +8.1499e-01 -3.8055e+00 -3.7457e-01 -2.2158e+00 +1.4127e-01
1551 0 +9.009885534e+00 +1.593988553e+01 +1.593988553e+01 -1.1419e+00 +6.5983e-01 -1.6618e+00 -2.4186e+00 -1.0439e-01 +7.3295e-01 -3.7842e+00 -4.4453e-01 -2.1751e+00 +2.5056e-01
1601 0 +8.918450987e+00 +1.584845099e+01 +1.584845099e+01 -1.0941e+00 +6.7308e-01 -1.7246e+00 -2.3913e+00 -1.4582e-01 +6.9933e-01 -3.7362e+00 -4.5186e-01 -2.1996e+00 +1.8933e-01
1602 0 +8.553397578e+00 +1.548339758e+01 +1.548339758e+01 -1.0639e+00 +7.0241e-01 -1.6633e+00 -2.3778e+00 -5.9048e-02 +7.6905e-01 -3.7901e+00 -4.4665e-01 -2.2013e+00 +1.7785e-01
1651 0 +8.158563519e+00 +1.508856352e+01 +1.508856352e+01 -1.0155e+00 +7.1762e-01 -1.6733e+00 -2.4429e+00 -1.0825e-01 +7.6417e-01 -3.7462e+00 -4.2847e-01 -2.1749e+00 +2.1732e-01
1667 0 +7.966489369e+00 +1.489648937e+01 +1.489648937e+01 -9.4088e-01 +7.7735e-01 -1.6842e+00 -2.3863e+00 -1.2927e-01 +7.3178e-01 -3.7567e+00 -4.1907e-01 -2.1910e+00 +1.9614e-01
1901 0 +7.553171776e+00 +1.448317178e+01 +1.448317178e+01 -8.9814e-01 +8.1276e-01 -1.6185e+00 -2.3968e+00 -1.2228e-01 +7.5134e-01 -3.7557e+00 -4.4233e-01 -2.1822e+00 +1.7131e-01
2101 0 +7.442283747e+00 +1.437228375e+01 +1.437228375e+01 -7.8378e-01 +9.3518e-01 -1.5562e+00 -2.3990e+00 -7.9968e-02 +7.2966e-01 -3.7400e+00 -4.2518e-01 -2.1874e+00 +2.1692e-01
2102 0 +7.292760070e+00 +1.422276007e+01 +1.422276007e+01 -7.3196e-01 +9.9121e-01 -1.5119e+00 -2.3890e+00 -8.2333e-02 +7.3515e-01 -3.7497e+00 -4.4132e-01 -2.1509e+00 +1.6547e-01
2161 0 +7.257052225e+00 +1.418705223e+01 +1.418705223e+01 -7.5589e-01 +9.9703e-01 -1.5056e+00 -2.3790e+00 -8.8095e-02 +7.5465e-01 -3.7381e+00 -4.4366e-01 -2.1350e+00 +1.7394e-01
2263 0 +7.075343461e+00 +1.400534346e+01 +1.400534346e+01 -7.1211e-01 +1.0757e+00 -1.3867e+00 -2.3164e+00 -8.3751e-02 +7.3180e-01 -3.7379e+00 -4.3195e-01 -2.2335e+00 +2.0682e-01
2303 0 +6.934913180e+00 +1.386491318e+01 +1.386491318e+01 -7.1120e-01 +1.0552e+00 -1.4491e+00 -2.3034e+00 -9.9692e-02 +7.6266e-01 -3.7445e+00 -4.6218e-01 -2.1881e+00 +1.7004e-01
2365 0 +6.892219470e+00 +1.382221947e+01 +1.382221947e+01 -6.9222e-01 +1.0821e+00 -1.4069e+00 -2.3611e+00 -1.1540e-01 +7.5716e-01 -3.7573e+00 -4.4872e-01 -2.1756e+00 +1.4843e-01
2400 0 +6.736007409e+00 +1.366600741e+01 +1.366600741e+01 -6.3461e-01 +1.1480e+00 -1.3554e+00 -2.2665e+00 -1.1687e-01 +7.5450e-01 -3.7939e+00 -4.2854e-01 -2.1544e+00 +2.1698e-01
2403 0 +6.725852932e+00 +1.365585293e+01 +1.365585293e+01 -6.5604e-01 +1.1595e+00 -1.3373e+00 -2.2488e+00 -1.0140e-01 +6.9600e-01 -3.7513e+00 -4.3900e-01 -2.1890e+00 +1.7309e-01
2452 0 +6.682360713e+00 +1.361236071e+01 +1.361236071e+01 -6.3273e-01 +1.1687e+00 -1.3335e+00 -2.2976e+00 -8.8515e-02 +7.4616e-01 -3.7554e+00 -4.5468e-01 -2.2176e+00 +2.1457e-01
% f evaluations | g evaluations | best noise-free fitness - Fopt (-4.456000000000e+01) + sum g_i+ | measured fitness | best measured fitness or single-digit g-values | x1 | x2...
1 0 +3.399329627e+04 +3.394873627e+04 +3.394873627e+04 +5.9671e-01 -3.8264e-02 +7.4769e-01 +1.6230e+00 -1.3415e-01 -1.3414e-01 +1.6792e+00 +8.6743e-01 -3.6947e-01 +6.4256e-01
2 0 +1.955879631e+04 +1.951423631e+04 +1.951423631e+04 -3.6342e-01 -3.6573e-01 +3.4196e-01 -1.8133e+00 -1.6249e+00 -4.6229e-01 -9.1283e-01 +4.1425e-01 -8.0802e-01 -1.3123e+00
23 0 +1.717109716e+04 +1.712653716e+04 +1.712653716e+04 +2.4147e+00 -1.7673e+00 +7.8626e-01 -1.5127e+00 -3.7193e-01 +1.1890e+00 +1.6428e-01 -9.7774e-01 -6.1530e-01 +7.7960e-01
44 0 +1.604454231e+04 +1.599998231e+04 +1.599998231e+04 -1.0833e+00 -1.9392e+00 -1.6941e-01 +8.1754e-01 +1.6024e+00 +1.7409e-01 +1.7286e+00 -1.2801e+00 -1.6034e+00 +4.4452e-02
51 0 +1.083433237e+04 +1.078977237e+04 +1.078977237e+04 +4.4335e-01 -8.8721e-01 +7.1387e-01 +9.2256e-01 -1.1896e+00 +2.7659e+00 -4.5345e-01 +1.5076e+00 -3.6981e+00 +1.7634e+00
52 0 +3.792501581e+03 +3.747941581e+03 +3.747941581e+03 -1.3475e+00 -2.5985e+00 -2.3177e-01 +1.5147e-01 -7.7661e-01 +1.2701e+00 +1.9037e+00 -1.1326e+00 -3.7030e+00 +1.9800e-02
101 0 +3.116142686e+03 +3.071582686e+03 +3.071582686e+03 +6.3802e-01 -4.5532e+00 +2.6960e+00 -1.6167e+00 -1.2845e+00 -3.8263e-01 +8.1228e-01 -7.4989e-01 -2.7740e+00 +2.3600e+00
102 0 +2.472865774e+03 +2.428305774e+03 +2.428305774e+03 -4.4301e-01 -3.5105e+00 -8.8210e-02 -6.9097e-01 +6.8019e-01 +5.6659e-01 +4.3821e-02 +8.1317e-01 -2.9475e+00 +3.6312e+00
152 0 +1.574804094e+03 +1.530244094e+03 +1.530244094e+03 -1.3724e+00 -2.5376e+00 +5.4224e-01 -7.8026e-01 -3.6730e-01 +9.9463e-01 +9.8693e-01 -1.9588e+00 -3.0893e+00 +4.1339e+00
251 0 +6.354646473e+02 +5.909046473e+02 +5.909046473e+02 +4.1206e-01 -3.2054e+00 +1.4434e+00 -1.8774e+00 -1.9632e+00 +1.9376e+00 +4.0064e-01 +1.2083e-01 -4.1273e+00 +2.9697e-01
351 0 +6.317533671e+02 +5.871933671e+02 +5.871933671e+02 -6.5905e-01 -3.8065e+00 +6.7220e-01 -1.4154e+00 -1.0135e+00 -1.6830e-01 -1.7721e-01 -1.1864e+00 -2.8967e+00 +1.7388e+00
403 0 +3.237452211e+02 +2.791852211e+02 +2.791852211e+02 -3.4302e-01 -2.7386e+00 +1.0464e+00 -2.6649e+00 -1.2250e+00 +1.3391e+00 +2.5983e-01 +2.8954e-01 -3.0429e+00 +2.1708e+00
451 0 +2.932132791e+02 +2.486532791e+02 +2.486532791e+02 -3.2951e-01 -3.0919e+00 +7.2834e-01 -8.1298e-01 -3.8310e-01 +9.3536e-01 -7.0804e-01 -1.0133e-01 -4.1524e+00 +7.7360e-01
503 0 +2.885399061e+02 +2.439799061e+02 +2.439799061e+02 +1.1180e+00 -1.7124e+00 +8.7580e-01 -1.5995e+00 -1.3929e+00 +3.1380e-01 -1.7888e-01 -1.1044e+00 -2.8714e+00 +1.8071e+00
551 0 +1.851989043e+02 +1.406389043e+02 +1.406389043e+02 -6.3684e-02 -2.6725e+00 +9.4313e-01 -1.5353e+00 -1.4368e+00 +7.1804e-01 +8.9065e-01 +4.4255e-01 -3.6467e+00 +1.3579e+00
554 0 +1.233316470e+02 +7.877164700e+01 +7.877164700e+01 -8.0336e-01 -2.8847e+00 +1.1049e+00 -1.4361e+00 -1.6725e+00 +1.2576e+00 -2.4679e-01 -4.0042e-01 -4.1584e+00 +1.4139e+00
651 0 +8.515169499e+01 +4.059169499e+01 +4.059169499e+01 -3.8396e-01 -2.7678e+00 +3.7192e-01 -1.4017e+00 -1.4468e+00 +4.2683e-01 +1.9912e-01 -2.6817e-01 -4.1342e+00 +1.1984e+00
702 0 +5.100550625e+01 +6.445506249e+00 +6.445506249e+00 -3.3857e-01 -2.5038e+00 +5.7181e-01 -1.2758e+00 -1.2410e+00 +7.3692e-01 +2.3127e-01 -4.7545e-01 -4.0712e+00 +1.4737e+00
751 0 +1.823210801e+01 -2.632789199e+01 -2.632789199e+01 -3.8899e-01 -2.6843e+00 +4.2752e-01 -1.6726e+00 -1.1928e+00 +7.7146e-01 -1.0894e-01 -4.0571e-01 -3.8268e+00 +1.7357e+00
1001 0 +1.478061696e+01 -2.977938304e+01 -2.977938304e+01 -2.9639e-01 -2.5872e+00 +5.5402e-01 -1.6744e+00 -1.2776e+00 +7.4277e-01 -3.4841e-02 -3.8949e-01 -3.6856e+00 +1.5690e+00
1279 0 +1.305414191e+01 -3.150585809e+01 -3.150585809e+01 -1.3786e-01 -2.7043e+00 +4.9808e-01 -1.7202e+00 -1.3535e+00 +7.8279e-01 -1.2429e-01 -4.1957e-01 -3.7437e+00 +1.6271e+00
1301 0 +1.194510513e+01 -3.261489487e+01 -3.261489487e+01 -2.3922e-01 -2.7944e+00 +5.9840e-01 -1.6547e+00 -1.3039e+00 +8.5724e-01 -1.1510e-01 -5.3014e-01 -3.6996e+00 +1.5980e+00
1401 0 +1.054226952e+01 -3.401773048e+01 -3.401773048e+01 -4.8669e-01 -2.6143e+00 +6.2338e-01 -1.6727e+00 -1.2551e+00 +7.5269e-01 -1.3102e-01 -5.6573e-01 -3.8319e+00 +1.5984e+00
1501 0 +9.488083265e+00 -3.507191674e+01 -3.507191674e+01 -5.2639e-02 -2.6574e+00 +5.7238e-01 -1.6638e+00 -1.3184e+00 +8.1693e-01 -7.9224e-02 -4.7407e-01 -3.8046e+00 +1.5304e+00
1601 0 +9.133136390e+00 -3.542686361e+01 -3.542686361e+01 +7.4495e-02 -2.6574e+00 +6.3040e-01 -1.6746e+00 -1.2961e+00 +7.6900e-01 -7.1369e-03 -5.2987e-01 -3.8414e+00 +1.5834e+00
1751 0 +9.041082679e+00 -3.551891732e+01 -3.551891732e+01 +1.7544e-02 -2.6588e+00 +6.4280e-01 -1.6781e+00 -1.2848e+00 +8.4617e-01 -5.2101e-02 -5.6013e-01 -3.8689e+00 +1.5673e+00
1752 0 +9.037251151e+00 -3.552274885e+01 -3.552274885e+01 +2.4669e-02 -2.6386e+00 +6.1063e-01 -1.6665e+00 -1.2837e+00 +7.6988e-01 -4.0440e-02 -5.7926e-01 -3.7718e+00 +1.5870e+00
1801 0 +8.704382380e+00 -3.585561762e+01 -3.585561762e+01 +1.3045e-02 -2.6884e+00 +5.8930e-01 -1.6632e+00 -1.2761e+00 +7.9092e-01 -4.6487e-02 -5.4668e-01 -3.8317e+00 +1.5429e+00
1901 0 +8.624926789e+00 -3.593507321e+01 -3.593507321e+01 +5.3177e-03 -2.6598e+00 +5.7402e-01 -1.6836e+00 -1.2891e+00 +7.9666e-01 -6.3126e-02 -5.6529e-01 -3.8169e+00 +1.5289e+00
1951 0 +8.612661818e+00 -3.594733818e+01 -3.594733818e+01 +3.7336e-02 -2.6112e+00 +5.9850e-01 -1.7163e+00 -1.2888e+00 +7.9721e-01 -7.1675e-02 -5.1991e-01 -3.8576e+00 +1.5579e+00
1952 0 +8.557290346e+00 -3.600270965e+01 -3.600270965e+01 +1.1367e-01 -2.6171e+00 +5.7562e-01 -1.6693e+00 -1.2659e+00 +7.6565e-01 -9.1796e-02 -5.3966e-01 -3.8149e+00 +1.5627e+00
2001 0 +8.463312519e+00 -3.609668748e+01 -3.609668748e+01 +8.8826e-02 -2.5887e+00 +6.1181e-01 -1.7265e+00 -1.2778e+00 +8.2313e-01 -4.8145e-02 -5.3369e-01 -3.8247e+00 +1.5894e+00
2009 0 +8.153703070e+00 -3.640629693e+01 -3.640629693e+01 +1.7781e-01 -2.5315e+00 +6.4141e-01 -1.6782e+00 -1.2570e+00 +7.6179e-01 -7.4586e-02 -5.5792e-01 -3.7980e+00 +1.5520e+00
2151 0 +8.137982609e+00 -3.642201739e+01 -3.642201739e+01 +2.4240e-01 -2.4667e+00 +6.5214e-01 -1.6590e+00 -1.2684e+00 +8.2294e-01 -7.7064e-02 -4.9943e-01 -3.8534e+00 +1.5684e+00
2201 0 +7.999188149e+00 -3.656081185e+01 -3.656081185e+01 +2.2300e-01 -2.4706e+00 +6.3773e-01 -1.6828e+00 -1.2988e+00 +7.9624e-01 -7.1385e-02 -5.4757e-01 -3.8242e+00 +1.5274e+00
2206 0 +7.797148307e+00 -3.676285169e+01 -3.676285169e+01 +3.2226e-01 -2.3917e+00 +6.5952e-01 -1.7112e+00 -1.2702e+00 +7.9442e-01 -6.5836e-02 -5.6393e-01 -3.7980e+00 +1.5748e+00
2301 0 +7.767249655e+00 -3.679275035e+01 -3.679275035e+01 +2.9958e-01 -2.4335e+00 +7.1725e-01 -1.6860e+00 -1.2556e+00 +7.8567e-01 -3.1089e-02 -5.3341e-01 -3.8195e+00 +1.5621e+00
2401 0 +7.748193714e+00 -3.681180629e+01 -3.681180629e+01 +3.1234e-01 -2.4343e+00 +6.6974e-01 -1.6697e+00 -1.2817e+00 +8.1324e-01 -6.2030e-02 -5.6155e-01 -3.8527e+00 +1.5428e+00
2404 0 +7.505075378e+00 -3.705492462e+01 -3.705492462e+01 +4.0189e-01 -2.3380e+00 +7.5774e-01 -1.6744e+00 -1.2775e+00 +7.7818e-01 -3.2282e-02 -5.4207e-01 -3.8219e+00 +1.5214e+00
2451 0 +7.374646867e+00 -3.718535313e+01 -3.718535313e+01 +4.0550e-01 -2.3110e+00 +7.3370e-01 -1.6633e+00 -1.2599e+00 +7.9214e-01 -2.8738e-02 -5.2898e-01 -3.8348e+00 +1.5558e+00
