% f evaluations | g evaluations | best noise-free fitness - Fopt (-5.235000000000e+01) + sum g_i+ | measured fitness | best measured fitness or single-digit g-values | x1 | x2...
1 0 +8.573881695e+01 +3.338881695e+01 +3.338881695e+01 +5.9671e-01 -3.8264e-02 +7.4769e-01 +1.6230e+00 -1.3415e-01
2 0 +7.039536500e+01 +1.804536500e+01 +1.804536500e+01 -1.3414e-01 +1.6792e+00 +8.6743e-01 -3.6947e-01 +6.4256e-01
3 0 +9.862298760e+00 -4.248770124e+01 -4.248770124e+01 -3.6342e-01 -3.6573e-01 +3.4196e-01 -1.8133e+00 -1.6249e+00
30 0 +6.811409865e+00 -4.553859013e+01 -4.553859013e+01 -1.5082e-01 -1.6510e+00 +7.2353e-02 -4.0783e+00 -2.4667e+00
32 0 +5.456004152e+00 -4.689399585e+01 -4.689399585e+01 +1.5932e+00 -2.1096e+00 +5.5879e-01 -1.9631e+00 -2.4513e+00
33 0 +3.008113017e+00 -4.934188698e+01 -4.934188698e+01 +1.4325e+00 -2.0125e+00 +1.7343e+00 -3.7838e+00 -1.5066e+00
48 0 +1.349918344e+00 -5.100008166e+01 -5.100008166e+01 +1.0189e-01 -6.6052e-01 +2.0575e+00 -3.2565e+00 -1.6548e+00
199 0 +1.280424335e+00 -5.106957566e+01 -5.106957566e+01 -1.1016e+00 -2.4292e+00 +2.8176e+00 -1.8397e+00 -2.2823e+00
238 0 +7.954042642e-01 -5.155459574e+01 -5.155459574e+01 -2.3712e-01 -1.6097e+00 +2.1400e+00 -2.3449e+00 -1.9658e+00
239 0 +4.884892893e-01 -5.186151071e+01 -5.186151071e+01 -1.1297e+00 -1.5190e+00 +2.4176e+00 -2.0123e+00 -2.0221e+00
245 0 +2.603204506e-01 -5.208967955e+01 -5.208967955e+01 -1.3045e+00 -1.2387e+00 +2.4207e+00 -2.5843e+00 -1.7648e+00
305 0 +1.637155880e-01 -5.218628441e+01 -5.218628441e+01 -9.2921e-01 -1.2888e+00 +2.6571e+00 -2.1439e+00 -1.9974e+00
348 0 +1.050064723e-01 -5.224499353e+01 -5.224499353e+01 -7.8835e-01 -1.3706e+00 +2.6668e+00 -2.1716e+00 -1.4242e+00
427 0 +7.756891336e-02 -5.227243109e+01 -5.227243109e+01 -8.7773e-01 -1.1680e+00 +2.4038e+00 -2.1399e+00 -1.6149e+00
462 0 +5.112044002e-02 -5.229887956e+01 -5.229887956e+01 -8.3974e-01 -1.1753e+00 +2.4768e+00 -2.0939e+00 -1.4390e+00
538 0 +4.189162197e-02 -5.230810838e+01 -5.230810838e+01 -7.4375e-01 -1.2031e+00 +2.4919e+00 -2.1257e+00 -1.6079e+00
549 0 +2.567622563e-02 -5.232432377e+01 -5.232432377e+01 -7.0507e-01 -1.1457e+00 +2.5166e+00 -2.1060e+00 -1.4364e+00
556 0 +2.382045240e-02 -5.232617955e+01 -5.232617955e+01 -7.5937e-01 -1.1720e+00 +2.5807e+00 -2.1828e+00 -1.5567e+00
655 0 +1.006034888e-02 -5.233993965e+01 -5.233993965e+01 -8.2866e-01 -1.2453e+00 +2.5958e+00 -2.2579e+00 -1.6232e+00
761 0 +9.438054651e-03 -5.234056195e+01 -5.234056195e+01 -8.8465e-01 -1.2627e+00 +2.5799e+00 -2.3530e+00 -1.4427e+00
804 0 +8.843744724e-03 -5.234115626e+01 -5.234115626e+01 -7.5763e-01 -1.1627e+00 +2.4853e+00 -2.2092e+00 -1.4963e+00
806 0 +8.722572364e-03 -5.234127743e+01 -5.234127743e+01 -9.2418e-01 -1.2694e+00 +2.5171e+00 -2.3773e+00 -1.4274e+00
810 0 +4.479175985e-03 -5.234552082e+01 -5.234552082e+01 -8.2192e-01 -1.1917e+00 +2.4530e+00 -2.2830e+00 -1.4875e+00
873 0 +4.185487356e-03 -5.234581451e+01 -5.234581451e+01 -8.3594e-01 -1.2075e+00 +2.4877e+00 -2.2805e+00 -1.4365e+00
885 0 +2.275570398e-03 -5.234772443e+01 -5.234772443e+01 -8.1826e-01 -1.2073e+00 +2.5233e+00 -2.2653e+00 -1.5078e+00
903 0 +1.855373127e-03 -5.234814463e+01 -5.234814463e+01 -8.6239e-01 -1.2565e+00 +2.5872e+00 -2.3452e+00 -1.5851e+00
918 0 +9.675836396e-04 -5.234903242e+01 -5.234903242e+01 -8.3980e-01 -1.2151e+00 +2.5057e+00 -2.3016e+00 -1.5198e+00
1072 0 +6.217062920e-04 -5.234937829e+01 -5.234937829e+01 -9.1112e-01 -1.2780e+00 +2.5726e+00 -2.4184e+00 -1.5191e+00
1189 0 +6.192610119e-04 -5.234938074e+01 -5.234938074e+01 -8.8500e-01 -1.2605e+00 +2.5624e+00 -2.3795e+00 -1.5451e+00
1194 0 +4.520152951e-04 -5.234954798e+01 -5.234954798e+01 -9.0432e-01 -1.2729e+00 +2.5681e+00 -2.4076e+00 -1.5473e+00
