% f evaluations | g evaluations | best noise-free fitness - Fopt (7.627000000000e+01) + sum g_i+ | measured fitness | best measured fitness or single-digit g-values | x1 | x2...
1 0 +7.735598947e+06 +7.735675217e+06 +7.735675217e+06 +5.9671e-01 -3.8264e-02 +7.4769e-01 +1.6230e+00 -1.3415e-01
3 0 +6.089780784e+05 +6.090543484e+05 +6.090543484e+05 -3.6342e-01 -3.6573e-01 +3.4196e-01 -1.8133e+00 -1.6249e+00
4 0 +5.714869104e+05 +5.715631804e+05 +5.715631804e+05 -4.6229e-01 -9.1283e-01 +4.1425e-01 -8.0802e-01 -1.3123e+00
25 0 +4.762531333e+05 +4.763294033e+05 +4.763294033e+05 +8.9103e-01 -8.0939e-01 +1.5028e+00 -1.3019e+00 +6.8686e-01
37 0 +2.515175829e+05 +2.515938529e+05 +2.515938529e+05 -5.0544e-01 -1.1240e+00 +1.5411e+00 -3.5483e-01 -1.3010e+00
45 0 +4.387504741e+04 +4.395131741e+04 +4.395131741e+04 -6.3831e-01 -5.6757e-01 +2.2659e+00 -1.6563e+00 -5.2892e-01
56 0 +4.185438568e+04 +4.193065568e+04 +4.193065568e+04 -1.4921e+00 -1.2257e+00 +2.0579e+00 -1.5169e+00 +9.3672e-01
57 0 +3.395446708e+04 +3.403073708e+04 +3.403073708e+04 -2.1725e+00 -1.5557e+00 +1.0551e+00 -8.8033e-01 -2.0880e+00
62 0 +9.036175190e+03 +9.112445190e+03 +9.112445190e+03 -2.3488e+00 -8.2822e-01 +1.5796e+00 -1.4764e+00 -6.3503e-01
69 0 +3.225221459e+03 +3.301491459e+03 +3.301491459e+03 -2.6617e+00 -1.1009e+00 +5.6527e-01 -1.7745e+00 -1.6672e+00
109 0 +1.752689587e+03 +1.828959587e+03 +1.828959587e+03 -4.3891e-01 -1.6242e-01 +2.9356e+00 -2.1963e+00 -2.7350e+00
138 0 +1.743684090e+01 +9.370684090e+01 +9.370684090e+01 -1.4479e+00 -1.1938e+00 +1.4184e+00 -1.1209e+00 -1.9057e+00
696 0 +1.200700130e+01 +8.827700130e+01 +8.827700130e+01 -9.2448e-02 -1.5345e+00 +1.5564e+00 -7.5416e-01 -1.6097e+00
714 0 +8.321726540e+00 +8.459172654e+01 +8.459172654e+01 -3.0924e-01 -1.8829e+00 +1.1219e+00 -3.2677e-01 -1.7260e+00
730 0 +5.449441591e+00 +8.171944159e+01 +8.171944159e+01 -9.3959e-01 -2.1378e+00 -4.6344e-01 -9.4418e-01 -9.5356e-01
747 0 +3.927961962e+00 +8.019796196e+01 +8.019796196e+01 -5.2185e-01 -2.1854e+00 -1.9069e-01 -5.6353e-01 -2.1619e+00
753 0 +3.169809357e+00 +7.943980936e+01 +7.943980936e+01 -1.2731e+00 -2.2626e+00 -1.0077e+00 -9.1004e-01 -1.5750e+00
774 0 +2.532385494e+00 +7.880238549e+01 +7.880238549e+01 -1.7892e-01 -3.0097e+00 -1.5551e+00 -6.9515e-02 -2.0796e+00
839 0 +9.874039803e-01 +7.725740398e+01 +7.725740398e+01 -1.3534e+00 -2.7340e+00 -9.2674e-01 +1.2397e-01 -1.9340e+00
873 0 +4.208608578e-01 +7.669086086e+01 +7.669086086e+01 -9.8796e-01 -3.0065e+00 -1.2539e+00 +3.8247e-01 -2.3287e+00
940 0 +1.867460912e-01 +7.645674609e+01 +7.645674609e+01 -1.3393e+00 -3.1719e+00 -1.2238e+00 +7.0162e-01 -1.7020e+00
1009 0 +1.787414098e-01 +7.644874141e+01 +7.644874141e+01 -1.0553e+00 -3.2828e+00 -1.1824e+00 +8.5410e-01 -1.5922e+00
1041 0 +1.569292432e-01 +7.642692924e+01 +7.642692924e+01 -8.1679e-01 -3.1868e+00 -1.2830e+00 +5.3588e-01 -1.5585e+00
1045 0 +1.266361696e-01 +7.639663617e+01 +7.639663617e+01 -7.8941e-01 -3.2786e+00 -1.4541e+00 +6.0496e-01 -1.7019e+00
1051 0 +9.568352167e-02 +7.636568352e+01 +7.636568352e+01 -9.8018e-01 -3.2388e+00 -1.3785e+00 +6.2392e-01 -1.6621e+00
1077 0 +8.323039065e-02 +7.635323039e+01 +7.635323039e+01 -7.0721e-01 -3.1144e+00 -1.1391e+00 +4.8741e-01 -1.6465e+00
1080 0 +3.628191657e-02 +7.630628192e+01 +7.630628192e+01 -8.9901e-01 -3.0754e+00 -1.1757e+00 +4.5895e-01 -1.7931e+00
1117 0 +1.924773726e-02 +7.628924774e+01 +7.628924774e+01 -9.8793e-01 -3.1128e+00 -1.2514e+00 +4.9729e-01 -1.7878e+00
1122 0 +1.709542082e-02 +7.628709542e+01 +7.628709542e+01 -9.7218e-01 -3.1706e+00 -1.2228e+00 +6.1766e-01 -1.7512e+00
1200 0 +9.728891054e-03 +7.627972889e+01 +7.627972889e+01 -9.5196e-01 -3.1580e+00 -1.3139e+00 +5.2850e-01 -1.7821e+00
1220 0 +4.917610991e-03 +7.627491761e+01 +7.627491761e+01 -9.1172e-01 -3.1393e+00 -1.1945e+00 +5.5587e-01 -1.7076e+00
% f evaluations | g evaluations | best noise-free fitness - Fopt (-2.255000000000e+01) + sum g_i+ | measured fitness | best measured fitness or single-digit g-values | x1 | x2...
1 0 +1.027514579e+05 +1.027289079e+05 +1.027289079e+05 +5.9671e-01 -3.8264e-02 +7.4769e-01 +1.6230e+00 -1.3415e-01
5 0 +6.238600631e+04 +6.236345631e+04 +6.236345631e+04 +1.5656e+00 -1.2578e-01 +1.6753e-01 -1.3247e+00 -4.4438e-01
9 0 +5.734784290e+03 +5.712234290e+03 +5.712234290e+03 +8.3847e-01 +2.7137e-01 -1.5648e-02 -2.0110e-01 -1.3785e+00
87 0 +5.179101943e+03 +5.156551943e+03 +5.156551943e+03 +1.1347e+00 -4.6161e-01 +1.5076e+00 +1.0021e+00 +1.6988e-01
89 0 +2.185480654e+03 +2.162930654e+03 +2.162930654e+03 +1.5923e+00 +3.4919e-01 -1.0123e+00 +4.3473e-01 -1.2407e+00
91 0 +6.096488369e+01 +3.841488369e+01 +3.841488369e+01 +1.5179e+00 -3.4371e-01 -7.1150e-01 -2.7888e-01 -1.3123e+00
278 0 +4.788258859e+01 +2.533258859e+01 +2.533258859e+01 +1.5404e+00 -6.6412e-01 +3.2606e-01 -2.0462e-01 -4.9920e-01
301 0 +4.382885969e+01 +2.127885969e+01 +2.127885969e+01 +8.0242e-01 -8.5453e-03 +8.7544e-02 +1.6668e+00 -9.2647e-01
334 0 +4.056589424e+01 +1.801589424e+01 +1.801589424e+01 +1.4030e+00 -6.4136e-01 -7.5467e-01 -4.4151e-01 -1.5537e+00
370 0 +3.973338345e+01 +1.718338345e+01 +1.718338345e+01 +1.3514e+00 -1.1840e+00 -3.7626e-01 -1.1636e-01 -1.2701e+00
383 0 +3.415271441e+01 +1.160271441e+01 +1.160271441e+01 +1.0462e+00 -4.5082e-01 +3.1349e-01 +1.6863e-01 -9.6822e-01
514 0 +3.027638206e+01 +7.726382058e+00 +7.726382058e+00 +1.0588e+00 -2.5785e-02 +9.8618e-02 -6.1813e-01 -1.3252e+00
553 0 +2.933352240e+01 +6.783522401e+00 +6.783522401e+00 +1.1311e+00 -4.7097e-02 +4.8391e-02 -1.0049e+00 -1.3988e+00
562 0 +2.387098130e+01 +1.320981300e+00 +1.320981300e+00 +1.0011e+00 +2.1023e-01 +6.4682e-01 -6.8766e-01 -9.8472e-01
594 0 +2.346168652e+01 +9.116865161e-01 +9.116865161e-01 +1.7072e+00 -6.2024e-01 +7.4992e-01 -1.7957e+00 -4.5984e-01
596 0 +1.483755181e+01 -7.712448192e+00 -7.712448192e+00 +1.1817e+00 +5.1112e-01 +1.2967e+00 -1.3773e+00 -4.6253e-01
629 0 +1.444849312e+01 -8.101506883e+00 -8.101506883e+00 +1.3119e+00 -1.5838e-01 +1.8660e+00 -2.0471e+00 -1.3628e-01
660 0 +1.340002970e+01 -9.149970298e+00 -9.149970298e+00 +1.9530e+00 -1.6282e-01 +1.7628e+00 -2.3604e+00 +4.6666e-01
681 0 +1.329014125e+01 -9.259858749e+00 -9.259858749e+00 +1.6301e+00 -6.2224e-02 +1.4308e+00 -2.4024e+00 -1.8431e-01
705 0 +1.064762204e+01 -1.190237796e+01 -1.190237796e+01 +6.4378e-01 +2.3501e+00 +2.6431e+00 -9.3986e-01 +1.9284e-01
716 0 +9.380265046e+00 -1.316973495e+01 -1.316973495e+01 +1.6662e+00 +2.3313e-01 +2.4716e+00 -3.2109e+00 +4.1946e-01
741 0 +8.859144488e+00 -1.369085551e+01 -1.369085551e+01 +1.7909e+00 +6.1072e-01 +3.7547e+00 -1.0055e+00 +2.2660e+00
754 0 +7.846747992e+00 -1.470325201e+01 -1.470325201e+01 +1.2183e+00 +1.8670e+00 +2.1448e+00 -1.5974e+00 +2.6744e-01
770 0 +6.900522315e+00 -1.564947769e+01 -1.564947769e+01 +1.3755e+00 +1.8738e+00 +1.9628e+00 -1.8957e+00 +2.2683e-01
784 0 +5.262094437e+00 -1.728790556e+01 -1.728790556e+01 +1.8029e+00 +1.4077e+00 +2.1240e+00 -1.1894e+00 +1.0499e+00
802 0 +4.389953624e+00 -1.816004638e+01 -1.816004638e+01 +1.7895e+00 +1.8880e+00 +2.1969e+00 -3.6184e+00 +3.6634e-01
809 0 +3.617400079e+00 -1.893259992e+01 -1.893259992e+01 +2.1520e+00 +1.0560e+00 +2.6331e+00 -2.6190e+00 +1.3841e+00
848 0 +2.859144763e+00 -1.969085524e+01 -1.969085524e+01 +1.9379e+00 +1.4971e+00 +2.5921e+00 -2.7238e+00 +1.0965e+00
863 0 +2.635647544e+00 -1.991435246e+01 -1.991435246e+01 +1.8824e+00 +2.3419e+00 +3.4569e+00 -3.6059e+00 +1.4764e+00
881 0 +1.762865659e+00 -2.078713434e+01 -2.078713434e+01 +2.7297e+00 +2.9774e+00 +2.8513e+00 -3.8912e+00 +2.0054e+00
894 0 +1.632301897e+00 -2.091769810e+01 -2.091769810e+01 +2.1304e+00 +2.2905e+00 +2.9913e+00 -3.7101e+00 +1.3875e+00
904 0 +1.090001889e+00 -2.145999811e+01 -2.145999811e+01 +1.9595e+00 +2.3594e+00 +2.8402e+00 -2.1656e+00 +1.5538e+00
935 0 +4.032367993e-01 -2.214676320e+01 -2.214676320e+01 +2.2597e+00 +2.6212e+00 +2.3978e+00 -2.2892e+00 +1.5655e+00
961 0 +3.770680913e-01 -2.217293191e+01 -2.217293191e+01 +2.2786e+00 +2.4735e+00 +2.4900e+00 -3.0628e+00 +1.4038e+00
1005 0 +1.294316072e-01 -2.242056839e+01 -2.242056839e+01 +2.6565e+00 +2.8647e+00 +2.3920e+00 -2.8670e+00 +1.8813e+00
1083 0 +1.169154750e-01 -2.243308453e+01 -2.243308453e+01 +2.5026e+00 +2.4622e+00 +2.7601e+00 -2.6566e+00 +2.0071e+00
1112 0 +5.333697791e-02 -2.249666302e+01 -2.249666302e+01 +2.6727e+00 +2.6220e+00 +2.3974e+00 -2.7620e+00 +1.9183e+00
1134 0 +1.910695077e-02 -2.253089305e+01 -2.253089305e+01 +2.5680e+00 +2.6894e+00 +2.4517e+00 -2.7675e+00 +1.8359e+00
1135 0 +1.233428869e-02 -2.253766571e+01 -2.253766571e+01 +2.5396e+00 +2.6245e+00 +2.5833e+00 -2.7993e+00 +1.8861e+00
1178 0 +5.786181977e-03 -2.254421382e+01 -2.254421382e+01 +2.5317e+00 +2.6218e+00 +2.4972e+00 -2.7241e+00 +1.8346e+00
% f evaluations | g evaluations | best noise-free fitness - Fopt (1.366000000000e+01) + sum g_i+ | measured fitness | best measured fitness or single-digit g-values | x1 | x2...
1 0 +3.421703209e+06 +3.421716869e+06 +3.421716869e+06 +5.9671e-01 -3.8264e-02 +7.4769e-01 +1.6230e+00 -1.3415e-01
2 0 +2.115595205e+06 +2.115608865e+06 +2.115608865e+06 -1.3414e-01 +1.6792e+00 +8.6743e-01 -3.6947e-01 +6.4256e-01
15 0 +2.517305733e+05 +2.517442333e+05 +2.517442333e+05 +4.6140e-01 +1.6380e+00 +6.4174e-02 +1.6646e+00 -2.5197e+00
37 0 +4.906635365e+04 +4.908001365e+04 +4.908001365e+04 +7.5832e-01 +3.3843e+00 +2.6777e+00 +2.3213e-01 -1.8761e-01
40 0 +1.396281208e+04 +1.397647208e+04 +1.397647208e+04 -6.3284e-01 +1.4424e+00 -1.2970e-01 +1.7168e+00 -9.4831e-01
55 0 +7.283141272e+02 +7.419741272e+02 +7.419741272e+02 -3.8770e-01 +1.4108e+00 +3.7104e-01 +1.7878e+00 -1.2459e+00
107 0 +6.794174084e+02 +6.930774084e+02 +6.930774084e+02 +1.9587e+00 +2.2736e+00 -1.7856e-01 +2.3996e+00 -2.5985e-01
138 0 +1.462801636e+02 +1.599401636e+02 +1.599401636e+02 -3.6293e-02 +1.0507e+00 +7.5903e-01 +4.1665e+00 -7.1303e-02
308 0 +5.609937293e+01 +6.975937293e+01 +6.975937293e+01 -1.3473e+00 +2.3409e+00 -3.3319e+00 +3.4207e+00 +2.1117e+00
324 0 +2.954490527e+01 +4.320490527e+01 +4.320490527e+01 +3.8252e+00 +3.5481e+00 -1.2242e+00 +8.8478e-01 -2.2021e-01
451 0 +2.746181839e+01 +4.112181839e+01 +4.112181839e+01 -3.5304e-01 +1.4207e+00 +1.1723e+00 +2.1164e+00 -1.0055e+00
464 0 +1.307870804e+00 +1.496787080e+01 +1.496787080e+01 +6.1635e-01 +2.6221e+00 +2.2882e+00 -3.6569e-01 -1.4698e+00
577 0 +1.209237949e+00 +1.486923795e+01 +1.486923795e+01 +5.7011e-01 +2.7193e+00 +3.0068e+00 +4.8547e-01 -5.5215e-01
728 0 +1.090920457e+00 +1.475092046e+01 +1.475092046e+01 +7.4534e-01 +2.5181e+00 +2.4295e+00 +8.6297e-01 -6.5823e-01
734 0 +7.274250744e-01 +1.438742507e+01 +1.438742507e+01 +3.6520e-02 +1.9273e+00 +2.5137e+00 +3.6146e-01 -1.8016e+00
739 0 +3.500759957e-01 +1.401007600e+01 +1.401007600e+01 -6.5345e-02 +2.1448e+00 +2.5842e+00 +1.5641e-01 -1.5527e+00
869 0 +2.752019362e-01 +1.393520194e+01 +1.393520194e+01 +5.4601e-01 +2.2628e+00 +2.4374e+00 +2.1364e-03 -1.7491e+00
871 0 +1.467420877e-01 +1.380674209e+01 +1.380674209e+01 +4.1539e-01 +2.3005e+00 +2.7894e+00 +4.3393e-01 -1.2565e+00
904 0 +7.380510461e-02 +1.373380510e+01 +1.373380510e+01 +5.4077e-01 +2.3752e+00 +2.7093e+00 +3.1249e-01 -1.2855e+00
929 0 +5.245835544e-02 +1.371245836e+01 +1.371245836e+01 +4.1224e-01 +2.2863e+00 +2.7975e+00 +2.8135e-01 -1.4092e+00
934 0 +5.086215634e-02 +1.371086216e+01 +1.371086216e+01 +2.5130e-01 +2.1712e+00 +2.6656e+00 +2.7191e-01 -1.5474e+00
990 0 +4.481143128e-02 +1.370481143e+01 +1.370481143e+01 +3.0015e-01 +2.2199e+00 +2.6628e+00 +3.3125e-01 -1.4332e+00
1007 0 +4.306931781e-02 +1.370306932e+01 +1.370306932e+01 +3.2301e-01 +2.2898e+00 +2.5909e+00 +3.0834e-01 -1.3420e+00
1026 0 +3.585607083e-02 +1.369585607e+01 +1.369585607e+01 +5.3579e-01 +2.3014e+00 +2.5658e+00 +2.7666e-01 -1.4425e+00
1027 0 +2.288689899e-02 +1.368288690e+01 +1.368288690e+01 +4.6151e-01 +2.1672e+00 +2.5614e+00 +4.1237e-01 -1.5270e+00
1031 0 +1.438882481e-02 +1.367438882e+01 +1.367438882e+01 +4.1266e-01 +2.2737e+00 +2.6236e+00 +3.3758e-01 -1.3841e+00
1056 0 +6.191212741e-03 +1.366619121e+01 +1.366619121e+01 +3.8776e-01 +2.2281e+00 +2.6129e+00 +3.6725e-01 -1.4272e+00
1102 0 +6.182551263e-03 +1.366618255e+01 +1.366618255e+01 +4.1125e-01 +2.2365e+00 +2.6514e+00 +3.4567e-01 -1.4410e+00
1108 0 +2.900511648e-03 +1.366290051e+01 +1.366290051e+01 +4.1595e-01 +2.2288e+00 +2.6236e+00 +3.6878e-01 -1.4371e+00
1155 0 +1.477510802e-03 +1.366147751e+01 +1.366147751e+01 +4.3709e-01 +2.2242e+00 +2.6372e+00 +3.4568e-01 -1.4741e+00
1211 0 +1.469930732e-03 +1.366146993e+01 +1.366146993e+01 +4.3448e-01 +2.2317e+00 +2.6946e+00 +3.4093e-01 -1.4636e+00
1228 0 +9.237937958e-04 +1.366092379e+01 +1.366092379e+01 +4.4108e-01 +2.2127e+00 +2.6630e+00 +3.6997e-01 -1.4748e+00
% f evaluations | g evaluations | best noise-free fitness - Fopt (9.378400000000e+02) + sum g_i+ | measured fitness | best measured fitness or single-digit g-values | x1 | x2...
1 0 +2.638980435e+05 +2.648358835e+05 +2.648358835e+05 +5.9671e-01 -3.8264e-02 +7.4769e-01 +1.6230e+00 -1.3415e-01
2 0 +1.198176286e+05 +1.207554686e+05 +1.207554686e+05 -1.3414e-01 +1.6792e+00 +8.6743e-01 -3.6947e-01 +6.4256e-01
3 0 +2.838885257e+03 +3.776725257e+03 +3.776725257e+03 -3.6342e-01 -3.6573e-01 +3.4196e-01 -1.8133e+00 -1.6249e+00
33 0 +5.503632622e+02 +1.488203262e+03 +1.488203262e+03 +3.2748e-01 -1.7278e+00 -2.9570e-01 -9.8779e-01 -1.8192e+00
52 0 +5.119006916e+01 +9.890300692e+02 +9.890300692e+02 -1.1652e+00 -6.0508e-01 -1.3214e+00 -1.9551e+00 -5.3491e-01
82 0 +4.559589988e+01 +9.834358999e+02 +9.834358999e+02 -1.0650e+00 -1.2535e+00 -6.5029e-01 -2.4827e+00 -1.0700e+00
119 0 +4.514542422e+01 +9.829854242e+02 +9.829854242e+02 -8.1019e-01 -1.6352e+00 -2.4237e-01 -1.7696e+00 -6.4133e-02
347 0 +4.414945244e+01 +9.819894524e+02 +9.819894524e+02 -9.8960e-02 -6.1369e-01 -9.9294e-01 -9.9653e-01 -1.6727e+00
395 0 +4.244459656e+01 +9.802845966e+02 +9.802845966e+02 -4.0842e-02 -1.1724e+00 -5.6278e-01 -2.5785e-01 +6.7832e-02
463 0 +3.731115423e+01 +9.751511542e+02 +9.751511542e+02 -1.6475e+00 +1.7219e+00 -1.7034e+00 -1.8541e+00 -4.0983e-01
475 0 +3.239435586e+01 +9.702343559e+02 +9.702343559e+02 -1.1353e+00 +1.7261e-01 -9.1146e-03 -1.7486e+00 +7.6021e-02
508 0 +3.211266625e+01 +9.699526662e+02 +9.699526662e+02 -2.2478e+00 +1.2976e+00 -3.1699e-01 -2.9094e+00 +3.7468e-01
553 0 +2.912775161e+01 +9.669677516e+02 +9.669677516e+02 +2.0376e-01 -1.6684e-01 +1.8920e-01 -4.4200e-01 -1.1084e+00
613 0 +2.353755533e+01 +9.613775553e+02 +9.613775553e+02 -9.3248e-01 +1.8808e-01 +5.8514e-01 -1.8909e+00 -4.5974e-01
637 0 +1.790025400e+01 +9.557402540e+02 +9.557402540e+02 -1.1941e+00 +8.7066e-01 +1.7039e+00 -2.6320e+00 -8.2665e-01
674 0 +1.008845159e+01 +9.479284516e+02 +9.479284516e+02 -3.1426e-01 +1.4429e+00 +1.8534e+00 -1.6481e+00 -1.7862e+00
798 0 +7.743370508e+00 +9.455833705e+02 +9.455833705e+02 -1.8901e+00 +3.9619e+00 +2.9950e+00 -2.6123e+00 +2.7480e-01
825 0 +5.918434788e+00 +9.437584348e+02 +9.437584348e+02 +5.7931e-01 +2.0464e+00 +4.3942e+00 -1.4312e+00 -2.8987e+00
831 0 +3.909395175e-01 +9.382309395e+02 +9.382309395e+02 -1.0524e-01 +3.9648e+00 +3.9603e+00 -9.4725e-01 -1.2958e+00
967 0 +2.120176700e-01 +9.380520177e+02 +9.380520177e+02 -4.7259e-01 +3.7780e+00 +3.9106e+00 -1.3943e+00 -9.8184e-01
988 0 +1.486554689e-01 +9.379886555e+02 +9.379886555e+02 -3.7105e-01 +3.7676e+00 +3.7396e+00 -1.2838e+00 -1.1609e+00
992 0 +1.071697242e-01 +9.379471697e+02 +9.379471697e+02 -3.1558e-01 +3.3495e+00 +3.8104e+00 -1.3419e+00 -1.1640e+00
1046 0 +6.470069975e-02 +9.379047007e+02 +9.379047007e+02 -3.3636e-01 +3.4567e+00 +4.1461e+00 -1.5106e+00 -1.2874e+00
1096 0 +3.864887915e-02 +9.378786489e+02 +9.378786489e+02 -3.5761e-01 +3.5174e+00 +3.9885e+00 -1.4496e+00 -1.2323e+00
1103 0 +1.990292472e-02 +9.378599029e+02 +9.378599029e+02 -2.4403e-01 +3.5331e+00 +3.8933e+00 -1.2855e+00 -1.3205e+00
1132 0 +1.560393952e-02 +9.378556039e+02 +9.378556039e+02 -3.3869e-01 +3.5457e+00 +4.0050e+00 -1.4620e+00 -1.3166e+00
1197 0 +1.250691596e-02 +9.378525069e+02 +9.378525069e+02 -2.9305e-01 +3.5901e+00 +3.9632e+00 -1.4098e+00 -1.3996e+00
1216 0 +9.807994576e-03 +9.378498080e+02 +9.378498080e+02 -2.7799e-01 +3.6325e+00 +3.9891e+00 -1.3717e+00 -1.3817e+00
1233 0 +8.217581416e-03 +9.378482176e+02 +9.378482176e+02 -2.8729e-01 +3.5573e+00 +3.9765e+00 -1.3240e+00 -1.2333e+00
% f evaluations | g evaluations | best noise-free fitness - Fopt (-7.872000000000e+01) + sum g_i+ | measured fitness | best measured fitness or single-digit g-values | x1 | x2...
1 0 +7.689970713e+05 +7.689183513e+05 +7.689183513e+05 +5.9671e-01 -3.8264e-02 +7.4769e-01 +1.6230e+00 -1.3415e-01
2 0 +2.208857419e+05 +2.208070219e+05 +2.208070219e+05 -1.3414e-01 +1.6792e+00 +8.6743e-01 -3.6947e-01 +6.4256e-01
12 0 +1.361710745e+05 +1.360923545e+05 +1.360923545e+05 +1.0313e+00 -7.3922e-01 -2.0921e-01 +4.3126e-01 +1.0755e+00
14 0 +1.150850683e+05 +1.150063483e+05 +1.150063483e+05 +1.4562e+00 +2.7990e-02 +1.1035e+00 +4.6164e-01 -5.4512e-01
19 0 +6.832691260e+04 +6.824819260e+04 +6.824819260e+04 +1.9708e-01 +1.0686e+00 -6.0205e-01 -2.2766e-01 -2.9211e-01
22 0 +5.480175509e+04 +5.472303509e+04 +5.472303509e+04 +5.0405e-01 +1.9862e+00 +2.7458e-01 +3.5755e-01 +2.5554e-02
27 0 +7.551740454e+02 +6.764540454e+02 +6.764540454e+02 -3.9931e-01 -1.0180e+00 +6.2162e-01 +9.3460e-01 -8.4542e-01
49 0 +1.094405742e+01 -6.777594258e+01 -6.777594258e+01 +2.6440e+00 +1.0599e+00 -1.0653e+00 +7.6197e-02 -9.6778e-01
516 0 +7.992839200e+00 -7.072716080e+01 -7.072716080e+01 +2.0120e+00 -1.9133e+00 -1.1110e-01 +8.3344e-01 -8.8626e-01
585 0 +7.936321198e+00 -7.078367880e+01 -7.078367880e+01 +1.9733e+00 -1.1248e+00 -2.9614e-01 +5.3224e-01 -4.9221e-01
589 0 +6.815434486e+00 -7.190456551e+01 -7.190456551e+01 +2.1006e+00 +5.4609e-01 -2.3913e+00 -1.4433e-01 -1.3713e+00
603 0 +5.837576912e+00 -7.288242309e+01 -7.288242309e+01 +2.2586e+00 -9.6576e-01 -2.0826e-01 +7.8893e-01 -1.3351e+00
621 0 +3.049019187e-01 -7.841509808e+01 -7.841509808e+01 +3.1377e+00 -9.7517e-01 -1.9351e+00 +2.6128e-01 -1.4924e+00
881 0 +2.911056238e-01 -7.842889438e+01 -7.842889438e+01 +3.6053e+00 -1.3083e+00 -2.3107e+00 +8.7703e-02 -1.1818e+00
903 0 +1.989616532e-01 -7.852103835e+01 -7.852103835e+01 +3.5850e+00 -1.1619e+00 -1.9814e+00 +2.8014e-01 -1.5348e+00
924 0 +1.375322102e-01 -7.858246779e+01 -7.858246779e+01 +3.7084e+00 -1.3138e+00 -1.9915e+00 +2.4173e-01 -1.3487e+00
961 0 +7.434226561e-02 -7.864565773e+01 -7.864565773e+01 +3.5216e+00 -1.3303e+00 -2.0970e+00 +3.3091e-01 -1.7328e+00
1030 0 +5.668659116e-02 -7.866331341e+01 -7.866331341e+01 +3.5767e+00 -1.5420e+00 -2.0821e+00 +2.9228e-01 -1.4865e+00
1031 0 +3.707175855e-03 -7.871629282e+01 -7.871629282e+01 +3.4389e+00 -1.3807e+00 -2.0840e+00 +2.7750e-01 -1.5140e+00
1196 0 +1.618698486e-03 -7.871838130e+01 -7.871838130e+01 +3.4384e+00 -1.4408e+00 -2.0413e+00 +2.9808e-01 -1.5054e+00
% f evaluations | g evaluations | best noise-free fitness - Fopt (-4.151000000000e+01) + sum g_i+ | measured fitness | best measured fitness or single-digit g-values | x1 | x2...
1 0 +9.388282350e+05 +9.387867250e+05 +9.387867250e+05 +5.9671e-01 -3.8264e-02 +7.4769e-01 +1.6230e+00 -1.3415e-01
2 0 +1.480288100e+05 +1.479873000e+05 +1.479873000e+05 -1.3414e-01 +1.6792e+00 +8.6743e-01 -3.6947e-01 +6.4256e-01
9 0 +5.813112524e+04 +5.808961524e+04 +5.808961524e+04 +8.3847e-01 +2.7137e-01 -1.5648e-02 -2.0110e-01 -1.3785e+00
14 0 +2.106877194e+04 +2.102726194e+04 +2.102726194e+04 +1.4562e+00 +2.7990e-02 +1.1035e+00 +4.6164e-01 -5.4512e-01
18 0 +1.990425982e+04 +1.986274982e+04 +1.986274982e+04 -4.0176e-01 +1.0154e+00 +4.2875e-01 -4.2976e-01 +6.1327e-01
26 0 +3.592840067e+03 +3.551330067e+03 +3.551330067e+03 +1.8188e+00 -4.3299e-01 +1.8134e-01 -1.2257e-01 -6.9474e-01
52 0 +3.262786022e+03 +3.221276022e+03 +3.221276022e+03 +4.6574e-01 +1.4767e+00 +9.5166e-02 +3.6249e-01 -1.5895e+00
103 0 +3.027111167e+03 +2.985601167e+03 +2.985601167e+03 +1.9019e+00 -4.6858e-01 +1.8675e+00 +2.0827e+00 +2.6538e+00
121 0 +7.142490695e+02 +6.727390695e+02 +6.727390695e+02 +7.2189e-01 +5.3638e-01 -1.2342e-01 +4.5104e-01 +3.0268e-01
124 0 +5.136276810e+02 +4.721176810e+02 +4.721176810e+02 +7.0100e-01 +3.9762e-01 +5.3308e-01 -7.4230e-02 +1.4777e-01
143 0 +1.132584826e+02 +7.174848256e+01 +7.174848256e+01 +3.0291e-01 +1.0535e+00 +2.1275e+00 +2.3333e+00 +3.7999e+00
144 0 +4.440072992e+01 +2.890729924e+00 +2.890729924e+00 +4.6830e-01 +4.5212e-01 +9.5663e-02 -9.4775e-01 -6.9049e-01
307 0 +3.758463474e+01 -3.925365262e+00 -3.925365262e+00 +6.8400e-01 +1.4136e+00 +7.8593e-01 +5.6205e-01 -1.6607e+00
462 0 +1.174783119e+01 -2.976216881e+01 -2.976216881e+01 +3.0636e+00 -7.3521e-01 -2.2066e-01 +2.4633e-01 -3.5600e+00
533 0 +9.161123362e+00 -3.234887664e+01 -3.234887664e+01 +2.0672e+00 +1.9905e-01 -8.5453e-01 +8.2553e-02 -3.8295e+00
581 0 +8.969426832e+00 -3.254057317e+01 -3.254057317e+01 +1.9281e+00 -2.1611e-01 -6.6227e-01 -1.6591e+00 -4.5621e+00
599 0 +6.688793229e+00 -3.482120677e+01 -3.482120677e+01 +2.4670e+00 -4.3077e-01 -9.1020e-01 -1.7071e-01 -3.5752e+00
607 0 +6.192028746e+00 -3.531797125e+01 -3.531797125e+01 +2.3936e+00 -1.8369e+00 -2.4743e+00 -1.6937e+00 -2.1690e+00
647 0 +5.627896439e+00 -3.588210356e+01 -3.588210356e+01 +1.3527e+00 +4.3167e-02 -1.5177e+00 -1.3009e+00 -3.4978e+00
677 0 +3.731211485e+00 -3.777878852e+01 -3.777878852e+01 +1.3418e+00 -3.6685e-02 -3.2922e+00 -9.3559e-01 -3.6175e+00
706 0 +2.948978460e+00 -3.856102154e+01 -3.856102154e+01 +3.0385e+00 -1.1558e+00 -3.8533e+00 -1.9842e-01 -4.7257e+00
729 0 +1.157375715e+00 -4.035262429e+01 -4.035262429e+01 +3.0367e+00 -1.5876e+00 -2.3370e+00 -7.9199e-01 -3.5107e+00
758 0 +1.796593741e-01 -4.133034063e+01 -4.133034063e+01 +2.2706e+00 -1.1660e+00 -3.4024e+00 -1.2888e+00 -3.6710e+00
906 0 +1.367497030e-01 -4.137325030e+01 -4.137325030e+01 +2.4356e+00 -1.3490e+00 -3.1695e+00 -1.4105e+00 -3.6866e+00
918 0 +1.172464561e-01 -4.139275354e+01 -4.139275354e+01 +2.5360e+00 -1.1948e+00 -3.1006e+00 -1.0053e+00 -3.8373e+00
930 0 +9.654323289e-02 -4.141345677e+01 -4.141345677e+01 +2.5358e+00 -1.3978e+00 -3.0034e+00 -1.2737e+00 -3.5686e+00
940 0 +7.623746660e-02 -4.143376253e+01 -4.143376253e+01 +2.5607e+00 -1.2587e+00 -3.0102e+00 -1.1374e+00 -3.8664e+00
946 0 +3.861134558e-02 -4.147138865e+01 -4.147138865e+01 +2.3325e+00 -1.1428e+00 -3.1865e+00 -1.2924e+00 -3.8232e+00
1008 0 +1.407704017e-02 -4.149592296e+01 -4.149592296e+01 +2.4139e+00 -1.2209e+00 -3.0811e+00 -1.3055e+00 -3.8053e+00
1033 0 +1.008638793e-02 -4.149991361e+01 -4.149991361e+01 +2.4064e+00 -1.2502e+00 -3.0292e+00 -1.2896e+00 -3.6466e+00
1035 0 +5.167259953e-03 -4.150483274e+01 -4.150483274e+01 +2.3482e+00 -1.1758e+00 -3.0410e+00 -1.2945e+00 -3.7016e+00
1072 0 +4.451874985e-03 -4.150554813e+01 -4.150554813e+01 +2.3810e+00 -1.1907e+00 -3.0829e+00 -1.2688e+00 -3.7426e+00
1110 0 +4.063128226e-03 -4.150593687e+01 -4.150593687e+01 +2.3885e+00 -1.2124e+00 -3.1113e+00 -1.2681e+00 -3.7150e+00
1112 0 +3.195700432e-03 -4.150680430e+01 -4.150680430e+01 +2.4146e+00 -1.2240e+00 -3.0932e+00 -1.2531e+00 -3.7301e+00
1158 0 +1.961261591e-03 -4.150803874e+01 -4.150803874e+01 +2.3975e+00 -1.2239e+00 -3.0653e+00 -1.2715e+00 -3.6901e+00
1160 0 +1.753057319e-03 -4.150824694e+01 -4.150824694e+01 +2.4100e+00 -1.2264e+00 -3.0606e+00 -1.2559e+00 -3.6963e+00
1173 0 +1.187152091e-03 -4.150881285e+01 -4.150881285e+01 +2.4157e+00 -1.2269e+00 -3.0360e+00 -1.2775e+00 -3.7303e+00
1235 0 +9.068349256e-04 -4.150909317e+01 -4.150909317e+01 +2.3935e+00 -1.2187e+00 -3.0558e+00 -1.2852e+00 -3.7077e+00
1243 0 +8.975538407e-04 -4.150910245e+01 -4.150910245e+01 +2.3817e+00 -1.2038e+00 -3.0528e+00 -1.2775e+00 -3.7031e+00
% f evaluations | g evaluations | best noise-free fitness - Fopt (1.320700000000e+02) + sum g_i+ | measured fitness | best measured fitness or single-digit g-values | x1 | x2...
1 0 +7.727138685e+06 +7.727270755e+06 +7.727270755e+06 +5.9671e-01 -3.8264e-02 +7.4769e-01 +1.6230e+00 -1.3415e-01
2 0 +2.334265506e+05 +2.335586206e+05 +2.335586206e+05 -1.3414e-01 +1.6792e+00 +8.6743e-01 -3.6947e-01 +6.4256e-01
4 0 +1.974097677e+05 +1.975418377e+05 +1.975418377e+05 -4.6229e-01 -9.1283e-01 +4.1425e-01 -8.0802e-01 -1.3123e+00
5 0 +1.788515125e+05 +1.789835825e+05 +1.789835825e+05 +1.5656e+00 -1.2578e-01 +1.6753e-01 -1.3247e+00 -4.4438e-01
7 0 +9.979845604e+04 +9.993052604e+04 +9.993052604e+04 -5.0171e-01 +1.9523e+00 +8.6503e-02 -9.5771e-01 +9.2254e-01
13 0 +3.517587893e+04 +3.530794893e+04 +3.530794893e+04 -3.7917e-01 -8.5659e-02 -1.0063e+00 -1.0962e+00 +9.1253e-01
21 0 +1.978150117e+03 +2.110220117e+03 +2.110220117e+03 -1.3154e+00 -3.2065e-01 -2.4271e-01 -7.0228e-01 -6.1286e-02
90 0 +1.434071390e+02 +2.754771390e+02 +2.754771390e+02 +3.7840e-01 -1.3843e+00 -1.3283e+00 -1.4826e+00 -1.6237e+00
287 0 +5.779140453e+01 +1.898614045e+02 +1.898614045e+02 +4.4973e-02 -1.2300e+00 -1.8126e-01 -1.4885e+00 -1.9710e+00
386 0 +4.095532109e+01 +1.730253211e+02 +1.730253211e+02 +1.2440e+00 +3.8936e-02 -7.1625e-01 -1.4969e+00 +3.1746e-01
465 0 +4.091549517e+01 +1.729854952e+02 +1.729854952e+02 +1.4373e+00 +7.5162e-01 -1.1140e+00 -1.3926e+00 +6.2680e-01
508 0 +4.018894532e+01 +1.722589453e+02 +1.722589453e+02 +1.7070e+00 +7.3018e-01 -8.5868e-02 -1.7448e+00 -1.9388e+00
539 0 +2.164729079e+01 +1.537172908e+02 +1.537172908e+02 -1.4587e+00 +4.2318e-01 +7.5185e-01 -7.4581e-01 -1.2861e+00
557 0 +2.101236133e+01 +1.530823613e+02 +1.530823613e+02 -1.1769e+00 +4.8687e-01 +4.6353e-01 -7.9409e-01 -1.0946e+00
573 0 +1.338966426e+01 +1.454596643e+02 +1.454596643e+02 -2.8410e+00 +1.2472e+00 +1.5152e+00 -2.4476e-01 -1.8325e+00
581 0 +4.644283576e+00 +1.367142836e+02 +1.367142836e+02 -3.0429e+00 +2.6218e+00 +1.9640e+00 +7.4700e-02 -6.6835e-01
725 0 +4.394080765e+00 +1.364640808e+02 +1.364640808e+02 -2.1603e+00 +1.9074e+00 +2.8795e+00 -3.5705e-01 +5.1134e-01
735 0 +3.693762876e+00 +1.357637629e+02 +1.357637629e+02 -2.9634e+00 +3.6629e+00 +1.6401e+00 +3.5136e-01 +1.0101e+00
772 0 +3.323153375e+00 +1.353931534e+02 +1.353931534e+02 -3.5994e+00 +3.7346e+00 +3.0798e+00 +4.1880e-01 +6.1747e-01
776 0 +2.720178619e+00 +1.347901786e+02 +1.347901786e+02 -2.4576e+00 +3.6547e+00 +1.9024e+00 +1.4847e-01 +9.6738e-01
802 0 +5.156399687e-01 +1.325856400e+02 +1.325856400e+02 -2.1646e+00 +3.8071e+00 +2.5164e+00 -5.8244e-02 -2.1790e-01
887 0 +4.536755640e-01 +1.325236756e+02 +1.325236756e+02 -2.5277e+00 +4.1921e+00 +2.9163e+00 +8.2588e-02 -3.5313e-01
893 0 +3.471558618e-01 +1.324171559e+02 +1.324171559e+02 -2.6699e+00 +3.5654e+00 +2.5786e+00 +9.9309e-02 +2.5347e-01
913 0 +2.980344341e-01 +1.323680344e+02 +1.323680344e+02 -2.4784e+00 +4.0757e+00 +3.1435e+00 +2.8341e-02 -3.0527e-01
923 0 +1.991024528e-01 +1.322691025e+02 +1.322691025e+02 -2.2236e+00 +4.0761e+00 +2.9901e+00 -1.2293e-02 +2.2039e-01
997 0 +1.460064350e-01 +1.322160064e+02 +1.322160064e+02 -2.3619e+00 +3.8874e+00 +3.0499e+00 +2.5131e-03 +2.7338e-01
1040 0 +1.127297183e-01 +1.321827297e+02 +1.321827297e+02 -2.3312e+00 +3.6180e+00 +2.9419e+00 -6.5568e-02 -1.1144e-01
1068 0 +5.993300762e-02 +1.321299330e+02 +1.321299330e+02 -2.5085e+00 +3.7603e+00 +2.8826e+00 +2.9054e-02 -3.1573e-02
1076 0 +3.242546809e-02 +1.321024255e+02 +1.321024255e+02 -2.3599e+00 +3.7457e+00 +3.1730e+00 -4.5233e-02 +7.8149e-02
1136 0 +2.311207827e-02 +1.320931121e+02 +1.320931121e+02 -2.4111e+00 +3.6627e+00 +3.0267e+00 -2.6197e-02 +9.4967e-02
1178 0 +1.415197235e-02 +1.320841520e+02 +1.320841520e+02 -2.5254e+00 +3.8392e+00 +3.0844e+00 +3.7092e-02 +1.1108e-01
1179 0 +1.168449087e-02 +1.320816845e+02 +1.320816845e+02 -2.5292e+00 +3.7875e+00 +3.1655e+00 +2.1366e-02 +9.5023e-02
1181 0 +1.025307641e-02 +1.320802531e+02 +1.320802531e+02 -2.5067e+00 +3.7041e+00 +3.0829e+00 +7.7113e-03 +8.9529e-02
1195 0 +5.337768436e-03 +1.320753378e+02 +1.320753378e+02 -2.4640e+00 +3.7452e+00 +3.1191e+00 -5.4186e-03 +6.2643e-02
% f evaluations | g evaluations | best noise-free fitness - Fopt (9.725000000000e+01) + sum g_i+ | measured fitness | best measured fitness or single-digit g-values | x1 | x2...
1 0 +1.329426951e+06 +1.329524201e+06 +1.329524201e+06 +5.9671e-01 -3.8264e-02 +7.4769e-01 +1.6230e+00 -1.3415e-01
2 0 +7.476824281e+05 +7.477796781e+05 +7.477796781e+05 -1.3414e-01 +1.6792e+00 +8.6743e-01 -3.6947e-01 +6.4256e-01
15 0 +3.833873350e+05 +3.834845850e+05 +3.834845850e+05 +4.6140e-01 +1.6380e+00 +6.4174e-02 +1.6646e+00 -2.5197e+00
22 0 +6.934652941e+04 +6.944377941e+04 +6.944377941e+04 +5.0405e-01 +1.9862e+00 +2.7458e-01 +3.5755e-01 +2.5554e-02
29 0 +2.010120197e+04 +2.019845197e+04 +2.019845197e+04 -2.4578e-01 +4.7634e-01 -1.8148e+00 +1.2662e+00 +1.7202e+00
37 0 +8.198954411e+03 +8.296204411e+03 +8.296204411e+03 +3.1558e-01 +9.6379e-01 -8.3436e-01 +1.2913e+00 +1.3300e+00
40 0 +3.508136386e+03 +3.605386386e+03 +3.605386386e+03 +5.4841e-01 +2.4181e+00 +2.4995e+00 +1.4700e+00 -7.9472e-01
42 0 +6.094764672e+02 +7.067264672e+02 +7.067264672e+02 +9.7693e-01 +2.0380e+00 -6.4776e-01 +3.7474e-01 +5.0232e-03
92 0 +1.311808148e+02 +2.284308148e+02 +2.284308148e+02 +2.2576e-01 +2.6499e+00 +9.2598e-01 +4.6978e-02 +3.4845e-01
162 0 +2.722009351e+01 +1.244700935e+02 +1.244700935e+02 +2.2851e-01 +1.2016e+00 +6.4570e-01 +1.7684e+00 +5.0704e-01
199 0 +9.479189766e+00 +1.067291898e+02 +1.067291898e+02 -1.4006e+00 +1.4997e+00 +1.2117e+00 +1.3667e+00 +1.9297e+00
406 0 +7.042611063e+00 +1.042926111e+02 +1.042926111e+02 -1.5493e-01 +1.5329e+00 +1.5305e+00 +7.6809e-01 +2.0199e+00
480 0 +6.452569128e+00 +1.037025691e+02 +1.037025691e+02 +3.6624e-01 +5.6633e-02 -1.0322e-01 +1.8543e+00 +2.2920e+00
513 0 +5.286119706e+00 +1.025361197e+02 +1.025361197e+02 -5.7558e-02 +3.9353e-01 +1.8192e-01 +1.5297e+00 +2.5256e+00
554 0 +1.827430722e+00 +9.907743072e+01 +9.907743072e+01 +2.8532e-01 +1.3481e+00 +6.6335e-01 +4.3304e-01 +2.2569e+00
641 0 +8.889905284e-01 +9.813899053e+01 +9.813899053e+01 +9.8311e-01 +1.3986e+00 +5.8339e-01 +3.0813e-03 +2.2898e+00
772 0 +3.114702038e-01 +9.756147020e+01 +9.756147020e+01 +2.7026e-01 +1.4158e+00 +4.9999e-01 -4.6903e-02 +2.8051e+00
796 0 +2.264737376e-01 +9.747647374e+01 +9.747647374e+01 +6.8725e-01 +8.8584e-01 +5.9139e-01 +4.7932e-01 +2.7973e+00
857 0 +1.509630854e-01 +9.740096309e+01 +9.740096309e+01 +7.8591e-01 +1.2240e+00 +6.4104e-01 +3.9581e-03 +2.8015e+00
861 0 +1.490213247e-01 +9.739902132e+01 +9.739902132e+01 +7.1209e-01 +1.0879e+00 +4.4427e-01 +1.4067e-01 +2.8370e+00
899 0 +9.970241557e-02 +9.734970242e+01 +9.734970242e+01 +7.5160e-01 +1.1489e+00 +3.7313e-01 -2.6398e-02 +2.9167e+00
913 0 +6.092408061e-02 +9.731092408e+01 +9.731092408e+01 +6.3844e-01 +1.1784e+00 +4.4345e-01 -2.7478e-02 +2.9676e+00
938 0 +5.840531384e-02 +9.730840531e+01 +9.730840531e+01 +6.2320e-01 +1.1059e+00 +5.0888e-01 +4.5645e-02 +3.0381e+00
966 0 +2.934835569e-02 +9.727934836e+01 +9.727934836e+01 +5.3210e-01 +1.0668e+00 +6.9119e-01 +2.1414e-01 +2.9936e+00
1016 0 +1.794321672e-02 +9.726794322e+01 +9.726794322e+01 +5.6495e-01 +1.0034e+00 +5.6310e-01 +1.7075e-01 +3.1136e+00
1069 0 +1.679893194e-02 +9.726679893e+01 +9.726679893e+01 +5.1471e-01 +1.0357e+00 +5.1170e-01 +2.2994e-01 +2.9723e+00
1070 0 +1.063720612e-02 +9.726063721e+01 +9.726063721e+01 +5.5632e-01 +1.0498e+00 +4.9163e-01 +1.7573e-01 +2.9902e+00
1073 0 +1.022130476e-02 +9.726022130e+01 +9.726022130e+01 +5.8014e-01 +1.0610e+00 +4.7670e-01 +1.7031e-01 +2.9529e+00
1078 0 +7.157414811e-03 +9.725715741e+01 +9.725715741e+01 +5.4357e-01 +1.1091e+00 +5.1063e-01 +1.2907e-01 +2.9597e+00
1105 0 +6.679077908e-03 +9.725667908e+01 +9.725667908e+01 +5.8690e-01 +1.0893e+00 +4.7457e-01 +1.1006e-01 +2.9836e+00
1109 0 +6.623394168e-03 +9.725662339e+01 +9.725662339e+01 +5.4461e-01 +1.0519e+00 +4.8688e-01 +1.6803e-01 +3.0041e+00
1135 0 +5.949126128e-03 +9.725594913e+01 +9.725594913e+01 +5.5248e-01 +1.1212e+00 +5.5791e-01 +1.1424e-01 +2.9710e+00
1149 0 +3.328338046e-03 +9.725332834e+01 +9.725332834e+01 +6.0816e-01 +1.0908e+00 +5.2157e-01 +1.1049e-01 +2.9835e+00
1153 0 +2.202689557e-03 +9.725220269e+01 +9.725220269e+01 +5.4485e-01 +1.0892e+00 +5.3669e-01 +1.4384e-01 +2.9862e+00
1154 0 +1.615298152e-03 +9.725161530e+01 +9.725161530e+01 +5.8325e-01 +1.0776e+00 +5.3593e-01 +1.2151e-01 +3.0166e+00
1225 0 +1.465192767e-03 +9.725146519e+01 +9.725146519e+01 +5.5944e-01 +1.0590e+00 +5.3764e-01 +1.5616e-01 +3.0181e+00
1227 0 +1.073063855e-03 +9.725107306e+01 +9.725107306e+01 +5.8707e-01 +1.0693e+00 +5.6488e-01 +1.3810e-01 +3.0164e+00
% f evaluations | g evaluations | best noise-free fitness - Fopt (-2.033000000000e+01) + sum g_i+ | measured fitness | best measured fitness or single-digit g-values | x1 | x2...
1 0 +1.500255837e+05 +1.500052537e+05 +1.500052537e+05 +5.9671e-01 -3.8264e-02 +7.4769e-01 +1.6230e+00 -1.3415e-01
8 0 +6.846458017e+03 +6.826128017e+03 +6.826128017e+03 -1.1208e+00 +3.0886e-01 -1.8597e+00 -1.2282e+00 +2.9686e-01
12 0 +3.965149527e+03 +3.944819527e+03 +3.944819527e+03 +1.0313e+00 -7.3922e-01 -2.0921e-01 +4.3126e-01 +1.0755e+00
28 0 +1.075771737e+03 +1.055441737e+03 +1.055441737e+03 -1.3380e+00 -8.8419e-02 +2.2532e-01 -1.1234e+00 +8.9416e-01
31 0 +9.543481266e+02 +9.340181266e+02 +9.340181266e+02 -1.8005e+00 +5.0992e-01 -2.0766e-01 -1.5400e+00 +7.3193e-01
41 0 +2.704015587e+02 +2.500715587e+02 +2.500715587e+02 -1.8304e+00 -4.0341e-01 +3.3431e-01 -1.5374e+00 +7.9432e-01
113 0 +1.510019143e+02 +1.306719143e+02 +1.306719143e+02 -1.7237e+00 +1.8727e+00 -2.8214e+00 -1.2846e+00 -8.5821e-01
156 0 +5.836213119e+01 +3.803213119e+01 +3.803213119e+01 -1.3862e-02 +2.2080e+00 +2.4644e-01 +7.1397e-02 +1.2897e+00
249 0 +4.763639044e+01 +2.730639044e+01 +2.730639044e+01 -2.5684e-02 +7.2020e-01 -1.6083e+00 -5.8025e-01 +7.6186e-01
426 0 +4.316518370e+01 +2.283518370e+01 +2.283518370e+01 -1.1401e-01 +7.6112e-01 -6.4729e-01 +1.0462e-01 -7.6354e-03
455 0 +3.783431049e+01 +1.750431049e+01 +1.750431049e+01 +4.6592e-01 +1.8021e+00 -6.2176e-01 +9.4819e-01 -4.0222e-01
457 0 +3.080240050e+01 +1.047240050e+01 +1.047240050e+01 +8.6143e-02 +1.4775e+00 +4.3099e-01 +5.5646e-02 +1.3407e+00
461 0 +3.074328848e+01 +1.041328848e+01 +1.041328848e+01 +1.8620e-01 +7.0034e-02 +1.6026e+00 +1.1669e-01 +1.7127e+00
529 0 +1.700507555e+01 -3.324924449e+00 -3.324924449e+00 +7.3369e-01 +2.3073e+00 +2.1314e+00 +9.5387e-01 +2.0180e+00
559 0 +1.171357202e+01 -8.616427978e+00 -8.616427978e+00 +1.3839e+00 +2.8004e+00 +2.8108e+00 +1.4350e+00 +2.6953e+00
613 0 +6.289619138e+00 -1.404038086e+01 -1.404038086e+01 +2.5165e+00 +2.8342e+00 +5.1558e-01 +2.2854e+00 +1.2307e+00
639 0 +5.861812104e+00 -1.446818790e+01 -1.446818790e+01 +3.3845e+00 +4.6726e+00 +2.1906e+00 +3.3613e+00 +2.2094e+00
642 0 +3.008930436e+00 -1.732106956e+01 -1.732106956e+01 +3.1141e+00 +3.3321e+00 +2.8852e+00 +2.9280e+00 +2.6667e+00
680 0 +2.415846807e+00 -1.791415319e+01 -1.791415319e+01 +3.6186e+00 +3.2126e+00 +3.2406e+00 +3.8794e+00 +1.8106e+00
694 0 +1.358923597e+00 -1.897107640e+01 -1.897107640e+01 +3.8983e+00 +1.7653e+00 +2.0755e+00 +3.1158e+00 +2.4240e+00
742 0 +9.629249634e-01 -1.936707504e+01 -1.936707504e+01 +3.1679e+00 +2.6811e+00 +1.8888e+00 +3.0247e+00 +1.6776e+00
758 0 +9.025464794e-01 -1.942745352e+01 -1.942745352e+01 +3.1839e+00 +2.7281e+00 +2.1909e+00 +3.1598e+00 +1.6636e+00
779 0 +7.911827696e-01 -1.953881723e+01 -1.953881723e+01 +3.6776e+00 +2.1039e+00 +2.5475e+00 +3.5785e+00 +1.6429e+00
781 0 +3.621166634e-01 -1.996788334e+01 -1.996788334e+01 +3.6695e+00 +2.7606e+00 +1.7484e+00 +3.3831e+00 +1.6774e+00
874 0 +2.245734247e-01 -2.010542658e+01 -2.010542658e+01 +3.6768e+00 +2.4084e+00 +2.2969e+00 +3.3108e+00 +2.0818e+00
903 0 +9.300817953e-02 -2.023699182e+01 -2.023699182e+01 +3.7930e+00 +2.3174e+00 +2.0137e+00 +3.3955e+00 +1.8736e+00
915 0 +7.459510307e-02 -2.025540490e+01 -2.025540490e+01 +3.8709e+00 +2.5849e+00 +1.8340e+00 +3.4462e+00 +1.8585e+00
971 0 +6.938514018e-02 -2.026061486e+01 -2.026061486e+01 +4.0158e+00 +2.4284e+00 +1.8332e+00 +3.5242e+00 +1.8758e+00
980 0 +3.090463662e-02 -2.029909536e+01 -2.029909536e+01 +3.8823e+00 +2.3415e+00 +1.9782e+00 +3.3572e+00 +2.0641e+00
1028 0 +2.690042089e-02 -2.030309958e+01 -2.030309958e+01 +4.0198e+00 +2.5239e+00 +1.8214e+00 +3.4124e+00 +2.1179e+00
1043 0 +6.734652972e-03 -2.032326535e+01 -2.032326535e+01 +3.9452e+00 +2.4483e+00 +1.9563e+00 +3.4280e+00 +2.0433e+00
1050 0 +5.926902863e-03 -2.032407310e+01 -2.032407310e+01 +3.9052e+00 +2.5197e+00 +1.9451e+00 +3.4114e+00 +2.0306e+00
1133 0 +5.857437741e-03 -2.032414256e+01 -2.032414256e+01 +3.9423e+00 +2.4627e+00 +1.8793e+00 +3.4193e+00 +2.0081e+00
1166 0 +4.821068138e-03 -2.032517893e+01 -2.032517893e+01 +3.9741e+00 +2.5025e+00 +1.9514e+00 +3.4617e+00 +2.0365e+00
1203 0 +3.057419668e-03 -2.032694258e+01 -2.032694258e+01 +3.9420e+00 +2.5104e+00 +1.9290e+00 +3.4017e+00 +2.0902e+00
1207 0 +2.737447008e-03 -2.032726255e+01 -2.032726255e+01 +3.9382e+00 +2.5018e+00 +1.9112e+00 +3.4163e+00 +2.0417e+00
1242 0 +1.734112116e-03 -2.032826589e+01 -2.032826589e+01 +3.9425e+00 +2.4842e+00 +1.9595e+00 +3.4241e+00 +2.0604e+00
% f evaluations | g evaluations | best noise-free fitness - Fopt (9.431000000000e+01) + sum g_i+ | measured fitness | best measured fitness or single-digit g-values | x1 | x2...
1 0 +4.280837524e+06 +4.280931834e+06 +4.280931834e+06 +5.9671e-01 -3.8264e-02 +7.4769e-01 +1.6230e+00 -1.3415e-01
2 0 +1.344197137e+04 +1.353628137e+04 +1.353628137e+04 -1.3414e-01 +1.6792e+00 +8.6743e-01 -3.6947e-01 +6.4256e-01
18 0 +5.170541366e+01 +1.460154137e+02 +1.460154137e+02 -4.0176e-01 +1.0154e+00 +4.2875e-01 -4.2976e-01 +6.1327e-01
141 0 +3.036032058e+01 +1.246703206e+02 +1.246703206e+02 -5.2380e-01 +1.3820e+00 +1.2989e+00 -1.1200e-01 +1.8146e+00
276 0 +2.864364408e+01 +1.229536441e+02 +1.229536441e+02 +3.9898e-01 +2.4341e+00 +1.7118e+00 +8.2889e-01 +2.2233e+00
456 0 +2.863825742e+01 +1.229482574e+02 +1.229482574e+02 +1.4293e-02 +1.9561e+00 +1.7618e+00 +1.8120e-01 +2.2398e+00
508 0 +2.768018339e+01 +1.219901834e+02 +1.219901834e+02 -4.6787e-02 +1.9851e+00 +1.5639e+00 +5.0315e-01 +2.1607e+00
532 0 +2.603459101e+01 +1.203445910e+02 +1.203445910e+02 +2.2758e-02 +2.4045e+00 +1.5783e+00 +1.0440e+00 +2.0174e+00
551 0 +2.324616211e+01 +1.175561621e+02 +1.175561621e+02 -7.9602e-01 +1.4793e+00 +2.0196e+00 +2.4796e-01 +3.2698e+00
558 0 +2.086099125e+01 +1.151709913e+02 +1.151709913e+02 +3.3377e-01 +3.0380e+00 +2.4178e+00 +1.5089e+00 +3.1007e+00
567 0 +1.828962494e+01 +1.125996249e+02 +1.125996249e+02 -4.6792e-01 +2.6213e+00 +2.0930e+00 +1.0209e+00 +2.1302e+00
584 0 +1.784395084e+01 +1.121539508e+02 +1.121539508e+02 -4.2489e-01 +2.8434e+00 +2.3361e+00 +1.8342e+00 +3.2283e+00
594 0 +1.288402521e+01 +1.071940252e+02 +1.071940252e+02 -1.2941e+00 +3.3036e+00 +2.6567e+00 +1.5698e+00 +1.7908e+00
603 0 +1.030998437e+01 +1.046199844e+02 +1.046199844e+02 -1.5289e+00 +2.1522e+00 +2.3036e+00 +1.8215e+00 +3.8514e+00
646 0 +8.412021418e+00 +1.027220214e+02 +1.027220214e+02 -1.8594e+00 +1.7740e+00 +2.4147e+00 +1.6006e+00 +4.3670e+00
647 0 +8.408150914e+00 +1.027181509e+02 +1.027181509e+02 -1.8090e+00 +4.2550e+00 +3.9862e+00 +3.0227e+00 +3.7877e+00
672 0 +7.981584700e+00 +1.022915847e+02 +1.022915847e+02 -2.5992e+00 +3.6394e+00 +3.6632e+00 +3.1612e+00 +4.1112e+00
675 0 +3.788029494e+00 +9.809802949e+01 +9.809802949e+01 -2.6476e+00 +4.2903e+00 +4.6868e+00 +2.2891e+00 +3.4619e+00
731 0 +2.377125056e+00 +9.668712506e+01 +9.668712506e+01 -3.5694e+00 +3.8609e+00 +3.7628e+00 +3.4046e+00 +3.3889e+00
771 0 +2.173031123e+00 +9.648303112e+01 +9.648303112e+01 -3.4625e+00 +3.4350e+00 +3.5629e+00 +3.1219e+00 +3.6669e+00
782 0 +1.366184298e+00 +9.567618430e+01 +9.567618430e+01 -3.6535e+00 +3.7990e+00 +4.0412e+00 +2.7377e+00 +3.1217e+00
806 0 +1.048683062e+00 +9.535868306e+01 +9.535868306e+01 -3.8977e+00 +3.2197e+00 +3.8453e+00 +3.0983e+00 +4.3340e+00
808 0 +9.979779096e-01 +9.530797791e+01 +9.530797791e+01 -3.8946e+00 +2.5082e+00 +3.2226e+00 +2.5048e+00 +3.9265e+00
813 0 +5.675761369e-01 +9.487757614e+01 +9.487757614e+01 -3.2370e+00 +3.1727e+00 +3.6555e+00 +2.5024e+00 +3.7857e+00
828 0 +2.785925303e-01 +9.458859253e+01 +9.458859253e+01 -3.8104e+00 +3.0092e+00 +4.0926e+00 +2.0294e+00 +3.9392e+00
899 0 +2.148742299e-01 +9.452487423e+01 +9.452487423e+01 -3.5835e+00 +2.9622e+00 +3.6580e+00 +2.1602e+00 +3.5410e+00
931 0 +1.894066251e-01 +9.449940663e+01 +9.449940663e+01 -3.5340e+00 +3.0964e+00 +4.0880e+00 +1.9930e+00 +3.8979e+00
934 0 +1.252769891e-01 +9.443527699e+01 +9.443527699e+01 -3.9286e+00 +2.8260e+00 +3.7059e+00 +2.2819e+00 +3.8368e+00
1009 0 +4.802193227e-02 +9.435802193e+01 +9.435802193e+01 -3.8701e+00 +3.1725e+00 +4.0377e+00 +2.3396e+00 +3.8292e+00
1061 0 +4.502835149e-02 +9.435502835e+01 +9.435502835e+01 -3.6794e+00 +3.1360e+00 +3.9876e+00 +2.1403e+00 +3.6951e+00
1081 0 +1.635278867e-02 +9.432635279e+01 +9.432635279e+01 -3.8117e+00 +3.0565e+00 +3.9321e+00 +2.1775e+00 +3.7129e+00
1154 0 +1.045631410e-03 +9.431104563e+01 +9.431104563e+01 -3.8079e+00 +3.0437e+00 +3.9424e+00 +2.1971e+00 +3.7906e+00
