% f evaluations | g evaluations | best noise-free fitness - Fopt (4.078000000000e+01) + sum g_i+ | measured fitness | best measured fitness or single-digit g-values | x1 | x2...
1 0 +6.971655738e+01 +1.104965574e+02 +1.104965574e+02 +5.9671e-01 -3.8264e-02 +7.4769e-01 +1.6230e+00 -1.3415e-01
2 0 +1.678455227e+01 +5.756455227e+01 +5.756455227e+01 -1.3414e-01 +1.6792e+00 +8.6743e-01 -3.6947e-01 +6.4256e-01
7 0 +9.459257437e+00 +5.023925744e+01 +5.023925744e+01 -5.0171e-01 +1.9523e+00 +8.6503e-02 -9.5771e-01 +9.2254e-01
30 0 +6.755938728e+00 +4.753593873e+01 +4.753593873e+01 -1.4280e+00 +2.2002e+00 +6.3537e-01 -6.9956e-01 +7.5421e-01
51 0 +2.025181875e+00 +4.280518188e+01 +4.280518188e+01 -1.2771e+00 +1.3093e+00 +8.7215e-01 -1.1768e+00 +4.7309e-01
52 0 +1.926583090e+00 +4.270658309e+01 +4.270658309e+01 -1.5057e+00 +9.3159e-01 +6.3439e-01 -1.8320e+00 +4.6656e-01
177 0 +1.739910859e+00 +4.251991086e+01 +4.251991086e+01 -1.7821e+00 +1.0144e+00 +7.6045e-01 -1.5957e+00 +7.3348e-01
203 0 +1.492020450e+00 +4.227202045e+01 +4.227202045e+01 -1.9178e+00 +1.2042e+00 +5.0369e-01 -1.4611e+00 +3.9512e-01
229 0 +1.483784379e+00 +4.226378438e+01 +4.226378438e+01 -1.7213e+00 +1.1218e+00 +5.6590e-01 -1.6707e+00 +7.0189e-01
283 0 +1.441119013e+00 +4.222111901e+01 +4.222111901e+01 -1.5882e+00 +1.2133e+00 +4.5589e-01 -1.4119e+00 +6.6302e-01
303 0 +1.416221722e+00 +4.219622172e+01 +4.219622172e+01 -1.6828e+00 +1.2479e+00 +3.8622e-01 -1.4435e+00 +6.6919e-01
331 0 +1.357668195e+00 +4.213766819e+01 +4.213766819e+01 -1.8388e+00 +1.1681e+00 +5.0252e-01 -1.5310e+00 +6.3242e-01
351 0 +1.295687335e+00 +4.207568734e+01 +4.207568734e+01 -1.7061e+00 +1.1665e+00 +5.0761e-01 -1.5670e+00 +5.7892e-01
359 0 +1.283449777e+00 +4.206344978e+01 +4.206344978e+01 -1.6939e+00 +1.2169e+00 +6.1660e-01 -1.4764e+00 +5.6286e-01
401 0 +1.267683231e+00 +4.204768323e+01 +4.204768323e+01 -1.7262e+00 +1.2337e+00 +5.9595e-01 -1.4744e+00 +5.6532e-01
426 0 +1.261401726e+00 +4.204140173e+01 +4.204140173e+01 -1.7333e+00 +1.2958e+00 +4.9147e-01 -1.5142e+00 +5.2726e-01
427 0 +1.259180696e+00 +4.203918070e+01 +4.203918070e+01 -1.7031e+00 +1.2594e+00 +5.1480e-01 -1.5164e+00 +4.8977e-01
457 0 +1.252694226e+00 +4.203269423e+01 +4.203269423e+01 -1.7027e+00 +1.2782e+00 +5.0450e-01 -1.5201e+00 +5.4960e-01
476 0 +1.250006653e+00 +4.203000665e+01 +4.203000665e+01 -1.7019e+00 +1.2384e+00 +5.6355e-01 -1.5202e+00 +5.5202e-01
516 0 +1.249711147e+00 +4.202971115e+01 +4.202971115e+01 -1.6955e+00 +1.2521e+00 +5.5676e-01 -1.5163e+00 +5.6410e-01
527 0 +1.248162954e+00 +4.202816295e+01 +4.202816295e+01 -1.7083e+00 +1.2574e+00 +5.3637e-01 -1.5424e+00 +5.5121e-01
534 0 +1.247007535e+00 +4.202700753e+01 +4.202700753e+01 -1.7297e+00 +1.2526e+00 +5.5707e-01 -1.5233e+00 +5.4552e-01
556 0 +1.246383805e+00 +4.202638381e+01 +4.202638381e+01 -1.7218e+00 +1.2627e+00 +5.2659e-01 -1.5099e+00 +5.4940e-01
586 0 +1.246021778e+00 +4.202602178e+01 +4.202602178e+01 -1.7174e+00 +1.2628e+00 +5.3915e-01 -1.5051e+00 +5.3696e-01
604 0 +1.245622324e+00 +4.202562232e+01 +4.202562232e+01 -1.7238e+00 +1.2593e+00 +5.4833e-01 -1.5142e+00 +5.4197e-01
655 0 +1.245513102e+00 +4.202551310e+01 +4.202551310e+01 -1.7175e+00 +1.2633e+00 +5.3462e-01 -1.5175e+00 +5.4119e-01
657 0 +1.245461383e+00 +4.202546138e+01 +4.202546138e+01 -1.7126e+00 +1.2568e+00 +5.4065e-01 -1.5213e+00 +5.4576e-01
685 0 +1.245412760e+00 +4.202541276e+01 +4.202541276e+01 -1.7192e+00 +1.2632e+00 +5.4020e-01 -1.5214e+00 +5.4676e-01
696 0 +1.245384110e+00 +4.202538411e+01 +4.202538411e+01 -1.7203e+00 +1.2560e+00 +5.4341e-01 -1.5171e+00 +5.4824e-01
697 0 +1.245376616e+00 +4.202537662e+01 +4.202537662e+01 -1.7179e+00 +1.2587e+00 +5.4045e-01 -1.5183e+00 +5.4988e-01
762 0 +1.245363047e+00 +4.202536305e+01 +4.202536305e+01 -1.7138e+00 +1.2600e+00 +5.3889e-01 -1.5157e+00 +5.4585e-01
766 0 +1.245314972e+00 +4.202531497e+01 +4.202531497e+01 -1.7194e+00 +1.2600e+00 +5.3943e-01 -1.5161e+00 +5.4754e-01
788 0 +1.245285069e+00 +4.202528507e+01 +4.202528507e+01 -1.7174e+00 +1.2595e+00 +5.4001e-01 -1.5150e+00 +5.4285e-01
858 0 +1.245278194e+00 +4.202527819e+01 +4.202527819e+01 -1.7163e+00 +1.2604e+00 +5.4041e-01 -1.5181e+00 +5.4466e-01
885 0 +1.245262433e+00 +4.202526243e+01 +4.202526243e+01 -1.7186e+00 +1.2592e+00 +5.4053e-01 -1.5168e+00 +5.4542e-01
% f evaluations | g evaluations | best noise-free fitness - Fopt (-1.600000000000e+00) + sum g_i+ | measured fitness | best measured fitness or single-digit g-values | x1 | x2...
1 0 +3.546721115e+01 +3.386721115e+01 +3.386721115e+01 +5.9671e-01 -3.8264e-02 +7.4769e-01 +1.6230e+00 -1.3415e-01
5 0 +2.544185483e+01 +2.384185483e+01 +2.384185483e+01 +1.5656e+00 -1.2578e-01 +1.6753e-01 -1.3247e+00 -4.4438e-01
8 0 +2.095013016e+01 +1.935013016e+01 +1.935013016e+01 -1.1208e+00 +3.0886e-01 -1.8597e+00 -1.2282e+00 +2.9686e-01
14 0 +2.046912819e+01 +1.886912819e+01 +1.886912819e+01 +1.4562e+00 +2.7990e-02 +1.1035e+00 +4.6164e-01 -5.4512e-01
21 0 +1.051275934e+01 +8.912759343e+00 +8.912759343e+00 -1.3154e+00 -3.2065e-01 -2.4271e-01 -7.0228e-01 -6.1286e-02
28 0 +8.711159265e+00 +7.111159265e+00 +7.111159265e+00 +2.1992e+00 +2.9277e-02 +1.1177e+00 -1.0297e+00 +1.1467e+00
101 0 +7.415633558e+00 +5.815633558e+00 +5.815633558e+00 -1.6799e+00 -5.8495e-01 -1.2483e+00 -1.0369e+00 -2.7437e-01
261 0 +7.363005921e+00 +5.763005921e+00 +5.763005921e+00 +1.9122e+00 -6.0609e-01 +1.7108e+00 -1.5122e-01 +8.8014e-01
279 0 +7.344009627e+00 +5.744009627e+00 +5.744009627e+00 +1.9613e+00 -4.8904e-01 +1.4291e+00 -5.4496e-01 +9.7800e-01
281 0 +7.174595937e+00 +5.574595937e+00 +5.574595937e+00 +1.8201e+00 -3.5060e-01 +1.4133e+00 -4.4103e-01 +1.0531e+00
333 0 +7.146819025e+00 +5.546819025e+00 +5.546819025e+00 +1.7769e+00 -2.9135e-01 +1.3781e+00 -2.1469e-01 +8.9150e-01
359 0 +7.108563377e+00 +5.508563377e+00 +5.508563377e+00 +1.9645e+00 -4.2559e-01 +1.5605e+00 -3.4619e-01 +9.9857e-01
361 0 +7.045930941e+00 +5.445930941e+00 +5.445930941e+00 +1.8616e+00 -2.8953e-01 +1.5091e+00 -3.6641e-01 +9.3385e-01
378 0 +7.034618314e+00 +5.434618314e+00 +5.434618314e+00 +1.8401e+00 -2.7547e-01 +1.5468e+00 -2.3527e-01 +9.1235e-01
441 0 +7.026869529e+00 +5.426869529e+00 +5.426869529e+00 +1.8962e+00 -3.6634e-01 +1.5241e+00 -2.0568e-01 +9.5325e-01
444 0 +7.019328015e+00 +5.419328015e+00 +5.419328015e+00 +1.9315e+00 -3.0294e-01 +1.5193e+00 -2.4933e-01 +9.1462e-01
459 0 +7.013466173e+00 +5.413466173e+00 +5.413466173e+00 +1.9030e+00 -3.0572e-01 +1.5564e+00 -2.6321e-01 +9.3762e-01
477 0 +7.012547025e+00 +5.412547025e+00 +5.412547025e+00 +1.8825e+00 -3.0765e-01 +1.5297e+00 -2.5586e-01 +9.4432e-01
540 0 +7.011857950e+00 +5.411857950e+00 +5.411857950e+00 +1.8839e+00 -3.1245e-01 +1.5385e+00 -2.6548e-01 +9.4135e-01
594 0 +7.011614710e+00 +5.411614710e+00 +5.411614710e+00 +1.8915e+00 -3.2412e-01 +1.5403e+00 -2.6813e-01 +9.4280e-01
647 0 +7.011465299e+00 +5.411465299e+00 +5.411465299e+00 +1.8973e+00 -3.1117e-01 +1.5282e+00 -2.7191e-01 +9.4103e-01
664 0 +7.011343736e+00 +5.411343736e+00 +5.411343736e+00 +1.8967e+00 -3.1187e-01 +1.5369e+00 -2.6503e-01 +9.4100e-01
668 0 +7.011269636e+00 +5.411269636e+00 +5.411269636e+00 +1.8923e+00 -3.2548e-01 +1.5306e+00 -2.6214e-01 +9.3329e-01
712 0 +7.011248575e+00 +5.411248575e+00 +5.411248575e+00 +1.8920e+00 -3.2328e-01 +1.5319e+00 -2.6116e-01 +9.3227e-01
773 0 +7.011108121e+00 +5.411108121e+00 +5.411108121e+00 +1.8960e+00 -3.1949e-01 +1.5330e+00 -2.6281e-01 +9.3671e-01
% f evaluations | g evaluations | best noise-free fitness - Fopt (-3.708400000000e+02) + sum g_i+ | measured fitness | best measured fitness or single-digit g-values | x1 | x2...
1 0 +7.191130781e+01 -2.989286922e+02 -2.989286922e+02 +5.9671e-01 -3.8264e-02 +7.4769e-01 +1.6230e+00 -1.3415e-01
2 0 +4.484817312e+01 -3.259918269e+02 -3.259918269e+02 -1.3414e-01 +1.6792e+00 +8.6743e-01 -3.6947e-01 +6.4256e-01
5 0 +3.147181454e+01 -3.393681855e+02 -3.393681855e+02 +1.5656e+00 -1.2578e-01 +1.6753e-01 -1.3247e+00 -4.4438e-01
42 0 +2.582451808e+01 -3.450154819e+02 -3.450154819e+02 +6.0512e-01 +2.8933e+00 +2.2847e-01 -7.1522e-01 -4.0694e-01
80 0 +2.002103798e+01 -3.508189620e+02 -3.508189620e+02 -1.0810e-01 +2.6777e+00 +8.0799e-02 -1.0163e-01 -7.1499e-01
89 0 +1.883787733e+01 -3.520021227e+02 -3.520021227e+02 +3.1000e+00 -1.4270e+00 -1.1479e-01 +1.1671e+00 +4.2683e-01
118 0 +1.878555474e+01 -3.520544453e+02 -3.520544453e+02 +3.7466e+00 +1.5275e+00 -6.6638e-01 +5.2451e-01 +2.5581e-01
128 0 +1.569066506e+01 -3.551493349e+02 -3.551493349e+02 -3.4359e-01 +3.5771e+00 +4.0581e-01 +5.0812e-01 -5.1028e-01
157 0 +1.561640653e+01 -3.552235935e+02 -3.552235935e+02 -3.1226e-01 +4.1491e+00 +7.4665e-01 -3.1001e-01 +5.3251e-01
176 0 +1.369139146e+01 -3.571486085e+02 -3.571486085e+02 -1.8398e-01 +3.4232e+00 +8.2880e-01 -8.3567e-01 -3.4745e-01
201 0 +1.066160354e+01 -3.601783965e+02 -3.601783965e+02 -2.4862e-01 +4.8728e+00 +1.2543e+00 -9.1086e-01 -9.9661e-01
203 0 +9.888325966e+00 -3.609516740e+02 -3.609516740e+02 -2.6957e-01 +4.8583e+00 +1.1621e+00 -8.3580e-01 -9.7796e-01
226 0 +8.939108595e+00 -3.619008914e+02 -3.619008914e+02 -2.3938e+00 +4.4356e+00 +1.9420e+00 +5.2235e-02 -1.5717e+00
278 0 +5.890559626e+00 -3.649494404e+02 -3.649494404e+02 -2.7707e+00 +4.4259e+00 +1.4296e+00 +1.1456e+00 -2.2845e+00
499 0 +5.581534267e+00 -3.652584657e+02 -3.652584657e+02 -2.5283e+00 +4.1235e+00 +1.5937e+00 +1.5636e+00 -2.3011e+00
503 0 +5.475209582e+00 -3.653647904e+02 -3.653647904e+02 -2.8477e+00 +4.5316e+00 +1.3538e+00 +1.7712e+00 -2.6633e+00
538 0 +5.432544871e+00 -3.654074551e+02 -3.654074551e+02 -2.8104e+00 +4.5263e+00 +8.9736e-01 +1.6550e+00 -2.4625e+00
556 0 +4.516778952e+00 -3.663232210e+02 -3.663232210e+02 -2.8897e+00 +4.4775e+00 +1.2536e+00 +1.9453e+00 -2.4546e+00
598 0 +4.500899358e+00 -3.663391006e+02 -3.663391006e+02 -2.8050e+00 +4.4488e+00 +1.1359e+00 +1.9027e+00 -2.4701e+00
682 0 +4.454546558e+00 -3.663854534e+02 -3.663854534e+02 -2.7028e+00 +4.3944e+00 +1.3948e+00 +1.8019e+00 -2.3501e+00
694 0 +4.426583343e+00 -3.664134167e+02 -3.664134167e+02 -2.7608e+00 +4.3800e+00 +1.3316e+00 +1.8499e+00 -2.4262e+00
714 0 +4.393705895e+00 -3.664462941e+02 -3.664462941e+02 -2.8170e+00 +4.4415e+00 +1.2552e+00 +1.9490e+00 -2.4092e+00
718 0 +4.312934419e+00 -3.665270656e+02 -3.665270656e+02 -2.7742e+00 +4.4092e+00 +1.3304e+00 +1.9615e+00 -2.4490e+00
729 0 +4.295579692e+00 -3.665444203e+02 -3.665444203e+02 -2.6883e+00 +4.3969e+00 +1.3749e+00 +1.9288e+00 -2.4515e+00
762 0 +4.256039476e+00 -3.665839605e+02 -3.665839605e+02 -2.7414e+00 +4.3535e+00 +1.3299e+00 +2.0832e+00 -2.5340e+00
773 0 +4.237935368e+00 -3.666020646e+02 -3.666020646e+02 -2.7374e+00 +4.3644e+00 +1.3104e+00 +2.0965e+00 -2.6132e+00
783 0 +4.227884908e+00 -3.666121151e+02 -3.666121151e+02 -2.7979e+00 +4.3938e+00 +1.2528e+00 +2.2213e+00 -2.6112e+00
819 0 +4.211912175e+00 -3.666280878e+02 -3.666280878e+02 -2.7352e+00 +4.3885e+00 +1.3447e+00 +2.0674e+00 -2.5239e+00
828 0 +4.193807173e+00 -3.666461928e+02 -3.666461928e+02 -2.7636e+00 +4.3901e+00 +1.2951e+00 +2.1677e+00 -2.5827e+00
829 0 +4.183922336e+00 -3.666560777e+02 -3.666560777e+02 -2.7284e+00 +4.4005e+00 +1.2306e+00 +2.2480e+00 -2.6401e+00
862 0 +4.178008886e+00 -3.666619911e+02 -3.666619911e+02 -2.7231e+00 +4.4013e+00 +1.3369e+00 +2.1787e+00 -2.5645e+00
905 0 +4.170956815e+00 -3.666690432e+02 -3.666690432e+02 -2.7245e+00 +4.3851e+00 +1.3155e+00 +2.2873e+00 -2.6341e+00
933 0 +4.167372226e+00 -3.666726278e+02 -3.666726278e+02 -2.6989e+00 +4.3956e+00 +1.3005e+00 +2.2456e+00 -2.6172e+00
936 0 +4.167338337e+00 -3.666726617e+02 -3.666726617e+02 -2.7434e+00 +4.4079e+00 +1.2839e+00 +2.2069e+00 -2.5847e+00
974 0 +4.165413148e+00 -3.666745869e+02 -3.666745869e+02 -2.7167e+00 +4.4071e+00 +1.2861e+00 +2.2457e+00 -2.6082e+00
1025 0 +4.164605385e+00 -3.666753946e+02 -3.666753946e+02 -2.7218e+00 +4.3880e+00 +1.3079e+00 +2.2068e+00 -2.6093e+00
% f evaluations | g evaluations | best noise-free fitness - Fopt (-3.256000000000e+01) + sum g_i+ | measured fitness | best measured fitness or single-digit g-values | x1 | x2...
1 0 +5.471837738e+01 +2.215837738e+01 +2.215837738e+01 +5.9671e-01 -3.8264e-02 +7.4769e-01 +1.6230e+00 -1.3415e-01
3 0 +2.411967533e+01 -8.440324673e+00 -8.440324673e+00 -3.6342e-01 -3.6573e-01 +3.4196e-01 -1.8133e+00 -1.6249e+00
15 0 +9.889352202e+00 -2.267064780e+01 -2.267064780e+01 +4.6140e-01 +1.6380e+00 +6.4174e-02 +1.6646e+00 -2.5197e+00
51 0 +8.416707504e+00 -2.414329250e+01 -2.414329250e+01 +1.5008e+00 +1.0063e+00 -7.2273e-01 +2.7027e+00 -4.1983e+00
57 0 +7.375042865e+00 -2.518495713e+01 -2.518495713e+01 -2.4964e-01 +1.6633e+00 -1.0728e+00 +2.2523e+00 -1.8815e+00
78 0 +4.886394773e+00 -2.767360523e+01 -2.767360523e+01 +2.9255e-02 +1.7868e+00 -1.3267e-02 +2.9113e+00 -3.3071e+00
101 0 +4.032768725e+00 -2.852723127e+01 -2.852723127e+01 +8.6276e-01 +1.5628e+00 -9.2664e-01 +1.7335e+00 -2.7730e+00
151 0 +2.051455018e+00 -3.050854498e+01 -3.050854498e+01 +5.3000e-01 +1.2869e+00 -1.6142e+00 +2.1568e+00 -3.1909e+00
206 0 +2.044845489e+00 -3.051515451e+01 -3.051515451e+01 +5.3359e-01 +1.7619e+00 -9.6833e-01 +2.2724e+00 -3.9729e+00
236 0 +2.030501606e+00 -3.052949839e+01 -3.052949839e+01 +6.1081e-01 +1.4039e+00 -1.7339e+00 +1.8920e+00 -2.7341e+00
252 0 +1.809339342e+00 -3.075066066e+01 -3.075066066e+01 +9.3662e-01 +1.6970e+00 -1.4251e+00 +2.3140e+00 -3.8283e+00
256 0 +1.729372101e+00 -3.083062790e+01 -3.083062790e+01 +7.9839e-01 +1.6571e+00 -1.3847e+00 +2.0165e+00 -3.2216e+00
281 0 +1.439450800e+00 -3.112054920e+01 -3.112054920e+01 +6.7935e-01 +1.6536e+00 -1.3008e+00 +2.1777e+00 -3.2647e+00
368 0 +1.429777800e+00 -3.113022220e+01 -3.113022220e+01 +6.6346e-01 +1.7080e+00 -1.2880e+00 +2.2190e+00 -3.4030e+00
370 0 +1.379381682e+00 -3.118061832e+01 -3.118061832e+01 +6.9146e-01 +1.7062e+00 -1.4394e+00 +2.1110e+00 -3.3563e+00
371 0 +1.356787627e+00 -3.120321237e+01 -3.120321237e+01 +5.1309e-01 +1.6370e+00 -1.3320e+00 +2.1539e+00 -3.3603e+00
397 0 +1.310657998e+00 -3.124934200e+01 -3.124934200e+01 +6.5799e-01 +1.6506e+00 -1.4599e+00 +2.0889e+00 -3.3010e+00
433 0 +1.308792351e+00 -3.125120765e+01 -3.125120765e+01 +7.0967e-01 +1.6337e+00 -1.5217e+00 +2.0046e+00 -3.4029e+00
452 0 +1.300598647e+00 -3.125940135e+01 -3.125940135e+01 +7.1571e-01 +1.5528e+00 -1.5649e+00 +2.0454e+00 -3.3697e+00
477 0 +1.294887654e+00 -3.126511235e+01 -3.126511235e+01 +6.3766e-01 +1.6452e+00 -1.5079e+00 +2.1734e+00 -3.4370e+00
478 0 +1.283636012e+00 -3.127636399e+01 -3.127636399e+01 +6.1425e-01 +1.6317e+00 -1.3924e+00 +2.1643e+00 -3.4146e+00
479 0 +1.282046666e+00 -3.127795333e+01 -3.127795333e+01 +6.9703e-01 +1.5996e+00 -1.4651e+00 +2.1773e+00 -3.4687e+00
503 0 +1.265946496e+00 -3.129405350e+01 -3.129405350e+01 +6.3405e-01 +1.6183e+00 -1.4443e+00 +2.1279e+00 -3.3832e+00
526 0 +1.262088402e+00 -3.129791160e+01 -3.129791160e+01 +6.8292e-01 +1.6349e+00 -1.5199e+00 +2.1223e+00 -3.5418e+00
529 0 +1.255738698e+00 -3.130426130e+01 -3.130426130e+01 +7.1067e-01 +1.6077e+00 -1.5343e+00 +2.0898e+00 -3.4336e+00
581 0 +1.252777002e+00 -3.130722300e+01 -3.130722300e+01 +6.7620e-01 +1.6266e+00 -1.5480e+00 +2.1099e+00 -3.4675e+00
606 0 +1.251826001e+00 -3.130817400e+01 -3.130817400e+01 +6.6261e-01 +1.6089e+00 -1.5092e+00 +2.1018e+00 -3.4622e+00
607 0 +1.246357954e+00 -3.131364205e+01 -3.131364205e+01 +6.5700e-01 +1.6385e+00 -1.5231e+00 +2.0844e+00 -3.4619e+00
678 0 +1.245672038e+00 -3.131432796e+01 -3.131432796e+01 +6.7107e-01 +1.6263e+00 -1.5312e+00 +2.0801e+00 -3.4688e+00
809 0 +1.245660782e+00 -3.131433922e+01 -3.131433922e+01 +6.5813e-01 +1.6299e+00 -1.5146e+00 +2.0804e+00 -3.4497e+00
841 0 +1.245636999e+00 -3.131436300e+01 -3.131436300e+01 +6.7248e-01 +1.6305e+00 -1.5323e+00 +2.0756e+00 -3.4654e+00
845 0 +1.245628966e+00 -3.131437103e+01 -3.131437103e+01 +6.6907e-01 +1.6229e+00 -1.5151e+00 +2.0824e+00 -3.4496e+00
848 0 +1.245348875e+00 -3.131465113e+01 -3.131465113e+01 +6.6720e-01 +1.6317e+00 -1.5237e+00 +2.0811e+00 -3.4593e+00
873 0 +1.245328864e+00 -3.131467114e+01 -3.131467114e+01 +6.6617e-01 +1.6305e+00 -1.5179e+00 +2.0850e+00 -3.4574e+00
% f evaluations | g evaluations | best noise-free fitness - Fopt (5.154000000000e+02) + sum g_i+ | measured fitness | best measured fitness or single-digit g-values | x1 | x2...
1 0 +1.359134884e+01 +5.289913488e+02 +5.289913488e+02 +5.9671e-01 -3.8264e-02 +7.4769e-01 +1.6230e+00 -1.3415e-01
5 0 +1.358708591e+01 +5.289870859e+02 +5.289870859e+02 +1.5656e+00 -1.2578e-01 +1.6753e-01 -1.3247e+00 -4.4438e-01
23 0 +1.048776242e+01 +5.258877624e+02 +5.258877624e+02 -1.8188e+00 +7.3486e-02 +1.6023e-01 +2.5632e+00 -9.2361e-02
46 0 +7.455715830e+00 +5.228557158e+02 +5.228557158e+02 -6.3305e-01 +1.0452e+00 +2.3395e-01 +1.4744e+00 +6.1331e-01
76 0 +5.842115644e+00 +5.212421156e+02 +5.212421156e+02 -2.0011e-02 +9.6999e-01 +8.4845e-01 +1.9070e+00 +7.0653e-01
112 0 +5.258145763e+00 +5.206581458e+02 +5.206581458e+02 +2.8581e-01 +6.8675e-01 +3.3298e-01 +2.0557e+00 -1.0620e-01
152 0 +4.163768939e+00 +5.195637689e+02 +5.195637689e+02 -1.2766e-01 +6.2852e-01 +4.5245e-01 +2.2105e+00 +7.2621e-02
177 0 +3.526027762e+00 +5.189260278e+02 +5.189260278e+02 +2.8110e-01 +1.0762e+00 +5.1313e-01 +2.3091e+00 +1.7225e-01
278 0 +3.355791155e+00 +5.187557912e+02 +5.187557912e+02 +3.6237e-02 +1.1556e+00 +4.2202e-01 +2.2824e+00 +4.2610e-01
335 0 +3.251035849e+00 +5.186510358e+02 +5.186510358e+02 +9.4184e-03 +1.0286e+00 +4.1107e-01 +2.1965e+00 +4.2228e-01
376 0 +3.204919535e+00 +5.186049195e+02 +5.186049195e+02 +1.2212e-01 +1.0364e+00 +5.3508e-01 +2.1262e+00 +4.7950e-01
430 0 +3.196932109e+00 +5.185969321e+02 +5.185969321e+02 +1.3366e-01 +1.1117e+00 +5.4961e-01 +2.0923e+00 +5.7219e-01
438 0 +3.193630721e+00 +5.185936307e+02 +5.185936307e+02 +8.5077e-02 +1.0676e+00 +5.0042e-01 +2.2092e+00 +4.3039e-01
461 0 +3.179043200e+00 +5.185790432e+02 +5.185790432e+02 +1.1422e-01 +1.1073e+00 +5.1159e-01 +2.1368e+00 +5.0626e-01
520 0 +3.177535832e+00 +5.185775358e+02 +5.185775358e+02 +1.5606e-01 +1.0986e+00 +5.1063e-01 +2.2262e+00 +4.5455e-01
537 0 +3.174744873e+00 +5.185747449e+02 +5.185747449e+02 +1.6448e-01 +1.1215e+00 +5.1062e-01 +2.1605e+00 +4.7310e-01
556 0 +3.172332389e+00 +5.185723324e+02 +5.185723324e+02 +1.5883e-01 +1.1160e+00 +5.1264e-01 +2.1986e+00 +4.7261e-01
618 0 +3.172069322e+00 +5.185720693e+02 +5.185720693e+02 +1.8634e-01 +1.1284e+00 +5.3490e-01 +2.1783e+00 +4.9774e-01
625 0 +3.171827538e+00 +5.185718275e+02 +5.185718275e+02 +1.5114e-01 +1.1195e+00 +5.1465e-01 +2.1677e+00 +5.0071e-01
663 0 +3.171254218e+00 +5.185712542e+02 +5.185712542e+02 +1.6486e-01 +1.1253e+00 +5.2288e-01 +2.1828e+00 +4.9321e-01
714 0 +3.170550053e+00 +5.185705501e+02 +5.185705501e+02 +1.5981e-01 +1.1156e+00 +5.1780e-01 +2.1743e+00 +4.7860e-01
717 0 +3.170461774e+00 +5.185704618e+02 +5.185704618e+02 +1.5539e-01 +1.0984e+00 +5.1135e-01 +2.1827e+00 +4.6715e-01
721 0 +3.170302224e+00 +5.185703022e+02 +5.185703022e+02 +1.5134e-01 +1.1090e+00 +5.2068e-01 +2.1628e+00 +4.9521e-01
723 0 +3.170117513e+00 +5.185701175e+02 +5.185701175e+02 +1.6755e-01 +1.1120e+00 +5.2146e-01 +2.1662e+00 +4.8847e-01
785 0 +3.170024489e+00 +5.185700245e+02 +5.185700245e+02 +1.5401e-01 +1.1023e+00 +5.1674e-01 +2.1791e+00 +4.8004e-01
948 0 +3.170014954e+00 +5.185700150e+02 +5.185700150e+02 +1.5418e-01 +1.1023e+00 +5.1909e-01 +2.1720e+00 +4.8407e-01
960 0 +3.169934430e+00 +5.185699344e+02 +5.185699344e+02 +1.5570e-01 +1.1038e+00 +5.1899e-01 +2.1741e+00 +4.7977e-01
991 0 +3.169915145e+00 +5.185699151e+02 +5.185699151e+02 +1.6319e-01 +1.1122e+00 +5.2149e-01 +2.1661e+00 +4.8872e-01
998 0 +3.169842183e+00 +5.185698422e+02 +5.185698422e+02 +1.5749e-01 +1.1094e+00 +5.2019e-01 +2.1709e+00 +4.8677e-01
% f evaluations | g evaluations | best noise-free fitness - Fopt (-8.628000000000e+01) + sum g_i+ | measured fitness | best measured fitness or single-digit g-values | x1 | x2...
1 0 +7.179667336e+01 -1.448332664e+01 -1.448332664e+01 +5.9671e-01 -3.8264e-02 +7.4769e-01 +1.6230e+00 -1.3415e-01
2 0 +3.238864733e+01 -5.389135267e+01 -5.389135267e+01 -1.3414e-01 +1.6792e+00 +8.6743e-01 -3.6947e-01 +6.4256e-01
31 0 +1.756259274e+01 -6.871740726e+01 -6.871740726e+01 -6.9703e-01 +1.3369e+00 +1.4386e+00 -9.5904e-01 +7.5477e-01
36 0 +7.554304007e+00 -7.872569599e+01 -7.872569599e+01 -9.9390e-01 +3.2913e+00 +5.9914e-01 -1.7404e+00 +1.5683e+00
119 0 +5.368679873e-01 -8.574313201e+01 -8.574313201e+01 -2.1005e+00 +2.0219e+00 +3.7295e+00 -2.9994e-01 +2.5227e+00
230 0 +5.080349717e-01 -8.577196503e+01 -8.577196503e+01 -1.2778e+00 +2.5491e+00 +2.8059e+00 -4.0021e-01 +2.2787e+00
234 0 +2.782886909e-01 -8.600171131e+01 -8.600171131e+01 -1.1138e+00 +2.2503e+00 +2.8533e+00 -1.3894e-02 +2.3247e+00
312 0 +1.298291798e-01 -8.615017082e+01 -8.615017082e+01 -2.0117e+00 +2.4562e+00 +3.3956e+00 -2.2732e-01 +2.5814e+00
340 0 +9.431422709e-02 -8.618568577e+01 -8.618568577e+01 -2.2067e+00 +2.5181e+00 +3.3045e+00 +9.1781e-02 +2.8176e+00
367 0 +7.854843307e-02 -8.620145157e+01 -8.620145157e+01 -1.3269e+00 +2.4057e+00 +3.0346e+00 -3.6820e-02 +2.5639e+00
371 0 +3.111752187e-02 -8.624888248e+01 -8.624888248e+01 -1.8903e+00 +2.4553e+00 +2.8316e+00 +1.9766e-02 +2.5488e+00
422 0 +1.918464600e-02 -8.626081535e+01 -8.626081535e+01 -2.2652e+00 +2.4482e+00 +2.7053e+00 +1.6821e-01 +2.3241e+00
426 0 +1.640072537e-02 -8.626359927e+01 -8.626359927e+01 -2.3395e+00 +2.2915e+00 +2.8615e+00 +4.0341e-01 +2.3288e+00
433 0 +1.301913993e-02 -8.626698086e+01 -8.626698086e+01 -2.3947e+00 +2.5278e+00 +2.6766e+00 +2.6260e-01 +2.3558e+00
452 0 +2.470986942e-03 -8.627752901e+01 -8.627752901e+01 -2.1441e+00 +2.5098e+00 +2.9320e+00 +1.9020e-01 +2.4966e+00
467 0 +1.147856468e-03 -8.627885214e+01 -8.627885214e+01 -2.4895e+00 +2.4421e+00 +2.8399e+00 +3.0125e-01 +2.1910e+00
577 0 +1.851608603e-04 -8.627981484e+01 -8.627981484e+01 -2.2975e+00 +2.4502e+00 +2.9299e+00 +2.5779e-01 +2.3113e+00
628 0 +9.919375310e-05 -8.627990081e+01 -8.627990081e+01 -2.4027e+00 +2.4237e+00 +3.0731e+00 +2.0545e-01 +2.2250e+00
659 0 +5.809578924e-05 -8.627994190e+01 -8.627994190e+01 -2.4421e+00 +2.4049e+00 +3.1084e+00 +2.1414e-01 +2.2168e+00
665 0 +9.881317354e-06 -8.627999012e+01 -8.627999012e+01 -2.4785e+00 +2.3720e+00 +3.0889e+00 +2.6225e-01 +2.2348e+00
692 0 +6.369622241e-06 -8.627999363e+01 -8.627999363e+01 -2.4107e+00 +2.4380e+00 +3.0595e+00 +2.2802e-01 +2.3070e+00
812 0 +3.329168820e-06 -8.627999667e+01 -8.627999667e+01 -2.3850e+00 +2.3972e+00 +3.1025e+00 +2.2629e-01 +2.2957e+00
846 0 +1.484933136e-06 -8.627999852e+01 -8.627999852e+01 -2.4512e+00 +2.3975e+00 +3.1089e+00 +2.5051e-01 +2.2683e+00
861 0 +2.668985246e-07 -8.627999973e+01 -8.627999973e+01 -2.4578e+00 +2.3992e+00 +3.0854e+00 +2.4661e-01 +2.2608e+00
892 0 +2.115192217e-07 -8.627999979e+01 -8.627999979e+01 -2.4231e+00 +2.4091e+00 +3.0600e+00 +2.4437e-01 +2.2723e+00
964 0 +1.331395083e-07 -8.627999987e+01 -8.627999987e+01 -2.4605e+00 +2.4024e+00 +3.0917e+00 +2.5170e-01 +2.2816e+00
978 0 +4.290897948e-08 -8.627999996e+01 -8.627999996e+01 -2.4702e+00 +2.4117e+00 +3.0665e+00 +2.6585e-01 +2.2817e+00
989 0 +4.122735220e-08 -8.627999996e+01 -8.627999996e+01 -2.4283e+00 +2.4133e+00 +3.0574e+00 +2.4857e-01 +2.2831e+00
1040 0 +3.062579879e-08 -8.627999997e+01 -8.627999997e+01 -2.4269e+00 +2.4106e+00 +3.0683e+00 +2.4484e-01 +2.2859e+00
1058 0 +2.673725419e-08 -8.627999997e+01 -8.627999997e+01 -2.4633e+00 +2.4187e+00 +3.0618e+00 +2.6357e-01 +2.2848e+00
1086 0 +1.882405343e-08 -8.627999998e+01 -8.627999998e+01 -2.4299e+00 +2.4145e+00 +3.0582e+00 +2.5247e-01 +2.2846e+00
1097 0 +1.142966255e-08 -8.627999999e+01 -8.627999999e+01 -2.4371e+00 +2.4134e+00 +3.0653e+00 +2.5559e-01 +2.2851e+00
1116 0 +3.352710110e-09 -8.628000000e+01 -8.628000000e+01 -2.4633e+00 +2.4114e+00 +3.0762e+00 +2.5569e-01 +2.2797e+00
% f evaluations | g evaluations | best noise-free fitness - Fopt (2.224000000000e+01) + sum g_i+ | measured fitness | best measured fitness or single-digit g-values | x1 | x2...
1 0 +6.637511265e+01 +8.861511265e+01 +8.861511265e+01 +5.9671e-01 -3.8264e-02 +7.4769e-01 +1.6230e+00 -1.3415e-01
2 0 +6.212700200e+01 +8.436700200e+01 +8.436700200e+01 -1.3414e-01 +1.6792e+00 +8.6743e-01 -3.6947e-01 +6.4256e-01
3 0 +6.111463880e+01 +8.335463880e+01 +8.335463880e+01 -3.6342e-01 -3.6573e-01 +3.4196e-01 -1.8133e+00 -1.6249e+00
4 0 +5.633067841e+01 +7.857067841e+01 +7.857067841e+01 -4.6229e-01 -9.1283e-01 +4.1425e-01 -8.0802e-01 -1.3123e+00
5 0 +4.624374303e+01 +6.848374303e+01 +6.848374303e+01 +1.5656e+00 -1.2578e-01 +1.6753e-01 -1.3247e+00 -4.4438e-01
8 0 +2.522686114e+01 +4.746686114e+01 +4.746686114e+01 -1.1208e+00 +3.0886e-01 -1.8597e+00 -1.2282e+00 +2.9686e-01
20 0 +2.251469371e+01 +4.475469371e+01 +4.475469371e+01 -1.3635e+00 +3.9612e-01 +3.6106e-01 +1.0511e-01 -1.3459e-01
23 0 +1.411961135e+01 +3.635961135e+01 +3.635961135e+01 -1.8188e+00 +7.3486e-02 +1.6023e-01 +2.5632e+00 -9.2361e-02
35 0 +1.317799803e+01 +3.541799803e+01 +3.541799803e+01 -2.0267e+00 +4.8666e-01 +2.9176e-01 +1.1572e+00 +2.0869e-01
43 0 +9.901504804e+00 +3.214150480e+01 +3.214150480e+01 -1.1031e+00 +1.0362e+00 +4.1910e-01 +8.8848e-01 +6.4924e-01
53 0 +9.369499041e+00 +3.160949904e+01 +3.160949904e+01 -1.0876e+00 +6.7532e-01 -4.7413e-01 +7.9975e-01 -2.4186e-01
59 0 +8.864852290e+00 +3.110485229e+01 +3.110485229e+01 -2.1961e+00 +1.2871e+00 -4.6253e-01 +1.3184e+00 +1.0127e+00
63 0 +7.353617306e+00 +2.959361731e+01 +2.959361731e+01 -1.7203e+00 +1.2096e+00 +1.2219e-01 +2.9014e-01 -4.9904e-01
76 0 +5.128555253e+00 +2.736855525e+01 +2.736855525e+01 -1.7966e+00 +1.3042e+00 -2.1957e-01 +7.7747e-01 +1.1346e-01
87 0 +5.119078674e+00 +2.735907867e+01 +2.735907867e+01 -1.3686e+00 +1.3457e+00 +1.2410e+00 +1.5789e+00 -1.0456e+00
103 0 +5.003616645e+00 +2.724361665e+01 +2.724361665e+01 -1.5890e+00 +1.4003e+00 -3.5241e-01 +1.1976e+00 -2.8895e-01
109 0 +4.236406957e+00 +2.647640696e+01 +2.647640696e+01 -1.9291e+00 +1.1897e+00 +8.6297e-01 +1.0503e+00 -4.6595e-01
126 0 +2.769218421e+00 +2.500921842e+01 +2.500921842e+01 -1.5211e+00 +1.1965e+00 +5.7090e-01 +1.2437e+00 +1.6548e-01
177 0 +2.202475786e+00 +2.444247579e+01 +2.444247579e+01 -1.8386e+00 +1.6524e+00 +4.2502e-01 +7.8495e-01 -6.1468e-02
181 0 +2.168176210e+00 +2.440817621e+01 +2.440817621e+01 -1.6800e+00 +1.1765e+00 +5.7390e-01 +1.1891e+00 -6.8741e-01
203 0 +2.146626570e+00 +2.438662657e+01 +2.438662657e+01 -1.5910e+00 +1.3139e+00 +2.1683e-01 +9.9825e-01 -4.1691e-01
237 0 +2.079234613e+00 +2.431923461e+01 +2.431923461e+01 -1.6408e+00 +1.3497e+00 +4.2097e-01 +1.1997e+00 -1.7996e-01
253 0 +2.065872379e+00 +2.430587238e+01 +2.430587238e+01 -1.7024e+00 +1.5037e+00 +5.5839e-01 +1.1683e+00 -2.2053e-01
277 0 +2.062079577e+00 +2.430207958e+01 +2.430207958e+01 -1.7359e+00 +1.4981e+00 +4.4746e-01 +1.1192e+00 -2.0023e-01
332 0 +2.057386376e+00 +2.429738638e+01 +2.429738638e+01 -1.5614e+00 +1.4233e+00 +3.8395e-01 +1.0557e+00 -5.3509e-01
334 0 +2.054622054e+00 +2.429462205e+01 +2.429462205e+01 -1.5534e+00 +1.4162e+00 +5.0505e-01 +1.0912e+00 -4.8633e-01
371 0 +2.050591601e+00 +2.429059160e+01 +2.429059160e+01 -1.7066e+00 +1.5005e+00 +5.2482e-01 +1.0787e+00 -3.6380e-01
390 0 +2.049511370e+00 +2.428951137e+01 +2.428951137e+01 -1.6038e+00 +1.4085e+00 +4.7476e-01 +1.1303e+00 -4.0104e-01
404 0 +2.048343269e+00 +2.428834327e+01 +2.428834327e+01 -1.6173e+00 +1.4755e+00 +5.4281e-01 +1.0461e+00 -4.8104e-01
407 0 +2.046119497e+00 +2.428611950e+01 +2.428611950e+01 -1.6014e+00 +1.4113e+00 +5.4066e-01 +1.0894e+00 -4.8580e-01
478 0 +2.046004334e+00 +2.428600433e+01 +2.428600433e+01 -1.6347e+00 +1.3741e+00 +5.4354e-01 +1.1650e+00 -5.3699e-01
504 0 +2.044542258e+00 +2.428454226e+01 +2.428454226e+01 -1.6242e+00 +1.4254e+00 +5.3664e-01 +1.1241e+00 -5.3118e-01
546 0 +2.044123349e+00 +2.428412335e+01 +2.428412335e+01 -1.6183e+00 +1.4204e+00 +5.3777e-01 +1.0970e+00 -5.2430e-01
603 0 +2.043959017e+00 +2.428395902e+01 +2.428395902e+01 -1.6205e+00 +1.4153e+00 +4.9584e-01 +1.1068e+00 -4.8895e-01
612 0 +2.043758642e+00 +2.428375864e+01 +2.428375864e+01 -1.6291e+00 +1.4191e+00 +5.2149e-01 +1.1082e+00 -5.1488e-01
688 0 +2.043723140e+00 +2.428372314e+01 +2.428372314e+01 -1.6204e+00 +1.4147e+00 +5.0779e-01 +1.1049e+00 -5.1676e-01
846 0 +2.043696409e+00 +2.428369641e+01 +2.428369641e+01 -1.6231e+00 +1.4199e+00 +5.1657e-01 +1.1010e+00 -5.0273e-01
877 0 +2.043682848e+00 +2.428368285e+01 +2.428368285e+01 -1.6230e+00 +1.4165e+00 +5.1556e-01 +1.1032e+00 -5.0162e-01
882 0 +2.043674504e+00 +2.428367450e+01 +2.428367450e+01 -1.6281e+00 +1.4187e+00 +5.1335e-01 +1.1020e+00 -5.0370e-01
890 0 +2.043669969e+00 +2.428366997e+01 +2.428366997e+01 -1.6228e+00 +1.4154e+00 +5.1199e-01 +1.1040e+00 -5.0522e-01
% f evaluations | g evaluations | best noise-free fitness - Fopt (-2.301000000000e+01) + sum g_i+ | measured fitness | best measured fitness or single-digit g-values | x1 | x2...
1 0 +6.138453626e+01 +3.837453626e+01 +3.837453626e+01 +5.9671e-01 -3.8264e-02 +7.4769e-01 +1.6230e+00 -1.3415e-01
3 0 +4.184840635e+01 +1.883840635e+01 +1.883840635e+01 -3.6342e-01 -3.6573e-01 +3.4196e-01 -1.8133e+00 -1.6249e+00
5 0 +2.622262772e+01 +3.212627724e+00 +3.212627724e+00 +1.5656e+00 -1.2578e-01 +1.6753e-01 -1.3247e+00 -4.4438e-01
15 0 +1.056874288e+01 -1.244125712e+01 -1.244125712e+01 +4.6140e-01 +1.6380e+00 +6.4174e-02 +1.6646e+00 -2.5197e+00
34 0 +8.369280485e+00 -1.464071951e+01 -1.464071951e+01 +1.5205e+00 -5.5967e-01 -5.5457e-01 -1.0634e+00 -2.6053e+00
76 0 +5.420074161e+00 -1.758992584e+01 -1.758992584e+01 +1.0770e+00 -1.0675e+00 -3.9188e-01 -2.4508e-01 -4.1137e+00
137 0 +5.031985348e+00 -1.797801465e+01 -1.797801465e+01 +1.7487e+00 +1.0023e+00 -1.8498e-01 -9.4498e-01 -3.2416e+00
153 0 +3.930755828e+00 -1.907924417e+01 -1.907924417e+01 +1.5235e+00 -1.0948e+00 -7.0094e-01 -1.6569e+00 -3.2453e+00
156 0 +3.210178324e+00 -1.979982168e+01 -1.979982168e+01 +1.4092e+00 -4.9039e-01 -1.1260e+00 -1.0719e-02 -3.5773e+00
229 0 +3.134264054e+00 -1.987573595e+01 -1.987573595e+01 +1.7201e+00 -3.1583e-01 -8.1269e-01 -4.3985e-01 -3.5234e+00
230 0 +2.864318026e+00 -2.014568197e+01 -2.014568197e+01 +1.9371e+00 +7.8578e-01 -4.4997e-01 -1.1837e+00 -3.1208e+00
252 0 +2.098875830e+00 -2.091112417e+01 -2.091112417e+01 +1.4258e+00 -6.8641e-01 -7.9663e-01 +4.0173e-02 -3.8648e+00
328 0 +2.089473079e+00 -2.092052692e+01 -2.092052692e+01 +1.5926e+00 -8.6403e-01 -8.3757e-01 -6.8844e-01 -3.6180e+00
387 0 +2.084112481e+00 -2.092588752e+01 -2.092588752e+01 +1.5510e+00 -9.2265e-01 -9.5316e-01 -8.3927e-02 -3.7260e+00
391 0 +2.073203931e+00 -2.093679607e+01 -2.093679607e+01 +1.5215e+00 -7.2520e-01 -8.0738e-01 -2.3506e-01 -3.7978e+00
401 0 +2.055955941e+00 -2.095404406e+01 -2.095404406e+01 +1.5605e+00 -8.6169e-01 -8.8167e-01 -4.2672e-01 -3.6687e+00
435 0 +2.054622137e+00 -2.095537786e+01 -2.095537786e+01 +1.3565e+00 -8.1622e-01 -8.6228e-01 -3.8487e-02 -3.7686e+00
438 0 +2.051063763e+00 -2.095893624e+01 -2.095893624e+01 +1.4972e+00 -9.3092e-01 -8.6400e-01 -2.2392e-01 -3.8295e+00
497 0 +2.045408050e+00 -2.096459195e+01 -2.096459195e+01 +1.3861e+00 -8.5436e-01 -8.7892e-01 -1.8364e-01 -3.7991e+00
515 0 +2.045220288e+00 -2.096477971e+01 -2.096477971e+01 +1.4180e+00 -8.5390e-01 -8.7838e-01 -2.1040e-01 -3.7594e+00
528 0 +2.044904240e+00 -2.096509576e+01 -2.096509576e+01 +1.4643e+00 -8.5213e-01 -8.7070e-01 -3.1108e-01 -3.7510e+00
577 0 +2.044652880e+00 -2.096534712e+01 -2.096534712e+01 +1.4752e+00 -8.7622e-01 -8.9157e-01 -2.2369e-01 -3.8107e+00
584 0 +2.044444645e+00 -2.096555536e+01 -2.096555536e+01 +1.4869e+00 -8.7843e-01 -8.8860e-01 -2.6524e-01 -3.7732e+00
605 0 +2.044287609e+00 -2.096571239e+01 -2.096571239e+01 +1.4601e+00 -8.6563e-01 -8.8943e-01 -2.4592e-01 -3.7909e+00
647 0 +2.043998911e+00 -2.096600109e+01 -2.096600109e+01 +1.4484e+00 -8.7461e-01 -8.5888e-01 -2.7190e-01 -3.7896e+00
656 0 +2.043977959e+00 -2.096602204e+01 -2.096602204e+01 +1.4423e+00 -8.8251e-01 -8.7098e-01 -2.4643e-01 -3.7919e+00
689 0 +2.043781079e+00 -2.096621892e+01 -2.096621892e+01 +1.4680e+00 -8.6607e-01 -8.7015e-01 -2.5519e-01 -3.7887e+00
700 0 +2.043756338e+00 -2.096624366e+01 -2.096624366e+01 +1.4371e+00 -8.6114e-01 -8.6599e-01 -2.3406e-01 -3.7904e+00
713 0 +2.043746944e+00 -2.096625306e+01 -2.096625306e+01 +1.4449e+00 -8.6871e-01 -8.6619e-01 -2.6959e-01 -3.7782e+00
742 0 +2.043728081e+00 -2.096627192e+01 -2.096627192e+01 +1.4490e+00 -8.5593e-01 -8.7118e-01 -2.5150e-01 -3.7866e+00
782 0 +2.043714715e+00 -2.096628528e+01 -2.096628528e+01 +1.4504e+00 -8.6017e-01 -8.6833e-01 -2.6467e-01 -3.7814e+00
857 0 +2.043673682e+00 -2.096632632e+01 -2.096632632e+01 +1.4489e+00 -8.6609e-01 -8.7113e-01 -2.4790e-01 -3.7864e+00
889 0 +2.043669913e+00 -2.096633009e+01 -2.096633009e+01 +1.4494e+00 -8.6637e-01 -8.7022e-01 -2.5140e-01 -3.7871e+00
% f evaluations | g evaluations | best noise-free fitness - Fopt (-3.323700000000e+02) + sum g_i+ | measured fitness | best measured fitness or single-digit g-values | x1 | x2...
1 0 +2.845152287e+01 -3.039184771e+02 -3.039184771e+02 +5.9671e-01 -3.8264e-02 +7.4769e-01 +1.6230e+00 -1.3415e-01
11 0 +1.835984061e+01 -3.140101594e+02 -3.140101594e+02 +4.2408e-01 -2.8508e-01 -5.7692e-01 +7.1168e-01 +1.1310e+00
12 0 +1.442381011e+01 -3.179461899e+02 -3.179461899e+02 +1.0313e+00 -7.3922e-01 -2.0921e-01 +4.3126e-01 +1.0755e+00
32 0 +1.427197446e+01 -3.180980255e+02 -3.180980255e+02 +1.7618e+00 -1.0809e+00 +1.6373e+00 -1.2311e+00 +1.5451e+00
39 0 +7.655234229e+00 -3.247147658e+02 -3.247147658e+02 +4.9681e-01 -7.0050e-01 +3.9888e-01 +1.4305e+00 +7.0232e-01
54 0 +3.155474778e+00 -3.292145252e+02 -3.292145252e+02 -3.4654e-01 -1.6069e+00 -1.8684e-01 +2.3248e+00 +3.8810e-01
78 0 +6.091226705e-01 -3.317608773e+02 -3.317608773e+02 -6.1852e-01 -3.5423e+00 +7.0977e-01 +1.5069e+00 +1.2972e+00
89 0 +2.589003314e-01 -3.321110997e+02 -3.321110997e+02 +7.8622e-01 -3.1679e+00 +1.0324e+00 +1.0758e+00 +8.9190e-01
154 0 +1.594992910e-01 -3.322105007e+02 -3.322105007e+02 +1.1485e+00 -3.1150e+00 +1.5020e+00 +1.2447e+00 +9.7096e-01
189 0 +1.122804183e-01 -3.322577196e+02 -3.322577196e+02 +6.0279e-01 -3.4630e+00 +1.5157e+00 +1.3067e+00 +1.3177e+00
226 0 +4.597092099e-02 -3.323240291e+02 -3.323240291e+02 +1.4743e-01 -2.6750e+00 +9.8228e-01 +1.4069e+00 +8.9620e-01
231 0 +1.223321387e-02 -3.323577668e+02 -3.323577668e+02 +3.1545e-01 -3.3469e+00 +1.0071e+00 +1.0725e+00 +1.1468e+00
308 0 +3.479281644e-03 -3.323665207e+02 -3.323665207e+02 -1.0326e-01 -3.1789e+00 +8.8729e-01 +1.3894e+00 +1.0051e+00
337 0 +3.401113514e-03 -3.323665989e+02 -3.323665989e+02 +5.5444e-02 -3.0857e+00 +1.0509e+00 +1.2514e+00 +1.0374e+00
339 0 +1.480008850e-03 -3.323685200e+02 -3.323685200e+02 +1.0447e-01 -3.2127e+00 +1.1393e+00 +1.2897e+00 +1.1030e+00
342 0 +8.450053894e-04 -3.323691550e+02 -3.323691550e+02 +3.6225e-01 -3.5373e+00 +1.3191e+00 +1.2015e+00 +1.1742e+00
384 0 +7.971393308e-04 -3.323692029e+02 -3.323692029e+02 +1.4930e-01 -3.2268e+00 +1.0874e+00 +1.2450e+00 +1.1230e+00
407 0 +7.747956505e-05 -3.323699225e+02 -3.323699225e+02 +1.9662e-01 -3.3656e+00 +1.1600e+00 +1.2570e+00 +1.0436e+00
434 0 +2.811340892e-05 -3.323699719e+02 -3.323699719e+02 +2.0465e-01 -3.3295e+00 +1.1242e+00 +1.3072e+00 +1.0155e+00
519 0 +2.153213933e-05 -3.323699785e+02 -3.323699785e+02 +1.3680e-01 -3.3314e+00 +1.1004e+00 +1.3186e+00 +1.0329e+00
530 0 +1.963607400e-05 -3.323699804e+02 -3.323699804e+02 +2.3478e-01 -3.4007e+00 +1.2005e+00 +1.2956e+00 +1.0655e+00
537 0 +1.514385252e-05 -3.323699849e+02 -3.323699849e+02 +2.7855e-01 -3.2963e+00 +1.1701e+00 +1.3103e+00 +1.0571e+00
592 0 +1.032852805e-05 -3.323699897e+02 -3.323699897e+02 +1.7257e-01 -3.3302e+00 +1.1474e+00 +1.2950e+00 +1.0673e+00
624 0 +4.886262502e-06 -3.323699951e+02 -3.323699951e+02 +2.2891e-01 -3.3163e+00 +1.1595e+00 +1.2826e+00 +1.0442e+00
629 0 +2.566977685e-06 -3.323699974e+02 -3.323699974e+02 +2.7599e-01 -3.3124e+00 +1.1758e+00 +1.2929e+00 +1.0613e+00
635 0 +9.106447578e-07 -3.323699991e+02 -3.323699991e+02 +2.2481e-01 -3.3088e+00 +1.1191e+00 +1.2896e+00 +1.0487e+00
672 0 +7.835309361e-07 -3.323699992e+02 -3.323699992e+02 +2.2403e-01 -3.3287e+00 +1.1575e+00 +1.2733e+00 +1.0756e+00
700 0 +5.868454309e-07 -3.323699994e+02 -3.323699994e+02 +2.1146e-01 -3.2955e+00 +1.1305e+00 +1.2921e+00 +1.0510e+00
749 0 +2.343102210e-07 -3.323699998e+02 -3.323699998e+02 +2.3578e-01 -3.3205e+00 +1.1544e+00 +1.2839e+00 +1.0693e+00
768 0 +5.933918601e-08 -3.323699999e+02 -3.323699999e+02 +2.6637e-01 -3.3249e+00 +1.1550e+00 +1.2780e+00 +1.0698e+00
781 0 +5.189519925e-08 -3.323699999e+02 -3.323699999e+02 +2.4350e-01 -3.3051e+00 +1.1457e+00 +1.2785e+00 +1.0594e+00
793 0 +4.729531611e-08 -3.323700000e+02 -3.323700000e+02 +2.6159e-01 -3.3351e+00 +1.1609e+00 +1.2766e+00 +1.0621e+00
815 0 +6.638913419e-09 -3.323700000e+02 -3.323700000e+02 +2.5601e-01 -3.3338e+00 +1.1645e+00 +1.2715e+00 +1.0702e+00
% f evaluations | g evaluations | best noise-free fitness - Fopt (-1.231300000000e+02) + sum g_i+ | measured fitness | best measured fitness or single-digit g-values | x1 | x2...
1 0 +5.025706403e+01 -7.287293597e+01 -7.287293597e+01 +5.9671e-01 -3.8264e-02 +7.4769e-01 +1.6230e+00 -1.3415e-01
5 0 +4.392063738e+01 -7.920936262e+01 -7.920936262e+01 +1.5656e+00 -1.2578e-01 +1.6753e-01 -1.3247e+00 -4.4438e-01
9 0 +3.315318142e+01 -8.997681858e+01 -8.997681858e+01 +8.3847e-01 +2.7137e-01 -1.5648e-02 -2.0110e-01 -1.3785e+00
16 0 +3.011055059e+01 -9.301944941e+01 -9.301944941e+01 +9.2190e-01 +1.8705e-01 -1.9901e-01 +1.9176e-01 -1.8876e+00
23 0 +2.077955188e+01 -1.023504481e+02 -1.023504481e+02 -1.8188e+00 +7.3486e-02 +1.6023e-01 +2.5632e+00 -9.2361e-02
24 0 +2.035877591e+01 -1.027712241e+02 -1.027712241e+02 +4.0155e-01 +6.5288e-02 -1.0687e+00 +1.2428e+00 +8.5193e-01
29 0 +1.933885041e+01 -1.037911496e+02 -1.037911496e+02 -2.9717e-02 -1.0359e+00 -1.5328e+00 +1.8467e+00 +1.1727e+00
35 0 +1.672799692e+01 -1.064020031e+02 -1.064020031e+02 +1.8869e+00 +5.8228e-01 -1.7071e+00 +5.0110e-01 +6.6499e-01
38 0 +1.470348333e+01 -1.084265167e+02 -1.084265167e+02 -2.0822e+00 +6.2226e-01 -1.4710e+00 +1.0489e+00 -1.2938e+00
46 0 +1.306036225e+01 -1.100696378e+02 -1.100696378e+02 +1.0661e+00 -2.3966e-01 -1.5071e+00 +4.5476e-01 +8.9757e-01
52 0 +8.541847530e+00 -1.145881525e+02 -1.145881525e+02 +1.3008e+00 +6.8212e-02 -1.9798e+00 +8.5734e-01 +4.4757e-01
53 0 +8.540169018e+00 -1.145898310e+02 -1.145898310e+02 +2.6787e+00 -7.0771e-01 -1.2364e+00 +8.9485e-01 -7.9303e-01
61 0 +8.271472358e+00 -1.148585276e+02 -1.148585276e+02 +2.3598e+00 +1.1926e+00 -1.9254e+00 +1.5660e+00 -1.1527e+00
76 0 +6.960251432e+00 -1.161697486e+02 -1.161697486e+02 +1.0388e+00 -8.7834e-02 -2.0984e+00 +4.4860e-01 +9.5974e-01
78 0 +4.102433219e+00 -1.190275668e+02 -1.190275668e+02 +2.5823e+00 -6.8104e-01 -1.3861e+00 +1.6985e+00 -1.3071e+00
87 0 +2.109524823e+00 -1.210204752e+02 -1.210204752e+02 +3.6799e+00 -9.2762e-01 -2.6063e+00 -4.2217e-02 +5.9923e-01
89 0 +9.989179393e-01 -1.221310821e+02 -1.221310821e+02 +2.4211e+00 -1.5903e+00 -2.2322e+00 +5.4719e-01 +1.6801e+00
209 0 +4.985497163e-01 -1.226314503e+02 -1.226314503e+02 +3.2502e+00 -1.2788e+00 -2.7516e+00 -3.3226e-01 +1.7035e+00
251 0 +7.000928788e-02 -1.230599907e+02 -1.230599907e+02 +2.8158e+00 -1.2912e+00 -2.1116e+00 +2.7173e-01 +2.0610e+00
267 0 +9.608421246e-03 -1.231203916e+02 -1.231203916e+02 +2.1748e+00 -9.5858e-01 -2.0397e+00 +3.1452e-01 +2.8409e+00
405 0 +2.527653719e-03 -1.231274723e+02 -1.231274723e+02 +2.2668e+00 -1.1971e+00 -2.0874e+00 +2.0491e-01 +2.9260e+00
407 0 +5.341366347e-04 -1.231294659e+02 -1.231294659e+02 +2.3563e+00 -1.2107e+00 -2.0592e+00 +1.8444e-01 +2.8405e+00
528 0 +3.887676013e-04 -1.231296112e+02 -1.231296112e+02 +2.2287e+00 -1.1805e+00 -1.9983e+00 +2.4734e-01 +2.7843e+00
557 0 +1.524910605e-04 -1.231298475e+02 -1.231298475e+02 +2.3411e+00 -1.3055e+00 -1.9578e+00 +2.8280e-01 +2.9349e+00
584 0 +2.307872666e-05 -1.231299769e+02 -1.231299769e+02 +2.2553e+00 -1.2082e+00 -1.9572e+00 +3.4025e-01 +2.8013e+00
675 0 +7.552342183e-06 -1.231299924e+02 -1.231299924e+02 +2.2887e+00 -1.1691e+00 -1.9837e+00 +3.0616e-01 +2.7414e+00
696 0 +1.229327125e-06 -1.231299988e+02 -1.231299988e+02 +2.3001e+00 -1.2292e+00 -1.9508e+00 +3.0073e-01 +2.8136e+00
779 0 +2.872736076e-07 -1.231299997e+02 -1.231299997e+02 +2.2999e+00 -1.2048e+00 -1.9660e+00 +3.0532e-01 +2.7956e+00
820 0 +2.786961062e-07 -1.231299997e+02 -1.231299997e+02 +2.3278e+00 -1.2024e+00 -1.9704e+00 +2.8363e-01 +2.7728e+00
950 0 +4.238935958e-08 -1.231300000e+02 -1.231300000e+02 +2.3168e+00 -1.2132e+00 -1.9592e+00 +2.9418e-01 +2.8229e+00
996 0 +2.099606888e-08 -1.231300000e+02 -1.231300000e+02 +2.3055e+00 -1.2096e+00 -1.9583e+00 +2.9685e-01 +2.8181e+00
1012 0 +1.490187174e-08 -1.231300000e+02 -1.231300000e+02 +2.3335e+00 -1.2085e+00 -1.9749e+00 +2.8078e-01 +2.7906e+00
1038 0 +1.392940874e-08 -1.231300000e+02 -1.231300000e+02 +2.3301e+00 -1.2108e+00 -1.9726e+00 +2.8071e-01 +2.8141e+00
