% f evaluations | g evaluations | best noise-free fitness - Fopt (-1.694000000000e+01) + sum g_i+ | measured fitness | best measured fitness or single-digit g-values | x1 | x2...
1 0 +1.324093633e+01 -3.699063674e+00 -3.699063674e+00 +5.9671e-01 -3.8264e-02 +7.4769e-01 +1.6230e+00 -1.3415e-01
5 0 +1.237830438e+01 -4.561695617e+00 -4.561695617e+00 +1.5656e+00 -1.2578e-01 +1.6753e-01 -1.3247e+00 -4.4438e-01
12 0 +1.195851158e+01 -4.981488421e+00 -4.981488421e+00 +1.0313e+00 -7.3922e-01 -2.0921e-01 +4.3126e-01 +1.0755e+00
14 0 +1.086104601e+01 -6.078953987e+00 -6.078953987e+00 +1.4562e+00 +2.7990e-02 +1.1035e+00 +4.6164e-01 -5.4512e-01
25 0 +6.718572502e+00 -1.022142750e+01 -1.022142750e+01 +8.9103e-01 -8.0939e-01 +1.5028e+00 -1.3019e+00 +6.8686e-01
69 0 +5.617613128e+00 -1.132238687e+01 -1.132238687e+01 +2.5037e+00 +1.6318e+00 +1.9443e-01 -5.3582e-01 -4.8600e-02
76 0 +5.316159896e+00 -1.162384010e+01 -1.162384010e+01 +3.8005e+00 +1.3705e+00 -3.1631e-01 +1.0151e-01 +1.8603e+00
80 0 +4.474720799e+00 -1.246527920e+01 -1.246527920e+01 +4.1586e+00 +1.7376e+00 -1.3646e+00 -3.9565e-01 -2.5171e-01
95 0 +4.380241140e+00 -1.255975886e+01 -1.255975886e+01 +4.7086e+00 +1.2285e+00 -3.7995e-01 +4.9768e-01 +2.4435e+00
109 0 +3.974102783e+00 -1.296589722e+01 -1.296589722e+01 +3.3327e+00 +2.0346e+00 -5.6996e-01 -6.6939e-01 +4.4765e-01
125 0 +3.631600794e+00 -1.330839921e+01 -1.330839921e+01 +2.9155e+00 +1.6755e+00 -6.6571e-01 +6.0657e-01 +1.0809e+00
137 0 +3.495991751e+00 -1.344400825e+01 -1.344400825e+01 +2.6122e+00 +3.9042e+00 -2.2565e+00 +1.1889e+00 +1.2493e+00
159 0 +2.999088551e+00 -1.394091145e+01 -1.394091145e+01 +3.7381e+00 +3.2118e+00 -1.7968e+00 +1.7847e-01 +1.7757e+00
226 0 +2.446301997e+00 -1.449369800e+01 -1.449369800e+01 +4.3854e+00 +1.5926e+00 -9.3144e-01 -5.4576e-01 +1.4922e+00
266 0 +1.915048788e+00 -1.502495121e+01 -1.502495121e+01 +3.1940e+00 +2.6595e+00 -1.2202e+00 +2.1535e+00 +1.4374e+00
333 0 +9.406767295e-01 -1.599932327e+01 -1.599932327e+01 +3.4043e+00 +2.2017e+00 -1.3424e+00 +7.3552e-01 +1.5719e+00
365 0 +8.586247330e-01 -1.608137527e+01 -1.608137527e+01 +3.8586e+00 +2.6198e+00 -1.6022e+00 +1.3633e+00 +1.1995e+00
388 0 +7.760801776e-01 -1.616391982e+01 -1.616391982e+01 +3.5012e+00 +2.7404e+00 -1.3092e+00 +1.2119e+00 +1.3587e+00
392 0 +4.507076800e-01 -1.648929232e+01 -1.648929232e+01 +3.6459e+00 +2.6787e+00 -1.4415e+00 +1.3912e+00 +1.3211e+00
407 0 +2.303884653e-01 -1.670961153e+01 -1.670961153e+01 +3.4779e+00 +2.5178e+00 -1.5182e+00 +1.5609e+00 +1.3437e+00
494 0 +2.237441381e-01 -1.671625586e+01 -1.671625586e+01 +3.7038e+00 +2.6057e+00 -1.6015e+00 +1.5250e+00 +1.4224e+00
501 0 +1.511973588e-01 -1.678880264e+01 -1.678880264e+01 +3.4893e+00 +2.5979e+00 -1.5934e+00 +1.5137e+00 +1.3674e+00
656 0 +1.340237976e-01 -1.680597620e+01 -1.680597620e+01 +3.5885e+00 +2.5533e+00 -1.5774e+00 +1.4759e+00 +1.3970e+00
662 0 +1.273147412e-01 -1.681268526e+01 -1.681268526e+01 +3.7661e+00 +2.7163e+00 -1.5265e+00 +1.4407e+00 +1.4453e+00
780 0 +1.097708028e-01 -1.683022920e+01 -1.683022920e+01 +3.5970e+00 +2.4901e+00 -1.5085e+00 +1.4363e+00 +1.3797e+00
828 0 +7.796844225e-02 -1.686203156e+01 -1.686203156e+01 +3.5191e+00 +2.4619e+00 -1.6146e+00 +1.5275e+00 +1.3783e+00
834 0 +6.772381245e-02 -1.687227619e+01 -1.687227619e+01 +3.6439e+00 +2.5323e+00 -1.5711e+00 +1.4824e+00 +1.3916e+00
973 0 +6.070561980e-02 -1.687929438e+01 -1.687929438e+01 +3.6341e+00 +2.5828e+00 -1.5195e+00 +1.4421e+00 +1.3800e+00
1055 0 +4.955629113e-02 -1.689044371e+01 -1.689044371e+01 +3.6179e+00 +2.5485e+00 -1.5384e+00 +1.4774e+00 +1.3910e+00
1059 0 +4.589548155e-02 -1.689410452e+01 -1.689410452e+01 +3.6595e+00 +2.5388e+00 -1.5216e+00 +1.4504e+00 +1.3889e+00
1135 0 +4.588498525e-02 -1.689411501e+01 -1.689411501e+01 +3.6331e+00 +2.5313e+00 -1.5390e+00 +1.4817e+00 +1.4075e+00
1144 0 +2.089671785e-02 -1.691910328e+01 -1.691910328e+01 +3.6602e+00 +2.5494e+00 -1.5374e+00 +1.4708e+00 +1.4045e+00
1178 0 +2.024251032e-02 -1.691975749e+01 -1.691975749e+01 +3.6118e+00 +2.5240e+00 -1.5589e+00 +1.4963e+00 +1.3849e+00
1200 0 +1.338210116e-02 -1.692661790e+01 -1.692661790e+01 +3.6468e+00 +2.5471e+00 -1.5335e+00 +1.4670e+00 +1.3926e+00
1242 0 +6.873169250e-03 -1.693312683e+01 -1.693312683e+01 +3.6545e+00 +2.5472e+00 -1.5297e+00 +1.4694e+00 +1.3940e+00
