% f evaluations | g evaluations | best noise-free fitness - Fopt (-1.694000000000e+01) + sum g_i+ | measured fitness | best measured fitness or single-digit g-values | x1 | x2...
1 0 +1.324093633e+01 -3.699063674e+00 -3.699063674e+00 +5.9671e-01 -3.8264e-02 +7.4769e-01 +1.6230e+00 -1.3415e-01
5 0 +1.237830438e+01 -4.561695617e+00 -4.561695617e+00 +1.5656e+00 -1.2578e-01 +1.6753e-01 -1.3247e+00 -4.4438e-01
12 0 +1.195851158e+01 -4.981488421e+00 -4.981488421e+00 +1.0313e+00 -7.3922e-01 -2.0921e-01 +4.3126e-01 +1.0755e+00
14 0 +1.086104601e+01 -6.078953987e+00 -6.078953987e+00 +1.4562e+00 +2.7990e-02 +1.1035e+00 +4.6164e-01 -5.4512e-01
25 0 +6.718572502e+00 -1.022142750e+01 -1.022142750e+01 +8.9103e-01 -8.0939e-01 +1.5028e+00 -1.3019e+00 +6.8686e-01
32 0 +5.402858708e+00 -1.153714129e+01 -1.153714129e+01 +2.2446e+00 +6.2153e-01 -1.4737e-01 -7.4435e-02 +8.0773e-02
40 0 +4.786973409e+00 -1.215302659e+01 -1.215302659e+01 +1.9499e+00 +3.8515e-01 -2.2112e-01 -1.0642e+00 +1.3691e+00
59 0 +4.253949417e+00 -1.268605058e+01 -1.268605058e+01 +2.8865e+00 +1.0376e+00 +4.9611e-01 +2.8058e-01 +1.5948e+00
74 0 +3.033527074e+00 -1.390647293e+01 -1.390647293e+01 +2.6340e+00 +7.8163e-01 -2.6999e+00 -1.6109e-01 +4.7207e-01
90 0 +2.277211302e+00 -1.466278870e+01 -1.466278870e+01 +3.3713e+00 +2.1949e+00 -1.3647e+00 +2.3593e+00 +1.6631e+00
225 0 +2.168386180e+00 -1.477161382e+01 -1.477161382e+01 +4.7263e+00 +2.6629e+00 -1.1174e+00 +1.1524e+00 +1.3172e+00
243 0 +1.910971514e+00 -1.502902849e+01 -1.502902849e+01 +4.0619e+00 +3.1103e+00 -1.6601e+00 +8.5054e-01 +2.2031e+00
257 0 +1.532384376e+00 -1.540761562e+01 -1.540761562e+01 +4.1054e+00 +2.6244e+00 -1.4976e+00 +9.7249e-01 +1.3876e+00
366 0 +1.402821260e+00 -1.553717874e+01 -1.553717874e+01 +3.0866e+00 +3.1836e+00 -1.3469e+00 +1.2517e+00 +1.2322e+00
367 0 +8.395237873e-01 -1.610047621e+01 -1.610047621e+01 +4.2080e+00 +2.8609e+00 -1.5079e+00 +1.1086e+00 +1.5910e+00
389 0 +5.899107316e-01 -1.635008927e+01 -1.635008927e+01 +3.2874e+00 +2.1451e+00 -1.7933e+00 +1.7012e+00 +1.2446e+00
409 0 +5.854621269e-01 -1.635453787e+01 -1.635453787e+01 +3.1943e+00 +2.3007e+00 -1.7344e+00 +1.5282e+00 +1.3081e+00
429 0 +3.823011098e-01 -1.655769889e+01 -1.655769889e+01 +3.5534e+00 +2.4178e+00 -1.7439e+00 +1.4518e+00 +1.5014e+00
570 0 +1.346547421e-01 -1.680534526e+01 -1.680534526e+01 +3.7554e+00 +2.5106e+00 -1.4859e+00 +1.4843e+00 +1.3851e+00
839 0 +1.052040959e-01 -1.683479590e+01 -1.683479590e+01 +3.6717e+00 +2.5911e+00 -1.5811e+00 +1.5387e+00 +1.4006e+00
1017 0 +8.259431163e-02 -1.685740569e+01 -1.685740569e+01 +3.6721e+00 +2.5379e+00 -1.5576e+00 +1.4451e+00 +1.4411e+00
1022 0 +6.146426066e-02 -1.687853574e+01 -1.687853574e+01 +3.6066e+00 +2.5091e+00 -1.5583e+00 +1.4879e+00 +1.3828e+00
1081 0 +5.031195850e-02 -1.688968804e+01 -1.688968804e+01 +3.5845e+00 +2.4877e+00 -1.5743e+00 +1.5313e+00 +1.3843e+00
1116 0 +4.458938538e-02 -1.689541061e+01 -1.689541061e+01 +3.5982e+00 +2.4942e+00 -1.5637e+00 +1.5247e+00 +1.3856e+00
1120 0 +3.445132871e-02 -1.690554867e+01 -1.690554867e+01 +3.6306e+00 +2.5384e+00 -1.5517e+00 +1.4762e+00 +1.4044e+00
