% f evaluations | g evaluations | best noise-free fitness - Fopt (-9.210000000000e+00) + sum g_i+ | measured fitness | best measured fitness or single-digit g-values | x1 | x2...
1 0 +9.445828197e+01 +8.524828197e+01 +8.524828197e+01 +5.9671e-01 -3.8264e-02 +7.4769e-01 +1.6230e+00 -1.3415e-01
9 0 +9.389396990e+01 +8.468396990e+01 +8.468396990e+01 +8.3847e-01 +2.7137e-01 -1.5648e-02 -2.0110e-01 -1.3785e+00
10 0 +8.629682003e+01 +7.708682003e+01 +7.708682003e+01 -6.1984e-01 -3.6064e-01 +1.1571e+00 +4.4362e-01 -1.6630e+00
15 0 +6.968420319e+01 +6.047420319e+01 +6.047420319e+01 +4.6140e-01 +1.6380e+00 +6.4174e-02 +1.6646e+00 -2.5197e+00
29 0 +6.916884910e+01 +5.995884910e+01 +5.995884910e+01 +1.3803e+00 +4.7752e-01 +3.2452e-01 +1.8640e+00 -2.4914e+00
43 0 +6.818532394e+01 +5.897532394e+01 +5.897532394e+01 +1.6536e+00 -1.0367e+00 +1.0137e+00 +1.8195e+00 -2.6387e+00
46 0 +6.417133392e+01 +5.496133392e+01 +5.496133392e+01 -8.4769e-01 +1.5617e+00 +2.4154e+00 -1.8555e-01 -3.5124e+00
51 0 +5.143038476e+01 +4.222038476e+01 +4.222038476e+01 -1.2434e+00 +1.6509e+00 +3.7325e+00 -8.6833e-01 -4.7777e+00
52 0 +5.042440071e+01 +4.121440071e+01 +4.121440071e+01 +2.4702e+00 +1.4133e+00 +3.5633e+00 +4.9788e-01 -3.8344e+00
61 0 +4.863232495e+01 +3.942232495e+01 +3.942232495e+01 +1.3533e+00 -1.1924e-01 +1.0130e+00 +2.9089e+00 -3.8485e+00
62 0 +4.166311051e+01 +3.245311051e+01 +3.245311051e+01 +1.1051e+00 +4.4853e+00 +1.8555e+00 +1.4926e+00 -4.2815e+00
82 0 +4.046568456e+01 +3.125568456e+01 +3.125568456e+01 +2.1357e+00 +2.5672e+00 +3.2797e+00 +2.5011e+00 -3.6218e+00
83 0 +3.906834647e+01 +2.985834647e+01 +2.985834647e+01 -6.7281e-01 +2.2335e+00 +1.7403e+00 +2.6451e+00 -4.5075e+00
110 0 +3.718709871e+01 +2.797709871e+01 +2.797709871e+01 +3.4041e+00 -4.1763e-01 +1.9748e+00 +2.9456e+00 -4.5162e+00
141 0 +3.589987318e+01 +2.668987318e+01 +2.668987318e+01 +3.4398e+00 +2.5775e+00 +2.7200e+00 +1.6205e+00 -4.6182e+00
152 0 +3.046077817e+01 +2.125077817e+01 +2.125077817e+01 +2.5677e+00 +1.8671e+00 +3.1806e+00 +4.7598e+00 -3.4647e+00
155 0 +2.939484314e+01 +2.018484314e+01 +2.018484314e+01 +9.3147e-01 +7.3505e-01 +3.8684e+00 +2.5727e+00 -4.9487e+00
177 0 +2.921909742e+01 +2.000909742e+01 +2.000909742e+01 +7.7440e-01 +2.6230e-01 +2.8804e+00 +4.0810e+00 -4.5302e+00
181 0 +2.512237964e+01 +1.591237964e+01 +1.591237964e+01 +2.4000e+00 +1.4445e+00 +4.5469e+00 +2.4000e+00 -4.9854e+00
216 0 +2.397541541e+01 +1.476541541e+01 +1.476541541e+01 +3.5120e+00 +1.3896e+00 +4.1254e+00 +3.0136e+00 -4.7869e+00
226 0 +1.685139447e+01 +7.641394474e+00 +7.641394474e+00 +7.7302e-01 -3.2633e-01 +4.4925e+00 +4.7300e+00 -4.9971e+00
261 0 +1.312890312e+01 +3.918903122e+00 +3.918903122e+00 -2.0270e-01 +3.0121e+00 +3.6293e+00 +4.9977e+00 -4.9956e+00
354 0 +1.290476018e+01 +3.694760183e+00 +3.694760183e+00 +2.3586e+00 +4.9563e+00 +3.5753e+00 +4.6869e+00 -4.6080e+00
370 0 +8.676241233e+00 -5.337587669e-01 -5.337587669e-01 +2.0656e+00 +3.6624e+00 +4.8323e+00 +4.6624e+00 -4.9065e+00
398 0 +8.578969488e+00 -6.310305118e-01 -6.310305118e-01 +3.3247e+00 +4.9832e+00 +4.6028e+00 +4.6928e+00 -4.6110e+00
406 0 +8.156608609e+00 -1.053391391e+00 -1.053391391e+00 +3.5451e+00 +3.4993e+00 +4.8800e+00 +4.8096e+00 -4.7417e+00
477 0 +8.087909067e+00 -1.122090933e+00 -1.122090933e+00 +2.5629e+00 +4.6711e+00 +4.7811e+00 +4.8029e+00 -4.6735e+00
495 0 +7.532250857e+00 -1.677749143e+00 -1.677749143e+00 +1.7394e+00 +4.8360e+00 +4.3776e+00 +4.7204e+00 -4.9561e+00
505 0 +7.028941972e+00 -2.181058028e+00 -2.181058028e+00 +3.6284e+00 +4.6908e+00 +4.7978e+00 +4.3385e+00 -4.9252e+00
531 0 +5.927977034e+00 -3.282022966e+00 -3.282022966e+00 +4.3955e+00 +4.2300e+00 +4.8438e+00 +4.6240e+00 -4.8654e+00
533 0 +5.848385159e+00 -3.361614841e+00 -3.361614841e+00 +4.2045e+00 +4.7469e+00 +4.6623e+00 +4.7519e+00 -4.7860e+00
551 0 +5.445049571e+00 -3.764950429e+00 -3.764950429e+00 +3.8744e+00 +4.5085e+00 +4.5392e+00 +4.9428e+00 -4.8334e+00
555 0 +4.651936408e+00 -4.558063592e+00 -4.558063592e+00 +4.5207e+00 +3.5174e+00 +4.7050e+00 +4.9981e+00 -4.9407e+00
583 0 +3.708535787e+00 -5.501464213e+00 -5.501464213e+00 +4.4721e+00 +4.7030e+00 +4.8555e+00 +4.7266e+00 -4.9342e+00
593 0 +3.587961055e+00 -5.622038945e+00 -5.622038945e+00 +2.9601e+00 +4.9715e+00 +4.7684e+00 +4.8806e+00 -4.9906e+00
646 0 +2.955345079e+00 -6.254654921e+00 -6.254654921e+00 +4.5836e+00 +4.8886e+00 +4.9733e+00 +4.7918e+00 -4.8914e+00
867 0 +2.925164376e+00 -6.284835624e+00 -6.284835624e+00 +4.2857e+00 +4.8832e+00 +4.9103e+00 +4.8396e+00 -4.9183e+00
886 0 +2.924862698e+00 -6.285137302e+00 -6.285137302e+00 +4.4115e+00 +4.3061e+00 +4.8238e+00 +4.9341e+00 -4.9825e+00
925 0 +2.863538500e+00 -6.346461500e+00 -6.346461500e+00 +4.0318e+00 +4.8908e+00 +4.9773e+00 +4.8630e+00 -4.9141e+00
953 0 +2.842098591e+00 -6.367901409e+00 -6.367901409e+00 +4.7606e+00 +4.8613e+00 +4.4650e+00 +4.9665e+00 -4.9524e+00
963 0 +2.824996610e+00 -6.385003390e+00 -6.385003390e+00 +4.2728e+00 +4.7848e+00 +4.7729e+00 +4.8458e+00 -4.9870e+00
969 0 +2.738544392e+00 -6.471455608e+00 -6.471455608e+00 +4.7833e+00 +4.3091e+00 +4.7244e+00 +4.9876e+00 -4.9648e+00
% f evaluations | g evaluations | best noise-free fitness - Fopt (6.559900000000e+02) + sum g_i+ | measured fitness | best measured fitness or single-digit g-values | x1 | x2...
1 0 +9.905099025e+01 +7.550409902e+02 +7.550409902e+02 +5.9671e-01 -3.8264e-02 +7.4769e-01 +1.6230e+00 -1.3415e-01
9 0 +9.476013873e+01 +7.507501387e+02 +7.507501387e+02 +8.3847e-01 +2.7137e-01 -1.5648e-02 -2.0110e-01 -1.3785e+00
10 0 +9.233247056e+01 +7.483224706e+02 +7.483224706e+02 -6.1984e-01 -3.6064e-01 +1.1571e+00 +4.4362e-01 -1.6630e+00
15 0 +7.591584835e+01 +7.319058484e+02 +7.319058484e+02 +4.6140e-01 +1.6380e+00 +6.4174e-02 +1.6646e+00 -2.5197e+00
34 0 +6.877760822e+01 +7.247676082e+02 +7.247676082e+02 -6.0256e-01 +9.3121e-01 -6.1908e-01 +1.9289e+00 -2.8496e+00
37 0 +5.694049253e+01 +7.129304925e+02 +7.129304925e+02 +2.8551e+00 +2.4183e+00 -3.4418e-01 +1.5033e+00 -4.2783e+00
44 0 +5.391209151e+01 +7.099020915e+02 +7.099020915e+02 +1.3620e+00 +2.6715e+00 +1.5131e-01 +4.1646e+00 -3.4355e+00
56 0 +5.118486204e+01 +7.071748620e+02 +7.071748620e+02 +3.0233e+00 +1.6609e+00 +9.1171e-01 +3.5217e+00 -3.9645e+00
58 0 +4.215177166e+01 +6.981417717e+02 +6.981417717e+02 +4.4638e+00 +1.0758e+00 +2.7760e-01 +4.2743e+00 -3.9959e+00
72 0 +3.654158813e+01 +6.925315881e+02 +6.925315881e+02 +2.1472e+00 +4.6566e-01 -1.3594e+00 +3.3307e+00 -4.6930e+00
111 0 +3.345684229e+01 +6.894468423e+02 +6.894468423e+02 -1.2745e+00 -1.6684e+00 -3.0438e+00 +2.3719e+00 -4.9707e+00
155 0 +3.090852779e+01 +6.868985278e+02 +6.868985278e+02 +1.5510e+00 -3.0748e+00 -3.5541e+00 +3.4364e+00 -3.9329e+00
164 0 +2.891625926e+01 +6.849062593e+02 +6.849062593e+02 +2.2185e+00 -8.1334e-01 -3.5084e+00 +3.4267e+00 -4.4875e+00
177 0 +2.158580296e+01 +6.775758030e+02 +6.775758030e+02 +1.5629e+00 -4.9208e+00 -3.1680e+00 +3.3273e+00 -4.7192e+00
292 0 +2.010970700e+01 +6.760997070e+02 +6.760997070e+02 +2.8353e+00 -1.3109e+00 -2.3474e+00 +4.6134e+00 -4.9177e+00
294 0 +1.850495871e+01 +6.744949587e+02 +6.744949587e+02 +2.8093e+00 -3.1094e+00 -4.4455e+00 +4.8160e+00 -3.9836e+00
311 0 +1.664879091e+01 +6.726387909e+02 +6.726387909e+02 +3.1373e+00 -1.8249e+00 -4.1912e+00 +4.9984e+00 -4.3427e+00
342 0 +1.436581953e+01 +6.703558195e+02 +6.703558195e+02 +2.2375e-01 -2.7408e+00 -4.8074e+00 +4.7780e+00 -4.6285e+00
351 0 +1.192327020e+01 +6.679132702e+02 +6.679132702e+02 +3.9315e+00 -4.4101e+00 -2.8617e+00 +4.6004e+00 -4.9204e+00
456 0 +1.130148224e+01 +6.672914822e+02 +6.672914822e+02 +1.0000e+00 -4.5594e+00 -4.7211e+00 +4.0647e+00 -4.9623e+00
465 0 +1.081596115e+01 +6.668059611e+02 +6.668059611e+02 +3.3039e+00 -2.5638e+00 -4.9889e+00 +4.4224e+00 -4.8496e+00
483 0 +8.752664612e+00 +6.647426646e+02 +6.647426646e+02 +4.0915e+00 -2.2324e+00 -4.6571e+00 +4.9005e+00 -4.8721e+00
511 0 +8.342802487e+00 +6.643328025e+02 +6.643328025e+02 +4.7042e+00 -2.8490e+00 -4.3248e+00 +4.7256e+00 -4.9457e+00
529 0 +8.260014973e+00 +6.642500150e+02 +6.642500150e+02 +3.1889e+00 -4.8204e+00 -3.6031e+00 +4.8273e+00 -4.9259e+00
537 0 +7.838469279e+00 +6.638284693e+02 +6.638284693e+02 +4.9406e+00 -4.5898e+00 -4.5521e+00 +4.6689e+00 -4.6228e+00
559 0 +6.707819670e+00 +6.626978197e+02 +6.626978197e+02 +4.7246e+00 -4.7870e+00 -4.4583e+00 +4.9959e+00 -4.5683e+00
586 0 +6.674266262e+00 +6.626642663e+02 +6.626642663e+02 +4.8098e+00 -4.2053e+00 -4.4555e+00 +4.4570e+00 -4.9705e+00
627 0 +6.518496517e+00 +6.625084965e+02 +6.625084965e+02 +4.1991e+00 -4.7069e+00 -4.3732e+00 +4.6622e+00 -4.8685e+00
629 0 +6.447069884e+00 +6.624370699e+02 +6.624370699e+02 +4.3505e+00 -4.2688e+00 -4.6907e+00 +4.6253e+00 -4.8588e+00
641 0 +5.592343304e+00 +6.615823433e+02 +6.615823433e+02 +4.2635e+00 -4.1296e+00 -4.4316e+00 +4.9740e+00 -4.8636e+00
648 0 +5.531076696e+00 +6.615210767e+02 +6.615210767e+02 +4.4608e+00 -4.3977e+00 -4.3891e+00 +4.7267e+00 -4.9548e+00
701 0 +5.445990798e+00 +6.614359908e+02 +6.614359908e+02 +4.8518e+00 -4.1840e+00 -4.0506e+00 +4.9614e+00 -4.9372e+00
728 0 +4.748176227e+00 +6.607381762e+02 +6.607381762e+02 +3.7568e+00 -4.2831e+00 -4.6952e+00 +4.9844e+00 -4.8821e+00
844 0 +4.715424826e+00 +6.607054248e+02 +6.607054248e+02 +4.2161e+00 -4.4503e+00 -4.7263e+00 +4.8591e+00 -4.8703e+00
870 0 +4.675240631e+00 +6.606652406e+02 +6.606652406e+02 +4.2890e+00 -4.7722e+00 -4.8921e+00 +4.7592e+00 -4.8136e+00
902 0 +4.344294136e+00 +6.603342941e+02 +6.603342941e+02 +4.4651e+00 -3.6249e+00 -4.9264e+00 +4.8111e+00 -4.9931e+00
923 0 +4.273389777e+00 +6.602633898e+02 +6.602633898e+02 +4.7091e+00 -4.8231e+00 -4.8881e+00 +4.9793e+00 -4.6802e+00
961 0 +4.180126985e+00 +6.601701270e+02 +6.601701270e+02 +4.4590e+00 -4.8694e+00 -4.7810e+00 +4.9650e+00 -4.7483e+00
% f evaluations | g evaluations | best noise-free fitness - Fopt (6.671000000000e+01) + sum g_i+ | measured fitness | best measured fitness or single-digit g-values | x1 | x2...
1 0 +1.002444186e+02 +1.669544186e+02 +1.669544186e+02 +5.9671e-01 -3.8264e-02 +7.4769e-01 +1.6230e+00 -1.3415e-01
4 0 +9.846507666e+01 +1.651750767e+02 +1.651750767e+02 -4.6229e-01 -9.1283e-01 +4.1425e-01 -8.0802e-01 -1.3123e+00
9 0 +9.643707189e+01 +1.631470719e+02 +1.631470719e+02 +8.3847e-01 +2.7137e-01 -1.5648e-02 -2.0110e-01 -1.3785e+00
10 0 +9.109278215e+01 +1.578027821e+02 +1.578027821e+02 -6.1984e-01 -3.6064e-01 +1.1571e+00 +4.4362e-01 -1.6630e+00
15 0 +7.683863956e+01 +1.435486396e+02 +1.435486396e+02 +4.6140e-01 +1.6380e+00 +6.4174e-02 +1.6646e+00 -2.5197e+00
26 0 +5.742769960e+01 +1.241376996e+02 +1.241376996e+02 +1.2054e+00 +1.5676e+00 -1.6102e+00 +4.4973e+00 -2.4003e+00
53 0 +4.720712177e+01 +1.139171218e+02 +1.139171218e+02 -2.2621e-03 -3.6283e-01 +7.1879e-01 +4.0962e+00 -3.9203e+00
54 0 +4.530294255e+01 +1.120129425e+02 +1.120129425e+02 -2.5369e+00 +1.3071e+00 -1.3280e-01 +3.3216e+00 -4.3206e+00
56 0 +4.516667189e+01 +1.118766719e+02 +1.118766719e+02 -2.6217e-01 -1.5437e-01 +2.3709e+00 +4.8792e+00 -4.2176e+00
70 0 +4.196981164e+01 +1.086798116e+02 +1.086798116e+02 -6.6948e-01 -3.1310e+00 +8.8001e-01 +2.7869e+00 -4.6724e+00
82 0 +3.581998808e+01 +1.025299881e+02 +1.025299881e+02 +7.6545e-01 -2.3561e+00 -1.4160e+00 +3.9241e+00 -4.2031e+00
88 0 +3.505132394e+01 +1.017613239e+02 +1.017613239e+02 -9.3900e-01 -2.7339e+00 -6.7691e-01 +4.6805e+00 -3.8507e+00
116 0 +2.521444745e+01 +9.192444745e+01 +9.192444745e+01 -1.6944e+00 -2.7678e+00 -1.9842e+00 +4.8096e+00 -4.2668e+00
204 0 +2.417240676e+01 +9.088240676e+01 +9.088240676e+01 -8.9301e-01 -4.2635e+00 -3.4476e+00 +4.5105e+00 -3.8906e+00
205 0 +2.240968920e+01 +8.911968920e+01 +8.911968920e+01 +1.5448e+00 -1.4315e+00 -4.1099e+00 +4.4518e+00 -4.6378e+00
271 0 +2.179520397e+01 +8.850520397e+01 +8.850520397e+01 -3.4701e-01 -2.0387e+00 -3.8557e+00 +3.7658e+00 -4.8683e+00
286 0 +2.144653984e+01 +8.815653984e+01 +8.815653984e+01 -2.0008e+00 -3.8887e+00 -2.4891e+00 +3.7210e+00 -4.8661e+00
293 0 +2.132265281e+01 +8.803265281e+01 +8.803265281e+01 -2.2705e+00 -1.6350e+00 -2.7938e+00 +4.2425e+00 -4.8627e+00
310 0 +2.129163372e+01 +8.800163372e+01 +8.800163372e+01 -2.0612e+00 -2.3467e+00 -3.2935e+00 +3.7377e+00 -4.8860e+00
319 0 +2.085180310e+01 +8.756180310e+01 +8.756180310e+01 -4.9551e+00 -4.8291e+00 -3.7465e+00 +4.0209e+00 -3.8967e+00
323 0 +2.001344956e+01 +8.672344956e+01 +8.672344956e+01 -1.8902e+00 -3.1973e+00 -3.3619e+00 +4.4142e+00 -4.4776e+00
355 0 +1.996976688e+01 +8.667976688e+01 +8.667976688e+01 -4.9879e+00 -1.9974e+00 -4.8345e+00 +2.7366e+00 -4.8633e+00
359 0 +1.777867641e+01 +8.448867641e+01 +8.448867641e+01 -4.3584e+00 -4.2849e+00 -3.4539e+00 +3.7322e+00 -4.6153e+00
381 0 +1.641324532e+01 +8.312324532e+01 +8.312324532e+01 -4.3361e+00 -3.7615e+00 -3.4725e+00 +4.3980e+00 -4.4669e+00
391 0 +1.343448165e+01 +8.014448165e+01 +8.014448165e+01 -4.5749e+00 -4.7448e+00 -2.0583e+00 +4.5439e+00 -4.9312e+00
437 0 +1.321577394e+01 +7.992577394e+01 +7.992577394e+01 -4.0467e+00 -4.9977e+00 -3.8598e+00 +3.7642e+00 -4.8297e+00
451 0 +1.200069767e+01 +7.871069767e+01 +7.871069767e+01 -3.0220e+00 -2.9554e+00 -3.6238e+00 +4.9160e+00 -4.8438e+00
460 0 +8.818172377e+00 +7.552817238e+01 +7.552817238e+01 -3.3043e+00 -4.8937e+00 -3.8122e+00 +4.6045e+00 -4.9047e+00
532 0 +8.326885746e+00 +7.503688575e+01 +7.503688575e+01 -4.2458e+00 -4.1496e+00 -4.9868e+00 +4.5472e+00 -4.6528e+00
552 0 +6.717400241e+00 +7.342740024e+01 +7.342740024e+01 -2.9150e+00 -3.3755e+00 -4.8181e+00 +4.9180e+00 -4.9292e+00
585 0 +6.619902351e+00 +7.332990235e+01 +7.332990235e+01 -2.9144e+00 -4.2481e+00 -4.4270e+00 +4.7743e+00 -4.9884e+00
602 0 +4.436508172e+00 +7.114650817e+01 +7.114650817e+01 -4.8708e+00 -4.9099e+00 -4.7097e+00 +4.6979e+00 -4.8470e+00
625 0 +4.116483037e+00 +7.082648304e+01 +7.082648304e+01 -4.6284e+00 -4.7872e+00 -4.6852e+00 +4.6258e+00 -4.9734e+00
% f evaluations | g evaluations | best noise-free fitness - Fopt (9.416700000000e+02) + sum g_i+ | measured fitness | best measured fitness or single-digit g-values | x1 | x2...
1 0 +9.551562103e+01 +1.037185621e+03 +1.037185621e+03 +5.9671e-01 -3.8264e-02 +7.4769e-01 +1.6230e+00 -1.3415e-01
10 0 +8.377449861e+01 +1.025444499e+03 +1.025444499e+03 -6.1984e-01 -3.6064e-01 +1.1571e+00 +4.4362e-01 -1.6630e+00
15 0 +7.643276780e+01 +1.018102768e+03 +1.018102768e+03 +4.6140e-01 +1.6380e+00 +6.4174e-02 +1.6646e+00 -2.5197e+00
26 0 +4.200855095e+01 +9.836785510e+02 +9.836785510e+02 -1.7876e+00 -1.9055e+00 +2.3460e-01 +2.0259e+00 -4.8501e+00
80 0 +3.365589189e+01 +9.753258919e+02 +9.753258919e+02 -2.6124e+00 -2.2858e+00 +3.8732e+00 +3.0893e+00 -3.7866e+00
81 0 +2.268901023e+01 +9.643590102e+02 +9.643590102e+02 -1.2918e-01 -2.6997e+00 +4.2671e+00 +4.1409e+00 -4.3421e+00
98 0 +2.259616399e+01 +9.642661640e+02 +9.642661640e+02 -2.0772e+00 -2.3433e+00 +2.0902e+00 +4.3677e+00 -4.7808e+00
200 0 +2.215908821e+01 +9.638290882e+02 +9.638290882e+02 +1.8572e-01 -1.2655e+00 +3.4144e+00 +4.6668e+00 -4.6555e+00
204 0 +1.264985044e+01 +9.543198504e+02 +9.543198504e+02 -2.6111e+00 -3.6347e+00 +4.4222e+00 +4.8670e+00 -4.4742e+00
289 0 +1.179226648e+01 +9.534622665e+02 +9.534622665e+02 -2.1780e+00 -4.6824e+00 +4.1404e+00 +4.1947e+00 -4.8841e+00
306 0 +1.086170662e+01 +9.525317066e+02 +9.525317066e+02 -3.7463e+00 -3.0106e+00 +4.9684e+00 +4.1431e+00 -4.8849e+00
348 0 +9.076181581e+00 +9.507461816e+02 +9.507461816e+02 -4.2944e+00 -4.5917e+00 +4.1827e+00 +4.9234e+00 -4.5371e+00
429 0 +8.073711982e+00 +9.497437120e+02 +9.497437120e+02 -2.0857e+00 -3.8821e+00 +4.4549e+00 +4.8684e+00 -4.9293e+00
444 0 +6.897231113e+00 +9.485672311e+02 +9.485672311e+02 -2.9202e+00 -4.7728e+00 +4.8161e+00 +4.7688e+00 -4.7468e+00
503 0 +6.175354212e+00 +9.478453542e+02 +9.478453542e+02 -4.2900e+00 -4.9663e+00 +4.4101e+00 +4.6098e+00 -4.8654e+00
505 0 +6.023496453e+00 +9.476934965e+02 +9.476934965e+02 -4.8460e+00 -4.3918e+00 +4.8478e+00 +4.8585e+00 -4.6489e+00
534 0 +5.190838818e+00 +9.468608388e+02 +9.468608388e+02 -4.3966e+00 -4.3069e+00 +4.5838e+00 +4.6714e+00 -4.9809e+00
543 0 +4.735573207e+00 +9.464055732e+02 +9.464055732e+02 -3.9377e+00 -4.6202e+00 +4.9183e+00 +4.5263e+00 -4.9924e+00
554 0 +4.652695048e+00 +9.463226950e+02 +9.463226950e+02 -3.6402e+00 -4.5236e+00 +4.9395e+00 +4.6648e+00 -4.9631e+00
559 0 +4.635645199e+00 +9.463056452e+02 +9.463056452e+02 -3.0635e+00 -4.1545e+00 +4.9424e+00 +4.8570e+00 -4.9791e+00
560 0 +4.281112577e+00 +9.459511126e+02 +9.459511126e+02 -4.2850e+00 -4.0182e+00 +4.6892e+00 +4.9212e+00 -4.9606e+00
576 0 +3.687902730e+00 +9.453579027e+02 +9.453579027e+02 -4.4971e+00 -4.9340e+00 +4.5691e+00 +4.7996e+00 -4.9422e+00
586 0 +3.600637650e+00 +9.452706377e+02 +9.452706377e+02 -4.5690e+00 -4.6329e+00 +4.9443e+00 +4.6265e+00 -4.9760e+00
615 0 +3.356096455e+00 +9.450260965e+02 +9.450260965e+02 -4.6012e+00 -4.7396e+00 +4.8433e+00 +4.7613e+00 -4.9344e+00
642 0 +3.013140273e+00 +9.446831403e+02 +9.446831403e+02 -3.9704e+00 -4.9435e+00 +4.7359e+00 +4.9890e+00 -4.9014e+00
644 0 +2.826364877e+00 +9.444963649e+02 +9.444963649e+02 -4.3765e+00 -4.5589e+00 +4.8893e+00 +4.9598e+00 -4.9158e+00
708 0 +2.698728585e+00 +9.443687286e+02 +9.443687286e+02 -4.3768e+00 -4.6457e+00 +4.8824e+00 +4.8723e+00 -4.9645e+00
786 0 +2.689471817e+00 +9.443594718e+02 +9.443594718e+02 -4.8314e+00 -4.9777e+00 +4.8497e+00 +4.8764e+00 -4.8689e+00
795 0 +2.488520805e+00 +9.441585208e+02 +9.441585208e+02 -4.8104e+00 -4.4072e+00 +4.8411e+00 +4.9093e+00 -4.9768e+00
836 0 +2.431246271e+00 +9.441012463e+02 +9.441012463e+02 -4.5608e+00 -4.9848e+00 +4.8385e+00 +4.9529e+00 -4.8811e+00
860 0 +2.296544727e+00 +9.439665447e+02 +9.439665447e+02 -4.4947e+00 -4.7818e+00 +4.6572e+00 +4.9541e+00 -4.9939e+00
923 0 +2.291629003e+00 +9.439616290e+02 +9.439616290e+02 -4.5946e+00 -4.9322e+00 +4.8560e+00 +4.8886e+00 -4.9316e+00
932 0 +2.269568658e+00 +9.439395687e+02 +9.439395687e+02 -4.9318e+00 -4.5844e+00 +4.6625e+00 +4.9676e+00 -4.9787e+00
985 0 +2.238015886e+00 +9.439080159e+02 +9.439080159e+02 -4.9809e+00 -4.9799e+00 +4.8582e+00 +4.7061e+00 -4.9918e+00
1013 0 +2.189338035e+00 +9.438593380e+02 +9.438593380e+02 -4.9924e+00 -4.9069e+00 +4.6862e+00 +4.9073e+00 -4.9497e+00
1047 0 +2.178413709e+00 +9.438484137e+02 +9.438484137e+02 -4.8033e+00 -4.7737e+00 +4.5981e+00 +4.9847e+00 -4.9778e+00
1057 0 +2.149252305e+00 +9.438192523e+02 +9.438192523e+02 -4.8977e+00 -4.9657e+00 +4.7332e+00 +4.9786e+00 -4.8979e+00
1070 0 +2.143360639e+00 +9.438133606e+02 +9.438133606e+02 -4.8326e+00 -4.8724e+00 +4.6034e+00 +4.9892e+00 -4.9566e+00
1128 0 +2.098156700e+00 +9.437681567e+02 +9.437681567e+02 -4.8512e+00 -4.9489e+00 +4.5919e+00 +4.9008e+00 -4.9990e+00
1157 0 +2.058800865e+00 +9.437288009e+02 +9.437288009e+02 -4.6209e+00 -4.9901e+00 +4.5770e+00 +4.9979e+00 -4.9688e+00
1187 0 +2.010168428e+00 +9.436801684e+02 +9.436801684e+02 -4.7827e+00 -4.9284e+00 +4.6234e+00 +4.9317e+00 -4.9909e+00
1225 0 +1.993455523e+00 +9.436634555e+02 +9.436634555e+02 -4.9608e+00 -4.9969e+00 +4.6058e+00 +4.9925e+00 -4.9340e+00
% f evaluations | g evaluations | best noise-free fitness - Fopt (-3.745000000000e+01) + sum g_i+ | measured fitness | best measured fitness or single-digit g-values | x1 | x2...
1 0 +1.127122172e+02 +7.526221717e+01 +7.526221717e+01 +5.9671e-01 -3.8264e-02 +7.4769e-01 +1.6230e+00 -1.3415e-01
2 0 +1.065727028e+02 +6.912270280e+01 +6.912270280e+01 -1.3414e-01 +1.6792e+00 +8.6743e-01 -3.6947e-01 +6.4256e-01
3 0 +8.130625686e+01 +4.385625686e+01 +4.385625686e+01 -3.6342e-01 -3.6573e-01 +3.4196e-01 -1.8133e+00 -1.6249e+00
26 0 +4.857783770e+01 +1.112783770e+01 +1.112783770e+01 +1.7468e+00 +9.9656e-01 -5.9973e-01 -3.5846e+00 -3.7462e+00
51 0 +4.650887825e+01 +9.058878251e+00 +9.058878251e+00 +4.7792e+00 +3.3075e+00 -2.0196e+00 -1.9325e+00 -4.6169e+00
57 0 +3.884814097e+01 +1.398140974e+00 +1.398140974e+00 -3.4221e+00 -3.8013e-01 +1.2461e+00 -3.7429e+00 -4.8082e+00
80 0 +3.330727173e+01 -4.142728273e+00 -4.142728273e+00 +4.3562e+00 -2.3973e-02 +3.0972e+00 -4.7264e+00 -3.3827e+00
99 0 +2.579606801e+01 -1.165393199e+01 -1.165393199e+01 -4.4393e+00 +2.8477e+00 +2.4629e+00 -4.9794e+00 -4.5610e+00
115 0 +1.999694226e+01 -1.745305774e+01 -1.745305774e+01 +3.3251e+00 -7.5238e-01 +4.4926e+00 -4.3327e+00 -4.7265e+00
225 0 +1.879224508e+01 -1.865775492e+01 -1.865775492e+01 -1.7853e-01 +1.0098e+00 +4.2546e+00 -4.8177e+00 -4.6864e+00
261 0 +1.662621764e+01 -2.082378236e+01 -2.082378236e+01 +1.8714e+00 +1.8029e+00 +3.7357e+00 -4.5875e+00 -4.8505e+00
342 0 +1.502563968e+01 -2.242436032e+01 -2.242436032e+01 +1.4677e+00 +1.6649e+00 +4.2540e+00 -4.9882e+00 -4.6863e+00
344 0 +1.443863723e+01 -2.301136277e+01 -2.301136277e+01 +4.5230e+00 +4.1459e+00 +2.9292e+00 -3.9599e+00 -4.9955e+00
362 0 +1.076294088e+01 -2.668705912e+01 -2.668705912e+01 +3.4692e+00 +3.0635e+00 +3.6180e+00 -4.9035e+00 -4.9124e+00
381 0 +9.571338071e+00 -2.787866193e+01 -2.787866193e+01 +1.6129e+00 +4.8922e+00 +4.7320e+00 -4.2731e+00 -4.8942e+00
382 0 +8.992574322e+00 -2.845742568e+01 -2.845742568e+01 +1.9360e+00 +4.8013e+00 +4.1651e+00 -4.7883e+00 -4.8255e+00
432 0 +8.706691445e+00 -2.874330856e+01 -2.874330856e+01 +4.1518e+00 +3.9640e+00 +4.3890e+00 -4.8095e+00 -4.6987e+00
449 0 +8.593676611e+00 -2.885632339e+01 -2.885632339e+01 +4.0966e+00 +4.6697e+00 +4.1419e+00 -4.9519e+00 -4.5881e+00
463 0 +8.185272530e+00 -2.926472747e+01 -2.926472747e+01 +4.1182e+00 +4.1007e+00 +4.5870e+00 -4.7518e+00 -4.6998e+00
485 0 +7.190335670e+00 -3.025966433e+01 -3.025966433e+01 +3.4263e+00 +3.1589e+00 +4.8381e+00 -4.7161e+00 -4.9766e+00
501 0 +7.037619595e+00 -3.041238040e+01 -3.041238040e+01 +2.5966e+00 +3.4270e+00 +4.7386e+00 -4.8976e+00 -4.9566e+00
525 0 +5.944879077e+00 -3.150512092e+01 -3.150512092e+01 +4.4064e+00 +3.6263e+00 +4.7234e+00 -4.8078e+00 -4.9047e+00
561 0 +5.437247981e+00 -3.201275202e+01 -3.201275202e+01 +3.4159e+00 +4.9456e+00 +4.7359e+00 -4.9260e+00 -4.7495e+00
585 0 +5.245560849e+00 -3.220443915e+01 -3.220443915e+01 +4.5125e+00 +4.2604e+00 +4.7220e+00 -4.7177e+00 -4.9024e+00
591 0 +5.207512188e+00 -3.224248781e+01 -3.224248781e+01 +4.4735e+00 +4.7419e+00 +4.8635e+00 -4.8493e+00 -4.7057e+00
601 0 +3.883680545e+00 -3.356631945e+01 -3.356631945e+01 +4.7561e+00 +3.2973e+00 +4.9554e+00 -4.9701e+00 -4.9697e+00
659 0 +3.565919200e+00 -3.388408080e+01 -3.388408080e+01 +4.3728e+00 +4.3854e+00 +4.9676e+00 -4.7328e+00 -4.9759e+00
704 0 +3.459389529e+00 -3.399061047e+01 -3.399061047e+01 +4.4023e+00 +4.7557e+00 +4.2763e+00 -4.9916e+00 -4.9909e+00
728 0 +3.444161437e+00 -3.400583856e+01 -3.400583856e+01 +4.4831e+00 +4.5817e+00 +4.6154e+00 -4.8826e+00 -4.9693e+00
737 0 +3.305392480e+00 -3.414460752e+01 -3.414460752e+01 +4.1275e+00 +4.6711e+00 +4.9746e+00 -4.8900e+00 -4.8851e+00
752 0 +3.217451701e+00 -3.423254830e+01 -3.423254830e+01 +4.7962e+00 +4.9843e+00 +4.9712e+00 -4.7965e+00 -4.8250e+00
753 0 +3.049731663e+00 -3.440026834e+01 -3.440026834e+01 +4.2731e+00 +4.3689e+00 +4.7646e+00 -4.9193e+00 -4.9998e+00
754 0 +2.427699412e+00 -3.502230059e+01 -3.502230059e+01 +4.7447e+00 +4.3846e+00 +4.7255e+00 -4.9890e+00 -4.9852e+00
906 0 +2.329501927e+00 -3.512049807e+01 -3.512049807e+01 +4.5259e+00 +4.9277e+00 +4.9505e+00 -4.9773e+00 -4.8558e+00
954 0 +2.292146083e+00 -3.515785392e+01 -3.515785392e+01 +4.9625e+00 +4.3883e+00 +4.8691e+00 -4.9737e+00 -4.9395e+00
976 0 +2.256807972e+00 -3.519319203e+01 -3.519319203e+01 +4.7996e+00 +4.9941e+00 +4.8682e+00 -4.9623e+00 -4.8583e+00
993 0 +2.166091399e+00 -3.528390860e+01 -3.528390860e+01 +4.9900e+00 +4.5905e+00 +4.8212e+00 -4.9422e+00 -4.9463e+00
1074 0 +2.146998571e+00 -3.530300143e+01 -3.530300143e+01 +4.9334e+00 +4.7684e+00 +4.7016e+00 -4.9405e+00 -4.9610e+00
1076 0 +2.102136192e+00 -3.534786381e+01 -3.534786381e+01 +4.8396e+00 +4.3710e+00 +4.9985e+00 -4.9748e+00 -4.9323e+00
1092 0 +2.096419169e+00 -3.535358083e+01 -3.535358083e+01 +4.9633e+00 +4.0666e+00 +4.9483e+00 -4.9640e+00 -4.9966e+00
1126 0 +2.081939236e+00 -3.536806076e+01 -3.536806076e+01 +4.9673e+00 +3.9831e+00 +4.9960e+00 -4.9907e+00 -4.9824e+00
% f evaluations | g evaluations | best noise-free fitness - Fopt (-6.639000000000e+01) + sum g_i+ | measured fitness | best measured fitness or single-digit g-values | x1 | x2...
1 0 +1.003805078e+02 +3.399050779e+01 +3.399050779e+01 +5.9671e-01 -3.8264e-02 +7.4769e-01 +1.6230e+00 -1.3415e-01
9 0 +9.547193463e+01 +2.908193463e+01 +2.908193463e+01 +8.3847e-01 +2.7137e-01 -1.5648e-02 -2.0110e-01 -1.3785e+00
10 0 +9.237541515e+01 +2.598541515e+01 +2.598541515e+01 -6.1984e-01 -3.6064e-01 +1.1571e+00 +4.4362e-01 -1.6630e+00
15 0 +7.101286617e+01 +4.622866165e+00 +4.622866165e+00 +4.6140e-01 +1.6380e+00 +6.4174e-02 +1.6646e+00 -2.5197e+00
54 0 +6.320024331e+01 -3.189756689e+00 -3.189756689e+00 +1.7487e+00 -4.2381e-01 +6.5810e-01 +4.2466e-01 -4.6815e+00
55 0 +6.258527507e+01 -3.804724931e+00 -3.804724931e+00 +3.3858e+00 -7.2890e-01 -1.5858e+00 -4.7365e-01 -4.7565e+00
62 0 +5.497035684e+01 -1.141964316e+01 -1.141964316e+01 +1.0262e+00 +1.6595e+00 +1.8290e+00 +1.4125e+00 -4.8766e+00
73 0 +4.072510560e+01 -2.566489440e+01 -2.566489440e+01 +9.1177e-01 +1.7600e+00 -2.5522e+00 +3.8023e+00 -3.5424e+00
126 0 +3.965656172e+01 -2.673343828e+01 -2.673343828e+01 +7.1437e-01 +9.1978e-01 -3.0127e+00 +1.5217e+00 -4.9158e+00
159 0 +3.314241887e+01 -3.324758113e+01 -3.324758113e+01 -2.2934e+00 +8.8995e-01 -3.8673e+00 +3.1949e+00 -4.0606e+00
160 0 +2.563494195e+01 -4.075505805e+01 -4.075505805e+01 +1.3028e+00 +4.9756e+00 -4.6644e+00 +2.8656e+00 -4.3775e+00
202 0 +2.517217084e+01 -4.121782916e+01 -4.121782916e+01 -3.9798e+00 +4.6029e+00 -1.7599e+00 +4.4093e+00 -4.0122e+00
212 0 +1.593974324e+01 -5.045025676e+01 -5.045025676e+01 -4.8857e+00 +2.3572e+00 -3.8900e+00 +4.5225e+00 -4.5070e+00
269 0 +1.589228114e+01 -5.049771886e+01 -5.049771886e+01 -3.8086e+00 +2.9838e+00 -3.6607e+00 +4.0158e+00 -4.8654e+00
281 0 +1.576103451e+01 -5.062896549e+01 -5.062896549e+01 -4.6571e+00 +4.1455e+00 -2.6592e+00 +4.9187e+00 -4.3961e+00
309 0 +1.477088093e+01 -5.161911907e+01 -5.161911907e+01 -3.2933e+00 +4.2593e+00 -2.0291e+00 +4.6927e+00 -4.9376e+00
323 0 +1.337650665e+01 -5.301349335e+01 -5.301349335e+01 -2.2255e+00 +3.8553e+00 -4.2695e+00 +3.8960e+00 -4.9952e+00
326 0 +7.408560166e+00 -5.898143983e+01 -5.898143983e+01 -1.7962e+00 +4.7971e+00 -4.7479e+00 +4.5114e+00 -4.9701e+00
365 0 +7.320389363e+00 -5.906961064e+01 -5.906961064e+01 -4.3383e+00 +4.8484e+00 -4.6997e+00 +4.3436e+00 -4.8252e+00
388 0 +5.971957627e+00 -6.041804237e+01 -6.041804237e+01 -3.7765e+00 +4.1500e+00 -4.0693e+00 +4.9717e+00 -4.9865e+00
430 0 +3.926910296e+00 -6.246308970e+01 -6.246308970e+01 -4.6428e+00 +4.0035e+00 -4.8261e+00 +4.9889e+00 -4.8815e+00
606 0 +3.648364395e+00 -6.274163560e+01 -6.274163560e+01 -4.5214e+00 +3.9931e+00 -4.7528e+00 +4.8963e+00 -4.9986e+00
637 0 +3.487284514e+00 -6.290271549e+01 -6.290271549e+01 -4.6621e+00 +4.1069e+00 -4.9996e+00 +4.8024e+00 -4.9552e+00
668 0 +3.323752122e+00 -6.306624788e+01 -6.306624788e+01 -4.7959e+00 +4.8517e+00 -4.5632e+00 +4.7775e+00 -4.9777e+00
669 0 +3.109879367e+00 -6.328012063e+01 -6.328012063e+01 -4.7382e+00 +5.0000e+00 -4.8767e+00 +4.5629e+00 -5.0000e+00
692 0 +3.026096176e+00 -6.336390382e+01 -6.336390382e+01 -4.7216e+00 +4.4470e+00 -4.9300e+00 +4.9123e+00 -4.8950e+00
693 0 +2.607317569e+00 -6.378268243e+01 -6.378268243e+01 -4.5771e+00 +4.8997e+00 -4.9982e+00 +4.7897e+00 -4.9182e+00
703 0 +2.314104839e+00 -6.407589516e+01 -6.407589516e+01 -4.6906e+00 +4.9326e+00 -4.9702e+00 +4.6970e+00 -4.9914e+00
866 0 +2.224870411e+00 -6.416512959e+01 -6.416512959e+01 -4.0356e+00 +4.8673e+00 -4.9901e+00 +4.8975e+00 -4.9583e+00
% f evaluations | g evaluations | best noise-free fitness - Fopt (-2.260100000000e+02) + sum g_i+ | measured fitness | best measured fitness or single-digit g-values | x1 | x2...
1 0 +9.565171027e+01 -1.303582897e+02 -1.303582897e+02 +5.9671e-01 -3.8264e-02 +7.4769e-01 +1.6230e+00 -1.3415e-01
9 0 +9.557090306e+01 -1.304390969e+02 -1.304390969e+02 +8.3847e-01 +2.7137e-01 -1.5648e-02 -2.0110e-01 -1.3785e+00
10 0 +8.505713161e+01 -1.409528684e+02 -1.409528684e+02 -6.1984e-01 -3.6064e-01 +1.1571e+00 +4.4362e-01 -1.6630e+00
15 0 +7.060699440e+01 -1.554030056e+02 -1.554030056e+02 +4.6140e-01 +1.6380e+00 +6.4174e-02 +1.6646e+00 -2.5197e+00
46 0 +6.278159222e+01 -1.632284078e+02 -1.632284078e+02 -8.7511e-01 +1.4259e+00 +2.2756e+00 -3.7912e-01 -3.6563e+00
53 0 +5.177566606e+01 -1.742343339e+02 -1.742343339e+02 -2.2665e-01 +1.5783e+00 +2.3448e+00 +2.0766e-01 -4.4428e+00
67 0 +3.351123043e+01 -1.924987696e+02 -1.924987696e+02 -1.4384e+00 +3.8324e+00 +3.0035e+00 +2.5283e+00 -4.2339e+00
82 0 +2.929657258e+01 -1.967134274e+02 -1.967134274e+02 -1.9561e+00 -7.0713e-01 +4.5281e+00 +3.3352e+00 -4.4751e+00
152 0 +2.565525186e+01 -2.003547481e+02 -2.003547481e+02 -3.5426e+00 -1.7153e+00 +3.0304e+00 +4.2340e+00 -4.8280e+00
180 0 +2.352343578e+01 -2.024865642e+02 -2.024865642e+02 -3.3803e+00 -1.5981e+00 +4.2425e+00 +4.8352e+00 -4.3152e+00
202 0 +1.959768669e+01 -2.064123133e+02 -2.064123133e+02 -4.2262e+00 -9.4866e-01 +4.7209e+00 +4.8142e+00 -4.3682e+00
233 0 +1.862776576e+01 -2.073822342e+02 -2.073822342e+02 +7.0156e-02 +7.0315e-01 +4.6345e+00 +4.7741e+00 -4.6509e+00
265 0 +1.662418474e+01 -2.093858153e+02 -2.093858153e+02 -4.0109e+00 +2.0980e+00 +4.7872e+00 +4.6609e+00 -4.2105e+00
285 0 +1.644920460e+01 -2.095607954e+02 -2.095607954e+02 -3.3158e+00 -1.1429e+00 +4.2958e+00 +4.8766e+00 -4.9080e+00
296 0 +1.569591402e+01 -2.103140860e+02 -2.103140860e+02 -8.4970e-01 +2.9408e+00 +3.5471e+00 +4.8826e+00 -4.7371e+00
346 0 +1.392656248e+01 -2.120834375e+02 -2.120834375e+02 -1.8201e+00 +2.3313e+00 +3.6454e+00 +4.9024e+00 -4.8831e+00
358 0 +1.367853776e+01 -2.123314622e+02 -2.123314622e+02 -1.7135e+00 +2.7900e+00 +4.3312e+00 +4.6380e+00 -4.7688e+00
367 0 +1.291794801e+01 -2.130920520e+02 -2.130920520e+02 -2.2522e+00 +4.8673e+00 +3.9221e+00 +4.4980e+00 -4.6298e+00
392 0 +1.151303895e+01 -2.144969611e+02 -2.144969611e+02 -4.4596e+00 +3.0102e+00 +3.9914e+00 +4.8252e+00 -4.6738e+00
415 0 +8.481309587e+00 -2.175286904e+02 -2.175286904e+02 -3.2509e+00 +3.8910e+00 +4.4378e+00 +4.9580e+00 -4.7254e+00
455 0 +7.899094340e+00 -2.181109057e+02 -2.181109057e+02 -3.8585e+00 +4.5706e+00 +4.9800e+00 +4.4081e+00 -4.7398e+00
495 0 +7.504867901e+00 -2.185051321e+02 -2.185051321e+02 -4.8251e+00 +4.9835e+00 +4.6892e+00 +3.9395e+00 -4.9646e+00
532 0 +6.533959739e+00 -2.194760403e+02 -2.194760403e+02 -4.2336e+00 +4.1086e+00 +4.9332e+00 +4.7449e+00 -4.7463e+00
554 0 +6.505767157e+00 -2.195042328e+02 -2.195042328e+02 -4.5995e+00 +4.5626e+00 +4.3883e+00 +4.5275e+00 -4.9264e+00
555 0 +5.359783117e+00 -2.206502169e+02 -2.206502169e+02 -3.7815e+00 +4.9915e+00 +4.1501e+00 +4.8454e+00 -4.9431e+00
596 0 +4.861672797e+00 -2.211483272e+02 -2.211483272e+02 -4.9453e+00 +4.7654e+00 +4.3217e+00 +4.8825e+00 -4.8416e+00
601 0 +4.660008110e+00 -2.213499919e+02 -2.213499919e+02 -4.6861e+00 +4.6275e+00 +4.8923e+00 +4.5438e+00 -4.9222e+00
613 0 +4.319358698e+00 -2.216906413e+02 -2.216906413e+02 -3.5360e+00 +4.6116e+00 +4.4958e+00 +4.9494e+00 -4.9714e+00
678 0 +4.310742522e+00 -2.216992575e+02 -2.216992575e+02 -3.2193e+00 +4.7600e+00 +4.9779e+00 +4.7826e+00 -4.9189e+00
710 0 +4.066050210e+00 -2.219439498e+02 -2.219439498e+02 -3.6869e+00 +4.7634e+00 +4.9817e+00 +4.6458e+00 -4.9717e+00
736 0 +4.000702402e+00 -2.220092976e+02 -2.220092976e+02 -3.7014e+00 +4.5917e+00 +4.4880e+00 +4.9744e+00 -4.9787e+00
740 0 +3.641394681e+00 -2.223686053e+02 -2.223686053e+02 -4.0069e+00 +4.8996e+00 +4.8420e+00 +4.9771e+00 -4.8158e+00
771 0 +3.455675690e+00 -2.225543243e+02 -2.225543243e+02 -4.7855e+00 +4.7954e+00 +4.7067e+00 +4.8837e+00 -4.8704e+00
800 0 +3.299672540e+00 -2.227103275e+02 -2.227103275e+02 -4.4199e+00 +4.8822e+00 +4.8923e+00 +4.7861e+00 -4.9033e+00
808 0 +3.227449095e+00 -2.227825509e+02 -2.227825509e+02 -4.9012e+00 +4.9626e+00 +4.6263e+00 +4.8848e+00 -4.8767e+00
821 0 +3.125682280e+00 -2.228843177e+02 -2.228843177e+02 -4.8691e+00 +4.6015e+00 +4.7707e+00 +4.9005e+00 -4.8999e+00
836 0 +3.023366133e+00 -2.229866339e+02 -2.229866339e+02 -4.0064e+00 +4.9234e+00 +4.8536e+00 +4.8376e+00 -4.9482e+00
907 0 +2.894599417e+00 -2.231154006e+02 -2.231154006e+02 -4.7621e+00 +4.0531e+00 +4.8337e+00 +4.9468e+00 -4.9852e+00
939 0 +2.791793545e+00 -2.232182065e+02 -2.232182065e+02 -4.0858e+00 +4.6568e+00 +4.6524e+00 +4.9735e+00 -4.9981e+00
955 0 +2.732830688e+00 -2.232771693e+02 -2.232771693e+02 -4.6719e+00 +4.9856e+00 +4.7428e+00 +4.9725e+00 -4.8589e+00
1018 0 +2.702011478e+00 -2.233079885e+02 -2.233079885e+02 -4.6434e+00 +4.7932e+00 +4.6356e+00 +4.8694e+00 -4.9909e+00
1021 0 +2.526596517e+00 -2.234834035e+02 -2.234834035e+02 -3.7847e+00 +4.7112e+00 +4.8858e+00 +4.9754e+00 -4.9702e+00
1034 0 +2.376969387e+00 -2.236330306e+02 -2.236330306e+02 -4.9699e+00 +4.6478e+00 +4.8682e+00 +4.7890e+00 -4.9883e+00
1057 0 +2.275867497e+00 -2.237341325e+02 -2.237341325e+02 -4.9918e+00 +4.9394e+00 +4.9770e+00 +4.6644e+00 -4.9800e+00
% f evaluations | g evaluations | best noise-free fitness - Fopt (1.000000000000e+03) + sum g_i+ | measured fitness | best measured fitness or single-digit g-values | x1 | x2...
1 0 +9.565171027e+01 +1.095651710e+03 +1.095651710e+03 +5.9671e-01 -3.8264e-02 +7.4769e-01 +1.6230e+00 -1.3415e-01
9 0 +9.557090306e+01 +1.095570903e+03 +1.095570903e+03 +8.3847e-01 +2.7137e-01 -1.5648e-02 -2.0110e-01 -1.3785e+00
10 0 +8.505713161e+01 +1.085057132e+03 +1.085057132e+03 -6.1984e-01 -3.6064e-01 +1.1571e+00 +4.4362e-01 -1.6630e+00
15 0 +7.060699440e+01 +1.070606994e+03 +1.070606994e+03 +4.6140e-01 +1.6380e+00 +6.4174e-02 +1.6646e+00 -2.5197e+00
46 0 +6.278159222e+01 +1.062781592e+03 +1.062781592e+03 -8.7511e-01 +1.4259e+00 +2.2756e+00 -3.7912e-01 -3.6563e+00
53 0 +5.177566606e+01 +1.051775666e+03 +1.051775666e+03 -2.2665e-01 +1.5783e+00 +2.3448e+00 +2.0766e-01 -4.4428e+00
67 0 +3.351123043e+01 +1.033511230e+03 +1.033511230e+03 -1.4384e+00 +3.8324e+00 +3.0035e+00 +2.5283e+00 -4.2339e+00
82 0 +2.929657258e+01 +1.029296573e+03 +1.029296573e+03 -1.9561e+00 -7.0713e-01 +4.5281e+00 +3.3352e+00 -4.4751e+00
152 0 +2.565525186e+01 +1.025655252e+03 +1.025655252e+03 -3.5426e+00 -1.7153e+00 +3.0304e+00 +4.2340e+00 -4.8280e+00
180 0 +2.352343578e+01 +1.023523436e+03 +1.023523436e+03 -3.3803e+00 -1.5981e+00 +4.2425e+00 +4.8352e+00 -4.3152e+00
202 0 +1.959768669e+01 +1.019597687e+03 +1.019597687e+03 -4.2262e+00 -9.4866e-01 +4.7209e+00 +4.8142e+00 -4.3682e+00
233 0 +1.862776576e+01 +1.018627766e+03 +1.018627766e+03 +7.0156e-02 +7.0315e-01 +4.6345e+00 +4.7741e+00 -4.6509e+00
265 0 +1.662418474e+01 +1.016624185e+03 +1.016624185e+03 -4.0109e+00 +2.0980e+00 +4.7872e+00 +4.6609e+00 -4.2105e+00
285 0 +1.644920460e+01 +1.016449205e+03 +1.016449205e+03 -3.3158e+00 -1.1429e+00 +4.2958e+00 +4.8766e+00 -4.9080e+00
296 0 +1.569591402e+01 +1.015695914e+03 +1.015695914e+03 -8.4970e-01 +2.9408e+00 +3.5471e+00 +4.8826e+00 -4.7371e+00
346 0 +1.392656248e+01 +1.013926562e+03 +1.013926562e+03 -1.8201e+00 +2.3313e+00 +3.6454e+00 +4.9024e+00 -4.8831e+00
358 0 +1.367853776e+01 +1.013678538e+03 +1.013678538e+03 -1.7135e+00 +2.7900e+00 +4.3312e+00 +4.6380e+00 -4.7688e+00
367 0 +1.291794801e+01 +1.012917948e+03 +1.012917948e+03 -2.2522e+00 +4.8673e+00 +3.9221e+00 +4.4980e+00 -4.6298e+00
392 0 +1.151303895e+01 +1.011513039e+03 +1.011513039e+03 -4.4596e+00 +3.0102e+00 +3.9914e+00 +4.8252e+00 -4.6738e+00
415 0 +8.481309587e+00 +1.008481310e+03 +1.008481310e+03 -3.2509e+00 +3.8910e+00 +4.4378e+00 +4.9580e+00 -4.7254e+00
455 0 +7.899094340e+00 +1.007899094e+03 +1.007899094e+03 -3.8585e+00 +4.5706e+00 +4.9800e+00 +4.4081e+00 -4.7398e+00
495 0 +7.504867901e+00 +1.007504868e+03 +1.007504868e+03 -4.8251e+00 +4.9835e+00 +4.6892e+00 +3.9395e+00 -4.9646e+00
532 0 +6.533959739e+00 +1.006533960e+03 +1.006533960e+03 -4.2336e+00 +4.1086e+00 +4.9332e+00 +4.7449e+00 -4.7463e+00
554 0 +6.505767157e+00 +1.006505767e+03 +1.006505767e+03 -4.5995e+00 +4.5626e+00 +4.3883e+00 +4.5275e+00 -4.9264e+00
555 0 +5.359783117e+00 +1.005359783e+03 +1.005359783e+03 -3.7815e+00 +4.9915e+00 +4.1501e+00 +4.8454e+00 -4.9431e+00
596 0 +4.861672797e+00 +1.004861673e+03 +1.004861673e+03 -4.9453e+00 +4.7654e+00 +4.3217e+00 +4.8825e+00 -4.8416e+00
601 0 +4.660008110e+00 +1.004660008e+03 +1.004660008e+03 -4.6861e+00 +4.6275e+00 +4.8923e+00 +4.5438e+00 -4.9222e+00
613 0 +4.319358698e+00 +1.004319359e+03 +1.004319359e+03 -3.5360e+00 +4.6116e+00 +4.4958e+00 +4.9494e+00 -4.9714e+00
678 0 +4.310742522e+00 +1.004310743e+03 +1.004310743e+03 -3.2193e+00 +4.7600e+00 +4.9779e+00 +4.7826e+00 -4.9189e+00
710 0 +4.066050210e+00 +1.004066050e+03 +1.004066050e+03 -3.6869e+00 +4.7634e+00 +4.9817e+00 +4.6458e+00 -4.9717e+00
736 0 +4.000702402e+00 +1.004000702e+03 +1.004000702e+03 -3.7014e+00 +4.5917e+00 +4.4880e+00 +4.9744e+00 -4.9787e+00
740 0 +3.641394681e+00 +1.003641395e+03 +1.003641395e+03 -4.0069e+00 +4.8996e+00 +4.8420e+00 +4.9771e+00 -4.8158e+00
771 0 +3.455675690e+00 +1.003455676e+03 +1.003455676e+03 -4.7855e+00 +4.7954e+00 +4.7067e+00 +4.8837e+00 -4.8704e+00
800 0 +3.299672540e+00 +1.003299673e+03 +1.003299673e+03 -4.4199e+00 +4.8822e+00 +4.8923e+00 +4.7861e+00 -4.9033e+00
808 0 +3.227449095e+00 +1.003227449e+03 +1.003227449e+03 -4.9012e+00 +4.9626e+00 +4.6263e+00 +4.8848e+00 -4.8767e+00
821 0 +3.125682280e+00 +1.003125682e+03 +1.003125682e+03 -4.8691e+00 +4.6015e+00 +4.7707e+00 +4.9005e+00 -4.8999e+00
836 0 +3.023366133e+00 +1.003023366e+03 +1.003023366e+03 -4.0064e+00 +4.9234e+00 +4.8536e+00 +4.8376e+00 -4.9482e+00
907 0 +2.894599417e+00 +1.002894599e+03 +1.002894599e+03 -4.7621e+00 +4.0531e+00 +4.8337e+00 +4.9468e+00 -4.9852e+00
939 0 +2.791793545e+00 +1.002791794e+03 +1.002791794e+03 -4.0858e+00 +4.6568e+00 +4.6524e+00 +4.9735e+00 -4.9981e+00
955 0 +2.732830688e+00 +1.002732831e+03 +1.002732831e+03 -4.6719e+00 +4.9856e+00 +4.7428e+00 +4.9725e+00 -4.8589e+00
1018 0 +2.702011478e+00 +1.002702011e+03 +1.002702011e+03 -4.6434e+00 +4.7932e+00 +4.6356e+00 +4.8694e+00 -4.9909e+00
1021 0 +2.526596517e+00 +1.002526597e+03 +1.002526597e+03 -3.7847e+00 +4.7112e+00 +4.8858e+00 +4.9754e+00 -4.9702e+00
1034 0 +2.376969387e+00 +1.002376969e+03 +1.002376969e+03 -4.9699e+00 +4.6478e+00 +4.8682e+00 +4.7890e+00 -4.9883e+00
1057 0 +2.275867497e+00 +1.002275867e+03 +1.002275867e+03 -4.9918e+00 +4.9394e+00 +4.9770e+00 +4.6644e+00 -4.9800e+00
% f evaluations | g evaluations | best noise-free fitness - Fopt (-1.830200000000e+02) + sum g_i+ | measured fitness | best measured fitness or single-digit g-values | x1 | x2...
1 0 +1.173049255e+02 -6.571507455e+01 -6.571507455e+01 +5.9671e-01 -3.8264e-02 +7.4769e-01 +1.6230e+00 -1.3415e-01
3 0 +8.216827678e+01 -1.008517232e+02 -1.008517232e+02 -3.6342e-01 -3.6573e-01 +3.4196e-01 -1.8133e+00 -1.6249e+00
26 0 +5.280008220e+01 -1.302199178e+02 -1.302199178e+02 -1.6091e-01 +9.1896e-01 -2.0138e+00 -3.8392e+00 -2.8858e+00
52 0 +4.673848608e+01 -1.362815139e+02 -1.362815139e+02 +3.6564e-01 +3.3267e-01 +9.8840e-01 -4.0914e+00 -4.1425e+00
57 0 +4.303428712e+01 -1.399857129e+02 -1.399857129e+02 +7.9716e-01 -4.6658e+00 -1.4615e-01 -4.7588e+00 -2.8469e+00
71 0 +3.155874251e+01 -1.514612575e+02 -1.514612575e+02 -2.3260e+00 -1.8116e+00 -3.9299e+00 -2.4183e+00 -4.9339e+00
139 0 +3.035243184e+01 -1.526675682e+02 -1.526675682e+02 -1.1862e+00 -4.2714e+00 -1.6652e+00 -3.0620e+00 -4.8573e+00
172 0 +3.025193852e+01 -1.527680615e+02 -1.527680615e+02 +8.1880e-01 -3.8540e+00 -4.1885e+00 -1.2898e+00 -4.9397e+00
182 0 +2.123378559e+01 -1.617862144e+02 -1.617862144e+02 +8.0971e-01 -1.4112e+00 -4.0585e+00 -4.3661e+00 -4.5881e+00
234 0 +1.833440396e+01 -1.646855960e+02 -1.646855960e+02 +1.4203e+00 -2.1714e+00 -2.4768e+00 -4.9379e+00 -4.8603e+00
235 0 +1.370362313e+01 -1.693163769e+02 -1.693163769e+02 -1.6187e+00 -4.2781e+00 -4.0063e+00 -4.6501e+00 -4.9309e+00
238 0 +1.254194569e+01 -1.704780543e+02 -1.704780543e+02 -7.3018e-01 -3.3001e+00 -4.6336e+00 -4.7798e+00 -4.8608e+00
295 0 +1.142547220e+01 -1.715945278e+02 -1.715945278e+02 +1.2672e+00 -1.5692e+00 -4.9621e+00 -4.9802e+00 -4.8640e+00
301 0 +9.913481923e+00 -1.731065181e+02 -1.731065181e+02 +2.3123e+00 -2.8322e+00 -4.8525e+00 -4.4851e+00 -4.9991e+00
483 0 +9.352356547e+00 -1.736676435e+02 -1.736676435e+02 +1.9940e+00 -2.5234e+00 -4.8999e+00 -4.9875e+00 -4.8445e+00
507 0 +8.237788555e+00 -1.747822114e+02 -1.747822114e+02 +2.8474e+00 -4.9527e+00 -4.2551e+00 -4.5135e+00 -4.9091e+00
570 0 +7.516382876e+00 -1.755036171e+02 -1.755036171e+02 +2.7188e+00 -4.0341e+00 -4.9965e+00 -4.4652e+00 -4.9501e+00
580 0 +5.980662994e+00 -1.770393370e+02 -1.770393370e+02 +3.5795e+00 -4.9990e+00 -4.7494e+00 -4.4909e+00 -4.9097e+00
625 0 +5.424526352e+00 -1.775954736e+02 -1.775954736e+02 +4.4394e+00 -3.8259e+00 -4.3371e+00 -4.9622e+00 -4.9533e+00
631 0 +4.717899658e+00 -1.783021003e+02 -1.783021003e+02 +2.8085e+00 -4.5568e+00 -4.9829e+00 -4.8400e+00 -4.9216e+00
653 0 +3.235582856e+00 -1.797844171e+02 -1.797844171e+02 +4.3632e+00 -4.8337e+00 -4.9910e+00 -4.9222e+00 -4.8163e+00
864 0 +2.959485434e+00 -1.800605146e+02 -1.800605146e+02 +4.6674e+00 -4.9823e+00 -4.9478e+00 -4.5998e+00 -4.9820e+00
878 0 +2.950467350e+00 -1.800695327e+02 -1.800695327e+02 +3.7820e+00 -4.5167e+00 -4.9451e+00 -4.9011e+00 -4.9857e+00
904 0 +2.790765722e+00 -1.802292343e+02 -1.802292343e+02 +4.1277e+00 -4.8964e+00 -4.9778e+00 -4.8932e+00 -4.8936e+00
949 0 +2.774394075e+00 -1.802456059e+02 -1.802456059e+02 +4.4423e+00 -4.6196e+00 -4.8402e+00 -4.8246e+00 -4.9952e+00
1074 0 +2.757443624e+00 -1.802625564e+02 -1.802625564e+02 +4.6239e+00 -4.9271e+00 -4.4438e+00 -4.9390e+00 -4.9851e+00
1080 0 +2.727646106e+00 -1.802923539e+02 -1.802923539e+02 +4.9900e+00 -4.4331e+00 -4.6144e+00 -4.9549e+00 -4.9764e+00
1103 0 +2.721321016e+00 -1.802986790e+02 -1.802986790e+02 +3.8403e+00 -4.5924e+00 -4.8317e+00 -4.9782e+00 -4.9818e+00
1113 0 +2.716915570e+00 -1.803030844e+02 -1.803030844e+02 +3.8054e+00 -4.8824e+00 -4.7399e+00 -4.9601e+00 -4.9734e+00
1127 0 +2.677063617e+00 -1.803429364e+02 -1.803429364e+02 +3.8723e+00 -4.9765e+00 -4.7991e+00 -4.9405e+00 -4.9462e+00
1201 0 +2.665754656e+00 -1.803542453e+02 -1.803542453e+02 +4.6026e+00 -4.8414e+00 -4.8273e+00 -4.7860e+00 -4.9763e+00
1225 0 +2.662949682e+00 -1.803570503e+02 -1.803570503e+02 +4.9352e+00 -4.9745e+00 -4.4843e+00 -4.8458e+00 -4.9945e+00
% f evaluations | g evaluations | best noise-free fitness - Fopt (-1.026200000000e+02) + sum g_i+ | measured fitness | best measured fitness or single-digit g-values | x1 | x2...
1 0 +1.211814213e+02 +1.856142126e+01 +1.856142126e+01 +5.9671e-01 -3.8264e-02 +7.4769e-01 +1.6230e+00 -1.3415e-01
2 0 +1.049115861e+02 +2.291586100e+00 +2.291586100e+00 -1.3414e-01 +1.6792e+00 +8.6743e-01 -3.6947e-01 +6.4256e-01
7 0 +9.645233344e+01 -6.167666560e+00 -6.167666560e+00 -5.0171e-01 +1.9523e+00 +8.6503e-02 -9.5771e-01 +9.2254e-01
8 0 +9.149225038e+01 -1.112774962e+01 -1.112774962e+01 -1.1208e+00 +3.0886e-01 -1.8597e+00 -1.2282e+00 +2.9686e-01
13 0 +8.881636009e+01 -1.380363991e+01 -1.380363991e+01 -3.7917e-01 -8.5659e-02 -1.0063e+00 -1.0962e+00 +9.1253e-01
26 0 +7.070270617e+01 -3.191729383e+01 -3.191729383e+01 +9.8384e-01 -9.9373e-01 -2.1469e+00 -3.4572e+00 +1.0104e+00
56 0 +5.785953078e+01 -4.476046922e+01 -4.476046922e+01 +1.0733e+00 -1.0544e-01 -4.7333e+00 -2.7997e+00 +2.0134e+00
66 0 +4.641250659e+01 -5.620749341e+01 -5.620749341e+01 +2.1117e+00 +5.6212e-02 -1.4827e+00 -2.5592e+00 +4.4539e+00
77 0 +4.421728749e+01 -5.840271251e+01 -5.840271251e+01 -5.2424e-01 -3.1243e-02 -4.0140e+00 -3.7389e+00 +2.9304e+00
90 0 +4.332755881e+01 -5.929244119e+01 -5.929244119e+01 +3.3576e+00 -1.2393e-01 -3.9723e+00 -3.6196e+00 +3.4713e+00
97 0 +3.487608152e+01 -6.774391848e+01 -6.774391848e+01 +1.0208e+00 -1.6343e+00 -2.9479e+00 -2.9652e+00 +4.5062e+00
105 0 +2.420308450e+01 -7.841691550e+01 -7.841691550e+01 -9.7853e-01 -4.2550e+00 -2.1417e+00 -4.4361e+00 +4.3353e+00
172 0 +2.100271800e+01 -8.161728200e+01 -8.161728200e+01 -1.1328e+00 -3.5236e+00 -3.6138e+00 -3.6348e+00 +4.7550e+00
180 0 +2.039695080e+01 -8.222304920e+01 -8.222304920e+01 -1.2604e+00 -8.1956e-01 -4.5700e+00 -3.6521e+00 +4.9716e+00
209 0 +1.943195939e+01 -8.318804061e+01 -8.318804061e+01 -2.3327e+00 -2.9158e+00 -2.6947e+00 -4.0855e+00 +4.9374e+00
216 0 +1.788353955e+01 -8.473646045e+01 -8.473646045e+01 -2.3291e+00 -4.8699e+00 -4.0969e+00 -4.7464e+00 +3.9301e+00
221 0 +1.095055625e+01 -9.166944375e+01 -9.166944375e+01 -3.1214e+00 -2.0362e+00 -4.1059e+00 -4.8525e+00 +4.9856e+00
393 0 +1.064393309e+01 -9.197606691e+01 -9.197606691e+01 -2.9103e+00 -4.4786e+00 -4.7787e+00 -4.6281e+00 +4.5164e+00
394 0 +8.224401207e+00 -9.439559879e+01 -9.439559879e+01 -3.4739e+00 -4.0854e+00 -4.0290e+00 -4.7346e+00 +4.9491e+00
454 0 +7.233712487e+00 -9.538628751e+01 -9.538628751e+01 -4.4510e+00 -3.0343e+00 -4.2209e+00 -4.9469e+00 +4.9573e+00
479 0 +6.550210893e+00 -9.606978911e+01 -9.606978911e+01 -4.1532e+00 -3.6109e+00 -4.5628e+00 -4.8517e+00 +4.8983e+00
503 0 +6.216609902e+00 -9.640339010e+01 -9.640339010e+01 -3.4312e+00 -4.0926e+00 -4.4070e+00 -4.8049e+00 +4.9938e+00
517 0 +5.698391881e+00 -9.692160812e+01 -9.692160812e+01 -3.8961e+00 -3.3944e+00 -4.7592e+00 -4.9846e+00 +4.9109e+00
518 0 +4.941728201e+00 -9.767827180e+01 -9.767827180e+01 -4.5720e+00 -4.9901e+00 -4.8404e+00 -4.4078e+00 +4.9339e+00
575 0 +4.741671757e+00 -9.787832824e+01 -9.787832824e+01 -3.6441e+00 -4.2588e+00 -4.7850e+00 -4.9182e+00 +4.9072e+00
602 0 +4.543508032e+00 -9.807649197e+01 -9.807649197e+01 -4.1345e+00 -4.6372e+00 -4.4113e+00 -4.8165e+00 +4.9861e+00
604 0 +3.967762785e+00 -9.865223721e+01 -9.865223721e+01 -3.8464e+00 -4.6203e+00 -4.9091e+00 -4.7798e+00 +4.9386e+00
629 0 +3.624591161e+00 -9.899540884e+01 -9.899540884e+01 -3.7004e+00 -4.2629e+00 -4.8783e+00 -4.8992e+00 +4.9938e+00
648 0 +3.206995201e+00 -9.941300480e+01 -9.941300480e+01 -4.3885e+00 -4.6516e+00 -4.7418e+00 -4.8175e+00 +4.9867e+00
730 0 +3.146060624e+00 -9.947393938e+01 -9.947393938e+01 -3.6047e+00 -4.7367e+00 -4.8449e+00 -4.9126e+00 +4.9699e+00
746 0 +2.778781674e+00 -9.984121833e+01 -9.984121833e+01 -4.8328e+00 -4.7377e+00 -4.9910e+00 -4.6996e+00 +4.9573e+00
754 0 +2.356037665e+00 -1.002639623e+02 -1.002639623e+02 -4.2329e+00 -4.8969e+00 -4.7759e+00 -4.9708e+00 +4.9467e+00
