% f evaluations | g evaluations | best noise-free fitness - Fopt (-4.620900000000e+02) + sum g_i+ | measured fitness | best measured fitness or single-digit g-values | x1 | x2...
1 0 +1.889976894e+02 -2.730923106e+02 -2.730923106e+02 +5.9671e-01 -3.8264e-02 +7.4769e-01 +1.6230e+00 -1.3415e-01 -1.3414e-01 +1.6792e+00 +8.6743e-01 -3.6947e-01 +6.4256e-01
7 0 +1.825631784e+02 -2.795268216e+02 -2.795268216e+02 -3.7917e-01 -8.5659e-02 -1.0063e+00 -1.0962e+00 +9.1253e-01 +1.4562e+00 +2.7990e-02 +1.1035e+00 +4.6164e-01 -5.4512e-01
51 0 +1.332283495e+02 -3.288616505e+02 -3.288616505e+02 -1.5912e+00 +1.4987e+00 +5.1687e-01 +2.2439e+00 +2.7188e+00 +4.9497e-02 +2.6580e+00 +1.0844e+00 +1.6304e+00 -2.9657e-01
57 0 +1.279640380e+02 -3.341259620e+02 -3.341259620e+02 -6.9396e-01 +1.5555e+00 +5.4950e-01 +1.3857e+00 +1.3405e+00 +6.4270e-01 +1.5424e+00 +1.9383e+00 +2.2734e+00 -6.1756e-01
107 0 +8.491214295e+01 -3.771778570e+02 -3.771778570e+02 -2.0153e+00 +2.7050e+00 +2.3296e+00 -5.1881e-01 +2.7655e+00 +2.5193e+00 +1.5914e+00 +1.7113e+00 +1.7832e+00 +4.5544e-01
591 0 +7.835825569e+01 -3.837317443e+02 -3.837317443e+02 -2.7348e+00 +2.3523e+00 +1.5195e+00 +1.8392e+00 +1.1443e+00 +2.1972e+00 +2.6428e+00 +2.6897e+00 +6.8196e-01 +4.2772e-01
632 0 +7.347773955e+01 -3.886122605e+02 -3.886122605e+02 -3.6891e+00 +1.2819e+00 +2.3428e+00 +7.9132e-01 +1.6735e+00 +1.8187e+00 +1.6612e+00 +2.1690e+00 +1.8902e+00 +6.5520e-01
750 0 +7.116019027e+01 -3.909298097e+02 -3.909298097e+02 -1.4359e+00 +2.0209e+00 +3.1604e+00 +1.4610e+00 +2.8225e+00 +3.1077e+00 +2.0418e+00 +3.4732e+00 +7.5239e-01 +1.1175e-01
758 0 +6.597361056e+01 -3.961163894e+02 -3.961163894e+02 -3.8858e+00 +2.0299e+00 +2.9040e+00 +1.3452e+00 +1.6211e+00 +2.8068e+00 +2.0850e+00 +2.0947e+00 +1.7834e+00 -3.0551e-01
787 0 +6.011379575e+01 -4.019762043e+02 -4.019762043e+02 -1.3440e+00 +5.4639e-01 +8.7859e-01 +6.9422e-01 +2.2806e+00 +2.1483e+00 +3.1870e+00 +2.2156e+00 +7.9463e-01 +8.4171e-01
1057 0 +5.746615501e+01 -4.046238450e+02 -4.046238450e+02 -4.3444e+00 +1.4668e+00 +1.4558e+00 +1.4797e+00 +2.4976e+00 +7.6928e-01 +2.6078e+00 +2.6890e+00 +2.1703e+00 +8.3302e-01
1108 0 +5.461654201e+01 -4.074734580e+02 -4.074734580e+02 -3.2554e+00 +3.1117e+00 +3.0647e+00 +1.3363e+00 +2.9443e+00 +1.5444e+00 +1.2351e+00 +2.1320e+00 +2.1475e+00 +2.9867e-01
1581 0 +5.119146298e+01 -4.108985370e+02 -4.108985370e+02 -1.4555e+00 +6.3178e-01 +1.9288e+00 +1.9248e+00 +2.8287e+00 +1.7195e+00 +2.5264e+00 +3.0691e+00 +2.1788e+00 +8.1815e-01
2006 0 +4.992954625e+01 -4.121604537e+02 -4.121604537e+02 -1.4546e+00 +2.3468e+00 +2.9975e+00 +2.7431e+00 +2.4313e+00 +1.6229e+00 +2.9803e+00 +2.1262e+00 +2.2643e+00 +9.1679e-02
% f evaluations | g evaluations | best noise-free fitness - Fopt (7.766000000000e+01) + sum g_i+ | measured fitness | best measured fitness or single-digit g-values | x1 | x2...
1 0 +8.953385444e+02 +9.729985444e+02 +9.729985444e+02 +5.9671e-01 -3.8264e-02 +7.4769e-01 +1.6230e+00 -1.3415e-01 -1.3414e-01 +1.6792e+00 +8.6743e-01 -3.6947e-01 +6.4256e-01
2 0 +3.489235570e+02 +4.265835570e+02 +4.265835570e+02 -3.6342e-01 -3.6573e-01 +3.4196e-01 -1.8133e+00 -1.6249e+00 -4.6229e-01 -9.1283e-01 +4.1425e-01 -8.0802e-01 -1.3123e+00
5 0 +2.303866135e+02 +3.080466135e+02 +3.080466135e+02 +8.3847e-01 +2.7137e-01 -1.5648e-02 -2.0110e-01 -1.3785e+00 -6.1984e-01 -3.6064e-01 +1.1571e+00 +4.4362e-01 -1.6630e+00
8 0 +1.472438619e+02 +2.249038619e+02 +2.249038619e+02 +4.6140e-01 +1.6380e+00 +6.4174e-02 +1.6646e+00 -2.5197e+00 +9.2190e-01 +1.8705e-01 -1.9901e-01 +1.9176e-01 -1.8876e+00
51 0 +1.174382848e+02 +1.950982848e+02 +1.950982848e+02 +1.3156e+00 -5.1104e-01 -1.6417e+00 +2.0211e+00 -4.1826e+00 +1.0552e+00 +1.3173e+00 +1.5269e+00 +1.6234e-01 -3.8979e+00
110 0 +1.033160725e+02 +1.809760725e+02 +1.809760725e+02 +6.5030e-01 -1.0127e+00 -1.9290e-01 +3.9746e+00 -6.8984e-02 -1.0460e+00 +1.8030e+00 +5.7987e-01 +7.5682e-01 -4.1098e+00
315 0 +9.746296930e+01 +1.751229693e+02 +1.751229693e+02 +1.6779e+00 -1.7698e+00 +1.5436e-01 +2.1881e+00 -1.7474e+00 +1.1204e-01 +1.8350e+00 +7.1617e-01 +2.6152e-01 -4.1578e+00
354 0 +8.814085969e+01 +1.658008597e+02 +1.658008597e+02 +5.2588e-01 +3.2289e-01 -1.7256e+00 +3.4068e+00 -2.6408e+00 +1.4750e-02 +1.0821e+00 +9.1751e-02 +7.5158e-01 -4.2047e+00
387 0 +8.226177456e+01 +1.599217746e+02 +1.599217746e+02 +1.4991e+00 +5.3853e-01 -1.2861e+00 +4.6717e+00 -1.3437e+00 -1.1949e+00 +1.5497e+00 +6.4214e-01 -1.0989e+00 -3.2622e+00
678 0 +7.487807884e+01 +1.525380788e+02 +1.525380788e+02 +2.3431e+00 -1.1967e+00 -4.8887e-01 +3.3446e+00 -3.2561e+00 -7.2438e-01 +5.3218e-01 -3.4931e-01 +1.2167e-01 -3.7287e+00
679 0 +7.426181363e+01 +1.519218136e+02 +1.519218136e+02 +1.4318e+00 -5.1624e-01 -2.0222e+00 +3.3270e+00 -3.0595e+00 +5.8043e-01 +6.9616e-02 +4.9833e-01 +3.0784e-01 -3.2149e+00
713 0 +5.255620173e+01 +1.302162017e+02 +1.302162017e+02 +2.3673e+00 -8.7300e-01 -1.2196e+00 +2.4801e+00 -3.0263e+00 -1.5448e-01 +1.4010e-01 +4.9638e-01 -4.8544e-01 -4.1565e+00
745 0 +5.064272987e+01 +1.283027299e+02 +1.283027299e+02 +2.5472e+00 -7.5225e-01 -6.2829e-01 +2.1142e+00 -2.6224e+00 -4.2558e-01 +1.0731e+00 +5.0200e-01 -1.3362e-01 -3.9006e+00
1941 0 +4.222998049e+01 +1.198899805e+02 +1.198899805e+02 +2.4921e+00 -8.0098e-01 -2.6201e+00 +3.4793e+00 -2.3081e+00 -5.0558e-01 +8.5552e-02 +1.1172e-01 -6.8141e-01 -3.8383e+00
% f evaluations | g evaluations | best noise-free fitness - Fopt (1.156800000000e+02) + sum g_i+ | measured fitness | best measured fitness or single-digit g-values | x1 | x2...
1 0 +9.009360922e+02 +1.016616092e+03 +1.016616092e+03 +5.9671e-01 -3.8264e-02 +7.4769e-01 +1.6230e+00 -1.3415e-01 -1.3414e-01 +1.6792e+00 +8.6743e-01 -3.6947e-01 +6.4256e-01
2 0 +4.206011842e+02 +5.362811842e+02 +5.362811842e+02 -3.6342e-01 -3.6573e-01 +3.4196e-01 -1.8133e+00 -1.6249e+00 -4.6229e-01 -9.1283e-01 +4.1425e-01 -8.0802e-01 -1.3123e+00
51 0 +3.381860484e+02 +4.538660484e+02 +4.538660484e+02 +1.1354e+00 +1.5494e+00 -1.3866e+00 -3.2277e+00 -2.0481e+00 -1.4571e+00 -2.6284e+00 -9.2355e-01 -1.8428e+00 -1.0234e+00
52 0 +2.532250195e+02 +3.689050195e+02 +3.689050195e+02 +9.2191e-01 +4.4927e-01 +2.2100e+00 +1.5585e-01 -1.5323e+00 -1.2503e+00 -1.7056e+00 -1.9439e-01 -1.8283e+00 -2.9039e+00
114 0 +2.437339441e+02 +3.594139441e+02 +3.594139441e+02 +2.8092e-01 +2.2075e+00 +7.0898e-01 +2.2774e+00 -4.2969e-01 -3.2546e+00 -3.1866e+00 +8.3653e-01 -1.6171e+00 -2.1909e+00
119 0 +2.419236949e+02 +3.576036949e+02 +3.576036949e+02 -1.7643e+00 -4.5714e-01 +1.8742e+00 -3.7811e-01 -3.8656e+00 -1.0643e+00 -1.9092e+00 +1.5354e+00 -1.8993e+00 -3.2972e+00
151 0 +2.293896776e+02 +3.450696776e+02 +3.450696776e+02 +7.1509e-01 -3.3124e+00 +1.2072e+00 +3.5978e+00 -1.7282e+00 -1.3485e+00 -3.9956e+00 -7.6131e-02 -4.8832e+00 -4.5112e+00
152 0 +1.465504651e+02 +2.622304651e+02 +2.622304651e+02 -2.7992e-01 -3.7616e-01 -2.6946e+00 +2.6384e+00 -2.2371e+00 -2.2581e+00 -3.8570e+00 +1.5984e+00 -4.7565e+00 -9.7002e-01
197 0 +1.455756311e+02 +2.612556311e+02 +2.612556311e+02 +1.5161e+00 -1.2940e-01 +1.4196e+00 +3.9094e+00 -3.4050e+00 -3.7422e+00 -1.6731e+00 +1.2573e+00 -2.6836e+00 -2.5399e+00
209 0 +1.336010022e+02 +2.492810022e+02 +2.492810022e+02 +7.1673e-01 -2.6967e+00 -1.4800e+00 +2.5925e-01 -2.3241e+00 -3.2467e+00 -4.7987e+00 +3.2581e+00 -4.6743e+00 -3.7443e+00
304 0 +1.309543405e+02 +2.466343405e+02 +2.466343405e+02 -2.2203e+00 +6.8812e-01 -2.3981e-01 +4.5145e+00 -2.4598e+00 -2.4465e+00 -4.1909e+00 +3.2131e-01 -3.4618e+00 -4.0972e-01
342 0 +1.105789230e+02 +2.262589230e+02 +2.262589230e+02 -1.8302e+00 +7.5247e-01 -3.7764e-01 +3.3931e+00 -4.3844e+00 -3.7619e+00 -3.8341e+00 +3.0988e+00 -3.0993e+00 -2.6792e+00
352 0 +9.121940866e+01 +2.068994087e+02 +2.068994087e+02 -1.6640e+00 -2.7211e-01 -5.6251e-01 +2.6716e-01 -4.2204e+00 -3.2645e+00 -3.1884e+00 +1.1141e+00 -4.7118e+00 -2.2186e+00
371 0 +7.409962788e+01 +1.897796279e+02 +1.897796279e+02 -1.1283e+00 -2.1401e-01 +1.8357e+00 +3.8804e+00 -3.0304e+00 -3.8529e+00 -2.9848e+00 +1.1226e+00 -3.5341e+00 -1.4639e+00
568 0 +6.732261886e+01 +1.830026189e+02 +1.830026189e+02 -3.3920e+00 +1.4616e+00 -6.0772e-01 +1.8863e+00 -4.3200e+00 -2.2004e+00 -3.4660e+00 +1.9641e+00 -4.9163e+00 -1.6302e+00
766 0 +6.419901290e+01 +1.798790129e+02 +1.798790129e+02 -4.1396e+00 -1.0066e+00 +2.5635e-01 +2.4678e+00 -4.5016e+00 -2.8178e+00 -3.9620e+00 +2.8600e+00 -3.8669e+00 -1.6716e+00
871 0 +6.167817742e+01 +1.773581774e+02 +1.773581774e+02 -3.8218e+00 -3.0095e+00 +1.0776e+00 +3.0703e+00 -4.3297e+00 -3.2411e+00 -4.1089e+00 +2.8916e+00 -3.8715e+00 -1.6324e+00
1183 0 +5.829036733e+01 +1.739703673e+02 +1.739703673e+02 -3.2617e+00 -9.8061e-01 +1.5908e-02 +3.5094e+00 -4.2256e+00 -3.8000e+00 -3.9487e+00 +2.8271e+00 -4.2433e+00 -1.1530e+00
1303 0 +5.135377806e+01 +1.670337781e+02 +1.670337781e+02 -1.4614e+00 -1.7873e+00 -5.3702e-01 +2.6018e+00 -4.2302e+00 -4.2260e+00 -3.5321e+00 +2.3154e+00 -3.9532e+00 -1.2687e+00
1912 0 +4.260720678e+01 +1.582872068e+02 +1.582872068e+02 -3.2772e+00 -1.1907e+00 +3.5882e-01 +3.7018e+00 -3.6213e+00 -3.1873e+00 -4.5448e+00 +2.8340e+00 -3.5181e+00 -1.6858e+00
% f evaluations | g evaluations | best noise-free fitness - Fopt (-3.710000000000e+00) + sum g_i+ | measured fitness | best measured fitness or single-digit g-values | x1 | x2...
1 0 +3.658772987e+02 +3.621672987e+02 +3.621672987e+02 +5.9671e-01 -3.8264e-02 +7.4769e-01 +1.6230e+00 -1.3415e-01 -1.3414e-01 +1.6792e+00 +8.6743e-01 -3.6947e-01 +6.4256e-01
4 0 +3.068038534e+02 +3.030938534e+02 +3.030938534e+02 -5.0171e-01 +1.9523e+00 +8.6503e-02 -9.5771e-01 +9.2254e-01 -1.1208e+00 +3.0886e-01 -1.8597e+00 -1.2282e+00 +2.9686e-01
22 0 +2.834130270e+02 +2.797030270e+02 +2.797030270e+02 +6.7089e-01 +1.2356e+00 +1.0540e+00 +7.5139e-01 -2.1527e-01 +8.5897e-01 -6.7283e-01 -1.3682e-01 -3.8536e-01 +1.8187e-01
23 0 +2.661856590e+02 +2.624756590e+02 +2.624756590e+02 +2.4147e+00 -1.7673e+00 +7.8626e-01 -1.5127e+00 -3.7193e-01 +1.1890e+00 +1.6428e-01 -9.7774e-01 -6.1530e-01 +7.7960e-01
44 0 +2.453400482e+02 +2.416300482e+02 +2.416300482e+02 -1.0833e+00 -1.9392e+00 -1.6941e-01 +8.1754e-01 +1.6024e+00 +1.7409e-01 +1.7286e+00 -1.2801e+00 -1.6034e+00 +4.4452e-02
54 0 +1.914364786e+02 +1.877264786e+02 +1.877264786e+02 +1.0642e+00 +8.0123e-02 +9.9777e-01 +8.7431e-01 -4.2094e-02 +1.7036e-03 +2.6646e-01 -1.4174e+00 -1.8043e+00 -3.3623e-03
86 0 +1.566628581e+02 +1.529528581e+02 +1.529528581e+02 -6.3423e-01 +3.6074e-01 +3.3760e-01 +2.5479e+00 +1.3526e+00 +6.7482e-01 +6.3806e-01 -1.9798e+00 -1.0000e+00 -2.9312e-01
187 0 +1.442909573e+02 +1.405809573e+02 +1.405809573e+02 +2.8900e+00 +2.7270e-01 -6.9930e-01 +1.1056e+00 +1.3753e+00 +1.6585e+00 -3.0928e-01 -8.8211e-01 -3.2006e+00 -8.4310e-01
230 0 +1.430517357e+02 +1.393417357e+02 +1.393417357e+02 +2.9959e+00 -2.0776e+00 +1.7091e+00 +5.2843e-01 +3.8924e-01 +4.7527e+00 +1.1878e+00 -2.2952e+00 -3.3449e+00 +1.4449e+00
267 0 +1.390492805e+02 +1.353392805e+02 +1.353392805e+02 +2.0711e+00 +1.4752e+00 +1.3498e+00 +1.8011e+00 +2.3967e+00 +4.4503e+00 -1.0687e+00 -1.8757e+00 -2.1434e+00 +1.0525e+00
314 0 +1.210010850e+02 +1.172910850e+02 +1.172910850e+02 +1.3075e+00 +1.0110e+00 +1.6708e+00 +3.6224e+00 +1.1877e+00 +4.7575e+00 +6.5588e-01 -3.2375e+00 -2.3477e+00 +1.4063e+00
420 0 +1.064443942e+02 +1.027343942e+02 +1.027343942e+02 +2.6531e+00 -4.1633e-01 +2.4993e+00 +4.3847e+00 +3.6104e+00 +3.6326e+00 -2.9242e-01 -8.4853e-02 -1.1244e+00 +3.6349e-01
631 0 +9.550806401e+01 +9.179806401e+01 +9.179806401e+01 +1.1507e+00 -4.7634e-01 +2.6486e+00 +1.4813e+00 +2.0024e+00 +3.0837e+00 -7.3209e-01 -2.2250e+00 -1.6815e+00 +4.4264e-01
637 0 +9.407287184e+01 +9.036287184e+01 +9.036287184e+01 +1.3711e+00 -1.6142e+00 +2.4786e+00 +2.0129e+00 +3.0319e+00 +2.0053e+00 +1.9599e-01 -1.3715e+00 -2.6462e+00 +1.0059e+00
651 0 +6.218123390e+01 +5.847123390e+01 +5.847123390e+01 +2.9426e+00 -2.5669e+00 +1.6362e+00 +2.7021e+00 +2.0522e+00 +3.5715e+00 -8.0362e-01 -2.0462e+00 -1.8786e+00 +4.1897e-01
1093 0 +4.805972492e+01 +4.434972492e+01 +4.434972492e+01 +2.1024e+00 -1.3288e+00 +2.3470e+00 +3.3228e+00 +1.4974e+00 +2.5838e+00 -8.0139e-01 -1.5688e+00 -2.3483e+00 -1.7458e-02
1550 0 +4.509090378e+01 +4.138090378e+01 +4.138090378e+01 +3.1779e+00 -1.7464e+00 +2.5514e+00 +3.1054e+00 +2.4738e+00 +4.1727e+00 +2.1713e-01 -2.3727e+00 -2.7288e+00 +9.3732e-01
2163 0 +3.201580206e+01 +2.830580206e+01 +2.830580206e+01 +3.0772e+00 -1.5061e+00 +1.7651e+00 +3.1831e+00 +3.1816e+00 +3.2623e+00 -2.7696e-01 -2.0651e+00 -2.7485e+00 +6.3626e-01
% f evaluations | g evaluations | best noise-free fitness - Fopt (1.321800000000e+02) + sum g_i+ | measured fitness | best measured fitness or single-digit g-values | x1 | x2...
1 0 +3.667024800e+02 +4.988824800e+02 +4.988824800e+02 +5.9671e-01 -3.8264e-02 +7.4769e-01 +1.6230e+00 -1.3415e-01 -1.3414e-01 +1.6792e+00 +8.6743e-01 -3.6947e-01 +6.4256e-01
2 0 +1.797160505e+02 +3.118960505e+02 +3.118960505e+02 -3.6342e-01 -3.6573e-01 +3.4196e-01 -1.8133e+00 -1.6249e+00 -4.6229e-01 -9.1283e-01 +4.1425e-01 -8.0802e-01 -1.3123e+00
3 0 +1.721869026e+02 +3.043669026e+02 +3.043669026e+02 +1.5656e+00 -1.2578e-01 +1.6753e-01 -1.3247e+00 -4.4438e-01 +2.1092e-01 -1.0510e+00 +4.7570e-01 -5.0064e-01 -1.9169e-01
51 0 +1.489592761e+02 +2.811392761e+02 +2.811392761e+02 -4.9911e-01 +4.6409e-01 +1.5247e+00 -1.6737e+00 -1.3035e+00 +6.6224e-01 -1.1783e+00 -3.6573e-01 +8.8164e-01 +1.2407e+00
57 0 +1.477943022e+02 +2.799743022e+02 +2.799743022e+02 -5.0517e-01 -1.4151e-01 +2.0161e+00 -1.9069e+00 -4.4907e-01 -2.5861e-01 -7.4631e-01 +5.7970e-02 -1.3470e+00 +4.9815e-01
61 0 +1.134658411e+02 +2.456458411e+02 +2.456458411e+02 -7.2073e-01 +1.5847e+00 +2.5828e+00 -6.5100e-01 -1.9086e+00 -2.9269e-01 -5.5160e-01 +4.0393e-01 -7.4722e-01 -5.6950e-01
309 0 +1.092135647e+02 +2.413935647e+02 +2.413935647e+02 -2.0849e+00 +3.2208e+00 +3.2716e+00 -1.0057e+00 -2.0030e+00 -1.2690e+00 -2.8542e+00 -3.8881e-01 +2.0692e-01 +3.9112e-01
311 0 +8.095683073e+01 +2.131368307e+02 +2.131368307e+02 -2.0783e+00 +1.4568e+00 +3.3695e+00 -1.8281e+00 -2.9407e+00 -1.0759e+00 -9.6305e-01 -4.4504e-01 +5.8327e-01 +8.6531e-01
444 0 +7.846893546e+01 +2.106489355e+02 +2.106489355e+02 -1.7305e+00 +3.3945e+00 +2.2042e+00 -3.9402e+00 -2.2882e+00 -5.0764e-01 -3.1076e+00 +8.4076e-02 +9.8502e-01 +9.9599e-01
606 0 +6.746208375e+01 +1.996420838e+02 +1.996420838e+02 -3.6728e+00 +3.1637e+00 +2.7426e-01 -1.0419e+00 -3.2544e+00 -9.8895e-01 -2.3863e+00 -2.7858e-01 +5.8159e-01 -2.5781e-01
744 0 +6.624237800e+01 +1.984223780e+02 +1.984223780e+02 -2.9702e+00 +3.1972e+00 +2.6761e+00 -8.9055e-01 -2.5017e+00 -5.9515e-01 -1.3641e+00 -7.8365e-01 +1.3621e+00 +8.1102e-02
794 0 +4.833285581e+01 +1.805128558e+02 +1.805128558e+02 -3.8867e+00 +2.5381e+00 +4.0950e+00 -1.1360e+00 -2.6630e+00 -5.5177e-01 -1.2948e+00 +5.5980e-02 +1.3606e+00 +7.3482e-02
1222 0 +4.827880990e+01 +1.804588099e+02 +1.804588099e+02 -3.9288e+00 +1.3954e+00 +3.2006e+00 -5.8055e-01 -2.9976e+00 -1.5531e+00 -2.3058e+00 -3.5732e-01 +9.8040e-01 +1.1213e-01
1290 0 +4.321878390e+01 +1.753987839e+02 +1.753987839e+02 -2.7621e+00 +1.5458e+00 +3.3293e+00 -1.4468e+00 -2.6648e+00 -5.0261e-01 -2.7149e+00 -2.2002e-01 +9.3430e-01 +1.0261e-01
1364 0 +4.123471988e+01 +1.734147199e+02 +1.734147199e+02 -3.7517e+00 +2.4469e+00 +3.4074e+00 -1.2730e+00 -2.5543e+00 -9.9581e-01 -2.6718e+00 -1.2363e-01 +6.3826e-01 +1.3006e-01
1798 0 +3.876431539e+01 +1.709443154e+02 +1.709443154e+02 -3.9269e+00 +2.2668e+00 +2.8164e+00 -1.2824e+00 -2.4220e+00 -1.0358e+00 -2.7128e+00 +1.7836e-01 +1.2484e+00 +8.6840e-02
% f evaluations | g evaluations | best noise-free fitness - Fopt (-3.930000000000e+01) + sum g_i+ | measured fitness | best measured fitness or single-digit g-values | x1 | x2...
1 0 +7.063390436e+02 +6.670390436e+02 +6.670390436e+02 +5.9671e-01 -3.8264e-02 +7.4769e-01 +1.6230e+00 -1.3415e-01 -1.3414e-01 +1.6792e+00 +8.6743e-01 -3.6947e-01 +6.4256e-01
2 0 +4.549510103e+02 +4.156510103e+02 +4.156510103e+02 -3.6342e-01 -3.6573e-01 +3.4196e-01 -1.8133e+00 -1.6249e+00 -4.6229e-01 -9.1283e-01 +4.1425e-01 -8.0802e-01 -1.3123e+00
5 0 +3.046934005e+02 +2.653934005e+02 +2.653934005e+02 +8.3847e-01 +2.7137e-01 -1.5648e-02 -2.0110e-01 -1.3785e+00 -6.1984e-01 -3.6064e-01 +1.1571e+00 +4.4362e-01 -1.6630e+00
52 0 +3.025078981e+02 +2.632078981e+02 +2.632078981e+02 +4.5993e-01 -1.6352e+00 -2.2582e+00 -5.5464e-01 -8.3407e-03 +2.3457e-01 +8.1852e-01 +1.0505e+00 -1.9930e-01 -3.0865e+00
53 0 +2.784997347e+02 +2.391997347e+02 +2.391997347e+02 +1.7108e+00 +2.1559e+00 +6.7307e-01 +2.1133e+00 +4.5402e-01 +4.8923e-01 +2.0506e+00 -5.1670e-02 -9.9363e-01 -2.5632e+00
61 0 +2.646260162e+02 +2.253260162e+02 +2.253260162e+02 +1.0735e+00 +6.5319e-01 +2.2954e+00 +2.9326e-01 +4.6901e-01 -7.0596e-02 +1.5546e+00 -3.6667e-01 +2.3042e-01 -1.7942e+00
65 0 +2.194012862e+02 +1.801012862e+02 +1.801012862e+02 -6.5969e-01 -5.6876e-01 +1.1434e+00 -5.3870e-02 +1.6253e+00 -8.8224e-01 +1.4829e+00 +3.0928e-01 -7.5745e-01 -3.6064e+00
77 0 +2.149847382e+02 +1.756847382e+02 +1.756847382e+02 -7.2618e-01 +7.1905e-01 -3.4464e-01 -4.4613e-01 +1.1287e+00 -9.0635e-01 +9.7744e-01 +2.2760e+00 +9.2390e-02 -3.0292e+00
119 0 +2.058115701e+02 +1.665115701e+02 +1.665115701e+02 +2.6136e+00 +9.6748e-02 +1.8939e+00 +1.2336e+00 +1.0266e+00 -1.0376e+00 +2.6120e-01 +1.2481e+00 +3.2966e+00 -2.5123e+00
142 0 +1.758724678e+02 +1.365724678e+02 +1.365724678e+02 -2.2937e+00 +7.9170e-01 +2.3320e+00 +4.7448e-01 +1.9349e+00 -3.6329e+00 +8.4585e-01 +5.9860e-01 +7.1603e-01 -2.4166e+00
173 0 +1.546835839e+02 +1.153835839e+02 +1.153835839e+02 -3.9794e-01 -1.0622e+00 +2.4958e+00 +1.2038e+00 +1.1078e+00 -3.0679e+00 +4.9663e+00 +1.2513e+00 -6.5284e-01 -2.5222e+00
191 0 +1.461733356e+02 +1.068733356e+02 +1.068733356e+02 +4.9117e-01 -1.0308e+00 +3.5474e+00 +1.6229e+00 +3.8534e+00 -1.1318e+00 +3.1469e+00 +1.8231e+00 +1.4948e+00 -3.6386e+00
263 0 +1.267976331e+02 +8.749763311e+01 +8.749763311e+01 -4.7806e-01 -2.1523e+00 +2.9830e+00 +4.5982e+00 -1.2633e-01 +2.5666e-01 +1.1586e+00 +1.2452e+00 +1.7841e+00 -4.5616e+00
325 0 +1.137273892e+02 +7.442738917e+01 +7.442738917e+01 -2.2591e+00 -4.3100e-01 +1.0139e+00 +1.3126e+00 +1.7738e+00 -3.1113e+00 +3.1841e+00 -9.9180e-02 +1.2901e+00 -4.0400e+00
424 0 +9.597304998e+01 +5.667304998e+01 +5.667304998e+01 -6.0247e-01 -3.1349e+00 +1.1856e+00 +2.7340e+00 -1.5453e+00 -3.4802e+00 +3.1991e+00 +2.5716e+00 +1.8664e+00 -2.5882e+00
508 0 +8.521049632e+01 +4.591049632e+01 +4.591049632e+01 -8.4149e-01 -3.0057e+00 +4.0060e+00 +2.4695e+00 +9.8898e-01 -3.4858e+00 +4.0457e+00 +2.4561e+00 +7.7744e-01 -3.2810e+00
510 0 +8.489004655e+01 +4.559004655e+01 +4.559004655e+01 -2.4330e+00 -1.6600e+00 +1.0110e+00 +4.0674e+00 +8.5951e-01 -3.9744e+00 +3.1226e+00 +2.6584e+00 +2.5940e+00 -3.3193e+00
789 0 +7.856986562e+01 +3.926986562e+01 +3.926986562e+01 -4.3567e-01 -1.3032e+00 +9.4967e-01 +3.4421e+00 +3.4766e-01 -3.1012e+00 +3.7520e+00 +2.8125e+00 +1.7447e+00 -3.2113e+00
910 0 +7.370557484e+01 +3.440557484e+01 +3.440557484e+01 -9.3240e-01 -1.2512e+00 +2.3543e+00 +2.1461e+00 +1.6576e+00 -1.4821e+00 +4.5435e+00 +1.2697e+00 +1.9720e+00 -3.3096e+00
997 0 +5.022105869e+01 +1.092105869e+01 +1.092105869e+01 +3.8393e-01 -2.8185e-01 +2.3859e+00 +4.7210e+00 +1.6113e+00 -1.4388e+00 +3.1690e+00 +2.5562e+00 +2.4909e+00 -3.3007e+00
1881 0 +4.825150726e+01 +8.951507256e+00 +8.951507256e+00 -4.2818e-01 -1.3395e+00 +8.5003e-01 +4.1455e+00 +1.5897e+00 -2.5369e+00 +3.7453e+00 +1.6936e+00 +2.2645e+00 -3.6469e+00
% f evaluations | g evaluations | best noise-free fitness - Fopt (4.296000000000e+01) + sum g_i+ | measured fitness | best measured fitness or single-digit g-values | x1 | x2...
1 0 +2.404897802e+02 +2.834497802e+02 +2.834497802e+02 +5.9671e-01 -3.8264e-02 +7.4769e-01 +1.6230e+00 -1.3415e-01 -1.3414e-01 +1.6792e+00 +8.6743e-01 -3.6947e-01 +6.4256e-01
4 0 +1.748878659e+02 +2.178478659e+02 +2.178478659e+02 -5.0171e-01 +1.9523e+00 +8.6503e-02 -9.5771e-01 +9.2254e-01 -1.1208e+00 +3.0886e-01 -1.8597e+00 -1.2282e+00 +2.9686e-01
10 0 +1.701154667e+02 +2.130754667e+02 +2.130754667e+02 +1.9708e-01 +1.0686e+00 -6.0205e-01 -2.2766e-01 -2.9211e-01 -1.3635e+00 +3.9612e-01 +3.6106e-01 +1.0511e-01 -1.3459e-01
25 0 +1.498577471e+02 +1.928177471e+02 +1.928177471e+02 -6.9252e-01 -1.4736e-02 +6.0499e-01 +9.6576e-01 -1.1003e+00 -2.3450e-01 -3.7495e-01 -5.5333e-01 +1.8655e+00 +5.0498e-01
49 0 +1.182255531e+02 +1.611855531e+02 +1.611855531e+02 -2.7918e-02 -8.5554e-01 -1.5064e+00 +3.0346e-01 -6.5635e-01 -1.3223e+00 -5.4657e-01 -9.8155e-01 +1.7871e+00 +9.8164e-01
71 0 +1.074521516e+02 +1.504121516e+02 +1.504121516e+02 -1.4009e+00 +1.6445e+00 -1.2520e+00 -1.0588e-01 +3.5759e-01 -1.9278e+00 -4.8377e-02 -9.1979e-01 +1.4510e+00 +1.2522e+00
273 0 +1.047531074e+02 +1.477131074e+02 +1.477131074e+02 -8.5961e-01 +2.3869e+00 -2.8245e+00 -9.1942e-01 +1.5890e+00 -3.0419e+00 -8.3927e-01 -1.1270e+00 +2.1002e+00 +1.5719e+00
322 0 +1.014267999e+02 +1.443867999e+02 +1.443867999e+02 -7.4913e-01 +4.2264e-02 -1.9248e+00 -7.5300e-01 +1.1528e+00 -2.2085e+00 +6.2332e-02 -6.8508e-01 +1.5456e+00 +7.7732e-01
333 0 +1.007915916e+02 +1.437515916e+02 +1.437515916e+02 +2.2128e-02 +1.9350e+00 -3.4005e+00 +1.0554e+00 +1.1979e+00 -4.2709e+00 -6.6193e-03 -1.5943e+00 +1.7938e+00 -4.1670e-01
387 0 +8.662000550e+01 +1.295800055e+02 +1.295800055e+02 -6.0595e-01 +3.2551e-01 -3.6654e+00 +7.3716e-01 +3.2356e-01 -2.1973e+00 +2.1198e-01 -1.0846e+00 +1.5777e+00 -3.5918e-01
469 0 +8.546178134e+01 +1.284217813e+02 +1.284217813e+02 +2.7613e-01 +2.9528e-01 -3.4732e+00 +1.0628e+00 +8.4909e-01 -3.2866e+00 -1.4712e+00 -1.5003e+00 +2.4599e+00 +8.4708e-01
470 0 +8.180176483e+01 +1.247617648e+02 +1.247617648e+02 +1.1704e+00 +7.0847e-01 -9.5789e-01 +1.6047e+00 +1.1392e+00 -3.3057e+00 +2.2207e-01 -1.6719e+00 +1.7646e+00 +1.2631e+00
532 0 +7.599646466e+01 +1.189564647e+02 +1.189564647e+02 +4.8496e-01 +1.0614e+00 -2.7251e+00 +1.6719e+00 +1.4262e+00 -3.2515e+00 -2.6091e-01 -1.9471e-01 +1.2200e+00 +1.1620e+00
584 0 +7.463129885e+01 +1.175912989e+02 +1.175912989e+02 -4.2177e-01 +1.3900e+00 -2.7252e+00 +9.3415e-01 +9.0814e-01 -3.0888e+00 -6.4315e-01 -2.1902e+00 +1.8298e+00 +5.3657e-01
616 0 +6.741145869e+01 +1.103714587e+02 +1.103714587e+02 -7.9735e-01 +9.5137e-01 -3.6242e+00 +1.6541e+00 +9.2928e-01 -2.8215e+00 -5.9018e-01 -1.6613e+00 +2.4409e+00 -1.4104e-01
620 0 +5.874084305e+01 +1.017008431e+02 +1.017008431e+02 -3.7952e-01 +2.5147e+00 -1.9137e+00 +1.7579e+00 +1.0089e+00 -3.8115e+00 -8.7145e-01 -1.5866e+00 +6.8570e-01 +9.5639e-01
705 0 +5.133799816e+01 +9.429799816e+01 +9.429799816e+01 +5.3034e-01 +2.0153e+00 -1.2859e+00 +3.9959e-01 +2.0973e-01 -3.3103e+00 -2.6371e-01 -1.9637e+00 +2.4238e+00 +8.8189e-01
1335 0 +5.037108313e+01 +9.333108313e+01 +9.333108313e+01 +3.4498e-01 +1.8857e+00 -2.7493e+00 +1.8866e+00 +2.1910e-01 -2.5091e+00 -7.3832e-01 -1.5268e+00 +2.2833e+00 +5.3823e-01
1411 0 +4.684527144e+01 +8.980527144e+01 +8.980527144e+01 -2.5557e-01 +8.8772e-01 -2.8618e+00 +1.8836e+00 +1.5110e-01 -3.4579e+00 -2.4428e-01 -1.2069e+00 +2.3089e+00 +9.0479e-01
2224 0 +4.299972682e+01 +8.595972682e+01 +8.595972682e+01 -6.5461e-01 +1.7057e+00 -1.9899e+00 +1.6177e+00 +1.1851e-01 -3.2713e+00 -7.6681e-01 -1.4278e+00 +2.2618e+00 +2.2344e-01
% f evaluations | g evaluations | best noise-free fitness - Fopt (2.842200000000e+02) + sum g_i+ | measured fitness | best measured fitness or single-digit g-values | x1 | x2...
1 0 +4.836151911e+02 +7.678351911e+02 +7.678351911e+02 +5.9671e-01 -3.8264e-02 +7.4769e-01 +1.6230e+00 -1.3415e-01 -1.3414e-01 +1.6792e+00 +8.6743e-01 -3.6947e-01 +6.4256e-01
2 0 +3.271274530e+02 +6.113474530e+02 +6.113474530e+02 -3.6342e-01 -3.6573e-01 +3.4196e-01 -1.8133e+00 -1.6249e+00 -4.6229e-01 -9.1283e-01 +4.1425e-01 -8.0802e-01 -1.3123e+00
36 0 +2.907507407e+02 +5.749707407e+02 +5.749707407e+02 +4.1091e-01 +1.5754e+00 +9.5766e-01 -5.9939e-02 +8.0984e-02 -9.0253e-01 +8.1487e-02 -1.8866e-01 +4.2272e-01 -7.2723e-01
51 0 +2.494078124e+02 +5.336278124e+02 +5.336278124e+02 -7.1727e-01 -1.0418e+00 +9.5039e-02 +2.2963e-01 -7.2374e-01 -9.3758e-01 +1.8087e+00 +7.2949e-02 +3.0447e-03 -9.2263e-01
55 0 +2.477632431e+02 +5.319832431e+02 +5.319832431e+02 +1.4265e+00 +8.3047e-01 +1.6668e+00 -1.8229e+00 +4.6563e-02 -1.5076e+00 +7.4366e-01 -6.8030e-01 -6.8875e-01 -1.8532e+00
56 0 +2.261946283e+02 +5.104146283e+02 +5.104146283e+02 +1.2492e+00 +4.8206e-01 +1.8521e-01 +4.6701e-02 +9.2521e-01 -2.2210e+00 +1.2860e-01 -5.5248e-01 -9.4133e-01 -3.2587e+00
75 0 +1.909151568e+02 +4.751351568e+02 +4.751351568e+02 -9.3498e-02 +2.1902e+00 -1.1638e+00 +3.4750e-01 -9.7936e-01 -1.4550e+00 +5.2595e-02 +8.6987e-01 -6.6008e-01 -2.1488e+00
88 0 +1.643519085e+02 +4.485719085e+02 +4.485719085e+02 -5.7311e-01 +1.2507e+00 +2.9882e-01 +3.7331e-01 -6.5361e-01 -1.4099e+00 +1.6960e+00 +3.8092e-01 +2.0257e-01 -2.5773e+00
110 0 +1.578281116e+02 +4.420481116e+02 +4.420481116e+02 -1.9520e+00 -6.9821e-01 -1.4317e+00 -1.1373e+00 +1.1666e+00 -3.5140e+00 +1.3575e+00 +2.2315e-01 +2.3417e+00 -1.8884e+00
303 0 +1.063015060e+02 +3.905215060e+02 +3.905215060e+02 -2.0310e+00 -5.6537e-01 -1.2805e+00 -3.5547e-01 +1.8370e+00 -4.0165e+00 +4.5550e+00 +2.1827e+00 +9.6704e-01 -3.7696e+00
530 0 +9.826922538e+01 +3.824892254e+02 +3.824892254e+02 -1.3240e+00 +4.8063e-01 -9.7108e-01 +1.7364e+00 +2.2151e+00 -3.4398e+00 +2.5998e+00 +1.3604e-01 +6.1871e-01 -3.2394e+00
594 0 +8.364126247e+01 +3.678612625e+02 +3.678612625e+02 -1.9033e+00 +1.4109e+00 -1.8850e+00 +2.4332e+00 +2.0342e+00 -3.5515e+00 +2.3700e+00 +1.7695e+00 +2.8355e-01 -2.3258e+00
677 0 +7.352761071e+01 +3.577476107e+02 +3.577476107e+02 -1.6998e+00 -4.1865e-02 -1.5257e-01 +3.0420e+00 +6.9488e-01 -4.1497e+00 +1.4650e+00 +9.9076e-01 +1.0035e+00 -3.2139e+00
872 0 +6.609227062e+01 +3.503122706e+02 +3.503122706e+02 -2.1510e+00 +7.2167e-01 -2.4713e+00 +3.8274e+00 +1.2175e+00 -1.8707e+00 +2.7995e+00 +2.0988e+00 -2.2775e-01 -2.9009e+00
925 0 +6.048094473e+01 +3.447009447e+02 +3.447009447e+02 -2.1320e+00 +1.6266e+00 +6.6381e-01 +3.4102e+00 +2.2348e+00 -3.3960e+00 +2.8275e+00 +1.7478e+00 +7.0482e-01 -2.8601e+00
1462 0 +5.312884699e+01 +3.373488470e+02 +3.373488470e+02 -3.1898e+00 +1.5547e+00 -9.7803e-01 +2.1038e+00 +1.7309e+00 -2.9718e+00 +3.7881e+00 +5.1753e-01 +9.7463e-01 -2.5990e+00
1497 0 +5.148270098e+01 +3.357027010e+02 +3.357027010e+02 -2.0026e+00 +1.6197e+00 -2.6739e-01 +2.2215e+00 +1.1111e+00 -1.9049e+00 +2.8491e+00 +9.7284e-01 +5.6749e-01 -3.3405e+00
1680 0 +5.108821911e+01 +3.353082191e+02 +3.353082191e+02 -2.0996e+00 +3.4500e-01 -4.6828e-01 +2.2542e+00 +1.0674e-01 -2.9485e+00 +3.5112e+00 +9.5890e-01 +2.6431e-01 -3.1393e+00
1837 0 +4.696978016e+01 +3.311897802e+02 +3.311897802e+02 -3.1192e+00 -1.2750e+00 -1.1159e+00 +2.8270e+00 +1.1095e+00 -4.2603e+00 +3.3672e+00 +1.3263e+00 +1.4830e+00 -2.5198e+00
2252 0 +4.534641499e+01 +3.295664150e+02 +3.295664150e+02 -3.8844e+00 -1.8116e-01 +5.1629e-01 +2.7955e+00 +1.8871e+00 -3.4227e+00 +2.6158e+00 +9.0541e-01 +1.0071e+00 -2.5217e+00
2376 0 +3.902588392e+01 +3.232458839e+02 +3.232458839e+02 -1.0942e+00 -2.9346e+00 -1.0753e+00 +1.3905e+00 +1.2062e+00 -4.0949e+00 +2.0695e+00 +1.7396e+00 +1.0505e+00 -2.8424e+00
% f evaluations | g evaluations | best noise-free fitness - Fopt (-3.217000000000e+01) + sum g_i+ | measured fitness | best measured fitness or single-digit g-values | x1 | x2...
1 0 +4.903995418e+02 +4.582295418e+02 +4.582295418e+02 +5.9671e-01 -3.8264e-02 +7.4769e-01 +1.6230e+00 -1.3415e-01 -1.3414e-01 +1.6792e+00 +8.6743e-01 -3.6947e-01 +6.4256e-01
2 0 +2.074713183e+02 +1.753013183e+02 +1.753013183e+02 -3.6342e-01 -3.6573e-01 +3.4196e-01 -1.8133e+00 -1.6249e+00 -4.6229e-01 -9.1283e-01 +4.1425e-01 -8.0802e-01 -1.3123e+00
5 0 +2.037961041e+02 +1.716261041e+02 +1.716261041e+02 +8.3847e-01 +2.7137e-01 -1.5648e-02 -2.0110e-01 -1.3785e+00 -6.1984e-01 -3.6064e-01 +1.1571e+00 +4.4362e-01 -1.6630e+00
14 0 +1.999374935e+02 +1.677674935e+02 +1.677674935e+02 -1.4507e+00 +1.6856e-01 -9.6230e-01 +5.7359e-01 -8.1942e-01 +1.6499e+00 -6.8325e-01 -2.2206e-01 +9.1352e-01 -1.1309e+00
53 0 +1.788098998e+02 +1.466398998e+02 +1.466398998e+02 -3.2651e-01 +1.0111e+00 +1.6757e-01 +3.2611e-01 -1.3376e+00 +2.1598e+00 -8.1421e-01 -1.4491e-01 +1.9925e+00 -3.4100e+00
70 0 +1.476199320e+02 +1.154499320e+02 +1.154499320e+02 -3.5172e-01 +3.9711e-01 -1.1394e+00 +1.0520e+00 -1.9980e+00 +1.6742e+00 +1.2205e+00 +1.7910e-02 +3.3296e-01 -2.3637e+00
112 0 +1.360083530e+02 +1.038383530e+02 +1.038383530e+02 -1.3098e+00 +5.0211e-02 -9.1552e-01 -9.6686e-01 -4.9518e+00 +9.0995e-02 -2.2376e+00 +1.2768e+00 +2.2604e+00 -2.7820e+00
208 0 +1.250903284e+02 +9.292032843e+01 +9.292032843e+01 +3.3550e+00 +2.1767e-01 -2.8880e-01 +1.1101e+00 -1.9172e-01 +2.8179e+00 -2.0135e+00 +3.0019e+00 +7.0762e-01 -2.7876e+00
257 0 +7.994230043e+01 +4.777230043e+01 +4.777230043e+01 -1.5688e+00 +3.7504e+00 +1.3214e+00 -1.3979e+00 -4.1469e+00 +1.1592e+00 -9.0000e-01 +4.8630e+00 +6.6879e-01 -2.2943e+00
261 0 +6.249559070e+01 +3.032559070e+01 +3.032559070e+01 -4.7946e-01 +1.4626e+00 +4.2257e-01 +4.6732e-01 -3.8883e+00 +5.8560e-01 -7.6301e-01 +2.0888e+00 +1.4307e+00 -2.1350e+00
876 0 +5.668947243e+01 +2.451947243e+01 +2.451947243e+01 +1.3520e+00 +2.7936e+00 +2.5659e-01 -1.4034e+00 -3.8576e+00 +4.8145e-01 -1.0450e+00 +3.4427e+00 +1.7874e+00 -2.6894e+00
914 0 +5.059054654e+01 +1.842054654e+01 +1.842054654e+01 +2.5283e+00 +1.0225e+00 -1.7216e-01 -7.3721e-01 -3.4575e+00 +1.1235e+00 -8.6584e-01 +2.9667e+00 +1.4176e+00 -2.3355e+00
1430 0 +4.727257967e+01 +1.510257967e+01 +1.510257967e+01 +1.5666e+00 +8.3222e-02 +4.5187e-01 -4.7994e-02 -4.7477e+00 +9.5909e-01 -7.4572e-01 +3.4547e+00 +1.3358e+00 -2.3524e+00
% f evaluations | g evaluations | best noise-free fitness - Fopt (-5.858000000000e+01) + sum g_i+ | measured fitness | best measured fitness or single-digit g-values | x1 | x2...
1 0 +6.314286158e+02 +5.728486158e+02 +5.728486158e+02 +5.9671e-01 -3.8264e-02 +7.4769e-01 +1.6230e+00 -1.3415e-01 -1.3414e-01 +1.6792e+00 +8.6743e-01 -3.6947e-01 +6.4256e-01
2 0 +4.752561908e+02 +4.166761908e+02 +4.166761908e+02 -3.6342e-01 -3.6573e-01 +3.4196e-01 -1.8133e+00 -1.6249e+00 -4.6229e-01 -9.1283e-01 +4.1425e-01 -8.0802e-01 -1.3123e+00
3 0 +4.402688276e+02 +3.816888276e+02 +3.816888276e+02 +1.5656e+00 -1.2578e-01 +1.6753e-01 -1.3247e+00 -4.4438e-01 +2.1092e-01 -1.0510e+00 +4.7570e-01 -5.0064e-01 -1.9169e-01
5 0 +3.897761269e+02 +3.311961269e+02 +3.311961269e+02 +8.3847e-01 +2.7137e-01 -1.5648e-02 -2.0110e-01 -1.3785e+00 -6.1984e-01 -3.6064e-01 +1.1571e+00 +4.4362e-01 -1.6630e+00
25 0 +3.692683720e+02 +3.106883720e+02 +3.106883720e+02 -6.9252e-01 -1.4736e-02 +6.0499e-01 +9.6576e-01 -1.1003e+00 -2.3450e-01 -3.7495e-01 -5.5333e-01 +1.8655e+00 +5.0498e-01
52 0 +2.808823845e+02 +2.223023845e+02 +2.223023845e+02 +9.9015e-01 -2.0914e-01 +8.0993e-01 -5.0558e-01 -5.4603e-01 -3.4449e+00 -6.7634e-01 +1.0199e+00 +1.6255e+00 -1.2891e+00
57 0 +1.759015231e+02 +1.173215231e+02 +1.173215231e+02 +1.4347e+00 +1.5740e-01 -1.1624e+00 +1.2236e+00 -1.7975e+00 -1.9758e+00 -2.6230e+00 +1.6775e+00 +4.3358e-01 +5.1348e-01
157 0 +1.366323355e+02 +7.805233546e+01 +7.805233546e+01 +3.0817e+00 +8.8658e-01 -6.6803e-01 +3.9887e+00 -3.6745e+00 -3.7407e+00 -3.1344e+00 +4.0902e+00 +3.5392e+00 +1.4702e+00
168 0 +1.266648873e+02 +6.808488734e+01 +6.808488734e+01 +3.1297e+00 -1.9584e+00 +2.7971e+00 +3.5834e-01 -3.9176e+00 -4.4121e+00 -3.7114e+00 +3.4552e+00 +2.7319e+00 +6.4569e-01
357 0 +9.746509625e+01 +3.888509625e+01 +3.888509625e+01 +4.0678e+00 -1.5922e+00 -1.2916e+00 +1.2964e+00 -1.4879e+00 -3.8894e+00 -3.8822e+00 +3.7399e+00 +2.0549e+00 +1.3052e+00
486 0 +8.337167905e+01 +2.479167905e+01 +2.479167905e+01 +8.9581e-01 -2.2370e+00 -1.3880e+00 +1.8392e+00 -4.5550e+00 -3.3709e+00 -3.2742e+00 +3.0261e+00 +2.3116e+00 +1.3295e+00
578 0 +7.266565254e+01 +1.408565254e+01 +1.408565254e+01 +1.8492e+00 -3.3726e+00 -4.4626e-01 +3.1488e+00 -2.5035e+00 -4.4148e+00 -2.8448e+00 +2.4447e+00 +2.2499e+00 +9.4653e-01
849 0 +7.173893214e+01 +1.315893214e+01 +1.315893214e+01 +2.5866e+00 -4.4668e+00 +9.9989e-01 +2.4796e+00 -3.5127e+00 -3.6163e+00 -3.2032e+00 +3.7278e+00 +3.6741e+00 +1.9774e+00
912 0 +5.976271012e+01 +1.182710117e+00 +1.182710117e+00 +1.7631e+00 -3.2872e+00 +6.5530e-01 +1.9615e+00 -3.5600e+00 -4.0343e+00 -3.2364e+00 +3.2031e+00 +3.5135e+00 +9.5872e-01
1132 0 +5.399891090e+01 -4.581089099e+00 -4.581089099e+00 +8.1082e-01 -3.0226e+00 +9.6797e-01 +2.5009e+00 -3.5758e+00 -4.4919e+00 -3.2927e+00 +2.3575e+00 +2.4145e+00 +1.3766e+00
1328 0 +5.284926301e+01 -5.730736989e+00 -5.730736989e+00 +2.5692e+00 -2.6373e+00 +2.4304e-01 +3.0864e+00 -3.5111e+00 -4.7362e+00 -3.2600e+00 +3.7363e+00 +3.1163e+00 +1.8752e+00
1403 0 +3.881246704e+01 -1.976753296e+01 -1.976753296e+01 +2.5783e+00 -2.4755e+00 +1.6233e+00 +3.0362e+00 -3.5865e+00 -4.4450e+00 -3.2809e+00 +3.2053e+00 +1.8774e+00 +1.4316e+00
1917 0 +3.685614968e+01 -2.172385032e+01 -2.172385032e+01 +2.6047e+00 -2.4847e+00 +1.5990e+00 +2.4314e+00 -4.3467e+00 -3.3396e+00 -2.6967e+00 +2.8878e+00 +3.4409e+00 +9.3078e-01
