% f evaluations | g evaluations | best noise-free fitness - Fopt (4.078000000000e+01) + sum g_i+ | measured fitness | best measured fitness or single-digit g-values | x1 | x2...
1 0 +6.971655738e+01 +1.104965574e+02 +1.104965574e+02 +5.9671e-01 -3.8264e-02 +7.4769e-01 +1.6230e+00 -1.3415e-01
2 0 +1.678455227e+01 +5.756455227e+01 +5.756455227e+01 -1.3414e-01 +1.6792e+00 +8.6743e-01 -3.6947e-01 +6.4256e-01
7 0 +9.459257437e+00 +5.023925744e+01 +5.023925744e+01 -5.0171e-01 +1.9523e+00 +8.6503e-02 -9.5771e-01 +9.2254e-01
30 0 +8.443615698e+00 +4.922361570e+01 +4.922361570e+01 -2.0580e+00 +1.8136e+00 +1.4154e+00 -5.2780e-01 +9.7172e-01
31 0 +8.217408410e+00 +4.899740841e+01 +4.899740841e+01 -1.6181e+00 +1.2580e+00 +1.0198e+00 -1.4276e+00 +1.9688e+00
37 0 +2.312537570e+00 +4.309253757e+01 +4.309253757e+01 -1.3979e+00 +1.5023e+00 +9.0544e-01 -9.0354e-01 +6.4331e-01
154 0 +2.031144290e+00 +4.281114429e+01 +4.281114429e+01 -1.3581e+00 +1.6392e+00 +9.5579e-01 -1.5329e+00 +6.3839e-01
257 0 +2.029737669e+00 +4.280973767e+01 +4.280973767e+01 -1.3484e+00 +1.0901e+00 +3.0254e-01 -1.8253e+00 +1.8660e-01
258 0 +1.670912477e+00 +4.245091248e+01 +4.245091248e+01 -1.8567e+00 +1.0328e+00 +3.0570e-01 -1.4542e+00 +5.8738e-01
263 0 +1.567138226e+00 +4.234713823e+01 +4.234713823e+01 -1.8178e+00 +1.0509e+00 +4.8614e-01 -1.5093e+00 +7.3761e-01
310 0 +1.542572283e+00 +4.232257228e+01 +4.232257228e+01 -1.7907e+00 +1.4755e+00 +5.7272e-01 -1.6456e+00 +4.4263e-01
317 0 +1.537367112e+00 +4.231736711e+01 +4.231736711e+01 -1.7683e+00 +1.2249e+00 +6.6273e-01 -1.3448e+00 +7.3126e-01
328 0 +1.491677615e+00 +4.227167761e+01 +4.227167761e+01 -1.8113e+00 +1.0561e+00 +4.1800e-01 -1.4885e+00 +4.7937e-01
391 0 +1.370348786e+00 +4.215034879e+01 +4.215034879e+01 -1.6853e+00 +1.2894e+00 +5.9285e-01 -1.4727e+00 +3.7605e-01
429 0 +1.317700112e+00 +4.209770011e+01 +4.209770011e+01 -1.6641e+00 +1.2117e+00 +4.6770e-01 -1.4586e+00 +4.6675e-01
443 0 +1.307810588e+00 +4.208781059e+01 +4.208781059e+01 -1.6772e+00 +1.1460e+00 +5.6820e-01 -1.4880e+00 +5.3977e-01
453 0 +1.303913389e+00 +4.208391339e+01 +4.208391339e+01 -1.7726e+00 +1.2328e+00 +4.7409e-01 -1.4635e+00 +4.6912e-01
483 0 +1.284312582e+00 +4.206431258e+01 +4.206431258e+01 -1.7475e+00 +1.2245e+00 +4.8833e-01 -1.4616e+00 +4.8803e-01
487 0 +1.281825406e+00 +4.206182541e+01 +4.206182541e+01 -1.7183e+00 +1.3229e+00 +5.7277e-01 -1.4533e+00 +5.7326e-01
488 0 +1.275257636e+00 +4.205525764e+01 +4.205525764e+01 -1.7446e+00 +1.2340e+00 +6.2235e-01 -1.5077e+00 +5.4323e-01
492 0 +1.265288928e+00 +4.204528893e+01 +4.204528893e+01 -1.7631e+00 +1.2804e+00 +5.5579e-01 -1.5648e+00 +5.2905e-01
556 0 +1.256891073e+00 +4.203689107e+01 +4.203689107e+01 -1.7438e+00 +1.3017e+00 +5.5678e-01 -1.5088e+00 +5.2834e-01
578 0 +1.250135374e+00 +4.203013537e+01 +4.203013537e+01 -1.7151e+00 +1.2678e+00 +5.6042e-01 -1.5474e+00 +5.4310e-01
668 0 +1.249323185e+00 +4.202932318e+01 +4.202932318e+01 -1.7052e+00 +1.2539e+00 +5.6106e-01 -1.5349e+00 +5.2871e-01
678 0 +1.247353473e+00 +4.202735347e+01 +4.202735347e+01 -1.7362e+00 +1.2447e+00 +5.3918e-01 -1.5234e+00 +5.4455e-01
686 0 +1.246612592e+00 +4.202661259e+01 +4.202661259e+01 -1.7321e+00 +1.2466e+00 +5.4398e-01 -1.5196e+00 +5.4635e-01
750 0 +1.246331737e+00 +4.202633174e+01 +4.202633174e+01 -1.7178e+00 +1.2648e+00 +5.3172e-01 -1.5150e+00 +5.3114e-01
760 0 +1.245699487e+00 +4.202569949e+01 +4.202569949e+01 -1.7275e+00 +1.2538e+00 +5.4290e-01 -1.5180e+00 +5.4392e-01
767 0 +1.245517765e+00 +4.202551776e+01 +4.202551776e+01 -1.7142e+00 +1.2661e+00 +5.3837e-01 -1.5169e+00 +5.4313e-01
880 0 +1.245484915e+00 +4.202548492e+01 +4.202548492e+01 -1.7158e+00 +1.2546e+00 +5.4645e-01 -1.5154e+00 +5.4289e-01
894 0 +1.245327827e+00 +4.202532783e+01 +4.202532783e+01 -1.7162e+00 +1.2605e+00 +5.3769e-01 -1.5184e+00 +5.4352e-01
941 0 +1.245273429e+00 +4.202527343e+01 +4.202527343e+01 -1.7168e+00 +1.2597e+00 +5.4104e-01 -1.5167e+00 +5.4256e-01
1002 0 +1.245260721e+00 +4.202526072e+01 +4.202526072e+01 -1.7181e+00 +1.2597e+00 +5.4197e-01 -1.5178e+00 +5.4460e-01
1029 0 +1.245259770e+00 +4.202525977e+01 +4.202525977e+01 -1.7187e+00 +1.2591e+00 +5.4138e-01 -1.5179e+00 +5.4414e-01
