% f evaluations | g evaluations | best noise-free fitness - Fopt (-1.025500000000e+02) + sum g_i+ | measured fitness | best measured fitness or single-digit g-values | x1 | x2...
1 0 +8.343154790e+00 -9.420684521e+01 -9.420684521e+01 +5.9671e-01 -3.8264e-02 +7.4769e-01 +1.6230e+00 -1.3415e-01
6 0 +2.655540638e+00 -9.989445936e+01 -9.989445936e+01 +2.1092e-01 -1.0510e+00 +4.7570e-01 -5.0064e-01 -1.9169e-01
74 0 +2.149716662e+00 -1.004002833e+02 -1.004002833e+02 -2.9095e-01 +7.1426e-01 +8.4861e-02 +7.4724e-01 -9.7216e-02
487 0 +1.907053878e+00 -1.006429461e+02 -1.006429461e+02 +6.0967e-01 -6.3417e-01 -7.6837e-01 +2.7901e-01 -1.4926e+00
611 0 +1.708758165e+00 -1.008412418e+02 -1.008412418e+02 -2.0496e-01 -1.2667e-01 -5.2254e-01 +8.7347e-01 -8.3630e-01
679 0 +4.578320922e-01 -1.020921679e+02 -1.020921679e+02 -8.5684e-02 -7.4180e-01 -4.6753e-01 +8.8222e-02 -8.8908e-02
991 0 +2.331729747e-01 -1.023168270e+02 -1.023168270e+02 -4.7999e-01 +1.2273e-01 -2.3733e-01 +2.2665e-01 +6.0093e-01
% f evaluations | g evaluations | best noise-free fitness - Fopt (7.169000000000e+01) + sum g_i+ | measured fitness | best measured fitness or single-digit g-values | x1 | x2...
1 0 +1.523492134e+01 +8.692492134e+01 +8.692492134e+01 +5.9671e-01 -3.8264e-02 +7.4769e-01 +1.6230e+00 -1.3415e-01
2 0 +1.018039543e+01 +8.187039543e+01 +8.187039543e+01 -1.3414e-01 +1.6792e+00 +8.6743e-01 -3.6947e-01 +6.4256e-01
4 0 +1.015758259e+01 +8.184758259e+01 +8.184758259e+01 -4.6229e-01 -9.1283e-01 +4.1425e-01 -8.0802e-01 -1.3123e+00
6 0 +6.539542210e+00 +7.822954221e+01 +7.822954221e+01 +2.1092e-01 -1.0510e+00 +4.7570e-01 -5.0064e-01 -1.9169e-01
14 0 +6.330726106e+00 +7.802072611e+01 +7.802072611e+01 +1.4562e+00 +2.7990e-02 +1.1035e+00 +4.6164e-01 -5.4512e-01
19 0 +5.840938617e+00 +7.753093862e+01 +7.753093862e+01 +1.9708e-01 +1.0686e+00 -6.0205e-01 -2.2766e-01 -2.9211e-01
27 0 +1.491324751e+00 +7.318132475e+01 +7.318132475e+01 +4.0184e-01 +7.4453e-03 -3.7821e-01 +4.1512e-02 -1.3063e+00
143 0 +9.989470875e-01 +7.268894709e+01 +7.268894709e+01 -3.1558e-01 +2.5785e-01 -3.9607e-01 +9.8070e-01 -1.0498e+00
930 0 +4.079171052e-01 +7.209791711e+01 +7.209791711e+01 -1.5405e-01 -7.1349e-02 -8.9862e-01 -4.8077e-01 -3.7063e-01
1061 0 +3.343149087e-01 +7.202431491e+01 +7.202431491e+01 -9.6615e-02 -1.6496e-01 -1.0670e+00 -7.7055e-01 +1.0506e-01
1120 0 +3.012107313e-01 +7.199121073e+01 +7.199121073e+01 -5.1428e-02 -2.0724e-02 -9.6328e-01 -6.9546e-01 -5.4941e-02
1140 0 +6.184506887e-02 +7.175184507e+01 +7.175184507e+01 -7.5454e-02 -1.0984e-01 -9.9631e-01 -6.5714e-01 +4.8033e-03
% f evaluations | g evaluations | best noise-free fitness - Fopt (2.140100000000e+02) + sum g_i+ | measured fitness | best measured fitness or single-digit g-values | x1 | x2...
1 0 +1.223368156e+01 +2.262436816e+02 +2.262436816e+02 +5.9671e-01 -3.8264e-02 +7.4769e-01 +1.6230e+00 -1.3415e-01
2 0 +5.679987008e+00 +2.196899870e+02 +2.196899870e+02 -1.3414e-01 +1.6792e+00 +8.6743e-01 -3.6947e-01 +6.4256e-01
16 0 +2.667714973e+00 +2.166777150e+02 +2.166777150e+02 +9.2190e-01 +1.8705e-01 -1.9901e-01 +1.9176e-01 -1.8876e+00
168 0 +3.339276038e-01 +2.143439276e+02 +2.143439276e+02 -1.2170e+00 -3.1274e-01 -3.4011e-01 +7.4540e-01 -9.6556e-02
% f evaluations | g evaluations | best noise-free fitness - Fopt (-5.848000000000e+01) + sum g_i+ | measured fitness | best measured fitness or single-digit g-values | x1 | x2...
1 0 +7.166516536e+00 -5.131348346e+01 -5.131348346e+01 +5.9671e-01 -3.8264e-02 +7.4769e-01 +1.6230e+00 -1.3415e-01
9 0 +1.883092935e+00 -5.659690706e+01 -5.659690706e+01 +8.3847e-01 +2.7137e-01 -1.5648e-02 -2.0110e-01 -1.3785e+00
92 0 +1.353823456e+00 -5.712617654e+01 -5.712617654e+01 -3.8780e-01 +2.2269e+00 +6.2943e-02 +1.5540e-01 -7.9556e-01
244 0 +1.058753243e+00 -5.742124676e+01 -5.742124676e+01 -2.4878e-01 +3.3748e-01 -8.1165e-01 +1.8527e+00 -1.9794e-01
506 0 +3.248035541e-01 -5.815519645e+01 -5.815519645e+01 +7.1827e-01 +9.0965e-01 +1.6770e-02 +4.7231e-01 +8.4049e-02
985 0 +3.141014739e-01 -5.816589853e+01 -5.816589853e+01 +2.9967e-01 +2.6388e-01 -6.0430e-01 +5.6383e-01 -3.0469e-01
989 0 +2.550849163e-01 -5.822491508e+01 -5.822491508e+01 +3.2292e-01 +2.9759e-01 -5.9585e-01 +5.7355e-01 -2.8873e-01
991 0 +1.816076803e-01 -5.829839232e+01 -5.829839232e+01 +3.1091e-01 +2.0783e-01 -5.5135e-01 +5.1149e-01 -3.2375e-01
1211 0 +1.747323530e-01 -5.830526765e+01 -5.830526765e+01 +3.8431e-01 +3.0593e-01 -5.8312e-01 +6.1612e-01 -3.6451e-01
% f evaluations | g evaluations | best noise-free fitness - Fopt (-6.130800000000e+02) + sum g_i+ | measured fitness | best measured fitness or single-digit g-values | x1 | x2...
1 0 +1.338076155e+00 -6.117419238e+02 -6.117419238e+02 +5.9671e-01 -3.8264e-02 +7.4769e-01 +1.6230e+00 -1.3415e-01
646 0 +1.155557025e+00 -6.119244430e+02 -6.119244430e+02 +1.2464e+00 +1.6190e+00 +5.7577e-01 -3.5297e-01 +2.8104e-01
% f evaluations | g evaluations | best noise-free fitness - Fopt (6.189000000000e+01) + sum g_i+ | measured fitness | best measured fitness or single-digit g-values | x1 | x2...
1 0 +9.838787685e+00 +7.172878768e+01 +7.172878768e+01 +5.9671e-01 -3.8264e-02 +7.4769e-01 +1.6230e+00 -1.3415e-01
4 0 +4.705544130e+00 +6.659554413e+01 +6.659554413e+01 -4.6229e-01 -9.1283e-01 +4.1425e-01 -8.0802e-01 -1.3123e+00
21 0 +4.673528620e+00 +6.656352862e+01 +6.656352862e+01 -1.3154e+00 -3.2065e-01 -2.4271e-01 -7.0228e-01 -6.1286e-02
84 0 +3.728028743e+00 +6.561802874e+01 +6.561802874e+01 -2.6230e+00 -2.0358e+00 +4.8112e-01 -2.2755e-01 -3.3368e-01
194 0 +1.480817618e+00 +6.337081762e+01 +6.337081762e+01 -2.8125e+00 -2.1408e+00 -1.2257e+00 +3.3936e-01 -3.6539e-01
365 0 +1.321139470e+00 +6.321113947e+01 +6.321113947e+01 -3.1334e-01 -1.4907e+00 -3.4195e-01 +1.9895e-02 -1.3759e+00
1013 0 +1.050228254e+00 +6.294022825e+01 +6.294022825e+01 -1.1582e+00 -9.3402e-01 -1.3216e+00 +1.5218e+00 -4.4218e-01
1236 0 +4.497431061e-01 +6.233974311e+01 +6.233974311e+01 -5.4038e-01 -8.4329e-01 -7.1964e-01 +9.0348e-01 -2.0606e-01
% f evaluations | g evaluations | best noise-free fitness - Fopt (-8.456000000000e+01) + sum g_i+ | measured fitness | best measured fitness or single-digit g-values | x1 | x2...
1 0 +8.565198373e+00 -7.599480163e+01 -7.599480163e+01 +5.9671e-01 -3.8264e-02 +7.4769e-01 +1.6230e+00 -1.3415e-01
4 0 +7.354514939e+00 -7.720548506e+01 -7.720548506e+01 -4.6229e-01 -9.1283e-01 +4.1425e-01 -8.0802e-01 -1.3123e+00
6 0 +6.437746764e+00 -7.812225324e+01 -7.812225324e+01 +2.1092e-01 -1.0510e+00 +4.7570e-01 -5.0064e-01 -1.9169e-01
13 0 +4.558202141e+00 -8.000179786e+01 -8.000179786e+01 -3.7917e-01 -8.5659e-02 -1.0063e+00 -1.0962e+00 +9.1253e-01
20 0 +3.025145459e+00 -8.153485454e+01 -8.153485454e+01 -1.3635e+00 +3.9612e-01 +3.6106e-01 +1.0511e-01 -1.3459e-01
64 0 +2.969594690e+00 -8.159040531e+01 -8.159040531e+01 -3.5291e-01 +6.8458e-01 -5.1346e-01 -6.2993e-01 -1.0016e+00
78 0 +2.208555552e+00 -8.235144445e+01 -8.235144445e+01 +2.4105e-01 +4.4515e-01 -6.7381e-02 -1.0907e+00 +7.3378e-01
101 0 +1.113362444e+00 -8.344663756e+01 -8.344663756e+01 -7.9570e-01 +2.6352e-01 +1.2243e-02 -3.2520e-01 -1.2263e-01
505 0 +1.036695026e+00 -8.352330497e+01 -8.352330497e+01 +9.7444e-02 -8.3313e-02 +5.0496e-01 -1.8641e-01 -2.4811e-01
705 0 +5.705534963e-01 -8.398944650e+01 -8.398944650e+01 +1.7126e-01 -1.6060e-01 +3.2496e-01 -1.4679e-01 -3.9814e-01
867 0 +3.500123968e-01 -8.420998760e+01 -8.420998760e+01 +1.3047e-01 +3.6070e-02 +5.5814e-01 +1.3863e-01 -3.9028e-01
993 0 +3.334998069e-01 -8.422650019e+01 -8.422650019e+01 +1.9844e-01 -3.9284e-02 +6.3879e-01 +1.7579e-01 -4.3251e-01
1014 0 +6.861115666e-02 -8.449138884e+01 -8.449138884e+01 +2.2744e-01 -7.8716e-03 +7.4318e-01 +2.4860e-01 -4.3102e-01
1088 0 +6.844430455e-02 -8.449155570e+01 -8.449155570e+01 +2.1070e-01 -4.6681e-02 +6.8289e-01 +1.9072e-01 -4.2987e-01
1131 0 +3.149330301e-02 -8.452850670e+01 -8.452850670e+01 +2.2741e-01 -4.2547e-02 +7.2628e-01 +1.9952e-01 -4.4801e-01
% f evaluations | g evaluations | best noise-free fitness - Fopt (-2.602000000000e+01) + sum g_i+ | measured fitness | best measured fitness or single-digit g-values | x1 | x2...
1 0 +1.163878357e+01 -1.438121643e+01 -1.438121643e+01 +5.9671e-01 -3.8264e-02 +7.4769e-01 +1.6230e+00 -1.3415e-01
4 0 +8.916555533e+00 -1.710344447e+01 -1.710344447e+01 -4.6229e-01 -9.1283e-01 +4.1425e-01 -8.0802e-01 -1.3123e+00
5 0 +8.195896409e+00 -1.782410359e+01 -1.782410359e+01 +1.5656e+00 -1.2578e-01 +1.6753e-01 -1.3247e+00 -4.4438e-01
6 0 +6.709282030e+00 -1.931071797e+01 -1.931071797e+01 +2.1092e-01 -1.0510e+00 +4.7570e-01 -5.0064e-01 -1.9169e-01
22 0 +3.060800409e+00 -2.295919959e+01 -2.295919959e+01 +5.0405e-01 +1.9862e+00 +2.7458e-01 +3.5755e-01 +2.5554e-02
117 0 +2.572901415e+00 -2.344709858e+01 -2.344709858e+01 +1.0695e+00 -1.7074e+00 -6.5549e-01 +3.8760e-01 +2.4112e+00
293 0 +1.308043802e+00 -2.471195620e+01 -2.471195620e+01 +5.2108e-01 +6.9687e-01 +5.4926e-01 -8.9469e-02 +3.7657e-01
299 0 +8.813138109e-01 -2.513868619e+01 -2.513868619e+01 +6.0888e-01 -2.4741e-01 +2.6558e-01 -1.8458e-01 +5.8780e-01
734 0 +6.174430016e-01 -2.540255700e+01 -2.540255700e+01 +6.8426e-01 +3.7535e-01 +1.1330e-01 +3.8519e-01 +1.1079e-01
1138 0 +3.519112735e-01 -2.566808873e+01 -2.566808873e+01 -6.3751e-02 +5.6026e-01 -7.8741e-01 +3.6436e-01 +4.2343e-02
% f evaluations | g evaluations | best noise-free fitness - Fopt (-3.015000000000e+01) + sum g_i+ | measured fitness | best measured fitness or single-digit g-values | x1 | x2...
1 0 +1.409319533e+01 -1.605680467e+01 -1.605680467e+01 +5.9671e-01 -3.8264e-02 +7.4769e-01 +1.6230e+00 -1.3415e-01
2 0 +7.558632323e+00 -2.259136768e+01 -2.259136768e+01 -1.3414e-01 +1.6792e+00 +8.6743e-01 -3.6947e-01 +6.4256e-01
4 0 +3.986086715e+00 -2.616391329e+01 -2.616391329e+01 -4.6229e-01 -9.1283e-01 +4.1425e-01 -8.0802e-01 -1.3123e+00
110 0 +2.852379625e+00 -2.729762037e+01 -2.729762037e+01 +6.7756e-01 +4.1105e-01 +3.9002e-01 +3.3539e-01 +2.1124e+00
137 0 +2.611051581e+00 -2.753894842e+01 -2.753894842e+01 +2.6606e-02 +3.0080e-02 -7.1570e-01 -9.2743e-01 +3.0893e-01
185 0 +2.319978742e+00 -2.783002126e+01 -2.783002126e+01 -1.4956e+00 +2.1334e-01 -7.0269e-01 +3.2371e-01 +1.5086e+00
278 0 +1.215545253e+00 -2.893445475e+01 -2.893445475e+01 +2.3339e-01 -2.1421e-01 -9.8425e-02 -1.8834e-01 +3.7405e-01
549 0 +1.190096617e+00 -2.895990338e+01 -2.895990338e+01 -2.9869e-01 -5.1370e-01 +7.0850e-01 +1.6580e+00 +1.7048e+00
1156 0 +1.182680654e+00 -2.896731935e+01 -2.896731935e+01 +6.2594e-01 +1.6937e-01 +1.2190e+00 +9.6619e-01 +7.4111e-01
% f evaluations | g evaluations | best noise-free fitness - Fopt (-1.000000000000e+03) + sum g_i+ | measured fitness | best measured fitness or single-digit g-values | x1 | x2...
1 0 +9.876852929e+00 -9.901231471e+02 -9.901231471e+02 +5.9671e-01 -3.8264e-02 +7.4769e-01 +1.6230e+00 -1.3415e-01
2 0 +8.380922246e+00 -9.916190778e+02 -9.916190778e+02 -1.3414e-01 +1.6792e+00 +8.6743e-01 -3.6947e-01 +6.4256e-01
3 0 +7.524611100e+00 -9.924753889e+02 -9.924753889e+02 -3.6342e-01 -3.6573e-01 +3.4196e-01 -1.8133e+00 -1.6249e+00
5 0 +5.124062893e+00 -9.948759371e+02 -9.948759371e+02 +1.5656e+00 -1.2578e-01 +1.6753e-01 -1.3247e+00 -4.4438e-01
74 0 +3.736723890e+00 -9.962632761e+02 -9.962632761e+02 -3.3404e-01 -3.6670e-02 -1.1099e+00 -1.3033e+00 +1.7007e+00
96 0 +3.155267328e+00 -9.968447327e+02 -9.968447327e+02 -1.0097e+00 +1.5397e-01 +7.6283e-01 -1.3526e+00 +1.6683e+00
219 0 +2.228215633e+00 -9.977717844e+02 -9.977717844e+02 +4.6440e-01 +3.1822e-01 +4.7480e-01 +8.1564e-01 +1.8345e+00
281 0 +4.899120263e-01 -9.995100880e+02 -9.995100880e+02 +2.5476e-01 -1.1040e-01 -2.9264e-01 +1.7663e-01 +9.7422e-01
1028 0 +4.476389966e-01 -9.995523610e+02 -9.995523610e+02 +1.2111e-01 -2.8345e-01 +2.2500e-01 -1.6774e-01 +4.8580e-01
1131 0 +1.628982612e-01 -9.998371017e+02 -9.998371017e+02 +7.2324e-03 -2.7282e-01 +5.8719e-02 -1.4187e-01 +5.1046e-01
