% f evaluations | g evaluations | best noise-free fitness - Fopt (1.238300000000e+02) + sum g_i+ | measured fitness | best measured fitness or single-digit g-values | x1 | x2...
1 0 +2.134850738e+03 +2.258680738e+03 +2.258680738e+03 +5.9671e-01 -3.8264e-02 +7.4769e-01 +1.6230e+00 -1.3415e-01
2 0 +1.521057945e+03 +1.644887945e+03 +1.644887945e+03 -1.3414e-01 +1.6792e+00 +8.6743e-01 -3.6947e-01 +6.4256e-01
5 0 +7.334808896e+02 +8.573108896e+02 +8.573108896e+02 +1.5656e+00 -1.2578e-01 +1.6753e-01 -1.3247e+00 -4.4438e-01
6 0 +3.986373671e+02 +5.224673671e+02 +5.224673671e+02 +2.1092e-01 -1.0510e+00 +4.7570e-01 -5.0064e-01 -1.9169e-01
13 0 +3.086668750e+02 +4.324968750e+02 +4.324968750e+02 -3.7917e-01 -8.5659e-02 -1.0063e+00 -1.0962e+00 +9.1253e-01
19 0 +7.429407286e+01 +1.981240729e+02 +1.981240729e+02 +1.9708e-01 +1.0686e+00 -6.0205e-01 -2.2766e-01 -2.9211e-01
31 0 +3.399280260e+01 +1.578228026e+02 +1.578228026e+02 -7.1136e-01 +5.2565e-01 -2.2046e-01 -5.9348e-02 -3.1919e-01
96 0 +1.580582544e+01 +1.396358254e+02 +1.396358254e+02 -3.2941e-01 +7.9410e-01 -2.6697e-01 +3.8899e-01 -1.3693e-01
157 0 +1.345622059e+01 +1.372862206e+02 +1.372862206e+02 -5.9726e-01 +5.7859e-01 -7.9223e-01 +3.6146e-01 -3.3501e-01
170 0 +1.339170191e+01 +1.372217019e+02 +1.372217019e+02 -5.1259e-01 +8.3428e-01 -5.5132e-01 +1.8974e-01 -3.8246e-01
184 0 +1.283556276e+01 +1.366655628e+02 +1.366655628e+02 -6.1207e-01 +2.4112e-01 -7.3944e-01 +5.1938e-02 -1.0826e-01
226 0 +5.727604197e+00 +1.295576042e+02 +1.295576042e+02 -3.9749e-01 +5.1056e-01 -7.9136e-01 +1.8042e-01 -2.8408e-01
392 0 +4.764543688e+00 +1.285945437e+02 +1.285945437e+02 -4.6414e-01 +4.9641e-01 -7.4169e-01 +6.4219e-02 -3.1117e-01
406 0 +4.674762011e+00 +1.285047620e+02 +1.285047620e+02 -4.3690e-01 +6.7200e-01 -7.5017e-01 +6.3626e-02 -2.3767e-01
418 0 +3.974962839e+00 +1.278049628e+02 +1.278049628e+02 -3.9509e-01 +5.8644e-01 -7.3308e-01 +2.7872e-02 -2.7483e-01
454 0 +3.809960562e+00 +1.276399606e+02 +1.276399606e+02 -3.3796e-01 +6.1766e-01 -6.2123e-01 +5.8472e-02 -2.3451e-01
518 0 +3.587946238e+00 +1.274179462e+02 +1.274179462e+02 -3.6107e-01 +6.2018e-01 -6.4551e-01 +6.4066e-02 -3.0392e-01
538 0 +3.519287640e+00 +1.273492876e+02 +1.273492876e+02 -2.6534e-01 +6.7108e-01 -5.7884e-01 +7.7589e-02 -3.0164e-01
539 0 +3.426809715e+00 +1.272568097e+02 +1.272568097e+02 -2.8658e-01 +6.9992e-01 -5.1651e-01 +1.3325e-01 -3.1253e-01
628 0 +3.180158299e+00 +1.270101583e+02 +1.270101583e+02 -2.5648e-01 +7.0394e-01 -4.7468e-01 +1.3161e-01 -3.1241e-01
796 0 +3.090902198e+00 +1.269209022e+02 +1.269209022e+02 -2.0427e-01 +7.0501e-01 -3.9938e-01 +1.0317e-01 -2.7776e-01
865 0 +3.026633591e+00 +1.268566336e+02 +1.268566336e+02 -2.2830e-01 +6.8071e-01 -4.1964e-01 +1.0113e-01 -2.8814e-01
882 0 +3.017290402e+00 +1.268472904e+02 +1.268472904e+02 -1.7643e-01 +6.9998e-01 -3.1130e-01 +1.4071e-01 -3.0460e-01
892 0 +2.939548600e+00 +1.267695486e+02 +1.267695486e+02 -2.1600e-01 +7.0028e-01 -4.0216e-01 +1.1980e-01 -2.9489e-01
894 0 +2.884903130e+00 +1.267149031e+02 +1.267149031e+02 -2.2280e-01 +6.8586e-01 -4.0350e-01 +1.2572e-01 -2.9052e-01
938 0 +2.836274507e+00 +1.266662745e+02 +1.266662745e+02 -1.2362e-01 +7.3095e-01 -2.6733e-01 +2.0551e-01 -2.9981e-01
967 0 +2.535410794e+00 +1.263654108e+02 +1.263654108e+02 -1.4482e-01 +6.9975e-01 -2.8855e-01 +1.8442e-01 -2.7618e-01
1218 0 +2.198742893e+00 +1.260287429e+02 +1.260287429e+02 -9.0299e-02 +6.9073e-01 -1.3533e-01 +2.4978e-01 -2.2565e-01
