% f evaluations | g evaluations | best noise-free fitness - Fopt (-5.494000000000e+01) + sum g_i+ | measured fitness | best measured fitness or single-digit g-values | x1 | x2...
1 0 +9.852913834e+06 +9.852858894e+06 +9.852858894e+06 +5.9671e-01 -3.8264e-02 +7.4769e-01 +1.6230e+00 -1.3415e-01
2 0 +2.715223623e+06 +2.715168683e+06 +2.715168683e+06 -1.3414e-01 +1.6792e+00 +8.6743e-01 -3.6947e-01 +6.4256e-01
7 0 +9.085897748e+05 +9.085348348e+05 +9.085348348e+05 -5.0171e-01 +1.9523e+00 +8.6503e-02 -9.5771e-01 +9.2254e-01
8 0 +5.441882390e+05 +5.441332990e+05 +5.441332990e+05 -1.1208e+00 +3.0886e-01 -1.8597e+00 -1.2282e+00 +2.9686e-01
27 0 +1.344815870e+05 +1.344266470e+05 +1.344266470e+05 -1.3231e+00 +1.6971e+00 -1.9952e+00 +4.9695e-01 +3.0848e-01
46 0 +8.910538416e+04 +8.905044416e+04 +8.905044416e+04 -1.2483e+00 +2.2863e+00 -1.4686e-01 +1.1403e+00 +2.0669e+00
95 0 +8.060302737e+04 +8.054808737e+04 +8.054808737e+04 -1.1326e-01 -6.9409e-02 -2.0932e+00 +1.1221e+00 +4.1642e+00
116 0 +5.245634498e+04 +5.240140498e+04 +5.240140498e+04 -9.7772e-01 +2.6439e+00 -6.2893e-01 +1.6886e+00 +1.8032e+00
121 0 +4.077619259e+04 +4.072125259e+04 +4.072125259e+04 -6.8852e-01 +1.1313e+00 -1.6578e+00 +1.0463e+00 +2.1253e+00
133 0 +2.568899376e+04 +2.563405376e+04 +2.563405376e+04 -7.7614e-01 -1.4194e+00 -4.2995e+00 +1.6666e+00 +1.3667e+00
168 0 +2.365891614e+04 +2.360397614e+04 +2.360397614e+04 -1.5578e+00 -8.0386e-01 -2.4169e+00 +2.3149e+00 +1.5515e+00
210 0 +1.217198152e+04 +1.211704152e+04 +1.211704152e+04 -2.9177e+00 -4.4851e-01 -2.4694e+00 +3.8712e+00 -9.5958e-01
215 0 +7.890524763e+03 +7.835584763e+03 +7.835584763e+03 -1.3157e+00 +5.7697e-01 -2.1012e+00 +2.7043e+00 +1.1746e+00
226 0 +6.523793160e+03 +6.468853160e+03 +6.468853160e+03 -8.8641e-01 +3.5460e-01 -2.1230e+00 +2.5110e+00 +1.9351e+00
238 0 +6.346776022e+03 +6.291836022e+03 +6.291836022e+03 -1.8854e+00 -3.5406e-01 -2.6136e+00 +3.6209e+00 +4.3985e-01
243 0 +4.205006468e+03 +4.150066468e+03 +4.150066468e+03 -1.7538e+00 -3.5356e-01 -1.6328e+00 +3.0667e+00 +1.6537e+00
316 0 +2.882704414e+03 +2.827764414e+03 +2.827764414e+03 -2.2760e+00 -2.2922e+00 -2.4850e+00 +3.8889e+00 +1.5601e+00
347 0 +2.545649375e+03 +2.490709375e+03 +2.490709375e+03 -2.6652e+00 -1.2229e+00 -1.0487e+00 +3.7642e+00 +1.3801e+00
390 0 +3.479088151e+02 +2.929688151e+02 +2.929688151e+02 -2.5661e+00 -1.5968e+00 -1.9325e+00 +3.9488e+00 +9.3964e-01
391 0 +3.348399636e+02 +2.798999636e+02 +2.798999636e+02 -2.6736e+00 -1.7079e+00 -2.2920e+00 +4.0851e+00 +4.7428e-01
420 0 +1.339645942e+02 +7.902459417e+01 +7.902459417e+01 -3.3953e+00 -1.7026e+00 -9.6872e-01 +4.6574e+00 +5.6750e-01
561 0 +1.293953836e+02 +7.445538364e+01 +7.445538364e+01 -2.5314e+00 -2.1068e+00 -2.5640e+00 +4.0418e+00 +7.6888e-01
576 0 +1.083232913e+02 +5.338329131e+01 +5.338329131e+01 -2.5336e+00 -1.6381e+00 -1.7416e+00 +4.0294e+00 +1.2172e+00
603 0 +9.702802278e+01 +4.208802278e+01 +4.208802278e+01 -2.6048e+00 -2.0092e+00 -2.0378e+00 +4.1380e+00 +1.0926e+00
608 0 +1.060362602e+01 -4.433637398e+01 -4.433637398e+01 -2.9617e+00 -1.7164e+00 -1.2249e+00 +4.3352e+00 +1.0811e+00
650 0 +7.040095350e+00 -4.789990465e+01 -4.789990465e+01 -2.5982e+00 -1.6772e+00 -1.3587e+00 +4.0378e+00 +1.5229e+00
662 0 +5.644460392e+00 -4.929553961e+01 -4.929553961e+01 -2.7780e+00 -1.6876e+00 -1.2519e+00 +4.1784e+00 +1.3378e+00
802 0 +3.369577906e+00 -5.157042209e+01 -5.157042209e+01 -2.6588e+00 -1.6183e+00 -1.1622e+00 +4.0772e+00 +1.5759e+00
816 0 +3.271309677e+00 -5.166869032e+01 -5.166869032e+01 -2.5886e+00 -1.5990e+00 -1.2014e+00 +4.0152e+00 +1.6364e+00
852 0 +3.185308135e+00 -5.175469186e+01 -5.175469186e+01 -2.6198e+00 -1.6026e+00 -1.1001e+00 +4.0362e+00 +1.6885e+00
864 0 +3.113461119e+00 -5.182653888e+01 -5.182653888e+01 -2.6366e+00 -1.6133e+00 -1.1556e+00 +4.0538e+00 +1.6155e+00
879 0 +3.088144487e+00 -5.185185551e+01 -5.185185551e+01 -2.6247e+00 -1.6181e+00 -1.1588e+00 +4.0490e+00 +1.6331e+00
901 0 +2.761093123e+00 -5.217890688e+01 -5.217890688e+01 -2.6216e+00 -1.6144e+00 -1.1957e+00 +4.0455e+00 +1.6006e+00
909 0 +2.668425289e+00 -5.227157471e+01 -5.227157471e+01 -2.6588e+00 -1.6040e+00 -1.1401e+00 +4.0710e+00 +1.5847e+00
953 0 +2.655976431e+00 -5.228402357e+01 -5.228402357e+01 -2.6334e+00 -1.6057e+00 -1.1372e+00 +4.0535e+00 +1.6309e+00
974 0 +2.311470663e+00 -5.262852934e+01 -5.262852934e+01 -2.5661e+00 -1.5728e+00 -1.0913e+00 +3.9933e+00 +1.7641e+00
980 0 +2.163778930e+00 -5.277622107e+01 -5.277622107e+01 -2.5232e+00 -1.5759e+00 -1.1491e+00 +3.9622e+00 +1.7811e+00
1030 0 +2.108697773e+00 -5.283130223e+01 -5.283130223e+01 -2.5308e+00 -1.5942e+00 -1.1621e+00 +3.9723e+00 +1.7706e+00
1031 0 +1.934084531e+00 -5.300591547e+01 -5.300591547e+01 -2.3719e+00 -1.5776e+00 -1.1867e+00 +3.8480e+00 +2.0007e+00
1049 0 +1.913019993e+00 -5.302698001e+01 -5.302698001e+01 -2.3819e+00 -1.5684e+00 -1.1902e+00 +3.8548e+00 +1.9722e+00
1059 0 +1.454635435e+00 -5.348536456e+01 -5.348536456e+01 -2.3031e+00 -1.5622e+00 -1.2212e+00 +3.7903e+00 +2.0690e+00
1080 0 +1.211339275e+00 -5.372866072e+01 -5.372866072e+01 -2.0745e+00 -1.5059e+00 -1.2044e+00 +3.6071e+00 +2.4282e+00
1101 0 +7.048049020e-01 -5.423519510e+01 -5.423519510e+01 -1.9698e+00 -1.5340e+00 -1.3041e+00 +3.5296e+00 +2.5264e+00
1230 0 +4.185143120e-01 -5.452148569e+01 -5.452148569e+01 -1.6521e+00 -1.4667e+00 -1.3278e+00 +3.2760e+00 +2.9824e+00
% f evaluations | g evaluations | best noise-free fitness - Fopt (5.913000000000e+01) + sum g_i+ | measured fitness | best measured fitness or single-digit g-values | x1 | x2...
1 0 +2.845916884e+06 +2.845976014e+06 +2.845976014e+06 +5.9671e-01 -3.8264e-02 +7.4769e-01 +1.6230e+00 -1.3415e-01
9 0 +2.232989408e+06 +2.233048538e+06 +2.233048538e+06 +8.3847e-01 +2.7137e-01 -1.5648e-02 -2.0110e-01 -1.3785e+00
15 0 +7.068315860e+05 +7.068907160e+05 +7.068907160e+05 +4.6140e-01 +1.6380e+00 +6.4174e-02 +1.6646e+00 -2.5197e+00
28 0 +1.434287351e+05 +1.434878651e+05 +1.434878651e+05 +1.3489e-02 +9.1149e-01 -8.7078e-02 +3.2902e-01 -3.0958e+00
72 0 +1.323424318e+05 +1.324015618e+05 +1.324015618e+05 +2.8562e+00 +2.0441e+00 -1.4057e+00 -2.4162e-01 -1.2778e+00
93 0 +8.690487815e+04 +8.696400815e+04 +8.696400815e+04 +4.7019e-02 +3.5641e+00 -3.1343e-01 -5.8072e-01 -9.9277e-01
95 0 +7.081157460e+04 +7.087070460e+04 +7.087070460e+04 +2.5723e-01 +3.6699e+00 -1.7004e+00 +5.4838e-01 -6.3643e-01
103 0 +5.683481805e+04 +5.689394805e+04 +5.689394805e+04 -3.0302e-01 +3.9434e+00 +3.8239e-01 -1.4538e+00 -1.2063e+00
136 0 +1.281523776e+04 +1.287436776e+04 +1.287436776e+04 -1.0981e+00 +3.6231e+00 +6.2989e-01 -2.2719e+00 -2.3374e+00
153 0 +7.045636149e+03 +7.104766149e+03 +7.104766149e+03 +4.0057e-01 +4.0715e+00 -3.1552e+00 +1.0399e-02 -1.1548e+00
201 0 +6.454721802e+03 +6.513851802e+03 +6.513851802e+03 -1.2443e+00 +3.2779e+00 -3.0099e+00 +9.2051e-01 -2.3335e+00
209 0 +5.650608833e+03 +5.709738833e+03 +5.709738833e+03 -2.4473e-01 +2.2463e+00 -8.4578e-01 -1.9473e+00 -3.6251e+00
218 0 +4.447819247e+03 +4.506949247e+03 +4.506949247e+03 -1.6516e-01 +3.4552e+00 -1.7862e+00 -5.3150e-01 -1.9740e+00
240 0 +3.429770137e+03 +3.488900137e+03 +3.488900137e+03 +1.2445e+00 +2.8987e+00 -8.6970e-01 -2.4824e+00 -2.4331e+00
278 0 +5.981502277e+01 +1.189450228e+02 +1.189450228e+02 -6.6400e-01 +3.4428e+00 -6.0982e-01 -1.8168e+00 -2.4179e+00
567 0 +2.117928729e+01 +8.030928729e+01 +8.030928729e+01 -1.2943e+00 +2.4801e+00 -7.7054e-01 -1.2605e+00 -3.3965e+00
626 0 +1.591227689e+01 +7.504227689e+01 +7.504227689e+01 -7.5784e-01 +2.9501e+00 -4.3653e-01 -1.9523e+00 -2.9481e+00
671 0 +1.139187782e+01 +7.052187782e+01 +7.052187782e+01 -1.3447e+00 +2.4269e+00 -6.4339e-01 -1.3787e+00 -3.4963e+00
702 0 +9.262412183e+00 +6.839241218e+01 +6.839241218e+01 -1.2101e+00 +2.7629e+00 -8.7242e-01 -1.2131e+00 -3.1004e+00
786 0 +8.991620181e+00 +6.812162018e+01 +6.812162018e+01 -1.1560e+00 +2.8205e+00 -8.5655e-01 -1.2675e+00 -3.0416e+00
806 0 +7.726060029e+00 +6.685606003e+01 +6.685606003e+01 -1.0771e+00 +2.8006e+00 -7.3493e-01 -1.4280e+00 -3.0655e+00
815 0 +6.469741040e+00 +6.559974104e+01 +6.559974104e+01 -1.1352e+00 +2.7940e+00 -7.6458e-01 -1.3697e+00 -3.0784e+00
836 0 +6.157322184e+00 +6.528732218e+01 +6.528732218e+01 -1.1691e+00 +2.7172e+00 -7.4555e-01 -1.3706e+00 -3.1642e+00
874 0 +5.510505327e+00 +6.464050533e+01 +6.464050533e+01 -1.2262e+00 +2.6775e+00 -7.2121e-01 -1.3631e+00 -3.2157e+00
888 0 +4.543671123e+00 +6.367367112e+01 +6.367367112e+01 -1.4904e+00 +2.4865e+00 -9.2010e-01 -9.9840e-01 -3.3954e+00
905 0 +4.452870563e+00 +6.358287056e+01 +6.358287056e+01 -1.5362e+00 +2.4949e+00 -9.9412e-01 -8.9656e-01 -3.3792e+00
918 0 +4.329244645e+00 +6.345924465e+01 +6.345924465e+01 -1.4214e+00 +2.5905e+00 -9.2243e-01 -1.0482e+00 -3.2933e+00
925 0 +4.032936658e+00 +6.316293666e+01 +6.316293666e+01 -1.5271e+00 +2.5232e+00 -9.2394e-01 -9.8489e-01 -3.3729e+00
927 0 +3.033502047e+00 +6.216350205e+01 +6.216350205e+01 -1.5966e+00 +2.5312e+00 -1.1206e+00 -7.2893e-01 -3.3300e+00
957 0 +2.064343021e+00 +6.119434302e+01 +6.119434302e+01 -1.9032e+00 +2.2874e+00 -1.2393e+00 -4.3200e-01 -3.5892e+00
1025 0 +1.446770372e+00 +6.057677037e+01 +6.057677037e+01 -1.9517e+00 +2.3205e+00 -1.3771e+00 -2.4611e-01 -3.5300e+00
1092 0 +1.050549607e+00 +6.018054961e+01 +6.018054961e+01 -2.2675e+00 +2.1236e+00 -1.6360e+00 +2.1266e-01 -3.7121e+00
1145 0 +9.734386266e-01 +6.010343863e+01 +6.010343863e+01 -2.5384e+00 +1.9100e+00 -1.7607e+00 +4.9725e-01 -3.9346e+00
1150 0 +4.992336060e-01 +5.962923361e+01 +5.962923361e+01 -2.2521e+00 +2.1639e+00 -1.6481e+00 +2.1149e-01 -3.6688e+00
1187 0 +3.424596978e-01 +5.947245970e+01 +5.947245970e+01 -2.2389e+00 +2.1094e+00 -1.5855e+00 +1.4069e-01 -3.7324e+00
1233 0 +1.029727111e-01 +5.923297271e+01 +5.923297271e+01 -2.1799e+00 +2.1777e+00 -1.5400e+00 +5.5315e-02 -3.6684e+00
% f evaluations | g evaluations | best noise-free fitness - Fopt (-4.915300000000e+02) + sum g_i+ | measured fitness | best measured fitness or single-digit g-values | x1 | x2...
1 0 +1.453349878e+05 +1.448434578e+05 +1.448434578e+05 +5.9671e-01 -3.8264e-02 +7.4769e-01 +1.6230e+00 -1.3415e-01
4 0 +1.008963199e+05 +1.004047899e+05 +1.004047899e+05 -4.6229e-01 -9.1283e-01 +4.1425e-01 -8.0802e-01 -1.3123e+00
11 0 +6.754048487e+03 +6.262518487e+03 +6.262518487e+03 +4.2408e-01 -2.8508e-01 -5.7692e-01 +7.1168e-01 +1.1310e+00
102 0 +4.289004755e+03 +3.797474755e+03 +3.797474755e+03 +5.1528e-01 +1.3930e+00 +6.0384e-01 +3.0953e-01 +2.3632e-01
118 0 +2.862871829e+03 +2.371341829e+03 +2.371341829e+03 +1.3816e-01 +9.4741e-01 -3.5976e-01 -6.2458e-01 -4.5330e-01
131 0 +2.548581316e+03 +2.057051316e+03 +2.057051316e+03 +2.9754e-01 +8.7088e-01 -1.0152e+00 -3.9414e-01 -2.4908e-01
159 0 +1.578947566e+03 +1.087417566e+03 +1.087417566e+03 +5.8782e-02 +1.3346e-01 -1.3705e+00 -7.1446e-01 -3.0568e-01
235 0 +1.524353275e+03 +1.032823275e+03 +1.032823275e+03 -7.0946e-02 +2.7869e-01 -1.2500e+00 -1.0098e+00 -7.6022e-01
289 0 +1.476573740e+03 +9.850437403e+02 +9.850437403e+02 +5.9067e-02 +7.6448e-01 -1.0989e+00 -8.8598e-01 -8.4079e-01
297 0 +1.441136303e+03 +9.496063030e+02 +9.496063030e+02 +4.5809e-02 +1.1186e+00 -7.7147e-01 -8.8312e-01 -9.7470e-01
303 0 +6.414717418e+02 +1.499417418e+02 +1.499417418e+02 -1.0582e-01 +6.6990e-01 -1.4247e+00 -1.2451e+00 -1.1613e+00
315 0 +4.786724546e+02 -1.285754541e+01 -1.285754541e+01 -2.0342e-01 +6.1900e-01 -1.8615e+00 -1.4876e+00 -1.4835e+00
356 0 +3.152583492e+02 -1.762716508e+02 -1.762716508e+02 -2.3467e-01 +1.0440e+00 -1.9253e+00 -1.6293e+00 -1.9946e+00
383 0 +2.044168533e+02 -2.871131467e+02 -2.871131467e+02 -1.2014e-01 +5.2895e-02 -2.3743e+00 -1.0378e+00 -1.0415e+00
396 0 +1.202244462e+02 -3.713055538e+02 -3.713055538e+02 +2.3558e-01 +1.1183e+00 -1.5646e+00 -2.8520e-01 -1.0035e+00
528 0 +8.265413283e+01 -4.088758672e+02 -4.088758672e+02 -6.2779e-02 -1.1738e-02 -2.6958e+00 -7.5255e-01 -1.0514e+00
544 0 +8.175503489e+01 -4.097749651e+02 -4.097749651e+02 +1.3405e-01 +6.1704e-01 -2.0944e+00 -4.3579e-01 -9.5109e-01
545 0 +2.822587526e+01 -4.633041247e+02 -4.633041247e+02 +5.1135e-01 +7.4568e-01 -1.7319e+00 +6.0261e-01 -1.7633e-01
652 0 +1.987473896e+01 -4.716552610e+02 -4.716552610e+02 +2.4679e-01 -2.9923e-01 -2.6116e+00 +2.1162e-01 -1.4413e-01
678 0 +1.416837664e+01 -4.773616234e+02 -4.773616234e+02 -1.3978e-01 -1.3940e+00 -3.5412e+00 -5.4657e-01 -3.1222e-01
703 0 +5.504798815e+00 -4.860252012e+02 -4.860252012e+02 +3.7930e-01 -5.4214e-02 -2.4766e+00 +5.0939e-01 -4.5431e-02
736 0 +5.183817819e+00 -4.863461822e+02 -4.863461822e+02 +2.1919e-01 -2.3907e-01 -2.6882e+00 +1.0782e-01 -2.7749e-01
819 0 +4.649628479e+00 -4.868803715e+02 -4.868803715e+02 +3.4373e-01 -2.1136e-01 -2.5696e+00 +4.4047e-01 -5.5697e-04
820 0 +3.842473751e+00 -4.876875262e+02 -4.876875262e+02 +2.2367e-01 -5.2971e-01 -2.8767e+00 +2.0268e-01 -8.0953e-02
829 0 +3.337672988e+00 -4.881923270e+02 -4.881923270e+02 +2.1807e-01 -3.4905e-01 -2.7220e+00 +1.2416e-01 -1.9709e-01
857 0 +2.290869395e+00 -4.892391306e+02 -4.892391306e+02 +2.3870e-01 -3.3287e-01 -2.7395e+00 +1.8846e-01 -1.7439e-01
872 0 +2.157048834e+00 -4.893729512e+02 -4.893729512e+02 +2.1155e-01 -5.2256e-01 -2.8830e+00 +1.6661e-01 -1.2369e-01
889 0 +1.551475678e+00 -4.899785243e+02 -4.899785243e+02 +2.1265e-01 -4.9260e-01 -2.8658e+00 +1.7311e-01 -1.4516e-01
893 0 +1.021264699e+00 -4.905087353e+02 -4.905087353e+02 +1.9195e-01 -4.9684e-01 -2.8600e+00 +1.0722e-01 -1.7239e-01
902 0 +7.115237114e-01 -4.908184763e+02 -4.908184763e+02 +8.8991e-02 -6.7954e-01 -3.0542e+00 -1.2594e-01 -2.9917e-01
936 0 +5.013459681e-01 -4.910286540e+02 -4.910286540e+02 +1.9146e-01 -4.8851e-01 -2.8475e+00 +1.0205e-01 -1.7970e-01
942 0 +4.877913463e-01 -4.910422087e+02 -4.910422087e+02 +1.9509e-01 -4.4644e-01 -2.8314e+00 +1.0182e-01 -2.0425e-01
1000 0 +3.726076651e-01 -4.911573923e+02 -4.911573923e+02 +7.0643e-02 -7.9790e-01 -3.1327e+00 -1.3623e-01 -2.6275e-01
1008 0 +2.921686700e-01 -4.912378313e+02 -4.912378313e+02 +3.2612e-02 -8.9192e-01 -3.2147e+00 -2.1374e-01 -2.9076e-01
1014 0 +2.834886961e-01 -4.912465113e+02 -4.912465113e+02 -3.9897e-02 -1.0861e+00 -3.3856e+00 -3.5882e-01 -3.3164e-01
1021 0 +1.379901077e-01 -4.913920099e+02 -4.913920099e+02 +3.1002e-02 -8.6509e-01 -3.1971e+00 -2.3025e-01 -3.0854e-01
1057 0 +4.407695119e-02 -4.914859230e+02 -4.914859230e+02 +8.3527e-02 -7.8737e-01 -3.1239e+00 -1.0560e-01 -2.4234e-01
1111 0 +2.667275556e-02 -4.915033272e+02 -4.915033272e+02 +5.2216e-02 -8.5643e-01 -3.1777e+00 -1.7226e-01 -2.6619e-01
1203 0 +7.762628239e-03 -4.915222374e+02 -4.915222374e+02 +7.4867e-02 -8.0835e-01 -3.1376e+00 -1.2367e-01 -2.4711e-01
1233 0 +2.581902260e-03 -4.915274181e+02 -4.915274181e+02 +7.6603e-02 -7.9912e-01 -3.1289e+00 -1.2219e-01 -2.4776e-01
% f evaluations | g evaluations | best noise-free fitness - Fopt (-1.702000000000e+02) + sum g_i+ | measured fitness | best measured fitness or single-digit g-values | x1 | x2...
1 0 +1.057601993e+07 +1.057584973e+07 +1.057584973e+07 +5.9671e-01 -3.8264e-02 +7.4769e-01 +1.6230e+00 -1.3415e-01
11 0 +7.334823365e+06 +7.334653165e+06 +7.334653165e+06 +4.2408e-01 -2.8508e-01 -5.7692e-01 +7.1168e-01 +1.1310e+00
23 0 +6.822071283e+06 +6.821901083e+06 +6.821901083e+06 -1.8188e+00 +7.3486e-02 +1.6023e-01 +2.5632e+00 -9.2361e-02
24 0 +5.050130776e+06 +5.049960576e+06 +5.049960576e+06 +4.0155e-01 +6.5288e-02 -1.0687e+00 +1.2428e+00 +8.5193e-01
34 0 +4.256708555e+06 +4.256538355e+06 +4.256538355e+06 +3.2317e-01 -7.1549e-01 -6.8493e-02 +2.4198e+00 +7.1045e-01
35 0 +3.490240726e+06 +3.490070526e+06 +3.490070526e+06 +1.0581e-01 +1.8608e+00 -1.3387e+00 +1.9175e+00 +4.5245e-01
37 0 +1.062631845e+06 +1.062461645e+06 +1.062461645e+06 +3.7986e-01 +1.1839e+00 -1.2250e+00 +3.8279e+00 -9.2603e-01
44 0 +3.827933108e+05 +3.826231108e+05 +3.826231108e+05 +7.3713e-01 -4.7719e-01 -2.4345e+00 +3.7035e+00 +3.1667e-01
53 0 +2.374085664e+05 +2.372383664e+05 +2.372383664e+05 -1.3587e-01 -8.4479e-01 -1.1360e+00 +4.8807e+00 -6.5516e-01
77 0 +2.034247138e+05 +2.032545138e+05 +2.032545138e+05 +5.1740e-01 +1.8009e+00 -1.6392e+00 +3.5710e+00 +1.1066e+00
116 0 +9.368709650e+04 +9.351689650e+04 +9.351689650e+04 -8.4465e-01 -4.4336e-01 -1.0360e+00 +4.0321e+00 +1.5865e+00
132 0 +2.215684464e+04 +2.198664464e+04 +2.198664464e+04 -1.8460e+00 +2.7519e-01 -1.2307e+00 +4.0322e+00 +1.8238e+00
156 0 +1.532488258e+04 +1.515468258e+04 +1.515468258e+04 -4.0626e+00 -5.0274e-02 -2.6951e+00 +4.5111e+00 +6.5652e-01
157 0 +1.475529429e+04 +1.458509429e+04 +1.458509429e+04 -3.4962e+00 +1.0865e+00 -2.5585e+00 +3.4921e+00 +1.9309e+00
221 0 +9.617121122e+02 +7.915121122e+02 +7.915121122e+02 -1.6522e+00 -1.5891e-02 -2.5905e-01 +4.7869e+00 +1.9292e+00
361 0 +3.862840769e+02 +2.160840769e+02 +2.160840769e+02 -1.8306e+00 -3.0445e-01 -2.3510e-01 +3.6518e+00 +4.0064e+00
430 0 +3.001411137e+02 +1.299411137e+02 +1.299411137e+02 -7.5534e-01 -1.1027e+00 +5.9160e-01 +4.3824e+00 +3.4859e+00
446 0 +2.221323369e+02 +5.193233692e+01 +5.193233692e+01 -1.9167e+00 -6.0598e-01 -4.7369e-01 +4.5436e+00 +2.2631e+00
540 0 +2.034766073e+02 +3.327660727e+01 +3.327660727e+01 -1.2104e+00 -7.8478e-01 +4.2662e-02 +4.6102e+00 +2.5364e+00
567 0 +1.584285765e+02 -1.177142352e+01 -1.177142352e+01 -2.3822e+00 -7.2797e-01 -8.3569e-01 +4.4286e+00 +2.2210e+00
568 0 +6.176810933e+01 -1.084318907e+02 -1.084318907e+02 -1.3454e+00 -7.0053e-01 +7.4934e-02 +4.3803e+00 +3.0274e+00
581 0 +3.895348897e+01 -1.312465110e+02 -1.312465110e+02 -2.5139e+00 -6.2339e-01 -9.7932e-01 +4.2330e+00 +2.4383e+00
590 0 +3.438831789e+01 -1.358116821e+02 -1.358116821e+02 -1.8459e+00 -5.8989e-01 -4.2055e-01 +4.4464e+00 +2.4836e+00
677 0 +1.175247608e+01 -1.584475239e+02 -1.584475239e+02 -1.6004e+00 -6.7448e-01 -2.4815e-01 +4.5922e+00 +2.3737e+00
755 0 +1.104115606e+01 -1.591588439e+02 -1.591588439e+02 -1.9990e+00 -7.1652e-01 -5.1332e-01 +4.3730e+00 +2.5835e+00
772 0 +1.080712857e+01 -1.593928714e+02 -1.593928714e+02 -2.0508e+00 -5.9353e-01 -5.9497e-01 +4.3912e+00 +2.4540e+00
782 0 +5.901815470e+00 -1.642981845e+02 -1.642981845e+02 -2.0918e+00 -6.4568e-01 -6.3186e-01 +4.4622e+00 +2.3125e+00
851 0 +5.347804966e+00 -1.648521950e+02 -1.648521950e+02 -2.1677e+00 -6.4061e-01 -6.8995e-01 +4.4058e+00 +2.3679e+00
923 0 +4.971334258e+00 -1.652286657e+02 -1.652286657e+02 -2.2911e+00 -6.6206e-01 -7.5952e-01 +4.3138e+00 +2.4884e+00
951 0 +4.800013979e+00 -1.653999860e+02 -1.653999860e+02 -2.3022e+00 -6.9792e-01 -7.5508e-01 +4.2730e+00 +2.5735e+00
962 0 +4.745241635e+00 -1.654547584e+02 -1.654547584e+02 -2.3176e+00 -6.4427e-01 -7.8084e-01 +4.2867e+00 +2.5184e+00
992 0 +4.163293571e+00 -1.660367064e+02 -1.660367064e+02 -2.3952e+00 -6.7359e-01 -8.4838e-01 +4.2882e+00 +2.4672e+00
994 0 +3.886655151e+00 -1.663133448e+02 -1.663133448e+02 -2.4985e+00 -6.9788e-01 -9.0674e-01 +4.1956e+00 +2.5979e+00
1023 0 +3.872243830e+00 -1.663277562e+02 -1.663277562e+02 -2.4463e+00 -6.9878e-01 -8.6327e-01 +4.2107e+00 +2.6039e+00
1047 0 +3.359654892e+00 -1.668403451e+02 -1.668403451e+02 -2.5459e+00 -6.8619e-01 -9.3277e-01 +4.1448e+00 +2.6662e+00
1064 0 +3.115109236e+00 -1.670848908e+02 -1.670848908e+02 -2.6342e+00 -7.1230e-01 -9.9261e-01 +4.0953e+00 +2.7178e+00
1071 0 +1.794635292e+00 -1.684053647e+02 -1.684053647e+02 -2.8271e+00 -6.9653e-01 -1.1079e+00 +3.9166e+00 +2.9534e+00
1098 0 +1.166062384e+00 -1.690339376e+02 -1.690339376e+02 -3.1056e+00 -7.2460e-01 -1.3283e+00 +3.8257e+00 +2.9518e+00
1178 0 +3.845801781e-01 -1.698154198e+02 -1.698154198e+02 -3.6019e+00 -7.4467e-01 -1.6621e+00 +3.4986e+00 +3.2959e+00
1236 0 +3.007303448e-01 -1.698992697e+02 -1.698992697e+02 -3.4471e+00 -7.5724e-01 -1.5405e+00 +3.5535e+00 +3.2926e+00
1237 0 +2.988487906e-01 -1.699011512e+02 -1.699011512e+02 -3.6871e+00 -7.5619e-01 -1.7038e+00 +3.4110e+00 +3.4277e+00
% f evaluations | g evaluations | best noise-free fitness - Fopt (-4.697500000000e+02) + sum g_i+ | measured fitness | best measured fitness or single-digit g-values | x1 | x2...
1 0 +5.666156262e+06 +5.665686512e+06 +5.665686512e+06 +5.9671e-01 -3.8264e-02 +7.4769e-01 +1.6230e+00 -1.3415e-01
14 0 +4.160546314e+06 +4.160076564e+06 +4.160076564e+06 +1.4562e+00 +2.7990e-02 +1.1035e+00 +4.6164e-01 -5.4512e-01
25 0 +3.919900622e+06 +3.919430872e+06 +3.919430872e+06 +8.9103e-01 -8.0939e-01 +1.5028e+00 -1.3019e+00 +6.8686e-01
26 0 +3.482426437e+06 +3.481956687e+06 +3.481956687e+06 +2.7381e-01 -4.8684e-01 +2.4006e+00 -2.4156e+00 +1.9793e+00
35 0 +2.081013188e+06 +2.080543438e+06 +2.080543438e+06 +2.3393e+00 -1.5747e+00 +2.6259e-01 -8.8180e-01 +1.6928e+00
45 0 +1.399760191e+05 +1.395062691e+05 +1.395062691e+05 +1.0392e+00 -9.8467e-01 +3.0469e+00 +9.5156e-01 +5.3941e-01
53 0 +1.016529545e+05 +1.011832045e+05 +1.011832045e+05 +9.8331e-01 -2.2721e+00 +2.8806e+00 +7.6791e-01 +2.1089e+00
63 0 +1.752117432e+04 +1.705142432e+04 +1.705142432e+04 +1.9548e+00 +3.5333e-01 +3.8648e+00 +9.2567e-01 -8.4364e-01
252 0 +1.660700179e+04 +1.613725179e+04 +1.613725179e+04 +2.4789e+00 -1.7556e-01 +2.8639e+00 +5.9939e-01 +4.5629e-01
253 0 +1.018500545e+04 +9.715255450e+03 +9.715255450e+03 +3.9438e+00 +1.6686e+00 +3.2110e+00 +2.2898e+00 -3.5889e+00
284 0 +3.417505920e+03 +2.947755920e+03 +2.947755920e+03 +1.9525e+00 +7.8385e-01 +4.0212e+00 +2.7137e+00 -2.2354e+00
373 0 +1.091771322e+03 +6.220213223e+02 +6.220213223e+02 +1.6051e+00 -4.1151e-01 +3.5571e+00 +1.5753e+00 -6.0911e-01
439 0 +1.007385173e+03 +5.376351734e+02 +5.376351734e+02 +1.4793e+00 +1.2988e+00 +4.0210e+00 +2.5378e+00 -3.9384e-01
443 0 +6.334977436e+02 +1.637477436e+02 +1.637477436e+02 +1.0528e+00 -1.1228e+00 +3.7867e+00 +1.2981e+00 -4.3647e-01
517 0 +4.255481455e+02 -4.420185454e+01 -4.420185454e+01 +1.1029e+00 -8.3652e-01 +3.7514e+00 +1.2681e+00 -1.6982e-01
583 0 +2.428872493e+02 -2.268627507e+02 -2.268627507e+02 +1.1772e+00 -1.6629e+00 +3.6251e+00 +1.2383e+00 -1.0512e+00
585 0 +1.552057880e+02 -3.145442120e+02 -3.145442120e+02 +7.2142e-03 -1.4585e+00 +4.2119e+00 +1.2945e+00 +6.3174e-01
625 0 +1.078904743e+02 -3.618595257e+02 -3.618595257e+02 +3.3574e-01 -1.7851e+00 +4.0409e+00 +1.3401e+00 -1.9269e-01
637 0 +6.543382415e+01 -4.043161759e+02 -4.043161759e+02 +1.6934e-01 -1.5079e+00 +4.1269e+00 +1.3378e+00 +3.6216e-01
731 0 +2.768911841e+01 -4.420608816e+02 -4.420608816e+02 +3.6215e-01 -2.2082e+00 +3.9287e+00 +1.1378e+00 -2.8932e-01
774 0 +1.876938345e+01 -4.509806166e+02 -4.509806166e+02 +3.2140e-01 -2.6102e+00 +3.8812e+00 +1.0227e+00 -4.6862e-01
791 0 +1.247477604e+00 -4.685025224e+02 -4.685025224e+02 -5.0134e-02 -2.8752e+00 +3.9855e+00 +8.9427e-01 +1.2133e-02
1005 0 +1.022771986e+00 -4.687272280e+02 -4.687272280e+02 -1.1195e-01 -2.6762e+00 +4.0427e+00 +9.4668e-01 +2.1758e-01
1046 0 +8.393642200e-01 -4.689106358e+02 -4.689106358e+02 -2.0598e-01 -2.5917e+00 +4.0988e+00 +9.7487e-01 +3.9026e-01
1052 0 +4.436550199e-01 -4.693063450e+02 -4.693063450e+02 -2.3381e-02 -2.8384e+00 +3.9916e+00 +9.4315e-01 -7.1049e-02
1058 0 +1.738986403e-01 -4.695761014e+02 -4.695761014e+02 -6.2343e-02 -2.8685e+00 +3.9978e+00 +9.1194e-01 +2.7221e-03
1205 0 +1.498088695e-01 -4.696001911e+02 -4.696001911e+02 +6.6693e-02 -2.9600e+00 +3.9328e+00 +9.0963e-01 -2.6911e-01
1218 0 +8.723561721e-02 -4.696627644e+02 -4.696627644e+02 -8.8348e-03 -2.8664e+00 +3.9778e+00 +9.2365e-01 -9.0086e-02
1249 0 +5.905382453e-02 -4.696909462e+02 -4.696909462e+02 +2.5912e-02 -2.9731e+00 +3.9475e+00 +9.0525e-01 -2.1468e-01
% f evaluations | g evaluations | best noise-free fitness - Fopt (-5.191000000000e+01) + sum g_i+ | measured fitness | best measured fitness or single-digit g-values | x1 | x2...
1 0 +2.189234218e+06 +2.189182308e+06 +2.189182308e+06 +5.9671e-01 -3.8264e-02 +7.4769e-01 +1.6230e+00 -1.3415e-01
3 0 +1.958563159e+06 +1.958511249e+06 +1.958511249e+06 -3.6342e-01 -3.6573e-01 +3.4196e-01 -1.8133e+00 -1.6249e+00
5 0 +1.418680902e+06 +1.418628992e+06 +1.418628992e+06 +1.5656e+00 -1.2578e-01 +1.6753e-01 -1.3247e+00 -4.4438e-01
8 0 +5.397702762e+04 +5.392511762e+04 +5.392511762e+04 -1.1208e+00 +3.0886e-01 -1.8597e+00 -1.2282e+00 +2.9686e-01
31 0 +4.409223934e+04 +4.404032934e+04 +4.404032934e+04 +6.8999e-01 -4.0809e-02 -8.6317e-01 +1.6997e-01 -1.3285e+00
36 0 +1.466977642e+04 +1.461786642e+04 +1.461786642e+04 +5.7596e-01 +4.2660e-01 -1.3134e+00 -2.7495e-01 -7.7729e-02
44 0 +7.985872230e+03 +7.933962230e+03 +7.933962230e+03 +2.7710e-01 +1.0145e+00 -1.3301e+00 +8.0584e-02 -3.6193e-01
75 0 +6.424464307e+03 +6.372554307e+03 +6.372554307e+03 +1.5625e+00 +2.0087e-01 -4.5969e-01 +1.6857e-01 -1.7267e+00
79 0 +3.214367137e+03 +3.162457137e+03 +3.162457137e+03 +1.8738e-01 +4.3207e-01 -1.3175e+00 -1.9450e+00 -9.1913e-01
163 0 +2.420550528e+03 +2.368640528e+03 +2.368640528e+03 +2.4795e-01 +1.0391e+00 -1.3975e+00 -8.3231e-01 -2.1898e-01
209 0 +2.230194049e+03 +2.178284049e+03 +2.178284049e+03 +8.0793e-01 +1.0200e+00 -1.0382e+00 -2.5231e-01 -9.1306e-01
235 0 +1.453958333e+03 +1.402048333e+03 +1.402048333e+03 +4.8072e-01 +1.0394e+00 -9.3142e-01 -5.4501e-02 -1.3538e+00
237 0 +1.218749286e+03 +1.166839286e+03 +1.166839286e+03 +4.9563e-01 +1.2620e+00 -1.4258e+00 -1.9094e-01 +7.9110e-03
289 0 +8.584673274e+02 +8.065573274e+02 +8.065573274e+02 +1.7909e-02 +1.0836e+00 -1.1407e+00 -7.4544e-01 -1.3680e+00
396 0 +7.059836251e+02 +6.540736251e+02 +6.540736251e+02 +3.1538e-01 +1.5358e+00 -8.2336e-01 +5.9132e-01 -1.8786e+00
431 0 +5.200007903e+02 +4.680907903e+02 +4.680907903e+02 +4.7328e-01 +1.5396e+00 -1.1735e+00 +5.3131e-01 -5.5401e-01
436 0 +4.945369547e+02 +4.426269547e+02 +4.426269547e+02 -4.2397e-02 +1.5762e+00 -1.0803e+00 +3.3110e-01 -1.3060e+00
462 0 +4.380750706e+02 +3.861650706e+02 +3.861650706e+02 +8.3485e-01 +1.6808e+00 -1.0047e+00 +1.5588e+00 -4.9958e-01
515 0 +1.736080529e+02 +1.216980529e+02 +1.216980529e+02 +4.1767e-01 +2.1075e+00 -1.5777e+00 +1.5300e+00 +9.2373e-01
582 0 +1.259807386e+02 +7.407073861e+01 +7.407073861e+01 -8.8749e-01 +1.6444e+00 -1.9466e+00 -1.1477e+00 +3.4845e-01
639 0 +9.017382655e+01 +3.826382655e+01 +3.826382655e+01 -7.2649e-01 +2.0130e+00 -2.2551e+00 -6.2805e-01 +1.5680e+00
701 0 +4.509065596e+01 -6.819344041e+00 -6.819344041e+00 +5.0711e-02 +1.8869e+00 -1.8806e+00 +3.8073e-01 +1.3119e+00
729 0 +3.708574239e+01 -1.482425761e+01 -1.482425761e+01 -3.1625e-02 +1.9736e+00 -2.0314e+00 +3.7268e-01 +1.7261e+00
738 0 +3.183228495e+01 -2.007771505e+01 -2.007771505e+01 -1.8286e-01 +1.9329e+00 -2.0096e+00 +5.8146e-02 +1.4301e+00
760 0 +1.944983009e+01 -3.246016991e+01 -3.246016991e+01 -3.9103e-01 +2.0312e+00 -2.2142e+00 -1.0350e-01 +1.8774e+00
815 0 +1.696323325e+01 -3.494676675e+01 -3.494676675e+01 +2.8256e-01 +2.1471e+00 -2.0034e+00 +1.0385e+00 +2.0518e+00
820 0 +1.431933550e+01 -3.759066450e+01 -3.759066450e+01 +2.5501e-01 +2.0815e+00 -1.9327e+00 +8.9348e-01 +1.7522e+00
846 0 +1.334235943e+01 -3.856764057e+01 -3.856764057e+01 +1.6404e-01 +2.1056e+00 -1.9692e+00 +8.6133e-01 +1.7924e+00
874 0 +8.277214300e+00 -4.363278570e+01 -4.363278570e+01 +9.2621e-01 +2.2697e+00 -1.8833e+00 +2.0649e+00 +2.4391e+00
888 0 +8.127970753e+00 -4.378202925e+01 -4.378202925e+01 +7.2512e-01 +2.1567e+00 -1.8484e+00 +1.6477e+00 +2.0566e+00
912 0 +8.032510368e+00 -4.387748963e+01 -4.387748963e+01 +6.5183e-01 +2.1701e+00 -1.8640e+00 +1.5863e+00 +2.0438e+00
935 0 +5.595158713e+00 -4.631484129e+01 -4.631484129e+01 +1.0693e+00 +2.2660e+00 -1.8617e+00 +2.2409e+00 +2.5448e+00
943 0 +5.549713713e+00 -4.636028629e+01 -4.636028629e+01 +5.6083e-01 +2.1683e+00 -1.9390e+00 +1.4257e+00 +2.1611e+00
946 0 +3.347811508e+00 -4.856218849e+01 -4.856218849e+01 +1.5624e+00 +2.2522e+00 -1.5974e+00 +2.9137e+00 +2.2667e+00
947 0 +2.900024959e+00 -4.900997504e+01 -4.900997504e+01 +1.2263e+00 +2.2618e+00 -1.7732e+00 +2.4642e+00 +2.4404e+00
991 0 +1.462150994e+00 -5.044784901e+01 -5.044784901e+01 +2.0489e+00 +2.3716e+00 -1.5677e+00 +3.7030e+00 +2.7726e+00
1058 0 +5.925295892e-01 -5.131747041e+01 -5.131747041e+01 +1.5276e+00 +2.2723e+00 -1.6627e+00 +2.8763e+00 +2.4397e+00
1113 0 +5.339833139e-01 -5.137601669e+01 -5.137601669e+01 +1.4046e+00 +2.2783e+00 -1.7063e+00 +2.7344e+00 +2.4429e+00
1153 0 +3.765698755e-01 -5.153343012e+01 -5.153343012e+01 +1.4323e+00 +2.2856e+00 -1.6984e+00 +2.7806e+00 +2.4507e+00
1183 0 +1.787655191e-01 -5.173123448e+01 -5.173123448e+01 +1.6706e+00 +2.2984e+00 -1.6140e+00 +3.1269e+00 +2.4656e+00
1234 0 +9.295423382e-02 -5.181704577e+01 -5.181704577e+01 +1.6488e+00 +2.3137e+00 -1.6425e+00 +3.1084e+00 +2.5327e+00
% f evaluations | g evaluations | best noise-free fitness - Fopt (4.808000000000e+01) + sum g_i+ | measured fitness | best measured fitness or single-digit g-values | x1 | x2...
1 0 +7.655939359e+06 +7.655987439e+06 +7.655987439e+06 +5.9671e-01 -3.8264e-02 +7.4769e-01 +1.6230e+00 -1.3415e-01
2 0 +5.817326131e+06 +5.817374211e+06 +5.817374211e+06 -1.3414e-01 +1.6792e+00 +8.6743e-01 -3.6947e-01 +6.4256e-01
3 0 +2.471456532e+06 +2.471504612e+06 +2.471504612e+06 -3.6342e-01 -3.6573e-01 +3.4196e-01 -1.8133e+00 -1.6249e+00
7 0 +2.056560075e+06 +2.056608155e+06 +2.056608155e+06 -5.0171e-01 +1.9523e+00 +8.6503e-02 -9.5771e-01 +9.2254e-01
8 0 +2.680933670e+05 +2.681414470e+05 +2.681414470e+05 -1.1208e+00 +3.0886e-01 -1.8597e+00 -1.2282e+00 +2.9686e-01
27 0 +8.075433998e+04 +8.080241998e+04 +8.080241998e+04 -2.2593e+00 +7.0230e-01 -1.6448e-01 -1.1479e+00 +1.1466e+00
34 0 +2.675059486e+04 +2.679867486e+04 +2.679867486e+04 -1.8709e+00 -9.1826e-01 -9.0934e-01 -4.6777e-01 +1.9682e+00
189 0 +2.276361804e+04 +2.281169804e+04 +2.281169804e+04 +2.6363e-01 +5.8333e-01 -2.3737e+00 -1.0324e+00 +3.1682e-01
230 0 +1.984807971e+04 +1.989615971e+04 +1.989615971e+04 +1.7302e-01 +1.3760e+00 -2.2317e+00 -2.8172e-01 +5.7698e-01
264 0 +1.935945886e+04 +1.940753886e+04 +1.940753886e+04 -4.1822e-01 +1.0366e-01 -1.9419e+00 -9.8026e-01 +1.0002e+00
266 0 +1.499305786e+04 +1.504113786e+04 +1.504113786e+04 -8.0555e-01 +1.6806e-01 -1.5215e+00 -1.8470e+00 +1.1855e+00
293 0 +1.177563534e+04 +1.182371534e+04 +1.182371534e+04 -2.7710e-01 +8.8904e-02 -1.9702e+00 -9.3703e-01 +1.1959e+00
319 0 +1.141983471e+04 +1.146791471e+04 +1.146791471e+04 -1.8166e+00 -5.5191e-01 -8.5788e-01 -1.1528e+00 +2.1892e+00
324 0 +9.490716161e+03 +9.538796161e+03 +9.538796161e+03 -1.1232e-01 -6.0627e-01 -2.1842e+00 -1.9511e+00 +1.4800e+00
331 0 +4.979109393e+03 +5.027189393e+03 +5.027189393e+03 -5.1035e-02 -2.7807e+00 -2.3448e+00 -3.1512e+00 +1.7986e+00
353 0 +6.383013991e+02 +6.863813991e+02 +6.863813991e+02 -1.1059e+00 -2.8544e+00 -1.5677e+00 -1.9358e+00 +3.0758e+00
361 0 +5.140633185e+02 +5.621433185e+02 +5.621433185e+02 -4.6052e-01 -3.1897e+00 -2.0586e+00 -2.7328e+00 +2.5887e+00
502 0 +2.229887918e+02 +2.710687918e+02 +2.710687918e+02 +4.0567e-01 -3.6216e+00 -2.6402e+00 -3.8216e+00 +1.9770e+00
519 0 +1.114391897e+02 +1.595191897e+02 +1.595191897e+02 +1.1614e+00 -3.1132e+00 -3.2088e+00 -2.8190e+00 +1.8558e+00
631 0 +4.387734606e+01 +9.195734606e+01 +9.195734606e+01 +2.9757e+00 -3.1059e+00 -4.5215e+00 -3.2043e+00 +7.9641e-01
670 0 +3.276188321e+01 +8.084188321e+01 +8.084188321e+01 +1.8605e+00 -3.4586e+00 -3.7202e+00 -3.5378e+00 +1.3695e+00
690 0 +3.081360520e+01 +7.889360520e+01 +7.889360520e+01 +2.0422e+00 -3.0292e+00 -3.8398e+00 -3.1181e+00 +1.2011e+00
707 0 +2.800233255e+01 +7.608233255e+01 +7.608233255e+01 +2.1195e+00 -3.4449e+00 -3.8903e+00 -3.9736e+00 +1.0589e+00
712 0 +2.413332440e+01 +7.221332440e+01 +7.221332440e+01 +2.0984e+00 -3.0333e+00 -3.8884e+00 -2.9708e+00 +1.2457e+00
761 0 +1.947095439e+01 +6.755095439e+01 +6.755095439e+01 +2.3961e+00 -3.2617e+00 -4.0992e+00 -3.5451e+00 +1.0167e+00
802 0 +1.571285723e+01 +6.379285723e+01 +6.379285723e+01 +2.0948e+00 -3.1526e+00 -3.8749e+00 -3.4230e+00 +1.1176e+00
805 0 +1.528541845e+01 +6.336541845e+01 +6.336541845e+01 +2.4135e+00 -3.2549e+00 -4.1080e+00 -3.5431e+00 +1.0044e+00
814 0 +8.004318516e+00 +5.608431852e+01 +5.608431852e+01 +2.2852e+00 -3.2657e+00 -4.0120e+00 -3.6257e+00 +1.0261e+00
854 0 +6.603083076e+00 +5.468308308e+01 +5.468308308e+01 +2.2887e+00 -3.1261e+00 -4.0150e+00 -3.3962e+00 +1.0431e+00
863 0 +4.690831186e+00 +5.277083119e+01 +5.277083119e+01 +2.0542e+00 -3.2350e+00 -3.8507e+00 -3.4241e+00 +1.2080e+00
884 0 +4.388075538e+00 +5.246807554e+01 +5.246807554e+01 +2.2092e+00 -3.1577e+00 -3.9612e+00 -3.3521e+00 +1.1126e+00
904 0 +3.195039227e+00 +5.127503923e+01 +5.127503923e+01 +1.6775e+00 -3.3431e+00 -3.5764e+00 -3.5510e+00 +1.3793e+00
956 0 +1.497111342e+00 +4.957711134e+01 +4.957711134e+01 +1.6149e+00 -3.3047e+00 -3.5344e+00 -3.4306e+00 +1.4418e+00
984 0 +1.456940232e+00 +4.953694023e+01 +4.953694023e+01 +1.3577e+00 -3.3504e+00 -3.3567e+00 -3.3227e+00 +1.6390e+00
1026 0 +1.219883529e+00 +4.929988353e+01 +4.929988353e+01 +1.5711e+00 -3.2628e+00 -3.5069e+00 -3.2491e+00 +1.5214e+00
1051 0 +5.876834372e-01 +4.866768344e+01 +4.866768344e+01 +1.0768e+00 -3.3647e+00 -3.1538e+00 -3.2835e+00 +1.7982e+00
1145 0 +5.245204059e-01 +4.860452041e+01 +4.860452041e+01 +1.1764e+00 -3.3718e+00 -3.2245e+00 -3.3182e+00 +1.7362e+00
1151 0 +3.355414584e-01 +4.841554146e+01 +4.841554146e+01 +9.6712e-01 -3.3852e+00 -3.0794e+00 -3.2092e+00 +1.8960e+00
1174 0 +3.202963828e-01 +4.840029638e+01 +4.840029638e+01 +9.0243e-01 -3.3785e+00 -3.0339e+00 -3.1433e+00 +1.9532e+00
1201 0 +6.928878413e-02 +4.814928878e+01 +4.814928878e+01 +9.7868e-01 -3.3928e+00 -3.0858e+00 -3.2437e+00 +1.8793e+00
% f evaluations | g evaluations | best noise-free fitness - Fopt (3.058000000000e+01) + sum g_i+ | measured fitness | best measured fitness or single-digit g-values | x1 | x2...
1 0 +5.129698096e+06 +5.129728676e+06 +5.129728676e+06 +5.9671e-01 -3.8264e-02 +7.4769e-01 +1.6230e+00 -1.3415e-01
3 0 +3.849577660e+06 +3.849608240e+06 +3.849608240e+06 -3.6342e-01 -3.6573e-01 +3.4196e-01 -1.8133e+00 -1.6249e+00
4 0 +2.425531194e+06 +2.425561774e+06 +2.425561774e+06 -4.6229e-01 -9.1283e-01 +4.1425e-01 -8.0802e-01 -1.3123e+00
6 0 +2.328608918e+06 +2.328639498e+06 +2.328639498e+06 +2.1092e-01 -1.0510e+00 +4.7570e-01 -5.0064e-01 -1.9169e-01
25 0 +1.523876975e+06 +1.523907555e+06 +1.523907555e+06 +8.9103e-01 -8.0939e-01 +1.5028e+00 -1.3019e+00 +6.8686e-01
27 0 +9.709951003e+05 +9.710256803e+05 +9.710256803e+05 -6.2495e-01 -2.6088e-02 +1.5233e+00 -1.6593e+00 +4.9675e-01
30 0 +6.815855095e+05 +6.816160895e+05 +6.816160895e+05 -3.0511e-01 -1.4885e+00 +1.4136e+00 +1.3947e+00 -6.1731e-01
33 0 +5.977294721e+05 +5.977600521e+05 +5.977600521e+05 -6.9971e-01 -1.7946e+00 +1.0186e+00 -6.7205e-01 -1.1949e+00
43 0 +5.319973836e+05 +5.320279636e+05 +5.320279636e+05 -2.1492e+00 -1.5384e+00 +7.8164e-01 -2.8819e+00 -1.5864e+00
53 0 +1.299815283e+05 +1.300121083e+05 +1.300121083e+05 -8.7576e-01 -1.4813e+00 +2.7243e-01 -4.0475e+00 +1.4957e+00
111 0 +5.481813464e+04 +5.484871464e+04 +5.484871464e+04 +3.7761e-01 -8.6836e-01 +1.9506e+00 +1.0662e+00 +3.9098e+00
136 0 +4.902190444e+04 +4.905248444e+04 +4.905248444e+04 -5.7659e-01 -8.9960e-01 +1.2716e+00 +2.8534e-01 +2.7941e+00
138 0 +2.848208592e+04 +2.851266592e+04 +2.851266592e+04 -3.8159e+00 +1.3418e+00 +2.9667e+00 -1.2421e+00 +2.7747e-01
191 0 +6.595146178e+03 +6.625726178e+03 +6.625726178e+03 -3.1726e+00 +5.1419e-01 +1.9329e+00 -4.6835e-01 +1.0898e+00
196 0 +6.536265123e+03 +6.566845123e+03 +6.566845123e+03 -1.2413e+00 -9.1692e-01 +6.6304e-02 -1.7760e+00 +3.9842e+00
255 0 +2.281342712e+03 +2.311922712e+03 +2.311922712e+03 -4.7285e+00 +8.8602e-01 +1.2332e+00 +9.0836e-01 +6.1355e-01
291 0 +2.039693714e+03 +2.070273714e+03 +2.070273714e+03 -2.2701e+00 +2.2712e-01 +1.7646e+00 -1.7255e+00 +1.8834e+00
309 0 +1.748015819e+03 +1.778595819e+03 +1.778595819e+03 -2.5661e+00 -2.4059e-01 +9.3949e-01 +1.2174e-01 +2.1641e+00
312 0 +9.117641109e+02 +9.423441109e+02 +9.423441109e+02 -3.9438e+00 +6.2395e-01 +1.2648e+00 -6.8463e-03 +9.2440e-01
353 0 +8.561397999e+02 +8.867197999e+02 +8.867197999e+02 -1.6318e+00 -2.0472e-01 +1.4953e+00 -1.1066e+00 +2.5839e+00
402 0 +7.190209379e+02 +7.496009379e+02 +7.496009379e+02 -1.7276e+00 -3.6971e-01 +1.1352e+00 -1.1770e+00 +2.6404e+00
491 0 +6.760747533e+02 +7.066547533e+02 +7.066547533e+02 -1.1446e+00 -5.1428e-01 +1.3039e+00 -1.4106e+00 +3.0607e+00
509 0 +6.585609238e+02 +6.891409238e+02 +6.891409238e+02 -1.3455e+00 -5.6470e-01 +1.0762e+00 -1.2849e+00 +2.9561e+00
527 0 +6.036778075e+02 +6.342578075e+02 +6.342578075e+02 -1.4985e+00 -5.8897e-01 +9.1942e-01 -1.0859e+00 +2.9097e+00
546 0 +6.013618728e+02 +6.319418728e+02 +6.319418728e+02 -2.5875e+00 -1.3125e-01 +9.2241e-01 -5.7213e-01 +2.1513e+00
557 0 +4.827261015e+02 +5.133061015e+02 +5.133061015e+02 -1.6151e+00 -7.9090e-01 +4.2488e-01 -1.0044e+00 +3.1307e+00
576 0 +4.500036347e+02 +4.805836347e+02 +4.805836347e+02 -8.5722e-01 -9.5509e-01 +6.9751e-01 -1.3693e+00 +3.5510e+00
590 0 +3.253815166e+02 +3.559615166e+02 +3.559615166e+02 -6.9989e-01 -1.5268e+00 -3.1012e-01 -1.4649e+00 +4.1222e+00
605 0 +2.117317520e+02 +2.423117520e+02 +2.423117520e+02 +4.0351e-01 -2.0576e+00 -3.6486e-01 -1.7157e+00 +4.9588e+00
647 0 +1.104902609e+02 +1.410702609e+02 +1.410702609e+02 -3.8688e-01 -2.1059e+00 -1.0596e+00 -1.1175e+00 +4.7096e+00
738 0 +7.735269705e+01 +1.079326971e+02 +1.079326971e+02 -2.2918e+00 -2.1910e+00 -2.6602e+00 +2.2896e-01 +4.0374e+00
825 0 +2.964708093e+01 +6.022708093e+01 +6.022708093e+01 -2.0836e+00 -1.8631e+00 -1.8977e+00 -2.0277e-02 +3.8404e+00
844 0 +2.255104971e+01 +5.313104971e+01 +5.313104971e+01 -2.4010e+00 -1.9063e+00 -2.2542e+00 +1.0583e-01 +3.7839e+00
853 0 +1.442299623e+01 +4.500299623e+01 +4.500299623e+01 -1.4246e+00 -2.5737e+00 -2.7349e+00 -1.4679e-01 +4.7556e+00
899 0 +1.116370747e+01 +4.174370747e+01 +4.174370747e+01 -2.8228e+00 -1.7901e+00 -2.3203e+00 +5.2656e-01 +3.5164e+00
921 0 +1.111608933e+01 +4.169608933e+01 +4.169608933e+01 -2.1204e+00 -2.3318e+00 -2.8216e+00 +1.8765e-01 +4.2756e+00
925 0 +1.021699985e+01 +4.079699985e+01 +4.079699985e+01 -1.5136e+00 -2.3310e+00 -2.3368e+00 -1.9504e-01 +4.4898e+00
930 0 +9.701975038e+00 +4.028197504e+01 +4.028197504e+01 -2.9238e+00 -1.8628e+00 -2.5316e+00 +6.3282e-01 +3.5333e+00
943 0 +9.429736769e+00 +4.000973677e+01 +4.000973677e+01 -2.4147e+00 -2.2299e+00 -2.8403e+00 +4.1006e-01 +4.0659e+00
953 0 +4.250011515e+00 +3.483001152e+01 +3.483001152e+01 -1.8891e+00 -2.2291e+00 -2.4409e+00 +5.0446e-02 +4.2764e+00
964 0 +2.284714516e+00 +3.286471452e+01 +3.286471452e+01 -3.1628e+00 -1.6887e+00 -2.3948e+00 +7.5573e-01 +3.3063e+00
977 0 +1.630455247e+00 +3.221045525e+01 +3.221045525e+01 -2.9254e+00 -1.8780e+00 -2.5757e+00 +6.1138e-01 +3.5568e+00
1037 0 +1.319924092e+00 +3.189992409e+01 +3.189992409e+01 -2.6704e+00 -1.8609e+00 -2.3480e+00 +4.2570e-01 +3.6428e+00
1050 0 +1.210808832e+00 +3.179080883e+01 +3.179080883e+01 -3.2051e+00 -1.7454e+00 -2.5328e+00 +8.1174e-01 +3.3352e+00
1068 0 +3.807682057e-01 +3.096076821e+01 +3.096076821e+01 -3.0448e+00 -1.7444e+00 -2.4156e+00 +6.5691e-01 +3.3974e+00
1098 0 +2.188394458e-01 +3.079883945e+01 +3.079883945e+01 -2.8411e+00 -1.8801e+00 -2.5155e+00 +5.6716e-01 +3.5968e+00
1180 0 +2.022617332e-01 +3.078226173e+01 +3.078226173e+01 -2.7154e+00 -1.9047e+00 -2.4636e+00 +4.9837e-01 +3.6673e+00
1182 0 +1.987180004e-01 +3.077871800e+01 +3.077871800e+01 -2.9217e+00 -1.8233e+00 -2.4678e+00 +6.1272e-01 +3.5136e+00
1208 0 +1.602461588e-01 +3.074024616e+01 +3.074024616e+01 -2.7314e+00 -1.9092e+00 -2.4831e+00 +5.1113e-01 +3.6626e+00
1225 0 +1.571031959e-01 +3.073710320e+01 +3.073710320e+01 -2.8368e+00 -1.8549e+00 -2.4646e+00 +5.4750e-01 +3.5736e+00
1230 0 +2.802813165e-02 +3.060802813e+01 +3.060802813e+01 -2.9036e+00 -1.8395e+00 -2.4850e+00 +6.0182e-01 +3.5366e+00
% f evaluations | g evaluations | best noise-free fitness - Fopt (1.000000000000e+03) + sum g_i+ | measured fitness | best measured fitness or single-digit g-values | x1 | x2...
1 0 +7.800350395e+06 +7.801350395e+06 +7.801350395e+06 +5.9671e-01 -3.8264e-02 +7.4769e-01 +1.6230e+00 -1.3415e-01
2 0 +4.442581272e+06 +4.443581272e+06 +4.443581272e+06 -1.3414e-01 +1.6792e+00 +8.6743e-01 -3.6947e-01 +6.4256e-01
3 0 +4.368225056e+04 +4.468225056e+04 +4.468225056e+04 -3.6342e-01 -3.6573e-01 +3.4196e-01 -1.8133e+00 -1.6249e+00
34 0 +2.502833320e+04 +2.602833320e+04 +2.602833320e+04 +1.9122e-01 -5.3522e-01 +4.0317e-01 -2.0730e+00 -2.1253e+00
69 0 +1.373562279e+04 +1.473562279e+04 +1.473562279e+04 -8.7351e-01 -1.3226e+00 -2.3522e-02 -1.4386e+00 -1.1261e+00
148 0 +1.259509202e+04 +1.359509202e+04 +1.359509202e+04 -1.2027e+00 +5.8999e-01 -1.7441e+00 -1.1081e+00 -1.8893e+00
149 0 +8.815593833e+03 +9.815593833e+03 +9.815593833e+03 -1.2595e+00 -1.5123e-01 -1.3390e+00 -1.1181e+00 -1.2450e+00
156 0 +3.817504281e+03 +4.817504281e+03 +4.817504281e+03 -1.0625e+00 -1.1999e+00 -2.2653e-01 -1.4453e+00 -1.4921e-01
205 0 +1.589840338e+03 +2.589840338e+03 +2.589840338e+03 -1.9519e+00 +8.5181e-01 -2.3715e+00 -7.0379e-01 -1.5092e+00
232 0 +1.479669555e+03 +2.479669555e+03 +2.479669555e+03 -1.2128e+00 +5.3240e-01 -1.8235e+00 -8.7163e-01 -1.8571e+00
283 0 +1.127339425e+03 +2.127339425e+03 +2.127339425e+03 -1.4428e+00 +7.2536e-02 -1.0063e+00 -1.4101e+00 -1.1476e+00
304 0 +6.747935647e+02 +1.674793565e+03 +1.674793565e+03 -2.0323e+00 +3.8082e-01 -1.7606e+00 -1.0902e+00 -1.3201e+00
422 0 +5.026727288e+02 +1.502672729e+03 +1.502672729e+03 -1.9445e+00 +5.9661e-01 -1.9603e+00 -9.7788e-01 -1.4996e+00
484 0 +4.299177124e+02 +1.429917712e+03 +1.429917712e+03 -2.3391e+00 +8.7141e-01 -2.4369e+00 -7.9963e-01 -1.5614e+00
503 0 +3.219656015e+02 +1.321965602e+03 +1.321965602e+03 -2.2243e+00 +1.0074e+00 -2.4805e+00 -7.9921e-01 -1.7214e+00
565 0 +2.764814311e+02 +1.276481431e+03 +1.276481431e+03 -2.2791e+00 +1.4403e+00 -2.6552e+00 -8.6309e-01 -2.0552e+00
577 0 +2.189996734e+02 +1.218999673e+03 +1.218999673e+03 -2.5247e+00 +1.9558e+00 -2.8824e+00 -9.7239e-01 -2.3548e+00
626 0 +1.653416769e+02 +1.165341677e+03 +1.165341677e+03 -2.3614e+00 +2.6911e+00 -2.8605e+00 -1.2746e+00 -3.0191e+00
638 0 +9.880577303e+00 +1.009880577e+03 +1.009880577e+03 -2.5396e+00 +3.2907e+00 -3.1935e+00 -1.3037e+00 -3.3606e+00
804 0 +6.635436280e+00 +1.006635436e+03 +1.006635436e+03 -2.6621e+00 +3.5162e+00 -3.6341e+00 -1.0556e+00 -3.4887e+00
833 0 +6.539003358e+00 +1.006539003e+03 +1.006539003e+03 -2.6825e+00 +3.6974e+00 -3.4485e+00 -1.3027e+00 -3.6041e+00
847 0 +5.146948818e+00 +1.005146949e+03 +1.005146949e+03 -2.5625e+00 +3.6621e+00 -3.1997e+00 -1.4700e+00 -3.6355e+00
887 0 +2.675736746e+00 +1.002675737e+03 +1.002675737e+03 -2.6271e+00 +3.7483e+00 -3.1891e+00 -1.5335e+00 -3.6566e+00
895 0 +2.206813062e+00 +1.002206813e+03 +1.002206813e+03 -2.6130e+00 +3.4579e+00 -3.3242e+00 -1.2835e+00 -3.4498e+00
901 0 +1.711199269e+00 +1.001711199e+03 +1.001711199e+03 -2.6394e+00 +3.7689e+00 -3.3080e+00 -1.4463e+00 -3.6732e+00
940 0 +1.025659312e+00 +1.001025659e+03 +1.001025659e+03 -2.6625e+00 +3.6215e+00 -3.3503e+00 -1.3506e+00 -3.5571e+00
946 0 +4.318167397e-01 +1.000431817e+03 +1.000431817e+03 -2.6237e+00 +3.5925e+00 -3.3077e+00 -1.3636e+00 -3.5520e+00
1000 0 +1.393363547e-01 +1.000139336e+03 +1.000139336e+03 -2.6230e+00 +3.6544e+00 -3.1923e+00 -1.4893e+00 -3.5923e+00
1061 0 +6.802650203e-02 +1.000068027e+03 +1.000068027e+03 -2.6417e+00 +3.6416e+00 -3.3324e+00 -1.3689e+00 -3.5822e+00
1105 0 +4.200301913e-02 +1.000042003e+03 +1.000042003e+03 -2.6338e+00 +3.6661e+00 -3.2676e+00 -1.4334e+00 -3.6022e+00
1185 0 +2.094206027e-02 +1.000020942e+03 +1.000020942e+03 -2.6304e+00 +3.6467e+00 -3.2758e+00 -1.4166e+00 -3.5896e+00
1186 0 +1.984568310e-02 +1.000019846e+03 +1.000019846e+03 -2.6357e+00 +3.6422e+00 -3.3247e+00 -1.3740e+00 -3.5853e+00
1238 0 +1.454101170e-02 +1.000014541e+03 +1.000014541e+03 -2.6324e+00 +3.6549e+00 -3.2853e+00 -1.4125e+00 -3.5938e+00
% f evaluations | g evaluations | best noise-free fitness - Fopt (-4.236000000000e+01) + sum g_i+ | measured fitness | best measured fitness or single-digit g-values | x1 | x2...
1 0 +4.299884506e+05 +4.299460906e+05 +4.299460906e+05 +5.9671e-01 -3.8264e-02 +7.4769e-01 +1.6230e+00 -1.3415e-01
2 0 +3.060139924e+05 +3.059716324e+05 +3.059716324e+05 -1.3414e-01 +1.6792e+00 +8.6743e-01 -3.6947e-01 +6.4256e-01
6 0 +9.893211758e+04 +9.888975758e+04 +9.888975758e+04 +2.1092e-01 -1.0510e+00 +4.7570e-01 -5.0064e-01 -1.9169e-01
10 0 +2.777560141e+04 +2.773324141e+04 +2.773324141e+04 -6.1984e-01 -3.6064e-01 +1.1571e+00 +4.4362e-01 -1.6630e+00
30 0 +8.349030112e+03 +8.306670112e+03 +8.306670112e+03 -1.6283e+00 -3.2779e-01 +8.5177e-01 -1.0747e+00 -1.3700e-01
138 0 +7.053262302e+03 +7.010902302e+03 +7.010902302e+03 -5.5308e-01 -4.5735e-01 +3.5106e-01 -8.9588e-01 +5.9305e-01
177 0 +3.468853586e+03 +3.426493586e+03 +3.426493586e+03 -6.8237e-02 -6.9311e-01 +1.2125e+00 -1.9486e-01 +4.8540e-01
212 0 +3.392409359e+03 +3.350049359e+03 +3.350049359e+03 -3.1020e-01 -1.1985e+00 +1.8588e+00 +8.1963e-02 -2.0471e-01
227 0 +1.944725927e+03 +1.902365927e+03 +1.902365927e+03 -2.4774e-01 -1.4048e+00 +2.7604e+00 +2.5546e-01 +4.7384e-01
231 0 +5.909861414e+02 +5.486261414e+02 +5.486261414e+02 -6.4066e-01 -9.3772e-01 +2.2540e+00 -7.3569e-01 +1.6098e+00
306 0 +3.477466380e+02 +3.053866380e+02 +3.053866380e+02 -6.4810e-01 -9.8949e-01 +2.4165e+00 -6.6925e-01 +1.5642e+00
335 0 +2.808204073e+02 +2.384604073e+02 +2.384604073e+02 -3.6994e-01 -1.3528e+00 +2.8672e+00 -3.5509e-01 +1.5210e+00
357 0 +2.302523928e+02 +1.878923928e+02 +1.878923928e+02 -3.9579e-01 -1.1992e+00 +2.7202e+00 -5.7077e-01 +1.8695e+00
383 0 +1.989240427e+02 +1.565640427e+02 +1.565640427e+02 +5.1298e-01 -1.1882e+00 +2.6052e+00 +2.1202e-01 +1.6115e+00
421 0 +8.107344686e+01 +3.871344686e+01 +3.871344686e+01 +7.6840e-02 -1.1273e+00 +2.5671e+00 -2.1729e-01 +1.7779e+00
511 0 +6.867464229e+01 +2.631464229e+01 +2.631464229e+01 +2.0736e-01 -1.1750e+00 +2.6005e+00 -1.1442e-01 +1.8219e+00
525 0 +4.667979515e+01 +4.319795151e+00 +4.319795151e+00 +4.8840e-01 -1.4206e+00 +3.1502e+00 +2.8700e-01 +1.8102e+00
582 0 +4.256731323e+01 +2.073132338e-01 +2.073132338e-01 +1.4538e-01 -1.4317e+00 +3.0869e+00 +1.1083e-01 +1.5660e+00
592 0 +3.017160981e+01 -1.218839019e+01 -1.218839019e+01 +4.2560e-01 -1.2979e+00 +2.8156e+00 +1.1253e-01 +1.8036e+00
594 0 +1.853823132e+01 -2.382176868e+01 -2.382176868e+01 +3.0018e-01 -1.2318e+00 +2.7771e+00 -2.5627e-02 +1.9088e+00
655 0 +1.807372831e+01 -2.428627169e+01 -2.428627169e+01 +8.3685e-01 -1.3571e+00 +2.9388e+00 +4.1823e-01 +1.9184e+00
662 0 +1.339057937e+01 -2.896942063e+01 -2.896942063e+01 +3.9849e-01 -1.2599e+00 +2.7729e+00 +5.3551e-02 +1.8752e+00
677 0 +7.744852065e+00 -3.461514793e+01 -3.461514793e+01 +3.8360e-01 -1.1814e+00 +2.6511e+00 -2.9534e-02 +1.9434e+00
691 0 +6.763557098e+00 -3.559644290e+01 -3.559644290e+01 +1.1955e-01 -1.2635e+00 +2.8249e+00 -4.8602e-02 +1.6915e+00
714 0 +2.373103208e+00 -3.998689679e+01 -3.998689679e+01 +4.8771e-01 -1.1617e+00 +2.6617e+00 -1.1220e-02 +2.0903e+00
794 0 +2.343804855e+00 -4.001619515e+01 -4.001619515e+01 +3.7417e-01 -1.1370e+00 +2.6131e+00 -1.0878e-01 +2.0816e+00
828 0 +1.541343749e+00 -4.081865625e+01 -4.081865625e+01 +3.8462e-01 -1.1525e+00 +2.6457e+00 -7.2548e-02 +2.0453e+00
895 0 +1.483960502e+00 -4.087603950e+01 -4.087603950e+01 +5.0249e-01 -1.0857e+00 +2.5530e+00 -1.0198e-01 +2.2413e+00
905 0 +1.472057369e+00 -4.088794263e+01 -4.088794263e+01 +4.1384e-01 -1.1247e+00 +2.6072e+00 -9.2359e-02 +2.1099e+00
910 0 +1.287267323e+00 -4.107273268e+01 -4.107273268e+01 +4.6351e-01 -1.1080e+00 +2.5718e+00 -8.5739e-02 +2.1520e+00
933 0 +1.279963085e+00 -4.108003692e+01 -4.108003692e+01 +4.1678e-01 -1.0190e+00 +2.4380e+00 -2.2374e-01 +2.2804e+00
934 0 +1.208044133e+00 -4.115195587e+01 -4.115195587e+01 +3.7884e-01 -1.0605e+00 +2.4914e+00 -1.9201e-01 +2.1849e+00
941 0 +1.085890711e+00 -4.127410929e+01 -4.127410929e+01 +4.1168e-01 -1.1106e+00 +2.5814e+00 -1.1040e-01 +2.1288e+00
945 0 +7.166510488e-01 -4.164334895e+01 -4.164334895e+01 +4.7260e-01 -1.0057e+00 +2.4179e+00 -2.1511e-01 +2.3398e+00
989 0 +5.973075248e-01 -4.176269248e+01 -4.176269248e+01 +5.1530e-01 -9.0924e-01 +2.2691e+00 -3.2459e-01 +2.5404e+00
1006 0 +4.951297274e-01 -4.186487027e+01 -4.186487027e+01 +5.7939e-01 -9.1626e-01 +2.2872e+00 -2.9020e-01 +2.5838e+00
1034 0 +4.028216795e-01 -4.195717832e+01 -4.195717832e+01 +5.3123e-01 -8.3948e-01 +2.1662e+00 -4.0701e-01 +2.6751e+00
1071 0 +2.187436865e-01 -4.214125631e+01 -4.214125631e+01 +5.4719e-01 -7.9978e-01 +2.1037e+00 -4.5527e-01 +2.7622e+00
1125 0 +1.664227890e-01 -4.219357721e+01 -4.219357721e+01 +5.9146e-01 -7.6260e-01 +2.0513e+00 -4.8172e-01 +2.8559e+00
1180 0 +1.387937288e-01 -4.222120627e+01 -4.222120627e+01 +5.8836e-01 -7.5904e-01 +2.0479e+00 -4.8817e-01 +2.8627e+00
1181 0 +9.814874192e-02 -4.226185126e+01 -4.226185126e+01 +5.9088e-01 -8.3467e-01 +2.1634e+00 -3.9099e-01 +2.7361e+00
1232 0 +2.565354153e-02 -4.233434646e+01 -4.233434646e+01 +5.7165e-01 -7.9806e-01 +2.1075e+00 -4.5101e-01 +2.7955e+00
