% f evaluations | g evaluations | best noise-free fitness - Fopt (4.078000000000e+01) + sum g_i+ | measured fitness | best measured fitness or single-digit g-values | x1 | x2...
1 0 +6.478954112e+01 +1.055695411e+02 +1.055695411e+02 +5.9671e-01 -3.8264e-02 +7.4769e-01 +1.6230e+00 -1.3415e-01 -1.3414e-01 +1.6792e+00 +8.6743e-01 -3.6947e-01 +6.4256e-01
8 0 +4.511787342e+01 +8.589787342e+01 +8.589787342e+01 +4.6140e-01 +1.6380e+00 +6.4174e-02 +1.6646e+00 -2.5197e+00 +9.2190e-01 +1.8705e-01 -1.9901e-01 +1.9176e-01 -1.8876e+00
26 0 +3.189769581e+01 +7.267769581e+01 +7.267769581e+01 -1.1609e+00 +1.0179e+00 +2.2222e+00 +1.1325e+00 -1.4194e+00 -3.8423e-01 +1.3669e+00 -6.0767e-01 +5.4382e-01 +8.7463e-01
351 0 +2.603411069e+01 +6.681411069e+01 +6.681411069e+01 +1.6529e+00 +1.6879e+00 +1.2544e+00 +1.2657e+00 -2.8960e+00 +9.9172e-02 +1.7475e+00 -9.8581e-01 +1.5425e+00 -1.4507e-01
401 0 +2.472453315e+01 +6.550453315e+01 +6.550453315e+01 +1.4088e+00 +2.2859e+00 +2.1028e+00 +1.6896e+00 -2.4168e+00 -1.4028e-01 +1.8904e+00 -2.1474e+00 +1.3009e+00 -7.0561e-01
404 0 +2.037309964e+01 +6.115309964e+01 +6.115309964e+01 +1.8192e+00 +2.4591e+00 +1.3299e+00 +2.1282e+00 -2.3148e+00 +1.7731e-01 +2.8881e+00 -2.2575e+00 +8.6036e-01 -1.0156e+00
550 0 +1.411757809e+01 +5.489757809e+01 +5.489757809e+01 +8.0586e-01 +3.7382e+00 +1.3117e+00 +1.7344e+00 -2.0409e+00 -8.4752e-01 +3.4040e-01 -2.6978e+00 -2.3696e-01 -7.0017e-01
715 0 +1.180454080e+01 +5.258454080e+01 +5.258454080e+01 +2.4264e+00 +3.2603e+00 +2.3714e+00 +1.2232e+00 -2.1418e+00 -4.1391e-01 +7.9656e-01 -3.1853e+00 +2.0913e-01 -4.0386e-01
752 0 +9.443727463e+00 +5.022372746e+01 +5.022372746e+01 +2.1479e+00 +2.8011e+00 +1.6382e+00 +1.7300e+00 -1.6732e+00 -6.0190e-01 +9.3174e-01 -2.3649e+00 +1.0377e+00 +3.2651e-01
857 0 +8.020716142e+00 +4.880071614e+01 +4.880071614e+01 +2.1512e+00 +2.8300e+00 +8.6772e-01 +1.8244e+00 -1.3670e+00 -8.7095e-01 +6.0958e-01 -2.3325e+00 +6.4340e-01 +3.2483e-01
1001 0 +7.671993084e+00 +4.845199308e+01 +4.845199308e+01 +2.9785e+00 +2.9522e+00 +1.3455e+00 +2.1791e+00 -1.0627e+00 -1.8567e+00 +8.1180e-01 -3.6957e+00 +1.1063e+00 +1.1907e-01
1059 0 +7.610210239e+00 +4.839021024e+01 +4.839021024e+01 +3.6544e+00 +2.9164e+00 +3.7781e-01 +2.2939e+00 -1.2841e-01 -1.0014e+00 +1.3980e-01 -3.8830e+00 +9.3110e-01 +3.4583e-04
1077 0 +7.202153561e+00 +4.798215356e+01 +4.798215356e+01 +3.9369e+00 +2.0190e+00 +2.9610e-01 +1.7878e+00 -2.3065e-01 -6.1068e-01 -7.3691e-02 -3.2066e+00 +1.7368e+00 +4.1537e-01
1083 0 +7.198328357e+00 +4.797832836e+01 +4.797832836e+01 +3.0836e+00 +1.8170e+00 +4.6624e-01 +1.0312e+00 -4.0496e-01 -1.5188e+00 -9.4195e-02 -3.1869e+00 +5.9320e-01 +7.6497e-01
1101 0 +3.824997138e+00 +4.460499714e+01 +4.460499714e+01 +3.0902e+00 +2.1907e+00 +7.3485e-01 +1.9914e+00 -5.0341e-01 -1.3891e+00 +2.4648e-01 -3.6003e+00 +1.3302e+00 +7.7765e-01
1251 0 +2.948293704e+00 +4.372829370e+01 +4.372829370e+01 +2.9761e+00 +2.4842e+00 +2.4712e-02 +2.0488e+00 -6.0223e-01 -1.6604e+00 +1.2461e-01 -3.5621e+00 +1.2658e+00 +9.3100e-01
1351 0 +2.832939042e+00 +4.361293904e+01 +4.361293904e+01 +3.0743e+00 +2.3710e+00 +1.5981e-01 +1.9969e+00 -3.3567e-01 -1.5937e+00 -7.6308e-02 -3.9875e+00 +1.0778e+00 +8.5946e-03
1404 0 +2.526761924e+00 +4.330676192e+01 +4.330676192e+01 +3.3072e+00 +2.3906e+00 -2.3773e-01 +2.2564e+00 -1.3945e-03 -1.5440e+00 -2.0277e-01 -4.0524e+00 +9.3340e-01 +5.5882e-01
1459 0 +2.520266570e+00 +4.330026657e+01 +4.330026657e+01 +3.3412e+00 +2.2847e+00 -8.3715e-02 +2.2836e+00 +1.6409e-01 -1.5427e+00 -6.7616e-02 -4.1807e+00 +1.2943e+00 +1.4121e-01
1551 0 +2.500353378e+00 +4.328035338e+01 +4.328035338e+01 +3.4153e+00 +2.1139e+00 +1.3314e-01 +2.1818e+00 -1.6961e-01 -1.4118e+00 -3.2948e-02 -3.8622e+00 +1.1275e+00 +4.6256e-01
1601 0 +2.408143404e+00 +4.318814340e+01 +4.318814340e+01 +3.0220e+00 +2.4009e+00 +2.0317e-02 +2.1614e+00 -3.3486e-01 -1.3159e+00 +2.7492e-04 -3.9504e+00 +8.3898e-01 +1.5646e-01
1614 0 +2.349669881e+00 +4.312966988e+01 +4.312966988e+01 +3.1639e+00 +2.3373e+00 -1.8543e-01 +2.0524e+00 -1.2910e-01 -1.4115e+00 -2.1520e-02 -3.9609e+00 +9.0843e-01 +4.9766e-01
1759 0 +2.328711795e+00 +4.310871179e+01 +4.310871179e+01 +3.2830e+00 +2.2073e+00 -1.5916e-01 +2.3375e+00 -8.3024e-02 -1.4189e+00 -1.2741e-03 -3.9256e+00 +1.1882e+00 +4.4452e-01
1806 0 +2.328605465e+00 +4.310860547e+01 +4.310860547e+01 +3.2512e+00 +2.3102e+00 -8.0938e-02 +2.1000e+00 -1.9070e-01 -1.3568e+00 -7.3754e-02 -3.8673e+00 +8.9232e-01 +4.7509e-01
1807 0 +2.288408367e+00 +4.306840837e+01 +4.306840837e+01 +3.3138e+00 +2.1237e+00 -1.2397e-01 +2.1063e+00 -2.1187e-01 -1.3442e+00 -9.6128e-03 -3.6858e+00 +1.0171e+00 +7.2214e-01
1902 0 +2.278248500e+00 +4.305824850e+01 +4.305824850e+01 +3.2386e+00 +2.1888e+00 -9.1680e-02 +2.1465e+00 -1.4735e-01 -1.3596e+00 -3.3485e-02 -3.7663e+00 +9.9759e-01 +6.6128e-01
1954 0 +2.272999501e+00 +4.305299950e+01 +4.305299950e+01 +3.4155e+00 +2.2016e+00 -1.3817e-01 +2.0307e+00 -1.2491e-01 -1.5866e+00 +4.0911e-02 -3.8978e+00 +1.0851e+00 +6.9620e-01
2054 0 +2.265675330e+00 +4.304567533e+01 +4.304567533e+01 +3.3608e+00 +2.1664e+00 -1.8731e-01 +2.1502e+00 -1.0109e-01 -1.4573e+00 +1.3061e-02 -3.8310e+00 +1.0295e+00 +5.5739e-01
2153 0 +2.264681132e+00 +4.304468113e+01 +4.304468113e+01 +3.3545e+00 +2.1581e+00 -1.3725e-01 +2.0755e+00 -1.2879e-01 -1.4700e+00 +2.8514e-02 -3.8207e+00 +1.0311e+00 +6.2746e-01
2201 0 +2.261735419e+00 +4.304173542e+01 +4.304173542e+01 +3.3918e+00 +2.1402e+00 -1.5158e-01 +2.0899e+00 -1.1107e-01 -1.4350e+00 -6.2892e-03 -3.7956e+00 +1.1007e+00 +7.0067e-01
2206 0 +2.261652525e+00 +4.304165253e+01 +4.304165253e+01 +3.2941e+00 +2.1649e+00 -1.6190e-01 +2.1282e+00 -1.4560e-01 -1.4103e+00 -3.2567e-03 -3.7716e+00 +1.0053e+00 +6.8700e-01
2252 0 +2.257294775e+00 +4.303729478e+01 +4.303729478e+01 +3.3626e+00 +2.1515e+00 -1.6365e-01 +2.1014e+00 -1.1132e-01 -1.4590e+00 -1.3562e-03 -3.7966e+00 +1.0769e+00 +6.2922e-01
2406 0 +2.257117076e+00 +4.303711708e+01 +4.303711708e+01 +3.3797e+00 +2.1436e+00 -1.6782e-01 +2.0720e+00 -1.1627e-01 -1.4888e+00 -6.3574e-03 -3.7655e+00 +1.0974e+00 +7.2193e-01
2451 0 +2.256621953e+00 +4.303662195e+01 +4.303662195e+01 +3.3517e+00 +2.1658e+00 -1.8015e-01 +2.0953e+00 -1.1520e-01 -1.4793e+00 -5.1448e-03 -3.7846e+00 +1.0867e+00 +6.9773e-01
2453 0 +2.256568068e+00 +4.303656807e+01 +4.303656807e+01 +3.3571e+00 +2.1565e+00 -2.0198e-01 +2.0870e+00 -1.2067e-01 -1.4807e+00 +3.3165e-03 -3.7833e+00 +1.0531e+00 +7.2137e-01
% f evaluations | g evaluations | best noise-free fitness - Fopt (-1.600000000000e+00) + sum g_i+ | measured fitness | best measured fitness or single-digit g-values | x1 | x2...
1 0 +7.245595792e+01 +7.085595792e+01 +7.085595792e+01 +5.9671e-01 -3.8264e-02 +7.4769e-01 +1.6230e+00 -1.3415e-01 -1.3414e-01 +1.6792e+00 +8.6743e-01 -3.6947e-01 +6.4256e-01
3 0 +4.494042669e+01 +4.334042669e+01 +4.334042669e+01 +1.5656e+00 -1.2578e-01 +1.6753e-01 -1.3247e+00 -4.4438e-01 +2.1092e-01 -1.0510e+00 +4.7570e-01 -5.0064e-01 -1.9169e-01
61 0 +2.218241053e+01 +2.058241053e+01 +2.058241053e+01 +1.9550e+00 +3.8992e-01 +5.8026e-01 -9.7552e-01 -4.9274e-01 +9.0189e-01 +4.0619e-01 -2.9368e-01 -4.9153e-01 +1.0610e+00
108 0 +1.976638857e+01 +1.816638857e+01 +1.816638857e+01 +2.8267e+00 +1.8254e-02 +1.1815e+00 -8.0254e-01 +1.0003e+00 +4.8168e-01 -6.1758e-01 +6.8318e-02 -5.2426e-01 +1.6484e+00
275 0 +6.369142211e+00 +4.769142211e+00 +4.769142211e+00 +2.7820e+00 -2.1386e+00 -1.1405e-01 +3.5729e-01 -1.5139e+00 -1.0507e+00 -2.6694e+00 -4.2794e+00 +4.6235e-01 +2.3349e+00
703 0 +2.046967911e+00 +4.469679110e-01 +4.469679110e-01 +1.2218e-01 -1.8035e+00 +4.1475e-01 +3.1107e+00 -2.4826e+00 -2.4639e-01 -2.5330e+00 -3.0364e+00 +3.2466e-01 +2.6312e+00
802 0 +1.780067927e+00 +1.800679275e-01 +1.800679275e-01 +1.4694e+00 -1.2147e+00 +6.8041e-01 +3.4380e+00 -1.7739e+00 -5.7051e-01 -3.7546e+00 -2.0717e+00 +1.8653e-01 +2.6082e+00
851 0 +5.262450971e-01 -1.073754903e+00 -1.073754903e+00 +6.2079e-01 -1.6929e+00 +1.3270e+00 +3.5333e+00 -1.6752e+00 -8.4688e-01 -3.4220e+00 -3.0385e+00 -2.0061e-01 +2.1999e+00
1004 0 +4.736113081e-01 -1.126388692e+00 -1.126388692e+00 +1.2425e+00 -2.0963e+00 +6.7920e-01 +4.0364e+00 -2.1939e+00 -7.4953e-01 -2.6858e+00 -3.3308e+00 +2.6789e-01 +2.2183e+00
1102 0 +2.272654189e-01 -1.372734581e+00 -1.372734581e+00 +1.5758e+00 -1.8816e+00 +1.2329e+00 +3.2614e+00 -1.8494e+00 -1.1187e+00 -3.2707e+00 -3.0690e+00 +4.3318e-01 +3.3427e+00
1251 0 +1.356854290e-01 -1.464314571e+00 -1.464314571e+00 +1.0641e+00 -1.7547e+00 +1.1888e+00 +3.2466e+00 -1.9679e+00 -1.2159e+00 -3.1704e+00 -3.0116e+00 +4.3271e-01 +3.7437e+00
1301 0 +5.796800002e-02 -1.542032000e+00 -1.542032000e+00 +1.4501e+00 -2.3691e+00 +1.2047e+00 +3.3229e+00 -2.0018e+00 -1.0526e+00 -2.9816e+00 -3.2289e+00 +2.3918e-01 +2.9514e+00
1304 0 +4.035288858e-02 -1.559647111e+00 -1.559647111e+00 +1.2114e+00 -2.1129e+00 +4.3444e-01 +2.4820e+00 -2.0656e+00 -5.4487e-01 -3.2037e+00 -3.7384e+00 +7.4692e-01 +2.9207e+00
1351 0 +6.791411742e-03 -1.593208588e+00 -1.593208588e+00 +7.5571e-01 -2.0478e+00 +7.8345e-01 +2.9451e+00 -2.0138e+00 -8.7426e-01 -3.0641e+00 -3.5075e+00 +4.8860e-01 +3.2025e+00
1601 0 +6.370182482e-03 -1.593629818e+00 -1.593629818e+00 +1.2396e+00 -1.7109e+00 +2.6405e-01 +2.7812e+00 -2.2558e+00 -1.0935e+00 -3.1675e+00 -3.4365e+00 +4.6711e-01 +3.5089e+00
1602 0 +2.779863194e-03 -1.597220137e+00 -1.597220137e+00 +1.0738e+00 -2.0340e+00 +5.4908e-01 +2.8671e+00 -2.2029e+00 -8.9344e-01 -3.1688e+00 -3.5777e+00 +3.6185e-01 +3.1648e+00
1603 0 +2.178922982e-03 -1.597821077e+00 -1.597821077e+00 +1.1071e+00 -1.9072e+00 +3.0131e-01 +2.8848e+00 -2.1079e+00 -9.7534e-01 -3.1469e+00 -3.7506e+00 +5.9354e-01 +3.3262e+00
1751 0 +3.204106273e-04 -1.599679589e+00 -1.599679589e+00 +1.1797e+00 -1.9672e+00 +5.3203e-01 +2.8654e+00 -2.0993e+00 -9.4830e-01 -3.0757e+00 -3.4678e+00 +3.9471e-01 +3.2504e+00
1801 0 +2.398136003e-04 -1.599760186e+00 -1.599760186e+00 +1.0764e+00 -2.1137e+00 +6.7179e-01 +3.1991e+00 -2.1097e+00 -8.9551e-01 -3.1006e+00 -3.5121e+00 +4.9361e-01 +3.1128e+00
1802 0 +2.295719237e-04 -1.599770428e+00 -1.599770428e+00 +1.0750e+00 -2.0268e+00 +5.3582e-01 +2.9102e+00 -2.0599e+00 -9.0798e-01 -3.1187e+00 -3.5774e+00 +5.3326e-01 +3.2557e+00
1803 0 +1.064258793e-04 -1.599893574e+00 -1.599893574e+00 +1.2159e+00 -2.0330e+00 +5.6857e-01 +3.0372e+00 -2.1307e+00 -1.0499e+00 -3.0683e+00 -3.5605e+00 +4.9710e-01 +3.2481e+00
1804 0 +1.039486546e-04 -1.599896051e+00 -1.599896051e+00 +1.1449e+00 -2.0257e+00 +5.4494e-01 +3.0585e+00 -2.0771e+00 -9.0233e-01 -3.0643e+00 -3.5241e+00 +4.7765e-01 +3.0082e+00
1853 0 +8.745238025e-05 -1.599912548e+00 -1.599912548e+00 +1.1986e+00 -1.9248e+00 +5.1773e-01 +2.9787e+00 -2.1213e+00 -1.0675e+00 -3.0931e+00 -3.4676e+00 +4.3402e-01 +3.3118e+00
1902 0 +4.066499101e-05 -1.599959335e+00 -1.599959335e+00 +1.0810e+00 -2.0431e+00 +6.0007e-01 +3.0640e+00 -2.0829e+00 -9.8124e-01 -3.1102e+00 -3.6099e+00 +4.8250e-01 +3.1563e+00
2001 0 +3.857569266e-05 -1.599961424e+00 -1.599961424e+00 +1.1284e+00 -2.0094e+00 +5.2783e-01 +3.0202e+00 -2.0925e+00 -8.7623e-01 -3.0717e+00 -3.5922e+00 +4.4704e-01 +3.0832e+00
2002 0 +2.652873060e-05 -1.599973471e+00 -1.599973471e+00 +1.1421e+00 -2.0045e+00 +5.3675e-01 +3.0406e+00 -2.1260e+00 -9.0741e-01 -3.0673e+00 -3.5332e+00 +5.0472e-01 +3.2575e+00
2004 0 +2.337657366e-05 -1.599976623e+00 -1.599976623e+00 +1.0592e+00 -1.9976e+00 +5.8127e-01 +3.0278e+00 -2.0977e+00 -9.0802e-01 -3.1046e+00 -3.6323e+00 +4.8921e-01 +3.1645e+00
2051 0 +1.934934377e-05 -1.599980651e+00 -1.599980651e+00 +1.0887e+00 -1.9936e+00 +5.6185e-01 +3.0602e+00 -2.1058e+00 -9.1548e-01 -3.0515e+00 -3.5571e+00 +4.7853e-01 +3.1191e+00
2058 0 +1.614892749e-05 -1.599983851e+00 -1.599983851e+00 +1.1629e+00 -1.9947e+00 +5.0509e-01 +2.9788e+00 -2.1509e+00 -9.6905e-01 -3.0922e+00 -3.6030e+00 +4.6652e-01 +3.1935e+00
2101 0 +6.600977332e-06 -1.599993399e+00 -1.599993399e+00 +1.1815e+00 -1.9862e+00 +5.0540e-01 +2.9243e+00 -2.1143e+00 -9.2142e-01 -3.1085e+00 -3.5360e+00 +4.8717e-01 +3.2448e+00
2151 0 +2.088468416e-06 -1.599997912e+00 -1.599997912e+00 +1.1430e+00 -2.0279e+00 +6.0054e-01 +3.0325e+00 -2.1464e+00 -9.3377e-01 -3.1257e+00 -3.5264e+00 +4.7463e-01 +3.2576e+00
2152 0 +1.894674467e-06 -1.599998105e+00 -1.599998105e+00 +1.0926e+00 -2.0000e+00 +5.6643e-01 +3.0205e+00 -2.1505e+00 -9.2398e-01 -3.1196e+00 -3.5457e+00 +4.9312e-01 +3.2527e+00
2344 0 +1.622508243e-06 -1.599998377e+00 -1.599998377e+00 +1.0870e+00 -1.9988e+00 +5.5973e-01 +3.0004e+00 -2.1368e+00 -8.8477e-01 -3.1171e+00 -3.5765e+00 +4.9281e-01 +3.2166e+00
2352 0 +1.319654358e-06 -1.599998680e+00 -1.599998680e+00 +1.1277e+00 -2.0206e+00 +5.5158e-01 +2.9927e+00 -2.1452e+00 -9.2181e-01 -3.1183e+00 -3.5678e+00 +4.7968e-01 +3.2265e+00
2401 0 +6.868389399e-07 -1.599999313e+00 -1.599999313e+00 +1.1104e+00 -2.0303e+00 +6.0505e-01 +3.0416e+00 -2.1342e+00 -9.2266e-01 -3.1029e+00 -3.5333e+00 +4.7444e-01 +3.2110e+00
2453 0 +4.356749927e-07 -1.599999564e+00 -1.599999564e+00 +1.1480e+00 -2.0108e+00 +5.7040e-01 +2.9982e+00 -2.1303e+00 -9.3946e-01 -3.0923e+00 -3.5540e+00 +4.7923e-01 +3.2250e+00
% f evaluations | g evaluations | best noise-free fitness - Fopt (-3.708400000000e+02) + sum g_i+ | measured fitness | best measured fitness or single-digit g-values | x1 | x2...
1 0 +7.187062140e+01 -2.989693786e+02 -2.989693786e+02 +5.9671e-01 -3.8264e-02 +7.4769e-01 +1.6230e+00 -1.3415e-01 -1.3414e-01 +1.6792e+00 +8.6743e-01 -3.6947e-01 +6.4256e-01
3 0 +6.162706341e+01 -3.092129366e+02 -3.092129366e+02 +1.5656e+00 -1.2578e-01 +1.6753e-01 -1.3247e+00 -4.4438e-01 +2.1092e-01 -1.0510e+00 +4.7570e-01 -5.0064e-01 -1.9169e-01
6 0 +5.781730356e+01 -3.130226964e+02 -3.130226964e+02 +4.2408e-01 -2.8508e-01 -5.7692e-01 +7.1168e-01 +1.1310e+00 +1.0313e+00 -7.3922e-01 -2.0921e-01 +4.3126e-01 +1.0755e+00
19 0 +5.600249408e+01 -3.148375059e+02 -3.148375059e+02 +7.2567e-01 -7.5716e-01 -9.7089e-01 +5.8247e-01 -1.2346e-01 +8.1400e-01 +5.7324e-01 +2.7171e-02 -7.4679e-01 -1.4148e+00
40 0 +4.504339845e+01 -3.257966016e+02 -3.257966016e+02 -7.9841e-01 +5.9192e-01 -1.2202e+00 +1.9315e+00 +1.2794e+00 -3.6918e-01 -1.6131e+00 +1.4539e+00 -1.4540e-02 +1.3378e+00
47 0 +3.918522257e+01 -3.316547774e+02 -3.316547774e+02 +2.0647e+00 +1.3526e-01 -5.9973e-01 +3.1398e-01 -1.2328e-02 -1.2097e-01 +7.1417e-01 +8.5751e-01 -4.3050e-01 -4.7582e-01
51 0 +2.174679427e+01 -3.490932057e+02 -3.490932057e+02 +2.6325e+00 -6.6011e-02 -1.8044e+00 -2.1602e-01 -5.3390e-01 -4.7980e-01 -1.2967e+00 +7.7859e-01 -6.4868e-01 +3.7522e-01
101 0 +1.712941774e+01 -3.537105823e+02 -3.537105823e+02 +1.0789e+00 +1.0876e+00 -1.8021e+00 +1.4965e+00 +1.2030e+00 +2.3579e+00 +3.5401e-01 +1.7343e+00 -1.5716e+00 -5.4623e-01
201 0 +1.377332225e+01 -3.570666778e+02 -3.570666778e+02 +1.8148e+00 -1.1236e+00 -2.5733e+00 +1.1031e+00 +1.2943e-01 +3.6616e-01 -5.3140e-02 +2.6077e+00 -2.7542e+00 -1.5271e+00
206 0 +1.335648414e+01 -3.574835159e+02 -3.574835159e+02 +8.9472e-01 +2.7345e-01 -1.4638e+00 +2.2815e+00 +1.7387e+00 +1.1385e+00 -1.8709e+00 +4.8837e-01 -3.1273e+00 -1.2875e+00
252 0 +9.806784569e+00 -3.610332154e+02 -3.610332154e+02 +1.3442e+00 -1.7963e-01 -2.5150e+00 +2.4232e+00 +1.6128e+00 +2.7739e+00 +1.3767e-01 +1.4331e-01 -2.4998e+00 -6.9422e-01
255 0 +9.673436303e+00 -3.611665637e+02 -3.611665637e+02 +7.3564e-01 -9.0576e-01 -1.0530e+00 +3.5966e+00 +2.6601e+00 +2.5725e+00 -1.1486e+00 +2.1359e+00 -3.2985e+00 +1.3578e-02
301 0 +8.071466787e+00 -3.627685332e+02 -3.627685332e+02 +7.8591e-01 -9.4506e-01 -1.7837e+00 +2.5735e+00 +1.6639e+00 +2.6020e+00 +5.7994e-01 +1.3784e+00 -2.8557e+00 -7.7787e-01
351 0 +6.299271405e+00 -3.645407286e+02 -3.645407286e+02 +1.8052e+00 -9.2118e-01 -1.2272e+00 +2.3577e+00 +1.9938e+00 +2.7624e+00 +2.5298e-01 +1.6727e+00 -2.9898e+00 +7.1587e-01
451 0 +2.497316786e+00 -3.683426832e+02 -3.683426832e+02 +2.6505e+00 -2.8680e-01 -4.1640e-01 +2.3675e+00 +1.9213e+00 +2.4918e+00 -1.9580e+00 +3.1048e+00 -3.6787e+00 +2.9716e-01
452 0 +2.243285869e+00 -3.685967141e+02 -3.685967141e+02 +9.3708e-01 -1.8159e-01 -2.4654e+00 +2.7579e+00 +1.1119e+00 +6.6281e-01 -7.8921e-01 +7.0155e-01 -2.6623e+00 +3.2085e-01
501 0 +2.039038036e+00 -3.688009620e+02 -3.688009620e+02 +2.9777e+00 -1.4238e+00 -2.6997e+00 +1.1021e+00 +1.9691e-01 +2.0484e-01 -6.6284e-01 +2.3922e+00 -3.2336e+00 -1.7628e-01
552 0 +6.960985415e-01 -3.701439015e+02 -3.701439015e+02 +1.8075e+00 -5.2952e-01 -1.9889e+00 +1.7508e+00 +1.1188e+00 +2.0210e+00 -2.4162e-01 +2.3969e+00 -2.3546e+00 -2.0910e-01
702 0 +5.020075574e-01 -3.703379924e+02 -3.703379924e+02 +3.1156e+00 -9.1590e-01 -1.2735e+00 +2.2623e+00 +9.4249e-01 +1.6827e+00 -1.1734e+00 +1.6704e+00 -3.2599e+00 +7.5556e-02
802 0 +4.833364505e-01 -3.703566635e+02 -3.703566635e+02 +2.9027e+00 -1.1635e+00 -2.3753e+00 +2.6538e+00 +3.9997e-01 +7.2582e-01 -4.8285e-01 +8.9808e-01 -3.0326e+00 -5.2810e-01
805 0 +1.494623429e-01 -3.706905377e+02 -3.706905377e+02 +2.4505e+00 -8.8718e-01 -1.8826e+00 +2.2544e+00 +1.3477e+00 +1.6325e+00 -9.2035e-01 +1.9209e+00 -3.6792e+00 -4.2488e-01
806 0 +9.166092192e-02 -3.707483391e+02 -3.707483391e+02 +2.7643e+00 -1.0962e+00 -2.2744e+00 +2.1581e+00 +8.6687e-01 +6.4024e-01 -8.6027e-01 +1.5628e+00 -3.4238e+00 -2.4125e-01
903 0 +6.165476211e-02 -3.707783452e+02 -3.707783452e+02 +2.8700e+00 -9.9820e-01 -1.5553e+00 +1.9331e+00 +6.6658e-01 +4.4464e-01 -9.7632e-01 +1.2240e+00 -2.8133e+00 -3.3670e-01
905 0 +5.635516641e-02 -3.707836448e+02 -3.707836448e+02 +3.2325e+00 -1.0389e+00 -1.5063e+00 +1.5967e+00 +6.5912e-01 +1.0962e+00 -7.8455e-01 +2.1111e+00 -2.9408e+00 -1.2208e-01
909 0 +1.047819503e-02 -3.708295218e+02 -3.708295218e+02 +2.9672e+00 -9.8116e-01 -1.7945e+00 +2.0667e+00 +9.0400e-01 +9.7885e-01 -1.1555e+00 +1.5664e+00 -3.3514e+00 -5.5641e-01
1101 0 +5.873459065e-03 -3.708341265e+02 -3.708341265e+02 +3.2078e+00 -7.6393e-01 -1.5465e+00 +2.0745e+00 +7.3021e-01 +7.7266e-01 -1.3716e+00 +1.9821e+00 -3.2565e+00 -4.4859e-01
1103 0 +3.470171489e-03 -3.708365298e+02 -3.708365298e+02 +2.8883e+00 -8.1901e-01 -1.5914e+00 +2.1391e+00 +6.6508e-01 +7.0124e-01 -1.2101e+00 +1.4673e+00 -3.0926e+00 -4.6352e-01
1155 0 +9.173109553e-04 -3.708390827e+02 -3.708390827e+02 +3.1088e+00 -9.1908e-01 -1.4946e+00 +1.9316e+00 +6.0138e-01 +8.1868e-01 -1.1574e+00 +1.6165e+00 -3.1074e+00 -4.5102e-01
1302 0 +8.558033353e-04 -3.708391442e+02 -3.708391442e+02 +3.2105e+00 -8.7635e-01 -1.6218e+00 +1.9125e+00 +6.4302e-01 +9.5652e-01 -1.2852e+00 +1.7584e+00 -3.1921e+00 -5.2033e-01
1353 0 +9.244005855e-05 -3.708399076e+02 -3.708399076e+02 +3.0894e+00 -8.0175e-01 -1.6796e+00 +1.9424e+00 +6.2081e-01 +8.2144e-01 -1.2348e+00 +1.6525e+00 -3.1623e+00 -4.0393e-01
1451 0 +2.942280275e-05 -3.708399706e+02 -3.708399706e+02 +3.1382e+00 -7.7288e-01 -1.6016e+00 +1.9484e+00 +5.5365e-01 +8.4504e-01 -1.1726e+00 +1.6724e+00 -3.1273e+00 -4.6728e-01
1453 0 +2.474977123e-05 -3.708399753e+02 -3.708399753e+02 +3.1333e+00 -8.6626e-01 -1.6021e+00 +1.8851e+00 +5.8111e-01 +8.2549e-01 -1.1534e+00 +1.7488e+00 -3.1161e+00 -4.3927e-01
1503 0 +2.143098607e-05 -3.708399786e+02 -3.708399786e+02 +3.1359e+00 -8.3750e-01 -1.5801e+00 +1.9201e+00 +5.7038e-01 +6.9708e-01 -1.2634e+00 +1.6801e+00 -3.1140e+00 -4.2888e-01
1507 0 +1.345439279e-05 -3.708399865e+02 -3.708399865e+02 +3.1965e+00 -8.5780e-01 -1.5435e+00 +1.8873e+00 +5.5502e-01 +7.5496e-01 -1.2457e+00 +1.7630e+00 -3.1362e+00 -4.6655e-01
1601 0 +2.080583215e-06 -3.708399979e+02 -3.708399979e+02 +3.1217e+00 -7.7925e-01 -1.5782e+00 +1.9498e+00 +5.9072e-01 +8.3630e-01 -1.2518e+00 +1.7455e+00 -3.1737e+00 -4.8790e-01
1706 0 +1.828741517e-06 -3.708399982e+02 -3.708399982e+02 +3.1133e+00 -8.3257e-01 -1.5716e+00 +1.9315e+00 +6.1380e-01 +8.2650e-01 -1.2043e+00 +1.7419e+00 -3.1420e+00 -4.7769e-01
1759 0 +1.585735333e-06 -3.708399984e+02 -3.708399984e+02 +3.1439e+00 -8.2589e-01 -1.5802e+00 +1.9299e+00 +5.7235e-01 +7.7699e-01 -1.2312e+00 +1.6935e+00 -3.1493e+00 -4.8103e-01
1775 0 +1.439640812e-06 -3.708399986e+02 -3.708399986e+02 +3.1384e+00 -8.2485e-01 -1.6125e+00 +1.9394e+00 +5.7842e-01 +8.4684e-01 -1.2094e+00 +1.7334e+00 -3.1491e+00 -4.7430e-01
1802 0 +7.077815098e-07 -3.708399993e+02 -3.708399993e+02 +3.1219e+00 -8.0049e-01 -1.5748e+00 +1.9541e+00 +6.0159e-01 +8.3007e-01 -1.2301e+00 +1.7308e+00 -3.1338e+00 -4.6830e-01
1851 0 +2.870136200e-07 -3.708399997e+02 -3.708399997e+02 +3.1268e+00 -8.0901e-01 -1.5897e+00 +1.9253e+00 +5.7697e-01 +8.1029e-01 -1.2216e+00 +1.7255e+00 -3.1286e+00 -4.7833e-01
1858 0 +1.940032348e-07 -3.708399998e+02 -3.708399998e+02 +3.1295e+00 -8.2152e-01 -1.6011e+00 +1.9236e+00 +5.8841e-01 +7.9393e-01 -1.2460e+00 +1.7289e+00 -3.1443e+00 -4.6319e-01
1929 0 +4.900391559e-08 -3.708400000e+02 -3.708400000e+02 +3.1401e+00 -8.2028e-01 -1.5831e+00 +1.9295e+00 +5.9778e-01 +8.1175e-01 -1.2295e+00 +1.7415e+00 -3.1412e+00 -4.6281e-01
% f evaluations | g evaluations | best noise-free fitness - Fopt (-3.256000000000e+01) + sum g_i+ | measured fitness | best measured fitness or single-digit g-values | x1 | x2...
1 0 +7.133001884e+01 +3.877001884e+01 +3.877001884e+01 +5.9671e-01 -3.8264e-02 +7.4769e-01 +1.6230e+00 -1.3415e-01 -1.3414e-01 +1.6792e+00 +8.6743e-01 -3.6947e-01 +6.4256e-01
8 0 +6.761497944e+01 +3.505497944e+01 +3.505497944e+01 +4.6140e-01 +1.6380e+00 +6.4174e-02 +1.6646e+00 -2.5197e+00 +9.2190e-01 +1.8705e-01 -1.9901e-01 +1.9176e-01 -1.8876e+00
54 0 +5.811918636e+01 +2.555918636e+01 +2.555918636e+01 +8.1986e-01 +9.8032e-01 +4.8053e-01 +2.6511e+00 -5.0149e-01 -1.3803e+00 +8.3756e-01 +3.9022e-01 +8.3564e-01 -1.7639e+00
103 0 +4.111127738e+01 +8.551277375e+00 +8.551277375e+00 +7.0142e-01 +3.5936e+00 +7.7701e-01 +9.6470e-01 -6.9992e-02 +5.1762e-01 -4.8451e-01 -1.7597e-01 -3.2680e-01 -3.2403e+00
151 0 +3.430138984e+01 +1.741389844e+00 +1.741389844e+00 +1.5498e-01 +3.0669e+00 +1.1657e+00 +2.2241e+00 +9.2917e-02 +5.2814e-01 +1.6241e-01 +9.3180e-01 -3.7649e-01 -2.4406e+00
201 0 +2.401926876e+01 -8.540731241e+00 -8.540731241e+00 +3.6427e+00 -2.1459e+00 -1.6208e+00 +2.2197e+00 +4.4470e-01 +3.2696e+00 +2.3674e-01 +3.1675e+00 -1.4897e+00 -1.5967e+00
304 0 +1.901796770e+01 -1.354203230e+01 -1.354203230e+01 +4.0382e+00 +3.7335e-02 -7.2163e-01 +3.0961e+00 -6.4602e-03 +2.7569e+00 +3.2863e-01 +2.5786e+00 -1.8352e+00 -7.2257e-01
351 0 +6.781412458e+00 -2.577858754e+01 -2.577858754e+01 +2.8084e+00 -3.1945e+00 -7.7471e-01 +2.7006e+00 +1.0376e+00 +2.9129e+00 +6.6419e-01 +3.3393e+00 -2.7863e+00 +7.6162e-01
551 0 +4.389700355e+00 -2.817029964e+01 -2.817029964e+01 +3.1333e+00 -1.7424e+00 +2.1854e-01 +3.8535e+00 +5.0884e-01 +1.8986e+00 +9.3969e-01 +2.7423e+00 -2.5096e+00 +4.2177e-01
651 0 +2.029428987e+00 -3.053057101e+01 -3.053057101e+01 +3.0175e+00 -1.2531e+00 +1.6736e-01 +2.8651e+00 +6.0913e-01 +2.0869e+00 +1.6257e+00 +3.5828e+00 -2.7074e+00 +4.9352e-01
801 0 +1.813698276e+00 -3.074630172e+01 -3.074630172e+01 +3.5126e+00 -1.5396e+00 +6.1996e-01 +2.9677e+00 +5.9274e-01 +2.6149e+00 +1.8064e+00 +3.4674e+00 -2.3631e+00 +2.1990e-01
851 0 +1.707349700e+00 -3.085265030e+01 -3.085265030e+01 +3.0000e+00 -1.8617e+00 +2.6535e-01 +3.1405e+00 +6.7531e-01 +2.9038e+00 +1.7592e+00 +3.6978e+00 -3.1132e+00 +2.7667e-01
852 0 +9.532267387e-01 -3.160677326e+01 -3.160677326e+01 +3.3385e+00 -1.8661e+00 +1.4573e-01 +3.0688e+00 +5.8856e-01 +2.8800e+00 +1.3230e+00 +3.1436e+00 -2.5098e+00 +5.2716e-01
1101 0 +7.785432066e-01 -3.178145679e+01 -3.178145679e+01 +3.2739e+00 -1.6067e+00 +1.8444e-01 +2.9860e+00 +7.4023e-01 +2.7064e+00 +1.3641e+00 +3.5430e+00 -2.7304e+00 +4.4330e-01
1201 0 +7.410766554e-01 -3.181892334e+01 -3.181892334e+01 +3.5221e+00 -1.6700e+00 +1.7184e-01 +2.9752e+00 +7.8115e-01 +2.6746e+00 +1.2365e+00 +3.3230e+00 -2.5614e+00 +5.6620e-01
1251 0 +7.304195873e-01 -3.182958041e+01 -3.182958041e+01 +3.3449e+00 -1.7483e+00 +1.9868e-01 +3.0039e+00 +6.3197e-01 +2.8226e+00 +1.4062e+00 +3.4557e+00 -2.5814e+00 +4.8252e-01
1351 0 +7.222537824e-01 -3.183774622e+01 -3.183774622e+01 +3.3046e+00 -1.7950e+00 +2.4226e-01 +2.9498e+00 +6.8334e-01 +2.8139e+00 +1.3956e+00 +3.4918e+00 -2.6522e+00 +5.6927e-01
1401 0 +7.109910525e-01 -3.184900895e+01 -3.184900895e+01 +3.4034e+00 -1.7886e+00 +1.5763e-01 +2.8437e+00 +7.1395e-01 +2.6911e+00 +1.3695e+00 +3.4444e+00 -2.6114e+00 +5.4661e-01
1451 0 +7.034750008e-01 -3.185652500e+01 -3.185652500e+01 +3.4100e+00 -1.7398e+00 +2.4461e-01 +2.9178e+00 +7.6991e-01 +2.6889e+00 +1.3328e+00 +3.4766e+00 -2.6010e+00 +4.7385e-01
1501 0 +7.027499493e-01 -3.185725005e+01 -3.185725005e+01 +3.3885e+00 -1.7728e+00 +1.8380e-01 +2.8575e+00 +7.7691e-01 +2.7398e+00 +1.2835e+00 +3.4703e+00 -2.6255e+00 +5.4033e-01
1551 0 +7.020850390e-01 -3.185791496e+01 -3.185791496e+01 +3.3439e+00 -1.7557e+00 +1.6318e-01 +2.8870e+00 +7.8452e-01 +2.7505e+00 +1.2722e+00 +3.4666e+00 -2.6124e+00 +4.8461e-01
1601 0 +6.965237255e-01 -3.186347627e+01 -3.186347627e+01 +3.3937e+00 -1.7322e+00 +1.7772e-01 +2.8796e+00 +7.1315e-01 +2.7464e+00 +1.3016e+00 +3.4110e+00 -2.6417e+00 +5.4436e-01
1651 0 +6.947086756e-01 -3.186529132e+01 -3.186529132e+01 +3.3995e+00 -1.7175e+00 +1.8120e-01 +2.9158e+00 +7.1618e-01 +2.7412e+00 +1.2896e+00 +3.4234e+00 -2.6221e+00 +5.1255e-01
1701 0 +6.944969106e-01 -3.186550309e+01 -3.186550309e+01 +3.3721e+00 -1.7299e+00 +2.1513e-01 +2.9496e+00 +7.3498e-01 +2.7530e+00 +1.3537e+00 +3.4531e+00 -2.6389e+00 +5.1575e-01
1751 0 +6.926871542e-01 -3.186731285e+01 -3.186731285e+01 +3.3666e+00 -1.7580e+00 +1.9134e-01 +2.9128e+00 +7.3832e-01 +2.7328e+00 +1.3117e+00 +3.4426e+00 -2.6347e+00 +5.2247e-01
1951 0 +6.925124653e-01 -3.186748753e+01 -3.186748753e+01 +3.4020e+00 -1.7464e+00 +1.8711e-01 +2.9304e+00 +7.5465e-01 +2.7268e+00 +1.3126e+00 +3.4415e+00 -2.6282e+00 +5.1364e-01
2001 0 +6.923580930e-01 -3.186764191e+01 -3.186764191e+01 +3.3868e+00 -1.7480e+00 +2.0011e-01 +2.9236e+00 +7.4020e-01 +2.7438e+00 +1.3112e+00 +3.4352e+00 -2.6355e+00 +5.2204e-01
2051 0 +6.920561935e-01 -3.186794381e+01 -3.186794381e+01 +3.3791e+00 -1.7480e+00 +1.9509e-01 +2.9364e+00 +7.3756e-01 +2.7364e+00 +1.3209e+00 +3.4410e+00 -2.6377e+00 +5.2331e-01
2151 0 +6.919911729e-01 -3.186800883e+01 -3.186800883e+01 +3.3789e+00 -1.7476e+00 +1.8452e-01 +2.9272e+00 +7.3200e-01 +2.7274e+00 +1.3166e+00 +3.4383e+00 -2.6321e+00 +5.2656e-01
2251 0 +6.919186703e-01 -3.186808133e+01 -3.186808133e+01 +3.3832e+00 -1.7450e+00 +1.8384e-01 +2.9264e+00 +7.4231e-01 +2.7316e+00 +1.3211e+00 +3.4371e+00 -2.6302e+00 +5.1890e-01
2301 0 +6.918942751e-01 -3.186810572e+01 -3.186810572e+01 +3.3858e+00 -1.7476e+00 +1.8950e-01 +2.9267e+00 +7.3932e-01 +2.7303e+00 +1.3225e+00 +3.4371e+00 -2.6354e+00 +5.2335e-01
2401 0 +6.918872971e-01 -3.186811270e+01 -3.186811270e+01 +3.3842e+00 -1.7438e+00 +1.8417e-01 +2.9259e+00 +7.3958e-01 +2.7280e+00 +1.3187e+00 +3.4362e+00 -2.6316e+00 +5.2295e-01
2451 0 +6.918774712e-01 -3.186812253e+01 -3.186812253e+01 +3.3874e+00 -1.7459e+00 +1.8628e-01 +2.9295e+00 +7.3795e-01 +2.7301e+00 +1.3188e+00 +3.4376e+00 -2.6326e+00 +5.2484e-01
% f evaluations | g evaluations | best noise-free fitness - Fopt (5.154000000000e+02) + sum g_i+ | measured fitness | best measured fitness or single-digit g-values | x1 | x2...
1 0 +7.157881503e+01 +5.869788150e+02 +5.869788150e+02 +5.9671e-01 -3.8264e-02 +7.4769e-01 +1.6230e+00 -1.3415e-01 -1.3414e-01 +1.6792e+00 +8.6743e-01 -3.6947e-01 +6.4256e-01
3 0 +6.708308653e+01 +5.824830865e+02 +5.824830865e+02 +1.5656e+00 -1.2578e-01 +1.6753e-01 -1.3247e+00 -4.4438e-01 +2.1092e-01 -1.0510e+00 +4.7570e-01 -5.0064e-01 -1.9169e-01
6 0 +2.298247535e+01 +5.383824753e+02 +5.383824753e+02 +4.2408e-01 -2.8508e-01 -5.7692e-01 +7.1168e-01 +1.1310e+00 +1.0313e+00 -7.3922e-01 -2.0921e-01 +4.3126e-01 +1.0755e+00
352 0 +1.579284188e+01 +5.311928419e+02 +5.311928419e+02 +7.2391e-01 -2.9740e-01 -3.0808e+00 +1.6268e+00 +1.0708e+00 +1.4182e+00 -1.6557e+00 -1.3377e+00 -3.9724e-01 +5.9626e-01
353 0 +1.203121047e+01 +5.274312105e+02 +5.274312105e+02 -1.7378e-01 +6.8880e-01 -2.5156e+00 +2.0627e+00 +8.5838e-01 +2.8631e+00 -8.0261e-01 -2.4500e+00 +2.9172e-01 +9.3305e-01
403 0 +1.092268721e+01 +5.263226872e+02 +5.263226872e+02 +9.9027e-01 +1.3742e+00 -1.5435e+00 +2.6391e+00 +2.2577e+00 +2.0064e+00 +9.0649e-01 -3.1257e+00 +1.2209e+00 +1.8236e+00
422 0 +1.019885693e+01 +5.255988569e+02 +5.255988569e+02 -4.4397e-01 +5.5511e-01 -2.2303e+00 +1.5238e+00 +2.7447e+00 +2.7691e+00 -7.1605e-01 -3.3038e+00 +7.2628e-01 +8.2845e-01
453 0 +9.975640567e+00 +5.253756406e+02 +5.253756406e+02 +6.2858e-01 +2.9380e-03 -3.3084e+00 +1.2284e+00 +1.3031e+00 +2.4285e+00 -2.0383e-02 -2.1802e+00 +4.8338e-01 +7.3916e-01
457 0 +9.874890010e+00 +5.252748900e+02 +5.252748900e+02 +6.2585e-01 +7.5940e-01 -2.7438e+00 +3.0991e+00 +2.0535e+00 +1.9400e+00 -9.1834e-01 -3.3018e+00 +1.0092e+00 +1.2518e+00
501 0 +9.054413047e+00 +5.244544130e+02 +5.244544130e+02 +8.4789e-01 +9.7865e-01 -1.9875e+00 +1.9593e+00 +1.3364e+00 +1.5493e+00 -9.2332e-02 -2.0950e+00 +7.0620e-01 +1.4468e+00
603 0 +8.859558681e+00 +5.242595587e+02 +5.242595587e+02 +7.1395e-01 +7.5988e-01 -2.2996e+00 +1.9496e+00 +1.5460e+00 +2.0234e+00 -8.5763e-01 -1.6367e+00 +6.3704e-01 +2.4481e+00
651 0 +7.818588945e+00 +5.232185889e+02 +5.232185889e+02 +1.1348e+00 -2.3326e-01 -2.3592e+00 +1.4538e+00 +1.2713e+00 +1.1303e+00 -6.4532e-01 -2.2095e+00 +7.6965e-01 +8.9352e-01
801 0 +7.127014588e+00 +5.225270146e+02 +5.225270146e+02 +4.7331e-01 +4.8432e-02 -2.2249e+00 +1.9632e+00 +1.9002e+00 +1.8703e+00 -9.3200e-01 -2.3990e+00 +7.6924e-01 +6.3240e-01
951 0 +7.076168120e+00 +5.224761681e+02 +5.224761681e+02 +6.3339e-01 +3.0304e-01 -2.0294e+00 +1.6066e+00 +1.9490e+00 +1.4604e+00 -1.0168e+00 -2.0502e+00 +9.5238e-01 +1.1654e+00
952 0 +6.884702313e+00 +5.222847023e+02 +5.222847023e+02 +6.5192e-01 +2.2935e-01 -2.3268e+00 +2.1102e+00 +1.7937e+00 +1.7940e+00 -1.0601e+00 -2.4405e+00 +9.3213e-01 +1.1904e+00
1103 0 +6.823074140e+00 +5.222230741e+02 +5.222230741e+02 +7.7584e-01 +4.2785e-01 -2.2982e+00 +2.0028e+00 +1.8489e+00 +1.8056e+00 -4.3078e-01 -2.6299e+00 +9.1045e-01 +1.1869e+00
1152 0 +6.788585132e+00 +5.221885851e+02 +5.221885851e+02 +7.3369e-01 +4.0671e-01 -2.0994e+00 +1.7971e+00 +1.8661e+00 +1.5215e+00 -8.4406e-01 -2.2726e+00 +8.3094e-01 +1.2702e+00
1157 0 +6.778742844e+00 +5.221787428e+02 +5.221787428e+02 +8.9885e-01 +3.3087e-01 -2.4097e+00 +1.9038e+00 +2.0030e+00 +1.6463e+00 -7.7123e-01 -2.6741e+00 +8.5766e-01 +1.1658e+00
1251 0 +6.764331443e+00 +5.221643314e+02 +5.221643314e+02 +8.6671e-01 +3.7951e-01 -2.2269e+00 +1.9155e+00 +1.9679e+00 +1.5950e+00 -6.5546e-01 -2.5584e+00 +8.8484e-01 +1.2681e+00
1252 0 +6.700052080e+00 +5.221000521e+02 +5.221000521e+02 +6.9464e-01 +2.8858e-01 -2.2335e+00 +1.9103e+00 +2.0175e+00 +1.7195e+00 -7.6494e-01 -2.5456e+00 +8.6058e-01 +1.0691e+00
1401 0 +6.692433471e+00 +5.220924335e+02 +5.220924335e+02 +7.1430e-01 +2.9999e-01 -2.2528e+00 +1.9163e+00 +1.9387e+00 +1.7162e+00 -8.6074e-01 -2.4006e+00 +8.1052e-01 +1.1312e+00
1451 0 +6.680310836e+00 +5.220803108e+02 +5.220803108e+02 +7.3827e-01 +4.4048e-01 -2.1232e+00 +1.9590e+00 +1.9889e+00 +1.6846e+00 -7.4658e-01 -2.5347e+00 +8.9293e-01 +1.1893e+00
1502 0 +6.669372640e+00 +5.220693726e+02 +5.220693726e+02 +6.9489e-01 +4.2335e-01 -2.1480e+00 +1.9856e+00 +2.0228e+00 +1.7034e+00 -8.1438e-01 -2.4518e+00 +8.9553e-01 +1.1994e+00
1651 0 +6.669167747e+00 +5.220691677e+02 +5.220691677e+02 +7.3975e-01 +4.3469e-01 -2.1736e+00 +2.0046e+00 +2.0524e+00 +1.6746e+00 -8.5254e-01 -2.5213e+00 +8.7330e-01 +1.1875e+00
1652 0 +6.665745293e+00 +5.220657453e+02 +5.220657453e+02 +7.0555e-01 +4.2660e-01 -2.1615e+00 +1.9231e+00 +2.0335e+00 +1.6829e+00 -7.2973e-01 -2.5532e+00 +8.9011e-01 +1.1703e+00
1701 0 +6.665535559e+00 +5.220655356e+02 +5.220655356e+02 +7.1923e-01 +4.2880e-01 -2.1840e+00 +2.0022e+00 +2.0374e+00 +1.7005e+00 -7.7189e-01 -2.5708e+00 +9.0637e-01 +1.1645e+00
1751 0 +6.664687435e+00 +5.220646874e+02 +5.220646874e+02 +7.0048e-01 +4.4317e-01 -2.1826e+00 +1.9634e+00 +2.0756e+00 +1.7340e+00 -7.1605e-01 -2.5960e+00 +8.7323e-01 +1.1540e+00
1803 0 +6.663376504e+00 +5.220633765e+02 +5.220633765e+02 +6.9757e-01 +4.3251e-01 -2.1982e+00 +1.9542e+00 +2.0748e+00 +1.7110e+00 -7.2864e-01 -2.5772e+00 +8.9074e-01 +1.1666e+00
1857 0 +6.662620207e+00 +5.220626202e+02 +5.220626202e+02 +6.9437e-01 +3.8465e-01 -2.2237e+00 +1.9403e+00 +1.9991e+00 +1.7350e+00 -7.1071e-01 -2.5458e+00 +8.7863e-01 +1.1441e+00
1907 0 +6.662160007e+00 +5.220621600e+02 +5.220621600e+02 +6.9886e-01 +3.9636e-01 -2.2363e+00 +1.9386e+00 +2.0094e+00 +1.7193e+00 -7.5250e-01 -2.5393e+00 +9.0006e-01 +1.1845e+00
1956 0 +6.661419437e+00 +5.220614194e+02 +5.220614194e+02 +7.3200e-01 +4.1177e-01 -2.2111e+00 +1.9422e+00 +2.0207e+00 +1.6803e+00 -7.2749e-01 -2.5556e+00 +8.8133e-01 +1.1726e+00
2001 0 +6.661245559e+00 +5.220612456e+02 +5.220612456e+02 +6.9869e-01 +3.7956e-01 -2.2260e+00 +1.9569e+00 +1.9884e+00 +1.7304e+00 -8.0297e-01 -2.4899e+00 +8.7725e-01 +1.1803e+00
2003 0 +6.660625898e+00 +5.220606259e+02 +5.220606259e+02 +7.1596e-01 +4.1433e-01 -2.1967e+00 +1.9642e+00 +2.0188e+00 +1.6911e+00 -7.3520e-01 -2.5485e+00 +9.0066e-01 +1.1698e+00
2051 0 +6.659470865e+00 +5.220594709e+02 +5.220594709e+02 +7.0201e-01 +4.0751e-01 -2.2241e+00 +1.9553e+00 +2.0103e+00 +1.7161e+00 -7.3827e-01 -2.5484e+00 +8.9420e-01 +1.1770e+00
2151 0 +6.659009596e+00 +5.220590096e+02 +5.220590096e+02 +7.0027e-01 +4.1102e-01 -2.2194e+00 +1.9594e+00 +2.0192e+00 +1.7233e+00 -7.5993e-01 -2.5397e+00 +8.8434e-01 +1.1711e+00
2252 0 +6.658851125e+00 +5.220588511e+02 +5.220588511e+02 +7.0338e-01 +4.1821e-01 -2.2082e+00 +1.9614e+00 +2.0178e+00 +1.7206e+00 -7.3613e-01 -2.5546e+00 +8.8974e-01 +1.1756e+00
2351 0 +6.658736430e+00 +5.220587364e+02 +5.220587364e+02 +7.0735e-01 +4.0639e-01 -2.2152e+00 +1.9536e+00 +2.0145e+00 +1.7095e+00 -7.5905e-01 -2.5337e+00 +8.8058e-01 +1.1718e+00
2401 0 +6.658702702e+00 +5.220587027e+02 +5.220587027e+02 +7.0598e-01 +4.1006e-01 -2.2114e+00 +1.9540e+00 +2.0099e+00 +1.7169e+00 -7.5266e-01 -2.5401e+00 +8.8368e-01 +1.1756e+00
2451 0 +6.658622170e+00 +5.220586222e+02 +5.220586222e+02 +7.0790e-01 +4.0761e-01 -2.2161e+00 +1.9571e+00 +2.0085e+00 +1.7152e+00 -7.5852e-01 -2.5307e+00 +8.8268e-01 +1.1755e+00
2453 0 +6.658612777e+00 +5.220586128e+02 +5.220586128e+02 +7.0454e-01 +4.0739e-01 -2.2113e+00 +1.9554e+00 +2.0148e+00 +1.7151e+00 -7.5587e-01 -2.5370e+00 +8.8428e-01 +1.1728e+00
% f evaluations | g evaluations | best noise-free fitness - Fopt (-8.628000000000e+01) + sum g_i+ | measured fitness | best measured fitness or single-digit g-values | x1 | x2...
1 0 +6.433133731e+01 -2.194866269e+01 -2.194866269e+01 +5.9671e-01 -3.8264e-02 +7.4769e-01 +1.6230e+00 -1.3415e-01 -1.3414e-01 +1.6792e+00 +8.6743e-01 -3.6947e-01 +6.4256e-01
29 0 +6.140759790e+01 -2.487240210e+01 -2.487240210e+01 +2.1352e-01 +7.6213e-01 +1.6860e+00 -1.1378e+00 +2.2330e+00 -1.8521e+00 -5.1785e-02 +6.8832e-01 +3.8099e-01 -5.2270e-01
70 0 +6.041121453e+01 -2.586878547e+01 -2.586878547e+01 -2.6809e-01 +6.9382e-01 +9.9604e-01 +1.2883e+00 +1.5898e+00 -3.5308e-01 -1.2853e+00 +9.4884e-01 +8.6131e-01 +1.0610e+00
94 0 +2.288441524e+01 -6.339558476e+01 -6.339558476e+01 -8.9358e-01 +3.4247e-01 +3.4771e+00 -2.6361e-01 +1.1601e+00 -2.6503e+00 +2.3644e-01 +1.3068e+00 -3.4716e-01 -1.6262e-01
157 0 +2.249004079e+01 -6.378995921e+01 -6.378995921e+01 -2.7576e+00 +9.8397e-01 +1.8859e+00 -1.3061e+00 +1.6596e+00 -3.8246e-01 +3.3866e-01 +3.4891e-01 -1.3031e+00 +1.2731e+00
215 0 +2.221076243e+01 -6.406923757e+01 -6.406923757e+01 -3.5309e+00 +2.4782e+00 +2.8172e+00 -9.6051e-01 -3.9076e-03 -1.1443e+00 -2.2609e-01 +5.0304e-02 -2.0254e+00 +2.1687e+00
301 0 +1.109137331e+01 -7.518862669e+01 -7.518862669e+01 -2.3649e+00 +1.2924e+00 +1.6600e+00 -9.3604e-01 +7.6118e-01 -2.1303e+00 -1.3242e+00 -7.0284e-01 -6.4549e-01 +2.7579e+00
351 0 +7.588735588e+00 -7.869126441e+01 -7.869126441e+01 -3.0530e+00 +2.2527e+00 +2.3634e+00 -8.1543e-02 +2.1580e+00 -2.4209e+00 -1.0908e+00 +6.0844e-01 -6.6776e-01 +1.2878e+00
401 0 +3.120641953e+00 -8.315935805e+01 -8.315935805e+01 -3.9310e+00 +1.9367e+00 +1.7376e+00 -7.2194e-02 +1.9375e+00 -3.2499e+00 -6.5745e-01 -3.3884e-01 -6.1851e-01 +3.1089e+00
451 0 +6.987840187e-01 -8.558121598e+01 -8.558121598e+01 -2.9038e+00 +2.9327e+00 +2.3434e+00 -1.6778e-01 +2.9707e+00 -3.1307e+00 -1.5157e+00 -1.9358e+00 +1.4648e-01 +2.3825e+00
701 0 +5.873218513e-01 -8.569267815e+01 -8.569267815e+01 -2.4800e+00 +2.6120e+00 +2.7939e+00 +2.2555e-01 +2.0913e+00 -3.1178e+00 -1.7483e+00 -1.1321e+00 +1.5710e-02 +2.5633e+00
707 0 +5.598976553e-01 -8.572010234e+01 -8.572010234e+01 -2.7794e+00 +2.7665e+00 +2.9038e+00 +5.8727e-01 +2.2610e+00 -2.9158e+00 -6.6728e-01 -1.8576e+00 +1.1961e+00 +1.9116e+00
751 0 +5.518088436e-01 -8.572819116e+01 -8.572819116e+01 -2.6263e+00 +2.3499e+00 +2.3835e+00 -8.1374e-01 +2.4165e+00 -3.4997e+00 -1.3155e+00 -1.8757e+00 +3.5691e-02 +2.5725e+00
801 0 +9.543542729e-02 -8.618456457e+01 -8.618456457e+01 -2.6000e+00 +2.2757e+00 +2.9963e+00 -4.2525e-02 +1.9874e+00 -3.2510e+00 -1.3566e+00 -1.8862e+00 +7.0417e-01 +2.6549e+00
904 0 +1.287292856e-02 -8.626712707e+01 -8.626712707e+01 -2.8034e+00 +2.4633e+00 +2.7462e+00 +1.3070e-01 +2.3306e+00 -3.4559e+00 -9.0615e-01 -1.7416e+00 +5.9308e-01 +2.5353e+00
1052 0 +1.241789011e-02 -8.626758211e+01 -8.626758211e+01 -2.2783e+00 +2.1414e+00 +2.8599e+00 +9.5645e-02 +2.1280e+00 -3.2234e+00 -1.2758e+00 -1.3511e+00 +5.2442e-01 +2.4743e+00
1059 0 +1.232882212e-02 -8.626767118e+01 -8.626767118e+01 -2.2616e+00 +2.4703e+00 +3.1624e+00 +3.2795e-01 +2.2580e+00 -3.4746e+00 -1.0580e+00 -1.9136e+00 +8.4801e-01 +2.3987e+00
1101 0 +8.898872145e-03 -8.627110113e+01 -8.627110113e+01 -2.6566e+00 +2.7645e+00 +2.9302e+00 +4.8225e-01 +2.4366e+00 -3.5445e+00 -1.2308e+00 -1.9046e+00 +1.1958e+00 +2.6569e+00
1107 0 +2.610504614e-03 -8.627738950e+01 -8.627738950e+01 -2.5030e+00 +2.6296e+00 +3.0761e+00 +3.7839e-01 +2.2481e+00 -3.3980e+00 -9.6313e-01 -1.7633e+00 +9.1072e-01 +2.3697e+00
1203 0 +1.121747946e-03 -8.627887825e+01 -8.627887825e+01 -2.4379e+00 +2.4645e+00 +3.1536e+00 +1.1214e-01 +2.3257e+00 -3.3814e+00 -1.1488e+00 -1.8967e+00 +9.4979e-01 +2.5478e+00
1204 0 +2.598710899e-04 -8.627974013e+01 -8.627974013e+01 -2.5771e+00 +2.4221e+00 +2.9662e+00 +3.5983e-01 +2.2502e+00 -3.4880e+00 -1.1805e+00 -1.6864e+00 +8.6194e-01 +2.5238e+00
1351 0 +2.231216539e-04 -8.627977688e+01 -8.627977688e+01 -2.5308e+00 +2.3120e+00 +3.0521e+00 +2.7771e-01 +2.2522e+00 -3.5808e+00 -1.2092e+00 -1.7298e+00 +8.0261e-01 +2.4772e+00
1454 0 +9.119300245e-05 -8.627990881e+01 -8.627990881e+01 -2.4073e+00 +2.3241e+00 +3.1156e+00 +1.8232e-01 +2.2125e+00 -3.5979e+00 -1.1152e+00 -1.7497e+00 +8.6168e-01 +2.4085e+00
1551 0 +3.353471749e-05 -8.627996647e+01 -8.627996647e+01 -2.5017e+00 +2.4869e+00 +3.0205e+00 +2.2952e-01 +2.3244e+00 -3.4287e+00 -1.1335e+00 -1.8321e+00 +9.1867e-01 +2.5028e+00
1601 0 +2.505178190e-05 -8.627997495e+01 -8.627997495e+01 -2.4356e+00 +2.4499e+00 +3.1088e+00 +2.4081e-01 +2.3280e+00 -3.5574e+00 -1.0903e+00 -1.8012e+00 +9.7951e-01 +2.4323e+00
1604 0 +1.042006174e-05 -8.627998958e+01 -8.627998958e+01 -2.4631e+00 +2.3629e+00 +3.0853e+00 +2.4305e-01 +2.2163e+00 -3.5214e+00 -1.1469e+00 -1.7653e+00 +8.3025e-01 +2.4405e+00
1657 0 +6.806977325e-06 -8.627999319e+01 -8.627999319e+01 -2.4476e+00 +2.4106e+00 +3.0909e+00 +2.6217e-01 +2.3090e+00 -3.5237e+00 -1.1273e+00 -1.7622e+00 +9.1462e-01 +2.4491e+00
1751 0 +6.617141693e-06 -8.627999338e+01 -8.627999338e+01 -2.4212e+00 +2.4154e+00 +3.1456e+00 +3.0015e-01 +2.2862e+00 -3.5888e+00 -1.1506e+00 -1.8146e+00 +9.9828e-01 +2.4513e+00
1752 0 +2.165105883e-06 -8.627999783e+01 -8.627999783e+01 -2.4373e+00 +2.4292e+00 +3.1088e+00 +2.6683e-01 +2.3107e+00 -3.5317e+00 -1.1479e+00 -1.8229e+00 +9.4694e-01 +2.4669e+00
1754 0 +1.618265372e-06 -8.627999838e+01 -8.627999838e+01 -2.4546e+00 +2.4044e+00 +3.0915e+00 +2.5482e-01 +2.2430e+00 -3.5067e+00 -1.1662e+00 -1.7693e+00 +8.7569e-01 +2.4673e+00
1851 0 +3.085316678e-07 -8.627999969e+01 -8.627999969e+01 -2.4614e+00 +2.4251e+00 +3.0781e+00 +2.4803e-01 +2.2890e+00 -3.5346e+00 -1.1423e+00 -1.7942e+00 +9.3560e-01 +2.4725e+00
1917 0 +1.776056848e-07 -8.627999982e+01 -8.627999982e+01 -2.4648e+00 +2.4319e+00 +3.0614e+00 +2.5673e-01 +2.2854e+00 -3.4985e+00 -1.1547e+00 -1.7821e+00 +8.9579e-01 +2.4842e+00
2030 0 +1.230598912e-07 -8.627999988e+01 -8.627999988e+01 -2.4524e+00 +2.4060e+00 +3.0464e+00 +2.4900e-01 +2.2754e+00 -3.5111e+00 -1.1598e+00 -1.7631e+00 +9.0025e-01 +2.4775e+00
% f evaluations | g evaluations | best noise-free fitness - Fopt (2.224000000000e+01) + sum g_i+ | measured fitness | best measured fitness or single-digit g-values | x1 | x2...
1 0 +6.491553111e+01 +8.715553111e+01 +8.715553111e+01 +5.9671e-01 -3.8264e-02 +7.4769e-01 +1.6230e+00 -1.3415e-01 -1.3414e-01 +1.6792e+00 +8.6743e-01 -3.6947e-01 +6.4256e-01
4 0 +5.504839947e+01 +7.728839947e+01 +7.728839947e+01 -5.0171e-01 +1.9523e+00 +8.6503e-02 -9.5771e-01 +9.2254e-01 -1.1208e+00 +3.0886e-01 -1.8597e+00 -1.2282e+00 +2.9686e-01
30 0 +5.460572863e+01 +7.684572863e+01 +7.684572863e+01 -1.0812e-01 -3.9300e-01 -4.8936e-01 +9.4960e-01 +4.5702e-01 -5.9291e-01 +9.9960e-01 +4.0730e-01 +9.1286e-01 +7.2963e-01
42 0 +3.699364666e+01 +5.923364666e+01 +5.923364666e+01 +8.1161e-01 -1.0246e+00 -1.4341e+00 +1.3777e+00 +4.3231e-01 -6.4849e-01 +1.6512e+00 +2.1567e-01 +1.2793e+00 +1.6752e-01
64 0 +3.317346651e+01 +5.541346651e+01 +5.541346651e+01 -8.1569e-01 +2.9641e-01 -2.3598e+00 +1.2073e+00 +2.1110e+00 +1.0070e+00 +2.4395e+00 -1.2045e+00 +1.1180e+00 +3.0313e-01
106 0 +1.801045362e+01 +4.025045362e+01 +4.025045362e+01 +2.9389e+00 +2.3846e+00 -8.0172e-01 +6.7837e-02 +3.4704e+00 -3.3169e+00 +8.5427e-01 -2.7631e+00 -1.4539e+00 -1.5775e+00
251 0 +1.674027247e+01 +3.898027247e+01 +3.898027247e+01 +4.1046e+00 +2.5759e+00 -1.2262e+00 +6.1292e-01 +2.4428e+00 -2.2955e+00 +4.2770e+00 -4.1407e+00 -1.9867e+00 -1.1965e+00
351 0 +9.523847463e+00 +3.176384746e+01 +3.176384746e+01 +2.4870e+00 +2.6158e+00 -1.1946e+00 +2.7946e+00 +2.6458e+00 -1.1474e+00 +2.1265e+00 -4.0159e+00 -2.8806e+00 -2.3390e+00
352 0 +8.737442993e+00 +3.097744299e+01 +3.097744299e+01 +4.4513e+00 +2.7130e+00 -1.1440e+00 +3.1892e+00 +2.5490e+00 -1.6575e+00 +2.7273e+00 -3.1640e+00 -3.0119e+00 -1.4446e+00
502 0 +8.321267964e+00 +3.056126796e+01 +3.056126796e+01 +2.6957e+00 +2.9150e+00 -1.7989e+00 +2.1844e+00 +7.9362e-01 -2.0075e+00 +3.0990e+00 -3.2181e+00 -3.1382e+00 -1.6208e+00
504 0 +7.588086890e+00 +2.982808689e+01 +2.982808689e+01 +4.0134e+00 +2.0084e+00 -1.5484e+00 +1.3227e+00 +3.6151e+00 -2.6170e+00 +2.6860e+00 -3.3466e+00 -3.3766e+00 -2.8585e+00
551 0 +3.156260584e+00 +2.539626058e+01 +2.539626058e+01 +2.7692e+00 +2.2792e+00 -4.8570e-01 +1.1727e+00 +2.2976e+00 -2.0713e+00 +2.1995e+00 -3.1587e+00 -2.0349e+00 -2.0426e+00
601 0 +2.823082343e+00 +2.506308234e+01 +2.506308234e+01 +2.8017e+00 +1.4922e+00 -7.5485e-01 +2.3486e+00 +2.5923e+00 -2.3535e+00 +2.3571e+00 -3.1907e+00 -2.4044e+00 -1.2725e+00
602 0 +2.692965112e+00 +2.493296511e+01 +2.493296511e+01 +3.0735e+00 +2.9648e+00 -4.1729e-01 +1.8539e+00 +2.3654e+00 -2.4547e+00 +2.5770e+00 -2.7872e+00 -2.4532e+00 -1.2401e+00
603 0 +2.559039725e+00 +2.479903973e+01 +2.479903973e+01 +2.5529e+00 +1.8235e+00 -1.1916e+00 +1.5119e+00 +2.8051e+00 -2.7052e+00 +1.8042e+00 -1.6238e+00 -2.6161e+00 -1.7286e+00
606 0 +2.468147702e+00 +2.470814770e+01 +2.470814770e+01 +3.1311e+00 +2.1838e+00 -1.8635e+00 +8.2602e-01 +2.2055e+00 -2.8893e+00 +2.6177e+00 -1.5770e+00 -2.9745e+00 -1.8059e+00
651 0 +2.127560503e+00 +2.436756050e+01 +2.436756050e+01 +2.8509e+00 +2.8859e+00 -1.3991e+00 +1.6812e+00 +3.0809e+00 -2.6055e+00 +2.8453e+00 -2.8123e+00 -3.1465e+00 -1.9312e+00
652 0 +2.010036921e+00 +2.425003692e+01 +2.425003692e+01 +3.3588e+00 +2.4455e+00 -1.8671e+00 +1.8411e+00 +2.1391e+00 -2.4196e+00 +2.5122e+00 -2.3406e+00 -2.2375e+00 -1.7836e+00
701 0 +1.449453620e+00 +2.368945362e+01 +2.368945362e+01 +3.1301e+00 +2.2978e+00 -1.1061e+00 +1.9002e+00 +2.3158e+00 -2.2714e+00 +2.1103e+00 -2.7005e+00 -2.9838e+00 -1.6610e+00
702 0 +1.338670796e+00 +2.357867080e+01 +2.357867080e+01 +3.1329e+00 +2.0296e+00 -1.2906e+00 +1.6758e+00 +1.9871e+00 -2.4744e+00 +2.4324e+00 -2.0997e+00 -2.6932e+00 -1.6891e+00
901 0 +9.348307537e-01 +2.317483075e+01 +2.317483075e+01 +3.3687e+00 +2.3823e+00 -1.3836e+00 +1.5973e+00 +2.6217e+00 -2.3373e+00 +2.3717e+00 -2.5400e+00 -2.8681e+00 -1.8056e+00
1001 0 +8.903430741e-01 +2.313034307e+01 +2.313034307e+01 +3.3425e+00 +2.2298e+00 -1.2426e+00 +1.5393e+00 +2.5905e+00 -2.5831e+00 +2.7707e+00 -2.4331e+00 -2.9185e+00 -1.7725e+00
1101 0 +8.355900840e-01 +2.307559008e+01 +2.307559008e+01 +3.1878e+00 +2.2239e+00 -1.0214e+00 +1.4499e+00 +2.4966e+00 -2.5943e+00 +2.5522e+00 -2.4917e+00 -2.8823e+00 -1.6141e+00
1151 0 +7.838084782e-01 +2.302380848e+01 +2.302380848e+01 +3.1255e+00 +2.1496e+00 -1.2215e+00 +1.6244e+00 +2.5572e+00 -2.3910e+00 +2.3949e+00 -2.6188e+00 -2.6670e+00 -1.7443e+00
1201 0 +7.397573234e-01 +2.297975732e+01 +2.297975732e+01 +3.0605e+00 +2.1892e+00 -1.2389e+00 +1.5497e+00 +2.5361e+00 -2.4482e+00 +2.4878e+00 -2.5755e+00 -2.7837e+00 -1.6647e+00
1301 0 +7.035897262e-01 +2.294358973e+01 +2.294358973e+01 +3.1182e+00 +2.1631e+00 -1.2298e+00 +1.5302e+00 +2.5228e+00 -2.4900e+00 +2.5303e+00 -2.5006e+00 -2.7214e+00 -1.7503e+00
1601 0 +7.009107966e-01 +2.294091080e+01 +2.294091080e+01 +3.0618e+00 +2.1489e+00 -1.2051e+00 +1.4997e+00 +2.4970e+00 -2.4999e+00 +2.5196e+00 -2.4836e+00 -2.7390e+00 -1.7854e+00
1651 0 +6.973472105e-01 +2.293734721e+01 +2.293734721e+01 +3.1324e+00 +2.2034e+00 -1.2000e+00 +1.5387e+00 +2.4398e+00 -2.5038e+00 +2.5297e+00 -2.5008e+00 -2.7415e+00 -1.7820e+00
1701 0 +6.951972804e-01 +2.293519728e+01 +2.293519728e+01 +3.0847e+00 +2.1964e+00 -1.1945e+00 +1.5819e+00 +2.4684e+00 -2.5036e+00 +2.5561e+00 -2.4751e+00 -2.7828e+00 -1.7896e+00
1751 0 +6.948005250e-01 +2.293480053e+01 +2.293480053e+01 +3.0722e+00 +2.1945e+00 -1.2360e+00 +1.5406e+00 +2.4668e+00 -2.4861e+00 +2.5340e+00 -2.4692e+00 -2.7944e+00 -1.8262e+00
1851 0 +6.934313237e-01 +2.293343132e+01 +2.293343132e+01 +3.1040e+00 +2.1855e+00 -1.2175e+00 +1.5212e+00 +2.4670e+00 -2.4954e+00 +2.5490e+00 -2.4774e+00 -2.7685e+00 -1.7871e+00
1951 0 +6.925376345e-01 +2.293253763e+01 +2.293253763e+01 +3.0999e+00 +2.1747e+00 -1.2186e+00 +1.5581e+00 +2.4709e+00 -2.4903e+00 +2.5401e+00 -2.4581e+00 -2.7798e+00 -1.7991e+00
2051 0 +6.921924671e-01 +2.293219247e+01 +2.293219247e+01 +3.0927e+00 +2.1768e+00 -1.2269e+00 +1.5534e+00 +2.4520e+00 -2.4885e+00 +2.5410e+00 -2.4594e+00 -2.7679e+00 -1.8086e+00
2151 0 +6.921199552e-01 +2.293211996e+01 +2.293211996e+01 +3.1010e+00 +2.1810e+00 -1.2308e+00 +1.5475e+00 +2.4573e+00 -2.4987e+00 +2.5420e+00 -2.4696e+00 -2.7662e+00 -1.7947e+00
2201 0 +6.920887785e-01 +2.293208878e+01 +2.293208878e+01 +3.0900e+00 +2.1865e+00 -1.2232e+00 +1.5517e+00 +2.4512e+00 -2.4906e+00 +2.5406e+00 -2.4647e+00 -2.7641e+00 -1.7927e+00
2251 0 +6.920431553e-01 +2.293204316e+01 +2.293204316e+01 +3.0983e+00 +2.1809e+00 -1.2236e+00 +1.5582e+00 +2.4609e+00 -2.4929e+00 +2.5463e+00 -2.4684e+00 -2.7675e+00 -1.7963e+00
2301 0 +6.919803999e-01 +2.293198040e+01 +2.293198040e+01 +3.0933e+00 +2.1817e+00 -1.2191e+00 +1.5458e+00 +2.4497e+00 -2.4986e+00 +2.5424e+00 -2.4656e+00 -2.7653e+00 -1.8032e+00
2351 0 +6.919702924e-01 +2.293197029e+01 +2.293197029e+01 +3.0973e+00 +2.1816e+00 -1.2194e+00 +1.5508e+00 +2.4636e+00 -2.5010e+00 +2.5422e+00 -2.4698e+00 -2.7638e+00 -1.8052e+00
2401 0 +6.919387500e-01 +2.293193875e+01 +2.293193875e+01 +3.0984e+00 +2.1841e+00 -1.2213e+00 +1.5576e+00 +2.4595e+00 -2.4937e+00 +2.5381e+00 -2.4656e+00 -2.7593e+00 -1.8040e+00
% f evaluations | g evaluations | best noise-free fitness - Fopt (-2.301000000000e+01) + sum g_i+ | measured fitness | best measured fitness or single-digit g-values | x1 | x2...
1 0 +7.403425837e+01 +5.102425837e+01 +5.102425837e+01 +5.9671e-01 -3.8264e-02 +7.4769e-01 +1.6230e+00 -1.3415e-01 -1.3414e-01 +1.6792e+00 +8.6743e-01 -3.6947e-01 +6.4256e-01
3 0 +7.183229914e+01 +4.882229914e+01 +4.882229914e+01 +1.5656e+00 -1.2578e-01 +1.6753e-01 -1.3247e+00 -4.4438e-01 +2.1092e-01 -1.0510e+00 +4.7570e-01 -5.0064e-01 -1.9169e-01
6 0 +6.974791706e+01 +4.673791706e+01 +4.673791706e+01 +4.2408e-01 -2.8508e-01 -5.7692e-01 +7.1168e-01 +1.1310e+00 +1.0313e+00 -7.3922e-01 -2.0921e-01 +4.3126e-01 +1.0755e+00
15 0 +5.924629726e+01 +3.623629726e+01 +3.623629726e+01 +3.2746e-01 +1.4071e+00 -1.5075e+00 +2.8463e-01 +3.5988e-01 +8.8182e-01 -1.1370e+00 -1.2205e+00 +6.2194e-01 +3.9698e-01
44 0 +5.409738206e+01 +3.108738206e+01 +3.108738206e+01 -1.0833e+00 -1.9392e+00 -1.6941e-01 +8.1754e-01 +1.6024e+00 +1.7409e-01 +1.7286e+00 -1.2801e+00 -1.6034e+00 +4.4452e-02
45 0 +4.758763909e+01 +2.457763909e+01 +2.457763909e+01 +4.8407e-01 +6.7305e-02 -1.9674e+00 +1.0880e-02 -1.2045e+00 +7.6967e-01 +4.6660e-01 -8.3988e-01 -4.1387e-01 -9.5921e-01
70 0 +3.906192012e+01 +1.605192012e+01 +1.605192012e+01 -1.4249e+00 -3.1847e-01 -3.1568e+00 +1.5664e+00 +1.6752e+00 -1.0341e+00 +1.6235e+00 -2.8493e-01 +2.4036e+00 +1.8385e+00
223 0 +2.626646915e+01 +3.256469154e+00 +3.256469154e+00 -4.0900e+00 +3.0310e-01 -1.2399e+00 +5.9091e-01 +3.1430e+00 -2.1387e+00 +2.7513e+00 +3.4085e+00 +2.6351e+00 +1.6176e-01
252 0 +2.010513574e+01 -2.904864263e+00 -2.904864263e+00 -2.8153e+00 -1.3223e+00 -3.3586e+00 -1.5209e+00 +3.0283e+00 -8.6199e-01 +1.2503e+00 +2.2168e+00 +2.7903e+00 +8.4337e-01
257 0 +1.604630224e+01 -6.963697760e+00 -6.963697760e+00 -2.9710e+00 +2.0059e-01 -2.4286e+00 +3.3230e-01 +4.1450e+00 -1.0437e+00 +3.4363e+00 +9.0678e-01 +4.4808e+00 +2.0635e+00
260 0 +1.011783188e+01 -1.289216812e+01 -1.289216812e+01 -3.9821e+00 +6.2686e-01 -2.1191e+00 -5.0425e-01 +3.9394e+00 -4.0812e-01 +4.7708e+00 +8.1230e-01 +3.0833e+00 +2.5080e+00
501 0 +7.830562356e+00 -1.517943764e+01 -1.517943764e+01 -4.2304e+00 +4.6984e-01 -2.2786e+00 -1.0754e+00 +3.4788e+00 -1.8465e+00 +2.9238e+00 +2.0122e+00 +3.5133e+00 +2.2631e+00
551 0 +3.739459513e+00 -1.927054049e+01 -1.927054049e+01 -3.4538e+00 -9.3904e-02 -1.6225e+00 -7.2448e-02 +3.4512e+00 -1.6774e+00 +3.8945e+00 +1.5525e+00 +3.3219e+00 +2.4843e+00
651 0 +2.655307651e+00 -2.035469235e+01 -2.035469235e+01 -3.7270e+00 +9.8640e-01 -2.0007e+00 +2.9966e-01 +4.1309e+00 -1.9882e+00 +3.1989e+00 +1.5675e+00 +3.4815e+00 +2.0137e+00
801 0 +2.343434691e+00 -2.066656531e+01 -2.066656531e+01 -3.3314e+00 +5.1609e-01 -1.8299e+00 +1.6178e-01 +4.1787e+00 -1.9459e+00 +3.9725e+00 +2.1150e+00 +3.1489e+00 +1.9410e+00
851 0 +2.088247112e+00 -2.092175289e+01 -2.092175289e+01 -3.4263e+00 +3.7772e-01 -2.0792e+00 +4.1279e-01 +3.5081e+00 -1.6592e+00 +3.7143e+00 +1.8269e+00 +3.1203e+00 +1.6037e+00
901 0 +2.032184417e+00 -2.097781558e+01 -2.097781558e+01 -3.5717e+00 +4.2411e-01 -1.6953e+00 +9.8062e-02 +3.5685e+00 -1.8104e+00 +3.6589e+00 +1.6350e+00 +3.0951e+00 +1.7274e+00
1104 0 +2.025783642e+00 -2.098421636e+01 -2.098421636e+01 -3.7397e+00 +3.8161e-01 -1.7609e+00 +2.4636e-01 +3.9951e+00 -1.5314e+00 +3.9518e+00 +1.7100e+00 +3.1794e+00 +1.9156e+00
1201 0 +2.025539153e+00 -2.098446085e+01 -2.098446085e+01 -3.5501e+00 +5.0809e-01 -1.8396e+00 +3.9125e-01 +3.6702e+00 -1.8890e+00 +4.0130e+00 +1.7244e+00 +3.2470e+00 +1.9046e+00
1203 0 +2.009864964e+00 -2.100013504e+01 -2.100013504e+01 -3.6585e+00 +4.6599e-01 -1.6609e+00 +1.6457e-01 +3.7802e+00 -1.8968e+00 +3.6912e+00 +1.6582e+00 +3.3215e+00 +1.8907e+00
1304 0 +2.009031115e+00 -2.100096889e+01 -2.100096889e+01 -3.5450e+00 +4.9086e-01 -1.8191e+00 +9.3884e-02 +3.8842e+00 -1.8161e+00 +3.8042e+00 +1.6486e+00 +3.2314e+00 +1.8344e+00
1351 0 +2.005002751e+00 -2.100499725e+01 -2.100499725e+01 -3.6401e+00 +5.6464e-01 -1.6239e+00 +1.7207e-01 +3.8990e+00 -1.8611e+00 +3.7554e+00 +1.6820e+00 +3.1321e+00 +1.8499e+00
1501 0 +2.002862694e+00 -2.100713731e+01 -2.100713731e+01 -3.6201e+00 +4.5965e-01 -1.6949e+00 +1.2867e-01 +3.8721e+00 -1.7556e+00 +3.6592e+00 +1.6355e+00 +3.1474e+00 +1.8429e+00
1551 0 +2.001836705e+00 -2.100816329e+01 -2.100816329e+01 -3.6523e+00 +5.4259e-01 -1.6828e+00 +1.0349e-01 +3.9727e+00 -1.7832e+00 +3.7592e+00 +1.5979e+00 +3.1901e+00 +1.8315e+00
1601 0 +2.001818097e+00 -2.100818190e+01 -2.100818190e+01 -3.7051e+00 +5.2765e-01 -1.6324e+00 +1.5501e-01 +3.9132e+00 -1.8441e+00 +3.7043e+00 +1.5660e+00 +3.2409e+00 +1.8741e+00
1651 0 +2.000070278e+00 -2.100992972e+01 -2.100992972e+01 -3.6774e+00 +5.1664e-01 -1.7355e+00 +1.3331e-01 +3.8748e+00 -1.7885e+00 +3.7259e+00 +1.5974e+00 +3.1985e+00 +1.8715e+00
1751 0 +1.999803300e+00 -2.101019670e+01 -2.101019670e+01 -3.6755e+00 +5.3784e-01 -1.6837e+00 +1.4127e-01 +3.9156e+00 -1.8066e+00 +3.7674e+00 +1.5995e+00 +3.1964e+00 +1.8696e+00
1851 0 +1.999770038e+00 -2.101022996e+01 -2.101022996e+01 -3.6569e+00 +5.0894e-01 -1.7168e+00 +1.2552e-01 +3.8993e+00 -1.7605e+00 +3.7367e+00 +1.6041e+00 +3.1740e+00 +1.8559e+00
1901 0 +1.999745164e+00 -2.101025484e+01 -2.101025484e+01 -3.6952e+00 +5.2601e-01 -1.6886e+00 +1.2744e-01 +3.8912e+00 -1.7775e+00 +3.7471e+00 +1.6276e+00 +3.1858e+00 +1.8683e+00
1951 0 +1.999643844e+00 -2.101035616e+01 -2.101035616e+01 -3.6791e+00 +5.3861e-01 -1.7090e+00 +1.4499e-01 +3.8943e+00 -1.7875e+00 +3.7479e+00 +1.6286e+00 +3.1998e+00 +1.8691e+00
2001 0 +1.999558096e+00 -2.101044190e+01 -2.101044190e+01 -3.6867e+00 +5.2765e-01 -1.6895e+00 +1.2894e-01 +3.9148e+00 -1.7771e+00 +3.7462e+00 +1.6232e+00 +3.1945e+00 +1.8811e+00
2101 0 +1.999447369e+00 -2.101055263e+01 -2.101055263e+01 -3.6830e+00 +5.3237e-01 -1.6945e+00 +1.4224e-01 +3.9049e+00 -1.7912e+00 +3.7545e+00 +1.6234e+00 +3.2039e+00 +1.8707e+00
2151 0 +1.999434445e+00 -2.101056555e+01 -2.101056555e+01 -3.6846e+00 +5.2420e-01 -1.6861e+00 +1.3656e-01 +3.9132e+00 -1.7937e+00 +3.7445e+00 +1.6149e+00 +3.1986e+00 +1.8674e+00
2201 0 +1.999426751e+00 -2.101057325e+01 -2.101057325e+01 -3.6767e+00 +5.3319e-01 -1.6971e+00 +1.2918e-01 +3.9040e+00 -1.7934e+00 +3.7476e+00 +1.6144e+00 +3.2025e+00 +1.8728e+00
2301 0 +1.999403138e+00 -2.101059686e+01 -2.101059686e+01 -3.6744e+00 +5.2935e-01 -1.6884e+00 +1.2974e-01 +3.9068e+00 -1.7937e+00 +3.7416e+00 +1.6091e+00 +3.1935e+00 +1.8695e+00
2401 0 +1.999391630e+00 -2.101060837e+01 -2.101060837e+01 -3.6769e+00 +5.2673e-01 -1.6913e+00 +1.3002e-01 +3.9080e+00 -1.7911e+00 +3.7495e+00 +1.6163e+00 +3.2010e+00 +1.8729e+00
% f evaluations | g evaluations | best noise-free fitness - Fopt (-3.323700000000e+02) + sum g_i+ | measured fitness | best measured fitness or single-digit g-values | x1 | x2...
1 0 +7.216841931e+01 -2.602015807e+02 -2.602015807e+02 +5.9671e-01 -3.8264e-02 +7.4769e-01 +1.6230e+00 -1.3415e-01 -1.3414e-01 +1.6792e+00 +8.6743e-01 -3.6947e-01 +6.4256e-01
4 0 +6.564731481e+01 -2.667226852e+02 -2.667226852e+02 -5.0171e-01 +1.9523e+00 +8.6503e-02 -9.5771e-01 +9.2254e-01 -1.1208e+00 +3.0886e-01 -1.8597e+00 -1.2282e+00 +2.9686e-01
22 0 +6.228837157e+01 -2.700816284e+02 -2.700816284e+02 +6.7089e-01 +1.2356e+00 +1.0540e+00 +7.5139e-01 -2.1527e-01 +8.5897e-01 -6.7283e-01 -1.3682e-01 -3.8536e-01 +1.8187e-01
36 0 +5.414061986e+01 -2.782293801e+02 -2.782293801e+02 +4.1091e-01 +1.5754e+00 +9.5766e-01 -5.9939e-02 +8.0984e-02 -9.0253e-01 +8.1487e-02 -1.8866e-01 +4.2272e-01 -7.2723e-01
51 0 +2.504520508e+01 -3.073247949e+02 -3.073247949e+02 +1.0624e+00 +1.8509e+00 +1.8288e+00 -5.8716e-01 -3.3494e-01 -1.1085e+00 -2.6507e-02 -7.4168e-01 -1.0007e+00 +5.2568e-01
97 0 +1.880505032e+01 -3.135649497e+02 -3.135649497e+02 +1.1860e+00 +3.0472e+00 +3.4672e-01 +8.0116e-01 +1.5324e+00 -3.7790e-01 -9.6165e-01 -2.1925e+00 +1.5837e-01 -8.5959e-01
103 0 +1.238414173e+01 -3.199858583e+02 -3.199858583e+02 +2.0470e+00 +2.1301e+00 +3.6514e-01 -3.8382e-01 +8.0631e-01 -1.9792e+00 -2.2906e-02 -2.4191e+00 +5.4905e-01 -1.4912e+00
351 0 +8.669090139e+00 -3.237009099e+02 -3.237009099e+02 +1.1915e+00 +1.4284e+00 +2.0319e-01 -7.8981e-02 +1.3586e+00 -2.6386e+00 +4.2233e-01 -1.6182e+00 +2.1290e-01 -1.2365e+00
405 0 +8.278117560e+00 -3.240918824e+02 -3.240918824e+02 +1.1803e+00 +2.5633e+00 +1.1776e+00 +2.4694e-01 +1.7123e+00 -3.2968e+00 +1.0136e+00 -2.3131e+00 -1.1849e+00 -2.2780e+00
409 0 +7.338744164e+00 -3.250312558e+02 -3.250312558e+02 +7.5166e-01 +2.0839e+00 +5.3078e-01 +1.4223e+00 +3.1157e+00 -2.9814e+00 +3.3577e-01 -3.0723e+00 -9.9354e-01 -2.5701e+00
461 0 +7.064107533e+00 -3.253058925e+02 -3.253058925e+02 +1.5037e+00 +1.3935e+00 +1.6174e+00 -6.4374e-01 +1.6947e+00 -2.2617e+00 +3.4961e-01 -4.2152e+00 -1.0007e+00 -1.8530e+00
501 0 +3.889316392e+00 -3.284806836e+02 -3.284806836e+02 +1.8298e+00 +2.2959e+00 +9.8028e-01 -4.0672e-01 +1.4103e+00 -3.3437e+00 +6.9550e-01 -3.6402e+00 +7.9501e-01 -3.0879e+00
651 0 +3.559880637e+00 -3.288101194e+02 -3.288101194e+02 +1.9130e+00 +1.1538e+00 +9.9641e-01 +1.9754e-01 +1.3859e+00 -3.4375e+00 +1.8705e+00 -3.6738e+00 +5.4113e-01 -2.6282e+00
653 0 +2.708004482e+00 -3.296619955e+02 -3.296619955e+02 +1.1711e+00 +2.1906e+00 +1.0211e+00 +1.3067e+00 +2.4136e+00 -2.1862e+00 -3.8822e-01 -4.0842e+00 +9.3930e-01 -2.7846e+00
701 0 +1.200365508e+00 -3.311696345e+02 -3.311696345e+02 +2.0086e+00 +7.5498e-01 +2.0612e-01 +1.5694e-01 +2.4376e+00 -2.4662e+00 +9.3434e-01 -3.9505e+00 -3.5224e-01 -1.9913e+00
1057 0 +9.966038560e-01 -3.313733961e+02 -3.313733961e+02 +1.6445e+00 +7.4624e-01 +1.6825e-01 -7.1562e-02 +2.8415e+00 -1.9765e+00 +1.3201e-01 -3.9237e+00 -5.6696e-01 -1.5819e+00
1156 0 +9.573036331e-01 -3.314126964e+02 -3.314126964e+02 +1.7965e+00 +8.2139e-01 +2.3934e-01 -3.0017e-02 +2.5905e+00 -2.1991e+00 +2.8566e-01 -4.0042e+00 -1.7373e-01 -1.7623e+00
1201 0 +8.402584019e-01 -3.315297416e+02 -3.315297416e+02 +1.7131e+00 +7.9078e-01 +2.4706e-01 +8.6202e-02 +2.7150e+00 -2.0632e+00 +3.4276e-01 -4.0321e+00 -5.6287e-01 -1.6955e+00
1401 0 +7.797586798e-01 -3.315902413e+02 -3.315902413e+02 +1.6819e+00 +5.6670e-01 -1.9897e-01 +2.3245e-01 +3.2686e+00 -1.8569e+00 +7.5603e-02 -3.8340e+00 -6.6098e-01 -1.4332e+00
1402 0 +7.580454651e-01 -3.316119545e+02 -3.316119545e+02 +1.7008e+00 +6.4756e-01 -1.4268e-01 +1.9631e-01 +3.1938e+00 -1.8762e+00 +2.9794e-01 -3.9321e+00 -7.7574e-01 -1.6302e+00
1403 0 +7.550617661e-01 -3.316149382e+02 -3.316149382e+02 +1.7047e+00 +7.2596e-01 -5.1884e-02 +1.5327e-01 +3.0962e+00 -2.1565e+00 +3.1914e-01 -3.7481e+00 -7.8581e-01 -1.6371e+00
1486 0 +7.501066730e-01 -3.316198933e+02 -3.316198933e+02 +1.6988e+00 +3.2451e-01 -1.0549e-01 +1.7795e-01 +3.3063e+00 -1.7039e+00 +1.2416e-01 -3.8374e+00 -1.1363e+00 -1.2968e+00
1501 0 +7.413537456e-01 -3.316286463e+02 -3.316286463e+02 +1.8589e+00 +4.3025e-01 -2.6796e-01 +4.3973e-02 +3.3748e+00 -1.9431e+00 +2.9803e-01 -3.8993e+00 -9.9799e-01 -1.4988e+00
1503 0 +7.163467977e-01 -3.316536532e+02 -3.316536532e+02 +1.7394e+00 +6.7072e-01 -1.2070e-01 +2.9832e-01 +3.2732e+00 -1.9702e+00 +3.2126e-01 -3.8831e+00 -8.0388e-01 -1.6935e+00
1509 0 +7.158624680e-01 -3.316541375e+02 -3.316541375e+02 +1.6929e+00 +6.2375e-01 -1.1699e-01 +2.1279e-01 +3.1780e+00 -1.8560e+00 +6.8024e-02 -3.9278e+00 -6.9779e-01 -1.5659e+00
1702 0 +7.104961392e-01 -3.316595039e+02 -3.316595039e+02 +1.6770e+00 +4.3062e-01 -2.0911e-01 +1.7182e-01 +3.3129e+00 -1.7719e+00 +1.2148e-01 -3.8082e+00 -9.7298e-01 -1.3736e+00
1705 0 +7.100231321e-01 -3.316599769e+02 -3.316599769e+02 +1.6565e+00 +6.3090e-01 -8.9197e-02 +2.1195e-01 +3.2290e+00 -1.9750e+00 +2.2742e-01 -3.8186e+00 -8.8270e-01 -1.5747e+00
1751 0 +6.974784552e-01 -3.316725215e+02 -3.316725215e+02 +1.7659e+00 +3.9290e-01 -2.3990e-01 +1.2834e-01 +3.3910e+00 -1.8983e+00 +2.3582e-01 -3.9242e+00 -1.0086e+00 -1.4604e+00
1902 0 +6.961741510e-01 -3.316738258e+02 -3.316738258e+02 +1.6982e+00 +5.5380e-01 -1.3996e-01 +2.1251e-01 +3.2673e+00 -1.8529e+00 +1.4387e-01 -3.8736e+00 -8.5714e-01 -1.5186e+00
1951 0 +6.952607942e-01 -3.316747392e+02 -3.316747392e+02 +1.7136e+00 +4.9033e-01 -1.6196e-01 +1.5113e-01 +3.3002e+00 -1.9254e+00 +1.8550e-01 -3.8625e+00 -9.1484e-01 -1.4883e+00
2001 0 +6.939494939e-01 -3.316760505e+02 -3.316760505e+02 +1.7392e+00 +4.6764e-01 -2.0206e-01 +1.5307e-01 +3.3593e+00 -1.9085e+00 +2.1530e-01 -3.8773e+00 -9.6145e-01 -1.5046e+00
2051 0 +6.934507670e-01 -3.316765492e+02 -3.316765492e+02 +1.7324e+00 +4.9239e-01 -1.9864e-01 +1.6550e-01 +3.3412e+00 -1.8941e+00 +1.8768e-01 -3.8780e+00 -9.1893e-01 -1.5211e+00
2101 0 +6.933432754e-01 -3.316766567e+02 -3.316766567e+02 +1.7327e+00 +5.1644e-01 -1.3031e-01 +1.6109e-01 +3.2514e+00 -1.9008e+00 +2.0292e-01 -3.9036e+00 -8.8232e-01 -1.5246e+00
2151 0 +6.928939935e-01 -3.316771060e+02 -3.316771060e+02 +1.7583e+00 +5.0088e-01 -1.5649e-01 +1.4824e-01 +3.2583e+00 -1.9463e+00 +2.6997e-01 -3.9163e+00 -8.8052e-01 -1.5476e+00
2153 0 +6.928830310e-01 -3.316771170e+02 -3.316771170e+02 +1.7367e+00 +4.8716e-01 -1.7107e-01 +1.4857e-01 +3.2944e+00 -1.8929e+00 +1.9208e-01 -3.9010e+00 -8.8218e-01 -1.5058e+00
2156 0 +6.928375060e-01 -3.316771625e+02 -3.316771625e+02 +1.7352e+00 +5.4231e-01 -1.4000e-01 +1.9022e-01 +3.2549e+00 -1.9240e+00 +2.2777e-01 -3.8957e+00 -8.4422e-01 -1.5592e+00
2201 0 +6.927748385e-01 -3.316772252e+02 -3.316772252e+02 +1.7372e+00 +5.4082e-01 -1.2612e-01 +1.6677e-01 +3.2359e+00 -1.9439e+00 +2.3065e-01 -3.9016e+00 -8.3792e-01 -1.5596e+00
2202 0 +6.927470798e-01 -3.316772529e+02 -3.316772529e+02 +1.7545e+00 +4.7981e-01 -1.7141e-01 +1.6179e-01 +3.2908e+00 -1.9042e+00 +2.2412e-01 -3.9109e+00 -8.9100e-01 -1.5095e+00
2203 0 +6.924960122e-01 -3.316775040e+02 -3.316775040e+02 +1.7381e+00 +5.2866e-01 -1.6613e-01 +1.6974e-01 +3.2891e+00 -1.9225e+00 +2.0832e-01 -3.8817e+00 -8.7111e-01 -1.5464e+00
2251 0 +6.924182814e-01 -3.316775817e+02 -3.316775817e+02 +1.7434e+00 +5.2097e-01 -1.8077e-01 +1.6889e-01 +3.3031e+00 -1.9146e+00 +2.1011e-01 -3.9029e+00 -8.6730e-01 -1.5441e+00
2351 0 +6.922544221e-01 -3.316777456e+02 -3.316777456e+02 +1.7361e+00 +5.3032e-01 -1.6758e-01 +1.7449e-01 +3.2902e+00 -1.9229e+00 +2.0802e-01 -3.9034e+00 -8.6075e-01 -1.5482e+00
2352 0 +6.922202291e-01 -3.316777798e+02 -3.316777798e+02 +1.7375e+00 +5.1425e-01 -1.6425e-01 +1.6730e-01 +3.2805e+00 -1.9213e+00 +2.1060e-01 -3.8919e+00 -8.6434e-01 -1.5292e+00
2401 0 +6.920455902e-01 -3.316779544e+02 -3.316779544e+02 +1.7331e+00 +5.0483e-01 -1.8077e-01 +1.6456e-01 +3.3063e+00 -1.9196e+00 +2.0886e-01 -3.8950e+00 -8.8336e-01 -1.5338e+00
2451 0 +6.919966986e-01 -3.316780033e+02 -3.316780033e+02 +1.7362e+00 +5.0114e-01 -1.7037e-01 +1.6113e-01 +3.2921e+00 -1.9225e+00 +2.1999e-01 -3.8970e+00 -8.8502e-01 -1.5261e+00
% f evaluations | g evaluations | best noise-free fitness - Fopt (-1.231300000000e+02) + sum g_i+ | measured fitness | best measured fitness or single-digit g-values | x1 | x2...
1 0 +7.605684458e+01 -4.707315542e+01 -4.707315542e+01 +5.9671e-01 -3.8264e-02 +7.4769e-01 +1.6230e+00 -1.3415e-01 -1.3414e-01 +1.6792e+00 +8.6743e-01 -3.6947e-01 +6.4256e-01
2 0 +7.073819371e+01 -5.239180629e+01 -5.239180629e+01 -3.6342e-01 -3.6573e-01 +3.4196e-01 -1.8133e+00 -1.6249e+00 -4.6229e-01 -9.1283e-01 +4.1425e-01 -8.0802e-01 -1.3123e+00
3 0 +6.989693907e+01 -5.323306093e+01 -5.323306093e+01 +1.5656e+00 -1.2578e-01 +1.6753e-01 -1.3247e+00 -4.4438e-01 +2.1092e-01 -1.0510e+00 +4.7570e-01 -5.0064e-01 -1.9169e-01
5 0 +6.735742550e+01 -5.577257450e+01 -5.577257450e+01 +8.3847e-01 +2.7137e-01 -1.5648e-02 -2.0110e-01 -1.3785e+00 -6.1984e-01 -3.6064e-01 +1.1571e+00 +4.4362e-01 -1.6630e+00
10 0 +6.729923507e+01 -5.583076493e+01 -5.583076493e+01 +1.9708e-01 +1.0686e+00 -6.0205e-01 -2.2766e-01 -2.9211e-01 -1.3635e+00 +3.9612e-01 +3.6106e-01 +1.0511e-01 -1.3459e-01
19 0 +5.143825746e+01 -7.169174254e+01 -7.169174254e+01 +7.2567e-01 -7.5716e-01 -9.7089e-01 +5.8247e-01 -1.2346e-01 +8.1400e-01 +5.7324e-01 +2.7171e-02 -7.4679e-01 -1.4148e+00
45 0 +3.847004870e+01 -8.465995130e+01 -8.465995130e+01 +4.8407e-01 +6.7305e-02 -1.9674e+00 +1.0880e-02 -1.2045e+00 +7.6967e-01 +4.6660e-01 -8.3988e-01 -4.1387e-01 -9.5921e-01
52 0 +3.254073500e+01 -9.058926500e+01 -9.058926500e+01 -1.2911e-01 -8.2565e-03 -6.6046e-01 +1.1469e+00 +4.4859e-01 -5.3835e-01 +2.1416e-01 -1.9085e+00 -5.0171e-01 -4.9082e-01
101 0 +1.709294494e+01 -1.060370551e+02 -1.060370551e+02 +1.4730e+00 -2.8369e-01 -2.6952e+00 +3.2425e-01 -8.3157e-01 +5.3934e-01 +2.6938e-01 -1.5129e+00 +7.5203e-01 -2.1793e+00
170 0 +1.244070378e+01 -1.106892962e+02 -1.106892962e+02 +2.7134e+00 -1.7181e+00 -2.7567e+00 -1.9038e+00 +9.5968e-01 -3.2857e-01 +2.0114e+00 -3.6060e+00 +1.2127e+00 -2.0215e+00
301 0 +6.254016058e+00 -1.168759839e+02 -1.168759839e+02 +1.1599e+00 -1.6148e+00 -2.2435e+00 -5.9033e-01 +3.2000e+00 +2.5234e-02 +5.7087e-01 -2.1470e+00 +1.1947e+00 -2.9490e+00
401 0 +3.274658416e+00 -1.198553416e+02 -1.198553416e+02 +1.2198e+00 -2.2335e+00 -2.0094e+00 -1.4721e-02 +1.8862e+00 +4.3654e-01 +6.8629e-01 -2.7357e+00 +1.1694e+00 -1.9141e+00
451 0 +2.004178360e+00 -1.211258216e+02 -1.211258216e+02 +2.6002e+00 -1.1111e+00 -2.3390e+00 -6.5999e-01 +4.6126e-01 -1.0461e-01 +1.2529e+00 -3.4124e+00 +1.5539e+00 -2.8247e+00
551 0 +1.859275544e+00 -1.212707245e+02 -1.212707245e+02 +2.9810e+00 -3.7562e-01 -2.0845e+00 -1.1414e-01 +1.8278e+00 +4.8109e-01 +1.4311e+00 -3.1089e+00 +1.9008e+00 -3.6245e+00
651 0 +1.760226748e+00 -1.213697733e+02 -1.213697733e+02 +2.2121e+00 -1.6990e+00 -1.9074e+00 +2.1158e-01 +1.5324e+00 -3.9271e-01 +7.6027e-01 -2.7136e+00 +1.3935e+00 -3.1234e+00
701 0 +4.895490503e-01 -1.226404509e+02 -1.226404509e+02 +2.0150e+00 -2.2255e+00 -1.8235e+00 +3.4554e-02 +2.4492e+00 +1.2556e-01 +1.3651e+00 -3.6238e+00 +2.2079e+00 -2.0793e+00
753 0 +3.398142370e-01 -1.227901858e+02 -1.227901858e+02 +1.8017e+00 -1.4510e+00 -1.2939e+00 +1.2805e-01 +2.6982e+00 +7.5663e-02 +8.3817e-01 -3.3962e+00 +2.1704e+00 -3.1511e+00
755 0 +3.230513932e-01 -1.228069486e+02 -1.228069486e+02 +2.1034e+00 -1.5543e+00 -1.7550e+00 -3.9814e-01 +2.2276e+00 +9.4579e-02 +1.3765e+00 -3.4454e+00 +2.0872e+00 -2.6995e+00
801 0 +9.569660558e-02 -1.230343034e+02 -1.230343034e+02 +2.4713e+00 -1.3628e+00 -2.0960e+00 +3.3245e-01 +3.3161e+00 -3.8899e-01 +1.6177e+00 -3.3204e+00 +2.0793e+00 -2.9440e+00
851 0 +1.373458656e-02 -1.231162654e+02 -1.231162654e+02 +2.4462e+00 -1.2152e+00 -1.9893e+00 -1.9242e-01 +2.3416e+00 -3.9288e-01 +1.2298e+00 -3.0167e+00 +1.9365e+00 -2.8382e+00
1001 0 +8.184298190e-03 -1.231218157e+02 -1.231218157e+02 +2.3231e+00 -1.3319e+00 -1.7568e+00 +1.6427e-01 +3.1658e+00 -2.3480e-01 +1.2071e+00 -3.3944e+00 +1.8604e+00 -2.9161e+00
1002 0 +7.590447494e-03 -1.231224096e+02 -1.231224096e+02 +2.2593e+00 -1.3202e+00 -1.6436e+00 +1.5774e-01 +2.6241e+00 +3.6972e-03 +1.0305e+00 -3.5695e+00 +2.0833e+00 -2.9738e+00
1051 0 +5.536160607e-03 -1.231244638e+02 -1.231244638e+02 +2.2544e+00 -1.0321e+00 -1.7641e+00 +5.8270e-01 +2.9948e+00 -9.8354e-02 +1.1811e+00 -3.6128e+00 +1.9512e+00 -3.2123e+00
1058 0 +3.545209691e-03 -1.231264548e+02 -1.231264548e+02 +2.3613e+00 -1.2387e+00 -2.1689e+00 +3.0204e-01 +2.4957e+00 -1.6639e-01 +1.2263e+00 -3.4955e+00 +2.0499e+00 -2.9915e+00
1066 0 +1.292947543e-03 -1.231287071e+02 -1.231287071e+02 +2.4152e+00 -1.2198e+00 -1.8113e+00 +2.3964e-01 +2.8143e+00 -4.3486e-01 +1.1600e+00 -3.4161e+00 +2.0668e+00 -3.0603e+00
1103 0 +4.523112558e-04 -1.231295477e+02 -1.231295477e+02 +2.2479e+00 -1.3060e+00 -2.0524e+00 +4.6020e-01 +2.7723e+00 -2.5611e-01 +1.1907e+00 -3.4596e+00 +2.0946e+00 -2.8695e+00
1252 0 +4.192772173e-04 -1.231295807e+02 -1.231295807e+02 +2.3901e+00 -1.2694e+00 -2.0479e+00 +2.9066e-01 +2.8087e+00 -3.7084e-01 +1.2142e+00 -3.4630e+00 +2.0560e+00 -2.8429e+00
1305 0 +2.489437993e-04 -1.231297511e+02 -1.231297511e+02 +2.3407e+00 -1.1427e+00 -1.9863e+00 +2.2954e-01 +2.7129e+00 -2.4558e-01 +1.2321e+00 -3.3090e+00 +1.9934e+00 -2.8824e+00
1352 0 +1.378486506e-04 -1.231298622e+02 -1.231298622e+02 +2.2510e+00 -1.1404e+00 -1.9752e+00 +2.7608e-01 +2.8186e+00 -3.5617e-01 +1.1772e+00 -3.2326e+00 +1.8787e+00 -2.9738e+00
1357 0 +9.952860719e-05 -1.231299005e+02 -1.231299005e+02 +2.2935e+00 -1.2624e+00 -2.0541e+00 +2.5412e-01 +2.8240e+00 -3.4210e-01 +1.2380e+00 -3.3904e+00 +2.0408e+00 -2.8555e+00
1452 0 +1.715755758e-05 -1.231299828e+02 -1.231299828e+02 +2.3272e+00 -1.1984e+00 -1.9746e+00 +3.4671e-01 +2.7948e+00 -2.9629e-01 +1.1818e+00 -3.4248e+00 +2.0176e+00 -2.9449e+00
1501 0 +1.211528742e-05 -1.231299879e+02 -1.231299879e+02 +2.3096e+00 -1.2458e+00 -1.9353e+00 +2.3180e-01 +2.8078e+00 -2.9660e-01 +1.1743e+00 -3.3056e+00 +1.9565e+00 -2.9464e+00
1601 0 +5.911881843e-06 -1.231299941e+02 -1.231299941e+02 +2.3312e+00 -1.2138e+00 -2.0376e+00 +2.9415e-01 +2.8034e+00 -3.8176e-01 +1.2023e+00 -3.3388e+00 +2.0103e+00 -2.9146e+00
1701 0 +1.487493321e-06 -1.231299985e+02 -1.231299985e+02 +2.3308e+00 -1.2408e+00 -1.9633e+00 +2.7327e-01 +2.7955e+00 -3.1286e-01 +1.1800e+00 -3.3452e+00 +2.0221e+00 -2.9559e+00
1752 0 +8.335544521e-07 -1.231299992e+02 -1.231299992e+02 +2.3306e+00 -1.1990e+00 -1.9816e+00 +2.9755e-01 +2.8496e+00 -3.4636e-01 +1.1874e+00 -3.3257e+00 +1.9890e+00 -2.9715e+00
1851 0 +3.796938444e-07 -1.231299996e+02 -1.231299996e+02 +2.3088e+00 -1.2312e+00 -1.9752e+00 +2.8965e-01 +2.8060e+00 -3.2620e-01 +1.1928e+00 -3.3366e+00 +2.0059e+00 -2.9368e+00
1954 0 +3.674150264e-07 -1.231299996e+02 -1.231299996e+02 +2.2980e+00 -1.2084e+00 -1.9748e+00 +2.9442e-01 +2.8341e+00 -3.1828e-01 +1.1861e+00 -3.3209e+00 +1.9727e+00 -2.9497e+00
2017 0 +3.125330750e-07 -1.231299997e+02 -1.231299997e+02 +2.2957e+00 -1.2074e+00 -1.9885e+00 +2.9930e-01 +2.8175e+00 -3.3619e-01 +1.1843e+00 -3.3392e+00 +1.9826e+00 -2.9377e+00
2038 0 +1.896206214e-07 -1.231299998e+02 -1.231299998e+02 +2.3000e+00 -1.2221e+00 -1.9765e+00 +2.9841e-01 +2.8158e+00 -3.3477e-01 +1.1877e+00 -3.3476e+00 +1.9904e+00 -2.9232e+00
2088 0 +1.832537890e-07 -1.231299998e+02 -1.231299998e+02 +2.3157e+00 -1.2216e+00 -1.9826e+00 +2.8672e-01 +2.7944e+00 -3.0482e-01 +1.1855e+00 -3.3406e+00 +1.9888e+00 -2.9492e+00
2139 0 +1.532565932e-07 -1.231299998e+02 -1.231299998e+02 +2.3004e+00 -1.2139e+00 -1.9524e+00 +2.8809e-01 +2.8170e+00 -3.1424e-01 +1.1829e+00 -3.3411e+00 +1.9884e+00 -2.9446e+00
