% f evaluations | g evaluations | best noise-free fitness - Fopt (1.238300000000e+02) + sum g_i+ | measured fitness | best measured fitness or single-digit g-values | x1 | x2...
1 0 +2.134850738e+03 +2.258680738e+03 +2.258680738e+03 +5.9671e-01 -3.8264e-02 +7.4769e-01 +1.6230e+00 -1.3415e-01
2 0 +1.521057945e+03 +1.644887945e+03 +1.644887945e+03 -1.3414e-01 +1.6792e+00 +8.6743e-01 -3.6947e-01 +6.4256e-01
5 0 +7.334808896e+02 +8.573108896e+02 +8.573108896e+02 +1.5656e+00 -1.2578e-01 +1.6753e-01 -1.3247e+00 -4.4438e-01
6 0 +3.986373671e+02 +5.224673671e+02 +5.224673671e+02 +2.1092e-01 -1.0510e+00 +4.7570e-01 -5.0064e-01 -1.9169e-01
13 0 +3.086668750e+02 +4.324968750e+02 +4.324968750e+02 -3.7917e-01 -8.5659e-02 -1.0063e+00 -1.0962e+00 +9.1253e-01
19 0 +7.429407286e+01 +1.981240729e+02 +1.981240729e+02 +1.9708e-01 +1.0686e+00 -6.0205e-01 -2.2766e-01 -2.9211e-01
29 0 +6.522179886e+01 +1.890517989e+02 +1.890517989e+02 -4.3124e-01 -3.5744e-01 -5.5790e-01 -8.0263e-01 -4.5003e-02
51 0 +1.597527234e+01 +1.398052723e+02 +1.398052723e+02 -4.4034e-01 +3.4948e-01 -5.0232e-01 -1.9963e-01 -2.2856e-01
52 0 +1.131540498e+01 +1.351454050e+02 +1.351454050e+02 -2.4338e-01 +4.1141e-01 -4.0735e-01 +1.4537e-01 -3.6038e-01
107 0 +1.126397270e+01 +1.350939727e+02 +1.350939727e+02 -6.3729e-01 +5.0477e-01 -1.1114e+00 +3.3378e-01 -2.5587e-02
151 0 +7.408810190e+00 +1.312388102e+02 +1.312388102e+02 -4.2387e-01 +6.8420e-01 -5.5274e-01 +7.5109e-02 -1.3676e-01
200 0 +7.073660474e+00 +1.309036605e+02 +1.309036605e+02 -2.4980e-01 +5.1010e-01 +7.0717e-02 +3.3917e-01 -2.7615e-01
201 0 +4.634941093e+00 +1.284649411e+02 +1.284649411e+02 -3.1175e-01 +6.4363e-01 -5.0773e-01 +1.9800e-01 -2.7535e-01
226 0 +4.571794223e+00 +1.284017942e+02 +1.284017942e+02 -1.9409e-01 +6.4815e-01 -5.4906e-01 +1.1342e-01 -2.4196e-01
231 0 +3.476894265e+00 +1.273068943e+02 +1.273068943e+02 -2.0840e-01 +7.4904e-01 -2.5604e-01 +2.2315e-01 -2.5647e-01
279 0 +3.442364877e+00 +1.272723649e+02 +1.272723649e+02 -2.3557e-01 +7.0256e-01 -4.7141e-01 +1.5105e-01 -2.4487e-01
281 0 +3.152937665e+00 +1.269829377e+02 +1.269829377e+02 -1.9615e-01 +6.9488e-01 -4.4235e-01 +1.4479e-01 -3.1485e-01
303 0 +2.664879645e+00 +1.264948796e+02 +1.264948796e+02 -6.6993e-02 +6.6650e-01 -1.8262e-01 +2.0197e-01 -2.5639e-01
402 0 +2.184628109e+00 +1.260146281e+02 +1.260146281e+02 -8.8498e-02 +6.2767e-01 -1.0576e-01 +2.7543e-01 -2.4658e-01
429 0 +2.048377974e+00 +1.258783780e+02 +1.258783780e+02 -1.0007e-01 +6.5030e-01 -1.0180e-01 +2.7367e-01 -2.5083e-01
489 0 +1.955984091e+00 +1.257859841e+02 +1.257859841e+02 -6.8684e-02 +5.9347e-01 +1.3271e-02 +2.8413e-01 -2.3756e-01
494 0 +1.773268760e+00 +1.256032688e+02 +1.256032688e+02 -7.2230e-02 +6.2476e-01 -1.0743e-02 +3.1528e-01 -2.1460e-01
503 0 +1.676931056e+00 +1.255069311e+02 +1.255069311e+02 -7.6658e-02 +6.0441e-01 +1.9923e-02 +3.2305e-01 -2.0808e-01
554 0 +1.673386936e+00 +1.255033869e+02 +1.255033869e+02 -7.8863e-02 +5.7071e-01 +8.6757e-02 +3.3328e-01 -2.2713e-01
556 0 +1.546783501e+00 +1.253767835e+02 +1.253767835e+02 -5.9489e-02 +5.7720e-01 +7.3493e-02 +3.3238e-01 -2.0843e-01
599 0 +1.402672519e+00 +1.252326725e+02 +1.252326725e+02 +1.6009e-02 +4.3649e-01 +3.0782e-01 +3.6969e-01 -1.5940e-01
615 0 +1.312183965e+00 +1.251421840e+02 +1.251421840e+02 -2.1028e-02 +4.3949e-01 +2.3106e-01 +3.4546e-01 -1.3152e-01
653 0 +1.222119123e+00 +1.250521191e+02 +1.250521191e+02 -5.2226e-02 +4.4352e-01 +2.4117e-01 +3.6866e-01 -1.8371e-01
654 0 +1.219505493e+00 +1.250495055e+02 +1.250495055e+02 -4.3562e-02 +4.5451e-01 +2.4409e-01 +3.5140e-01 -1.9030e-01
663 0 +1.094939290e+00 +1.249249393e+02 +1.249249393e+02 +1.6696e-02 +3.6567e-01 +3.2042e-01 +3.5187e-01 -1.2274e-01
681 0 +1.067501093e+00 +1.248975011e+02 +1.248975011e+02 -1.0232e-02 +3.6551e-01 +3.3713e-01 +3.8560e-01 -1.4267e-01
726 0 +9.773605666e-01 +1.248073606e+02 +1.248073606e+02 +2.3961e-02 +2.2538e-01 +4.7606e-01 +3.5284e-01 -7.3669e-02
739 0 +8.486359266e-01 +1.246786359e+02 +1.246786359e+02 +5.4057e-02 +1.9438e-01 +4.3855e-01 +3.1555e-01 -1.1311e-01
751 0 +8.473125685e-01 +1.246773126e+02 +1.246773126e+02 +2.7936e-02 +1.8783e-01 +4.5147e-01 +2.9424e-01 -1.1085e-01
752 0 +6.868194407e-01 +1.245168194e+02 +1.245168194e+02 +3.7894e-02 +2.4079e-01 +4.3205e-01 +3.1438e-01 -1.0917e-01
780 0 +6.246849855e-01 +1.244546850e+02 +1.244546850e+02 +2.1105e-02 +2.1024e-01 +4.8308e-01 +3.4171e-01 -9.7596e-02
801 0 +4.894673129e-01 +1.243194673e+02 +1.243194673e+02 +6.2938e-02 +1.7044e-01 +4.8604e-01 +3.1496e-01 -9.0002e-02
887 0 +4.699620894e-01 +1.242999621e+02 +1.242999621e+02 +8.3384e-02 +1.2895e-01 +5.4458e-01 +3.1389e-01 -7.2973e-02
889 0 +4.511498685e-01 +1.242811499e+02 +1.242811499e+02 +8.4722e-02 +9.8280e-02 +5.4716e-01 +3.0756e-01 -5.3453e-02
901 0 +3.796775894e-01 +1.242096776e+02 +1.242096776e+02 +7.9346e-02 +1.1300e-01 +5.3324e-01 +3.0474e-01 -6.7803e-02
953 0 +3.710336818e-01 +1.242010337e+02 +1.242010337e+02 +9.1957e-02 +7.6985e-02 +5.5584e-01 +2.9692e-01 -5.2299e-02
971 0 +3.507516296e-01 +1.241807516e+02 +1.241807516e+02 +9.5208e-02 +6.2377e-02 +5.6408e-01 +2.9005e-01 -4.6850e-02
1003 0 +3.221099801e-01 +1.241521100e+02 +1.241521100e+02 +1.0529e-01 +4.1316e-02 +5.8399e-01 +2.8576e-01 -4.4262e-02
1027 0 +3.215123311e-01 +1.241515123e+02 +1.241515123e+02 +9.3176e-02 +6.6803e-02 +5.6102e-01 +2.8977e-01 -5.5267e-02
1042 0 +3.076074042e-01 +1.241376074e+02 +1.241376074e+02 +1.0912e-01 +2.0575e-02 +5.9262e-01 +2.7819e-01 -3.9381e-02
1053 0 +3.064581096e-01 +1.241364581e+02 +1.241364581e+02 +1.1180e-01 +1.8257e-02 +5.8934e-01 +2.7701e-01 -3.8871e-02
1054 0 +2.930789893e-01 +1.241230790e+02 +1.241230790e+02 +1.2324e-01 +9.6849e-03 +5.7834e-01 +2.5931e-01 -3.0466e-02
1071 0 +2.894597190e-01 +1.241194597e+02 +1.241194597e+02 +1.2219e-01 -7.4825e-03 +6.0846e-01 +2.6783e-01 -3.2613e-02
1077 0 +2.604130522e-01 +1.240904131e+02 +1.240904131e+02 +1.2597e-01 -9.6916e-03 +5.9213e-01 +2.5528e-01 -2.8602e-02
1091 0 +2.562505576e-01 +1.240862506e+02 +1.240862506e+02 +1.3267e-01 -2.3999e-02 +6.1547e-01 +2.5775e-01 -2.4538e-02
1100 0 +2.481681714e-01 +1.240781682e+02 +1.240781682e+02 +1.5191e-01 -3.6248e-02 +6.1705e-01 +2.4553e-01 -1.4389e-02
1109 0 +2.472687540e-01 +1.240772688e+02 +1.240772688e+02 +1.6368e-01 -9.5838e-02 +6.4620e-01 +2.2186e-01 +1.4215e-02
1116 0 +2.419379207e-01 +1.240719379e+02 +1.240719379e+02 +1.4509e-01 -4.5219e-02 +6.0582e-01 +2.2966e-01 -7.2957e-03
1129 0 +2.225983106e-01 +1.240525983e+02 +1.240525983e+02 +1.4313e-01 -4.0060e-02 +6.1875e-01 +2.4577e-01 -1.8485e-02
1130 0 +2.137547135e-01 +1.240437547e+02 +1.240437547e+02 +1.7172e-01 -7.4279e-02 +6.3644e-01 +2.2574e-01 +4.2205e-03
1137 0 +2.094993572e-01 +1.240394994e+02 +1.240394994e+02 +1.9736e-01 -1.7609e-01 +6.6835e-01 +1.7403e-01 +3.4071e-02
1139 0 +1.566347428e-01 +1.239866347e+02 +1.239866347e+02 +1.9128e-01 -1.3834e-01 +6.4946e-01 +1.8620e-01 +2.4284e-02
1182 0 +1.450654802e-01 +1.239750655e+02 +1.239750655e+02 +2.2049e-01 -1.7570e-01 +6.7815e-01 +1.7681e-01 +4.4788e-02
1231 0 +1.442596802e-01 +1.239742597e+02 +1.239742597e+02 +2.2691e-01 -1.9813e-01 +6.9669e-01 +1.6468e-01 +4.5259e-02
% f evaluations | g evaluations | best noise-free fitness - Fopt (4.751000000000e+01) + sum g_i+ | measured fitness | best measured fitness or single-digit g-values | x1 | x2...
1 0 +1.143702278e+02 +1.618802278e+02 +1.618802278e+02 +5.9671e-01 -3.8264e-02 +7.4769e-01 +1.6230e+00 -1.3415e-01
20 0 +1.041708236e+02 +1.516808236e+02 +1.516808236e+02 -1.3635e+00 +3.9612e-01 +3.6106e-01 +1.0511e-01 -1.3459e-01
26 0 +8.527775358e+01 +1.327877536e+02 +1.327877536e+02 -2.1810e-01 +1.3685e-01 +1.2513e+00 +6.3818e-01 +1.6537e-01
53 0 +7.018629669e+01 +1.176962967e+02 +1.176962967e+02 -1.0456e-01 -5.2509e-01 +1.2329e+00 +9.6132e-01 +1.6883e-01
55 0 +1.988686696e+01 +6.739686696e+01 +6.739686696e+01 -5.4828e-01 -4.9104e-01 +5.9050e-01 +7.8862e-01 -3.3891e-01
85 0 +1.336586579e+01 +6.087586579e+01 +6.087586579e+01 -6.4867e-01 +1.5294e-01 +6.5271e-01 +2.1761e-01 -2.3146e-01
107 0 +1.081523533e+01 +5.832523533e+01 +5.832523533e+01 -3.0442e-01 -2.5812e-01 +7.9803e-01 +1.9840e-01 -2.5462e-01
151 0 +4.696612081e+00 +5.220661208e+01 +5.220661208e+01 -5.0314e-01 -5.6856e-02 +5.9562e-01 +2.0980e-01 -6.3915e-02
201 0 +3.582146532e+00 +5.109214653e+01 +5.109214653e+01 -4.8074e-01 -1.9514e-01 +6.2488e-01 +3.1933e-01 -4.8673e-02
235 0 +2.476972104e+00 +4.998697210e+01 +4.998697210e+01 -6.0060e-01 +9.1040e-02 +3.4901e-01 +2.5928e-01 +1.8202e-02
431 0 +2.466235208e+00 +4.997623521e+01 +4.997623521e+01 -6.0810e-01 +1.1450e-03 +4.7567e-01 +2.7354e-01 -3.4096e-02
450 0 +2.437684834e+00 +4.994768483e+01 +4.994768483e+01 -5.9602e-01 +5.9387e-03 +4.3411e-01 +2.5258e-01 -3.1473e-02
453 0 +2.390713181e+00 +4.990071318e+01 +4.990071318e+01 -6.0802e-01 +4.1838e-02 +4.1706e-01 +2.6900e-01 -2.1789e-02
468 0 +2.341141427e+00 +4.985114143e+01 +4.985114143e+01 -6.3719e-01 +4.6971e-03 +4.0354e-01 +2.4094e-01 -2.0703e-02
485 0 +2.316214347e+00 +4.982621435e+01 +4.982621435e+01 -6.4802e-01 +4.7866e-02 +3.9289e-01 +2.5061e-01 +1.5836e-02
491 0 +2.225258946e+00 +4.973525895e+01 +4.973525895e+01 -6.1650e-01 +4.1259e-02 +3.5072e-01 +2.1085e-01 +6.1044e-04
501 0 +2.128005787e+00 +4.963800579e+01 +4.963800579e+01 -6.2757e-01 +8.1862e-02 +3.2725e-01 +2.3877e-01 +6.7725e-03
526 0 +2.091585917e+00 +4.960158592e+01 +4.960158592e+01 -6.3800e-01 +4.5120e-02 +3.3540e-01 +2.4013e-01 +2.8018e-02
540 0 +2.001122970e+00 +4.951112297e+01 +4.951112297e+01 -6.6199e-01 +6.8352e-02 +3.0902e-01 +2.1138e-01 +2.2712e-02
587 0 +1.827633325e+00 +4.933763333e+01 +4.933763333e+01 -6.6027e-01 +1.1211e-01 +2.1659e-01 +2.1742e-01 +5.9547e-02
613 0 +1.645360093e+00 +4.915536009e+01 +4.915536009e+01 -6.6836e-01 +1.1525e-01 +1.7337e-01 +1.7658e-01 +8.0240e-02
636 0 +1.639005362e+00 +4.914900536e+01 +4.914900536e+01 -6.5099e-01 +1.5120e-01 +1.2975e-01 +1.6558e-01 +8.0103e-02
653 0 +1.636648994e+00 +4.914664899e+01 +4.914664899e+01 -6.6799e-01 +1.1983e-01 +1.6781e-01 +1.7305e-01 +8.1666e-02
676 0 +1.594187207e+00 +4.910418721e+01 +4.910418721e+01 -6.6398e-01 +1.2055e-01 +1.4177e-01 +1.4494e-01 +6.6638e-02
714 0 +1.499830432e+00 +4.900983043e+01 +4.900983043e+01 -6.6284e-01 +1.6486e-01 +4.7340e-02 +1.3013e-01 +1.0236e-01
735 0 +1.413188224e+00 +4.892318822e+01 +4.892318822e+01 -6.6460e-01 +1.4817e-01 +4.2715e-02 +1.0594e-01 +1.2416e-01
746 0 +1.310983357e+00 +4.882098336e+01 +4.882098336e+01 -6.4972e-01 +1.5704e-01 -1.0714e-02 +1.0599e-01 +1.3366e-01
801 0 +1.232724358e+00 +4.874272436e+01 +4.874272436e+01 -6.4891e-01 +1.4039e-01 +1.7043e-02 +1.0012e-01 +1.2458e-01
854 0 +1.141289121e+00 +4.865128912e+01 +4.865128912e+01 -6.2437e-01 +1.3283e-01 -1.1811e-02 +7.4182e-02 +1.2511e-01
859 0 +1.125841591e+00 +4.863584159e+01 +4.863584159e+01 -6.1572e-01 +1.3533e-01 -1.7514e-02 +6.5055e-02 +1.2259e-01
865 0 +1.119932875e+00 +4.862993287e+01 +4.862993287e+01 -6.1569e-01 +1.4169e-01 -7.1260e-02 +6.0401e-02 +1.4502e-01
881 0 +1.059732608e+00 +4.856973261e+01 +4.856973261e+01 -6.2606e-01 +1.5444e-01 -1.0593e-01 +3.8801e-02 +1.5074e-01
908 0 +1.024050972e+00 +4.853405097e+01 +4.853405097e+01 -6.0794e-01 +1.5784e-01 -5.8841e-02 +4.8829e-02 +1.3103e-01
928 0 +9.616888417e-01 +4.847168884e+01 +4.847168884e+01 -6.0688e-01 +1.7799e-01 -1.2435e-01 +1.3162e-02 +1.5222e-01
953 0 +8.929468533e-01 +4.840294685e+01 +4.840294685e+01 -5.9351e-01 +1.5751e-01 -1.3595e-01 +4.3056e-03 +1.5134e-01
979 0 +8.436021048e-01 +4.835360210e+01 +4.835360210e+01 -5.7795e-01 +1.6093e-01 -1.6579e-01 -9.9498e-03 +1.6368e-01
1001 0 +8.275077362e-01 +4.833750774e+01 +4.833750774e+01 -5.7945e-01 +1.6581e-01 -1.4423e-01 -1.9412e-03 +1.5764e-01
1013 0 +7.394186645e-01 +4.824941866e+01 +4.824941866e+01 -5.4622e-01 +1.8173e-01 -2.2894e-01 -5.3303e-02 +1.8417e-01
1027 0 +7.181359061e-01 +4.822813591e+01 +4.822813591e+01 -5.4705e-01 +1.8172e-01 -2.2396e-01 -5.8028e-02 +1.7087e-01
1058 0 +6.155953817e-01 +4.812559538e+01 +4.812559538e+01 -4.0770e-01 +1.8820e-01 -3.5510e-01 -1.6396e-01 +2.0104e-01
1110 0 +5.858244435e-01 +4.809582444e+01 +4.809582444e+01 -3.4761e-01 +2.0235e-01 -3.7822e-01 -1.8373e-01 +2.0201e-01
1176 0 +5.015984038e-01 +4.801159840e+01 +4.801159840e+01 -4.0769e-01 +2.0556e-01 -3.4224e-01 -1.6716e-01 +2.0069e-01
1226 0 +4.987232402e-01 +4.800872324e+01 +4.800872324e+01 -4.0616e-01 +2.0660e-01 -3.4104e-01 -1.7338e-01 +1.9143e-01
1229 0 +4.856212356e-01 +4.799562124e+01 +4.799562124e+01 -4.1528e-01 +2.0753e-01 -3.3003e-01 -1.3635e-01 +1.9419e-01
1239 0 +4.381637537e-01 +4.794816375e+01 +4.794816375e+01 -3.6203e-01 +2.1113e-01 -3.8123e-01 -1.9565e-01 +1.9167e-01
% f evaluations | g evaluations | best noise-free fitness - Fopt (5.534000000000e+01) + sum g_i+ | measured fitness | best measured fitness or single-digit g-values | x1 | x2...
1 0 +7.961990943e+02 +8.515390943e+02 +8.515390943e+02 +5.9671e-01 -3.8264e-02 +7.4769e-01 +1.6230e+00 -1.3415e-01
4 0 +5.440010983e+02 +5.993410983e+02 +5.993410983e+02 -4.6229e-01 -9.1283e-01 +4.1425e-01 -8.0802e-01 -1.3123e+00
6 0 +9.297043714e+01 +1.483104371e+02 +1.483104371e+02 +2.1092e-01 -1.0510e+00 +4.7570e-01 -5.0064e-01 -1.9169e-01
33 0 +2.735483653e+01 +8.269483653e+01 +8.269483653e+01 +1.3759e-02 +1.7723e-01 +8.1468e-01 +2.3497e-02 -1.2597e-01
53 0 +2.532731021e+01 +8.066731021e+01 +8.066731021e+01 -4.6749e-02 -3.9222e-01 +3.4314e-01 -5.3230e-02 -1.3531e-02
56 0 +2.517926998e+01 +8.051926998e+01 +8.051926998e+01 -1.9008e-01 -6.9493e-01 +2.6114e-01 +8.2073e-02 +1.1590e-01
83 0 +5.556863902e+00 +6.089686390e+01 +6.089686390e+01 +1.0178e-02 -5.5131e-01 +6.6422e-01 +2.9009e-01 -3.3583e-01
151 0 +4.966323564e+00 +6.030632356e+01 +6.030632356e+01 +1.3693e-01 -3.1818e-01 +5.7371e-01 +2.0004e-01 -4.0356e-01
201 0 +3.527268806e+00 +5.886726881e+01 +5.886726881e+01 +3.5900e-02 -5.9869e-01 +7.4787e-01 +1.8134e-01 -2.5450e-01
303 0 +3.418728004e+00 +5.875872800e+01 +5.875872800e+01 +5.5526e-02 -2.9943e-01 +6.7473e-01 +1.5992e-01 -3.9169e-01
328 0 +3.221455207e+00 +5.856145521e+01 +5.856145521e+01 +5.2966e-02 -4.3965e-01 +7.2317e-01 +1.7999e-01 -3.2869e-01
330 0 +2.854470260e+00 +5.819447026e+01 +5.819447026e+01 +1.9022e-01 -1.9420e-01 +6.4728e-01 +1.1901e-01 -3.7410e-01
361 0 +2.779253101e+00 +5.811925310e+01 +5.811925310e+01 +1.0246e-01 -3.1326e-01 +6.9947e-01 +1.2155e-01 -3.5298e-01
378 0 +2.328427603e+00 +5.766842760e+01 +5.766842760e+01 +1.0854e-01 -1.5271e-01 +6.5924e-01 +1.1617e-01 -3.6430e-01
426 0 +2.259394169e+00 +5.759939417e+01 +5.759939417e+01 +1.0159e-01 -5.8205e-02 +6.6697e-01 +1.2699e-01 -3.6088e-01
429 0 +2.164453491e+00 +5.750445349e+01 +5.750445349e+01 +9.9508e-02 -4.8722e-02 +6.2856e-01 +1.3893e-01 -3.9023e-01
461 0 +2.078820196e+00 +5.741882020e+01 +5.741882020e+01 +1.4481e-01 +1.0408e-01 +5.3277e-01 +1.0101e-01 -3.5496e-01
480 0 +1.558127482e+00 +5.689812748e+01 +5.689812748e+01 +8.9396e-02 +1.5640e-01 +5.3346e-01 +1.2181e-01 -3.8356e-01
608 0 +1.552543834e+00 +5.689254383e+01 +5.689254383e+01 +1.0744e-01 +1.3476e-01 +5.6412e-01 +1.0293e-01 -3.7110e-01
626 0 +1.409872808e+00 +5.674987281e+01 +5.674987281e+01 +7.4738e-02 +2.0792e-01 +5.1943e-01 +9.1957e-02 -3.8617e-01
640 0 +1.292509371e+00 +5.663250937e+01 +5.663250937e+01 +6.7674e-02 +2.4187e-01 +5.0887e-01 +1.0640e-01 -3.7685e-01
644 0 +1.276050416e+00 +5.661605042e+01 +5.661605042e+01 +8.1717e-02 +2.7700e-01 +4.6530e-01 +7.8200e-02 -3.5781e-01
676 0 +1.247335684e+00 +5.658733568e+01 +5.658733568e+01 +5.0903e-02 +2.6395e-01 +4.9230e-01 +9.5101e-02 -3.7578e-01
713 0 +1.078898724e+00 +5.641889872e+01 +5.641889872e+01 +2.0962e-02 +4.1673e-01 +3.8452e-01 +8.6287e-02 -3.5910e-01
726 0 +9.808938354e-01 +5.632089384e+01 +5.632089384e+01 +4.4911e-02 +3.6404e-01 +3.5711e-01 +7.2116e-02 -3.3635e-01
727 0 +8.593792089e-01 +5.619937921e+01 +5.619937921e+01 +1.4152e-02 +4.1469e-01 +3.0005e-01 +7.7787e-02 -3.2308e-01
782 0 +6.695609115e-01 +5.600956091e+01 +5.600956091e+01 +1.4357e-02 +4.5232e-01 +2.4424e-01 +7.4581e-02 -3.2859e-01
879 0 +5.652932168e-01 +5.590529322e+01 +5.590529322e+01 -4.1687e-03 +5.0852e-01 +1.6460e-01 +6.3947e-02 -2.9923e-01
901 0 +5.450230082e-01 +5.588502301e+01 +5.588502301e+01 -9.5273e-03 +5.2197e-01 +1.4583e-01 +4.6592e-02 -2.9062e-01
910 0 +4.801508477e-01 +5.582015085e+01 +5.582015085e+01 -9.2735e-03 +5.7291e-01 +9.0032e-02 +4.4958e-02 -2.8253e-01
964 0 +3.601213058e-01 +5.570012131e+01 +5.570012131e+01 -1.6399e-02 +5.9980e-01 +6.5214e-03 +1.9236e-02 -2.5503e-01
1052 0 +3.422853237e-01 +5.568228532e+01 +5.568228532e+01 -1.2225e-02 +5.8777e-01 +1.5531e-02 +2.6250e-02 -2.6557e-01
1078 0 +3.415595108e-01 +5.568155951e+01 +5.568155951e+01 +3.0284e-04 +6.0458e-01 -3.5978e-02 +1.9126e-02 -2.4567e-01
1083 0 +3.277033361e-01 +5.566770334e+01 +5.566770334e+01 -1.0366e-02 +6.1017e-01 -5.4090e-02 -2.3477e-03 -2.3567e-01
1087 0 +3.111807528e-01 +5.565118075e+01 +5.565118075e+01 -1.7070e-02 +6.4859e-01 -9.6762e-02 -1.3603e-04 -2.2265e-01
1105 0 +3.085349273e-01 +5.564853493e+01 +5.564853493e+01 -1.0793e-02 +6.1262e-01 -3.9977e-02 +1.4181e-02 -2.4852e-01
1106 0 +3.070102343e-01 +5.564701023e+01 +5.564701023e+01 -4.4712e-03 +6.2757e-01 -6.8048e-02 +2.3145e-03 -2.3755e-01
1128 0 +2.996843573e-01 +5.563968436e+01 +5.563968436e+01 -1.1299e-02 +6.5237e-01 -1.2041e-01 -1.0681e-02 -2.1916e-01
1188 0 +2.938730689e-01 +5.563387307e+01 +5.563387307e+01 -1.5523e-03 +6.2437e-01 -9.0218e-02 -1.1785e-02 -2.2341e-01
1189 0 +2.739350709e-01 +5.561393507e+01 +5.561393507e+01 -3.3448e-03 +6.1960e-01 -8.4844e-02 -1.1174e-02 -2.1841e-01
1208 0 +2.316253379e-01 +5.557162534e+01 +5.557162534e+01 -8.6360e-03 +6.4032e-01 -1.2781e-01 -1.9265e-02 -2.0370e-01
% f evaluations | g evaluations | best noise-free fitness - Fopt (-9.033000000000e+01) + sum g_i+ | measured fitness | best measured fitness or single-digit g-values | x1 | x2...
1 0 +1.122096792e+03 +1.031766792e+03 +1.031766792e+03 +5.9671e-01 -3.8264e-02 +7.4769e-01 +1.6230e+00 -1.3415e-01
2 0 +9.925200630e+02 +9.021900630e+02 +9.021900630e+02 -1.3414e-01 +1.6792e+00 +8.6743e-01 -3.6947e-01 +6.4256e-01
3 0 +4.074720881e+02 +3.171420881e+02 +3.171420881e+02 -3.6342e-01 -3.6573e-01 +3.4196e-01 -1.8133e+00 -1.6249e+00
4 0 +2.214165043e+02 +1.310865043e+02 +1.310865043e+02 -4.6229e-01 -9.1283e-01 +4.1425e-01 -8.0802e-01 -1.3123e+00
6 0 +2.183178549e+02 +1.279878549e+02 +1.279878549e+02 +2.1092e-01 -1.0510e+00 +4.7570e-01 -5.0064e-01 -1.9169e-01
21 0 +1.731330129e+02 +8.280301294e+01 +8.280301294e+01 -1.3154e+00 -3.2065e-01 -2.4271e-01 -7.0228e-01 -6.1286e-02
34 0 +8.601839367e+01 -4.311606332e+00 -4.311606332e+00 -3.4687e-01 +8.2877e-01 +2.4111e-01 -1.6280e-01 +8.3010e-02
51 0 +4.430871906e+01 -4.602128094e+01 -4.602128094e+01 -1.1705e-01 -9.8667e-02 -4.8273e-02 -2.5748e-01 +1.0864e-01
52 0 +3.265935563e+01 -5.767064437e+01 -5.767064437e+01 -3.5173e-01 -8.6892e-02 -7.2646e-01 +2.2200e-01 +1.7025e-01
86 0 +4.687631184e+00 -8.564236882e+01 -8.564236882e+01 -7.6316e-03 -7.7108e-01 -4.7422e-01 +7.6663e-02 -4.4764e-02
152 0 +4.663638601e+00 -8.566636140e+01 -8.566636140e+01 -3.7673e-01 -5.3874e-01 -6.3940e-01 +1.6765e-01 -4.8680e-02
178 0 +4.236993198e+00 -8.609300680e+01 -8.609300680e+01 -1.8890e-01 -6.5367e-01 -6.1930e-01 +1.9214e-01 -2.8703e-02
255 0 +4.194804311e+00 -8.613519569e+01 -8.613519569e+01 -2.7173e-01 -6.4440e-01 -6.3981e-01 +2.4083e-01 -4.4600e-03
274 0 +4.095713739e+00 -8.623428626e+01 -8.623428626e+01 -2.5186e-02 -5.3323e-01 -4.8686e-01 +1.3582e-01 +9.1620e-02
277 0 +3.828565770e+00 -8.650143423e+01 -8.650143423e+01 -3.7297e-01 -5.8200e-01 -6.1700e-01 +2.3805e-01 +6.4849e-02
279 0 +3.520401744e+00 -8.680959826e+01 -8.680959826e+01 -1.9610e-01 -6.2716e-01 -6.3386e-01 +2.0814e-01 +6.1678e-02
326 0 +3.311047073e+00 -8.701895293e+01 -8.701895293e+01 -1.7092e-01 -5.8098e-01 -5.5733e-01 +1.4239e-01 +7.3681e-02
338 0 +2.888363613e+00 -8.744163639e+01 -8.744163639e+01 -1.3175e-01 -6.3879e-01 -5.0710e-01 +1.6258e-01 +5.1109e-02
351 0 +2.860031615e+00 -8.746996838e+01 -8.746996838e+01 -1.0737e-01 -6.4766e-01 -5.4917e-01 +1.6256e-01 +7.4194e-02
362 0 +2.794748849e+00 -8.753525115e+01 -8.753525115e+01 -9.7552e-02 -6.3460e-01 -4.9353e-01 +1.6425e-01 +6.0233e-02
381 0 +2.669686183e+00 -8.766031382e+01 -8.766031382e+01 -1.8622e-03 -6.5339e-01 -4.9664e-01 +1.1075e-01 +5.0010e-02
409 0 +2.652459867e+00 -8.767754013e+01 -8.767754013e+01 +1.0434e-01 -6.3195e-01 -3.8330e-01 +1.1094e-01 +1.1808e-02
418 0 +2.223670721e+00 -8.810632928e+01 -8.810632928e+01 +7.9369e-02 -6.4806e-01 -3.5356e-01 +1.4952e-01 +8.8671e-02
458 0 +2.200077354e+00 -8.812992265e+01 -8.812992265e+01 +1.8059e-01 -6.8786e-01 -2.5930e-01 +1.3173e-01 +8.3727e-02
503 0 +2.191656618e+00 -8.813834338e+01 -8.813834338e+01 +1.2238e-01 -6.2675e-01 -2.9032e-01 +1.7787e-01 +8.1695e-02
504 0 +1.585983577e+00 -8.874401642e+01 -8.874401642e+01 +2.1389e-01 -6.0278e-01 -1.8783e-01 +1.4668e-01 +8.3240e-02
611 0 +1.408990276e+00 -8.892100972e+01 -8.892100972e+01 +2.8630e-01 -5.5599e-01 -1.0478e-01 +1.5910e-01 +9.7335e-02
658 0 +1.310140488e+00 -8.901985951e+01 -8.901985951e+01 +3.0614e-01 -5.6679e-01 -7.3268e-02 +1.3640e-01 +1.0079e-01
697 0 +1.238641140e+00 -8.909135886e+01 -8.909135886e+01 +3.4778e-01 -5.1938e-01 -1.6276e-02 +1.7785e-01 +1.2404e-01
706 0 +1.115354424e+00 -8.921464558e+01 -8.921464558e+01 +3.6013e-01 -5.1356e-01 -1.7367e-02 +1.6375e-01 +1.3627e-01
727 0 +1.041122287e+00 -8.928887771e+01 -8.928887771e+01 +3.5839e-01 -4.8122e-01 +3.7165e-02 +1.6623e-01 +1.3287e-01
823 0 +8.223275435e-01 -8.950767246e+01 -8.950767246e+01 +4.0472e-01 -4.1037e-01 +1.0773e-01 +1.5578e-01 +1.4893e-01
824 0 +8.045706336e-01 -8.952542937e+01 -8.952542937e+01 +4.3009e-01 -3.7980e-01 +1.3411e-01 +1.3640e-01 +1.4343e-01
828 0 +7.333701807e-01 -8.959662982e+01 -8.959662982e+01 +4.4303e-01 -3.7124e-01 +1.4241e-01 +1.4763e-01 +1.6624e-01
852 0 +6.859462951e-01 -8.964405370e+01 -8.964405370e+01 +4.2478e-01 -3.5058e-01 +1.4820e-01 +1.4459e-01 +1.7081e-01
858 0 +5.847278048e-01 -8.974527220e+01 -8.974527220e+01 +4.8896e-01 -2.6974e-01 +2.4396e-01 +1.2712e-01 +1.7681e-01
905 0 +5.232174856e-01 -8.980678251e+01 -8.980678251e+01 +4.6042e-01 -2.4795e-01 +2.5503e-01 +1.1337e-01 +1.7397e-01
934 0 +5.171098220e-01 -8.981289018e+01 -8.981289018e+01 +4.8395e-01 -1.6910e-01 +2.7991e-01 +8.3784e-02 +1.8755e-01
954 0 +4.081796113e-01 -8.992182039e+01 -8.992182039e+01 +4.8928e-01 -1.9396e-01 +2.9309e-01 +9.3553e-02 +1.8715e-01
1032 0 +3.901175603e-01 -8.993988244e+01 -8.993988244e+01 +5.0547e-01 -1.6562e-01 +3.1099e-01 +8.3887e-02 +1.8857e-01
1077 0 +3.349957923e-01 -8.999500421e+01 -8.999500421e+01 +5.0356e-01 -1.3836e-01 +3.2068e-01 +6.2576e-02 +1.6409e-01
1128 0 +2.989131612e-01 -9.003108684e+01 -9.003108684e+01 +5.0245e-01 -1.2305e-01 +3.2882e-01 +6.1728e-02 +1.7054e-01
1180 0 +2.738162758e-01 -9.005618372e+01 -9.005618372e+01 +5.2431e-01 -8.1565e-02 +3.7566e-01 +5.1262e-02 +1.7457e-01
1201 0 +2.563622094e-01 -9.007363779e+01 -9.007363779e+01 +5.1282e-01 -3.9248e-02 +3.7955e-01 +2.3926e-02 +1.5736e-01
1213 0 +2.266461941e-01 -9.010335381e+01 -9.010335381e+01 +5.3650e-01 +4.3328e-03 +4.1193e-01 +1.2348e-02 +1.6083e-01
% f evaluations | g evaluations | best noise-free fitness - Fopt (6.561000000000e+01) + sum g_i+ | measured fitness | best measured fitness or single-digit g-values | x1 | x2...
1 0 +1.932801862e+02 +2.588901862e+02 +2.588901862e+02 +5.9671e-01 -3.8264e-02 +7.4769e-01 +1.6230e+00 -1.3415e-01
14 0 +7.506631839e+01 +1.406763184e+02 +1.406763184e+02 +1.4562e+00 +2.7990e-02 +1.1035e+00 +4.6164e-01 -5.4512e-01
33 0 +5.875151892e+01 +1.243615189e+02 +1.243615189e+02 +1.1231e+00 -4.9524e-01 +7.7649e-01 +3.0436e-01 -1.2063e-01
46 0 +4.400118634e+01 +1.096111863e+02 +1.096111863e+02 +5.1283e-02 +2.2903e-01 +1.1587e+00 +1.8351e-01 -5.1196e-01
57 0 +2.522888497e+01 +9.083888497e+01 +9.083888497e+01 +7.0119e-01 -1.7782e-01 +6.5357e-01 +3.6949e-01 -9.9294e-02
102 0 +5.924688377e+00 +7.153468838e+01 +7.153468838e+01 +3.3929e-01 +1.1157e-01 +7.4251e-01 +4.4029e-01 -1.4613e-01
151 0 +4.992034535e+00 +7.060203453e+01 +7.060203453e+01 +3.8959e-01 +1.8394e-01 +9.1592e-01 +5.0712e-01 -2.2740e-02
207 0 +4.831249728e+00 +7.044124973e+01 +7.044124973e+01 +4.9876e-01 +1.6070e-01 +8.1329e-01 +4.9850e-01 -1.5955e-01
236 0 +4.536509702e+00 +7.014650970e+01 +7.014650970e+01 +2.7165e-01 +8.9900e-02 +9.2544e-01 +4.7802e-01 -5.8364e-02
277 0 +4.389240194e+00 +6.999924019e+01 +6.999924019e+01 +3.2413e-01 +1.5559e-01 +9.1075e-01 +5.0351e-01 -4.8243e-02
281 0 +4.252849410e+00 +6.986284941e+01 +6.986284941e+01 +4.9050e-02 -6.0790e-02 +8.1902e-01 +3.7553e-01 +1.5961e-02
311 0 +3.732058112e+00 +6.934205811e+01 +6.934205811e+01 +4.8883e-02 +4.7819e-02 +7.7389e-01 +3.4795e-01 -1.3760e-01
326 0 +3.166608768e+00 +6.877660877e+01 +6.877660877e+01 +1.5472e-02 -1.8714e-02 +7.5953e-01 +3.4151e-01 -4.8598e-02
351 0 +3.018768771e+00 +6.862876877e+01 +6.862876877e+01 +7.2106e-03 -3.2773e-02 +8.4260e-01 +3.4470e-01 -6.9811e-02
429 0 +2.841863851e+00 +6.845186385e+01 +6.845186385e+01 -6.8044e-02 -5.3117e-02 +8.2872e-01 +2.1230e-01 -9.1781e-02
452 0 +2.766807038e+00 +6.837680704e+01 +6.837680704e+01 -1.6648e-02 -3.7420e-02 +8.0204e-01 +2.8981e-01 -6.5922e-02
453 0 +2.406514204e+00 +6.801651420e+01 +6.801651420e+01 -1.2665e-01 -1.0469e-01 +7.5967e-01 +1.5888e-01 -1.4254e-01
526 0 +2.115127137e+00 +6.772512714e+01 +6.772512714e+01 -1.3757e-01 -1.1019e-01 +7.3060e-01 +1.1015e-01 -1.2077e-01
579 0 +2.023882805e+00 +6.763388281e+01 +6.763388281e+01 -1.7208e-01 -1.0969e-01 +6.2506e-01 -2.7193e-02 -1.5397e-01
627 0 +1.957337850e+00 +6.756733785e+01 +6.756733785e+01 -1.6921e-01 -9.2336e-02 +7.0870e-01 +4.7572e-02 -1.5269e-01
644 0 +1.776427933e+00 +6.738642793e+01 +6.738642793e+01 -2.2886e-01 -1.4155e-01 +6.3900e-01 -7.9711e-02 -1.7179e-01
653 0 +1.635535974e+00 +6.724553597e+01 +6.724553597e+01 -2.2049e-01 -1.3556e-01 +6.3940e-01 -9.4703e-02 -1.5089e-01
679 0 +1.579259312e+00 +6.718925931e+01 +6.718925931e+01 -2.4247e-01 -1.1172e-01 +6.2157e-01 -8.5872e-02 -1.5960e-01
694 0 +1.508877375e+00 +6.711887737e+01 +6.711887737e+01 -2.5605e-01 -1.1473e-01 +5.5604e-01 -2.0544e-01 -1.9460e-01
794 0 +1.490934904e+00 +6.710093490e+01 +6.710093490e+01 -2.5773e-01 -8.1598e-02 +5.4402e-01 -2.0130e-01 -2.0790e-01
802 0 +1.381102720e+00 +6.699110272e+01 +6.699110272e+01 -2.6501e-01 -8.6632e-02 +5.7971e-01 -1.6625e-01 -1.9482e-01
828 0 +1.282129685e+00 +6.689212968e+01 +6.689212968e+01 -2.6281e-01 -8.7385e-02 +5.5379e-01 -1.9980e-01 -1.8198e-01
830 0 +1.264518442e+00 +6.687451844e+01 +6.687451844e+01 -3.0994e-01 -9.6759e-02 +5.3134e-01 -2.4380e-01 -1.9357e-01
847 0 +1.228966164e+00 +6.683896616e+01 +6.683896616e+01 -2.6825e-01 -8.8322e-02 +4.8676e-01 -2.2157e-01 -1.8723e-01
851 0 +1.136263583e+00 +6.674626358e+01 +6.674626358e+01 -2.9018e-01 -1.0525e-01 +4.4949e-01 -2.7248e-01 -1.7844e-01
868 0 +1.103329587e+00 +6.671332959e+01 +6.671332959e+01 -3.2307e-01 -7.0240e-02 +4.6226e-01 -2.9990e-01 -2.1804e-01
879 0 +1.056229539e+00 +6.666622954e+01 +6.666622954e+01 -3.0617e-01 -6.8619e-02 +4.4391e-01 -3.0369e-01 -2.0364e-01
902 0 +1.044964768e+00 +6.665496477e+01 +6.665496477e+01 -3.1037e-01 -8.7724e-02 +4.8397e-01 -2.7155e-01 -1.9948e-01
926 0 +9.709727703e-01 +6.658097277e+01 +6.658097277e+01 -3.4030e-01 -8.4443e-02 +4.1204e-01 -3.4031e-01 -1.9895e-01
933 0 +7.620936512e-01 +6.637209365e+01 +6.637209365e+01 -3.4177e-01 -7.6625e-02 +3.3437e-01 -3.4471e-01 -1.8446e-01
1001 0 +7.339203715e-01 +6.634392037e+01 +6.634392037e+01 -3.4441e-01 -6.9515e-02 +3.0775e-01 -3.6926e-01 -1.8758e-01
1003 0 +7.172677401e-01 +6.632726774e+01 +6.632726774e+01 -3.4243e-01 -5.2779e-02 +2.5884e-01 -3.7257e-01 -1.9453e-01
1043 0 +6.149655980e-01 +6.622496560e+01 +6.622496560e+01 -3.6148e-01 -4.8324e-02 +2.3045e-01 -3.9275e-01 -1.9761e-01
1055 0 +5.715604040e-01 +6.618156040e+01 +6.618156040e+01 -3.6681e-01 -4.8827e-02 +2.0767e-01 -4.0031e-01 -1.9326e-01
1126 0 +5.480204548e-01 +6.615802045e+01 +6.615802045e+01 -3.7576e-01 -6.1661e-02 +1.9015e-01 -4.1004e-01 -2.0043e-01
1152 0 +5.439947412e-01 +6.615399474e+01 +6.615399474e+01 -3.6887e-01 -6.6579e-02 +2.0251e-01 -4.0040e-01 -1.9374e-01
1157 0 +5.399477336e-01 +6.614994773e+01 +6.614994773e+01 -3.9359e-01 -6.5039e-02 +1.5905e-01 -4.4308e-01 -2.0005e-01
1178 0 +5.306483806e-01 +6.614064838e+01 +6.614064838e+01 -3.6631e-01 -6.2980e-02 +1.8736e-01 -4.0401e-01 -1.8092e-01
1180 0 +5.255310828e-01 +6.613553108e+01 +6.613553108e+01 -3.8119e-01 -5.6455e-02 +1.8370e-01 -4.2672e-01 -2.0093e-01
1197 0 +5.233245201e-01 +6.613332452e+01 +6.613332452e+01 -3.9310e-01 -4.8686e-02 +7.9312e-02 -4.6200e-01 -1.9773e-01
1204 0 +4.582066524e-01 +6.606820665e+01 +6.606820665e+01 -3.9748e-01 -4.6898e-02 +5.9248e-02 -4.7606e-01 -1.8642e-01
1248 0 +4.332640330e-01 +6.604326403e+01 +6.604326403e+01 -4.1582e-01 -7.0006e-02 +3.5140e-02 -4.8117e-01 -1.7656e-01
% f evaluations | g evaluations | best noise-free fitness - Fopt (9.348200000000e+02) + sum g_i+ | measured fitness | best measured fitness or single-digit g-values | x1 | x2...
1 0 +6.243185515e+02 +1.559138552e+03 +1.559138552e+03 +5.9671e-01 -3.8264e-02 +7.4769e-01 +1.6230e+00 -1.3415e-01
5 0 +5.739312974e+02 +1.508751297e+03 +1.508751297e+03 +1.5656e+00 -1.2578e-01 +1.6753e-01 -1.3247e+00 -4.4438e-01
6 0 +3.934908708e+02 +1.328310871e+03 +1.328310871e+03 +2.1092e-01 -1.0510e+00 +4.7570e-01 -5.0064e-01 -1.9169e-01
9 0 +6.511098577e+01 +9.999309858e+02 +9.999309858e+02 +8.3847e-01 +2.7137e-01 -1.5648e-02 -2.0110e-01 -1.3785e+00
31 0 +3.832321708e+01 +9.731432171e+02 +9.731432171e+02 +6.8254e-01 -2.3552e-01 +4.6385e-01 -3.4459e-01 -1.1880e+00
51 0 +3.352606692e+01 +9.683460669e+02 +9.683460669e+02 +8.6481e-01 -1.9867e-01 +7.5074e-02 -1.3543e-01 -8.2802e-01
52 0 +7.618551913e+00 +9.424385519e+02 +9.424385519e+02 +6.8875e-01 +1.0803e-01 +3.4209e-01 -8.8269e-02 -9.4367e-01
154 0 +5.746186697e+00 +9.405661867e+02 +9.405661867e+02 +4.7264e-01 +2.7329e-01 +3.8801e-01 -8.9653e-02 -8.8419e-01
183 0 +4.935953907e+00 +9.397559539e+02 +9.397559539e+02 +4.2447e-01 -1.4103e-02 +2.7912e-01 -2.3519e-01 -6.3822e-01
203 0 +4.720456110e+00 +9.395404561e+02 +9.395404561e+02 +5.6101e-01 +1.6243e-01 +3.6256e-01 -1.4412e-01 -9.3278e-01
226 0 +3.727974512e+00 +9.385479745e+02 +9.385479745e+02 +4.6957e-01 -8.8599e-02 +2.4232e-01 -2.8296e-01 -6.6108e-01
276 0 +3.516573981e+00 +9.383365740e+02 +9.383365740e+02 +5.0455e-01 -9.7296e-02 +2.6885e-01 -3.2757e-01 -7.2185e-01
326 0 +3.433806267e+00 +9.382538063e+02 +9.382538063e+02 +4.7285e-01 -8.3078e-02 +2.1448e-01 -3.7699e-01 -7.1500e-01
327 0 +3.144703466e+00 +9.379647035e+02 +9.379647035e+02 +4.3674e-01 -1.0704e-01 +2.2701e-01 -3.7312e-01 -6.4304e-01
429 0 +3.096620227e+00 +9.379166202e+02 +9.379166202e+02 +4.6602e-01 -1.2519e-01 +2.2227e-01 -3.9112e-01 -6.5673e-01
431 0 +2.768602345e+00 +9.375886023e+02 +9.375886023e+02 +4.6035e-01 -1.4632e-01 +1.7247e-01 -4.0857e-01 -5.5288e-01
481 0 +2.398524254e+00 +9.372185243e+02 +9.372185243e+02 +4.6609e-01 -1.9929e-01 +9.2360e-02 -4.3601e-01 -4.4543e-01
527 0 +2.293254469e+00 +9.371132545e+02 +9.371132545e+02 +4.6016e-01 -2.1012e-01 +5.2687e-02 -4.5558e-01 -3.9490e-01
551 0 +2.285974695e+00 +9.371059747e+02 +9.371059747e+02 +4.9496e-01 -2.1501e-01 +3.9571e-02 -4.6877e-01 -3.2073e-01
631 0 +2.226777230e+00 +9.370467772e+02 +9.370467772e+02 +4.7476e-01 -2.3605e-01 +4.3093e-02 -4.8742e-01 -3.4604e-01
651 0 +2.211762042e+00 +9.370317620e+02 +9.370317620e+02 +4.5259e-01 -2.3847e-01 +5.6616e-02 -4.3505e-01 -3.2417e-01
653 0 +2.129309000e+00 +9.369493090e+02 +9.369493090e+02 +4.6928e-01 -2.4841e-01 -1.2482e-02 -4.8605e-01 -2.6497e-01
668 0 +2.092521038e+00 +9.369125210e+02 +9.369125210e+02 +4.7910e-01 -2.7125e-01 +1.4902e-02 -4.5894e-01 -3.0132e-01
676 0 +2.072114242e+00 +9.368921142e+02 +9.368921142e+02 +4.7137e-01 -2.7901e-01 +5.4143e-03 -4.6729e-01 -2.7156e-01
682 0 +2.030373149e+00 +9.368503731e+02 +9.368503731e+02 +4.8715e-01 -2.7777e-01 -9.8816e-03 -4.8263e-01 -2.4395e-01
684 0 +1.977255589e+00 +9.367972556e+02 +9.367972556e+02 +4.4833e-01 -2.9536e-01 -7.5727e-03 -4.3873e-01 -1.8080e-01
715 0 +1.924233978e+00 +9.367442340e+02 +9.367442340e+02 +4.8368e-01 -2.6945e-01 -3.8299e-02 -4.7234e-01 -1.3197e-01
724 0 +1.908148009e+00 +9.367281480e+02 +9.367281480e+02 +4.8274e-01 -3.4112e-01 -4.3816e-02 -4.2286e-01 -6.8049e-02
751 0 +1.787469018e+00 +9.366074690e+02 +9.366074690e+02 +4.5473e-01 -3.0395e-01 -3.7215e-02 -4.5062e-01 -1.1289e-01
753 0 +1.783663702e+00 +9.366036637e+02 +9.366036637e+02 +4.8782e-01 -2.7655e-01 -7.6387e-03 -4.4950e-01 -1.9387e-01
776 0 +1.631272734e+00 +9.364512727e+02 +9.364512727e+02 +4.6980e-01 -2.8350e-01 -2.5125e-02 -4.3227e-01 -1.5694e-01
784 0 +1.599892046e+00 +9.364198920e+02 +9.364198920e+02 +4.7481e-01 -2.9752e-01 -3.4334e-02 -4.2953e-01 -1.0306e-01
826 0 +1.508623135e+00 +9.363286231e+02 +9.363286231e+02 +4.6816e-01 -2.9639e-01 -4.4980e-02 -4.1779e-01 -8.4723e-02
828 0 +1.322742194e+00 +9.361427422e+02 +9.361427422e+02 +4.4806e-01 -3.2654e-01 -7.7636e-02 -3.9379e-01 -4.6987e-03
855 0 +1.281246005e+00 +9.361012460e+02 +9.361012460e+02 +4.4923e-01 -3.4457e-01 -8.7102e-02 -3.6324e-01 +5.2777e-03
884 0 +1.149213202e+00 +9.359692132e+02 +9.359692132e+02 +4.0123e-01 -3.3315e-01 -1.2898e-01 -3.1855e-01 +1.5698e-01
890 0 +1.142521745e+00 +9.359625217e+02 +9.359625217e+02 +4.0785e-01 -3.9128e-01 -1.7434e-01 -2.9428e-01 +2.0879e-01
951 0 +1.141289399e+00 +9.359612894e+02 +9.359612894e+02 +4.0022e-01 -3.3811e-01 -1.5446e-01 -2.7909e-01 +1.7272e-01
976 0 +1.069974722e+00 +9.358899747e+02 +9.358899747e+02 +3.7642e-01 -3.6095e-01 -1.8070e-01 -2.3272e-01 +2.1452e-01
977 0 +8.381421755e-01 +9.356581422e+02 +9.356581422e+02 +3.5182e-01 -3.5769e-01 -1.8290e-01 -2.5794e-01 +2.1571e-01
1027 0 +8.165616808e-01 +9.356365617e+02 +9.356365617e+02 +3.6372e-01 -3.5298e-01 -1.6876e-01 -2.4733e-01 +2.2749e-01
1028 0 +8.157131102e-01 +9.356357131e+02 +9.356357131e+02 +3.2141e-01 -3.4628e-01 -1.6904e-01 -2.1507e-01 +2.2515e-01
1101 0 +7.546540620e-01 +9.355746541e+02 +9.355746541e+02 +3.5994e-01 -3.7594e-01 -1.7599e-01 -2.3864e-01 +2.2701e-01
1108 0 +7.277041340e-01 +9.355477041e+02 +9.355477041e+02 +3.2563e-01 -3.8864e-01 -1.8932e-01 -1.9992e-01 +2.9182e-01
1126 0 +6.799758858e-01 +9.354999759e+02 +9.354999759e+02 +3.3061e-01 -3.8401e-01 -1.9363e-01 -2.0869e-01 +2.8719e-01
1170 0 +6.797077662e-01 +9.354997078e+02 +9.354997078e+02 +2.9015e-01 -3.6370e-01 -1.9332e-01 -1.9327e-01 +2.6830e-01
1177 0 +5.895518701e-01 +9.354095519e+02 +9.354095519e+02 +2.9902e-01 -3.6523e-01 -1.9335e-01 -2.1225e-01 +2.8349e-01
1207 0 +5.462908014e-01 +9.353662908e+02 +9.353662908e+02 +2.5983e-01 -3.5709e-01 -2.1465e-01 -1.5585e-01 +3.5897e-01
% f evaluations | g evaluations | best noise-free fitness - Fopt (-6.371000000000e+01) + sum g_i+ | measured fitness | best measured fitness or single-digit g-values | x1 | x2...
1 0 +4.385864490e+02 +3.748764490e+02 +3.748764490e+02 +5.9671e-01 -3.8264e-02 +7.4769e-01 +1.6230e+00 -1.3415e-01
9 0 +2.006128290e+02 +1.369028290e+02 +1.369028290e+02 +8.3847e-01 +2.7137e-01 -1.5648e-02 -2.0110e-01 -1.3785e+00
20 0 +1.486946911e+02 +8.498469109e+01 +8.498469109e+01 -1.3635e+00 +3.9612e-01 +3.6106e-01 +1.0511e-01 -1.3459e-01
28 0 +6.733341344e+00 -5.697665866e+01 -5.697665866e+01 -4.6984e-01 -3.2130e-02 +2.7918e-01 +4.6945e-01 +3.3757e-01
153 0 +4.608989570e+00 -5.910101043e+01 -5.910101043e+01 -4.0861e-01 +2.9795e-01 +6.6059e-01 +5.0800e-01 +2.0773e-01
230 0 +4.065333707e+00 -5.964466629e+01 -5.964466629e+01 -2.8488e-01 +1.8921e-01 +5.3203e-01 +6.7547e-01 +3.1205e-01
251 0 +3.637336169e+00 -6.007266383e+01 -6.007266383e+01 -3.8300e-01 +3.1037e-01 +6.1521e-01 +5.7960e-01 +1.8547e-01
293 0 +3.435805431e+00 -6.027419457e+01 -6.027419457e+01 -3.0177e-01 +1.3156e-01 +3.8367e-01 +5.6293e-01 +3.8716e-01
303 0 +3.315957183e+00 -6.039404282e+01 -6.039404282e+01 -3.5174e-01 +1.2748e-01 +4.9765e-01 +6.1340e-01 +2.6563e-01
351 0 +3.121068253e+00 -6.058893175e+01 -6.058893175e+01 -2.4096e-01 +5.1625e-02 +3.7737e-01 +6.1678e-01 +3.5082e-01
357 0 +2.707856260e+00 -6.100214374e+01 -6.100214374e+01 -3.2491e-01 +6.1001e-02 +3.2565e-01 +5.9201e-01 +3.7797e-01
376 0 +2.443483182e+00 -6.126651682e+01 -6.126651682e+01 -2.6588e-01 +9.6476e-03 +2.8371e-01 +5.3089e-01 +4.1919e-01
427 0 +2.414944973e+00 -6.129505503e+01 -6.129505503e+01 -2.4652e-01 -1.1329e-02 +2.6192e-01 +5.4858e-01 +4.2130e-01
451 0 +2.294446260e+00 -6.141555374e+01 -6.141555374e+01 -2.8146e-01 -6.3641e-03 +2.6746e-01 +5.2788e-01 +3.9754e-01
479 0 +2.223446738e+00 -6.148655326e+01 -6.148655326e+01 -2.6987e-01 -1.0010e-01 +1.9528e-01 +5.0158e-01 +4.3688e-01
503 0 +2.098114025e+00 -6.161188598e+01 -6.161188598e+01 -3.0252e-01 -5.8084e-02 +2.0191e-01 +4.9138e-01 +4.2427e-01
507 0 +1.837819804e+00 -6.187218020e+01 -6.187218020e+01 -2.6803e-01 -8.7930e-02 +1.4030e-01 +4.4472e-01 +4.6497e-01
558 0 +1.644666867e+00 -6.206533313e+01 -6.206533313e+01 -2.5531e-01 -1.3388e-01 +6.9304e-02 +3.7253e-01 +4.9072e-01
607 0 +1.620595514e+00 -6.208940449e+01 -6.208940449e+01 -2.8830e-01 -1.4380e-01 +3.6883e-02 +3.3568e-01 +4.7096e-01
617 0 +1.540111714e+00 -6.216988829e+01 -6.216988829e+01 -2.9465e-01 -1.6967e-01 +1.2655e-02 +3.2720e-01 +5.2742e-01
618 0 +1.472677830e+00 -6.223732217e+01 -6.223732217e+01 -3.0946e-01 -1.8477e-01 +3.6428e-03 +3.3284e-01 +5.0546e-01
672 0 +1.394265044e+00 -6.231573496e+01 -6.231573496e+01 -2.6134e-01 -2.1637e-01 -7.2083e-02 +2.6019e-01 +5.3296e-01
679 0 +1.294920762e+00 -6.241507924e+01 -6.241507924e+01 -3.0411e-01 -2.1907e-01 -6.2336e-02 +2.5605e-01 +5.1258e-01
696 0 +1.192737504e+00 -6.251726250e+01 -6.251726250e+01 -2.6987e-01 -2.7418e-01 -1.2395e-01 +1.8400e-01 +5.0970e-01
751 0 +1.138830776e+00 -6.257116922e+01 -6.257116922e+01 -2.6862e-01 -2.2604e-01 -6.5648e-02 +2.6661e-01 +4.8819e-01
752 0 +1.104080739e+00 -6.260591926e+01 -6.260591926e+01 -2.8363e-01 -2.3313e-01 -9.6455e-02 +2.3294e-01 +4.8284e-01
783 0 +1.065901859e+00 -6.264409814e+01 -6.264409814e+01 -2.7642e-01 -2.5493e-01 -1.1208e-01 +2.1215e-01 +5.0837e-01
803 0 +1.036920397e+00 -6.267307960e+01 -6.267307960e+01 -2.6394e-01 -2.4173e-01 -8.9770e-02 +2.3257e-01 +4.8574e-01
831 0 +9.141113719e-01 -6.279588863e+01 -6.279588863e+01 -2.4921e-01 -2.6095e-01 -1.5286e-01 +1.7147e-01 +4.7689e-01
854 0 +9.037663120e-01 -6.280623369e+01 -6.280623369e+01 -2.4052e-01 -2.6939e-01 -1.4997e-01 +1.5575e-01 +4.4734e-01
869 0 +8.867450600e-01 -6.282325494e+01 -6.282325494e+01 -2.3801e-01 -2.8550e-01 -1.8569e-01 +1.3551e-01 +4.7705e-01
881 0 +8.605802441e-01 -6.284941976e+01 -6.284941976e+01 -2.4287e-01 -2.8412e-01 -1.8180e-01 +1.5408e-01 +4.6030e-01
883 0 +8.517524485e-01 -6.285824755e+01 -6.285824755e+01 -2.3835e-01 -2.7138e-01 -1.8736e-01 +1.3357e-01 +4.5853e-01
902 0 +7.059396277e-01 -6.300406037e+01 -6.300406037e+01 -2.4033e-01 -2.9485e-01 -2.2063e-01 +8.7039e-02 +4.3340e-01
931 0 +6.470008155e-01 -6.306299918e+01 -6.306299918e+01 -2.2825e-01 -3.2036e-01 -2.5499e-01 +6.4274e-02 +4.0859e-01
960 0 +6.046539733e-01 -6.310534603e+01 -6.310534603e+01 -2.0120e-01 -3.2492e-01 -2.9555e-01 +2.2120e-02 +4.1080e-01
974 0 +5.648320918e-01 -6.314516791e+01 -6.314516791e+01 -1.9577e-01 -3.3184e-01 -3.1056e-01 -2.1765e-03 +3.9908e-01
1006 0 +5.197191571e-01 -6.319028084e+01 -6.319028084e+01 -1.8264e-01 -3.4540e-01 -3.4204e-01 -3.0362e-02 +3.8118e-01
1026 0 +5.151307834e-01 -6.319486922e+01 -6.319486922e+01 -1.9994e-01 -3.3221e-01 -3.0599e-01 +4.3455e-03 +3.9178e-01
1052 0 +4.224100234e-01 -6.328758998e+01 -6.328758998e+01 -1.6557e-01 -3.4110e-01 -3.3838e-01 -3.5172e-02 +3.5561e-01
1135 0 +3.597432991e-01 -6.335025670e+01 -6.335025670e+01 -1.3939e-01 -3.6655e-01 -4.0080e-01 -9.6514e-02 +3.1673e-01
1181 0 +3.540790681e-01 -6.335592093e+01 -6.335592093e+01 -1.3927e-01 -3.5296e-01 -3.7407e-01 -7.4207e-02 +3.2197e-01
1201 0 +3.056200463e-01 -6.340437995e+01 -6.340437995e+01 -7.3483e-02 -3.7247e-01 -4.3826e-01 -1.3827e-01 +2.5862e-01
1216 0 +3.045743284e-01 -6.340542567e+01 -6.340542567e+01 -8.2326e-02 -3.8853e-01 -4.4935e-01 -1.4940e-01 +2.7441e-01
1240 0 +2.893524692e-01 -6.342064753e+01 -6.342064753e+01 -5.2103e-02 -3.8686e-01 -4.6935e-01 -1.7737e-01 +2.2917e-01
% f evaluations | g evaluations | best noise-free fitness - Fopt (1.000000000000e+03) + sum g_i+ | measured fitness | best measured fitness or single-digit g-values | x1 | x2...
1 0 +1.461700249e+02 +1.146170025e+03 +1.146170025e+03 +5.9671e-01 -3.8264e-02 +7.4769e-01 +1.6230e+00 -1.3415e-01
6 0 +1.205170181e+02 +1.120517018e+03 +1.120517018e+03 +2.1092e-01 -1.0510e+00 +4.7570e-01 -5.0064e-01 -1.9169e-01
19 0 +1.105442516e+02 +1.110544252e+03 +1.110544252e+03 +1.9708e-01 +1.0686e+00 -6.0205e-01 -2.2766e-01 -2.9211e-01
27 0 +5.578126762e+01 +1.055781268e+03 +1.055781268e+03 +5.6933e-01 -1.1775e+00 +7.1243e-01 +2.9608e-01 +1.9613e-01
29 0 +4.487546717e+01 +1.044875467e+03 +1.044875467e+03 +8.6210e-01 -5.8643e-02 +9.1542e-01 +5.1394e-01 +4.3849e-01
42 0 +1.756948301e+01 +1.017569483e+03 +1.017569483e+03 -7.6229e-03 -5.7244e-01 +7.6536e-01 +2.6047e-01 -9.5750e-02
51 0 +1.098040887e+01 +1.010980409e+03 +1.010980409e+03 +5.1117e-01 -3.7842e-01 +6.7097e-01 +4.7937e-01 +4.1243e-01
104 0 +9.437094894e+00 +1.009437095e+03 +1.009437095e+03 +6.9263e-01 -4.1430e-01 +6.9690e-01 +4.9650e-01 +7.0230e-01
156 0 +6.051125655e+00 +1.006051126e+03 +1.006051126e+03 -4.6607e-02 -5.5490e-01 +6.4764e-01 +3.3223e-01 +2.3075e-01
176 0 +4.593909816e+00 +1.004593910e+03 +1.004593910e+03 +8.4208e-02 -7.6516e-01 +6.7457e-01 +3.5062e-01 +2.6161e-01
330 0 +4.047920574e+00 +1.004047921e+03 +1.004047921e+03 -5.5000e-02 -7.5778e-01 +6.3149e-01 +4.0143e-01 +2.0390e-01
352 0 +3.944681832e+00 +1.003944682e+03 +1.003944682e+03 -8.1144e-03 -6.8988e-01 +6.1480e-01 +3.9697e-01 +2.5495e-01
408 0 +3.936916366e+00 +1.003936916e+03 +1.003936916e+03 +4.9591e-02 -7.3220e-01 +6.6143e-01 +4.0257e-01 +2.3657e-01
410 0 +3.898095098e+00 +1.003898095e+03 +1.003898095e+03 +1.8734e-02 -7.3630e-01 +6.3334e-01 +3.8248e-01 +1.9108e-01
427 0 +3.796873478e+00 +1.003796873e+03 +1.003796873e+03 -3.0410e-02 -7.3197e-01 +6.4154e-01 +3.6359e-01 +1.9560e-01
429 0 +3.686359414e+00 +1.003686359e+03 +1.003686359e+03 -3.7726e-02 -6.9910e-01 +6.1790e-01 +3.6188e-01 +2.3017e-01
451 0 +3.657443341e+00 +1.003657443e+03 +1.003657443e+03 -7.6822e-02 -6.9434e-01 +6.3036e-01 +3.3072e-01 +2.1474e-01
477 0 +3.576353398e+00 +1.003576353e+03 +1.003576353e+03 -7.5683e-02 -6.6976e-01 +6.0147e-01 +3.5718e-01 +2.1557e-01
501 0 +3.548433171e+00 +1.003548433e+03 +1.003548433e+03 -1.1808e-01 -6.7071e-01 +5.9060e-01 +3.6838e-01 +2.1136e-01
503 0 +3.478010000e+00 +1.003478010e+03 +1.003478010e+03 -9.4348e-02 -6.7449e-01 +6.0927e-01 +3.3851e-01 +1.9660e-01
504 0 +3.477438747e+00 +1.003477439e+03 +1.003477439e+03 -1.1752e-01 -6.7183e-01 +5.8252e-01 +3.2840e-01 +2.0525e-01
518 0 +3.309581680e+00 +1.003309582e+03 +1.003309582e+03 -1.6450e-01 -6.3944e-01 +5.8927e-01 +3.1995e-01 +1.6863e-01
527 0 +3.279428154e+00 +1.003279428e+03 +1.003279428e+03 -1.7945e-01 -6.1767e-01 +6.0915e-01 +3.0955e-01 +1.7126e-01
576 0 +3.128153077e+00 +1.003128153e+03 +1.003128153e+03 -2.2083e-01 -5.6734e-01 +5.8837e-01 +2.9507e-01 +1.8041e-01
577 0 +3.122399269e+00 +1.003122399e+03 +1.003122399e+03 -2.2522e-01 -5.7060e-01 +5.8217e-01 +2.8772e-01 +1.5910e-01
601 0 +3.114846369e+00 +1.003114846e+03 +1.003114846e+03 -2.3050e-01 -5.9434e-01 +5.8708e-01 +3.1344e-01 +1.8275e-01
603 0 +2.927664671e+00 +1.002927665e+03 +1.002927665e+03 -2.8392e-01 -5.2818e-01 +5.6917e-01 +2.8210e-01 +1.5863e-01
651 0 +2.886090570e+00 +1.002886091e+03 +1.002886091e+03 -2.9201e-01 -5.2332e-01 +5.7009e-01 +2.6466e-01 +1.6831e-01
692 0 +2.744326831e+00 +1.002744327e+03 +1.002744327e+03 -3.6066e-01 -4.4187e-01 +5.0956e-01 +2.4589e-01 +1.5886e-01
743 0 +2.618064934e+00 +1.002618065e+03 +1.002618065e+03 -3.9635e-01 -3.6255e-01 +5.0538e-01 +2.2794e-01 +1.5374e-01
754 0 +2.524056317e+00 +1.002524056e+03 +1.002524056e+03 -4.5937e-01 -3.1529e-01 +4.5424e-01 +2.3258e-01 +1.6310e-01
757 0 +2.502186015e+00 +1.002502186e+03 +1.002502186e+03 -4.1024e-01 -3.9525e-01 +4.9567e-01 +2.4715e-01 +1.7811e-01
776 0 +2.480788843e+00 +1.002480789e+03 +1.002480789e+03 -4.0654e-01 -3.7294e-01 +4.8155e-01 +2.5132e-01 +2.2608e-01
777 0 +2.354655979e+00 +1.002354656e+03 +1.002354656e+03 -4.5591e-01 -3.1102e-01 +4.9140e-01 +2.3955e-01 +2.1963e-01
802 0 +2.340890804e+00 +1.002340891e+03 +1.002340891e+03 -4.5570e-01 -3.3746e-01 +4.7500e-01 +2.4769e-01 +1.9041e-01
847 0 +2.133260822e+00 +1.002133261e+03 +1.002133261e+03 -5.4088e-01 -1.7403e-01 +3.8347e-01 +1.7221e-01 +2.0881e-01
851 0 +1.916683780e+00 +1.001916684e+03 +1.001916684e+03 -4.8911e-01 -2.1600e-01 +4.0214e-01 +2.1471e-01 +2.2530e-01
901 0 +1.890480385e+00 +1.001890480e+03 +1.001890480e+03 -4.9852e-01 -1.6902e-01 +3.7632e-01 +1.8681e-01 +2.2517e-01
926 0 +1.769475254e+00 +1.001769475e+03 +1.001769475e+03 -5.2370e-01 -1.3119e-01 +3.5011e-01 +1.8438e-01 +2.2498e-01
934 0 +1.751965369e+00 +1.001751965e+03 +1.001751965e+03 -5.8104e-01 -9.0822e-02 +3.1829e-01 +1.9450e-01 +2.6483e-01
959 0 +1.698153241e+00 +1.001698153e+03 +1.001698153e+03 -5.5549e-01 -9.3507e-02 +3.2567e-01 +1.8554e-01 +2.6381e-01
960 0 +1.624924556e+00 +1.001624925e+03 +1.001624925e+03 -5.6066e-01 -8.0622e-02 +2.7852e-01 +1.9402e-01 +2.7500e-01
976 0 +1.571824344e+00 +1.001571824e+03 +1.001571824e+03 -5.5995e-01 -6.1579e-02 +2.8892e-01 +1.6978e-01 +2.7895e-01
982 0 +1.529185992e+00 +1.001529186e+03 +1.001529186e+03 -5.7387e-01 -7.0980e-02 +2.6000e-01 +1.5077e-01 +2.6640e-01
1002 0 +1.425972341e+00 +1.001425972e+03 +1.001425972e+03 -5.6517e-01 -7.0343e-02 +2.5361e-01 +1.5483e-01 +2.7715e-01
1028 0 +1.415311865e+00 +1.001415312e+03 +1.001415312e+03 -5.6909e-01 -3.3639e-02 +2.5169e-01 +1.4650e-01 +2.5834e-01
1040 0 +1.346144781e+00 +1.001346145e+03 +1.001346145e+03 -5.9177e-01 +5.1172e-02 +1.2887e-01 +8.4190e-02 +3.3990e-01
1052 0 +1.331962846e+00 +1.001331963e+03 +1.001331963e+03 -5.4026e-01 +1.2712e-02 +1.7454e-01 +1.3617e-01 +2.6184e-01
1076 0 +1.144697767e+00 +1.001144698e+03 +1.001144698e+03 -5.5145e-01 +4.5196e-02 +1.1517e-01 +6.0752e-02 +2.9051e-01
1104 0 +1.046407692e+00 +1.001046408e+03 +1.001046408e+03 -5.5913e-01 +8.1553e-02 +1.0092e-01 +6.9837e-02 +2.6620e-01
1176 0 +7.715910518e-01 +1.000771591e+03 +1.000771591e+03 -5.2554e-01 +1.2966e-01 +2.3446e-02 +2.4270e-02 +2.8361e-01
% f evaluations | g evaluations | best noise-free fitness - Fopt (3.197000000000e+01) + sum g_i+ | measured fitness | best measured fitness or single-digit g-values | x1 | x2...
1 0 +1.417057057e+03 +1.449027057e+03 +1.449027057e+03 +5.9671e-01 -3.8264e-02 +7.4769e-01 +1.6230e+00 -1.3415e-01
3 0 +1.129863685e+03 +1.161833685e+03 +1.161833685e+03 -3.6342e-01 -3.6573e-01 +3.4196e-01 -1.8133e+00 -1.6249e+00
4 0 +1.503791013e+02 +1.823491013e+02 +1.823491013e+02 -4.6229e-01 -9.1283e-01 +4.1425e-01 -8.0802e-01 -1.3123e+00
6 0 +2.657439508e+01 +5.854439508e+01 +5.854439508e+01 +2.1092e-01 -1.0510e+00 +4.7570e-01 -5.0064e-01 -1.9169e-01
52 0 +1.294063428e+01 +4.491063428e+01 +4.491063428e+01 -7.4073e-02 -8.3949e-01 +1.2244e-01 -1.2941e-01 -4.0142e-01
101 0 +9.091519104e+00 +4.106151910e+01 +4.106151910e+01 -1.5675e-01 -6.7112e-01 +2.3931e-01 -3.1544e-01 -4.8177e-01
176 0 +4.503119449e+00 +3.647311945e+01 +3.647311945e+01 -4.1608e-04 -8.1646e-01 +4.2487e-01 -3.6286e-01 -4.1141e-01
201 0 +4.052141312e+00 +3.602214131e+01 +3.602214131e+01 -3.1873e-02 -7.6279e-01 +2.9500e-01 -2.8806e-01 -3.6784e-01
226 0 +3.695575651e+00 +3.566557565e+01 +3.566557565e+01 -5.4568e-02 -7.3693e-01 +3.9866e-01 -3.4736e-01 -3.6572e-01
276 0 +3.587240972e+00 +3.555724097e+01 +3.555724097e+01 -4.8487e-02 -7.9733e-01 +3.4161e-01 -3.0717e-01 -3.3517e-01
326 0 +3.311959671e+00 +3.528195967e+01 +3.528195967e+01 -7.1539e-02 -7.3944e-01 +3.9163e-01 -3.3442e-01 -3.1917e-01
401 0 +3.289813397e+00 +3.525981340e+01 +3.525981340e+01 -5.6311e-02 -7.4964e-01 +4.0241e-01 -3.0168e-01 -3.0252e-01
403 0 +3.237319951e+00 +3.520731995e+01 +3.520731995e+01 -1.2703e-01 -7.3110e-01 +3.9025e-01 -2.9440e-01 -2.9797e-01
407 0 +3.219663461e+00 +3.518966346e+01 +3.518966346e+01 -8.6759e-02 -7.2114e-01 +4.2993e-01 -2.9953e-01 -2.6529e-01
426 0 +3.195859536e+00 +3.516585954e+01 +3.516585954e+01 -1.3057e-01 -6.8561e-01 +3.8335e-01 -2.9230e-01 -2.6493e-01
427 0 +3.171733257e+00 +3.514173326e+01 +3.514173326e+01 -1.1667e-01 -7.4558e-01 +4.2042e-01 -2.6933e-01 -2.6348e-01
429 0 +3.112393385e+00 +3.508239338e+01 +3.508239338e+01 -1.4092e-01 -7.2151e-01 +4.1962e-01 -3.0110e-01 -2.6242e-01
440 0 +3.005145527e+00 +3.497514553e+01 +3.497514553e+01 -1.3278e-01 -6.9402e-01 +4.0779e-01 -2.4991e-01 -2.4096e-01
441 0 +2.980298414e+00 +3.495029841e+01 +3.495029841e+01 -1.3558e-01 -6.8949e-01 +3.9949e-01 -2.5832e-01 -2.3206e-01
454 0 +2.950246700e+00 +3.492024670e+01 +3.492024670e+01 -1.6761e-01 -6.9700e-01 +4.5130e-01 -2.4904e-01 -1.7330e-01
477 0 +2.769476512e+00 +3.473947651e+01 +3.473947651e+01 -1.8999e-01 -6.6444e-01 +4.2192e-01 -2.4592e-01 -1.6935e-01
498 0 +2.676612693e+00 +3.464661269e+01 +3.464661269e+01 -2.7345e-01 -5.8337e-01 +4.5614e-01 -1.6632e-01 -9.8560e-02
505 0 +2.666459577e+00 +3.463645958e+01 +3.463645958e+01 -2.3883e-01 -5.8771e-01 +4.2641e-01 -1.8032e-01 -1.3641e-01
512 0 +2.395472393e+00 +3.436547239e+01 +3.436547239e+01 -3.0197e-01 -5.9448e-01 +4.2462e-01 -1.0860e-01 -4.3398e-02
580 0 +2.277830196e+00 +3.424783020e+01 +3.424783020e+01 -3.2394e-01 -5.2992e-01 +4.1954e-01 -7.1715e-02 -1.3405e-02
602 0 +2.270797486e+00 +3.424079749e+01 +3.424079749e+01 -3.6235e-01 -4.9981e-01 +3.8069e-01 -9.0722e-03 +1.8721e-02
603 0 +2.241022147e+00 +3.421102215e+01 +3.421102215e+01 -3.4563e-01 -5.6510e-01 +3.9054e-01 -9.7437e-02 -6.2594e-02
651 0 +2.125696198e+00 +3.409569620e+01 +3.409569620e+01 -3.5212e-01 -5.5798e-01 +4.0113e-01 -9.0170e-02 -4.5314e-02
693 0 +1.895927229e+00 +3.386592723e+01 +3.386592723e+01 -4.5340e-01 -4.3872e-01 +3.7969e-01 +2.4082e-02 +6.0270e-02
703 0 +1.822714861e+00 +3.379271486e+01 +3.379271486e+01 -3.9866e-01 -4.7184e-01 +3.6732e-01 -3.5456e-02 -1.4879e-02
732 0 +1.813548562e+00 +3.378354856e+01 +3.378354856e+01 -5.0982e-01 -3.6592e-01 +3.2928e-01 +7.3464e-02 +9.3575e-02
753 0 +1.801176185e+00 +3.377117618e+01 +3.377117618e+01 -4.7250e-01 -3.6519e-01 +3.2131e-01 +6.5736e-02 +8.8862e-02
754 0 +1.798727965e+00 +3.376872796e+01 +3.376872796e+01 -4.0397e-01 -4.6565e-01 +3.8068e-01 -4.1870e-02 -4.7929e-03
776 0 +1.585373814e+00 +3.355537381e+01 +3.355537381e+01 -4.9137e-01 -3.8158e-01 +3.3010e-01 +7.3472e-02 +3.6634e-02
827 0 +1.512826463e+00 +3.348282646e+01 +3.348282646e+01 -4.5436e-01 -3.6048e-01 +3.2273e-01 +3.3200e-02 +4.7957e-02
851 0 +1.408805737e+00 +3.337880574e+01 +3.337880574e+01 -4.9159e-01 -3.5889e-01 +3.1567e-01 +5.8411e-02 +5.3512e-02
876 0 +1.379701710e+00 +3.334970171e+01 +3.334970171e+01 -4.7572e-01 -3.2350e-01 +2.9654e-01 +6.3215e-02 +4.5019e-02
901 0 +1.269958769e+00 +3.323995877e+01 +3.323995877e+01 -5.0063e-01 -3.1327e-01 +3.0586e-01 +6.8373e-02 +5.0628e-02
926 0 +1.214830535e+00 +3.318483054e+01 +3.318483054e+01 -5.2247e-01 -2.8107e-01 +2.9549e-01 +8.1112e-02 +6.7565e-02
977 0 +1.113519242e+00 +3.308351924e+01 +3.308351924e+01 -5.3766e-01 -2.2370e-01 +2.4775e-01 +1.4070e-01 +8.3325e-02
978 0 +1.024510780e+00 +3.299451078e+01 +3.299451078e+01 -5.2903e-01 -2.0926e-01 +2.4384e-01 +1.2346e-01 +8.6750e-02
982 0 +9.872832807e-01 +3.295728328e+01 +3.295728328e+01 -5.4689e-01 -1.9681e-01 +2.5177e-01 +1.2787e-01 +9.2359e-02
1034 0 +9.173450925e-01 +3.288734509e+01 +3.288734509e+01 -5.7245e-01 -9.7743e-02 +2.0817e-01 +1.8711e-01 +1.1161e-01
1051 0 +8.825646965e-01 +3.285256470e+01 +3.285256470e+01 -5.5085e-01 -1.1744e-01 +2.1363e-01 +1.4096e-01 +9.1936e-02
1088 0 +7.584508122e-01 +3.272845081e+01 +3.272845081e+01 -5.5122e-01 -7.2142e-02 +1.9145e-01 +1.8185e-01 +1.2219e-01
1165 0 +6.596201029e-01 +3.262962010e+01 +3.262962010e+01 -5.2210e-01 +4.0212e-02 +1.2577e-01 +1.9250e-01 +1.4377e-01
1179 0 +5.473845360e-01 +3.251738454e+01 +3.251738454e+01 -5.4596e-01 +4.1199e-02 +1.3520e-01 +2.0040e-01 +1.4335e-01
1202 0 +5.449805524e-01 +3.251498055e+01 +3.251498055e+01 -5.4886e-01 +3.0957e-02 +1.3662e-01 +2.0705e-01 +1.3965e-01
% f evaluations | g evaluations | best noise-free fitness - Fopt (5.819000000000e+01) + sum g_i+ | measured fitness | best measured fitness or single-digit g-values | x1 | x2...
1 0 +4.001356762e+02 +4.583256762e+02 +4.583256762e+02 +5.9671e-01 -3.8264e-02 +7.4769e-01 +1.6230e+00 -1.3415e-01
5 0 +2.388933811e+02 +2.970833811e+02 +2.970833811e+02 +1.5656e+00 -1.2578e-01 +1.6753e-01 -1.3247e+00 -4.4438e-01
9 0 +2.005323123e+02 +2.587223123e+02 +2.587223123e+02 +8.3847e-01 +2.7137e-01 -1.5648e-02 -2.0110e-01 -1.3785e+00
17 0 +6.498122217e+01 +1.231712222e+02 +1.231712222e+02 -1.1967e-01 +4.5711e-01 +1.5779e+00 -4.1827e-01 -7.0849e-01
55 0 +4.174844976e+01 +9.993844976e+01 +9.993844976e+01 +1.1891e+00 +2.9428e-01 +7.4898e-01 -5.2193e-01 -3.8191e-01
76 0 +3.328690736e+01 +9.147690736e+01 +9.147690736e+01 +6.4151e-01 +4.9990e-01 +8.2322e-01 +1.0524e-01 -2.9988e-01
89 0 +1.978478455e+01 +7.797478455e+01 +7.797478455e+01 +6.5118e-01 +9.7694e-02 +3.3378e-01 -2.1656e-01 -7.2310e-01
102 0 +1.595172298e+01 +7.414172298e+01 +7.414172298e+01 +4.9978e-01 -1.4768e-01 +5.1341e-01 +1.2280e-01 -3.8506e-01
131 0 +1.552022469e+01 +7.371022469e+01 +7.371022469e+01 +5.1056e-01 +1.5193e-01 +9.6628e-01 -1.3748e-01 -1.3331e-02
134 0 +1.480966846e+01 +7.299966846e+01 +7.299966846e+01 +9.5359e-01 +1.9950e-01 +3.9558e-01 -1.6538e-01 -3.6374e-01
152 0 +9.387887300e+00 +6.757788730e+01 +6.757788730e+01 +8.0314e-01 -1.0717e-01 +4.4297e-01 -1.8944e-01 -5.8064e-01
158 0 +8.023546558e+00 +6.621354656e+01 +6.621354656e+01 +4.1096e-01 +5.2042e-03 -2.4243e-01 -3.6558e-01 -4.4846e-01
176 0 +6.388434258e+00 +6.457843426e+01 +6.457843426e+01 +7.4257e-01 +3.8397e-02 +8.4692e-01 -4.0635e-01 -2.3619e-01
202 0 +5.616044549e+00 +6.380604455e+01 +6.380604455e+01 +5.8548e-01 +2.5379e-02 +5.9080e-01 -2.8522e-01 -3.2720e-01
204 0 +4.740110492e+00 +6.293011049e+01 +6.293011049e+01 +7.4432e-01 +3.2783e-03 +6.6178e-01 -2.1145e-01 -2.1263e-01
232 0 +3.571162881e+00 +6.176116288e+01 +6.176116288e+01 +4.6721e-01 -5.4704e-02 +7.7324e-02 -9.7061e-02 -4.0463e-01
326 0 +3.196684617e+00 +6.138668462e+01 +6.138668462e+01 +6.9625e-01 -2.6150e-02 +3.8441e-01 -1.5318e-01 -4.7019e-01
352 0 +3.163137477e+00 +6.135313748e+01 +6.135313748e+01 +6.5217e-01 +9.2631e-04 +3.7174e-01 -1.5900e-01 -4.3721e-01
406 0 +3.153035288e+00 +6.134303529e+01 +6.134303529e+01 +6.7497e-01 -1.4362e-02 +2.6906e-01 -1.7838e-01 -4.7135e-01
426 0 +2.637429366e+00 +6.082742937e+01 +6.082742937e+01 +6.2450e-01 -4.5706e-02 +2.2790e-01 -1.4471e-01 -5.1411e-01
462 0 +2.548254434e+00 +6.073825443e+01 +6.073825443e+01 +5.8652e-01 -2.1535e-02 +1.8765e-01 -1.2232e-01 -4.6957e-01
489 0 +2.451932133e+00 +6.064193213e+01 +6.064193213e+01 +5.7112e-01 -4.7323e-02 +1.8341e-01 -1.2761e-01 -5.1645e-01
501 0 +2.366979584e+00 +6.055697958e+01 +6.055697958e+01 +5.7728e-01 -6.0475e-02 +1.5629e-01 -1.0542e-01 -4.9112e-01
503 0 +2.360843377e+00 +6.055084338e+01 +6.055084338e+01 +5.4989e-01 -2.6317e-02 +1.1164e-01 -1.1941e-01 -4.9173e-01
531 0 +2.288722933e+00 +6.047872293e+01 +6.047872293e+01 +5.7500e-01 -4.9797e-02 +1.0829e-01 -1.0106e-01 -5.2363e-01
576 0 +2.018766346e+00 +6.020876635e+01 +6.020876635e+01 +5.2284e-01 -5.9910e-02 +6.2623e-02 -1.2986e-01 -5.1960e-01
628 0 +1.841679738e+00 +6.003167974e+01 +6.003167974e+01 +4.5599e-01 -6.6664e-02 -3.6434e-02 -1.1681e-01 -5.4455e-01
716 0 +1.684059815e+00 +5.987405982e+01 +5.987405982e+01 +3.2879e-01 -7.5869e-02 -2.6962e-01 -1.4284e-01 -5.2604e-01
728 0 +1.642086232e+00 +5.983208623e+01 +5.983208623e+01 +2.7271e-01 -1.1094e-01 -2.9058e-01 -1.5617e-01 -5.0578e-01
752 0 +1.602922003e+00 +5.979292200e+01 +5.979292200e+01 +3.1264e-01 -9.7857e-02 -2.3393e-01 -1.3271e-01 -5.1186e-01
758 0 +1.546883511e+00 +5.973688351e+01 +5.973688351e+01 +3.6502e-01 -8.3911e-02 -2.1134e-01 -1.5823e-01 -5.5146e-01
776 0 +1.510830659e+00 +5.970083066e+01 +5.970083066e+01 +3.9640e-01 -7.8548e-02 -1.2108e-01 -1.5266e-01 -5.2185e-01
781 0 +1.483257580e+00 +5.967325758e+01 +5.967325758e+01 +3.3256e-01 -6.6973e-02 -2.2919e-01 -1.7155e-01 -5.4625e-01
795 0 +1.274859100e+00 +5.946485910e+01 +5.946485910e+01 +2.7473e-01 -7.9104e-02 -3.1469e-01 -1.5497e-01 -4.8545e-01
845 0 +1.259410274e+00 +5.944941027e+01 +5.944941027e+01 +2.1884e-01 -8.4444e-02 -3.4344e-01 -1.9246e-01 -4.9410e-01
846 0 +1.255478404e+00 +5.944547840e+01 +5.944547840e+01 +2.9607e-01 -6.2509e-02 -2.3940e-01 -1.5357e-01 -4.7346e-01
851 0 +1.156675266e+00 +5.934667527e+01 +5.934667527e+01 +2.4858e-01 -4.8593e-02 -3.3878e-01 -1.9391e-01 -4.8041e-01
852 0 +9.985808557e-01 +5.918858086e+01 +5.918858086e+01 +2.5711e-01 -6.7069e-02 -3.1386e-01 -1.8400e-01 -4.7796e-01
898 0 +9.554009341e-01 +5.914540093e+01 +5.914540093e+01 +1.3901e-01 -6.8243e-02 -4.2726e-01 -1.6500e-01 -4.3097e-01
927 0 +9.368987971e-01 +5.912689880e+01 +5.912689880e+01 +1.5601e-01 -5.6486e-02 -4.2131e-01 -1.8684e-01 -4.3600e-01
951 0 +8.405313652e-01 +5.903053137e+01 +5.903053137e+01 +1.6514e-01 -6.3332e-02 -4.0747e-01 -1.9465e-01 -4.2733e-01
952 0 +8.156350223e-01 +5.900563502e+01 +5.900563502e+01 +1.8630e-01 -5.7169e-02 -4.0993e-01 -1.8830e-01 -4.1970e-01
978 0 +7.226758404e-01 +5.891267584e+01 +5.891267584e+01 +1.3391e-01 -5.3008e-02 -4.5720e-01 -1.8961e-01 -3.9168e-01
1028 0 +7.198954022e-01 +5.890989540e+01 +5.890989540e+01 +1.2047e-01 -5.1318e-02 -4.6037e-01 -1.7640e-01 -3.9327e-01
1054 0 +6.953311965e-01 +5.888533120e+01 +5.888533120e+01 +1.3456e-01 -5.9994e-02 -4.2238e-01 -1.7270e-01 -3.8350e-01
1062 0 +6.788710019e-01 +5.886887100e+01 +5.886887100e+01 +1.0183e-01 -5.4241e-02 -4.7257e-01 -1.8833e-01 -3.6980e-01
1077 0 +5.943908423e-01 +5.878439084e+01 +5.878439084e+01 +7.4543e-02 -5.3176e-02 -5.0504e-01 -1.7267e-01 -3.5026e-01
1102 0 +5.561136659e-01 +5.874611367e+01 +5.874611367e+01 +2.1873e-03 -5.1562e-02 -5.6515e-01 -1.5769e-01 -2.9952e-01
1127 0 +5.430632728e-01 +5.873306327e+01 +5.873306327e+01 +5.7114e-02 -4.9424e-02 -5.1369e-01 -1.6496e-01 -3.2297e-01
1154 0 +5.045034162e-01 +5.869450342e+01 +5.869450342e+01 +3.9877e-02 -5.3333e-02 -5.0852e-01 -1.5220e-01 -3.2483e-01
1205 0 +4.999325185e-01 +5.868993252e+01 +5.868993252e+01 -2.3650e-02 -3.4196e-02 -5.5759e-01 -1.3445e-01 -2.6021e-01
1207 0 +4.408632897e-01 +5.863086329e+01 +5.863086329e+01 -2.9741e-02 -4.4081e-02 -5.5264e-01 -1.3917e-01 -2.5505e-01
