% f evaluations | g evaluations | best noise-free fitness - Fopt (1.238300000000e+02) + sum g_i+ | measured fitness | best measured fitness or single-digit g-values | x1 | x2...
1 0 +3.290044558e+03 +3.413874558e+03 +3.413874558e+03 +5.9671e-01 -3.8264e-02 +7.4769e-01 +1.6230e+00 -1.3415e-01 -1.3414e-01 +1.6792e+00 +8.6743e-01 -3.6947e-01 +6.4256e-01
2 0 +1.686800048e+03 +1.810630048e+03 +1.810630048e+03 -3.6342e-01 -3.6573e-01 +3.4196e-01 -1.8133e+00 -1.6249e+00 -4.6229e-01 -9.1283e-01 +4.1425e-01 -8.0802e-01 -1.3123e+00
3 0 +9.989359862e+02 +1.122765986e+03 +1.122765986e+03 +1.5656e+00 -1.2578e-01 +1.6753e-01 -1.3247e+00 -4.4438e-01 +2.1092e-01 -1.0510e+00 +4.7570e-01 -5.0064e-01 -1.9169e-01
22 0 +9.264084469e+02 +1.050238447e+03 +1.050238447e+03 +6.7089e-01 +1.2356e+00 +1.0540e+00 +7.5139e-01 -2.1527e-01 +8.5897e-01 -6.7283e-01 -1.3682e-01 -3.8536e-01 +1.8187e-01
31 0 +3.060416277e+02 +4.298716277e+02 +4.298716277e+02 -7.2900e-01 -4.6018e-01 +8.4729e-01 +7.1037e-01 +7.9098e-02 +2.1733e-01 +1.3777e+00 -4.9157e-01 +6.4710e-01 -1.0219e-01
55 0 +2.477609103e+02 +3.715909103e+02 +3.715909103e+02 -8.8126e-01 +7.0424e-01 +3.2319e-01 +3.1536e-01 +4.0180e-01 +2.8157e-01 +4.8354e-01 -2.5193e-01 +1.0701e+00 -2.9862e-01
72 0 +2.041057721e+02 +3.279357721e+02 +3.279357721e+02 -1.5162e-01 +2.4543e-02 +7.6520e-01 -6.6119e-01 -4.2443e-01 -9.5155e-01 -3.0986e-01 -4.1809e-01 +9.2804e-02 -7.3745e-01
131 0 +1.239262514e+02 +2.477562514e+02 +2.477562514e+02 +1.0387e+00 -1.3564e-01 +6.2914e-01 -1.1113e+00 -2.7128e-01 +7.6645e-01 -3.6963e-01 -3.4873e-01 -8.6401e-02 -1.1729e-01
151 0 +5.924529448e+01 +1.830752945e+02 +1.830752945e+02 +3.0933e-01 -1.0634e-01 +2.4631e-01 +5.1905e-01 +1.0066e+00 -2.7869e-01 -2.2981e-01 -3.2900e-01 +6.3050e-01 -6.1977e-01
357 0 +4.675399300e+01 +1.705839930e+02 +1.705839930e+02 -3.6771e-02 -7.8252e-02 +7.6470e-01 +1.9753e-01 +4.3696e-01 +1.1349e-01 -2.4484e-01 -6.2524e-01 +9.3600e-01 -2.2273e-01
404 0 +3.732830383e+01 +1.611583038e+02 +1.611583038e+02 -6.1250e-02 -1.5364e-01 +7.2975e-01 +4.3593e-01 +5.9910e-01 -5.3071e-02 +1.4904e-02 -3.3242e-01 +8.2315e-01 -1.7581e-01
476 0 +3.121477129e+01 +1.550447713e+02 +1.550447713e+02 +2.8978e-01 +2.1972e-01 +4.7140e-01 +5.0453e-01 +3.7875e-01 -6.2291e-02 -2.1223e-01 -3.3148e-01 +7.0519e-01 +2.0307e-02
558 0 +2.904742179e+01 +1.528774218e+02 +1.528774218e+02 -3.1474e-02 -1.9573e-01 +5.0132e-01 +7.4277e-01 +4.8736e-01 +9.5077e-02 -2.7280e-01 -3.8836e-01 +1.2690e+00 -3.1997e-01
601 0 +2.512763645e+01 +1.489576365e+02 +1.489576365e+02 +1.5684e-01 -2.0373e-01 +3.6284e-01 +7.3306e-01 +4.1983e-01 +1.3014e-02 -2.6248e-01 -5.8412e-01 +7.5079e-01 -4.7311e-01
608 0 +2.046903449e+01 +1.442990345e+02 +1.442990345e+02 +9.3490e-03 +1.1400e-01 +4.8268e-01 +9.0861e-01 +5.3580e-01 +9.9945e-02 -7.6161e-03 -4.3352e-01 +8.8064e-01 -2.6526e-01
661 0 +1.937258100e+01 +1.432025810e+02 +1.432025810e+02 -5.0144e-02 +6.3915e-02 +2.8108e-01 +6.9132e-01 +6.6584e-01 -5.0985e-02 -4.1852e-01 -4.4719e-01 +7.5433e-01 -3.4375e-01
802 0 +1.651599431e+01 +1.403459943e+02 +1.403459943e+02 +2.2457e-01 -1.0577e-01 +3.8911e-01 +4.7204e-01 +4.9652e-01 -6.2572e-02 -3.2946e-01 -5.0290e-01 +8.2264e-01 -3.6286e-01
826 0 +1.577082822e+01 +1.396008282e+02 +1.396008282e+02 +1.4253e-01 +4.3181e-02 +5.6169e-01 +6.1259e-01 +4.0821e-01 +6.8354e-03 -3.5394e-01 -4.3273e-01 +8.0807e-01 -2.8029e-01
852 0 +1.465449608e+01 +1.384844961e+02 +1.384844961e+02 +2.3230e-01 -1.4275e-01 +5.0269e-01 +5.2909e-01 +4.8515e-01 -1.9992e-02 -2.7722e-01 -5.3053e-01 +9.0164e-01 -3.4278e-01
855 0 +1.365479632e+01 +1.374847963e+02 +1.374847963e+02 +7.7406e-02 -1.7800e-02 +3.5040e-01 +5.7213e-01 +5.2403e-01 -5.2331e-02 -3.1537e-01 -5.0466e-01 +9.7534e-01 -4.0962e-01
897 0 +1.286690800e+01 +1.366969080e+02 +1.366969080e+02 +1.0571e-01 +1.5929e-02 +5.1124e-01 +7.9454e-01 +6.3034e-01 -2.1808e-02 -3.4126e-01 -5.0796e-01 +1.0639e+00 -2.7750e-01
902 0 +1.217715352e+01 +1.360071535e+02 +1.360071535e+02 +3.4547e-02 +2.4688e-03 +5.1156e-01 +6.1659e-01 +5.5864e-01 -2.8402e-02 -4.2425e-01 -5.4013e-01 +9.3484e-01 -2.9633e-01
903 0 +1.077546527e+01 +1.346054653e+02 +1.346054653e+02 +1.1565e-01 -6.3897e-03 +4.8825e-01 +7.4239e-01 +5.6604e-01 -1.7883e-02 -3.6635e-01 -3.8131e-01 +8.7057e-01 -3.0832e-01
1001 0 +1.026405502e+01 +1.340940550e+02 +1.340940550e+02 +9.2753e-02 -4.3814e-02 +4.4152e-01 +6.7777e-01 +5.7825e-01 -3.6044e-02 -3.2541e-01 -4.3502e-01 +9.1914e-01 -4.0339e-01
1003 0 +1.009989456e+01 +1.339298946e+02 +1.339298946e+02 +7.3258e-02 -2.1457e-02 +5.0881e-01 +6.5294e-01 +5.6994e-01 -3.2649e-02 -2.9447e-01 -5.0000e-01 +9.0800e-01 -3.2841e-01
1005 0 +1.006725555e+01 +1.338972555e+02 +1.338972555e+02 +1.8129e-01 +2.7826e-03 +4.5145e-01 +7.2540e-01 +5.9728e-01 +3.2627e-02 -2.9826e-01 -5.1025e-01 +9.4568e-01 -2.5207e-01
1011 0 +9.722854558e+00 +1.335528546e+02 +1.335528546e+02 +8.2756e-02 -7.0129e-02 +4.9319e-01 +6.8950e-01 +6.1981e-01 +2.1923e-04 -3.8509e-01 -5.0630e-01 +9.1235e-01 -2.7674e-01
1101 0 +9.543087613e+00 +1.333730876e+02 +1.333730876e+02 +7.8293e-02 -7.3763e-02 +4.4999e-01 +7.6918e-01 +5.8846e-01 -2.2466e-02 -2.9866e-01 -4.7236e-01 +9.1060e-01 -2.5471e-01
1153 0 +9.337599378e+00 +1.331675994e+02 +1.331675994e+02 +8.4470e-02 -3.7795e-02 +4.3521e-01 +6.9966e-01 +5.9563e-01 +2.6716e-03 -3.4703e-01 -4.3763e-01 +8.9635e-01 -2.6491e-01
1173 0 +9.323228725e+00 +1.331532287e+02 +1.331532287e+02 +1.2821e-01 -7.6892e-02 +4.6786e-01 +6.6608e-01 +5.5624e-01 -4.6110e-02 -2.9792e-01 -4.4350e-01 +9.1822e-01 -3.0507e-01
1174 0 +9.242010545e+00 +1.330720105e+02 +1.330720105e+02 +1.3749e-01 -8.0408e-03 +4.1865e-01 +6.8549e-01 +6.2382e-01 -1.9894e-02 -2.8264e-01 -4.4714e-01 +9.3738e-01 -3.1302e-01
1203 0 +9.041755839e+00 +1.328717558e+02 +1.328717558e+02 +1.0360e-01 -5.1232e-02 +4.2746e-01 +6.7589e-01 +6.1245e-01 -1.6358e-02 -2.9917e-01 -4.3467e-01 +9.3957e-01 -2.8075e-01
1253 0 +9.036753778e+00 +1.328667538e+02 +1.328667538e+02 +9.4839e-02 -5.2554e-02 +3.9623e-01 +7.1735e-01 +5.7942e-01 -2.2211e-02 -3.4084e-01 -4.7135e-01 +9.4336e-01 -2.9748e-01
1254 0 +8.858954528e+00 +1.326889545e+02 +1.326889545e+02 +1.3276e-01 -4.5176e-02 +4.1658e-01 +7.0933e-01 +5.8580e-01 -2.1379e-02 -2.9942e-01 -4.4863e-01 +9.1017e-01 -2.8315e-01
1354 0 +8.812773085e+00 +1.326427731e+02 +1.326427731e+02 +8.2968e-02 -4.4960e-02 +4.0345e-01 +6.9180e-01 +5.7279e-01 -2.9036e-02 -2.9142e-01 -4.7173e-01 +9.5350e-01 -2.6878e-01
1451 0 +8.508398383e+00 +1.323383984e+02 +1.323383984e+02 +2.9832e-02 +1.9195e-02 +3.6580e-01 +7.2240e-01 +5.4700e-01 -3.3325e-02 -1.9419e-01 -4.6680e-01 +9.5905e-01 -2.7604e-01
1501 0 +8.488650760e+00 +1.323186508e+02 +1.323186508e+02 +1.2449e-02 +3.1251e-02 +3.5653e-01 +7.4559e-01 +5.1937e-01 -5.5040e-02 -1.4689e-01 -4.3768e-01 +9.3983e-01 -2.3775e-01
1554 0 +8.383605304e+00 +1.322136053e+02 +1.322136053e+02 +4.9289e-02 +2.1204e-02 +3.6634e-01 +7.4124e-01 +5.0475e-01 -3.7282e-02 -1.8026e-01 -4.5195e-01 +9.3472e-01 -2.9253e-01
1557 0 +8.203909788e+00 +1.320339098e+02 +1.320339098e+02 -1.7977e-02 +7.0402e-02 +3.2341e-01 +7.2999e-01 +4.2397e-01 -2.7211e-02 -1.2905e-01 -4.2007e-01 +9.3641e-01 -2.4648e-01
1607 0 +8.202970059e+00 +1.320329701e+02 +1.320329701e+02 -9.9132e-03 +3.7897e-02 +3.0048e-01 +7.3989e-01 +4.7009e-01 -1.3528e-02 -1.5030e-01 -4.2467e-01 +9.6704e-01 -2.5447e-01
1691 0 +8.037130645e+00 +1.318671306e+02 +1.318671306e+02 -7.3861e-02 +8.1412e-02 +2.8797e-01 +7.2895e-01 +3.5713e-01 +2.6958e-02 -3.1762e-02 -4.3302e-01 +9.7498e-01 -2.9505e-01
1774 0 +7.976047690e+00 +1.318060477e+02 +1.318060477e+02 -6.7843e-02 +7.5399e-02 +2.2951e-01 +7.4334e-01 +3.4726e-01 +9.7247e-03 +1.1725e-02 -4.2502e-01 +9.9374e-01 -2.0755e-01
1852 0 +7.822541910e+00 +1.316525419e+02 +1.316525419e+02 -8.4712e-02 +9.3261e-02 +2.3161e-01 +7.5853e-01 +3.0633e-01 +3.3385e-02 -1.2833e-02 -3.7237e-01 +9.7512e-01 -2.2959e-01
1901 0 +7.590720912e+00 +1.314207209e+02 +1.314207209e+02 -1.0142e-01 +9.6630e-02 +2.1498e-01 +7.1501e-01 +2.6626e-01 +6.3395e-02 +5.0771e-02 -3.5368e-01 +9.3663e-01 -2.2735e-01
2094 0 +7.388539655e+00 +1.312185397e+02 +1.312185397e+02 -2.2597e-01 +1.5055e-01 +1.7841e-01 +6.9560e-01 +9.5444e-02 +1.4565e-01 +1.6334e-01 -3.4852e-01 +9.1288e-01 -2.1324e-01
2204 0 +7.371427858e+00 +1.312014279e+02 +1.312014279e+02 -2.4715e-01 +1.8043e-01 +2.0713e-01 +6.8778e-01 +1.3946e-01 +1.8921e-01 +1.8379e-01 -3.4242e-01 +9.2790e-01 -2.2362e-01
2310 0 +7.298276324e+00 +1.311282763e+02 +1.311282763e+02 -2.4919e-01 +1.8898e-01 +1.9123e-01 +6.8871e-01 +1.5231e-01 +1.6085e-01 +1.8526e-01 -4.0142e-01 +9.5390e-01 -2.0943e-01
2314 0 +7.066539775e+00 +1.308965398e+02 +1.308965398e+02 -1.7761e-01 +1.3742e-01 +2.0128e-01 +6.7397e-01 +1.5831e-01 +1.9044e-01 +1.7444e-01 -3.5169e-01 +9.5194e-01 -1.9777e-01
2353 0 +7.028644319e+00 +1.308586443e+02 +1.308586443e+02 -1.9809e-01 +1.7093e-01 +1.8513e-01 +6.7925e-01 +1.4551e-01 +1.3258e-01 +1.2203e-01 -3.6448e-01 +9.5778e-01 -1.9602e-01
2405 0 +6.854264444e+00 +1.306842644e+02 +1.306842644e+02 -1.9616e-01 +1.6365e-01 +1.9112e-01 +6.7543e-01 +1.2754e-01 +1.7257e-01 +2.0606e-01 -3.7170e-01 +9.4702e-01 -2.0713e-01
2451 0 +6.751566696e+00 +1.305815667e+02 +1.305815667e+02 -2.1211e-01 +1.8471e-01 +1.7281e-01 +6.7813e-01 +1.3669e-01 +1.7978e-01 +1.7035e-01 -3.6442e-01 +9.4099e-01 -2.3170e-01
% f evaluations | g evaluations | best noise-free fitness - Fopt (4.751000000000e+01) + sum g_i+ | measured fitness | best measured fitness or single-digit g-values | x1 | x2...
1 0 +6.586402251e+03 +6.633912251e+03 +6.633912251e+03 +5.9671e-01 -3.8264e-02 +7.4769e-01 +1.6230e+00 -1.3415e-01 -1.3414e-01 +1.6792e+00 +8.6743e-01 -3.6947e-01 +6.4256e-01
3 0 +2.814880431e+03 +2.862390431e+03 +2.862390431e+03 +1.5656e+00 -1.2578e-01 +1.6753e-01 -1.3247e+00 -4.4438e-01 +2.1092e-01 -1.0510e+00 +4.7570e-01 -5.0064e-01 -1.9169e-01
4 0 +2.605589169e+03 +2.653099169e+03 +2.653099169e+03 -5.0171e-01 +1.9523e+00 +8.6503e-02 -9.5771e-01 +9.2254e-01 -1.1208e+00 +3.0886e-01 -1.8597e+00 -1.2282e+00 +2.9686e-01
6 0 +7.068155918e+02 +7.543255918e+02 +7.543255918e+02 +4.2408e-01 -2.8508e-01 -5.7692e-01 +7.1168e-01 +1.1310e+00 +1.0313e+00 -7.3922e-01 -2.0921e-01 +4.3126e-01 +1.0755e+00
20 0 +3.385041336e+02 +3.860141336e+02 +3.860141336e+02 -3.4651e-01 +9.5640e-01 +3.1409e-01 -1.1457e+00 +2.7318e-01 +4.8532e-01 -7.8386e-01 +2.5373e-01 +1.5821e-01 -1.0430e+00
34 0 +2.560512940e+02 +3.035612940e+02 +3.035612940e+02 +8.7753e-02 -7.9725e-01 +1.7580e-01 -5.7716e-01 +1.0751e+00 -4.7057e-02 -7.2550e-01 -2.2139e-01 +5.1293e-01 -4.6372e-01
62 0 +1.241704468e+02 +1.716804468e+02 +1.716804468e+02 -5.0149e-01 -5.7148e-01 -1.1692e-01 +2.3439e-01 +5.8314e-01 +1.0381e-01 +1.7313e-01 +2.6719e-01 -4.0842e-01 -7.3292e-02
231 0 +1.072370690e+02 +1.547470690e+02 +1.547470690e+02 -6.4984e-01 -1.5126e-01 +7.0114e-01 -5.5488e-01 -2.0802e-01 -3.1791e-01 +4.0278e-01 +8.6241e-02 -8.2824e-02 -8.7020e-02
260 0 +8.745717204e+01 +1.349671720e+02 +1.349671720e+02 -5.1396e-01 -5.2491e-02 -4.9888e-01 -5.7645e-01 +1.4092e+00 -2.7267e-01 -3.8397e-01 +2.9649e-01 +5.4465e-01 -3.4786e-01
286 0 +7.085701577e+01 +1.183670158e+02 +1.183670158e+02 -3.6418e-01 -7.8556e-01 -1.6240e-01 -9.8169e-02 +3.2047e-01 -1.5626e-01 +4.0512e-01 +6.1417e-01 +5.5013e-01 -1.1402e-01
302 0 +6.212890097e+01 +1.096389010e+02 +1.096389010e+02 -7.4562e-01 -2.5753e-01 -3.0154e-01 -3.4713e-01 +1.1680e+00 +1.3513e-01 +2.2859e-01 -9.7619e-02 +3.5513e-01 -2.5045e-01
352 0 +6.006242988e+01 +1.075724299e+02 +1.075724299e+02 -4.5485e-01 -6.0778e-01 +3.1788e-02 -3.5024e-01 +8.3390e-01 +7.6601e-02 +2.5089e-01 +2.0326e-01 +3.3330e-02 -2.4634e-01
355 0 +5.123921597e+01 +9.874921597e+01 +9.874921597e+01 -4.1463e-01 -5.4721e-01 -2.1175e-01 +1.1535e-01 +5.5777e-01 -2.1659e-01 -3.1955e-01 +2.2960e-01 +4.1326e-01 -4.0255e-01
401 0 +4.324244081e+01 +9.075244081e+01 +9.075244081e+01 -7.5852e-01 -5.8923e-01 -7.6866e-02 +4.0571e-02 +6.5670e-01 -2.2561e-01 -3.7214e-02 +3.6634e-02 +3.1370e-01 +7.5738e-02
418 0 +3.510911316e+01 +8.261911316e+01 +8.261911316e+01 -7.9118e-01 -1.1301e-01 +3.4484e-02 -4.6335e-01 +9.0154e-01 -4.3637e-01 +5.5962e-03 +3.5790e-01 +1.9858e-01 -3.1618e-01
451 0 +3.312107432e+01 +8.063107432e+01 +8.063107432e+01 -5.7878e-01 -6.2905e-01 -1.9328e-01 -1.4147e-01 +6.9858e-01 -3.6233e-01 -2.9467e-02 +2.2995e-01 +5.1742e-01 -3.4880e-01
455 0 +2.227830398e+01 +6.978830398e+01 +6.978830398e+01 -6.7388e-01 -4.0893e-01 +1.9657e-02 -2.3284e-01 +1.0395e+00 -2.0976e-01 -2.8450e-02 +2.6132e-01 +1.8528e-01 -3.1166e-01
603 0 +1.284229366e+01 +6.035229366e+01 +6.035229366e+01 -8.9019e-01 -5.6308e-01 +4.6393e-02 -2.3715e-01 +7.8900e-01 -4.1139e-01 -5.6171e-02 +4.6021e-01 +3.4023e-01 -1.8714e-01
901 0 +1.163683990e+01 +5.914683990e+01 +5.914683990e+01 -9.2632e-01 -4.8251e-01 -1.8267e-01 -3.6346e-01 +8.2874e-01 -1.9116e-01 -1.2741e-01 +3.2892e-01 +3.3223e-01 -2.5235e-01
904 0 +1.115048279e+01 +5.866048279e+01 +5.866048279e+01 -9.8175e-01 -5.2310e-01 -1.5504e-01 -3.7497e-01 +8.5322e-01 -2.1433e-01 -1.1563e-01 +3.4581e-01 +2.7676e-01 -1.9735e-01
908 0 +1.034427882e+01 +5.785427882e+01 +5.785427882e+01 -8.9260e-01 -4.9785e-01 -6.5078e-02 -2.1195e-01 +8.6238e-01 -2.3278e-01 -1.2390e-02 +4.6183e-01 +2.6553e-01 -2.6521e-01
1006 0 +1.015709019e+01 +5.766709019e+01 +5.766709019e+01 -9.3375e-01 -4.6226e-01 -1.1640e-01 -3.4703e-01 +8.7414e-01 -2.9565e-01 -9.6384e-02 +3.5846e-01 +2.6801e-01 -2.4085e-01
1012 0 +9.451510955e+00 +5.696151095e+01 +5.696151095e+01 -9.2076e-01 -5.0079e-01 -2.0020e-01 -3.1281e-01 +8.6923e-01 -2.8884e-01 -1.6543e-02 +3.2212e-01 +2.6942e-01 -2.4054e-01
1151 0 +9.184657400e+00 +5.669465740e+01 +5.669465740e+01 -8.9251e-01 -5.3817e-01 -1.2243e-01 -2.3310e-01 +8.9567e-01 -3.3494e-01 -1.9526e-02 +3.7622e-01 +2.5690e-01 -1.9683e-01
1203 0 +9.098859971e+00 +5.660885997e+01 +5.660885997e+01 -8.7708e-01 -5.2582e-01 -9.2630e-02 -2.0642e-01 +8.1616e-01 -3.0260e-01 +1.2548e-02 +4.3496e-01 +2.0976e-01 -2.0808e-01
1208 0 +9.062416047e+00 +5.657241605e+01 +5.657241605e+01 -8.9741e-01 -5.7335e-01 -1.4461e-01 -2.3004e-01 +8.6305e-01 -3.2278e-01 -4.8285e-03 +4.1728e-01 +2.7665e-01 -2.2691e-01
1251 0 +8.718289456e+00 +5.622828946e+01 +5.622828946e+01 -8.8891e-01 -5.3963e-01 -1.0580e-01 -2.2435e-01 +8.6144e-01 -3.3301e-01 +1.2507e-02 +4.1151e-01 +2.4670e-01 -2.4338e-01
1389 0 +8.677738862e+00 +5.618773886e+01 +5.618773886e+01 -8.3678e-01 -6.3720e-01 -6.4709e-02 -1.9176e-01 +7.2431e-01 -3.4482e-01 +4.9845e-02 +4.7213e-01 +2.3584e-01 -2.6994e-01
1452 0 +8.423418912e+00 +5.593341891e+01 +5.593341891e+01 -8.4440e-01 -6.1766e-01 -5.2074e-02 -2.1535e-01 +7.5966e-01 -3.4417e-01 +4.4110e-02 +4.5052e-01 +2.3021e-01 -2.8534e-01
1508 0 +8.166937286e+00 +5.567693729e+01 +5.567693729e+01 -8.2232e-01 -6.2424e-01 +4.2188e-03 -1.8711e-01 +6.8543e-01 -3.7021e-01 +9.5842e-02 +4.6501e-01 +1.9793e-01 -2.6107e-01
1552 0 +8.166737344e+00 +5.567673734e+01 +5.567673734e+01 -7.9711e-01 -6.1080e-01 +3.1717e-02 -1.9218e-01 +6.5310e-01 -3.4122e-01 +8.5607e-02 +4.9756e-01 +2.2746e-01 -3.0899e-01
1573 0 +8.149324054e+00 +5.565932405e+01 +5.565932405e+01 -8.3802e-01 -6.1213e-01 +4.3899e-02 -1.7824e-01 +6.0863e-01 -3.5691e-01 +1.0558e-01 +4.9089e-01 +2.0589e-01 -3.0944e-01
1604 0 +8.018701073e+00 +5.552870107e+01 +5.552870107e+01 -7.6972e-01 -6.0729e-01 +1.0244e-02 -1.7406e-01 +5.8056e-01 -4.0629e-01 +1.2478e-01 +4.7393e-01 +1.9429e-01 -3.1095e-01
1693 0 +7.950629249e+00 +5.546062925e+01 +5.546062925e+01 -7.6986e-01 -5.8595e-01 +1.2252e-01 -2.4992e-01 +4.9840e-01 -4.4187e-01 +1.7622e-01 +5.0524e-01 +1.5233e-01 -3.4938e-01
1801 0 +7.916541033e+00 +5.542654103e+01 +5.542654103e+01 -7.2705e-01 -6.5216e-01 +1.0887e-01 -2.1892e-01 +4.7092e-01 -4.3475e-01 +2.2354e-01 +4.9590e-01 +1.6668e-01 -3.2247e-01
1802 0 +7.895805640e+00 +5.540580564e+01 +5.540580564e+01 -7.5278e-01 -6.5674e-01 +1.2801e-01 -1.9659e-01 +4.8697e-01 -4.1204e-01 +2.0039e-01 +5.2267e-01 +1.6387e-01 -3.7414e-01
1905 0 +7.814203923e+00 +5.532420392e+01 +5.532420392e+01 -7.8530e-01 -6.3550e-01 +1.0720e-01 -1.8476e-01 +5.0206e-01 -4.0774e-01 +1.7048e-01 +5.6057e-01 +2.0248e-01 -3.3539e-01
1906 0 +7.632595787e+00 +5.514259579e+01 +5.514259579e+01 -7.7945e-01 -6.2119e-01 +9.3952e-02 -2.0316e-01 +4.8201e-01 -4.4104e-01 +1.6860e-01 +5.4482e-01 +1.7504e-01 -3.1290e-01
1958 0 +7.587337937e+00 +5.509733794e+01 +5.509733794e+01 -7.0291e-01 -6.6410e-01 +1.2312e-01 -2.1497e-01 +4.2324e-01 -4.5840e-01 +2.1913e-01 +5.4550e-01 +1.4708e-01 -3.3766e-01
1967 0 +7.501124867e+00 +5.501112487e+01 +5.501112487e+01 -7.4266e-01 -6.1089e-01 +1.3194e-01 -1.9404e-01 +4.6586e-01 -4.4855e-01 +1.8795e-01 +5.5404e-01 +1.6272e-01 -3.5778e-01
1970 0 +7.472363056e+00 +5.498236306e+01 +5.498236306e+01 -7.2469e-01 -6.3242e-01 +1.6724e-01 -2.1288e-01 +4.0829e-01 -4.3193e-01 +2.0922e-01 +5.2394e-01 +1.3743e-01 -3.4888e-01
2002 0 +7.189960398e+00 +5.469996040e+01 +5.469996040e+01 -6.9929e-01 -6.2158e-01 +1.4841e-01 -2.3130e-01 +3.8680e-01 -4.2372e-01 +1.9782e-01 +5.5103e-01 +1.5969e-01 -3.7405e-01
2005 0 +7.108091444e+00 +5.461809144e+01 +5.461809144e+01 -7.0412e-01 -6.0269e-01 +1.9048e-01 -2.4987e-01 +3.3816e-01 -4.6976e-01 +2.3139e-01 +5.2546e-01 +1.6830e-01 -3.6653e-01
2103 0 +7.068967087e+00 +5.457896709e+01 +5.457896709e+01 -7.0142e-01 -6.1865e-01 +1.9313e-01 -2.4760e-01 +3.2580e-01 -4.3684e-01 +2.3279e-01 +5.4962e-01 +1.4362e-01 -3.8858e-01
2254 0 +6.888091730e+00 +5.439809173e+01 +5.439809173e+01 -6.5056e-01 -5.9153e-01 +2.2948e-01 -2.7740e-01 +2.8386e-01 -4.3779e-01 +2.4876e-01 +5.0980e-01 +1.4227e-01 -3.8770e-01
2303 0 +6.738779452e+00 +5.424877945e+01 +5.424877945e+01 -6.0351e-01 -6.3400e-01 +2.2068e-01 -3.1127e-01 +2.2647e-01 -4.3475e-01 +2.8619e-01 +5.1069e-01 +1.0130e-01 -4.0267e-01
2356 0 +6.572446211e+00 +5.408244621e+01 +5.408244621e+01 -5.9518e-01 -6.0223e-01 +2.5094e-01 -3.1646e-01 +1.8898e-01 -4.8623e-01 +3.0962e-01 +4.8775e-01 +1.0268e-01 -4.2625e-01
% f evaluations | g evaluations | best noise-free fitness - Fopt (5.534000000000e+01) + sum g_i+ | measured fitness | best measured fitness or single-digit g-values | x1 | x2...
1 0 +1.023923227e+03 +1.079263227e+03 +1.079263227e+03 +5.9671e-01 -3.8264e-02 +7.4769e-01 +1.6230e+00 -1.3415e-01 -1.3414e-01 +1.6792e+00 +8.6743e-01 -3.6947e-01 +6.4256e-01
9 0 +7.990277377e+02 +8.543677377e+02 +8.543677377e+02 -1.1967e-01 +4.5711e-01 +1.5779e+00 -4.1827e-01 -7.0849e-01 -4.0176e-01 +1.0154e+00 +4.2875e-01 -4.2976e-01 +6.1327e-01
10 0 +3.214354854e+02 +3.767754854e+02 +3.767754854e+02 +1.9708e-01 +1.0686e+00 -6.0205e-01 -2.2766e-01 -2.9211e-01 -1.3635e+00 +3.9612e-01 +3.6106e-01 +1.0511e-01 -1.3459e-01
58 0 +2.095108263e+02 +2.648508263e+02 +2.648508263e+02 +6.0410e-01 +1.3403e+00 -4.3483e-01 -5.0675e-01 +9.4961e-01 +2.5327e-01 +5.8963e-01 +3.1403e-01 +7.0789e-01 -2.5171e-01
147 0 +1.569051903e+02 +2.122451903e+02 +2.122451903e+02 -2.6486e-01 +2.8461e-01 -3.1571e-02 -3.5260e-01 +3.2701e-01 +6.3089e-01 -2.7116e-01 +1.9185e-01 -1.0609e+00 +2.9647e-01
161 0 +1.312319235e+02 +1.865719235e+02 +1.865719235e+02 -3.1503e-01 +1.3939e+00 +5.7339e-01 -6.9718e-04 -6.5404e-02 -4.9040e-01 +1.5596e-01 +5.2017e-01 +9.6728e-01 -2.6208e-01
201 0 +3.118132734e+01 +8.652132734e+01 +8.652132734e+01 +6.6624e-01 +1.0789e+00 -3.2744e-01 -1.9601e-01 -6.3025e-02 -2.9537e-01 +4.0318e-01 +3.4275e-01 +1.1242e+00 +2.7308e-01
455 0 +1.860831868e+01 +7.394831868e+01 +7.394831868e+01 +7.2506e-02 +4.9425e-01 -5.8352e-01 +1.9956e-01 -3.7925e-01 -4.2965e-01 -3.7148e-01 +5.9530e-01 +4.6804e-01 +2.8054e-01
756 0 +1.575965482e+01 +7.109965482e+01 +7.109965482e+01 +5.7111e-02 +6.3294e-01 -3.9865e-01 +1.0634e-01 -3.1086e-01 -4.4452e-01 -5.5123e-01 +3.3739e-01 +5.6444e-01 +1.7555e-01
830 0 +1.462569801e+01 +6.996569801e+01 +6.996569801e+01 -9.4367e-02 +6.2939e-01 -4.0341e-01 -7.7049e-02 -1.2566e-01 -3.8907e-01 -4.1547e-01 +5.0812e-01 +6.4693e-01 +1.8413e-01
835 0 +1.178680938e+01 +6.712680938e+01 +6.712680938e+01 -2.5783e-02 +6.3716e-01 -4.5342e-01 -3.5434e-02 -3.8991e-01 -4.5904e-01 -3.6628e-01 +6.2666e-01 +7.5582e-01 +1.9369e-01
903 0 +1.064564430e+01 +6.598564430e+01 +6.598564430e+01 -1.8699e-01 +7.4217e-01 -3.0885e-01 -1.0274e-01 -2.7761e-01 -4.1291e-01 -4.0841e-01 +5.4326e-01 +7.7309e-01 +1.5715e-01
1001 0 +1.061231254e+01 +6.595231254e+01 +6.595231254e+01 -1.3454e-01 +7.1770e-01 -4.0952e-01 -4.9413e-02 -2.8659e-01 -4.1449e-01 -3.6860e-01 +5.5064e-01 +7.9630e-01 +1.3526e-01
1002 0 +8.830295790e+00 +6.417029579e+01 +6.417029579e+01 -1.2615e-01 +7.2361e-01 -3.9600e-01 -8.0643e-02 -3.7760e-01 -3.8138e-01 -4.0133e-01 +5.9467e-01 +7.8492e-01 +2.3816e-01
1185 0 +8.809552505e+00 +6.414955251e+01 +6.414955251e+01 -9.8694e-02 +7.4699e-01 -3.1756e-01 -1.8595e-01 -3.0547e-01 -3.6826e-01 -3.5103e-01 +5.9232e-01 +8.1710e-01 +1.7171e-01
1207 0 +8.625328625e+00 +6.396532863e+01 +6.396532863e+01 -9.6940e-02 +7.4120e-01 -3.6861e-01 -1.7783e-01 -3.4742e-01 -4.0160e-01 -3.8261e-01 +5.9983e-01 +7.7558e-01 +1.8439e-01
1254 0 +8.594875337e+00 +6.393487534e+01 +6.393487534e+01 -1.1906e-01 +7.1678e-01 -3.9980e-01 -1.7110e-01 -3.5256e-01 -4.0937e-01 -3.8093e-01 +6.0721e-01 +7.8251e-01 +2.1258e-01
1257 0 +8.318524553e+00 +6.365852455e+01 +6.365852455e+01 -1.3166e-01 +7.1862e-01 -3.9930e-01 -1.2763e-01 -3.5185e-01 -3.9819e-01 -3.9307e-01 +5.3967e-01 +7.7038e-01 +2.1561e-01
1355 0 +8.316920222e+00 +6.365692022e+01 +6.365692022e+01 -7.4820e-02 +7.0993e-01 -4.3692e-01 -1.1887e-01 -3.6056e-01 -3.8644e-01 -4.4398e-01 +5.6880e-01 +7.2268e-01 +2.1175e-01
1358 0 +8.155112785e+00 +6.349511279e+01 +6.349511279e+01 -6.9566e-02 +6.7686e-01 -4.6270e-01 -9.3311e-02 -3.7748e-01 -3.4306e-01 -4.4227e-01 +5.2274e-01 +7.2769e-01 +2.1914e-01
1373 0 +8.019247475e+00 +6.335924748e+01 +6.335924748e+01 -1.1300e-01 +6.9838e-01 -4.7496e-01 -8.1024e-02 -3.7354e-01 -3.8564e-01 -4.3427e-01 +5.0517e-01 +6.9622e-01 +1.9985e-01
1412 0 +7.849782911e+00 +6.318978291e+01 +6.318978291e+01 -9.1542e-02 +6.5204e-01 -5.0354e-01 -5.4854e-02 -3.6653e-01 -4.0343e-01 -4.5707e-01 +4.8366e-01 +6.7385e-01 +2.5452e-01
1690 0 +7.762302433e+00 +6.310230243e+01 +6.310230243e+01 +5.4884e-02 +5.6122e-01 -6.6965e-01 +4.7683e-02 -4.1769e-01 -3.6032e-01 -4.8273e-01 +3.5405e-01 +5.5829e-01 +2.6747e-01
1715 0 +7.345797915e+00 +6.268579791e+01 +6.268579791e+01 +8.7149e-02 +5.5956e-01 -6.7289e-01 +6.8587e-02 -4.2772e-01 -3.8553e-01 -4.9568e-01 +3.1875e-01 +4.9461e-01 +2.5421e-01
1908 0 +7.156539375e+00 +6.249653938e+01 +6.249653938e+01 +1.5737e-01 +4.5661e-01 -7.2371e-01 +1.1671e-01 -4.4203e-01 -4.3221e-01 -5.7059e-01 +2.3245e-01 +4.9250e-01 +2.4803e-01
1954 0 +6.906872608e+00 +6.224687261e+01 +6.224687261e+01 +1.5959e-01 +4.3049e-01 -7.0229e-01 +1.9930e-01 -4.7107e-01 -3.9848e-01 -5.6988e-01 +2.0242e-01 +4.3556e-01 +1.8673e-01
2102 0 +6.719657672e+00 +6.205965767e+01 +6.205965767e+01 +1.4841e-01 +4.1960e-01 -7.2058e-01 +1.5473e-01 -4.3469e-01 -4.0128e-01 -5.5175e-01 +2.1867e-01 +4.3377e-01 +2.0115e-01
2154 0 +6.613311409e+00 +6.195331141e+01 +6.195331141e+01 +1.2890e-01 +4.4632e-01 -6.6294e-01 +1.2846e-01 -4.2094e-01 -4.0367e-01 -5.3421e-01 +2.2580e-01 +4.4875e-01 +2.0924e-01
2201 0 +6.540892493e+00 +6.188089249e+01 +6.188089249e+01 +1.5437e-01 +4.5020e-01 -6.6652e-01 +1.5980e-01 -4.5257e-01 -4.3074e-01 -5.4525e-01 +2.3296e-01 +4.4234e-01 +1.8918e-01
2210 0 +6.343335443e+00 +6.168333544e+01 +6.168333544e+01 +1.7291e-01 +4.2425e-01 -7.0049e-01 +1.8159e-01 -4.3706e-01 -4.3962e-01 -5.3842e-01 +1.7074e-01 +4.1089e-01 +1.7441e-01
2211 0 +6.286579543e+00 +6.162657954e+01 +6.162657954e+01 +1.8164e-01 +4.0539e-01 -7.0135e-01 +1.6476e-01 -4.4208e-01 -4.3630e-01 -5.1620e-01 +1.3052e-01 +4.3197e-01 +1.7453e-01
2259 0 +6.252614527e+00 +6.159261453e+01 +6.159261453e+01 +2.7092e-01 +3.2449e-01 -7.1666e-01 +1.8364e-01 -4.6855e-01 -4.6909e-01 -5.1469e-01 +6.2038e-02 +4.0670e-01 +1.4155e-01
2363 0 +6.112765290e+00 +6.145276529e+01 +6.145276529e+01 +2.2350e-01 +3.5958e-01 -6.8030e-01 +2.0793e-01 -4.7842e-01 -4.3606e-01 -5.3888e-01 +1.0751e-01 +4.2153e-01 +1.3607e-01
2451 0 +5.804461640e+00 +6.114446164e+01 +6.114446164e+01 +2.5263e-01 +2.9449e-01 -7.0845e-01 +2.4603e-01 -4.5372e-01 -4.7956e-01 -5.1897e-01 -2.2947e-03 +3.4610e-01 +9.3881e-02
2462 0 +5.800314734e+00 +6.114031473e+01 +6.114031473e+01 +2.6406e-01 +2.2356e-01 -6.8073e-01 +2.3656e-01 -4.6450e-01 -4.8176e-01 -4.8831e-01 -5.0875e-02 +3.5212e-01 +8.4718e-02
% f evaluations | g evaluations | best noise-free fitness - Fopt (-9.033000000000e+01) + sum g_i+ | measured fitness | best measured fitness or single-digit g-values | x1 | x2...
1 0 +2.444699479e+03 +2.354369479e+03 +2.354369479e+03 +5.9671e-01 -3.8264e-02 +7.4769e-01 +1.6230e+00 -1.3415e-01 -1.3414e-01 +1.6792e+00 +8.6743e-01 -3.6947e-01 +6.4256e-01
3 0 +1.314897473e+03 +1.224567473e+03 +1.224567473e+03 +1.5656e+00 -1.2578e-01 +1.6753e-01 -1.3247e+00 -4.4438e-01 +2.1092e-01 -1.0510e+00 +4.7570e-01 -5.0064e-01 -1.9169e-01
4 0 +1.250276144e+03 +1.159946144e+03 +1.159946144e+03 -5.0171e-01 +1.9523e+00 +8.6503e-02 -9.5771e-01 +9.2254e-01 -1.1208e+00 +3.0886e-01 -1.8597e+00 -1.2282e+00 +2.9686e-01
7 0 +8.598506198e+02 +7.695206198e+02 +7.695206198e+02 -3.7917e-01 -8.5659e-02 -1.0063e+00 -1.0962e+00 +9.1253e-01 +1.4562e+00 +2.7990e-02 +1.1035e+00 +4.6164e-01 -5.4512e-01
10 0 +3.269921739e+02 +2.366621739e+02 +2.366621739e+02 +1.9708e-01 +1.0686e+00 -6.0205e-01 -2.2766e-01 -2.9211e-01 -1.3635e+00 +3.9612e-01 +3.6106e-01 +1.0511e-01 -1.3459e-01
35 0 +3.255980972e+02 +2.352680972e+02 +2.352680972e+02 -7.2222e-01 +3.4369e-01 +3.4497e-01 -4.0694e-01 -3.7104e-01 +3.3205e-01 -1.3481e+00 -1.3075e+00 -6.1844e-01 -1.1345e-01
51 0 +2.365086510e+02 +1.461786510e+02 +1.461786510e+02 -4.5573e-01 +7.3711e-01 +7.9696e-01 -1.2967e+00 +2.8581e-01 -1.2096e-01 -1.0273e+00 -8.2730e-01 -1.7492e-01 -2.7698e-01
157 0 +1.587420767e+02 +6.841207669e+01 +6.841207669e+01 -2.9674e-02 +1.0702e+00 +4.5580e-02 -1.4156e-01 -4.4260e-01 -3.5489e-01 +1.5716e-01 -1.6101e-01 -2.6670e-01 +1.5023e-01
215 0 +1.248780711e+02 +3.454807112e+01 +3.454807112e+01 -1.5725e-01 -3.4470e-02 +1.3182e-01 -4.3194e-01 +9.7596e-01 +4.9366e-02 -1.3185e-01 -5.2635e-01 +2.8676e-01 +9.4524e-01
270 0 +1.089758698e+02 +1.864586983e+01 +1.864586983e+01 -4.6783e-01 +3.0679e-01 +2.2700e-02 -8.8135e-01 +2.5489e-02 -4.8621e-01 +4.7917e-01 -1.2576e+00 -2.2249e-01 +6.1266e-03
353 0 +8.417338920e+01 -6.156610796e+00 -6.156610796e+00 +7.2141e-02 +4.2573e-01 -4.4936e-01 -5.8923e-01 -5.4990e-02 +2.7679e-01 -3.8628e-01 -5.5982e-01 -2.4201e-01 +2.3995e-01
355 0 +6.472447962e+01 -2.560552038e+01 -2.560552038e+01 -8.3490e-02 +1.6727e-01 +4.7064e-02 -9.0837e-01 +1.6950e-01 -4.3772e-01 -5.0086e-01 -5.9501e-01 -5.5423e-01 -3.8097e-01
357 0 +6.470705706e+01 -2.562294294e+01 -2.562294294e+01 -3.5390e-01 +4.3032e-01 +1.0821e-01 -5.0128e-01 -4.4513e-01 -3.7586e-01 +1.8653e-01 -8.0513e-01 -1.4722e-01 +1.0059e-01
370 0 +5.695093082e+01 -3.337906918e+01 -3.337906918e+01 +3.2459e-02 +1.8275e-01 -1.1342e-01 -4.3167e-01 +9.4907e-02 -1.5050e-01 -6.0710e-01 -4.7509e-01 -5.8988e-02 -3.2216e-02
452 0 +4.891368945e+01 -4.141631055e+01 -4.141631055e+01 -1.5277e-01 +1.6969e-01 -9.8818e-03 -7.2537e-01 +8.0405e-02 -4.1654e-01 -6.2326e-01 -8.3493e-01 -3.0502e-01 -3.1093e-01
456 0 +4.847993764e+01 -4.185006236e+01 -4.185006236e+01 -1.6506e-01 +1.3624e-01 +2.0020e-02 -9.6225e-01 -4.1011e-02 -2.8127e-01 -2.9362e-01 -9.6052e-01 -5.8526e-02 +1.7981e-01
481 0 +2.471821785e+01 -6.561178215e+01 -6.561178215e+01 +4.4386e-02 +6.1667e-01 -1.4600e-01 -6.6914e-01 +1.2876e-01 -4.0644e-01 -2.7306e-01 -7.2689e-01 -4.1009e-01 +3.8469e-01
554 0 +2.163894347e+01 -6.869105653e+01 -6.869105653e+01 +7.0146e-02 +6.2187e-01 -2.2885e-01 -9.4241e-01 -1.4563e-01 -4.0695e-01 -2.7877e-01 -6.9780e-01 -5.6999e-01 +1.7548e-01
751 0 +2.001242210e+01 -7.031757790e+01 -7.031757790e+01 -3.3196e-03 +7.5908e-01 -1.9859e-01 -1.0353e+00 -1.5135e-01 -1.7395e-01 -4.6396e-01 -8.7408e-01 -6.2784e-01 -5.8640e-02
801 0 +1.798423520e+01 -7.234576480e+01 -7.234576480e+01 -1.0257e-01 +6.2927e-01 +8.1748e-02 -1.0084e+00 -1.6359e-01 -2.0865e-01 -1.9421e-01 -7.6024e-01 -5.4372e-01 -8.5470e-02
808 0 +1.200307040e+01 -7.832692960e+01 -7.832692960e+01 -2.3571e-01 +6.3975e-01 -7.5136e-02 -7.7511e-01 -1.2048e-01 -3.0885e-01 -3.3512e-01 -7.6901e-01 -4.1443e-01 +6.9590e-02
1001 0 +1.056951928e+01 -7.976048072e+01 -7.976048072e+01 -2.0590e-01 +5.5109e-01 -1.4908e-01 -7.7080e-01 +4.0579e-02 -4.3710e-01 -3.9299e-01 -7.6103e-01 -5.4742e-01 +1.0752e-01
1003 0 +9.616240309e+00 -8.071375969e+01 -8.071375969e+01 -1.9076e-01 +6.1955e-01 -8.8284e-02 -8.7989e-01 -1.4453e-01 -3.2795e-01 -3.4760e-01 -8.1983e-01 -4.8967e-01 +1.0353e-01
1151 0 +9.518388844e+00 -8.081161116e+01 -8.081161116e+01 -2.2997e-01 +5.5199e-01 -8.0859e-02 -8.2571e-01 -6.3895e-03 -4.9744e-01 -3.2072e-01 -7.8103e-01 -4.6673e-01 +1.0862e-01
1209 0 +9.496740406e+00 -8.083325959e+01 -8.083325959e+01 -2.6587e-01 +5.8678e-01 -1.4438e-01 -7.0545e-01 +6.3189e-02 -4.4824e-01 -3.0215e-01 -8.0751e-01 -5.0057e-01 +1.4210e-01
1256 0 +8.870730587e+00 -8.145926941e+01 -8.145926941e+01 -1.9631e-01 +6.0300e-01 -8.1441e-02 -8.2823e-01 -1.5116e-02 -3.7286e-01 -2.8913e-01 -7.9196e-01 -5.3906e-01 +1.2612e-01
1353 0 +8.850987845e+00 -8.147901215e+01 -8.147901215e+01 -2.2373e-01 +5.4266e-01 -7.8405e-02 -8.4264e-01 -3.5991e-02 -4.2326e-01 -3.2299e-01 -7.8464e-01 -5.1000e-01 +1.3142e-01
1412 0 +8.744566346e+00 -8.158543365e+01 -8.158543365e+01 -2.3993e-01 +5.7998e-01 -1.0924e-01 -8.2598e-01 +8.7803e-03 -3.9680e-01 -2.5205e-01 -8.0204e-01 -5.0129e-01 +1.3911e-01
1458 0 +8.516038370e+00 -8.181396163e+01 -8.181396163e+01 -2.0322e-01 +5.8467e-01 -1.0586e-01 -8.0955e-01 +6.9479e-03 -4.3461e-01 -2.7015e-01 -7.7823e-01 -4.9364e-01 +1.1838e-01
1512 0 +8.493331584e+00 -8.183666842e+01 -8.183666842e+01 -2.4329e-01 +5.5826e-01 -1.0665e-01 -7.9365e-01 +6.3004e-02 -4.2786e-01 -2.3915e-01 -7.8927e-01 -4.7812e-01 +1.5507e-01
1554 0 +8.229676650e+00 -8.210032335e+01 -8.210032335e+01 -1.9769e-01 +5.4218e-01 -1.1589e-01 -7.5918e-01 +9.1536e-02 -4.5625e-01 -2.2778e-01 -7.7410e-01 -4.7177e-01 +1.7617e-01
1752 0 +8.064793374e+00 -8.226520663e+01 -8.226520663e+01 -1.5211e-01 +5.3631e-01 -1.4373e-01 -6.2459e-01 +2.4600e-01 -4.8075e-01 -2.0126e-01 -7.6049e-01 -4.0273e-01 +2.8641e-01
1753 0 +7.995123281e+00 -8.233487672e+01 -8.233487672e+01 -1.8965e-01 +5.3947e-01 -1.4629e-01 -6.4479e-01 +2.2245e-01 -4.8451e-01 -1.8142e-01 -8.1384e-01 -4.5022e-01 +2.6123e-01
1883 0 +7.940089898e+00 -8.238991010e+01 -8.238991010e+01 -1.4107e-01 +5.1606e-01 -1.7005e-01 -6.4348e-01 +3.3223e-01 -4.6066e-01 -9.8248e-02 -7.7849e-01 -4.1218e-01 +3.6458e-01
1952 0 +7.862180581e+00 -8.246781942e+01 -8.246781942e+01 -1.1893e-01 +5.2569e-01 -1.9136e-01 -5.9033e-01 +3.5287e-01 -4.7061e-01 -6.7435e-02 -7.8807e-01 -3.7779e-01 +3.2099e-01
1977 0 +7.350627555e+00 -8.297937244e+01 -8.297937244e+01 -1.0605e-01 +5.0340e-01 -1.6730e-01 -5.3476e-01 +3.7399e-01 -4.7217e-01 -3.1980e-02 -7.5531e-01 -3.6232e-01 +3.9396e-01
2102 0 +7.175230787e+00 -8.315476921e+01 -8.315476921e+01 -9.3349e-02 +4.8582e-01 -2.0186e-01 -5.1356e-01 +3.6963e-01 -4.6400e-01 -2.1821e-02 -7.8493e-01 -3.8074e-01 +4.2074e-01
2203 0 +7.128401882e+00 -8.320159812e+01 -8.320159812e+01 -7.6446e-02 +4.3936e-01 -1.8797e-01 -4.8286e-01 +3.9958e-01 -4.3600e-01 -5.3110e-03 -7.7718e-01 -3.2945e-01 +4.3558e-01
2256 0 +7.100647767e+00 -8.322935223e+01 -8.322935223e+01 -1.0101e-01 +4.6381e-01 -1.7766e-01 -5.1399e-01 +3.8065e-01 -4.4025e-01 -4.3504e-02 -7.5468e-01 -4.0922e-01 +3.8356e-01
2261 0 +6.943394381e+00 -8.338660562e+01 -8.338660562e+01 -4.6347e-02 +4.4186e-01 -1.3202e-01 -4.7520e-01 +4.0180e-01 -4.4365e-01 +5.4162e-03 -7.9127e-01 -3.5155e-01 +4.3329e-01
2403 0 +6.886939159e+00 -8.344306084e+01 -8.344306084e+01 -9.6619e-03 +4.2325e-01 -1.5763e-01 -4.7351e-01 +4.4882e-01 -3.6719e-01 +1.1730e-01 -7.7646e-01 -3.1945e-01 +4.8904e-01
2410 0 +6.798648531e+00 -8.353135147e+01 -8.353135147e+01 +1.3196e-02 +3.9480e-01 -1.6334e-01 -4.4787e-01 +4.5682e-01 -3.9882e-01 +9.5961e-02 -7.4995e-01 -3.4242e-01 +4.7744e-01
2452 0 +6.708414822e+00 -8.362158518e+01 -8.362158518e+01 +1.6729e-02 +3.5649e-01 -1.2624e-01 -4.7600e-01 +4.6704e-01 -4.0340e-01 +1.2864e-01 -7.6242e-01 -3.2515e-01 +5.1389e-01
2474 0 +6.564870308e+00 -8.376512969e+01 -8.376512969e+01 -4.4683e-03 +3.6241e-01 -1.5893e-01 -4.4977e-01 +4.8681e-01 -3.8731e-01 +1.3922e-01 -7.4733e-01 -3.1422e-01 +5.5266e-01
% f evaluations | g evaluations | best noise-free fitness - Fopt (6.561000000000e+01) + sum g_i+ | measured fitness | best measured fitness or single-digit g-values | x1 | x2...
1 0 +2.238440594e+03 +2.304050594e+03 +2.304050594e+03 +5.9671e-01 -3.8264e-02 +7.4769e-01 +1.6230e+00 -1.3415e-01 -1.3414e-01 +1.6792e+00 +8.6743e-01 -3.6947e-01 +6.4256e-01
3 0 +6.909469089e+02 +7.565569089e+02 +7.565569089e+02 +1.5656e+00 -1.2578e-01 +1.6753e-01 -1.3247e+00 -4.4438e-01 +2.1092e-01 -1.0510e+00 +4.7570e-01 -5.0064e-01 -1.9169e-01
6 0 +5.142907129e+02 +5.799007129e+02 +5.799007129e+02 +4.2408e-01 -2.8508e-01 -5.7692e-01 +7.1168e-01 +1.1310e+00 +1.0313e+00 -7.3922e-01 -2.0921e-01 +4.3126e-01 +1.0755e+00
22 0 +3.547311215e+02 +4.203411215e+02 +4.203411215e+02 +6.7089e-01 +1.2356e+00 +1.0540e+00 +7.5139e-01 -2.1527e-01 +8.5897e-01 -6.7283e-01 -1.3682e-01 -3.8536e-01 +1.8187e-01
41 0 +3.360756058e+02 +4.016856058e+02 +4.016856058e+02 -1.4944e+00 -4.9938e-01 +1.0524e-01 +1.4698e-01 -3.5007e-01 +7.2285e-01 -9.6762e-01 -4.2379e-02 +2.2030e-01 +6.1444e-01
54 0 +2.163636637e+02 +2.819736637e+02 +2.819736637e+02 -7.7788e-01 +2.7188e-02 -2.3899e-01 +3.2950e-01 +4.2180e-01 +9.2240e-02 -1.1739e+00 -4.5872e-01 +3.6578e-01 +6.1710e-01
78 0 +1.632066743e+02 +2.288166743e+02 +2.288166743e+02 -4.1221e-01 +1.1050e+00 +2.4844e-01 -3.3409e-01 -2.7359e-01 +6.7692e-01 -4.9896e-01 +3.0371e-01 +1.0478e+00 -7.5266e-02
175 0 +1.220634670e+02 +1.876734670e+02 +1.876734670e+02 +9.3265e-02 +3.3615e-01 +1.3978e-01 +2.5960e-01 +3.3547e-01 -6.6645e-01 -8.3572e-01 -1.8926e-01 -2.0615e-02 -1.1686e-01
208 0 +1.133611122e+02 +1.789711122e+02 +1.789711122e+02 +5.6582e-01 +5.6670e-01 +7.6170e-01 +2.6865e-02 -2.6598e-01 +9.0474e-01 -8.5177e-01 +2.2465e-01 +5.8168e-01 +1.4697e-01
221 0 +8.852600235e+01 +1.541360023e+02 +1.541360023e+02 -6.0906e-02 +2.9647e-01 +1.0510e+00 +2.5083e-01 -5.1692e-01 +4.4319e-01 -6.4341e-01 -3.0967e-01 +1.1126e+00 +5.9789e-02
351 0 +8.318435317e+01 +1.487943532e+02 +1.487943532e+02 -4.3001e-01 +4.2930e-02 +6.8026e-01 +6.5232e-01 +1.9933e-01 +2.6037e-01 -1.2625e+00 +6.4565e-01 -3.3762e-02 +1.4543e-01
352 0 +6.361143862e+01 +1.292214386e+02 +1.292214386e+02 -1.5443e-02 +3.6191e-01 +9.2677e-01 +2.2038e-01 -5.1346e-01 +7.6592e-01 -5.1264e-01 +4.1922e-01 +1.5513e-01 +4.7391e-01
357 0 +5.280557978e+01 +1.184155798e+02 +1.184155798e+02 +3.4350e-01 +1.4015e-01 +8.2362e-01 +3.2171e-01 -4.0786e-01 -1.8061e-01 -8.2774e-01 +4.3545e-01 +3.2909e-01 -9.4058e-02
420 0 +3.655930530e+01 +1.021693053e+02 +1.021693053e+02 -4.1503e-01 +1.3456e-01 +4.3398e-01 +2.6751e-01 -2.4800e-01 -5.1488e-02 -1.0070e+00 +4.3184e-01 +3.2514e-01 +5.0185e-01
511 0 +3.141638582e+01 +9.702638582e+01 +9.702638582e+01 -5.4349e-01 -2.8025e-02 +8.2393e-01 +2.1611e-01 -3.7519e-01 +1.0254e-01 -1.1347e+00 +7.0210e-01 +3.3650e-01 +2.1696e-02
656 0 +2.388772194e+01 +8.949772194e+01 +8.949772194e+01 -5.7961e-02 +1.2266e-01 +6.8294e-01 +3.3689e-01 -5.6694e-01 +1.6562e-01 -1.0893e+00 +3.6988e-02 +3.8405e-01 +4.1454e-01
701 0 +1.957834164e+01 +8.518834164e+01 +8.518834164e+01 -5.2529e-02 +3.2334e-01 +7.5009e-01 +5.4665e-01 -4.0173e-01 +2.7093e-01 -9.2400e-01 +1.2154e-01 +3.7784e-01 +4.2559e-01
806 0 +1.684707647e+01 +8.245707647e+01 +8.245707647e+01 +1.5827e-01 +1.3745e-01 +8.2598e-01 +5.2159e-01 -2.8993e-01 +2.2314e-01 -8.9988e-01 +2.1405e-01 +3.7194e-01 +2.0597e-01
851 0 +1.624348518e+01 +8.185348518e+01 +8.185348518e+01 +2.4430e-02 +4.9787e-02 +8.7579e-01 +3.1999e-01 -4.0453e-01 +1.6585e-01 -8.1110e-01 +2.1051e-01 +4.3129e-01 +4.4101e-01
867 0 +1.245752662e+01 +7.806752662e+01 +7.806752662e+01 -2.5218e-01 +1.3137e-01 +8.4918e-01 +3.9272e-01 -4.5765e-01 +1.9138e-01 -1.1182e+00 +1.6394e-01 +3.7217e-01 +3.7033e-01
910 0 +1.214924280e+01 +7.775924280e+01 +7.775924280e+01 +2.3095e-02 +2.5004e-01 +9.4351e-01 +3.6580e-01 -3.7882e-01 +2.6635e-01 -9.2624e-01 +2.5520e-01 +3.1220e-01 +2.0540e-01
1001 0 +1.167442495e+01 +7.728442495e+01 +7.728442495e+01 +3.0700e-01 +2.7461e-01 +1.0199e+00 +4.2357e-01 -5.0904e-01 +2.6075e-01 -7.0292e-01 +1.4044e-01 +2.7518e-01 +1.9998e-01
1002 0 +9.861190107e+00 +7.547119011e+01 +7.547119011e+01 +1.2112e-01 +2.7530e-01 +9.7587e-01 +4.3013e-01 -4.5007e-01 +2.6628e-01 -7.9205e-01 +1.5931e-01 +3.8669e-01 +3.2785e-01
1159 0 +9.809229898e+00 +7.541922990e+01 +7.541922990e+01 +1.3588e-01 +2.3176e-01 +9.7849e-01 +3.0430e-01 -4.2252e-01 +2.6795e-01 -7.3898e-01 +1.5631e-01 +3.4021e-01 +2.9460e-01
1162 0 +9.769977164e+00 +7.537997716e+01 +7.537997716e+01 +1.0117e-01 +1.6917e-01 +1.0170e+00 +4.0710e-01 -4.4571e-01 +2.4069e-01 -6.9733e-01 +9.0857e-02 +3.0982e-01 +2.8822e-01
1172 0 +9.553215157e+00 +7.516321516e+01 +7.516321516e+01 +1.4435e-01 +2.6496e-01 +1.0015e+00 +4.0235e-01 -4.4623e-01 +2.7349e-01 -6.9825e-01 +1.1749e-01 +2.8858e-01 +2.7371e-01
1201 0 +9.443848597e+00 +7.505384860e+01 +7.505384860e+01 +1.2572e-01 +2.2694e-01 +9.7736e-01 +3.6077e-01 -5.0090e-01 +2.7398e-01 -7.4937e-01 +1.2814e-01 +3.2271e-01 +2.7393e-01
1202 0 +9.303349901e+00 +7.491334990e+01 +7.491334990e+01 +2.0933e-01 +1.9474e-01 +9.9063e-01 +3.8158e-01 -4.6649e-01 +3.1509e-01 -7.1765e-01 +7.7149e-02 +2.8794e-01 +3.3692e-01
1253 0 +8.757564733e+00 +7.436756473e+01 +7.436756473e+01 +1.9624e-01 +2.2320e-01 +1.0093e+00 +3.6553e-01 -4.3309e-01 +2.6907e-01 -6.6693e-01 +1.1136e-01 +3.3462e-01 +3.0193e-01
1255 0 +8.616823219e+00 +7.422682322e+01 +7.422682322e+01 +2.3861e-01 +1.8309e-01 +1.0244e+00 +4.0233e-01 -4.6395e-01 +2.9846e-01 -6.5807e-01 +1.5659e-01 +2.9396e-01 +3.1595e-01
1351 0 +8.297357982e+00 +7.390735798e+01 +7.390735798e+01 +2.6071e-01 +1.5576e-01 +1.0185e+00 +3.8055e-01 -4.5323e-01 +2.7498e-01 -5.7395e-01 +1.4335e-01 +2.9686e-01 +3.1593e-01
1488 0 +8.285909256e+00 +7.389590926e+01 +7.389590926e+01 +2.9987e-01 +1.5816e-01 +1.0496e+00 +4.0386e-01 -4.6776e-01 +2.7943e-01 -5.1858e-01 +1.2405e-01 +2.3566e-01 +2.7160e-01
1551 0 +8.133941329e+00 +7.374394133e+01 +7.374394133e+01 +2.6882e-01 +1.5477e-01 +1.0313e+00 +3.7646e-01 -4.7465e-01 +2.8151e-01 -5.2486e-01 +1.5788e-01 +2.6368e-01 +2.6721e-01
1622 0 +8.127933303e+00 +7.373793330e+01 +7.373793330e+01 +2.5997e-01 +1.0749e-01 +1.0393e+00 +3.1743e-01 -4.4770e-01 +2.7432e-01 -4.0410e-01 +1.3232e-01 +1.7207e-01 +2.7026e-01
1624 0 +8.108427776e+00 +7.371842778e+01 +7.371842778e+01 +2.6515e-01 +1.2993e-01 +1.0538e+00 +3.4966e-01 -4.4533e-01 +2.4315e-01 -4.4137e-01 +1.3978e-01 +2.1665e-01 +2.7832e-01
1672 0 +7.833050109e+00 +7.344305011e+01 +7.344305011e+01 +3.0591e-01 +7.2349e-02 +1.0301e+00 +3.6275e-01 -5.2968e-01 +2.6368e-01 -2.2754e-01 +2.1966e-01 +1.1454e-01 +2.7718e-01
1770 0 +7.820575755e+00 +7.343057576e+01 +7.343057576e+01 +2.8482e-01 +4.0388e-02 +1.0042e+00 +3.2145e-01 -5.2260e-01 +3.0715e-01 -1.9135e-01 +2.2708e-01 +1.0676e-01 +2.9289e-01
1809 0 +7.760074545e+00 +7.337007454e+01 +7.337007454e+01 +2.8780e-01 +1.1768e-01 +1.0933e+00 +3.4224e-01 -5.0621e-01 +2.7980e-01 -3.2352e-01 +1.7859e-01 +1.3538e-01 +2.9254e-01
1814 0 +7.734889025e+00 +7.334488902e+01 +7.334488902e+01 +2.6026e-01 +1.1120e-01 +1.0549e+00 +3.2656e-01 -5.4677e-01 +3.0037e-01 -2.9224e-01 +1.7296e-01 +1.5893e-01 +3.0209e-01
1842 0 +7.540089469e+00 +7.315008947e+01 +7.315008947e+01 +2.8990e-01 +3.0948e-02 +1.0398e+00 +3.3522e-01 -5.1173e-01 +2.6583e-01 -2.7140e-01 +1.6692e-01 +1.2204e-01 +2.8211e-01
1867 0 +7.516950566e+00 +7.312695057e+01 +7.312695057e+01 +2.6300e-01 +9.1947e-02 +1.0380e+00 +3.3873e-01 -5.0670e-01 +3.2524e-01 -1.9980e-01 +1.9818e-01 +9.3138e-02 +2.7467e-01
2001 0 +7.190421466e+00 +7.280042147e+01 +7.280042147e+01 +2.3510e-01 +5.6852e-02 +1.0469e+00 +3.3232e-01 -5.3975e-01 +3.2131e-01 -1.9895e-01 +1.8079e-01 +8.8428e-02 +2.6307e-01
2110 0 +7.175341676e+00 +7.278534168e+01 +7.278534168e+01 +2.5255e-01 +3.2754e-02 +1.0445e+00 +3.0695e-01 -5.4738e-01 +3.1997e-01 -1.0007e-01 +1.9858e-01 +3.2082e-02 +2.5949e-01
2156 0 +7.141736689e+00 +7.275173669e+01 +7.275173669e+01 +2.0327e-01 +3.4974e-02 +1.0167e+00 +3.1842e-01 -5.4996e-01 +3.1069e-01 -1.1149e-01 +1.8178e-01 +3.2620e-02 +2.5064e-01
2204 0 +6.927793236e+00 +7.253779324e+01 +7.253779324e+01 +2.1038e-01 +2.5893e-02 +1.0346e+00 +3.0199e-01 -5.4851e-01 +2.6629e-01 -7.8931e-02 +1.6359e-01 +4.3123e-02 +2.1390e-01
2270 0 +6.927493123e+00 +7.253749312e+01 +7.253749312e+01 +2.1620e-01 -2.3352e-02 +1.0357e+00 +2.7164e-01 -5.6220e-01 +3.1109e-01 -3.8040e-02 +1.8282e-01 +2.7472e-02 +2.2231e-01
2302 0 +6.771308938e+00 +7.238130894e+01 +7.238130894e+01 +1.8930e-01 +2.0992e-02 +1.0267e+00 +3.1182e-01 -5.4148e-01 +2.8056e-01 -9.7871e-03 +2.1059e-01 +3.9692e-02 +2.2471e-01
2363 0 +6.687025020e+00 +7.229702502e+01 +7.229702502e+01 +1.6485e-01 -3.9656e-02 +1.0473e+00 +2.6705e-01 -5.5169e-01 +2.8125e-01 +3.9833e-02 +1.7007e-01 -4.8676e-03 +1.8892e-01
2456 0 +6.583933597e+00 +7.219393360e+01 +7.219393360e+01 +1.3849e-01 -3.4420e-02 +1.0521e+00 +2.7010e-01 -5.6604e-01 +2.9205e-01 +4.4469e-02 +1.9688e-01 +1.2851e-02 +1.8604e-01
2467 0 +6.445990521e+00 +7.205599052e+01 +7.205599052e+01 +1.1947e-01 -3.8890e-02 +1.0282e+00 +2.6939e-01 -5.5546e-01 +2.9758e-01 +1.5406e-01 +1.8047e-01 -2.0143e-02 +1.2969e-01
% f evaluations | g evaluations | best noise-free fitness - Fopt (9.348200000000e+02) + sum g_i+ | measured fitness | best measured fitness or single-digit g-values | x1 | x2...
1 0 +1.902517623e+03 +2.837337623e+03 +2.837337623e+03 +5.9671e-01 -3.8264e-02 +7.4769e-01 +1.6230e+00 -1.3415e-01 -1.3414e-01 +1.6792e+00 +8.6743e-01 -3.6947e-01 +6.4256e-01
2 0 +1.867535930e+03 +2.802355930e+03 +2.802355930e+03 -3.6342e-01 -3.6573e-01 +3.4196e-01 -1.8133e+00 -1.6249e+00 -4.6229e-01 -9.1283e-01 +4.1425e-01 -8.0802e-01 -1.3123e+00
6 0 +1.504326103e+03 +2.439146103e+03 +2.439146103e+03 +4.2408e-01 -2.8508e-01 -5.7692e-01 +7.1168e-01 +1.1310e+00 +1.0313e+00 -7.3922e-01 -2.0921e-01 +4.3126e-01 +1.0755e+00
9 0 +8.705206681e+02 +1.805340668e+03 +1.805340668e+03 -1.1967e-01 +4.5711e-01 +1.5779e+00 -4.1827e-01 -7.0849e-01 -4.0176e-01 +1.0154e+00 +4.2875e-01 -4.2976e-01 +6.1327e-01
10 0 +5.819633947e+02 +1.516783395e+03 +1.516783395e+03 +1.9708e-01 +1.0686e+00 -6.0205e-01 -2.2766e-01 -2.9211e-01 -1.3635e+00 +3.9612e-01 +3.6106e-01 +1.0511e-01 -1.3459e-01
46 0 +4.741385353e+02 +1.408958535e+03 +1.408958535e+03 +3.7321e-02 +1.0551e+00 -8.8573e-01 +6.0405e-01 -4.3026e-01 -6.9287e-01 -7.0304e-03 -9.3524e-01 -4.5365e-01 -1.0979e+00
59 0 +2.944578197e+02 +1.229277820e+03 +1.229277820e+03 -3.9453e-01 +6.6749e-01 +3.3869e-01 +1.2512e+00 -4.1211e-01 -2.2782e-01 +4.6303e-01 -6.7417e-01 +3.5598e-01 -7.1006e-01
61 0 +2.806328924e+02 +1.215452892e+03 +1.215452892e+03 -5.8179e-01 +1.1838e+00 +3.5462e-01 -3.5373e-02 -7.5482e-01 +1.3557e-01 +1.3510e+00 -1.1821e-01 -3.7387e-01 -6.7093e-02
99 0 +1.224970848e+02 +1.057317085e+03 +1.057317085e+03 -7.5857e-01 +1.0794e+00 +1.7466e-01 -2.1451e-01 +9.3079e-01 +3.8453e-01 -4.9980e-01 +2.5824e-02 -2.9081e-01 -3.2462e-02
264 0 +1.181422272e+02 +1.052962227e+03 +1.052962227e+03 -1.2242e-02 +7.2493e-01 -2.4384e-01 +3.2896e-01 +1.5513e-01 +8.3721e-02 +3.7447e-01 -6.1991e-01 -8.8951e-01 -2.9319e-01
301 0 +1.078926211e+02 +1.042712621e+03 +1.042712621e+03 -6.3108e-03 +8.8653e-01 -2.7328e-02 +1.9066e-01 -5.7822e-01 -3.8216e-01 -1.3810e-01 -4.5750e-01 -7.0071e-01 +2.2261e-01
304 0 +7.171475875e+01 +1.006534759e+03 +1.006534759e+03 -3.6061e-01 -4.2136e-01 -2.3517e-01 -6.4341e-02 -2.1815e-01 +1.8476e-01 +1.5978e-01 -1.2209e-01 -4.2669e-01 -8.3522e-01
329 0 +5.862109339e+01 +9.934410934e+02 +9.934410934e+02 -4.8570e-01 -5.3574e-02 +2.9204e-01 -1.0271e-01 -3.3738e-01 -2.2947e-01 +1.9002e-01 -5.4690e-01 -1.2424e+00 -5.8707e-01
352 0 +4.091944550e+01 +9.757394455e+02 +9.757394455e+02 -1.9553e-01 -1.3793e-01 -9.4565e-02 +1.8566e-01 -1.5890e-01 -2.7142e-01 +5.2952e-01 -3.7443e-01 -6.8519e-01 -4.2267e-01
354 0 +2.492731711e+01 +9.597473171e+02 +9.597473171e+02 -5.5907e-01 +1.7809e-01 +1.3805e-01 +2.5561e-01 -3.1248e-01 -4.5521e-02 +4.9030e-01 -4.2788e-01 -6.6519e-01 -6.4480e-01
451 0 +2.394127386e+01 +9.587612739e+02 +9.587612739e+02 -2.8662e-01 -6.8509e-02 +1.0934e-01 +4.3633e-01 -1.6581e-01 -2.5840e-01 +7.6827e-01 -3.6188e-01 -8.2300e-01 -5.4000e-01
611 0 +1.844979401e+01 +9.532697940e+02 +9.532697940e+02 -5.8953e-01 +3.0382e-01 +2.4310e-01 +4.0246e-01 -3.2924e-01 -1.9090e-01 +5.9185e-01 -4.5899e-01 -9.8496e-01 -3.2258e-01
702 0 +1.816125473e+01 +9.529812547e+02 +9.529812547e+02 -4.6223e-01 +1.8515e-02 +2.2856e-01 +3.8168e-01 -3.7295e-01 -2.3385e-01 +2.0980e-01 +9.9037e-02 -6.9004e-01 -6.3116e-01
750 0 +1.419280051e+01 +9.490128005e+02 +9.490128005e+02 -4.0151e-01 -9.6399e-02 +2.1331e-01 +3.1404e-01 -1.6919e-01 -6.9255e-02 +4.1667e-01 -9.0750e-02 -9.8658e-01 -7.0508e-01
751 0 +1.081978492e+01 +9.456397849e+02 +9.456397849e+02 -5.1035e-01 +1.4905e-01 +2.7485e-01 +4.2850e-01 -2.7276e-01 -1.7830e-01 +4.8430e-01 -2.0675e-01 -1.0577e+00 -6.5650e-01
851 0 +1.059500123e+01 +9.454150012e+02 +9.454150012e+02 -4.1462e-01 +8.7184e-02 +2.4073e-01 +4.3264e-01 -2.0817e-01 -2.1778e-01 +3.5615e-01 -1.9293e-01 -9.5005e-01 -6.7510e-01
904 0 +1.057642631e+01 +9.453964263e+02 +9.453964263e+02 -3.9446e-01 +5.2886e-02 +2.9427e-01 +4.3603e-01 -2.6147e-01 -9.1801e-02 +4.7317e-01 -2.9124e-01 -9.5307e-01 -6.4316e-01
907 0 +1.019708025e+01 +9.450170803e+02 +9.450170803e+02 -4.0453e-01 +1.5549e-02 +2.8040e-01 +4.2987e-01 -3.2445e-01 -1.1546e-01 +4.0440e-01 -2.9957e-01 -1.0011e+00 -6.8292e-01
1001 0 +8.888009112e+00 +9.437080091e+02 +9.437080091e+02 -4.9276e-01 +2.5430e-02 +2.4256e-01 +4.4534e-01 -2.9519e-01 -1.1740e-01 +4.0317e-01 -2.8249e-01 -9.9577e-01 -6.5603e-01
1152 0 +8.742267381e+00 +9.435622674e+02 +9.435622674e+02 -4.4406e-01 +2.8502e-02 +2.3474e-01 +4.0567e-01 -3.0708e-01 -1.3084e-01 +3.5710e-01 -2.4183e-01 -1.0014e+00 -6.8403e-01
1177 0 +8.686035254e+00 +9.435060353e+02 +9.435060353e+02 -3.8392e-01 -3.3063e-02 +2.5929e-01 +4.3047e-01 -3.0674e-01 -9.9604e-02 +3.0525e-01 -5.9790e-02 -9.2692e-01 -7.5586e-01
1205 0 +8.574316022e+00 +9.433943160e+02 +9.433943160e+02 -3.8988e-01 +5.2160e-03 +2.7569e-01 +3.9156e-01 -3.0579e-01 -1.1524e-01 +3.3599e-01 -9.5796e-02 -9.4940e-01 -7.2761e-01
1251 0 +8.471717405e+00 +9.432917174e+02 +9.432917174e+02 -4.6139e-01 +2.6140e-03 +2.7903e-01 +4.3370e-01 -2.9945e-01 -9.1921e-02 +3.3875e-01 -6.6404e-02 -9.5897e-01 -7.4009e-01
1255 0 +8.350862066e+00 +9.431708621e+02 +9.431708621e+02 -4.2574e-01 +1.8703e-02 +2.6271e-01 +4.0622e-01 -3.4051e-01 -1.3570e-01 +3.5614e-01 -1.0579e-01 -9.2945e-01 -7.2079e-01
1352 0 +8.299362381e+00 +9.431193624e+02 +9.431193624e+02 -4.2904e-01 -2.3322e-03 +2.3216e-01 +4.4231e-01 -3.4144e-01 -1.1731e-01 +3.0173e-01 -1.2602e-02 -9.0692e-01 -7.1030e-01
1455 0 +8.147533173e+00 +9.429675332e+02 +9.429675332e+02 -4.2861e-01 -9.3137e-03 +3.1494e-01 +4.1340e-01 -3.3348e-01 -6.3341e-02 +2.7908e-01 -3.5306e-02 -8.9144e-01 -7.2062e-01
1458 0 +7.755950328e+00 +9.425759503e+02 +9.425759503e+02 -4.1891e-01 -2.8434e-02 +2.7208e-01 +3.8896e-01 -3.3411e-01 -6.1668e-02 +2.3235e-01 +4.5876e-02 -8.8590e-01 -7.0512e-01
1551 0 +7.743983466e+00 +9.425639835e+02 +9.425639835e+02 -4.1844e-01 -4.6466e-02 +3.0344e-01 +4.1197e-01 -3.4224e-01 -9.7967e-02 +2.6276e-01 +6.7935e-02 -9.1249e-01 -6.9888e-01
1553 0 +7.704718322e+00 +9.425247183e+02 +9.425247183e+02 -4.1548e-01 -5.8671e-02 +2.9173e-01 +3.7217e-01 -3.5524e-01 -9.0353e-02 +2.3353e-01 +4.6766e-02 -8.6095e-01 -6.8180e-01
1566 0 +7.626325541e+00 +9.424463255e+02 +9.424463255e+02 -3.8602e-01 -8.5375e-02 +2.8593e-01 +3.8949e-01 -3.5656e-01 -1.3801e-01 +1.7344e-01 +1.3629e-01 -8.4256e-01 -7.0873e-01
1604 0 +7.504606766e+00 +9.423246068e+02 +9.423246068e+02 -4.0744e-01 -6.2733e-02 +3.2799e-01 +3.9294e-01 -3.7324e-01 -1.0298e-01 +2.4154e-01 +1.1015e-01 -8.6069e-01 -7.1080e-01
1659 0 +7.498526477e+00 +9.423185265e+02 +9.423185265e+02 -4.1144e-01 -9.2290e-02 +2.9845e-01 +3.5043e-01 -3.4947e-01 -1.0643e-01 +2.1658e-01 +1.8993e-01 -8.2057e-01 -6.9951e-01
1672 0 +7.318516531e+00 +9.421385165e+02 +9.421385165e+02 -4.0076e-01 -1.1962e-01 +3.5437e-01 +3.4911e-01 -3.3853e-01 -7.8779e-02 +1.6978e-01 +2.2323e-01 -8.1161e-01 -6.5628e-01
1761 0 +7.251134961e+00 +9.420711350e+02 +9.420711350e+02 -3.9609e-01 -1.4762e-01 +3.4743e-01 +3.4659e-01 -3.3734e-01 -6.9587e-02 +1.7380e-01 +3.1288e-01 -8.1715e-01 -6.7918e-01
1807 0 +7.153702377e+00 +9.419737024e+02 +9.419737024e+02 -4.0835e-01 -1.4633e-01 +3.4946e-01 +3.2681e-01 -3.9522e-01 -8.3527e-02 +1.7339e-01 +3.0147e-01 -8.0817e-01 -6.8538e-01
1812 0 +7.060660720e+00 +9.418806607e+02 +9.418806607e+02 -3.7546e-01 -1.4480e-01 +3.2937e-01 +3.7493e-01 -4.0314e-01 -8.7173e-02 +1.6192e-01 +2.6326e-01 -8.3359e-01 -6.6970e-01
1990 0 +7.042127644e+00 +9.418621276e+02 +9.418621276e+02 -3.6355e-01 -1.8595e-01 +3.1148e-01 +3.1588e-01 -3.7395e-01 -8.2008e-02 +1.6542e-01 +3.1305e-01 -7.6352e-01 -6.4704e-01
2001 0 +6.875086680e+00 +9.416950867e+02 +9.416950867e+02 -3.6831e-01 -1.5860e-01 +3.1497e-01 +3.5721e-01 -3.8420e-01 -8.8625e-02 +1.6950e-01 +2.9559e-01 -7.9875e-01 -6.5905e-01
2056 0 +6.681165310e+00 +9.415011653e+02 +9.415011653e+02 -3.6012e-01 -2.0706e-01 +3.7273e-01 +3.3242e-01 -3.7424e-01 -1.0649e-01 +1.4991e-01 +3.9293e-01 -7.6870e-01 -6.4721e-01
2202 0 +6.637853618e+00 +9.414578536e+02 +9.414578536e+02 -3.2817e-01 -2.1723e-01 +3.5724e-01 +3.4640e-01 -3.7761e-01 -6.8913e-02 +2.0296e-01 +4.7095e-01 -7.2822e-01 -5.9211e-01
2205 0 +6.461817025e+00 +9.412818170e+02 +9.412818170e+02 -3.0207e-01 -2.1448e-01 +3.6798e-01 +3.4559e-01 -4.1509e-01 -9.9835e-02 +1.7142e-01 +4.3165e-01 -7.0644e-01 -5.9986e-01
2306 0 +6.262989620e+00 +9.410829896e+02 +9.410829896e+02 -2.8320e-01 -2.6367e-01 +4.1484e-01 +2.9385e-01 -3.6854e-01 -1.0599e-01 +1.8382e-01 +5.2260e-01 -6.4246e-01 -5.5502e-01
2379 0 +6.067171221e+00 +9.408871712e+02 +9.408871712e+02 -2.3022e-01 -2.9933e-01 +4.3107e-01 +2.9984e-01 -4.0222e-01 -1.0751e-01 +2.2816e-01 +5.9069e-01 -5.9027e-01 -5.4543e-01
% f evaluations | g evaluations | best noise-free fitness - Fopt (-6.371000000000e+01) + sum g_i+ | measured fitness | best measured fitness or single-digit g-values | x1 | x2...
1 0 +1.611144065e+03 +1.547434065e+03 +1.547434065e+03 +5.9671e-01 -3.8264e-02 +7.4769e-01 +1.6230e+00 -1.3415e-01 -1.3414e-01 +1.6792e+00 +8.6743e-01 -3.6947e-01 +6.4256e-01
9 0 +1.280976501e+03 +1.217266501e+03 +1.217266501e+03 -1.1967e-01 +4.5711e-01 +1.5779e+00 -4.1827e-01 -7.0849e-01 -4.0176e-01 +1.0154e+00 +4.2875e-01 -4.2976e-01 +6.1327e-01
10 0 +7.360643450e+02 +6.723543450e+02 +6.723543450e+02 +1.9708e-01 +1.0686e+00 -6.0205e-01 -2.2766e-01 -2.9211e-01 -1.3635e+00 +3.9612e-01 +3.6106e-01 +1.0511e-01 -1.3459e-01
16 0 +7.176856034e+02 +6.539756034e+02 +6.539756034e+02 +3.5049e-01 +4.4645e-01 -5.8002e-01 +3.3225e-01 +3.9307e-01 -6.1435e-01 +1.9658e+00 +5.7383e-01 -1.0913e+00 +7.5655e-01
30 0 +6.346634408e+02 +5.709534408e+02 +5.709534408e+02 -1.0812e-01 -3.9300e-01 -4.8936e-01 +9.4960e-01 +4.5702e-01 -5.9291e-01 +9.9960e-01 +4.0730e-01 +9.1286e-01 +7.2963e-01
51 0 +3.326817992e+02 +2.689717992e+02 +2.689717992e+02 -8.4650e-01 +1.0441e-01 -3.6323e-01 +9.1194e-01 -1.8524e-01 -7.6218e-01 +5.6652e-01 +4.4141e-01 -9.9562e-01 +5.2392e-02
95 0 +3.210159845e+02 +2.573059845e+02 +2.573059845e+02 -1.8684e-01 -2.4651e-01 +3.8697e-02 +3.9833e-01 +4.1420e-01 -8.0014e-01 +1.6794e-01 +1.7866e-01 -8.6027e-01 -5.1352e-01
121 0 +2.412180572e+02 +1.775080572e+02 +1.775080572e+02 +6.1742e-02 -5.3774e-01 +5.3318e-02 -2.5277e-01 -8.9670e-01 -3.4354e-01 +1.0246e+00 -2.5911e-01 +4.3444e-01 +3.6242e-01
134 0 +2.253765907e+02 +1.616665907e+02 +1.616665907e+02 +1.1847e+00 +2.1535e-01 -7.3227e-01 +7.8887e-02 -2.0191e-01 -2.6939e-01 -1.5830e-01 +8.4967e-02 -1.3123e+00 -4.3588e-02
158 0 +1.949001467e+02 +1.311901467e+02 +1.311901467e+02 -8.2195e-01 -9.0743e-01 -1.3592e-01 -4.7590e-01 -3.6151e-01 -3.4231e-01 +6.9659e-01 -2.9697e-01 +5.0826e-01 +2.5355e-01
182 0 +1.887071685e+02 +1.249971685e+02 +1.249971685e+02 +1.8534e-02 -3.8887e-01 -1.2250e+00 -9.5965e-01 +2.4136e-01 +8.7051e-02 +1.3273e+00 -4.3940e-01 -1.2029e-01 +1.6266e-01
201 0 +1.172349986e+02 +5.352499859e+01 +5.352499859e+01 +3.0002e-01 -2.0890e-01 -8.5474e-01 -5.6316e-01 +4.6269e-01 -7.4457e-01 +3.4210e-01 +1.0735e-01 -1.0711e+00 +3.3086e-01
204 0 +8.079980324e+01 +1.708980324e+01 +1.708980324e+01 +6.7091e-02 -1.0954e-01 -6.3409e-01 -7.6898e-01 +7.3690e-01 -7.4368e-01 +5.7106e-01 -3.1188e-01 -2.6226e-01 +5.5589e-02
352 0 +6.239639800e+01 -1.313601996e+00 -1.313601996e+00 -1.6985e-01 -4.4143e-01 -1.0280e+00 -7.5336e-01 +5.2685e-01 -9.3175e-01 +2.0176e-01 +3.0150e-01 +2.6258e-02 +5.9887e-01
390 0 +5.312019969e+01 -1.058980031e+01 -1.058980031e+01 +6.2045e-02 -3.8528e-01 -3.0799e-01 -5.3766e-01 -3.0194e-02 -5.9476e-01 +1.0315e+00 +1.7982e-01 -1.3053e-01 +3.1656e-01
412 0 +4.519791832e+01 -1.851208168e+01 -1.851208168e+01 -4.1101e-01 -3.0055e-01 -9.2897e-01 -4.3797e-01 +3.9055e-01 -2.4477e-01 +7.0028e-01 +9.9793e-02 -3.5606e-01 +5.9305e-01
451 0 +2.760266404e+01 -3.610733596e+01 -3.610733596e+01 -2.1854e-01 -4.0858e-01 -6.5723e-01 -5.4789e-01 +2.5711e-01 -2.2792e-01 +9.0145e-01 +1.1933e-01 -1.4062e-01 +3.1929e-01
556 0 +2.520123054e+01 -3.850876946e+01 -3.850876946e+01 +1.8584e-03 +4.0670e-02 -6.2753e-01 -4.5743e-01 +2.3460e-01 -3.1212e-01 +5.5160e-01 +4.0012e-01 -4.0562e-01 +2.9363e-01
607 0 +2.369173349e+01 -4.001826651e+01 -4.001826651e+01 -3.9543e-01 -1.1691e-01 -1.0336e+00 -5.6286e-01 +1.4658e-01 -4.1380e-01 +8.3093e-01 +1.5396e-01 -2.4095e-01 +3.4675e-01
616 0 +2.122244857e+01 -4.248755143e+01 -4.248755143e+01 -1.8850e-01 -3.2124e-01 -8.4040e-01 -8.5301e-01 +2.7504e-01 -5.2513e-01 +6.5604e-01 +4.0083e-01 -3.4577e-01 +4.5048e-01
654 0 +1.968557508e+01 -4.402442492e+01 -4.402442492e+01 -7.1690e-02 -1.0794e-01 -9.5452e-01 -5.9294e-01 +2.9876e-01 -5.7711e-01 +5.8756e-01 +3.5868e-01 -4.2587e-01 +2.6391e-01
751 0 +1.587340971e+01 -4.783659029e+01 -4.783659029e+01 -6.6622e-02 -3.6769e-01 -1.0628e+00 -6.6153e-01 +3.4075e-01 -7.4328e-01 +6.2711e-01 +3.7969e-01 -2.6381e-01 +2.1576e-01
843 0 +1.572718268e+01 -4.798281732e+01 -4.798281732e+01 -2.0643e-01 -9.6860e-03 -5.4721e-01 -3.4654e-01 +3.9493e-01 -4.4157e-01 +7.9534e-01 +3.5187e-01 -7.1376e-01 -2.1480e-02
852 0 +1.526081381e+01 -4.844918619e+01 -4.844918619e+01 -4.2929e-01 -2.8136e-01 -6.5393e-01 -4.2026e-01 +3.1838e-01 -3.5004e-01 +8.2381e-01 +4.4143e-01 -3.9237e-01 +2.1310e-01
864 0 +1.498260576e+01 -4.872739424e+01 -4.872739424e+01 -3.3157e-01 -1.8157e-01 -5.6855e-01 -4.6831e-01 +4.7921e-01 -4.2904e-01 +9.3281e-01 +4.0677e-01 -5.1021e-01 +1.6314e-01
883 0 +1.489354936e+01 -4.881645064e+01 -4.881645064e+01 -3.0295e-01 -2.7189e-01 -8.4545e-01 -6.9573e-01 +3.1105e-01 -5.1014e-01 +9.7835e-01 +4.5117e-01 -3.6434e-01 +3.6463e-01
907 0 +1.035009817e+01 -5.335990183e+01 -5.335990183e+01 -2.3460e-01 -9.0745e-02 -7.4693e-01 -4.0596e-01 +4.0777e-01 -3.7304e-01 +8.4790e-01 +3.2579e-01 -5.8553e-01 +2.4135e-01
1004 0 +9.683864740e+00 -5.402613526e+01 -5.402613526e+01 -3.2969e-01 -1.7579e-01 -6.8784e-01 -5.0318e-01 +3.2930e-01 -4.0978e-01 +8.6022e-01 +3.5804e-01 -5.0053e-01 +2.8121e-01
1151 0 +9.507713269e+00 -5.420228673e+01 -5.420228673e+01 -2.8546e-01 -1.3425e-01 -7.4453e-01 -4.2848e-01 +3.7403e-01 -4.0206e-01 +7.7785e-01 +3.8890e-01 -5.1110e-01 +2.6975e-01
1201 0 +8.761047160e+00 -5.494895284e+01 -5.494895284e+01 -2.9625e-01 -7.0583e-02 -7.2820e-01 -3.1254e-01 +3.6429e-01 -3.1471e-01 +8.1517e-01 +3.9010e-01 -5.7625e-01 +1.5705e-01
1252 0 +8.638461798e+00 -5.507153820e+01 -5.507153820e+01 -2.7135e-01 -9.5867e-02 -7.1198e-01 -4.1115e-01 +3.4166e-01 -3.2457e-01 +7.9681e-01 +3.6284e-01 -5.7429e-01 +1.5850e-01
1296 0 +8.594975299e+00 -5.511502470e+01 -5.511502470e+01 -3.3404e-01 +1.7975e-02 -6.9538e-01 -3.3190e-01 +3.4219e-01 -3.4906e-01 +7.7157e-01 +4.4974e-01 -6.2515e-01 +8.0146e-02
1355 0 +8.120591548e+00 -5.558940845e+01 -5.558940845e+01 -2.9680e-01 +9.8971e-03 -6.7756e-01 -2.9713e-01 +3.7233e-01 -3.0122e-01 +7.1101e-01 +4.1098e-01 -6.3321e-01 +9.3799e-02
1564 0 +7.956007022e+00 -5.575399298e+01 -5.575399298e+01 -2.8398e-01 +9.9815e-02 -6.8674e-01 -2.0396e-01 +4.1263e-01 -2.5151e-01 +6.6644e-01 +4.2036e-01 -6.8390e-01 -3.8601e-02
1652 0 +7.900032797e+00 -5.580996720e+01 -5.580996720e+01 -2.7480e-01 +1.6512e-01 -6.6035e-01 -2.4501e-01 +3.7829e-01 -3.0193e-01 +6.4523e-01 +4.8395e-01 -6.8532e-01 -9.2630e-02
1656 0 +7.867249293e+00 -5.584275071e+01 -5.584275071e+01 -2.9657e-01 +1.3470e-01 -6.2666e-01 -2.7158e-01 +4.0249e-01 -3.0337e-01 +6.5538e-01 +4.2841e-01 -6.6522e-01 -7.4291e-02
1701 0 +7.772330820e+00 -5.593766918e+01 -5.593766918e+01 -2.7060e-01 +1.4325e-01 -6.6455e-01 -2.4328e-01 +3.9872e-01 -2.8780e-01 +6.6960e-01 +4.8260e-01 -6.5346e-01 -7.8998e-02
1762 0 +7.727742777e+00 -5.598225722e+01 -5.598225722e+01 -2.5378e-01 +2.3300e-01 -6.7251e-01 -2.1797e-01 +4.2095e-01 -2.6375e-01 +5.8371e-01 +4.4549e-01 -6.9352e-01 -2.0435e-01
1801 0 +7.616557057e+00 -5.609344294e+01 -5.609344294e+01 -3.1306e-01 +1.4832e-01 -6.4849e-01 -2.1682e-01 +4.2812e-01 -2.6615e-01 +6.4404e-01 +4.2711e-01 -6.3188e-01 -9.7652e-02
1952 0 +7.598717010e+00 -5.611128299e+01 -5.611128299e+01 -2.5103e-01 +2.4606e-01 -6.8368e-01 -1.6447e-01 +4.0999e-01 -2.5190e-01 +5.9148e-01 +4.2152e-01 -6.8666e-01 -1.6535e-01
1954 0 +7.591444855e+00 -5.611855514e+01 -5.611855514e+01 -2.3503e-01 +2.5396e-01 -6.8037e-01 -2.0453e-01 +4.5235e-01 -2.1516e-01 +5.1583e-01 +4.2149e-01 -6.4123e-01 -2.0109e-01
1958 0 +7.564537335e+00 -5.614546267e+01 -5.614546267e+01 -2.8907e-01 +1.5809e-01 -6.9621e-01 -2.2693e-01 +4.0262e-01 -2.7057e-01 +6.0597e-01 +4.1685e-01 -6.2954e-01 -6.5635e-02
1964 0 +7.446759563e+00 -5.626324044e+01 -5.626324044e+01 -2.1055e-01 +2.9558e-01 -6.4369e-01 -1.6088e-01 +4.1414e-01 -2.2777e-01 +5.3112e-01 +4.3791e-01 -6.5470e-01 -2.0238e-01
2002 0 +7.086503634e+00 -5.662349637e+01 -5.662349637e+01 -2.4794e-01 +2.9625e-01 -6.7053e-01 -2.0686e-01 +4.1402e-01 -2.4620e-01 +5.1667e-01 +4.2970e-01 -6.4134e-01 -1.9345e-01
2103 0 +6.885221121e+00 -5.682477888e+01 -5.682477888e+01 -2.5345e-01 +3.1070e-01 -6.3647e-01 -1.5338e-01 +4.2485e-01 -2.6018e-01 +4.7348e-01 +4.4882e-01 -6.6732e-01 -2.0148e-01
2214 0 +6.852450963e+00 -5.685754904e+01 -5.685754904e+01 -2.4540e-01 +3.8969e-01 -6.4677e-01 -1.8297e-01 +4.1828e-01 -2.6724e-01 +4.2149e-01 +4.1354e-01 -6.8693e-01 -2.3050e-01
2302 0 +6.819412060e+00 -5.689058794e+01 -5.689058794e+01 -2.3083e-01 +4.0369e-01 -6.5934e-01 -1.8799e-01 +4.2077e-01 -2.2325e-01 +3.3871e-01 +3.9631e-01 -6.8813e-01 -2.6103e-01
2317 0 +6.653582876e+00 -5.705641712e+01 -5.705641712e+01 -2.6625e-01 +3.7804e-01 -6.2413e-01 -1.8508e-01 +4.0438e-01 -2.5403e-01 +3.1345e-01 +4.2523e-01 -6.5044e-01 -2.3116e-01
2398 0 +6.592168642e+00 -5.711783136e+01 -5.711783136e+01 -2.0672e-01 +4.5880e-01 -6.1250e-01 -1.9072e-01 +4.8575e-01 -2.7023e-01 +2.0073e-01 +4.4654e-01 -6.9987e-01 -2.3066e-01
2408 0 +6.494744120e+00 -5.721525588e+01 -5.721525588e+01 -1.9452e-01 +3.9828e-01 -5.7340e-01 -1.6378e-01 +4.3220e-01 -2.3008e-01 +2.3418e-01 +4.3625e-01 -6.6294e-01 -2.3568e-01
2411 0 +6.317597808e+00 -5.739240219e+01 -5.739240219e+01 -1.9622e-01 +4.2681e-01 -6.2950e-01 -1.5262e-01 +4.1158e-01 -2.1824e-01 +2.4652e-01 +4.5604e-01 -6.5821e-01 -2.4458e-01
% f evaluations | g evaluations | best noise-free fitness - Fopt (1.000000000000e+03) + sum g_i+ | measured fitness | best measured fitness or single-digit g-values | x1 | x2...
1 0 +6.952327183e+02 +1.695232718e+03 +1.695232718e+03 +5.9671e-01 -3.8264e-02 +7.4769e-01 +1.6230e+00 -1.3415e-01 -1.3414e-01 +1.6792e+00 +8.6743e-01 -3.6947e-01 +6.4256e-01
7 0 +5.795683502e+02 +1.579568350e+03 +1.579568350e+03 -3.7917e-01 -8.5659e-02 -1.0063e+00 -1.0962e+00 +9.1253e-01 +1.4562e+00 +2.7990e-02 +1.1035e+00 +4.6164e-01 -5.4512e-01
34 0 +5.775642290e+02 +1.577564229e+03 +1.577564229e+03 +8.7753e-02 -7.9725e-01 +1.7580e-01 -5.7716e-01 +1.0751e+00 -4.7057e-02 -7.2550e-01 -2.2139e-01 +5.1293e-01 -4.6372e-01
51 0 +5.109463938e+02 +1.510946394e+03 +1.510946394e+03 -8.3409e-01 -1.6932e+00 -4.5543e-01 -1.0318e+00 +1.3774e-01 +3.8898e-01 +9.2250e-01 +7.5712e-02 +4.2178e-01 -2.0694e-01
53 0 +2.222005464e+02 +1.222200546e+03 +1.222200546e+03 -1.4652e+00 -5.3377e-01 -3.1528e-02 -7.8933e-01 +9.9801e-01 +9.6846e-01 +1.6337e-02 +1.2295e-02 -6.2604e-01 -3.9716e-01
61 0 +1.456228439e+02 +1.145622844e+03 +1.145622844e+03 -6.6649e-01 +1.4447e-01 +1.9976e-01 -2.8081e-01 +8.7595e-01 +1.4126e-01 -8.1335e-01 +1.8169e-01 +3.4521e-01 -4.5937e-01
156 0 +1.411979526e+02 +1.141197953e+03 +1.141197953e+03 +1.2394e-01 -4.8706e-01 +2.1392e-01 +5.3554e-02 +7.2126e-02 -2.0419e-01 -3.7421e-01 +1.1973e-02 +2.7238e-01 -4.8180e-01
267 0 +1.223088548e+02 +1.122308855e+03 +1.122308855e+03 -8.7728e-01 -7.4137e-01 +8.1400e-01 -2.2151e-01 -3.5090e-02 -4.9473e-01 -2.3952e-01 +1.2989e-02 +2.6546e-01 -1.0673e+00
304 0 +9.182773399e+01 +1.091827734e+03 +1.091827734e+03 -1.6175e+00 -7.4990e-01 -9.0763e-02 -3.3553e-01 +6.9471e-01 -2.2861e-01 -3.9565e-01 +1.1650e-01 +8.4172e-03 -3.5821e-01
313 0 +3.225732965e+01 +1.032257330e+03 +1.032257330e+03 -1.2881e+00 -3.9404e-01 -7.5706e-02 -2.9135e-01 +5.8025e-01 -4.1511e-01 +2.8912e-01 -9.3821e-02 +1.4286e-01 -4.3815e-01
452 0 +1.954579882e+01 +1.019545799e+03 +1.019545799e+03 -1.0931e+00 -6.9835e-02 +2.2344e-01 +5.2610e-02 +4.6213e-01 -1.1396e-01 +1.1108e-01 +1.4894e-01 +2.4106e-01 -4.1387e-01
663 0 +1.853440213e+01 +1.018534402e+03 +1.018534402e+03 -1.0949e+00 -2.4027e-01 +1.9558e-01 -2.6066e-01 +3.6251e-01 -3.3480e-01 -4.6562e-03 +2.3954e-01 -1.1159e-02 -3.1734e-01
697 0 +1.684852811e+01 +1.016848528e+03 +1.016848528e+03 -1.2657e+00 -4.0402e-01 +4.6702e-02 -5.7144e-01 +5.3052e-01 -2.3358e-01 +5.4500e-02 +1.5305e-01 +1.1542e-01 -2.7243e-01
708 0 +1.515163355e+01 +1.015151634e+03 +1.015151634e+03 -1.0109e+00 -3.4011e-02 +2.7648e-01 -1.8112e-01 +2.8322e-01 -3.6087e-01 +1.2317e-01 +2.4605e-01 +7.5522e-02 -6.5568e-01
801 0 +1.407476704e+01 +1.014074767e+03 +1.014074767e+03 -1.1613e+00 -3.1382e-01 +1.1616e-01 -3.3700e-01 +4.4601e-01 -3.4122e-01 -1.6103e-02 +2.7888e-01 +2.3830e-02 -5.3810e-01
826 0 +1.332995346e+01 +1.013329953e+03 +1.013329953e+03 -1.0650e+00 -3.4320e-02 +3.3485e-01 -8.4932e-02 +4.9103e-01 -3.7278e-01 +1.0316e-01 +1.6260e-01 +2.3139e-01 -6.6309e-01
904 0 +1.053518511e+01 +1.010535185e+03 +1.010535185e+03 -1.2753e+00 -1.4994e-01 +1.3609e-01 -2.6339e-01 +3.6685e-01 -2.6698e-01 -4.2444e-02 +2.1769e-01 +6.3878e-02 -5.6615e-01
907 0 +1.053068949e+01 +1.010530689e+03 +1.010530689e+03 -1.1609e+00 -1.9539e-01 +2.8024e-01 -8.8147e-02 +3.3403e-01 -2.1373e-01 -3.0933e-02 +2.2122e-01 +1.4348e-01 -7.1510e-01
959 0 +1.028172869e+01 +1.010281729e+03 +1.010281729e+03 -1.1424e+00 -8.5017e-02 +3.1240e-01 -1.5214e-01 +4.0309e-01 -2.9242e-01 +8.9740e-02 +2.0528e-01 +1.4880e-01 -5.4165e-01
1004 0 +9.884814473e+00 +1.009884814e+03 +1.009884814e+03 -1.0884e+00 -1.1006e-01 +2.0497e-01 -1.8953e-01 +3.5373e-01 -3.2760e-01 +5.4592e-03 +2.0737e-01 +1.4663e-01 -6.1503e-01
1029 0 +9.760776265e+00 +1.009760776e+03 +1.009760776e+03 -1.2085e+00 -1.5951e-01 +1.6402e-01 -1.5103e-01 +4.3427e-01 -2.4760e-01 +3.7371e-02 +2.6516e-01 +9.7589e-02 -5.2708e-01
1109 0 +9.496314645e+00 +1.009496315e+03 +1.009496315e+03 -1.2468e+00 -2.1563e-01 +1.9596e-01 -2.6760e-01 +4.4717e-01 -2.3943e-01 +3.4494e-02 +2.0154e-01 +1.7319e-01 -5.4767e-01
1153 0 +9.109680798e+00 +1.009109681e+03 +1.009109681e+03 -1.1963e+00 -1.9816e-01 +2.6568e-01 -1.6398e-01 +4.4586e-01 -2.5334e-01 +8.2286e-03 +2.3913e-01 +1.6467e-01 -5.5550e-01
1157 0 +8.645990958e+00 +1.008645991e+03 +1.008645991e+03 -1.1021e+00 -1.6318e-01 +2.8738e-01 -1.5488e-01 +3.6568e-01 -2.8082e-01 -2.7509e-02 +1.8202e-01 +1.6414e-01 -6.0026e-01
1212 0 +8.490686781e+00 +1.008490687e+03 +1.008490687e+03 -1.1238e+00 -1.3739e-01 +3.0513e-01 -1.3359e-01 +4.1099e-01 -2.5459e-01 -1.3650e-02 +1.9322e-01 +1.8677e-01 -6.1121e-01
1434 0 +8.369890758e+00 +1.008369891e+03 +1.008369891e+03 -1.0395e+00 -9.7096e-02 +4.1453e-01 -1.4758e-01 +3.3184e-01 -2.8316e-01 -6.4168e-02 +1.5121e-01 +1.9200e-01 -6.6430e-01
1451 0 +8.361169748e+00 +1.008361170e+03 +1.008361170e+03 -1.0116e+00 -8.4762e-02 +4.4811e-01 -9.3526e-02 +3.3236e-01 -2.8728e-01 -3.8484e-02 +1.5075e-01 +2.0186e-01 -6.9662e-01
1454 0 +8.109156819e+00 +1.008109157e+03 +1.008109157e+03 -1.0536e+00 -1.3087e-01 +4.0154e-01 -1.3835e-01 +3.2251e-01 -2.9147e-01 -2.0821e-02 +1.4693e-01 +1.7865e-01 -6.6303e-01
1536 0 +8.065216604e+00 +1.008065217e+03 +1.008065217e+03 -9.4929e-01 -1.0143e-01 +4.6302e-01 -1.0537e-01 +2.9916e-01 -2.8112e-01 +1.2279e-02 +1.1528e-01 +1.9162e-01 -7.3071e-01
1553 0 +7.980494531e+00 +1.007980495e+03 +1.007980495e+03 -1.0404e+00 -8.9082e-02 +4.0287e-01 -1.3368e-01 +3.2908e-01 -2.6523e-01 -3.4008e-02 +1.2061e-01 +1.6047e-01 -7.0336e-01
1568 0 +7.973399290e+00 +1.007973399e+03 +1.007973399e+03 -1.0141e+00 -1.0980e-01 +4.3441e-01 -1.2867e-01 +3.3590e-01 -2.8435e-01 -2.9449e-02 +1.6189e-01 +1.5139e-01 -7.1274e-01
1579 0 +7.804604972e+00 +1.007804605e+03 +1.007804605e+03 -1.0179e+00 -7.5916e-02 +4.3528e-01 -1.1369e-01 +3.2528e-01 -2.8277e-01 +8.3558e-03 +1.1571e-01 +1.7941e-01 -6.9008e-01
1673 0 +7.740640393e+00 +1.007740640e+03 +1.007740640e+03 -8.8013e-01 +1.7729e-02 +5.8040e-01 -1.1076e-01 +2.9006e-01 -3.1770e-01 +1.2008e-02 +1.1316e-02 +1.6367e-01 -7.4963e-01
1701 0 +7.724089574e+00 +1.007724090e+03 +1.007724090e+03 -8.8366e-01 +8.1161e-03 +5.6413e-01 -9.0931e-02 +3.0230e-01 -2.9829e-01 +1.0820e-02 +1.9664e-02 +1.4769e-01 -7.1649e-01
1751 0 +7.389711909e+00 +1.007389712e+03 +1.007389712e+03 -8.5500e-01 +1.2137e-04 +5.6302e-01 -1.3852e-01 +2.3970e-01 -3.1910e-01 -1.5448e-02 +1.7980e-02 +1.4981e-01 -7.4136e-01
1955 0 +7.309108042e+00 +1.007309108e+03 +1.007309108e+03 -7.2653e-01 +1.9420e-02 +5.9110e-01 -1.4987e-01 +2.6237e-01 -3.3755e-01 -1.5165e-02 -4.0363e-02 +8.7174e-02 -7.7926e-01
1970 0 +6.956211184e+00 +1.006956211e+03 +1.006956211e+03 -7.6006e-01 +3.3920e-02 +6.3646e-01 -1.6551e-01 +2.5381e-01 -3.2989e-01 -3.4886e-02 -6.3259e-02 +5.7866e-02 -7.6385e-01
2007 0 +6.939496209e+00 +1.006939496e+03 +1.006939496e+03 -6.9009e-01 +5.9279e-02 +6.6689e-01 -1.9257e-01 +2.2519e-01 -3.5306e-01 -6.4298e-02 -9.3666e-02 +9.4746e-02 -7.6532e-01
2028 0 +6.917530300e+00 +1.006917530e+03 +1.006917530e+03 -7.0689e-01 +4.4483e-02 +6.5410e-01 -1.6543e-01 +2.0185e-01 -3.5729e-01 -4.4475e-02 -1.0252e-01 +3.4543e-02 -7.4842e-01
2151 0 +6.803198861e+00 +1.006803199e+03 +1.006803199e+03 -7.2518e-01 +3.4975e-02 +6.4649e-01 -1.7250e-01 +2.2358e-01 -3.6561e-01 -4.2936e-02 -7.0698e-02 +3.2231e-02 -7.2765e-01
2208 0 +6.724957569e+00 +1.006724958e+03 +1.006724958e+03 -6.7159e-01 +6.4416e-02 +6.7119e-01 -1.7329e-01 +2.0658e-01 -3.4952e-01 -6.2153e-02 -1.0158e-01 +5.5132e-02 -7.6436e-01
2251 0 +6.613930621e+00 +1.006613931e+03 +1.006613931e+03 -6.5853e-01 +6.5079e-02 +6.6841e-01 -1.8173e-01 +1.8897e-01 -3.5225e-01 -8.2914e-02 -9.8530e-02 +3.9241e-02 -7.1095e-01
2302 0 +6.605141707e+00 +1.006605142e+03 +1.006605142e+03 -6.3363e-01 +3.2593e-02 +6.6073e-01 -1.7845e-01 +2.2077e-01 -3.6539e-01 -9.4466e-02 -8.6552e-02 +4.6345e-02 -7.3175e-01
2351 0 +6.309350396e+00 +1.006309350e+03 +1.006309350e+03 -6.3744e-01 +5.7385e-02 +7.0399e-01 -1.8466e-01 +1.9210e-01 -3.7666e-01 -8.7431e-02 -9.2067e-02 +2.8364e-03 -7.0815e-01
2468 0 +6.284078040e+00 +1.006284078e+03 +1.006284078e+03 -5.3059e-01 +7.9169e-02 +7.6727e-01 -2.0456e-01 +1.9117e-01 -4.3453e-01 -9.2858e-02 -1.2641e-01 -1.6365e-02 -6.8965e-01
2495 0 +6.157451027e+00 +1.006157451e+03 +1.006157451e+03 -5.2155e-01 +8.9888e-02 +7.8613e-01 -2.2949e-01 +1.5973e-01 -4.2715e-01 -1.1680e-01 -1.2993e-01 -2.8440e-02 -7.0366e-01
% f evaluations | g evaluations | best noise-free fitness - Fopt (3.197000000000e+01) + sum g_i+ | measured fitness | best measured fitness or single-digit g-values | x1 | x2...
1 0 +1.755501781e+03 +1.787471781e+03 +1.787471781e+03 +5.9671e-01 -3.8264e-02 +7.4769e-01 +1.6230e+00 -1.3415e-01 -1.3414e-01 +1.6792e+00 +8.6743e-01 -3.6947e-01 +6.4256e-01
2 0 +9.804125674e+02 +1.012382567e+03 +1.012382567e+03 -3.6342e-01 -3.6573e-01 +3.4196e-01 -1.8133e+00 -1.6249e+00 -4.6229e-01 -9.1283e-01 +4.1425e-01 -8.0802e-01 -1.3123e+00
9 0 +9.312962585e+02 +9.632662585e+02 +9.632662585e+02 -1.1967e-01 +4.5711e-01 +1.5779e+00 -4.1827e-01 -7.0849e-01 -4.0176e-01 +1.0154e+00 +4.2875e-01 -4.2976e-01 +6.1327e-01
10 0 +1.950489300e+02 +2.270189300e+02 +2.270189300e+02 +1.9708e-01 +1.0686e+00 -6.0205e-01 -2.2766e-01 -2.9211e-01 -1.3635e+00 +3.9612e-01 +3.6106e-01 +1.0511e-01 -1.3459e-01
179 0 +1.909446741e+02 +2.229146741e+02 +2.229146741e+02 -1.0160e+00 +7.8017e-01 -7.2356e-01 -6.6589e-02 -5.3875e-02 -3.6011e-01 -1.2012e-01 -8.9869e-01 +1.2635e+00 -1.6662e-01
201 0 +1.587676030e+02 +1.907376030e+02 +1.907376030e+02 +4.2965e-01 -2.6885e-01 -2.9062e-01 -1.5547e-01 +2.5287e-01 -1.1432e-01 -3.7537e-01 -8.3970e-01 +5.4875e-01 -7.0644e-01
202 0 +1.413467102e+02 +1.733167102e+02 +1.733167102e+02 +2.5251e-01 +3.3924e-01 -2.7348e-01 -6.3220e-01 -8.5460e-02 -1.4127e+00 -1.1961e-01 +7.3232e-01 +5.0399e-01 +4.5250e-01
213 0 +1.029379984e+02 +1.349079984e+02 +1.349079984e+02 -6.5475e-01 +2.7725e-02 -1.6437e+00 -3.7788e-01 -4.9314e-01 -5.8464e-01 -4.0218e-02 -2.6358e-01 +4.2546e-01 -5.9616e-01
258 0 +1.007443860e+02 +1.327143860e+02 +1.327143860e+02 -8.3496e-03 +1.4462e-01 -1.0080e+00 +2.4695e-01 -1.4760e-01 -3.7639e-01 -3.3629e-01 +1.2722e-01 +8.0487e-01 -7.5098e-01
270 0 +9.268764834e+01 +1.246576483e+02 +1.246576483e+02 -5.8262e-01 -5.5468e-01 -4.1292e-01 -2.9948e-03 -2.6869e-01 -4.6372e-01 -1.3416e-01 -3.2720e-01 +5.7345e-02 -7.5176e-01
305 0 +8.497312662e+01 +1.169431266e+02 +1.169431266e+02 +5.3985e-03 -1.4568e-01 -1.1891e+00 -2.0927e-01 -7.8453e-01 -7.4094e-01 +9.0132e-03 -6.8726e-02 +5.0591e-01 +1.3090e-01
320 0 +7.582742719e+01 +1.077974272e+02 +1.077974272e+02 -1.8444e-01 +2.2868e-01 -7.0639e-01 -2.0891e-01 +1.4973e-01 -3.2051e-01 -3.5949e-02 +4.5777e-01 +1.9295e-01 +1.1490e-01
351 0 +6.294617925e+01 +9.491617925e+01 +9.491617925e+01 +1.8849e-02 -4.0254e-02 -9.3581e-01 +1.6260e-01 -2.6143e-01 -1.9731e-01 +3.3876e-02 +2.3050e-01 +5.1992e-01 -4.4763e-01
360 0 +4.457242243e+01 +7.654242243e+01 +7.654242243e+01 -3.1855e-01 +2.7503e-01 -8.3827e-01 -9.5764e-03 -1.2899e-01 -3.7078e-01 -5.0726e-01 -9.6896e-02 +5.2731e-01 -3.8553e-01
451 0 +2.091400613e+01 +5.288400613e+01 +5.288400613e+01 -3.5895e-01 +1.0341e-01 -8.3717e-01 -8.4693e-02 -1.8706e-01 -7.7755e-01 -1.0369e-01 +9.6182e-02 +4.3529e-01 -3.4665e-01
507 0 +1.941171510e+01 +5.138171510e+01 +5.138171510e+01 -3.0783e-01 +1.7665e-01 -1.0469e+00 -2.3467e-01 -2.2911e-01 -8.4415e-01 +4.6253e-02 -1.8672e-01 +3.6779e-01 -2.3961e-01
713 0 +1.830055930e+01 +5.027055930e+01 +5.027055930e+01 -3.3230e-01 -4.1542e-01 -7.7984e-01 -2.9356e-01 -2.7018e-01 -5.7236e-01 +2.4068e-01 -2.1327e-01 +6.3068e-01 -4.5444e-01
801 0 +1.697160626e+01 +4.894160626e+01 +4.894160626e+01 -3.6731e-01 -1.8580e-01 -1.1923e+00 -1.3173e-01 -2.7917e-01 -6.1854e-01 +4.1687e-02 -2.4749e-01 +5.0564e-01 -2.5394e-01
808 0 +1.461850169e+01 +4.658850169e+01 +4.658850169e+01 -5.6251e-01 -1.3247e-01 -9.6871e-01 -3.2074e-01 -2.4167e-01 -5.1952e-01 +1.9257e-02 -2.9326e-01 +4.1281e-01 -3.4444e-01
811 0 +1.304616842e+01 +4.501616842e+01 +4.501616842e+01 -4.1369e-01 -1.0754e-01 -9.7895e-01 -1.8149e-01 -1.4798e-01 -7.0621e-01 +1.3532e-01 -2.3969e-01 +4.9053e-01 -1.5676e-01
905 0 +1.088425924e+01 +4.285425924e+01 +4.285425924e+01 -4.1968e-01 +2.1682e-03 -9.0679e-01 -2.5842e-01 -1.1847e-01 -6.0882e-01 +9.3471e-02 -2.7034e-01 +4.6981e-01 -3.7291e-01
979 0 +1.086518090e+01 +4.283518090e+01 +4.283518090e+01 -4.0449e-01 -2.5418e-01 -9.4962e-01 -2.3427e-01 -1.2999e-01 -5.6308e-01 +4.3180e-02 -2.9065e-01 +4.6203e-01 -4.1918e-01
1001 0 +1.000430889e+01 +4.197430889e+01 +4.197430889e+01 -3.5036e-01 -1.1918e-01 -9.4991e-01 -2.5232e-01 -1.2649e-01 -6.4341e-01 +5.4410e-02 -2.6020e-01 +5.0847e-01 -4.5282e-01
1003 0 +8.271317680e+00 +4.024131768e+01 +4.024131768e+01 -4.1400e-01 -8.6700e-02 -9.6434e-01 -2.7900e-01 -1.9925e-01 -6.5014e-01 +5.5953e-02 -2.4207e-01 +5.1089e-01 -3.4031e-01
1184 0 +8.270155126e+00 +4.024015513e+01 +4.024015513e+01 -3.5914e-01 -1.8481e-01 -8.7938e-01 -2.7362e-01 -1.8686e-01 -5.5925e-01 +1.4982e-01 -3.2171e-01 +4.8222e-01 -2.7328e-01
1206 0 +8.179632570e+00 +4.014963257e+01 +4.014963257e+01 -3.7262e-01 -1.7467e-01 -9.4491e-01 -2.2231e-01 -1.6193e-01 -5.9997e-01 +9.0219e-02 -2.9113e-01 +4.5289e-01 -3.4374e-01
1255 0 +8.087305454e+00 +4.005730545e+01 +4.005730545e+01 -3.7651e-01 -1.6406e-01 -9.0220e-01 -2.4198e-01 -1.9174e-01 -5.9461e-01 +1.0100e-01 -2.8351e-01 +4.7216e-01 -2.9495e-01
1303 0 +8.074192709e+00 +4.004419271e+01 +4.004419271e+01 -3.4464e-01 -1.9377e-01 -9.2055e-01 -2.5569e-01 -1.9819e-01 -6.0516e-01 +1.1452e-01 -2.8062e-01 +4.5357e-01 -3.5704e-01
1307 0 +8.041247189e+00 +4.001124719e+01 +4.001124719e+01 -3.3837e-01 -2.3853e-01 -9.0483e-01 -2.4480e-01 -1.9998e-01 -5.8335e-01 +1.5150e-01 -2.7903e-01 +4.3379e-01 -2.7870e-01
1314 0 +7.978767266e+00 +3.994876727e+01 +3.994876727e+01 -3.4450e-01 -2.6865e-01 -8.8404e-01 -2.1394e-01 -1.7142e-01 -5.0737e-01 +1.4424e-01 -3.0238e-01 +4.8966e-01 -3.0496e-01
1352 0 +7.714807360e+00 +3.968480736e+01 +3.968480736e+01 -3.4432e-01 -3.5994e-01 -8.5416e-01 -2.2804e-01 -2.4574e-01 -5.1676e-01 +1.9471e-01 -3.0122e-01 +4.8874e-01 -2.7106e-01
1383 0 +7.672205572e+00 +3.964220557e+01 +3.964220557e+01 -3.1972e-01 -2.6343e-01 -9.0336e-01 -2.4732e-01 -2.1411e-01 -5.2500e-01 +2.3266e-01 -2.8491e-01 +4.7892e-01 -2.7687e-01
1452 0 +7.613687711e+00 +3.958368771e+01 +3.958368771e+01 -3.5730e-01 -2.6822e-01 -8.9251e-01 -2.5644e-01 -2.1528e-01 -5.3789e-01 +2.1288e-01 -2.9682e-01 +4.5587e-01 -2.7165e-01
1453 0 +7.411722572e+00 +3.938172257e+01 +3.938172257e+01 -3.6053e-01 -3.0626e-01 -8.7791e-01 -2.4034e-01 -2.1372e-01 -5.2334e-01 +1.9676e-01 -3.1834e-01 +5.0642e-01 -2.5917e-01
1454 0 +7.277899767e+00 +3.924789977e+01 +3.924789977e+01 -3.4941e-01 -3.4170e-01 -9.0554e-01 -2.3793e-01 -2.3337e-01 -4.6429e-01 +2.2195e-01 -3.3093e-01 +4.8825e-01 -2.2305e-01
1615 0 +7.040772466e+00 +3.901077247e+01 +3.901077247e+01 -3.1544e-01 -3.9281e-01 -7.9972e-01 -2.4968e-01 -2.2618e-01 -4.1881e-01 +2.8171e-01 -3.4503e-01 +5.1170e-01 -1.6167e-01
1726 0 +6.975041544e+00 +3.894504154e+01 +3.894504154e+01 -3.1790e-01 -4.6126e-01 -8.3608e-01 -2.7792e-01 -2.2518e-01 -3.6232e-01 +2.9705e-01 -4.0077e-01 +5.2552e-01 -1.8562e-01
1875 0 +6.958927651e+00 +3.892892765e+01 +3.892892765e+01 -3.1263e-01 -4.3083e-01 -7.9778e-01 -2.4641e-01 -2.4031e-01 -3.3495e-01 +3.1430e-01 -4.0877e-01 +5.0948e-01 -1.1843e-01
1887 0 +6.861455393e+00 +3.883145539e+01 +3.883145539e+01 -2.9388e-01 -4.4316e-01 -7.7395e-01 -2.5467e-01 -2.3011e-01 -3.6871e-01 +3.1250e-01 -3.6024e-01 +5.3491e-01 -1.9258e-01
1911 0 +6.851801217e+00 +3.882180122e+01 +3.882180122e+01 -2.9735e-01 -3.8533e-01 -7.9633e-01 -2.6288e-01 -2.1921e-01 -3.6937e-01 +2.7423e-01 -3.7498e-01 +5.0450e-01 -1.8367e-01
1934 0 +6.728239746e+00 +3.869823975e+01 +3.869823975e+01 -2.8507e-01 -4.8083e-01 -7.6986e-01 -2.4521e-01 -2.1900e-01 -2.5559e-01 +3.2658e-01 -3.8825e-01 +5.3832e-01 -1.4147e-01
1953 0 +6.723190228e+00 +3.869319023e+01 +3.869319023e+01 -2.9586e-01 -4.1301e-01 -8.0692e-01 -2.6918e-01 -2.2605e-01 -3.5100e-01 +3.0852e-01 -3.7650e-01 +5.2919e-01 -1.8603e-01
1956 0 +6.586579339e+00 +3.855657934e+01 +3.855657934e+01 -2.6220e-01 -5.1730e-01 -7.1396e-01 -2.7892e-01 -2.1734e-01 -2.5806e-01 +3.6328e-01 -4.0554e-01 +5.5252e-01 -1.2517e-01
2007 0 +6.404713724e+00 +3.837471372e+01 +3.837471372e+01 -2.8372e-01 -4.6151e-01 -7.6789e-01 -2.7925e-01 -2.1380e-01 -3.0853e-01 +3.2846e-01 -4.2726e-01 +5.5373e-01 -1.3168e-01
2090 0 +6.217793653e+00 +3.818779365e+01 +3.818779365e+01 -2.6052e-01 -5.3163e-01 -6.7388e-01 -3.0373e-01 -1.8880e-01 -1.7945e-01 +3.9720e-01 -4.7428e-01 +5.4939e-01 -6.6909e-02
2207 0 +6.208510765e+00 +3.817851077e+01 +3.817851077e+01 -2.6842e-01 -5.2002e-01 -6.2275e-01 -3.2751e-01 -2.0911e-01 -1.4516e-01 +4.0098e-01 -4.6432e-01 +5.8071e-01 -4.8967e-02
2225 0 +6.059599022e+00 +3.802959902e+01 +3.802959902e+01 -2.5767e-01 -5.0951e-01 -6.5761e-01 -3.0217e-01 -1.6565e-01 -1.4341e-01 +3.6072e-01 -4.8809e-01 +5.5884e-01 -7.2891e-02
2301 0 +5.934188162e+00 +3.790418816e+01 +3.790418816e+01 -2.6728e-01 -4.9069e-01 -5.9915e-01 -3.1280e-01 -1.6196e-01 -1.2501e-01 +3.7914e-01 -4.9802e-01 +5.3560e-01 -2.2551e-02
2317 0 +5.918376547e+00 +3.788837655e+01 +3.788837655e+01 -2.6280e-01 -4.6909e-01 -5.9075e-01 -3.5200e-01 -1.2829e-01 -9.2017e-02 +4.0909e-01 -5.2045e-01 +5.5621e-01 +7.2337e-04
2377 0 +5.819207888e+00 +3.778920789e+01 +3.778920789e+01 -2.1250e-01 -5.0126e-01 -5.2331e-01 -3.8711e-01 -1.4588e-01 -4.5060e-02 +4.3538e-01 -5.4720e-01 +5.7379e-01 +5.0290e-02
2451 0 +5.759069900e+00 +3.772906990e+01 +3.772906990e+01 -2.7032e-01 -5.0088e-01 -5.8367e-01 -3.8628e-01 -1.5772e-01 -9.4539e-02 +3.6343e-01 -5.2779e-01 +5.5248e-01 -2.2863e-02
2462 0 +5.630569689e+00 +3.760056969e+01 +3.760056969e+01 -2.4591e-01 -5.0782e-01 -5.1610e-01 -3.8303e-01 -1.3773e-01 -6.2668e-05 +4.1869e-01 -5.4574e-01 +5.6323e-01 +1.3096e-02
2490 0 +5.619962640e+00 +3.758996264e+01 +3.758996264e+01 -2.5536e-01 -5.2391e-01 -4.9594e-01 -3.6674e-01 -1.3927e-01 +3.2382e-03 +3.8512e-01 -5.6919e-01 +5.4343e-01 +5.3996e-02
% f evaluations | g evaluations | best noise-free fitness - Fopt (5.819000000000e+01) + sum g_i+ | measured fitness | best measured fitness or single-digit g-values | x1 | x2...
1 0 +2.639490045e+03 +2.697680045e+03 +2.697680045e+03 +5.9671e-01 -3.8264e-02 +7.4769e-01 +1.6230e+00 -1.3415e-01 -1.3414e-01 +1.6792e+00 +8.6743e-01 -3.6947e-01 +6.4256e-01
2 0 +1.642335504e+03 +1.700525504e+03 +1.700525504e+03 -3.6342e-01 -3.6573e-01 +3.4196e-01 -1.8133e+00 -1.6249e+00 -4.6229e-01 -9.1283e-01 +4.1425e-01 -8.0802e-01 -1.3123e+00
5 0 +6.991738804e+02 +7.573638804e+02 +7.573638804e+02 +8.3847e-01 +2.7137e-01 -1.5648e-02 -2.0110e-01 -1.3785e+00 -6.1984e-01 -3.6064e-01 +1.1571e+00 +4.4362e-01 -1.6630e+00
31 0 +2.560415548e+02 +3.142315548e+02 +3.142315548e+02 -7.2900e-01 -4.6018e-01 +8.4729e-01 +7.1037e-01 +7.9098e-02 +2.1733e-01 +1.3777e+00 -4.9157e-01 +6.4710e-01 -1.0219e-01
79 0 +2.285498500e+02 +2.867398500e+02 +2.867398500e+02 -5.2869e-01 -6.8382e-01 -1.9999e-02 +3.8799e-01 -1.8627e-01 -3.1937e-01 +7.2418e-02 +3.1506e-01 -4.2967e-01 -3.2776e-02
126 0 +1.272800246e+02 +1.854700246e+02 +1.854700246e+02 +4.0986e-01 +8.8049e-01 -6.3813e-02 +5.1045e-01 +2.1907e-01 +8.2921e-01 +9.2775e-01 -9.3813e-01 +6.1826e-01 -8.2181e-02
152 0 +7.720433986e+01 +1.353943399e+02 +1.353943399e+02 +8.9071e-01 +5.2095e-01 +7.4129e-01 +6.7820e-01 -5.8267e-01 +2.8537e-01 +3.2734e-01 -5.9336e-01 +3.2015e-01 +2.9362e-02
154 0 +5.095300803e+01 +1.091430080e+02 +1.091430080e+02 +8.8688e-01 -1.4842e-01 +6.2541e-01 -1.0880e-01 -6.9243e-01 +3.2588e-02 -1.8664e-01 -1.9022e-01 +6.3893e-01 -6.0943e-01
304 0 +5.072241722e+01 +1.089124172e+02 +1.089124172e+02 +6.1385e-01 +8.6384e-02 +3.2770e-01 -4.9997e-02 -4.0124e-01 +9.2802e-03 -2.7538e-02 -3.7615e-01 +1.0848e-01 -1.5808e-01
312 0 +4.674787826e+01 +1.049378783e+02 +1.049378783e+02 +2.3926e-01 -1.5800e-01 +1.1152e+00 +5.9583e-01 -4.8207e-01 +5.5150e-01 +2.8725e-01 -8.7501e-02 +4.8314e-01 -5.1786e-01
362 0 +3.010306495e+01 +8.829306495e+01 +8.829306495e+01 +6.3267e-01 -2.6579e-01 +5.2221e-01 +4.1671e-01 -4.5043e-01 +5.4264e-01 +7.0543e-01 -3.1311e-01 +4.1357e-01 -7.0575e-01
409 0 +2.682398239e+01 +8.501398239e+01 +8.501398239e+01 +6.9163e-01 +3.5247e-02 +6.5429e-01 +1.3952e-01 -4.5922e-01 +3.5682e-01 +1.7147e-01 -2.4218e-01 +3.9577e-01 -4.6136e-01
451 0 +2.121349019e+01 +7.940349019e+01 +7.940349019e+01 +7.8458e-01 +1.5091e-01 +4.3159e-01 +3.7002e-01 -7.9741e-01 +3.0897e-01 +4.5127e-01 -3.5307e-01 +5.4879e-01 -6.6053e-01
551 0 +2.071804254e+01 +7.890804254e+01 +7.890804254e+01 +6.2215e-01 -4.8477e-02 +6.3458e-01 +5.6914e-01 -5.7280e-01 +4.1509e-01 +5.0481e-01 -5.1105e-01 +6.6296e-01 -7.3087e-01
560 0 +1.265997524e+01 +7.084997524e+01 +7.084997524e+01 +5.8839e-01 -6.3602e-02 +6.8517e-01 +3.4668e-01 -6.6233e-01 +5.4653e-01 +4.5951e-01 -2.8681e-01 +6.3006e-01 -6.8822e-01
760 0 +1.158712747e+01 +6.977712747e+01 +6.977712747e+01 +6.6288e-01 +6.0918e-03 +6.4745e-01 +3.7571e-01 -6.4929e-01 +5.0713e-01 +6.6878e-01 -3.6272e-01 +6.4654e-01 -5.9339e-01
825 0 +1.151146541e+01 +6.970146541e+01 +6.970146541e+01 +6.3642e-01 -4.5828e-03 +6.5864e-01 +3.4621e-01 -6.5436e-01 +3.2654e-01 +4.6384e-01 -3.2269e-01 +5.6535e-01 -5.5043e-01
826 0 +1.129363899e+01 +6.948363899e+01 +6.948363899e+01 +7.0238e-01 -2.9031e-02 +5.6523e-01 +2.6027e-01 -6.0112e-01 +3.5005e-01 +4.2717e-01 -4.1633e-01 +6.4904e-01 -6.5606e-01
869 0 +1.110669942e+01 +6.929669942e+01 +6.929669942e+01 +7.4721e-01 -6.9592e-02 +6.2438e-01 +3.3585e-01 -5.3426e-01 +3.4631e-01 +4.5347e-01 -3.6710e-01 +5.6713e-01 -5.9626e-01
904 0 +1.062491286e+01 +6.881491286e+01 +6.881491286e+01 +7.6887e-01 -1.2177e-01 +6.1618e-01 +2.4460e-01 -7.0953e-01 +2.9212e-01 +4.3959e-01 -3.6119e-01 +5.6344e-01 -6.5082e-01
917 0 +1.031379292e+01 +6.850379292e+01 +6.850379292e+01 +6.2592e-01 +1.7984e-02 +6.3927e-01 +3.4385e-01 -6.7142e-01 +4.1520e-01 +4.9136e-01 -3.7136e-01 +5.5522e-01 -5.8240e-01
918 0 +1.018383675e+01 +6.837383675e+01 +6.837383675e+01 +7.0351e-01 -4.0765e-02 +6.5450e-01 +2.8629e-01 -6.2381e-01 +4.3970e-01 +4.7743e-01 -3.6368e-01 +5.2410e-01 -5.7572e-01
1001 0 +9.542597923e+00 +6.773259792e+01 +6.773259792e+01 +6.9087e-01 -4.2745e-02 +6.2531e-01 +2.8449e-01 -6.4139e-01 +4.0746e-01 +4.5457e-01 -3.8006e-01 +5.8354e-01 -5.8394e-01
1059 0 +9.505078077e+00 +6.769507808e+01 +6.769507808e+01 +6.7807e-01 -3.2528e-02 +6.7420e-01 +3.4338e-01 -6.5966e-01 +4.4977e-01 +4.9662e-01 -3.5817e-01 +6.0898e-01 -5.9966e-01
1158 0 +9.421990632e+00 +6.761199063e+01 +6.761199063e+01 +7.4275e-01 -1.1395e-01 +5.7582e-01 +2.7302e-01 -6.3413e-01 +3.3013e-01 +3.4464e-01 -3.3058e-01 +5.5503e-01 -5.5591e-01
1171 0 +9.310244625e+00 +6.750024463e+01 +6.750024463e+01 +7.5206e-01 -9.0083e-02 +5.9390e-01 +2.9050e-01 -6.5964e-01 +3.6691e-01 +4.0108e-01 -3.3780e-01 +5.7083e-01 -5.9818e-01
1213 0 +9.275952189e+00 +6.746595219e+01 +6.746595219e+01 +7.3560e-01 -9.5958e-02 +5.7687e-01 +2.4690e-01 -6.4273e-01 +2.9023e-01 +3.3394e-01 -3.6857e-01 +5.7076e-01 -5.5614e-01
1251 0 +9.271675328e+00 +6.746167533e+01 +6.746167533e+01 +7.5807e-01 -9.3621e-02 +5.5888e-01 +2.2256e-01 -6.6249e-01 +3.1050e-01 +3.5771e-01 -3.6193e-01 +5.7848e-01 -5.8948e-01
1255 0 +9.214355316e+00 +6.740435532e+01 +6.740435532e+01 +7.5404e-01 -8.8469e-02 +6.0600e-01 +2.8546e-01 -6.5038e-01 +3.3746e-01 +3.7411e-01 -3.4541e-01 +5.8514e-01 -5.7919e-01
1306 0 +9.170424286e+00 +6.736042429e+01 +6.736042429e+01 +7.5306e-01 -1.3613e-01 +5.9501e-01 +2.6394e-01 -6.4806e-01 +3.0613e-01 +3.1808e-01 -3.5351e-01 +5.7015e-01 -5.8023e-01
1357 0 +9.120730135e+00 +6.731073014e+01 +6.731073014e+01 +7.7203e-01 -9.3637e-02 +5.5991e-01 +2.5930e-01 -6.7097e-01 +2.7508e-01 +3.0561e-01 -3.6878e-01 +5.9265e-01 -5.4261e-01
1392 0 +9.076568622e+00 +6.726656862e+01 +6.726656862e+01 +7.9939e-01 -1.3566e-01 +5.4404e-01 +2.1085e-01 -6.5553e-01 +2.2636e-01 +2.9501e-01 -3.3573e-01 +5.9320e-01 -5.4013e-01
1393 0 +9.007237646e+00 +6.719723765e+01 +6.719723765e+01 +7.6303e-01 -1.5799e-01 +5.3776e-01 +1.9073e-01 -6.7897e-01 +2.4979e-01 +2.4615e-01 -3.4955e-01 +5.6839e-01 -5.3840e-01
1461 0 +8.982749669e+00 +6.717274967e+01 +6.717274967e+01 +8.1179e-01 -1.2763e-01 +5.5026e-01 +2.1135e-01 -6.7727e-01 +2.6281e-01 +2.8166e-01 -3.6829e-01 +5.7636e-01 -5.4862e-01
1502 0 +8.721892213e+00 +6.691189221e+01 +6.691189221e+01 +8.0001e-01 -1.8183e-01 +4.9778e-01 +2.4244e-01 -7.1414e-01 +2.0534e-01 +2.2696e-01 -3.1781e-01 +5.9228e-01 -4.6166e-01
1555 0 +8.678275299e+00 +6.686827530e+01 +6.686827530e+01 +7.9323e-01 -2.3841e-01 +4.9556e-01 +2.0898e-01 -7.2905e-01 +1.5275e-01 +1.4900e-01 -3.3431e-01 +5.8106e-01 -4.4552e-01
1601 0 +8.653780161e+00 +6.684378016e+01 +6.684378016e+01 +8.1084e-01 -1.8379e-01 +5.2004e-01 +1.9457e-01 -7.1860e-01 +1.7743e-01 +1.5557e-01 -3.2641e-01 +5.9324e-01 -3.9727e-01
1807 0 +8.598946596e+00 +6.678894660e+01 +6.678894660e+01 +8.1739e-01 -2.1320e-01 +4.9091e-01 +2.0129e-01 -7.3079e-01 +9.7334e-02 +1.7253e-01 -3.2097e-01 +6.0300e-01 -4.2077e-01
1810 0 +8.594710557e+00 +6.678471056e+01 +6.678471056e+01 +7.8269e-01 -1.9616e-01 +4.6822e-01 +1.4449e-01 -7.3835e-01 +1.0347e-01 +1.3727e-01 -2.9526e-01 +6.1655e-01 -3.8319e-01
1856 0 +8.482570995e+00 +6.667257100e+01 +6.667257100e+01 +7.7444e-01 -2.1866e-01 +4.6715e-01 +2.0593e-01 -6.8855e-01 +1.3118e-01 +1.4553e-01 -3.0720e-01 +5.7874e-01 -3.8472e-01
1870 0 +8.437296556e+00 +6.662729656e+01 +6.662729656e+01 +7.8109e-01 -2.1846e-01 +4.5134e-01 +1.8370e-01 -6.9695e-01 +1.1133e-01 +1.3151e-01 -2.5641e-01 +5.8978e-01 -3.6007e-01
1918 0 +8.415922709e+00 +6.660592271e+01 +6.660592271e+01 +7.8338e-01 -2.1949e-01 +4.3187e-01 +1.9250e-01 -7.6042e-01 +9.6134e-02 +1.4317e-01 -3.0341e-01 +6.1395e-01 -3.6069e-01
1956 0 +8.372384007e+00 +6.656238401e+01 +6.656238401e+01 +7.8076e-01 -2.2037e-01 +5.0980e-01 +1.9856e-01 -7.2171e-01 +1.2874e-01 +1.6577e-01 -2.8828e-01 +5.7810e-01 -3.6055e-01
1967 0 +8.205032786e+00 +6.639503279e+01 +6.639503279e+01 +7.5598e-01 -2.8466e-01 +4.7855e-01 +2.0428e-01 -7.6256e-01 +1.1428e-01 +1.0771e-01 -2.7859e-01 +5.8782e-01 -3.2078e-01
2004 0 +8.056631948e+00 +6.624663195e+01 +6.624663195e+01 +7.6443e-01 -2.5748e-01 +4.8512e-01 +1.8447e-01 -7.5242e-01 +6.9063e-02 +1.1502e-01 -2.5313e-01 +6.1498e-01 -2.6756e-01
2107 0 +8.039843433e+00 +6.622984343e+01 +6.622984343e+01 +7.6648e-01 -2.4776e-01 +4.4960e-01 +2.0687e-01 -7.5550e-01 +7.0565e-02 +1.0081e-01 -2.5024e-01 +6.0907e-01 -3.1029e-01
2110 0 +7.964751824e+00 +6.615475182e+01 +6.615475182e+01 +7.6362e-01 -2.8416e-01 +4.5165e-01 +1.6887e-01 -7.8293e-01 +3.5465e-02 +5.1259e-02 -2.3950e-01 +6.1042e-01 -2.4591e-01
2160 0 +7.837955183e+00 +6.602795518e+01 +6.602795518e+01 +7.4270e-01 -2.8997e-01 +4.6139e-01 +1.8037e-01 -7.6352e-01 +6.1033e-02 +1.0143e-01 -2.6232e-01 +5.9113e-01 -2.6741e-01
2237 0 +7.635652771e+00 +6.582565277e+01 +6.582565277e+01 +7.2109e-01 -3.2758e-01 +4.2792e-01 +1.8878e-01 -7.8705e-01 +9.3934e-03 +5.0352e-02 -2.3796e-01 +6.2680e-01 -1.5010e-01
2276 0 +7.574337581e+00 +6.576433758e+01 +6.576433758e+01 +7.0668e-01 -3.2079e-01 +4.2808e-01 +1.8760e-01 -8.0924e-01 -3.0238e-03 +2.2209e-02 -2.1430e-01 +6.2956e-01 -1.0910e-01
2318 0 +7.565831331e+00 +6.575583133e+01 +6.575583133e+01 +6.1675e-01 -3.7160e-01 +4.3513e-01 +1.7473e-01 -7.8054e-01 -4.1320e-02 -3.4570e-02 -1.6750e-01 +6.0287e-01 -5.4674e-02
2457 0 +7.438553037e+00 +6.562855304e+01 +6.562855304e+01 +5.9563e-01 -3.6356e-01 +3.9381e-01 +1.7864e-01 -8.0394e-01 -9.0746e-03 -2.8635e-02 -2.0032e-01 +6.1607e-01 -9.6557e-02
2466 0 +7.345573840e+00 +6.553557384e+01 +6.553557384e+01 +6.4639e-01 -3.3224e-01 +4.0155e-01 +1.8696e-01 -8.2118e-01 -1.7112e-02 -2.3590e-02 -2.0543e-01 +6.3270e-01 -7.5119e-02
