% f evaluations | g evaluations | best noise-free fitness - Fopt (7.627000000000e+01) + sum g_i+ | measured fitness | best measured fitness or single-digit g-values | x1 | x2...
1 0 +1.115344780e+07 +1.115352407e+07 +1.115352407e+07 +5.9671e-01 -3.8264e-02
3 0 +9.255980039e+06 +9.256056309e+06 +9.256056309e+06 -1.3415e-01 -1.3414e-01
6 0 +8.086475554e+06 +8.086551824e+06 +8.086551824e+06 -3.6342e-01 -3.6573e-01
7 0 +2.336013123e+06 +2.336089393e+06 +2.336089393e+06 +3.4196e-01 -1.8133e+00
12 0 +5.126239307e+05 +5.127002007e+05 +5.127002007e+05 -1.0595e+00 -2.3155e+00
13 0 +3.643104692e+05 +3.643867392e+05 +3.643867392e+05 -5.4552e-01 -3.9626e+00
18 0 +1.605715474e+04 +1.613342474e+04 +1.613342474e+04 +3.9580e-01 -3.7012e+00
51 0 +9.373016453e+02 +1.013571645e+03 +1.013571645e+03 -8.2827e-01 -3.1511e+00
62 0 +3.025140151e+01 +1.065214015e+02 +1.065214015e+02 +8.1026e-01 -3.7085e+00
91 0 +1.188219550e+01 +8.815219550e+01 +8.815219550e+01 +1.0260e+00 -3.7746e+00
133 0 +1.223369131e+00 +7.749336913e+01 +7.749336913e+01 -1.1247e+00 -3.0904e+00
213 0 +6.527672300e-01 +7.692276723e+01 +7.692276723e+01 -2.5861e-01 -3.3658e+00
236 0 +5.032715542e-01 +7.677327155e+01 +7.677327155e+01 -3.4527e-01 -3.3377e+00
264 0 +5.007456271e-01 +7.677074563e+01 +7.677074563e+01 -2.9234e-01 -3.3546e+00
270 0 +4.936520022e-01 +7.676365200e+01 +7.676365200e+01 -2.7807e-01 -3.3592e+00
358 0 +4.922602293e-01 +7.676226023e+01 +7.676226023e+01 -3.0784e-01 -3.3497e+00
360 0 +4.856772820e-01 +7.675567728e+01 +7.675567728e+01 -3.0070e-01 -3.3521e+00
366 0 +4.800366967e-01 +7.675003670e+01 +7.675003670e+01 -3.1087e-01 -3.3488e+00
391 0 +4.786700443e-01 +7.674867004e+01 +7.674867004e+01 -3.1153e-01 -3.3487e+00
410 0 +4.751963816e-01 +7.674519638e+01 +7.674519638e+01 -3.1776e-01 -3.3467e+00
421 0 +4.733711626e-01 +7.674337116e+01 +7.674337116e+01 -3.2007e-01 -3.3460e+00
422 0 +4.692568089e-01 +7.673925681e+01 +7.673925681e+01 -3.2903e-01 -3.3431e+00
425 0 +4.688462087e-01 +7.673884621e+01 +7.673884621e+01 -3.2618e-01 -3.3440e+00
431 0 +4.686768842e-01 +7.673867688e+01 +7.673867688e+01 -3.2879e-01 -3.3432e+00
434 0 +4.671765654e-01 +7.673717657e+01 +7.673717657e+01 -3.3171e-01 -3.3422e+00
435 0 +4.655500820e-01 +7.673555008e+01 +7.673555008e+01 -3.3072e-01 -3.3426e+00
437 0 +4.637612712e-01 +7.673376127e+01 +7.673376127e+01 -3.3281e-01 -3.3419e+00
442 0 +4.528089057e-01 +7.672280891e+01 +7.672280891e+01 -3.4658e-01 -3.3375e+00
445 0 +4.520593002e-01 +7.672205930e+01 +7.672205930e+01 -3.4489e-01 -3.3381e+00
447 0 +4.467375383e-01 +7.671673754e+01 +7.671673754e+01 -3.4986e-01 -3.3366e+00
452 0 +4.444714986e-01 +7.671447150e+01 +7.671447150e+01 -3.5326e-01 -3.3354e+00
453 0 +4.327239503e-01 +7.670272395e+01 +7.670272395e+01 -3.6645e-01 -3.3312e+00
455 0 +3.615770543e-01 +7.663157705e+01 +7.663157705e+01 -4.0499e-01 -3.3191e+00
461 0 +3.138778247e-01 +7.658387782e+01 +7.658387782e+01 -4.3435e-01 -3.3097e+00
463 0 +2.829079735e-01 +7.655290797e+01 +7.655290797e+01 -4.4588e-01 -3.3062e+00
466 0 +1.483242205e-01 +7.641832422e+01 +7.641832422e+01 -6.3857e-01 -3.2450e+00
473 0 +4.977106423e-02 +7.631977106e+01 +7.631977106e+01 -8.9970e-01 -3.1624e+00
474 0 +2.542203778e-02 +7.629542204e+01 +7.629542204e+01 -7.8371e-01 -3.1993e+00
478 0 +2.418679110e-02 +7.629418679e+01 +7.629418679e+01 -8.5720e-01 -3.1759e+00
480 0 +9.023743066e-03 +7.627902374e+01 +7.627902374e+01 -8.6042e-01 -3.1750e+00
% f evaluations | g evaluations | best noise-free fitness - Fopt (-2.255000000000e+01) + sum g_i+ | measured fitness | best measured fitness or single-digit g-values | x1 | x2...
1 0 +7.681858844e+06 +7.681836294e+06 +7.681836294e+06 +5.9671e-01 -3.8264e-02
2 0 +4.145031237e+06 +4.145008687e+06 +4.145008687e+06 +7.4769e-01 +1.6230e+00
4 0 +2.001558928e+06 +2.001536378e+06 +2.001536378e+06 +1.6792e+00 +8.6743e-01
12 0 +5.649111720e+05 +5.648886220e+05 +5.648886220e+05 +1.9124e+00 +1.9315e+00
16 0 +1.345013038e+05 +1.344787538e+05 +1.344787538e+05 +3.9323e+00 -3.4660e-01
18 0 +5.832339637e+04 +5.830084637e+04 +5.830084637e+04 +2.2657e+00 +2.7118e+00
20 0 +7.277377253e+01 +5.022377253e+01 +5.022377253e+01 +2.6086e+00 +2.4271e+00
115 0 +6.397952903e+00 -1.615204710e+01 -1.615204710e+01 +3.3325e+00 +3.1878e-01
128 0 +4.890808209e+00 -1.765919179e+01 -1.765919179e+01 +2.7277e+00 +2.0952e+00
137 0 +1.654073909e+00 -2.089592609e+01 -2.089592609e+01 +2.9442e+00 +1.4629e+00
181 0 +1.358539841e+00 -2.119146016e+01 -2.119146016e+01 +2.8460e+00 +1.7548e+00
188 0 +1.322305031e+00 -2.122769497e+01 -2.122769497e+01 +2.8688e+00 +1.6827e+00
204 0 +1.240004388e+00 -2.130999561e+01 -2.130999561e+01 +2.8566e+00 +1.7229e+00
205 0 +9.280050725e-01 -2.162199493e+01 -2.162199493e+01 +2.8317e+00 +1.7925e+00
213 0 +8.120041864e-01 -2.173799581e+01 -2.173799581e+01 +2.8553e+00 +1.7255e+00
216 0 +6.697926774e-01 -2.188020732e+01 -2.188020732e+01 +2.8067e+00 +1.8694e+00
222 0 +5.494540093e-01 -2.200054599e+01 -2.200054599e+01 +2.8188e+00 +1.8328e+00
237 0 +3.445544042e-01 -2.220544560e+01 -2.220544560e+01 +2.7691e+00 +1.9793e+00
239 0 +2.810782416e-01 -2.226892176e+01 -2.226892176e+01 +2.7401e+00 +2.0650e+00
247 0 +2.513390949e-01 -2.229866091e+01 -2.229866091e+01 +2.7289e+00 +2.0979e+00
259 0 +2.326860429e-01 -2.231731396e+01 -2.231731396e+01 +2.7142e+00 +2.1416e+00
282 0 +2.281640068e-01 -2.232183599e+01 -2.232183599e+01 +2.7182e+00 +2.1294e+00
291 0 +2.210869356e-01 -2.232891306e+01 -2.232891306e+01 +2.7137e+00 +2.1426e+00
304 0 +2.169590006e-01 -2.233304100e+01 -2.233304100e+01 +2.7130e+00 +2.1448e+00
309 0 +2.137327432e-01 -2.233626726e+01 -2.233626726e+01 +2.7117e+00 +2.1487e+00
310 0 +2.133305349e-01 -2.233666947e+01 -2.233666947e+01 +2.7111e+00 +2.1504e+00
327 0 +2.111286326e-01 -2.233887137e+01 -2.233887137e+01 +2.7108e+00 +2.1513e+00
329 0 +2.086071400e-01 -2.234139286e+01 -2.234139286e+01 +2.7045e+00 +2.1695e+00
331 0 +1.809293647e-01 -2.236907064e+01 -2.236907064e+01 +2.6929e+00 +2.2038e+00
340 0 +1.625123944e-01 -2.238748761e+01 -2.238748761e+01 +2.6865e+00 +2.2228e+00
342 0 +1.273826387e-01 -2.242261736e+01 -2.242261736e+01 +2.6730e+00 +2.2627e+00
343 0 +1.069532539e-01 -2.244304675e+01 -2.244304675e+01 +2.6664e+00 +2.2826e+00
344 0 +9.672038259e-02 -2.245327962e+01 -2.245327962e+01 +2.6619e+00 +2.2954e+00
351 0 +9.508064893e-02 -2.245491935e+01 -2.245491935e+01 +2.6450e+00 +2.3451e+00
352 0 +7.452388031e-02 -2.247547612e+01 -2.247547612e+01 +2.6530e+00 +2.3218e+00
353 0 +4.329579864e-02 -2.250670420e+01 -2.250670420e+01 +2.6266e+00 +2.4001e+00
355 0 +3.883287780e-02 -2.251116712e+01 -2.251116712e+01 +2.6214e+00 +2.4150e+00
358 0 +1.648119224e-02 -2.253351881e+01 -2.253351881e+01 +2.6015e+00 +2.4742e+00
362 0 +2.118258378e-03 -2.254788174e+01 -2.254788174e+01 +2.5703e+00 +2.5662e+00
369 0 +1.650605790e-03 -2.254834939e+01 -2.254834939e+01 +2.5556e+00 +2.6093e+00
429 0 +5.332044397e-04 -2.254946680e+01 -2.254946680e+01 +2.5688e+00 +2.5707e+00
441 0 +4.824586133e-04 -2.254951754e+01 -2.254951754e+01 +2.5699e+00 +2.5673e+00
451 0 +2.051557937e-04 -2.254979484e+01 -2.254979484e+01 +2.5701e+00 +2.5667e+00
458 0 +1.998976465e-04 -2.254980010e+01 -2.254980010e+01 +2.5617e+00 +2.5915e+00
463 0 +7.058891910e-05 -2.254992941e+01 -2.254992941e+01 +2.5685e+00 +2.5716e+00
477 0 +4.687419744e-05 -2.254995313e+01 -2.254995313e+01 +2.5678e+00 +2.5734e+00
478 0 +3.986864346e-05 -2.254996013e+01 -2.254996013e+01 +2.5677e+00 +2.5739e+00
500 0 +3.235278161e-05 -2.254996765e+01 -2.254996765e+01 +2.5669e+00 +2.5763e+00
% f evaluations | g evaluations | best noise-free fitness - Fopt (1.366000000000e+01) + sum g_i+ | measured fitness | best measured fitness or single-digit g-values | x1 | x2...
1 0 +1.945760603e+06 +1.945774263e+06 +1.945774263e+06 +5.9671e-01 -3.8264e-02
2 0 +4.028167691e+05 +4.028304291e+05 +4.028304291e+05 +7.4769e-01 +1.6230e+00
5 0 +1.639339977e+04 +1.640705977e+04 +1.640705977e+04 -3.6947e-01 +6.4256e-01
21 0 +1.384072365e+04 +1.385438365e+04 +1.385438365e+04 -6.8107e-01 +6.0713e-01
25 0 +3.515020802e+03 +3.528680802e+03 +3.528680802e+03 -4.2189e-01 +9.3489e-01
28 0 +9.408300287e+01 +1.077430029e+02 +1.077430029e+02 -9.4569e-01 -7.5548e-02
52 0 +6.065905614e+01 +7.431905614e+01 +7.431905614e+01 -9.7979e-01 -9.9016e-02
67 0 +4.695551502e+01 +6.061551502e+01 +6.061551502e+01 -7.3958e-01 +2.9799e-01
74 0 +4.280884877e+01 +5.646884877e+01 +5.646884877e+01 -8.7645e-01 +6.9188e-02
87 0 +2.770091569e+01 +4.136091569e+01 +4.136091569e+01 -8.2051e-01 +1.4189e-01
91 0 +1.173314023e+01 +2.539314023e+01 +2.539314023e+01 -8.4836e-01 +9.9685e-02
123 0 +7.371686981e+00 +2.103168698e+01 +2.103168698e+01 -8.4611e-01 +1.0524e-01
133 0 +6.347792768e+00 +2.000779277e+01 +2.000779277e+01 -8.6486e-01 +7.7901e-02
135 0 +6.181858328e+00 +1.984185833e+01 +1.984185833e+01 -8.6638e-01 +7.3030e-02
152 0 +5.923969192e+00 +1.958396919e+01 +1.958396919e+01 -8.6415e-01 +7.7421e-02
434 0 +5.920738519e+00 +1.958073852e+01 +1.958073852e+01 -8.6822e-01 +7.1045e-02
435 0 +5.912270167e+00 +1.957227017e+01 +1.957227017e+01 -8.6551e-01 +7.5737e-02
442 0 +5.876421011e+00 +1.953642101e+01 +1.953642101e+01 -8.6311e-01 +7.9512e-02
448 0 +5.871610115e+00 +1.953161011e+01 +1.953161011e+01 -8.6254e-01 +8.0470e-02
451 0 +5.868894248e+00 +1.952889425e+01 +1.952889425e+01 -8.6205e-01 +8.1327e-02
452 0 +5.866318387e+00 +1.952631839e+01 +1.952631839e+01 -8.6184e-01 +8.1547e-02
458 0 +5.843560457e+00 +1.950356046e+01 +1.950356046e+01 -8.5929e-01 +8.5851e-02
461 0 +5.782346419e+00 +1.944234642e+01 +1.944234642e+01 -8.4836e-01 +1.0438e-01
464 0 +5.775504406e+00 +1.943550441e+01 +1.943550441e+01 -8.4877e-01 +1.0361e-01
466 0 +5.769250339e+00 +1.942925034e+01 +1.942925034e+01 -8.3719e-01 +1.2321e-01
475 0 +5.738331835e+00 +1.939833184e+01 +1.939833184e+01 -8.4638e-01 +1.0742e-01
480 0 +5.693528993e+00 +1.935352899e+01 +1.935352899e+01 -8.4040e-01 +1.1708e-01
% f evaluations | g evaluations | best noise-free fitness - Fopt (9.378400000000e+02) + sum g_i+ | measured fitness | best measured fitness or single-digit g-values | x1 | x2...
1 0 +6.783826702e+06 +6.784764542e+06 +6.784764542e+06 +5.9671e-01 -3.8264e-02
2 0 +3.885469115e+06 +3.886406955e+06 +3.886406955e+06 +7.4769e-01 +1.6230e+00
5 0 +2.703263990e+06 +2.704201830e+06 +2.704201830e+06 -3.6947e-01 +6.4256e-01
8 0 +1.125672644e+06 +1.126610484e+06 +1.126610484e+06 -1.6249e+00 -4.6229e-01
11 0 +3.719879285e+03 +4.657719285e+03 +4.657719285e+03 -2.3461e+00 +2.2513e-01
49 0 +4.034547146e+02 +1.341294715e+03 +1.341294715e+03 -3.9307e+00 -2.1145e+00
66 0 +7.038633619e+01 +1.008226336e+03 +1.008226336e+03 -3.6615e+00 -1.7377e+00
101 0 +5.361278216e+01 +9.914527822e+02 +9.914527822e+02 -3.1765e+00 -9.5234e-01
102 0 +3.568062533e+01 +9.735206253e+02 +9.735206253e+02 -3.6251e+00 -1.6674e+00
141 0 +3.095526242e+01 +9.687952624e+02 +9.687952624e+02 -3.3256e+00 -1.1946e+00
144 0 +2.738786850e+01 +9.652278685e+02 +9.652278685e+02 -3.1671e+00 -9.4871e-01
204 0 +2.713667997e+01 +9.649766800e+02 +9.649766800e+02 -3.1838e+00 -9.7324e-01
222 0 +2.705839954e+01 +9.648983995e+02 +9.648983995e+02 -3.1778e+00 -9.6366e-01
248 0 +2.703226505e+01 +9.648722650e+02 +9.648722650e+02 -3.1781e+00 -9.6420e-01
275 0 +2.702950046e+01 +9.648695005e+02 +9.648695005e+02 -3.1795e+00 -9.6688e-01
281 0 +2.695877382e+01 +9.647987738e+02 +9.647987738e+02 -3.1750e+00 -9.5971e-01
303 0 +2.694134258e+01 +9.647813426e+02 +9.647813426e+02 -3.1732e+00 -9.5662e-01
314 0 +2.694109062e+01 +9.647810906e+02 +9.647810906e+02 -3.1731e+00 -9.5654e-01
315 0 +2.691754557e+01 +9.647575456e+02 +9.647575456e+02 -3.1715e+00 -9.5431e-01
321 0 +2.690304330e+01 +9.647430433e+02 +9.647430433e+02 -3.1711e+00 -9.5361e-01
323 0 +2.688805117e+01 +9.647280512e+02 +9.647280512e+02 -3.1699e+00 -9.5186e-01
331 0 +2.688138681e+01 +9.647213868e+02 +9.647213868e+02 -3.1697e+00 -9.5136e-01
332 0 +2.687792136e+01 +9.647179214e+02 +9.647179214e+02 -3.1696e+00 -9.5111e-01
341 0 +2.686877489e+01 +9.647087749e+02 +9.647087749e+02 -3.1689e+00 -9.5022e-01
352 0 +2.679218081e+01 +9.646321808e+02 +9.646321808e+02 -3.1639e+00 -9.4229e-01
361 0 +2.678002634e+01 +9.646200263e+02 +9.646200263e+02 -3.1623e+00 -9.3934e-01
362 0 +2.674380944e+01 +9.645838094e+02 +9.645838094e+02 -3.1574e+00 -9.3149e-01
363 0 +2.672648840e+01 +9.645664884e+02 +9.645664884e+02 -3.1595e+00 -9.3537e-01
365 0 +2.667856773e+01 +9.645185677e+02 +9.645185677e+02 -3.1555e+00 -9.2913e-01
371 0 +2.666773228e+01 +9.645077323e+02 +9.645077323e+02 -3.1408e+00 -9.0663e-01
372 0 +2.662087599e+01 +9.644608760e+02 +9.644608760e+02 -3.1505e+00 -9.2139e-01
374 0 +2.644739231e+01 +9.642873923e+02 +9.642873923e+02 -3.1404e+00 -9.0502e-01
382 0 +2.576973097e+01 +9.636097310e+02 +9.636097310e+02 -3.0948e+00 -8.3296e-01
388 0 +2.536219408e+01 +9.632021941e+02 +9.632021941e+02 -3.0663e+00 -7.8865e-01
391 0 +2.410439592e+01 +9.619443959e+02 +9.619443959e+02 -2.9644e+00 -6.2843e-01
393 0 +2.217561820e+01 +9.600156182e+02 +9.600156182e+02 -2.8138e+00 -3.8874e-01
401 0 +1.843398717e+01 +9.562739872e+02 +9.562739872e+02 -2.4006e+00 +2.5804e-01
405 0 +1.209004638e+01 +9.499300464e+02 +9.499300464e+02 -2.0637e+00 +7.9470e-01
412 0 +6.422919592e+00 +9.442629196e+02 +9.442629196e+02 +1.9075e-01 +4.3512e+00
425 0 +3.549677982e-01 +9.381949678e+02 +9.381949678e+02 -3.7474e-01 +3.4566e+00
473 0 +1.401571151e-01 +9.379801571e+02 +9.379801571e+02 -4.9100e-01 +3.2722e+00
% f evaluations | g evaluations | best noise-free fitness - Fopt (-7.872000000000e+01) + sum g_i+ | measured fitness | best measured fitness or single-digit g-values | x1 | x2...
1 0 +7.864662279e+06 +7.864583559e+06 +7.864583559e+06 +5.9671e-01 -3.8264e-02
7 0 +2.042818275e+06 +2.042739555e+06 +2.042739555e+06 +3.4196e-01 -1.8133e+00
11 0 +7.592415283e+02 +6.805215283e+02 +6.805215283e+02 +1.3106e+00 -2.9545e+00
45 0 +7.674733612e+00 -7.104526639e+01 -7.104526639e+01 +4.7856e+00 -4.3798e-01
131 0 +3.961738618e+00 -7.475826138e+01 -7.475826138e+01 +1.9388e+00 -2.4733e+00
168 0 +3.778664178e+00 -7.494133582e+01 -7.494133582e+01 +2.9473e+00 -1.7505e+00
169 0 +9.727990581e-01 -7.774720094e+01 -7.774720094e+01 +2.9465e+00 -1.7544e+00
473 0 +8.986730040e-01 -7.782132700e+01 -7.782132700e+01 +2.6354e+00 -1.9751e+00
474 0 +7.859796728e-01 -7.793402033e+01 -7.793402033e+01 +2.6708e+00 -1.9499e+00
477 0 +6.160660810e-01 -7.810393392e+01 -7.810393392e+01 +2.7469e+00 -1.8960e+00
484 0 +3.256545403e-01 -7.839434546e+01 -7.839434546e+01 +2.9506e+00 -1.7506e+00
495 0 +2.435555567e-01 -7.847644444e+01 -7.847644444e+01 +3.4204e+00 -1.4156e+00
% f evaluations | g evaluations | best noise-free fitness - Fopt (-4.151000000000e+01) + sum g_i+ | measured fitness | best measured fitness or single-digit g-values | x1 | x2...
1 0 +1.735179188e+06 +1.735137678e+06 +1.735137678e+06 +5.9671e-01 -3.8264e-02
2 0 +2.129546982e+05 +2.129131882e+05 +2.129131882e+05 +7.4769e-01 +1.6230e+00
4 0 +1.466118260e+04 +1.461967260e+04 +1.461967260e+04 +1.6792e+00 +8.6743e-01
18 0 +7.205471170e+03 +7.163961170e+03 +7.163961170e+03 +1.5592e+00 +1.0676e+00
23 0 +7.903187118e+02 +7.488087118e+02 +7.488087118e+02 +8.6119e-01 +2.6145e+00
44 0 +2.624294443e+02 +2.209194443e+02 +2.209194443e+02 +9.7412e-01 +2.3134e+00
72 0 +2.212146868e+02 +1.797046868e+02 +1.797046868e+02 +8.8037e-01 +2.4624e+00
93 0 +1.392893639e+02 +9.777936388e+01 +9.777936388e+01 +8.3127e-01 +2.6484e+00
94 0 +3.906612707e+01 -2.443872934e+00 -2.443872934e+00 +7.8062e-01 +2.7319e+00
129 0 +3.590715388e+01 -5.602846119e+00 -5.602846119e+00 +1.0735e+00 +2.0163e+00
134 0 +2.556906869e+01 -1.594093131e+01 -1.594093131e+01 +1.0251e+00 +2.1373e+00
147 0 +1.831677591e+01 -2.319322409e+01 -2.319322409e+01 +1.0154e+00 +2.1756e+00
152 0 +1.445214141e+01 -2.705785859e+01 -2.705785859e+01 +1.0338e+00 +2.1214e+00
155 0 +1.359541916e+01 -2.791458084e+01 -2.791458084e+01 +1.0661e+00 +2.0501e+00
178 0 +1.184028366e+01 -2.966971634e+01 -2.966971634e+01 +1.0874e+00 +1.9960e+00
182 0 +1.132518817e+01 -3.018481183e+01 -3.018481183e+01 +1.0931e+00 +1.9809e+00
255 0 +1.103936925e+01 -3.047063075e+01 -3.047063075e+01 +1.1055e+00 +1.9503e+00
258 0 +1.084987697e+01 -3.066012303e+01 -3.066012303e+01 +1.1160e+00 +1.9243e+00
276 0 +1.051146326e+01 -3.099853674e+01 -3.099853674e+01 +1.1372e+00 +1.8732e+00
277 0 +1.033033375e+01 -3.117966625e+01 -3.117966625e+01 +1.1454e+00 +1.8528e+00
293 0 +1.024426440e+01 -3.126573560e+01 -3.126573560e+01 +1.1602e+00 +1.8177e+00
294 0 +1.022052105e+01 -3.128947895e+01 -3.128947895e+01 +1.1522e+00 +1.8359e+00
296 0 +9.759524343e+00 -3.175047566e+01 -3.175047566e+01 +1.1815e+00 +1.7644e+00
304 0 +8.991155752e+00 -3.251884425e+01 -3.251884425e+01 +1.2456e+00 +1.6074e+00
311 0 +8.162174581e+00 -3.334782542e+01 -3.334782542e+01 +1.3204e+00 +1.4260e+00
321 0 +4.110214166e+00 -3.739978583e+01 -3.739978583e+01 +1.7434e+00 +3.9656e-01
326 0 +3.918795345e+00 -3.759120465e+01 -3.759120465e+01 +1.6463e+00 +6.2987e-01
335 0 +2.676953669e+00 -3.883304633e+01 -3.883304633e+01 +1.8801e+00 +5.7545e-02
336 0 +9.131641738e-01 -4.059683583e+01 -4.059683583e+01 +2.1207e+00 -5.2546e-01
369 0 +5.556838924e-01 -4.095431611e+01 -4.095431611e+01 +2.4766e+00 -1.3939e+00
376 0 +3.039990398e-01 -4.120600096e+01 -4.120600096e+01 +2.5564e+00 -1.5895e+00
382 0 +2.996114163e-01 -4.121038858e+01 -4.121038858e+01 +2.5941e+00 -1.6819e+00
393 0 +4.018930215e-02 -4.146981070e+01 -4.146981070e+01 +2.4384e+00 -1.3031e+00
402 0 +6.382259316e-03 -4.150361774e+01 -4.150361774e+01 +2.4170e+00 -1.2500e+00
456 0 +1.984339616e-03 -4.150801566e+01 -4.150801566e+01 +2.3889e+00 -1.1816e+00
464 0 +3.710049179e-04 -4.150962900e+01 -4.150962900e+01 +2.4062e+00 -1.2239e+00
473 0 +2.513400950e-05 -4.150997487e+01 -4.150997487e+01 +2.4004e+00 -1.2099e+00
% f evaluations | g evaluations | best noise-free fitness - Fopt (1.320700000000e+02) + sum g_i+ | measured fitness | best measured fitness or single-digit g-values | x1 | x2...
1 0 +1.181852231e+07 +1.181865438e+07 +1.181865438e+07 +5.9671e-01 -3.8264e-02
2 0 +1.164002270e+07 +1.164015477e+07 +1.164015477e+07 +7.4769e-01 +1.6230e+00
3 0 +7.056793733e+06 +7.056925803e+06 +7.056925803e+06 -1.3415e-01 -1.3414e-01
5 0 +5.556108651e+06 +5.556240721e+06 +5.556240721e+06 -3.6947e-01 +6.4256e-01
8 0 +1.982146298e+06 +1.982278368e+06 +1.982278368e+06 -1.6249e+00 -4.6229e-01
11 0 +6.088056905e+04 +6.101263905e+04 +6.101263905e+04 -2.6894e+00 -5.6850e-01
18 0 +5.134045166e+03 +5.266115166e+03 +5.266115166e+03 -2.9749e+00 -1.6718e+00
35 0 +4.191051279e+03 +4.323121279e+03 +4.323121279e+03 -3.1634e+00 -3.3845e+00
57 0 +7.190335599e+02 +8.511035599e+02 +8.511035599e+02 -3.1446e+00 -2.7811e+00
62 0 +3.291944476e+02 +4.612644476e+02 +4.612644476e+02 -2.8765e+00 +1.9597e-01
117 0 +6.838242555e+01 +2.004524256e+02 +2.004524256e+02 -3.2434e+00 -3.5029e+00
148 0 +4.190653898e+01 +1.739765390e+02 +1.739765390e+02 -3.0976e+00 -2.1113e+00
163 0 +3.699231095e+01 +1.690623109e+02 +1.690623109e+02 -3.1033e+00 -2.1303e+00
180 0 +3.327103864e+01 +1.653410386e+02 +1.653410386e+02 -3.0755e+00 -1.8864e+00
183 0 +2.809577578e+01 +1.601657758e+02 +1.601657758e+02 -3.0421e+00 -1.5581e+00
188 0 +2.770071538e+01 +1.597707154e+02 +1.597707154e+02 -2.9877e+00 -1.0209e+00
204 0 +2.448474430e+01 +1.565547443e+02 +1.565547443e+02 -2.9879e+00 -1.0305e+00
225 0 +2.314183636e+01 +1.552118364e+02 +1.552118364e+02 -2.9882e+00 -1.0471e+00
233 0 +2.250998820e+01 +1.545799882e+02 +1.545799882e+02 -2.9784e+00 -9.5531e-01
250 0 +2.002519387e+01 +1.520951939e+02 +1.520951939e+02 -2.9475e+00 -6.5392e-01
281 0 +1.993380891e+01 +1.520038089e+02 +1.520038089e+02 -2.9472e+00 -6.5192e-01
303 0 +1.991088256e+01 +1.519808826e+02 +1.519808826e+02 -2.9476e+00 -6.5589e-01
310 0 +1.973395071e+01 +1.518039507e+02 +1.518039507e+02 -2.9424e+00 -6.0364e-01
319 0 +1.956420502e+01 +1.516342050e+02 +1.516342050e+02 -2.9419e+00 -6.0099e-01
321 0 +1.943462164e+01 +1.515046216e+02 +1.515046216e+02 -2.9420e+00 -6.0520e-01
324 0 +1.942835349e+01 +1.514983535e+02 +1.514983535e+02 -2.9402e+00 -5.8451e-01
325 0 +1.939190069e+01 +1.514619007e+02 +1.514619007e+02 -2.9411e+00 -5.9464e-01
333 0 +1.928141751e+01 +1.513514175e+02 +1.513514175e+02 -2.9401e+00 -5.8616e-01
343 0 +1.924791651e+01 +1.513179165e+02 +1.513179165e+02 -2.9396e+00 -5.8157e-01
351 0 +1.912631591e+01 +1.511963159e+02 +1.511963159e+02 -2.9381e+00 -5.6835e-01
371 0 +1.912309734e+01 +1.511930973e+02 +1.511930973e+02 -2.9381e+00 -5.6764e-01
373 0 +1.910402108e+01 +1.511740211e+02 +1.511740211e+02 -2.9378e+00 -5.6430e-01
391 0 +1.906099284e+01 +1.511309928e+02 +1.511309928e+02 -2.9373e+00 -5.6020e-01
395 0 +1.904721681e+01 +1.511172168e+02 +1.511172168e+02 -2.9372e+00 -5.5878e-01
396 0 +1.904068632e+01 +1.511106863e+02 +1.511106863e+02 -2.9371e+00 -5.5831e-01
401 0 +1.899315126e+01 +1.510631513e+02 +1.510631513e+02 -2.9364e+00 -5.5150e-01
411 0 +1.888590436e+01 +1.509559044e+02 +1.509559044e+02 -2.9351e+00 -5.3995e-01
412 0 +1.884113249e+01 +1.509111325e+02 +1.509111325e+02 -2.9346e+00 -5.3432e-01
413 0 +1.877645543e+01 +1.508464554e+02 +1.508464554e+02 -2.9337e+00 -5.2557e-01
414 0 +1.875472337e+01 +1.508247234e+02 +1.508247234e+02 -2.9335e+00 -5.2354e-01
421 0 +1.851051266e+01 +1.505805127e+02 +1.505805127e+02 -2.9304e+00 -4.9442e-01
424 0 +1.841224830e+01 +1.504822483e+02 +1.504822483e+02 -2.9292e+00 -4.8218e-01
431 0 +1.767227039e+01 +1.497422704e+02 +1.497422704e+02 -2.9198e+00 -3.9164e-01
442 0 +1.685142527e+01 +1.489214253e+02 +1.489214253e+02 -2.9101e+00 -2.9957e-01
444 0 +1.667328839e+01 +1.487432884e+02 +1.487432884e+02 -2.9082e+00 -2.8457e-01
445 0 +1.564881821e+01 +1.477188182e+02 +1.477188182e+02 -2.8960e+00 -1.6581e-01
451 0 +1.498334288e+01 +1.470533429e+02 +1.470533429e+02 -2.8883e+00 -9.5025e-02
452 0 +1.402361849e+01 +1.460936185e+02 +1.460936185e+02 -2.8767e+00 +1.7335e-02
453 0 +1.338961343e+01 +1.454596134e+02 +1.454596134e+02 -2.8571e+00 +2.1201e-01
455 0 +1.255430505e+01 +1.446243051e+02 +1.446243051e+02 -2.8497e+00 +2.8147e-01
459 0 +1.196527232e+01 +1.440352723e+02 +1.440352723e+02 -2.8497e+00 +2.7606e-01
461 0 +1.131029400e+01 +1.433802940e+02 +1.433802940e+02 -2.8414e+00 +3.4913e-01
463 0 +1.075906377e+01 +1.428290638e+02 +1.428290638e+02 -2.8156e+00 +6.0692e-01
465 0 +9.490111871e+00 +1.415601119e+02 +1.415601119e+02 -2.8121e+00 +6.2981e-01
472 0 +8.835203857e+00 +1.409052039e+02 +1.409052039e+02 -2.7860e+00 +8.8530e-01
474 0 +2.787840552e+00 +1.348578406e+02 +1.348578406e+02 -2.5845e+00 +2.8109e+00
487 0 +2.677374561e+00 +1.347473746e+02 +1.347473746e+02 -2.5326e+00 +3.2754e+00
488 0 +2.395317797e+00 +1.344653178e+02 +1.344653178e+02 -2.6575e+00 +2.1018e+00
491 0 +1.644827007e+00 +1.337148270e+02 +1.337148270e+02 -2.4855e+00 +3.7507e+00
492 0 +4.309502312e-01 +1.325009502e+02 +1.325009502e+02 -2.5273e+00 +3.3451e+00
% f evaluations | g evaluations | best noise-free fitness - Fopt (9.725000000000e+01) + sum g_i+ | measured fitness | best measured fitness or single-digit g-values | x1 | x2...
1 0 +1.444075590e+06 +1.444172840e+06 +1.444172840e+06 +5.9671e-01 -3.8264e-02
2 0 +2.640309153e+05 +2.641281653e+05 +2.641281653e+05 +7.4769e-01 +1.6230e+00
4 0 +1.044638450e+05 +1.045610950e+05 +1.045610950e+05 +1.6792e+00 +8.6743e-01
11 0 +9.874941062e+04 +9.884666062e+04 +9.884666062e+04 +7.2044e-01 +1.4009e+00
15 0 +5.531950962e+03 +5.629200962e+03 +5.629200962e+03 -5.5664e-02 +1.0963e+00
22 0 +2.348163371e+02 +3.320663371e+02 +3.320663371e+02 +1.1185e+00 +1.1437e+00
48 0 +2.138933740e+02 +3.111433740e+02 +3.111433740e+02 +1.5959e+00 +1.1896e+00
62 0 +1.769882906e+00 +9.901988291e+01 +9.901988291e+01 +1.5303e+00 +1.1699e+00
121 0 +1.436436098e+00 +9.868643610e+01 +9.868643610e+01 +1.2604e+00 +1.1416e+00
145 0 +8.489869247e-01 +9.809898692e+01 +9.809898692e+01 +1.5172e+00 +1.1674e+00
166 0 +6.160595339e-01 +9.786605953e+01 +9.786605953e+01 +1.4294e+00 +1.1589e+00
215 0 +6.052357451e-01 +9.785523575e+01 +9.785523575e+01 +1.4223e+00 +1.1582e+00
227 0 +5.937624037e-01 +9.784376240e+01 +9.784376240e+01 +1.4212e+00 +1.1583e+00
238 0 +5.905320999e-01 +9.784053210e+01 +9.784053210e+01 +1.4180e+00 +1.1580e+00
251 0 +5.883710587e-01 +9.783837106e+01 +9.783837106e+01 +1.4189e+00 +1.1580e+00
259 0 +5.878733320e-01 +9.783787333e+01 +9.783787333e+01 +1.4166e+00 +1.1577e+00
261 0 +5.877112257e-01 +9.783771123e+01 +9.783771123e+01 +1.4185e+00 +1.1580e+00
262 0 +5.791373016e-01 +9.782913730e+01 +9.782913730e+01 +1.4124e+00 +1.1574e+00
271 0 +5.779333748e-01 +9.782793337e+01 +9.782793337e+01 +1.4113e+00 +1.1573e+00
314 0 +5.772821995e-01 +9.782728220e+01 +9.782728220e+01 +1.4109e+00 +1.1572e+00
324 0 +5.766324751e-01 +9.782663248e+01 +9.782663248e+01 +1.4104e+00 +1.1572e+00
326 0 +5.766249682e-01 +9.782662497e+01 +9.782662497e+01 +1.4103e+00 +1.1572e+00
331 0 +5.762696478e-01 +9.782626965e+01 +9.782626965e+01 +1.4101e+00 +1.1572e+00
340 0 +5.751079723e-01 +9.782510797e+01 +9.782510797e+01 +1.4090e+00 +1.1570e+00
360 0 +5.745245575e-01 +9.782452456e+01 +9.782452456e+01 +1.4087e+00 +1.1570e+00
362 0 +5.739413933e-01 +9.782394139e+01 +9.782394139e+01 +1.4077e+00 +1.1569e+00
364 0 +5.725071540e-01 +9.782250715e+01 +9.782250715e+01 +1.4072e+00 +1.1569e+00
371 0 +5.682123703e-01 +9.781821237e+01 +9.781821237e+01 +1.4039e+00 +1.1565e+00
381 0 +5.579122770e-01 +9.780791228e+01 +9.780791228e+01 +1.3948e+00 +1.1556e+00
391 0 +5.435005222e-01 +9.779350052e+01 +9.779350052e+01 +1.3801e+00 +1.1542e+00
392 0 +5.216161574e-01 +9.777161616e+01 +9.777161616e+01 +1.3503e+00 +1.1513e+00
401 0 +5.017718957e-01 +9.775177190e+01 +9.775177190e+01 +1.2826e+00 +1.1448e+00
410 0 +4.987608256e-01 +9.774876083e+01 +9.774876083e+01 +1.2902e+00 +1.1455e+00
418 0 +4.357127033e-01 +9.768571270e+01 +9.768571270e+01 +1.0147e+00 +1.1181e+00
419 0 +4.050487658e-01 +9.765504877e+01 +9.765504877e+01 +1.0741e+00 +1.1247e+00
420 0 +1.462106104e-01 +9.739621061e+01 +9.739621061e+01 +9.4021e-01 +1.1112e+00
423 0 +3.224953948e-02 +9.728224954e+01 +9.728224954e+01 +5.9852e-01 +1.0782e+00
451 0 +1.102805681e-02 +9.726102806e+01 +9.726102806e+01 +5.0471e-01 +1.0687e+00
463 0 +8.828561745e-03 +9.725882856e+01 +9.725882856e+01 +4.8085e-01 +1.0665e+00
481 0 +1.169973256e-03 +9.725116997e+01 +9.725116997e+01 +6.1540e-01 +1.0796e+00
487 0 +7.288389879e-04 +9.725072884e+01 +9.725072884e+01 +6.0256e-01 +1.0784e+00
% f evaluations | g evaluations | best noise-free fitness - Fopt (-2.033000000000e+01) + sum g_i+ | measured fitness | best measured fitness or single-digit g-values | x1 | x2...
1 0 +6.522503936e+06 +6.522483606e+06 +6.522483606e+06 +5.9671e-01 -3.8264e-02
4 0 +3.534507566e+06 +3.534487236e+06 +3.534487236e+06 +1.6792e+00 +8.6743e-01
11 0 +4.119112536e+05 +4.118909236e+05 +4.118909236e+05 +2.3783e+00 -9.1785e-01
24 0 +1.689371215e+01 -3.436287852e+00 -3.436287852e+00 +3.3614e+00 +1.4608e-01
121 0 +1.310507689e+01 -7.224923113e+00 -7.224923113e+00 +3.3670e+00 +1.9518e-01
141 0 +1.307904108e+01 -7.250958923e+00 -7.250958923e+00 +3.3684e+00 +2.0090e-01
170 0 +1.091100507e+01 -9.418994932e+00 -9.418994932e+00 +3.3097e+00 -4.4574e-02
175 0 +5.447085971e+00 -1.488291403e+01 -1.488291403e+01 +3.4052e+00 +3.4155e-01
192 0 +5.107906553e+00 -1.522209345e+01 -1.522209345e+01 +3.4179e+00 +3.9318e-01
205 0 +4.255413576e+00 -1.607458642e+01 -1.607458642e+01 +3.4466e+00 +5.1272e-01
222 0 +4.094119844e+00 -1.623588016e+01 -1.623588016e+01 +3.4547e+00 +5.4474e-01
246 0 +3.994422882e+00 -1.633557712e+01 -1.633557712e+01 +3.4591e+00 +5.6261e-01
278 0 +3.975700671e+00 -1.635429933e+01 -1.635429933e+01 +3.4564e+00 +5.5304e-01
282 0 +3.949521774e+00 -1.638047823e+01 -1.638047823e+01 +3.4600e+00 +5.6639e-01
288 0 +3.914634037e+00 -1.641536596e+01 -1.641536596e+01 +3.4606e+00 +5.6925e-01
297 0 +3.812556394e+00 -1.651744361e+01 -1.651744361e+01 +3.4632e+00 +5.8170e-01
312 0 +3.742148003e+00 -1.658785200e+01 -1.658785200e+01 +3.4661e+00 +5.9356e-01
321 0 +3.706285669e+00 -1.662371433e+01 -1.662371433e+01 +3.4667e+00 +5.9605e-01
322 0 +3.699809780e+00 -1.663019022e+01 -1.663019022e+01 +3.4671e+00 +5.9643e-01
323 0 +3.651963516e+00 -1.667803648e+01 -1.667803648e+01 +3.4686e+00 +6.0353e-01
331 0 +3.625223559e+00 -1.670477644e+01 -1.670477644e+01 +3.4695e+00 +6.0701e-01
341 0 +3.610653425e+00 -1.671934658e+01 -1.671934658e+01 +3.4719e+00 +6.1810e-01
342 0 +3.590575374e+00 -1.673942463e+01 -1.673942463e+01 +3.4707e+00 +6.1204e-01
351 0 +3.577370780e+00 -1.675262922e+01 -1.675262922e+01 +3.4739e+00 +6.2614e-01
352 0 +3.565004795e+00 -1.676499521e+01 -1.676499521e+01 +3.4717e+00 +6.1641e-01
353 0 +3.505432748e+00 -1.682456725e+01 -1.682456725e+01 +3.4740e+00 +6.2559e-01
361 0 +3.448292605e+00 -1.688170740e+01 -1.688170740e+01 +3.4769e+00 +6.3801e-01
362 0 +3.334957916e+00 -1.699504208e+01 -1.699504208e+01 +3.4823e+00 +6.6048e-01
365 0 +3.266151986e+00 -1.706384801e+01 -1.706384801e+01 +3.4843e+00 +6.6774e-01
371 0 +3.145541526e+00 -1.718445847e+01 -1.718445847e+01 +3.4965e+00 +7.1668e-01
372 0 +2.879699458e+00 -1.745030054e+01 -1.745030054e+01 +3.5032e+00 +7.4525e-01
381 0 +2.327148273e+00 -1.800285173e+01 -1.800285173e+01 +3.5495e+00 +9.3578e-01
392 0 +2.147022440e+00 -1.818297756e+01 -1.818297756e+01 +3.5629e+00 +9.9194e-01
393 0 +1.289883610e+00 -1.904011639e+01 -1.904011639e+01 +3.7229e+00 +1.6498e+00
406 0 +7.944327971e-02 -2.025055672e+01 -2.025055672e+01 +3.9425e+00 +2.5585e+00
472 0 +6.344844667e-02 -2.026655155e+01 -2.026655155e+01 +3.9875e+00 +2.7455e+00
492 0 +4.884196352e-02 -2.028115804e+01 -2.028115804e+01 +3.9788e+00 +2.7095e+00
% f evaluations | g evaluations | best noise-free fitness - Fopt (9.431000000000e+01) + sum g_i+ | measured fitness | best measured fitness or single-digit g-values | x1 | x2...
1 0 +3.195807244e+06 +3.195901554e+06 +3.195901554e+06 +5.9671e-01 -3.8264e-02
3 0 +1.106900917e+06 +1.106995227e+06 +1.106995227e+06 -1.3415e-01 -1.3414e-01
6 0 +4.263264329e+05 +4.264207429e+05 +4.264207429e+05 -3.6342e-01 -3.6573e-01
7 0 +1.769979543e+05 +1.770922643e+05 +1.770922643e+05 +3.4196e-01 -1.8133e+00
8 0 +1.232009021e+05 +1.232952121e+05 +1.232952121e+05 -1.6249e+00 -4.6229e-01
10 0 +4.477208532e+04 +4.486639532e+04 +4.486639532e+04 -8.0802e-01 -1.3123e+00
20 0 +2.716000549e+04 +2.725431549e+04 +2.725431549e+04 -5.1045e-01 -1.6353e+00
28 0 +1.573474931e+02 +2.516574931e+02 +2.516574931e+02 +8.2131e-01 -3.1460e+00
81 0 +1.004971769e+02 +1.948071769e+02 +1.948071769e+02 -8.4600e-01 -8.9639e-01
99 0 +5.368462763e+01 +1.479946276e+02 +1.479946276e+02 -1.7954e+00 +3.3976e-01
132 0 +1.994006613e+01 +1.142500661e+02 +1.142500661e+02 -1.1437e+00 -5.1582e-01
199 0 +1.978808205e+01 +1.140980820e+02 +1.140980820e+02 -1.1557e+00 -4.9977e-01
202 0 +1.932095997e+01 +1.136309600e+02 +1.136309600e+02 -1.1918e+00 -4.5161e-01
220 0 +1.911793208e+01 +1.134279321e+02 +1.134279321e+02 -1.2359e+00 -3.9453e-01
227 0 +1.893071271e+01 +1.132407127e+02 +1.132407127e+02 -1.2297e+00 -4.0094e-01
228 0 +1.863610487e+01 +1.129461049e+02 +1.129461049e+02 -1.2370e+00 -3.9185e-01
239 0 +1.828720995e+01 +1.125972099e+02 +1.125972099e+02 -1.2775e+00 -3.3878e-01
240 0 +1.813740107e+01 +1.124474011e+02 +1.124474011e+02 -1.2784e+00 -3.3732e-01
251 0 +1.806613571e+01 +1.123761357e+02 +1.123761357e+02 -1.2904e+00 -3.2150e-01
252 0 +1.761320602e+01 +1.119232060e+02 +1.119232060e+02 -1.3165e+00 -2.8551e-01
253 0 +1.755126071e+01 +1.118612607e+02 +1.118612607e+02 -1.3176e+00 -2.8505e-01
262 0 +1.751603044e+01 +1.118260304e+02 +1.118260304e+02 -1.3405e+00 -2.5523e-01
265 0 +1.730306765e+01 +1.116130676e+02 +1.116130676e+02 -1.3303e+00 -2.6777e-01
272 0 +1.721721862e+01 +1.115272186e+02 +1.115272186e+02 -1.3395e+00 -2.5588e-01
291 0 +1.715403909e+01 +1.114640391e+02 +1.114640391e+02 -1.3463e+00 -2.4697e-01
292 0 +1.700317555e+01 +1.113131756e+02 +1.113131756e+02 -1.3510e+00 -2.4026e-01
301 0 +1.662407093e+01 +1.109340709e+02 +1.109340709e+02 -1.3815e+00 -2.0005e-01
313 0 +1.652917292e+01 +1.108391729e+02 +1.108391729e+02 -1.3916e+00 -1.8560e-01
325 0 +1.612910940e+01 +1.104391094e+02 +1.104391094e+02 -1.4103e+00 -1.6126e-01
332 0 +1.611136267e+01 +1.104213627e+02 +1.104213627e+02 -1.4128e+00 -1.5826e-01
342 0 +1.570606496e+01 +1.100160650e+02 +1.100160650e+02 -1.4397e+00 -1.2239e-01
346 0 +1.517256850e+01 +1.094825685e+02 +1.094825685e+02 -1.4749e+00 -7.5413e-02
351 0 +1.392839789e+01 +1.082383979e+02 +1.082383979e+02 -1.5622e+00 +4.1149e-02
362 0 +1.222245765e+01 +1.065324577e+02 +1.065324577e+02 -1.6819e+00 +2.0012e-01
365 0 +1.203340172e+01 +1.063434017e+02 +1.063434017e+02 -1.7176e+00 +2.4663e-01
366 0 +1.043882569e+01 +1.047488257e+02 +1.047488257e+02 -1.8284e+00 +3.9476e-01
372 0 +9.529750776e+00 +1.038397508e+02 +1.038397508e+02 -2.1436e+00 +8.1213e-01
374 0 +8.830464707e+00 +1.031404647e+02 +1.031404647e+02 -2.1187e+00 +7.7961e-01
375 0 +5.475182058e+00 +9.978518206e+01 +9.978518206e+01 -2.7178e+00 +1.5807e+00
377 0 +5.431238389e+00 +9.974123839e+01 +9.974123839e+01 -2.6043e+00 +1.4252e+00
382 0 +7.606240447e-01 +9.507062404e+01 +9.507062404e+01 -3.6752e+00 +2.8503e+00
387 0 +5.804845100e-01 +9.489048451e+01 +9.489048451e+01 -3.3898e+00 +2.4725e+00
421 0 +3.898512031e-01 +9.469985120e+01 +9.469985120e+01 -3.5565e+00 +2.6945e+00
455 0 +1.937198961e-01 +9.450371990e+01 +9.450371990e+01 -3.5908e+00 +2.7389e+00
464 0 +1.288839392e-01 +9.443888394e+01 +9.443888394e+01 -3.7054e+00 +2.8923e+00
474 0 +8.328174424e-03 +9.431832817e+01 +9.431832817e+01 -3.8296e+00 +3.0572e+00
492 0 +5.120137267e-03 +9.431512014e+01 +9.431512014e+01 -3.8127e+00 +3.0347e+00
