% f evaluations | g evaluations | best noise-free fitness - Fopt (1.000000000000e+03) + sum g_i+ | measured fitness | best measured fitness or single-digit g-values | x1 | x2...
1 0 +2.516949332e+02 +1.251694933e+03 +1.251694933e+03 +5.9671e-01 -3.8264e-02 +7.4769e-01 +1.6230e+00 -1.3415e-01
23 0 +2.356011973e+02 +1.235601197e+03 +1.235601197e+03 -1.8188e+00 +7.3486e-02 +1.6023e-01 +2.5632e+00 -9.2361e-02
26 0 +1.119007440e+02 +1.111900744e+03 +1.111900744e+03 -1.2223e+00 +2.1112e+00 +1.4999e+00 +2.3705e+00 +4.8742e-01
51 0 +8.800734368e+01 +1.088007344e+03 +1.088007344e+03 +2.8532e-01 +2.4448e+00 +4.0869e+00 +3.3105e+00 +2.0810e+00
64 0 +8.525396274e+01 +1.085253963e+03 +1.085253963e+03 -1.8081e+00 +2.3608e+00 +1.6807e+00 +2.0689e+00 +7.9118e-01
66 0 +7.614522545e+01 +1.076145225e+03 +1.076145225e+03 -1.6603e+00 +3.2059e+00 +4.6781e+00 +2.2259e+00 +2.1759e+00
76 0 +5.160952423e+01 +1.051609524e+03 +1.051609524e+03 -1.5166e+00 +4.7434e+00 +4.9968e+00 +3.6517e+00 +2.2294e+00
78 0 +4.930112818e+01 +1.049301128e+03 +1.049301128e+03 -5.8045e-01 +3.5625e+00 +4.0879e+00 +2.9770e+00 +3.3760e+00
178 0 +4.476586943e+01 +1.044765869e+03 +1.044765869e+03 -4.4961e+00 +4.5396e+00 +4.4964e+00 +4.4184e+00 +3.0138e+00
181 0 +2.321565064e+01 +1.023215651e+03 +1.023215651e+03 -3.6836e+00 +4.0492e+00 +3.8525e+00 +3.7067e+00 +2.3553e+00
320 0 +1.178865225e+01 +1.011788652e+03 +1.011788652e+03 -2.9101e+00 +2.6206e+00 +3.5270e+00 +4.0014e+00 +2.7157e+00
340 0 +1.151747975e+01 +1.011517480e+03 +1.011517480e+03 -3.3133e+00 +3.7529e+00 +3.4008e+00 +3.4010e+00 +2.4004e+00
969 0 +6.600669120e+00 +1.006600669e+03 +1.006600669e+03 -2.6093e+00 +2.1746e+00 +3.7469e+00 +3.3547e+00 +2.8839e+00
