% f evaluations | g evaluations | best noise-free fitness - Fopt (-5.494000000000e+01) + sum g_i+ | measured fitness | best measured fitness or single-digit g-values | x1 | x2...
1 0 +9.852913834e+06 +9.852858894e+06 +9.852858894e+06 +5.9671e-01 -3.8264e-02 +7.4769e-01 +1.6230e+00 -1.3415e-01
2 0 +2.715223623e+06 +2.715168683e+06 +2.715168683e+06 -1.3414e-01 +1.6792e+00 +8.6743e-01 -3.6947e-01 +6.4256e-01
7 0 +9.085897748e+05 +9.085348348e+05 +9.085348348e+05 -5.0171e-01 +1.9523e+00 +8.6503e-02 -9.5771e-01 +9.2254e-01
8 0 +5.441882390e+05 +5.441332990e+05 +5.441332990e+05 -1.1208e+00 +3.0886e-01 -1.8597e+00 -1.2282e+00 +2.9686e-01
27 0 +3.544369240e+05 +3.543819840e+05 +3.543819840e+05 -3.0275e+00 -6.3263e-01 -1.0377e+00 +5.2109e-01 +9.1740e-02
33 0 +1.260247017e+05 +1.259697617e+05 +1.259697617e+05 -1.1033e-01 +1.7165e+00 -2.1670e+00 -6.1554e-02 +1.3820e+00
63 0 +1.172460437e+05 +1.171911037e+05 +1.171911037e+05 -1.6172e+00 +1.5398e+00 -1.7162e+00 +7.8636e-01 +1.3256e-01
98 0 +8.366010450e+04 +8.360516450e+04 +8.360516450e+04 -4.7087e-01 +8.6378e-01 -3.1510e+00 +4.4277e-01 +1.1241e+00
166 0 +8.257123423e+04 +8.251629423e+04 +8.251629423e+04 -8.9829e-01 +9.1840e-01 -1.0126e+00 +5.1573e-01 +2.4774e+00
206 0 +7.046419941e+04 +7.040925941e+04 +7.040925941e+04 -2.5113e+00 +3.4861e-01 -9.5063e-01 +2.1839e+00 +2.9162e-01
235 0 +3.626514537e+04 +3.621020537e+04 +3.621020537e+04 -1.3905e+00 +2.5160e+00 -1.2189e+00 +2.7002e+00 +6.2342e-01
258 0 +2.227290688e+04 +2.221796688e+04 +2.221796688e+04 -2.4423e+00 +3.8406e-01 -1.0915e+00 +2.8099e+00 +2.1147e-01
272 0 +1.179554109e+04 +1.174060109e+04 +1.174060109e+04 -1.0854e+00 -5.9675e-01 -1.7561e+00 +2.5776e+00 +2.5524e+00
320 0 +1.102412486e+04 +1.096918486e+04 +1.096918486e+04 -2.8307e-01 -2.4760e-01 -2.4656e+00 +2.3252e+00 +3.0061e+00
337 0 +7.580467687e+03 +7.525527687e+03 +7.525527687e+03 -1.9725e+00 +6.5768e-01 -1.4541e+00 +3.3233e+00 +5.5909e-01
357 0 +6.393956121e+03 +6.339016121e+03 +6.339016121e+03 -1.4992e+00 -3.5970e-01 -1.4276e+00 +3.3539e+00 +2.2102e+00
367 0 +4.151651262e+03 +4.096711262e+03 +4.096711262e+03 -1.2546e+00 +1.2450e-01 -1.6389e+00 +2.7775e+00 +2.0357e+00
396 0 +3.438222459e+03 +3.383282459e+03 +3.383282459e+03 -2.1926e+00 -1.2756e+00 -1.3952e+00 +3.3224e+00 +1.7909e+00
400 0 +2.037865442e+03 +1.982925442e+03 +1.982925442e+03 -2.0250e+00 -6.6049e-01 +3.6575e-01 +3.6459e+00 +3.3938e+00
404 0 +1.521814517e+03 +1.466874517e+03 +1.466874517e+03 -2.3137e+00 -1.0845e+00 -1.5227e+00 +3.5745e+00 +1.3857e+00
444 0 +1.021708296e+03 +9.667682965e+02 +9.667682965e+02 -1.4761e+00 -1.0618e+00 -1.1761e+00 +2.9194e+00 +3.1178e+00
464 0 +1.942868801e+02 +1.393468801e+02 +1.393468801e+02 -2.3739e+00 -1.0904e+00 -6.1731e-01 +3.7657e+00 +2.1518e+00
587 0 +1.928986427e+02 +1.379586427e+02 +1.379586427e+02 -7.3019e-01 -1.5684e+00 -2.2129e+00 +2.5167e+00 +3.7217e+00
638 0 +8.423473459e+01 +2.929473459e+01 +2.929473459e+01 -8.3763e-02 -1.7768e+00 -2.7013e+00 +2.1165e+00 +4.4927e+00
696 0 +7.988902601e+01 +2.494902601e+01 +2.494902601e+01 -2.1695e+00 -1.9176e+00 -2.1222e+00 +3.7908e+00 +1.6706e+00
700 0 +6.030646054e+01 +5.366460537e+00 +5.366460537e+00 -1.8702e+00 -1.8052e+00 -1.8189e+00 +3.5138e+00 +2.4116e+00
741 0 +4.400625724e+01 -1.093374276e+01 -1.093374276e+01 -1.1347e+00 -1.4746e+00 -1.4829e+00 +2.8758e+00 +3.6903e+00
794 0 +3.840058138e+01 -1.653941862e+01 -1.653941862e+01 -1.8084e+00 -1.3013e+00 -7.7110e-01 +3.3901e+00 +3.1495e+00
812 0 +3.648737376e+01 -1.845262624e+01 -1.845262624e+01 -2.4408e+00 -1.7423e+00 -1.3533e+00 +3.9037e+00 +1.8511e+00
819 0 +3.361325570e+01 -2.132674430e+01 -2.132674430e+01 -1.8562e+00 -1.3724e+00 -1.1762e+00 +3.4100e+00 +2.7239e+00
826 0 +2.553533346e+01 -2.940466654e+01 -2.940466654e+01 -2.2665e+00 -1.5019e+00 -1.1762e+00 +3.7591e+00 +2.1386e+00
851 0 +1.988700507e+01 -3.505299493e+01 -3.505299493e+01 -1.6704e+00 -1.5067e+00 -1.5399e+00 +3.3225e+00 +2.7696e+00
854 0 +1.798463208e+01 -3.695536792e+01 -3.695536792e+01 -1.5530e+00 -1.6398e+00 -1.6169e+00 +3.2460e+00 +3.0081e+00
868 0 +1.071585046e+01 -4.422414954e+01 -4.422414954e+01 -1.7836e+00 -1.4673e+00 -1.4519e+00 +3.3804e+00 +2.6362e+00
901 0 +8.600113997e+00 -4.633988600e+01 -4.633988600e+01 -1.4359e+00 -1.4153e+00 -1.4806e+00 +3.1023e+00 +3.1545e+00
913 0 +7.976112249e+00 -4.696388775e+01 -4.696388775e+01 -8.8536e-01 -1.3749e+00 -1.3945e+00 +2.6770e+00 +4.1380e+00
976 0 +4.529242979e+00 -5.041075702e+01 -5.041075702e+01 -1.5819e+00 -1.5251e+00 -1.5675e+00 +3.2396e+00 +2.9058e+00
988 0 +4.017255041e+00 -5.092274496e+01 -5.092274496e+01 -2.2705e+00 -1.4919e+00 -9.9954e-01 +3.7525e+00 +2.2903e+00
1003 0 +1.415398484e+00 -5.352460152e+01 -5.352460152e+01 -1.6256e+00 -1.5553e+00 -1.5624e+00 +3.2775e+00 +2.8654e+00
1042 0 +1.059201969e+00 -5.388079803e+01 -5.388079803e+01 -1.5524e+00 -1.5399e+00 -1.5551e+00 +3.2194e+00 +2.9827e+00
1074 0 +8.761861703e-01 -5.406381383e+01 -5.406381383e+01 -1.3884e+00 -1.4762e+00 -1.4500e+00 +3.0743e+00 +3.3125e+00
1091 0 +7.984765533e-01 -5.414152345e+01 -5.414152345e+01 -2.0789e+00 -1.5556e+00 -1.2936e+00 +3.6169e+00 +2.3686e+00
1125 0 +2.613093897e-01 -5.467869061e+01 -5.467869061e+01 -1.9332e+00 -1.5300e+00 -1.3105e+00 +3.5042e+00 +2.5771e+00
1195 0 +2.606723442e-01 -5.467932766e+01 -5.467932766e+01 -1.5646e+00 -1.5111e+00 -1.4746e+00 +3.2195e+00 +3.0199e+00
1205 0 +1.416720989e-01 -5.479832790e+01 -5.479832790e+01 -1.6872e+00 -1.4904e+00 -1.3721e+00 +3.3089e+00 +2.8986e+00
1208 0 +9.903620447e-02 -5.484096380e+01 -5.484096380e+01 -1.6797e+00 -1.5051e+00 -1.3937e+00 +3.3077e+00 +2.9026e+00
