% f evaluations | g evaluations | best noise-free fitness - Fopt (1.491500000000e+02) + sum g_i+ | measured fitness | best measured fitness or single-digit g-values | x1 | x2...
1 0 +1.589879163e+03 +1.739029163e+03 +1.739029163e+03 +5.9671e-01 -3.8264e-02 +7.4769e-01 +1.6230e+00 -1.3415e-01
4 0 +1.459283928e+03 +1.608433928e+03 +1.608433928e+03 -4.6229e-01 -9.1283e-01 +4.1425e-01 -8.0802e-01 -1.3123e+00
9 0 +1.233032610e+03 +1.382182610e+03 +1.382182610e+03 +8.3847e-01 +2.7137e-01 -1.5648e-02 -2.0110e-01 -1.3785e+00
13 0 +8.127868237e+02 +9.619368237e+02 +9.619368237e+02 -3.7917e-01 -8.5659e-02 -1.0063e+00 -1.0962e+00 +9.1253e-01
21 0 +7.176775228e+02 +8.668275228e+02 +8.668275228e+02 -1.3154e+00 -3.2065e-01 -2.4271e-01 -7.0228e-01 -6.1286e-02
23 0 +2.345660033e+02 +3.837160033e+02 +3.837160033e+02 -1.8188e+00 +7.3486e-02 +1.6023e-01 +2.5632e+00 -9.2361e-02
56 0 +1.843282844e+02 +3.334782844e+02 +3.334782844e+02 +3.0957e-01 -7.4663e-02 +5.7800e-01 +2.0928e+00 -2.4953e+00
131 0 +4.097694763e+01 +1.901269476e+02 +1.901269476e+02 -8.3993e-01 -1.6104e+00 -1.1137e+00 +1.2422e+00 -3.9198e+00
334 0 +1.888388183e+01 +1.680338818e+02 +1.680338818e+02 -1.0678e+00 -1.3579e+00 -6.9899e-01 +6.6643e-01 -3.7306e+00
414 0 +1.293384506e+01 +1.620838451e+02 +1.620838451e+02 -1.1681e+00 -1.3082e+00 -7.4949e-01 +1.0959e+00 -3.7499e+00
507 0 +1.006121668e+01 +1.592112167e+02 +1.592112167e+02 -8.9434e-01 -1.1572e+00 -1.0466e+00 +9.3972e-01 -3.6146e+00
546 0 +9.666385294e+00 +1.588163853e+02 +1.588163853e+02 -1.6728e+00 -1.0908e+00 -7.2868e-01 +9.9820e-01 -3.6442e+00
617 0 +9.537706481e+00 +1.586877065e+02 +1.586877065e+02 -1.5799e+00 -1.0903e+00 -1.0306e+00 +6.9219e-01 -3.7240e+00
654 0 +6.624993762e+00 +1.557749938e+02 +1.557749938e+02 -1.3045e+00 -1.2350e+00 -1.0252e+00 +9.2325e-01 -3.8270e+00
796 0 +5.735604891e+00 +1.548856049e+02 +1.548856049e+02 -8.7473e-01 -1.2440e+00 -9.7576e-01 +7.9431e-01 -3.8319e+00
808 0 +5.584767252e+00 +1.547347673e+02 +1.547347673e+02 -1.1767e+00 -1.4329e+00 -9.8621e-01 +8.2013e-01 -3.8012e+00
812 0 +4.958944604e+00 +1.541089446e+02 +1.541089446e+02 -1.2504e+00 -1.2967e+00 -9.5115e-01 +7.9245e-01 -3.7606e+00
877 0 +4.236176653e+00 +1.533861767e+02 +1.533861767e+02 -7.4555e-01 -1.3540e+00 -9.7557e-01 +8.2221e-01 -3.7550e+00
972 0 +3.085461167e+00 +1.522354612e+02 +1.522354612e+02 -5.5534e-01 -1.0664e+00 -8.9162e-01 +8.6165e-01 -3.6864e+00
1205 0 +2.863046711e+00 +1.520130467e+02 +1.520130467e+02 -5.9356e-01 -1.1734e+00 -9.3093e-01 +8.5672e-01 -3.7384e+00
1243 0 +2.565031852e+00 +1.517150319e+02 +1.517150319e+02 -4.5408e-01 -1.0395e+00 -8.8067e-01 +8.8622e-01 -3.7116e+00
