% f evaluations | g evaluations | best noise-free fitness - Fopt (2.997000000000e+01) + sum g_i+ | measured fitness | best measured fitness or single-digit g-values | x1 | x2...
1 0 +2.108865901e+02 +2.408565901e+02 +2.408565901e+02 +5.9671e-01 -3.8264e-02
4 0 +1.362647300e+01 +4.359647300e+01 +4.359647300e+01 +1.6792e+00 +8.6743e-01
23 0 +4.776473493e+00 +3.474647349e+01 +3.474647349e+01 +1.2647e+00 -4.0690e-01
74 0 +3.852338042e+00 +3.382233804e+01 +3.382233804e+01 +1.2832e+00 -3.6079e-01
82 0 +3.492539357e+00 +3.346253936e+01 +3.346253936e+01 +1.2941e+00 -3.4794e-01
103 0 +2.395891599e+00 +3.236589160e+01 +3.236589160e+01 +1.2492e+00 -4.8349e-01
123 0 +2.215699558e+00 +3.218569956e+01 +3.218569956e+01 +1.2203e+00 -5.8270e-01
152 0 +2.022877032e+00 +3.199287703e+01 +3.199287703e+01 +1.1882e+00 -6.8903e-01
172 0 +1.834620661e+00 +3.180462066e+01 +3.180462066e+01 +1.2088e+00 -6.1674e-01
185 0 +1.806034699e+00 +3.177603470e+01 +3.177603470e+01 +1.1777e+00 -7.1377e-01
201 0 +1.294777920e+00 +3.126477792e+01 +3.126477792e+01 +1.1541e+00 -7.9394e-01
241 0 +1.278927861e+00 +3.124892786e+01 +3.124892786e+01 +1.1370e+00 -8.4799e-01
242 0 +1.277661071e+00 +3.124766107e+01 +3.124766107e+01 +1.1454e+00 -8.2143e-01
245 0 +1.238101567e+00 +3.120810157e+01 +3.120810157e+01 +1.1492e+00 -8.1047e-01
261 0 +1.106252223e+00 +3.107625222e+01 +3.107625222e+01 +1.1356e+00 -8.5447e-01
281 0 +9.835250490e-01 +3.095352505e+01 +3.095352505e+01 +1.1168e+00 -9.1612e-01
310 0 +9.495170499e-01 +3.091951705e+01 +3.091951705e+01 +1.1095e+00 -9.3868e-01
311 0 +7.764503801e-01 +3.074645038e+01 +3.074645038e+01 +1.0628e+00 -1.0940e+00
312 0 +7.556285352e-01 +3.072562854e+01 +3.072562854e+01 +1.0807e+00 -1.0341e+00
321 0 +5.217588943e-01 +3.049175889e+01 +3.049175889e+01 +9.9292e-01 -1.3224e+00
335 0 +3.323364766e-01 +3.030233648e+01 +3.030233648e+01 +1.0007e+00 -1.2942e+00
336 0 +2.799268729e-01 +3.024992687e+01 +3.024992687e+01 +9.9555e-01 -1.3105e+00
343 0 +1.160715717e-01 +3.008607157e+01 +3.008607157e+01 +9.0766e-01 -1.5971e+00
345 0 +5.248208495e-02 +3.002248208e+01 +3.002248208e+01 +9.1988e-01 -1.5563e+00
376 0 +2.286299345e-02 +2.999286299e+01 +2.999286299e+01 +8.8010e-01 -1.6857e+00
397 0 +1.803377603e-02 +2.998803378e+01 +2.998803378e+01 +8.4630e-01 -1.7955e+00
418 0 +2.389477235e-03 +2.997238948e+01 +2.997238948e+01 +8.8138e-01 -1.6813e+00
497 0 +2.176809164e-03 +2.997217681e+01 +2.997217681e+01 +8.6893e-01 -1.7218e+00
498 0 +1.933004753e-03 +2.997193300e+01 +2.997193300e+01 +8.6972e-01 -1.7192e+00
% f evaluations | g evaluations | best noise-free fitness - Fopt (-5.171000000000e+01) + sum g_i+ | measured fitness | best measured fitness or single-digit g-values | x1 | x2...
1 0 +1.691458385e+02 +1.174358385e+02 +1.174358385e+02 +5.9671e-01 -3.8264e-02
2 0 +7.744095480e+01 +2.573095480e+01 +2.573095480e+01 +7.4769e-01 +1.6230e+00
11 0 +6.244171240e+01 +1.073171240e+01 +1.073171240e+01 +4.5113e-01 +1.0003e+00
12 0 +3.916122069e+01 -1.254877931e+01 -1.254877931e+01 +7.1810e-01 +1.1078e+00
21 0 +3.830811438e+01 -1.340188562e+01 -1.340188562e+01 +9.3632e-01 +1.1438e+00
31 0 +2.297107129e+01 -2.873892871e+01 -2.873892871e+01 +1.1831e+00 +1.5904e+00
32 0 +1.230662493e+01 -3.940337507e+01 -3.940337507e+01 +1.4683e+00 +1.8607e+00
62 0 +6.880128980e+00 -4.482987102e+01 -4.482987102e+01 +3.3130e+00 +3.9083e+00
64 0 +6.422340522e+00 -4.528765948e+01 -4.528765948e+01 +2.4590e+00 +3.0282e+00
74 0 +4.397508566e+00 -4.731249143e+01 -4.731249143e+01 +2.7579e+00 +3.2668e+00
91 0 +2.299932059e+00 -4.941006794e+01 -4.941006794e+01 +2.5939e+00 +3.1000e+00
122 0 +1.401925985e+00 -5.030807401e+01 -5.030807401e+01 +2.7813e+00 +3.3224e+00
145 0 +4.910581695e-01 -5.121894183e+01 -5.121894183e+01 +2.6087e+00 +3.1335e+00
153 0 +2.794754508e-01 -5.143052455e+01 -5.143052455e+01 +2.6492e+00 +3.1863e+00
154 0 +1.747717382e-01 -5.153522826e+01 -5.153522826e+01 +2.7443e+00 +3.2914e+00
193 0 +9.237398792e-02 -5.161762601e+01 -5.161762601e+01 +2.6599e+00 +3.1954e+00
198 0 +2.864928888e-02 -5.168135071e+01 -5.168135071e+01 +2.6232e+00 +3.1548e+00
260 0 +2.332953842e-02 -5.168667046e+01 -5.168667046e+01 +2.6548e+00 +3.1903e+00
313 0 +2.261945161e-02 -5.168738055e+01 -5.168738055e+01 +2.5774e+00 +3.1026e+00
317 0 +5.720834141e-03 -5.170427917e+01 -5.170427917e+01 +2.6081e+00 +3.1374e+00
319 0 +3.011704398e-03 -5.170698830e+01 -5.170698830e+01 +2.6162e+00 +3.1466e+00
329 0 +3.890586771e-04 -5.170961094e+01 -5.170961094e+01 +2.6099e+00 +3.1394e+00
% f evaluations | g evaluations | best noise-free fitness - Fopt (-2.799500000000e+02) + sum g_i+ | measured fitness | best measured fitness or single-digit g-values | x1 | x2...
1 0 +4.960199121e+02 +2.160699121e+02 +2.160699121e+02 +5.9671e-01 -3.8264e-02
6 0 +4.913221097e+02 +2.113721097e+02 +2.113721097e+02 -3.6342e-01 -3.6573e-01
7 0 +1.756423407e+02 -1.043076593e+02 -1.043076593e+02 +3.4196e-01 -1.8133e+00
14 0 +9.104148993e+01 -1.889085101e+02 -1.889085101e+02 +6.9581e-01 -2.1847e+00
41 0 +6.961279568e+01 -2.103372043e+02 -2.103372043e+02 +1.0866e+00 -2.2122e+00
57 0 +6.671637297e+01 -2.132336270e+02 -2.132336270e+02 +1.4932e+00 -2.1558e+00
81 0 +5.504170657e+01 -2.249082934e+02 -2.249082934e+02 +1.0092e+00 -2.3111e+00
91 0 +5.373441555e+01 -2.262155844e+02 -2.262155844e+02 +8.0350e-01 -2.4158e+00
93 0 +4.312829887e+01 -2.368217011e+02 -2.368217011e+02 +4.0900e-01 -2.5453e+00
102 0 +3.833521529e+01 -2.416147847e+02 -2.416147847e+02 +1.9433e-01 -2.5976e+00
125 0 +2.872366292e+01 -2.512263371e+02 -2.512263371e+02 -4.7189e-01 -2.8234e+00
142 0 +2.624565909e+01 -2.537043409e+02 -2.537043409e+02 -1.6879e+00 -3.1876e+00
147 0 +1.694429787e+01 -2.630057021e+02 -2.630057021e+02 -1.1963e+00 -3.1129e+00
153 0 +1.604386821e+01 -2.639061318e+02 -2.639061318e+02 -3.3685e+00 -3.7920e+00
154 0 +3.894115022e+00 -2.760558850e+02 -2.760558850e+02 -2.6120e+00 -3.5966e+00
171 0 +2.865029477e+00 -2.770849705e+02 -2.770849705e+02 -3.2873e+00 -3.8299e+00
191 0 +2.050591429e+00 -2.778994086e+02 -2.778994086e+02 -3.5370e+00 -3.9416e+00
217 0 +6.350013547e-01 -2.793149986e+02 -2.793149986e+02 -3.4978e+00 -3.9205e+00
218 0 +2.499085066e-01 -2.797000915e+02 -2.797000915e+02 -3.4019e+00 -3.8842e+00
232 0 +3.595471154e-02 -2.799140453e+02 -2.799140453e+02 -3.5975e+00 -3.9527e+00
462 0 +2.104100406e-02 -2.799289590e+02 -2.799289590e+02 -3.5790e+00 -3.9462e+00
463 0 +7.440518966e-03 -2.799425595e+02 -2.799425595e+02 -3.6554e+00 -3.9734e+00
481 0 +2.515707595e-03 -2.799474843e+02 -2.799474843e+02 -3.5939e+00 -3.9516e+00
% f evaluations | g evaluations | best noise-free fitness - Fopt (9.319900000000e+02) + sum g_i+ | measured fitness | best measured fitness or single-digit g-values | x1 | x2...
1 0 +1.654486235e+02 +1.097438623e+03 +1.097438623e+03 +5.9671e-01 -3.8264e-02
2 0 +6.310683607e+01 +9.950968361e+02 +9.950968361e+02 +7.4769e-01 +1.6230e+00
4 0 +1.724242450e+01 +9.492324245e+02 +9.492324245e+02 +1.6792e+00 +8.6743e-01
21 0 +1.765877768e+00 +9.337558778e+02 +9.337558778e+02 +1.2498e+00 +9.3432e-01
63 0 +8.732974439e-01 +9.328632974e+02 +9.328632974e+02 +1.6607e+00 +7.4479e-01
101 0 +8.567905932e-01 +9.328467906e+02 +9.328467906e+02 +1.3073e+00 +8.8968e-01
103 0 +1.469953672e-01 +9.321369954e+02 +9.321369954e+02 +1.3446e+00 +8.7940e-01
118 0 +9.012461087e-02 +9.320801246e+02 +9.320801246e+02 +1.4256e+00 +8.4659e-01
173 0 +7.868969393e-02 +9.320686897e+02 +9.320686897e+02 +1.4236e+00 +8.4684e-01
179 0 +3.955188874e-02 +9.320295519e+02 +9.320295519e+02 +1.3375e+00 +8.8327e-01
184 0 +1.328289341e-02 +9.320032829e+02 +9.320032829e+02 +1.3452e+00 +8.8042e-01
204 0 +1.223771593e-02 +9.320022377e+02 +9.320022377e+02 +1.3571e+00 +8.7535e-01
207 0 +8.765154322e-03 +9.319987652e+02 +9.319987652e+02 +1.3743e+00 +8.6801e-01
245 0 +8.230631765e-03 +9.319982306e+02 +9.319982306e+02 +1.3715e+00 +8.6917e-01
260 0 +7.231569940e-03 +9.319972316e+02 +9.319972316e+02 +1.3676e+00 +8.7082e-01
261 0 +3.987933812e-03 +9.319939879e+02 +9.319939879e+02 +1.3446e+00 +8.8059e-01
283 0 +2.141935132e-03 +9.319921419e+02 +9.319921419e+02 +1.3480e+00 +8.7913e-01
298 0 +1.676169251e-03 +9.319916762e+02 +9.319916762e+02 +1.3510e+00 +8.7785e-01
316 0 +1.172164480e-03 +9.319911722e+02 +9.319911722e+02 +1.3483e+00 +8.7899e-01
401 0 +8.111789466e-04 +9.319908112e+02 +9.319908112e+02 +1.3491e+00 +8.7865e-01
411 0 +6.686107572e-04 +9.319906686e+02 +9.319906686e+02 +1.3446e+00 +8.8059e-01
412 0 +6.088849840e-04 +9.319906089e+02 +9.319906089e+02 +1.3458e+00 +8.8008e-01
422 0 +3.399423836e-04 +9.319903399e+02 +9.319903399e+02 +1.3331e+00 +8.8544e-01
457 0 +1.356385179e-04 +9.319901356e+02 +9.319901356e+02 +1.3371e+00 +8.8373e-01
% f evaluations | g evaluations | best noise-free fitness - Fopt (1.133100000000e+02) + sum g_i+ | measured fitness | best measured fitness or single-digit g-values | x1 | x2...
1 0 +6.738688349e+02 +7.871788349e+02 +7.871788349e+02 +5.9671e-01 -3.8264e-02
2 0 +2.724812241e+02 +3.857912241e+02 +3.857912241e+02 +7.4769e-01 +1.6230e+00
11 0 +7.084058177e+01 +1.841505818e+02 +1.841505818e+02 +2.2718e-01 +2.8102e+00
27 0 +1.979998717e+01 +1.331099872e+02 +1.331099872e+02 -3.7355e-01 +2.3998e+00
34 0 +1.480614952e+01 +1.281161495e+02 +1.281161495e+02 +1.9478e+00 +3.0460e+00
55 0 +1.264795950e+01 +1.259579595e+02 +1.259579595e+02 +2.8996e+00 +3.4579e+00
89 0 +4.219041068e+00 +1.175290411e+02 +1.175290411e+02 +1.5575e+00 +2.9657e+00
104 0 +1.438714157e+00 +1.147487142e+02 +1.147487142e+02 +2.0603e+00 +3.1474e+00
152 0 +1.087823640e+00 +1.143978236e+02 +1.143978236e+02 +1.7939e+00 +3.0527e+00
158 0 +6.308983292e-01 +1.139408983e+02 +1.139408983e+02 +2.5988e+00 +3.3129e+00
167 0 +5.124425808e-01 +1.138224426e+02 +1.138224426e+02 +1.9970e+00 +3.1233e+00
182 0 +4.103527504e-01 +1.137203528e+02 +1.137203528e+02 +2.1063e+00 +3.1547e+00
185 0 +2.463506075e-01 +1.135563506e+02 +1.135563506e+02 +2.4649e+00 +3.2709e+00
192 0 +6.580137224e-02 +1.133758014e+02 +1.133758014e+02 +2.2331e+00 +3.1972e+00
229 0 +2.920808229e-02 +1.133392081e+02 +1.133392081e+02 +2.1415e+00 +3.1677e+00
248 0 +2.397959521e-02 +1.133339796e+02 +1.133339796e+02 +2.0915e+00 +3.1517e+00
267 0 +2.283880977e-02 +1.133328388e+02 +1.133328388e+02 +2.1258e+00 +3.1627e+00
269 0 +2.432022925e-03 +1.133124320e+02 +1.133124320e+02 +2.1235e+00 +3.1619e+00
299 0 +1.929493429e-03 +1.133119295e+02 +1.133119295e+02 +2.1249e+00 +3.1623e+00
312 0 +1.200073144e-04 +1.133101200e+02 +1.133101200e+02 +2.1329e+00 +3.1649e+00
443 0 +8.151874066e-05 +1.133100815e+02 +1.133100815e+02 +2.1395e+00 +3.1670e+00
460 0 +3.026698221e-05 +1.133100303e+02 +1.133100303e+02 +2.1381e+00 +3.1665e+00
471 0 +2.409979399e-05 +1.133100241e+02 +1.133100241e+02 +2.1320e+00 +3.1646e+00
485 0 +1.037615753e-05 +1.133100104e+02 +1.133100104e+02 +2.1372e+00 +3.1662e+00
495 0 +9.352718621e-06 +1.133100094e+02 +1.133100094e+02 +2.1353e+00 +3.1656e+00
% f evaluations | g evaluations | best noise-free fitness - Fopt (2.849000000000e+01) + sum g_i+ | measured fitness | best measured fitness or single-digit g-values | x1 | x2...
1 0 +4.957258057e+02 +5.242158057e+02 +5.242158057e+02 +5.9671e-01 -3.8264e-02
3 0 +2.863554176e+02 +3.148454176e+02 +3.148454176e+02 -1.3415e-01 -1.3414e-01
6 0 +2.023796782e+02 +2.308696782e+02 +2.308696782e+02 -3.6342e-01 -3.6573e-01
8 0 +1.504163219e+02 +1.789063219e+02 +1.789063219e+02 -1.6249e+00 -4.6229e-01
9 0 +1.248820850e+02 +1.533720850e+02 +1.533720850e+02 -9.1283e-01 +4.1425e-01
10 0 +2.967901637e+00 +3.145790164e+01 +3.145790164e+01 -8.0802e-01 -1.3123e+00
66 0 +1.135930479e+00 +2.962593048e+01 +2.962593048e+01 -7.0467e-01 -1.5968e+00
72 0 +5.833767964e-01 +2.907337680e+01 +2.907337680e+01 -7.6740e-01 -1.4142e+00
95 0 +3.967417876e-01 +2.888674179e+01 +2.888674179e+01 -6.8877e-01 -1.6635e+00
168 0 +3.488599375e-01 +2.883885994e+01 +2.883885994e+01 -6.1085e-01 -1.9019e+00
174 0 +1.162079870e-01 +2.860620799e+01 +2.860620799e+01 -6.5106e-01 -1.7800e+00
177 0 +3.408936262e-02 +2.852408936e+01 +2.852408936e+01 -6.2778e-01 -1.8528e+00
230 0 +2.781463479e-02 +2.851781463e+01 +2.851781463e+01 -6.7003e-01 -1.7187e+00
267 0 +2.652547514e-02 +2.851652548e+01 +2.851652548e+01 -6.5967e-01 -1.7516e+00
312 0 +2.565336005e-02 +2.851565336e+01 +2.851565336e+01 -6.5756e-01 -1.7580e+00
314 0 +2.045217904e-02 +2.851045218e+01 +2.851045218e+01 -6.6047e-01 -1.7490e+00
321 0 +1.767340194e-02 +2.850767340e+01 +2.850767340e+01 -6.5965e-01 -1.7516e+00
461 0 +1.301606374e-02 +2.850301606e+01 +2.850301606e+01 -6.5551e-01 -1.7647e+00
471 0 +1.127972772e-02 +2.850127973e+01 +2.850127973e+01 -6.4299e-01 -1.8044e+00
472 0 +7.829756315e-03 +2.849782976e+01 +2.849782976e+01 -6.4655e-01 -1.7930e+00
482 0 +4.903976042e-03 +2.849490398e+01 +2.849490398e+01 -6.3775e-01 -1.8208e+00
483 0 +4.184786349e-03 +2.849418479e+01 +2.849418479e+01 -6.4216e-01 -1.8069e+00
484 0 +3.856219496e-03 +2.849385622e+01 +2.849385622e+01 -6.4220e-01 -1.8068e+00
493 0 +3.728069025e-03 +2.849372807e+01 +2.849372807e+01 -6.3595e-01 -1.8266e+00
495 0 +1.968128832e-04 +2.849019681e+01 +2.849019681e+01 -6.2746e-01 -1.8535e+00
% f evaluations | g evaluations | best noise-free fitness - Fopt (-7.405800000000e+02) + sum g_i+ | measured fitness | best measured fitness or single-digit g-values | x1 | x2...
1 0 +4.218598222e+02 -3.187201778e+02 -3.187201778e+02 +5.9671e-01 -3.8264e-02
3 0 +2.642354115e+02 -4.763445885e+02 -4.763445885e+02 -1.3415e-01 -1.3414e-01
6 0 +1.683223864e+02 -5.722576136e+02 -5.722576136e+02 -3.6342e-01 -3.6573e-01
7 0 +5.638588930e+01 -6.841941107e+02 -6.841941107e+02 +3.4196e-01 -1.8133e+00
18 0 +7.145914285e+00 -7.334340857e+02 -7.334340857e+02 -1.3634e+00 -3.4666e-01
81 0 +3.107667419e+00 -7.374723326e+02 -7.374723326e+02 -1.2634e+00 -4.0406e-01
101 0 +2.697528206e+00 -7.378824718e+02 -7.378824718e+02 -1.8635e+00 +4.8800e-02
113 0 +4.066814503e-01 -7.401733185e+02 -7.401733185e+02 -1.3364e+00 -3.3710e-01
177 0 +7.878574098e-02 -7.405012143e+02 -7.405012143e+02 -1.6458e+00 -1.0373e-01
223 0 +5.056785442e-02 -7.405294321e+02 -7.405294321e+02 -1.7146e+00 -5.2230e-02
232 0 +2.685381574e-02 -7.405531462e+02 -7.405531462e+02 -1.8024e+00 +1.4106e-02
280 0 +9.636193807e-04 -7.405790364e+02 -7.405790364e+02 -1.7375e+00 -3.4724e-02
471 0 +6.906550750e-04 -7.405793093e+02 -7.405793093e+02 -1.7386e+00 -3.3889e-02
472 0 +6.349632541e-04 -7.405793650e+02 -7.405793650e+02 -1.7373e+00 -3.4887e-02
493 0 +5.933422160e-04 -7.405794067e+02 -7.405794067e+02 -1.7436e+00 -3.0172e-02
497 0 +3.781201440e-04 -7.405796219e+02 -7.405796219e+02 -1.7419e+00 -3.1443e-02
% f evaluations | g evaluations | best noise-free fitness - Fopt (-5.177000000000e+01) + sum g_i+ | measured fitness | best measured fitness or single-digit g-values | x1 | x2...
1 0 +3.815212450e+02 +3.297512450e+02 +3.297512450e+02 +5.9671e-01 -3.8264e-02
2 0 +1.063019794e+02 +5.453197937e+01 +5.453197937e+01 +7.4769e-01 +1.6230e+00
14 0 +5.609619920e+01 +4.326199204e+00 +4.326199204e+00 +6.8510e-01 +2.2394e+00
15 0 +5.232485028e+01 +5.548502777e-01 +5.548502777e-01 +8.7110e-01 +2.2278e+00
16 0 +4.662873424e+01 -5.141265759e+00 -5.141265759e+00 -3.7752e-01 +1.7506e+00
31 0 +2.428312533e+01 -2.748687467e+01 -2.748687467e+01 -2.2748e+00 +1.8399e+00
43 0 +3.817886697e+00 -4.795211330e+01 -4.795211330e+01 -1.4955e+00 +1.8015e+00
93 0 +3.450898143e+00 -4.831910186e+01 -4.831910186e+01 -1.6915e+00 +1.7719e+00
109 0 +2.932431036e+00 -4.883756896e+01 -4.883756896e+01 -1.9135e+00 +1.7407e+00
150 0 +2.328582790e+00 -4.944141721e+01 -4.944141721e+01 -1.7333e+00 +1.7718e+00
156 0 +2.009811073e+00 -4.976018893e+01 -4.976018893e+01 -1.5436e+00 +1.8040e+00
160 0 +1.873363971e+00 -4.989663603e+01 -4.989663603e+01 -1.6744e+00 +1.7890e+00
162 0 +1.169903259e+00 -5.060009674e+01 -5.060009674e+01 -2.1265e+00 +1.7195e+00
171 0 +1.142874292e+00 -5.062712571e+01 -5.062712571e+01 -1.9477e+00 +1.7531e+00
192 0 +5.477593744e-01 -5.122224063e+01 -5.122224063e+01 -2.0378e+00 +1.7358e+00
209 0 +5.247985705e-01 -5.124520143e+01 -5.124520143e+01 -2.0383e+00 +1.7385e+00
211 0 +3.368191815e-01 -5.143318082e+01 -5.143318082e+01 -2.0223e+00 +1.7393e+00
227 0 +3.245280792e-01 -5.144547192e+01 -5.144547192e+01 -2.0759e+00 +1.7327e+00
229 0 +2.529560648e-01 -5.151704394e+01 -5.151704394e+01 -2.0873e+00 +1.7303e+00
238 0 +1.697581148e-01 -5.160024189e+01 -5.160024189e+01 -2.1246e+00 +1.7254e+00
240 0 +1.520759514e-01 -5.161792405e+01 -5.161792405e+01 -2.1422e+00 +1.7233e+00
271 0 +8.938632232e-02 -5.168061368e+01 -5.168061368e+01 -2.1819e+00 +1.7179e+00
311 0 +6.451258937e-02 -5.170548741e+01 -5.170548741e+01 -2.2135e+00 +1.7136e+00
332 0 +3.817701425e-02 -5.173182299e+01 -5.173182299e+01 -2.2826e+00 +1.7043e+00
335 0 +2.529583650e-02 -5.174470416e+01 -5.174470416e+01 -2.2760e+00 +1.7052e+00
344 0 +1.042557987e-02 -5.175957442e+01 -5.175957442e+01 -2.3734e+00 +1.6919e+00
360 0 +8.972078162e-03 -5.176102792e+01 -5.176102792e+01 -2.3822e+00 +1.6908e+00
375 0 +8.387158067e-03 -5.176161284e+01 -5.176161284e+01 -2.3298e+00 +1.6979e+00
376 0 +5.661792397e-03 -5.176433821e+01 -5.176433821e+01 -2.3273e+00 +1.6981e+00
383 0 +3.974035907e-03 -5.176602596e+01 -5.176602596e+01 -2.3562e+00 +1.6943e+00
395 0 +6.817915079e-04 -5.176931821e+01 -5.176931821e+01 -2.3300e+00 +1.6978e+00
403 0 +2.768229168e-04 -5.176972318e+01 -5.176972318e+01 -2.3463e+00 +1.6956e+00
461 0 +3.373715651e-05 -5.176996626e+01 -5.176996626e+01 -2.3420e+00 +1.6962e+00
% f evaluations | g evaluations | best noise-free fitness - Fopt (-2.229800000000e+02) + sum g_i+ | measured fitness | best measured fitness or single-digit g-values | x1 | x2...
1 0 +1.149971338e+02 -1.079828662e+02 -1.079828662e+02 +5.9671e-01 -3.8264e-02
11 0 +7.295625730e+01 -1.500237427e+02 -1.500237427e+02 +1.1732e+00 -6.8220e-01
21 0 +2.863746402e+01 -1.943425360e+02 -1.943425360e+02 +1.6141e+00 -2.8612e-01
31 0 +1.413603406e+01 -2.088439659e+02 -2.088439659e+02 +3.1694e+00 +3.8839e-03
32 0 +9.450607753e+00 -2.135293922e+02 -2.135293922e+02 +2.5275e+00 -5.9401e-02
61 0 +2.342702628e+00 -2.206372974e+02 -2.206372974e+02 +2.9618e+00 +7.5648e-02
82 0 +1.525941262e+00 -2.214540587e+02 -2.214540587e+02 +3.4052e+00 +1.8328e-01
121 0 +1.230539777e+00 -2.217494602e+02 -2.217494602e+02 +3.8590e+00 +2.7291e-01
125 0 +6.315439413e-01 -2.223484561e+02 -2.223484561e+02 +3.7538e+00 +2.4979e-01
143 0 +3.229790347e-01 -2.226570210e+02 -2.226570210e+02 +3.6722e+00 +2.3154e-01
151 0 +2.426540762e-01 -2.227373459e+02 -2.227373459e+02 +3.5324e+00 +1.9807e-01
170 0 +1.389945197e-01 -2.228410055e+02 -2.228410055e+02 +3.5143e+00 +1.9660e-01
194 0 +5.306805530e-02 -2.229269319e+02 -2.229269319e+02 +3.4674e+00 +1.8542e-01
196 0 +3.661600897e-02 -2.229433840e+02 -2.229433840e+02 +3.5041e+00 +1.9350e-01
236 0 +1.536993161e-02 -2.229646301e+02 -2.229646301e+02 +3.4532e+00 +1.8190e-01
243 0 +8.030881900e-03 -2.229719691e+02 -2.229719691e+02 +3.4867e+00 +1.8935e-01
267 0 +5.269947498e-03 -2.229747301e+02 -2.229747301e+02 +3.4601e+00 +1.8337e-01
278 0 +4.034797197e-03 -2.229759652e+02 -2.229759652e+02 +3.4618e+00 +1.8375e-01
279 0 +1.671712193e-03 -2.229783283e+02 -2.229783283e+02 +3.4577e+00 +1.8281e-01
375 0 +1.271775416e-03 -2.229787282e+02 -2.229787282e+02 +3.4431e+00 +1.7947e-01
% f evaluations | g evaluations | best noise-free fitness - Fopt (5.860000000000e+00) + sum g_i+ | measured fitness | best measured fitness or single-digit g-values | x1 | x2...
1 0 +6.958533709e+02 +7.017133709e+02 +7.017133709e+02 +5.9671e-01 -3.8264e-02
3 0 +5.598109264e+02 +5.656709264e+02 +5.656709264e+02 -1.3415e-01 -1.3414e-01
5 0 +5.483980158e+02 +5.542580158e+02 +5.542580158e+02 -3.6947e-01 +6.4256e-01
6 0 +5.112231977e+02 +5.170831977e+02 +5.170831977e+02 -3.6342e-01 -3.6573e-01
8 0 +2.940179272e+02 +2.998779272e+02 +2.998779272e+02 -1.6249e+00 -4.6229e-01
11 0 +1.170689030e+02 +1.229289030e+02 +1.229289030e+02 -3.5428e+00 -1.4889e+00
12 0 +9.789703792e+01 +1.037570379e+02 +1.037570379e+02 -3.3193e+00 -1.9010e+00
15 0 +9.063732008e+01 +9.649732008e+01 +9.649732008e+01 -2.8351e+00 -2.2709e+00
19 0 +1.829023244e+01 +2.415023244e+01 +2.415023244e+01 -3.6051e+00 +1.7853e+00
26 0 +1.230268555e+01 +1.816268555e+01 +1.816268555e+01 -4.0642e+00 +3.8446e+00
79 0 +6.258693047e-01 +6.485869305e+00 +6.485869305e+00 -3.6914e+00 +1.6582e+00
209 0 +6.103013060e-01 +6.470301306e+00 +6.470301306e+00 -3.6826e+00 +1.6132e+00
211 0 +4.623762847e-01 +6.322376285e+00 +6.322376285e+00 -3.6947e+00 +1.6814e+00
221 0 +4.513386049e-01 +6.311338605e+00 +6.311338605e+00 -3.6952e+00 +1.6893e+00
222 0 +3.145070602e-01 +6.174507060e+00 +6.174507060e+00 -3.7010e+00 +1.7215e+00
311 0 +3.115651800e-01 +6.171565180e+00 +6.171565180e+00 -3.7036e+00 +1.7352e+00
313 0 +2.901542201e-01 +6.150154220e+00 +6.150154220e+00 -3.7034e+00 +1.7346e+00
361 0 +2.268396491e-01 +6.086839649e+00 +6.086839649e+00 -3.7147e+00 +1.8005e+00
363 0 +2.126007502e-01 +6.072600750e+00 +6.072600750e+00 -3.7100e+00 +1.7745e+00
375 0 +1.724081016e-01 +6.032408102e+00 +6.032408102e+00 -3.7147e+00 +1.8027e+00
402 0 +1.179487371e-01 +5.977948737e+00 +5.977948737e+00 -3.7234e+00 +1.8533e+00
412 0 +7.900382158e-02 +5.939003822e+00 +5.939003822e+00 -3.7476e+00 +1.9953e+00
425 0 +5.657123212e-02 +5.916571232e+00 +5.916571232e+00 -3.7340e+00 +1.9179e+00
434 0 +2.058394307e-02 +5.880583943e+00 +5.880583943e+00 -3.7532e+00 +2.0304e+00
439 0 +9.767380045e-03 +5.869767380e+00 +5.869767380e+00 -3.7430e+00 +1.9706e+00
459 0 +6.006687663e-03 +5.866006688e+00 +5.866006688e+00 -3.7521e+00 +2.0245e+00
466 0 +5.374953754e-03 +5.865374954e+00 +5.865374954e+00 -3.7471e+00 +1.9945e+00
475 0 +2.499500828e-04 +5.860249950e+00 +5.860249950e+00 -3.7524e+00 +2.0263e+00
