% f evaluations | g evaluations | best noise-free fitness - Fopt (7.948000000000e+01) + sum g_i+ | measured fitness | best measured fitness or single-digit g-values | x1 | x2...
1 0 +1.011270869e+01 +8.959270869e+01 +8.959270869e+01 +5.9671e-01 -3.8264e-02 +7.4769e-01 +1.6230e+00 -1.3415e-01
9 0 +9.106632127e+00 +8.858663213e+01 +8.858663213e+01 +8.3847e-01 +2.7137e-01 -1.5648e-02 -2.0110e-01 -1.3785e+00
10 0 +8.168478149e+00 +8.764847815e+01 +8.764847815e+01 -6.1984e-01 -3.6064e-01 +1.1571e+00 +4.4362e-01 -1.6630e+00
16 0 +6.167429177e+00 +8.564742918e+01 +8.564742918e+01 +9.2190e-01 +1.8705e-01 -1.9901e-01 +1.9176e-01 -1.8876e+00
31 0 +5.037876806e+00 +8.451787681e+01 +8.451787681e+01 +1.0608e+00 +6.3140e-01 -4.4234e-02 +1.1593e+00 -2.3109e+00
36 0 +3.416753581e+00 +8.289675358e+01 +8.289675358e+01 +4.9660e-01 -1.7046e-01 +6.6775e-01 +1.5788e+00 -2.1092e+00
55 0 +2.740641912e+00 +8.222064191e+01 +8.222064191e+01 -1.7265e-01 -1.2735e+00 -9.2461e-01 +5.8887e-01 -3.5274e+00
56 0 +4.861233349e-01 +7.996612333e+01 +7.996612333e+01 +6.1612e-01 -8.7567e-01 -1.0031e+00 +1.4836e+00 -2.7136e+00
292 0 +4.613413472e-01 +7.994134135e+01 +7.994134135e+01 -1.6953e-01 -6.5321e-01 -6.7340e-01 +1.8645e+00 -2.5292e+00
306 0 +2.862731926e-01 +7.976627319e+01 +7.976627319e+01 +1.0447e-02 -7.8755e-01 -4.6567e-01 +1.8719e+00 -2.8274e+00
310 0 +1.855180232e-01 +7.966551802e+01 +7.966551802e+01 +1.0971e-02 -1.2885e+00 -9.9770e-01 +1.9720e+00 -2.5000e+00
382 0 +4.263333060e-02 +7.952263333e+01 +7.952263333e+01 +3.1425e-01 -1.2138e+00 -6.6654e-01 +2.0012e+00 -2.8443e+00
451 0 +2.088347480e-02 +7.950088347e+01 +7.950088347e+01 +2.8694e-01 -1.1515e+00 -8.4976e-01 +1.9838e+00 -2.6568e+00
493 0 +9.798728619e-03 +7.948979873e+01 +7.948979873e+01 +2.7057e-01 -1.2174e+00 -6.8449e-01 +1.8974e+00 -2.6224e+00
558 0 +4.909795931e-03 +7.948490980e+01 +7.948490980e+01 +2.5366e-01 -1.1649e+00 -7.2124e-01 +1.8633e+00 -2.7101e+00
599 0 +4.289919569e-03 +7.948428992e+01 +7.948428992e+01 +2.0922e-01 -1.1636e+00 -6.8277e-01 +1.9022e+00 -2.6884e+00
653 0 +3.160318988e-03 +7.948316032e+01 +7.948316032e+01 +2.6362e-01 -1.1850e+00 -7.0064e-01 +1.9670e+00 -2.6882e+00
668 0 +1.873603759e-03 +7.948187360e+01 +7.948187360e+01 +2.6841e-01 -1.1638e+00 -6.9114e-01 +1.9428e+00 -2.6960e+00
735 0 +7.104347864e-04 +7.948071043e+01 +7.948071043e+01 +2.5550e-01 -1.1709e+00 -7.2986e-01 +1.9066e+00 -2.6895e+00
736 0 +6.987325507e-04 +7.948069873e+01 +7.948069873e+01 +2.6199e-01 -1.1657e+00 -7.2291e-01 +1.9033e+00 -2.6797e+00
815 0 +6.213638688e-04 +7.948062136e+01 +7.948062136e+01 +2.6085e-01 -1.1596e+00 -7.4365e-01 +1.9350e+00 -2.6713e+00
879 0 +3.203504451e-04 +7.948032035e+01 +7.948032035e+01 +2.6046e-01 -1.1546e+00 -7.3258e-01 +1.9209e+00 -2.6684e+00
881 0 +1.093852635e-04 +7.948010939e+01 +7.948010939e+01 +2.6121e-01 -1.1575e+00 -7.2071e-01 +1.9271e+00 -2.6860e+00
901 0 +8.298763065e-05 +7.948008299e+01 +7.948008299e+01 +2.5553e-01 -1.1502e+00 -7.2499e-01 +1.9314e+00 -2.6784e+00
990 0 +8.117173391e-05 +7.948008117e+01 +7.948008117e+01 +2.4999e-01 -1.1567e+00 -7.2532e-01 +1.9348e+00 -2.6819e+00
1012 0 +6.757070773e-05 +7.948006757e+01 +7.948006757e+01 +2.5896e-01 -1.1580e+00 -7.2154e-01 +1.9310e+00 -2.6819e+00
1027 0 +6.562352645e-05 +7.948006562e+01 +7.948006562e+01 +2.5849e-01 -1.1584e+00 -7.2730e-01 +1.9254e+00 -2.6851e+00
1037 0 +5.986938741e-05 +7.948005987e+01 +7.948005987e+01 +2.5551e-01 -1.1571e+00 -7.2486e-01 +1.9336e+00 -2.6813e+00
1040 0 +2.590580786e-05 +7.948002591e+01 +7.948002591e+01 +2.5031e-01 -1.1611e+00 -7.2465e-01 +1.9264e+00 -2.6818e+00
1060 0 +2.528011950e-05 +7.948002528e+01 +7.948002528e+01 +2.5476e-01 -1.1561e+00 -7.2655e-01 +1.9227e+00 -2.6798e+00
1062 0 +1.830151709e-05 +7.948001830e+01 +7.948001830e+01 +2.5125e-01 -1.1598e+00 -7.2614e-01 +1.9258e+00 -2.6793e+00
1068 0 +4.433212936e-06 +7.948000443e+01 +7.948000443e+01 +2.5254e-01 -1.1563e+00 -7.2295e-01 +1.9247e+00 -2.6805e+00
