% f evaluations | g evaluations | best noise-free fitness - Fopt (-6.211100000000e+02) + sum g_i+ | measured fitness | best measured fitness or single-digit g-values | x1 | x2...
1 0 +6.295856703e+07 +6.295794592e+07 +6.295794592e+07 +5.9671e-01 -3.8264e-02 +7.4769e-01 +1.6230e+00 -1.3415e-01
2 0 +2.089017495e+07 +2.088955384e+07 +2.088955384e+07 -1.3414e-01 +1.6792e+00 +8.6743e-01 -3.6947e-01 +6.4256e-01
7 0 +1.510354235e+07 +1.510292124e+07 +1.510292124e+07 -5.0171e-01 +1.9523e+00 +8.6503e-02 -9.5771e-01 +9.2254e-01
32 0 +1.249081482e+07 +1.249019371e+07 +1.249019371e+07 +3.6553e-01 +1.0110e+00 -8.8475e-01 -3.3274e+00 +3.8766e-01
33 0 +1.122256774e+07 +1.122194663e+07 +1.122194663e+07 +7.4223e-01 +2.0962e+00 -1.3631e+00 -2.4077e+00 +6.4022e-01
45 0 +6.312119712e+06 +6.311498602e+06 +6.311498602e+06 -9.3346e-01 +3.4876e+00 -1.1426e+00 -2.7228e+00 +1.3793e+00
55 0 +2.827443459e+06 +2.826822349e+06 +2.826822349e+06 -1.5796e+00 +4.2687e+00 -5.9421e-01 -1.9728e+00 -1.0173e+00
66 0 +2.594306376e+06 +2.593685266e+06 +2.593685266e+06 -5.9755e-01 +2.9408e+00 -1.3621e+00 -3.0083e+00 -3.8381e-01
69 0 +1.055627755e+06 +1.055006645e+06 +1.055006645e+06 -1.4502e+00 +3.8351e+00 +2.8469e-02 -3.2338e+00 +2.3967e-01
108 0 +6.586504702e+04 +6.524393702e+04 +6.524393702e+04 -7.5551e-01 +3.7282e+00 +2.7890e+00 -4.4680e+00 +6.0783e-01
237 0 +1.469795334e+04 +1.407684334e+04 +1.407684334e+04 -8.9606e-01 +4.2033e+00 -4.4470e-01 -3.5947e+00 -7.9480e-01
437 0 +1.052311592e+04 +9.902005925e+03 +9.902005925e+03 -1.0890e+00 +4.1815e+00 -8.8151e-01 -3.5334e+00 -1.1158e+00
444 0 +6.190848285e+03 +5.569738285e+03 +5.569738285e+03 -1.1185e+00 +4.2968e+00 -1.4492e+00 -3.3991e+00 -1.3526e+00
479 0 +5.730748086e+03 +5.109638086e+03 +5.109638086e+03 -1.0519e+00 +4.3475e+00 -1.2991e+00 -3.3616e+00 -1.2428e+00
508 0 +4.885754464e+03 +4.264644464e+03 +4.264644464e+03 -9.9415e-01 +4.1655e+00 -3.8547e-01 -3.5863e+00 -8.0881e-01
533 0 +3.969206137e+03 +3.348096137e+03 +3.348096137e+03 -9.7031e-01 +4.0466e+00 +5.3818e-02 -3.7847e+00 -5.4338e-01
537 0 +1.864885646e+03 +1.243775646e+03 +1.243775646e+03 -9.1085e-01 +4.0165e+00 +4.8436e-02 -3.7169e+00 -5.7759e-01
541 0 +1.214039746e+03 +5.929297459e+02 +5.929297459e+02 -9.7619e-01 +4.0951e+00 -3.9672e-01 -3.6161e+00 -8.1693e-01
551 0 +6.784852597e+02 +5.737525968e+01 +5.737525968e+01 -9.2446e-01 +3.9951e+00 +1.3116e-01 -3.7849e+00 -5.0669e-01
600 0 +4.300682545e+01 -5.781031745e+02 -5.781031745e+02 -9.6122e-01 +4.0937e+00 -3.0439e-01 -3.6561e+00 -7.1966e-01
796 0 +3.309312955e+01 -5.880168705e+02 -5.880168705e+02 -9.1149e-01 +4.0189e+00 +5.3630e-03 -3.7540e+00 -5.5823e-01
825 0 +1.066435911e+01 -6.104456409e+02 -6.104456409e+02 -9.3276e-01 +4.0465e+00 -1.0090e-01 -3.7224e+00 -6.1222e-01
906 0 +3.815774822e+00 -6.172942252e+02 -6.172942252e+02 -9.2306e-01 +4.0325e+00 -4.0134e-02 -3.7390e+00 -5.7959e-01
984 0 +2.586295908e+00 -6.185237041e+02 -6.185237041e+02 -9.2188e-01 +4.0335e+00 -4.7017e-02 -3.7372e+00 -5.8358e-01
1011 0 +1.712309162e+00 -6.193976908e+02 -6.193976908e+02 -9.2449e-01 +4.0366e+00 -5.7188e-02 -3.7342e+00 -5.8765e-01
1028 0 +1.077442945e+00 -6.200325571e+02 -6.200325571e+02 -9.2612e-01 +4.0414e+00 -7.5902e-02 -3.7282e+00 -5.9845e-01
1058 0 +8.707598004e-01 -6.202392402e+02 -6.202392402e+02 -9.3119e-01 +4.0477e+00 -1.1009e-01 -3.7167e+00 -6.1619e-01
1081 0 +5.649556100e-01 -6.205450444e+02 -6.205450444e+02 -9.2317e-01 +4.0353e+00 -5.0123e-02 -3.7357e+00 -5.8553e-01
1091 0 +9.525222807e-02 -6.210147478e+02 -6.210147478e+02 -9.1868e-01 +4.0298e+00 -2.1965e-02 -3.7438e+00 -5.7045e-01
1206 0 +8.507017398e-02 -6.210249298e+02 -6.210249298e+02 -9.2474e-01 +4.0379e+00 -6.1906e-02 -3.7317e+00 -5.9109e-01
