% f evaluations | g evaluations | best noise-free fitness - Fopt (-6.211100000000e+02) + sum g_i+ | measured fitness | best measured fitness or single-digit g-values | x1 | x2...
1 0 +7.457005122e+07 +7.456943011e+07 +7.456943011e+07 +5.9671e-01 -3.8264e-02 +7.4769e-01 +1.6230e+00 -1.3415e-01 -1.3414e-01 +1.6792e+00 +8.6743e-01 -3.6947e-01 +6.4256e-01
3 0 +6.478858654e+07 +6.478796543e+07 +6.478796543e+07 +1.5656e+00 -1.2578e-01 +1.6753e-01 -1.3247e+00 -4.4438e-01 +2.1092e-01 -1.0510e+00 +4.7570e-01 -5.0064e-01 -1.9169e-01
4 0 +2.549752750e+07 +2.549690639e+07 +2.549690639e+07 -5.0171e-01 +1.9523e+00 +8.6503e-02 -9.5771e-01 +9.2254e-01 -1.1208e+00 +3.0886e-01 -1.8597e+00 -1.2282e+00 +2.9686e-01
63 0 +2.541523992e+07 +2.541461881e+07 +2.541461881e+07 +2.0335e-01 +2.2471e+00 +1.5355e+00 -1.0785e+00 +1.3686e+00 +4.6754e-01 +1.7683e-01 -1.7230e-02 +4.5246e-01 -1.9879e+00
68 0 +1.899647057e+07 +1.899584946e+07 +1.899584946e+07 +1.0955e+00 +4.6895e+00 +3.4953e-01 -6.0745e-01 +1.8357e-01 -6.3061e-01 +1.5025e+00 +3.3760e-01 +2.1735e-01 +3.7927e-01
82 0 +1.854774113e+07 +1.854712002e+07 +1.854712002e+07 -5.8822e-01 +1.7864e+00 +1.3397e+00 -1.2646e+00 +1.0216e-01 -9.0604e-02 +9.7898e-01 -1.9710e-01 +1.3745e+00 +1.0970e+00
126 0 +1.208576306e+07 +1.208514195e+07 +1.208514195e+07 -1.9788e+00 +1.9963e+00 +3.7570e-01 -3.2837e+00 +4.5207e-01 -6.6640e-01 +1.6444e+00 -1.6534e+00 +3.6044e-01 +1.9106e-01
167 0 +9.289501566e+06 +9.288880456e+06 +9.288880456e+06 -1.7122e+00 +2.7371e+00 +8.5598e-01 -3.1631e+00 +2.1048e+00 -1.9454e+00 +1.9261e+00 -2.1390e+00 +8.7596e-01 -3.5150e-01
182 0 +5.820408851e+06 +5.819787741e+06 +5.819787741e+06 -9.4915e-01 +4.8489e+00 -7.9339e-01 -2.6706e+00 +2.6812e-01 -7.2735e-01 -2.7126e-01 -5.1306e-01 +2.6458e+00 +4.6098e-01
376 0 +4.632028446e+06 +4.631407336e+06 +4.631407336e+06 +3.6148e-01 +3.3987e+00 +2.4952e-01 -4.3012e+00 +3.4460e-02 -2.0774e+00 +7.3472e-01 -1.2959e-01 +2.2926e+00 +2.0006e-01
381 0 +4.139266509e+06 +4.138645399e+06 +4.138645399e+06 -1.0942e+00 +4.7826e+00 +1.2651e+00 -3.8148e+00 -1.3006e+00 -2.1043e+00 +4.5201e-01 +3.4794e-01 +1.5697e-01 +1.1814e-01
460 0 +4.080609942e+06 +4.079988832e+06 +4.079988832e+06 -7.5589e-01 +4.5457e+00 -1.3450e-01 -3.4253e+00 +2.1002e+00 -1.8196e+00 +1.2988e+00 -9.9185e-01 +2.6281e+00 -1.4017e+00
475 0 +3.241818971e+06 +3.241197861e+06 +3.241197861e+06 +1.9396e-02 +3.3480e+00 -3.0652e-02 -3.5232e+00 +4.6395e-02 -3.0129e+00 +8.9315e-01 -1.2735e+00 +6.9900e-01 -6.0956e-01
496 0 +3.162223184e+06 +3.161602074e+06 +3.161602074e+06 -9.2602e-01 +3.6583e+00 -6.3075e-01 -2.2994e+00 +3.7788e-01 -1.4004e+00 +5.6758e-01 -1.2996e+00 +7.3571e-01 +3.1137e-02
506 0 +2.583267050e+06 +2.582645940e+06 +2.582645940e+06 -6.0509e-01 +4.4952e+00 -5.5757e-01 -4.4781e+00 +3.3281e-01 -1.6169e+00 +1.1075e+00 -9.7136e-01 +2.4051e+00 +1.8186e-01
518 0 +1.734422051e+06 +1.733800941e+06 +1.733800941e+06 -2.3778e-01 +4.1721e+00 -7.6860e-01 -3.9948e+00 +7.2079e-02 -1.7597e+00 +1.3145e+00 -1.4012e+00 +1.5443e+00 +1.5132e-01
706 0 +1.411197139e+06 +1.410576029e+06 +1.410576029e+06 -6.0435e-01 +4.0989e+00 -8.2818e-01 -3.8738e+00 +1.5260e+00 -1.0852e+00 +5.4076e-01 -7.6797e-01 +1.8421e+00 -5.0300e-01
758 0 +1.333122480e+06 +1.332501370e+06 +1.332501370e+06 -4.3303e-01 +4.1211e+00 +1.4453e-01 -4.3972e+00 +6.7924e-02 -2.2851e+00 +1.1097e+00 -9.1307e-01 +1.8443e+00 -1.4781e-01
800 0 +1.101548248e+06 +1.100927138e+06 +1.100927138e+06 -6.8719e-01 +4.3720e+00 -4.1379e-01 -3.6048e+00 +8.0159e-01 -1.6502e+00 +1.9463e+00 -9.6503e-01 +1.9155e+00 -4.2559e-01
845 0 +3.133707695e+05 +3.127496595e+05 +3.127496595e+05 -1.1156e+00 +4.0818e+00 -6.6218e-01 -3.7145e+00 +8.2696e-01 -1.5307e+00 +7.4993e-01 -7.8330e-01 +1.7466e+00 -2.7489e-01
1065 0 +2.911880369e+05 +2.905669269e+05 +2.905669269e+05 -1.0521e+00 +3.6705e+00 -2.7487e-01 -3.4379e+00 +3.5250e-01 -1.7475e+00 +1.0899e+00 -1.1477e+00 +1.3907e+00 -4.8071e-01
1160 0 +2.603560742e+05 +2.597349642e+05 +2.597349642e+05 -1.0850e+00 +4.0405e+00 +2.8161e-01 -3.8450e+00 -2.9127e-01 -2.2829e+00 +1.2719e+00 -6.5552e-01 +1.3705e+00 -6.7921e-01
1163 0 +2.274675764e+05 +2.268464664e+05 +2.268464664e+05 -7.8050e-01 +4.0953e+00 -3.0568e-01 -3.6767e+00 -4.5190e-02 -2.0732e+00 +1.4336e+00 -9.7761e-01 +1.0600e+00 -4.7821e-01
1216 0 +1.959398502e+05 +1.953187402e+05 +1.953187402e+05 -6.4030e-01 +4.0302e+00 -1.9374e-01 -3.9060e+00 -4.4763e-01 -1.9738e+00 +1.4732e+00 -8.4315e-01 +1.1601e+00 -2.3046e-01
1274 0 +1.543265972e+05 +1.537054872e+05 +1.537054872e+05 -1.0060e+00 +4.0110e+00 +1.2068e-01 -3.5359e+00 -2.4925e-01 -1.7275e+00 +1.3926e+00 -8.4778e-01 +1.4263e+00 -3.4624e-01
1348 0 +1.309125139e+05 +1.302914039e+05 +1.302914039e+05 -8.4969e-01 +3.8184e+00 +2.6387e-01 -4.0766e+00 -7.6928e-01 -2.2616e+00 +1.4353e+00 -8.7454e-01 +9.4564e-01 -5.4211e-01
1360 0 +1.127959676e+05 +1.121748576e+05 +1.121748576e+05 -1.0153e+00 +4.0968e+00 +2.6007e-01 -3.8105e+00 -3.6581e-01 -2.1739e+00 +1.4013e+00 -1.0347e+00 +9.9925e-01 -3.3044e-01
1370 0 +6.849864469e+04 +6.787753469e+04 +6.787753469e+04 -8.0327e-01 +3.9306e+00 -2.3348e-02 -3.9365e+00 -4.5248e-01 -2.1322e+00 +1.3650e+00 -8.1867e-01 +1.1975e+00 -2.3550e-01
1575 0 +4.571354942e+04 +4.509243942e+04 +4.509243942e+04 -1.0563e+00 +3.8254e+00 +7.9843e-03 -3.7918e+00 -1.7816e-01 -1.9604e+00 +1.4445e+00 -8.0735e-01 +1.2139e+00 -2.6997e-01
1605 0 +4.343916355e+04 +4.281805355e+04 +4.281805355e+04 -9.2729e-01 +3.9528e+00 +2.4471e-01 -3.9601e+00 -6.9537e-01 -2.3026e+00 +1.3657e+00 -6.7927e-01 +1.0991e+00 -3.3543e-01
1606 0 +3.975486378e+04 +3.913375378e+04 +3.913375378e+04 -1.0287e+00 +4.0217e+00 -4.4284e-01 -3.5840e+00 +4.1586e-01 -1.8749e+00 +1.1483e+00 -7.4174e-01 +1.5993e+00 -3.4788e-01
1762 0 +2.491598572e+04 +2.429487572e+04 +2.429487572e+04 -9.0631e-01 +3.9713e+00 +2.9170e-01 -3.8399e+00 -4.8240e-01 -2.1201e+00 +1.4905e+00 -6.5545e-01 +1.0599e+00 -2.3257e-01
1856 0 +2.196667893e+04 +2.134556893e+04 +2.134556893e+04 -8.3146e-01 +4.0659e+00 +2.5961e-01 -3.7686e+00 -5.6680e-01 -2.1394e+00 +1.4931e+00 -7.0989e-01 +1.0281e+00 -3.0745e-01
1884 0 +1.775136082e+04 +1.713025082e+04 +1.713025082e+04 -9.0203e-01 +4.0180e+00 +1.1517e-01 -3.8254e+00 -3.4124e-01 -2.0126e+00 +1.3634e+00 -8.1090e-01 +1.2720e+00 -3.0465e-01
1916 0 +1.342105527e+04 +1.279994527e+04 +1.279994527e+04 -9.1092e-01 +4.0166e+00 -3.7605e-02 -3.7371e+00 -2.0835e-01 -2.1151e+00 +1.3229e+00 -7.6847e-01 +1.2502e+00 -3.0295e-01
1923 0 +5.987102696e+03 +5.365992696e+03 +5.365992696e+03 -8.7289e-01 +4.0032e+00 +2.9189e-01 -3.8907e+00 -7.1556e-01 -2.1478e+00 +1.4631e+00 -7.5556e-01 +9.9144e-01 -2.7987e-01
1956 0 +5.743238435e+03 +5.122128435e+03 +5.122128435e+03 -8.9050e-01 +3.9649e+00 +1.5663e-01 -3.8679e+00 -4.8549e-01 -2.0918e+00 +1.3896e+00 -7.2610e-01 +1.0981e+00 -3.2398e-01
2156 0 +3.980770165e+03 +3.359660165e+03 +3.359660165e+03 -8.6885e-01 +3.9558e+00 +3.0570e-01 -3.8593e+00 -6.5565e-01 -2.1583e+00 +1.3997e+00 -7.3039e-01 +1.0765e+00 -2.7570e-01
2178 0 +3.893417298e+03 +3.272307298e+03 +3.272307298e+03 -1.0180e+00 +4.0212e+00 -7.5380e-02 -3.6811e+00 -1.6561e-01 -1.9567e+00 +1.2984e+00 -7.5408e-01 +1.2968e+00 -3.5464e-01
2265 0 +2.616655191e+03 +1.995545191e+03 +1.995545191e+03 -8.7870e-01 +3.9718e+00 +2.6186e-01 -3.8606e+00 -6.6186e-01 -2.2168e+00 +1.4476e+00 -7.5406e-01 +1.0107e+00 -2.8999e-01
2294 0 +2.004276372e+03 +1.383166372e+03 +1.383166372e+03 -8.9692e-01 +3.9995e+00 +8.0510e-02 -3.7532e+00 -3.6891e-01 -2.0834e+00 +1.3593e+00 -7.5818e-01 +1.1690e+00 -3.1837e-01
2346 0 +7.079571356e+02 +8.684713560e+01 +8.684713560e+01 -8.9084e-01 +3.9855e+00 +2.1094e-01 -3.8181e+00 -5.0324e-01 -2.1159e+00 +1.3873e+00 -7.4637e-01 +1.1074e+00 -3.0809e-01
% f evaluations | g evaluations | best noise-free fitness - Fopt (-2.548200000000e+02) + sum g_i+ | measured fitness | best measured fitness or single-digit g-values | x1 | x2...
1 0 +1.280983798e+08 +1.280981250e+08 +1.280981250e+08 +5.9671e-01 -3.8264e-02 +7.4769e-01 +1.6230e+00 -1.3415e-01 -1.3414e-01 +1.6792e+00 +8.6743e-01 -3.6947e-01 +6.4256e-01
3 0 +1.048446844e+08 +1.048444295e+08 +1.048444295e+08 +1.5656e+00 -1.2578e-01 +1.6753e-01 -1.3247e+00 -4.4438e-01 +2.1092e-01 -1.0510e+00 +4.7570e-01 -5.0064e-01 -1.9169e-01
17 0 +1.013525569e+08 +1.013523021e+08 +1.013523021e+08 -8.7468e-01 +8.8708e-01 +1.2586e+00 -7.2068e-01 +1.0634e+00 +5.1278e-01 +9.2206e-01 +1.9968e+00 -1.4539e-01 -6.5374e-01
21 0 +5.270304575e+07 +5.270279093e+07 +5.270279093e+07 +4.5779e-01 +6.6078e-01 +1.1831e+00 +1.1538e+00 -1.2777e+00 -8.3783e-01 +6.1504e-01 +6.1379e-01 +6.1505e-01 +3.9527e+00
52 0 +4.050686041e+07 +4.050660559e+07 +4.050660559e+07 +7.6288e-01 +2.0482e+00 +3.7868e-01 +1.4068e+00 -1.8671e-01 +1.2942e+00 +7.3739e-01 +6.9272e-01 +2.2471e+00 +1.1845e+00
56 0 +3.369718978e+07 +3.369693496e+07 +3.369693496e+07 +1.4110e+00 +3.0761e+00 +7.5651e-01 +1.1391e+00 +1.4995e+00 +5.2064e-01 +1.3075e+00 +1.4219e+00 +1.1481e+00 +8.6208e-01
103 0 +2.851645712e+07 +2.851620230e+07 +2.851620230e+07 +1.5127e+00 +3.2734e+00 +1.3979e+00 +5.8738e-01 +1.2727e-02 +1.6182e+00 +1.1461e+00 +4.7290e+00 +2.3462e+00 +2.5797e+00
109 0 +2.665043797e+07 +2.665018315e+07 +2.665018315e+07 +3.7790e+00 +3.0990e+00 +1.9895e-01 +1.1129e+00 -1.8919e-01 +1.9933e+00 +2.5010e-01 +4.0756e-01 +6.0482e-01 +2.3898e+00
118 0 +1.937907122e+07 +1.937881640e+07 +1.937881640e+07 +1.4596e+00 +3.1343e+00 +3.4010e+00 +1.8447e+00 -8.2044e-01 -3.7373e-01 -1.4617e+00 +1.9290e+00 +1.2822e+00 +2.5111e+00
160 0 +1.914064333e+07 +1.914038851e+07 +1.914038851e+07 +2.4683e+00 +4.4529e+00 +1.2226e+00 +1.5298e+00 +9.0015e-01 +1.5436e-01 -8.8594e-02 +4.4174e+00 +2.8658e+00 +2.9296e+00
176 0 +1.356950477e+07 +1.356924995e+07 +1.356924995e+07 +4.1391e+00 +3.9095e+00 -5.9314e-01 +1.8713e-01 -3.3361e+00 +6.9725e-01 -1.0433e+00 +4.4044e+00 +2.7664e+00 +4.4798e+00
285 0 +1.348756044e+07 +1.348730562e+07 +1.348730562e+07 +2.8565e+00 +4.8440e+00 -8.3885e-01 +2.4581e+00 -1.3127e-01 -1.2692e+00 -9.8474e-01 +1.7268e+00 +5.7261e-01 +2.6447e+00
345 0 +7.889511257e+06 +7.889256437e+06 +7.889256437e+06 +2.4246e+00 +2.9766e+00 +4.9953e-01 +7.5841e-01 -2.8624e+00 -6.4171e-01 -2.2767e+00 +2.9803e+00 +9.6288e-02 +2.5214e+00
430 0 +7.386597284e+06 +7.386342464e+06 +7.386342464e+06 +2.7420e+00 +3.8088e+00 +6.5694e-02 +1.5354e+00 -8.0264e-01 -9.3377e-01 -1.7612e-01 +2.0017e+00 +1.2085e+00 +3.5322e+00
523 0 +5.898477620e+06 +5.898222800e+06 +5.898222800e+06 +3.7280e+00 +2.3575e+00 -1.3739e+00 -2.3716e+00 -2.9274e+00 -2.2193e-01 -2.0442e+00 +2.3789e+00 +2.2602e+00 +2.3114e+00
540 0 +3.938487449e+06 +3.938232629e+06 +3.938232629e+06 +2.7641e+00 +3.0963e+00 +7.1134e-01 +8.6134e-02 -2.2268e+00 -1.3701e-01 -1.6842e+00 +2.7681e+00 +1.8465e+00 +2.6875e+00
548 0 +2.727419624e+06 +2.727164804e+06 +2.727164804e+06 +3.5332e+00 +3.6618e+00 -7.8289e-01 -1.4702e+00 -3.2112e+00 +1.0760e-02 -9.2865e-01 +2.3444e+00 +4.2892e-01 +2.3654e+00
576 0 +2.576698888e+06 +2.576444068e+06 +2.576444068e+06 +1.8114e+00 +4.2962e+00 -5.9905e-01 -6.0972e-01 -1.7841e+00 -1.9795e+00 -1.5520e+00 +2.5587e+00 +1.3823e+00 +2.7759e+00
582 0 +1.677739502e+06 +1.677484682e+06 +1.677484682e+06 +3.6950e+00 +3.7712e+00 -1.0042e+00 -1.5035e+00 -2.8110e+00 -3.4729e-01 -1.2448e+00 +2.3673e+00 +1.4632e+00 +3.7841e+00
759 0 +1.256874795e+06 +1.256619975e+06 +1.256619975e+06 +3.8624e+00 +3.5240e+00 +2.6239e-01 -5.1607e-01 -3.1748e+00 -3.5605e-01 -1.1227e+00 +2.4132e+00 +1.1442e+00 +2.9439e+00
861 0 +8.012928800e+05 +8.010380600e+05 +8.010380600e+05 +3.3399e+00 +3.4460e+00 -2.3349e-01 -5.5801e-01 -2.6793e+00 -1.4357e+00 -7.2033e-01 +2.6536e+00 +5.8896e-01 +3.0556e+00
932 0 +7.619370908e+05 +7.616822708e+05 +7.616822708e+05 +3.6358e+00 +3.7260e+00 -4.9772e-01 -1.1592e+00 -2.8669e+00 -1.1536e+00 -1.3498e+00 +2.3838e+00 +2.5711e-01 +3.0363e+00
966 0 +6.062980883e+05 +6.060432683e+05 +6.060432683e+05 +4.6485e+00 +2.8991e+00 -5.1727e-01 -1.6342e+00 -2.9643e+00 -1.0996e+00 -1.1937e+00 +2.4438e+00 +4.0577e-01 +3.4252e+00
1027 0 +3.477642023e+05 +3.475093823e+05 +3.475093823e+05 +3.9957e+00 +3.4683e+00 -4.6722e-01 -1.1955e+00 -2.4654e+00 -7.7871e-01 -1.1739e+00 +2.7509e+00 +7.2730e-01 +2.8115e+00
1047 0 +3.134857248e+05 +3.132309048e+05 +3.132309048e+05 +4.7681e+00 +3.3734e+00 -1.8306e-01 -1.2594e+00 -2.7606e+00 -9.1135e-01 -1.3231e+00 +2.5460e+00 +1.1281e+00 +3.3596e+00
1049 0 +2.598635467e+05 +2.596087267e+05 +2.596087267e+05 +4.4786e+00 +3.4365e+00 -4.1728e-01 -1.5080e+00 -3.0362e+00 -9.6064e-01 -1.3102e+00 +2.6134e+00 +1.0320e+00 +3.5199e+00
1106 0 +2.538114779e+05 +2.535566579e+05 +2.535566579e+05 +4.2844e+00 +3.4141e+00 -1.0301e-01 -1.2608e+00 -2.6970e+00 -9.0047e-01 -1.5305e+00 +2.8562e+00 +9.2021e-01 +3.0208e+00
1166 0 +1.890041606e+05 +1.887493406e+05 +1.887493406e+05 +3.9371e+00 +3.4670e+00 -4.6230e-01 -1.1967e+00 -2.4932e+00 -9.4033e-01 -1.6496e+00 +2.6111e+00 +1.0409e+00 +3.2052e+00
1205 0 +1.201151987e+05 +1.198603787e+05 +1.198603787e+05 +3.8807e+00 +3.6190e+00 +6.8788e-02 -8.4270e-01 -2.5041e+00 -1.1105e+00 -1.1417e+00 +2.7051e+00 +1.0928e+00 +3.1400e+00
1288 0 +1.178940928e+05 +1.176392728e+05 +1.176392728e+05 +3.6515e+00 +3.9384e+00 -1.2117e-02 -1.0699e+00 -2.4241e+00 -1.0244e+00 -1.3686e+00 +2.5126e+00 +8.0119e-01 +3.2471e+00
1346 0 +5.214497603e+04 +5.189015603e+04 +5.189015603e+04 +3.5095e+00 +3.7597e+00 +3.5979e-02 -8.1085e-01 -2.4556e+00 -1.0030e+00 -1.2189e+00 +2.6454e+00 +8.5331e-01 +2.9951e+00
1369 0 +4.513149605e+04 +4.487667605e+04 +4.487667605e+04 +3.5315e+00 +3.7014e+00 -7.3736e-02 -8.5336e-01 -2.4529e+00 -1.1908e+00 -1.2680e+00 +2.5014e+00 +1.0108e+00 +3.1805e+00
1514 0 +2.892301686e+04 +2.866819686e+04 +2.866819686e+04 +3.4544e+00 +4.0639e+00 +1.6784e-01 -6.0478e-01 -2.4247e+00 -1.1993e+00 -1.2353e+00 +2.6818e+00 +9.5275e-01 +3.0369e+00
1520 0 +1.240121826e+04 +1.214639826e+04 +1.214639826e+04 +3.6416e+00 +3.7638e+00 -4.4436e-02 -9.3104e-01 -2.4630e+00 -1.0550e+00 -1.3206e+00 +2.5631e+00 +1.0393e+00 +3.1537e+00
1761 0 +1.226871277e+04 +1.201389277e+04 +1.201389277e+04 +2.9242e+00 +4.2380e+00 +2.5402e-01 -2.7618e-01 -2.2630e+00 -1.3994e+00 -1.1765e+00 +2.7470e+00 +9.5251e-01 +2.9664e+00
1880 0 +1.217280985e+04 +1.191798985e+04 +1.191798985e+04 +3.2915e+00 +4.0424e+00 +1.2738e-01 -5.2218e-01 -2.3342e+00 -1.3267e+00 -1.2568e+00 +2.7860e+00 +1.0172e+00 +2.9444e+00
1884 0 +1.130539443e+04 +1.105057443e+04 +1.105057443e+04 +3.5371e+00 +3.9586e+00 -3.9771e-03 -7.4353e-01 -2.4956e+00 -1.1503e+00 -1.2691e+00 +2.7300e+00 +9.7908e-01 +3.0527e+00
1903 0 +7.970788224e+03 +7.715968224e+03 +7.715968224e+03 +3.3780e+00 +3.9095e+00 +1.9928e-02 -6.4140e-01 -2.4625e+00 -1.2031e+00 -1.2725e+00 +2.6557e+00 +1.0306e+00 +2.9824e+00
1927 0 +4.205526144e+03 +3.950706144e+03 +3.950706144e+03 +3.4086e+00 +3.9377e+00 +2.4159e-02 -6.5272e-01 -2.3933e+00 -1.2111e+00 -1.2296e+00 +2.6502e+00 +1.0086e+00 +3.0086e+00
2037 0 +3.956680098e+03 +3.701860098e+03 +3.701860098e+03 +3.5280e+00 +3.8564e+00 -4.7356e-02 -8.1474e-01 -2.4540e+00 -1.1575e+00 -1.3045e+00 +2.6073e+00 +1.0178e+00 +3.0294e+00
2048 0 +3.099879255e+03 +2.845059255e+03 +2.845059255e+03 +3.5263e+00 +3.9035e+00 -2.9701e-02 -7.7710e-01 -2.4726e+00 -1.1042e+00 -1.2513e+00 +2.6191e+00 +1.0041e+00 +3.0215e+00
2109 0 +2.618767439e+03 +2.363947439e+03 +2.363947439e+03 +3.3322e+00 +3.9806e+00 +3.7956e-02 -5.8713e-01 -2.4004e+00 -1.1854e+00 -1.2779e+00 +2.6897e+00 +9.9113e-01 +2.9939e+00
2152 0 +2.048929212e+03 +1.794109212e+03 +1.794109212e+03 +3.0967e+00 +4.1828e+00 +1.7003e-01 -3.5032e-01 -2.3186e+00 -1.3781e+00 -1.2157e+00 +2.7556e+00 +1.0103e+00 +2.9441e+00
2167 0 +1.380872706e+03 +1.126052706e+03 +1.126052706e+03 +3.2456e+00 +4.0969e+00 +1.0105e-01 -4.9126e-01 -2.3575e+00 -1.2666e+00 -1.2430e+00 +2.7556e+00 +1.0017e+00 +3.0045e+00
2170 0 +1.080763480e+03 +8.259434802e+02 +8.259434802e+02 +3.2198e+00 +4.1002e+00 +1.0299e-01 -4.8246e-01 -2.3496e+00 -1.2950e+00 -1.2491e+00 +2.7513e+00 +1.0028e+00 +3.0180e+00
2473 0 +1.044300376e+03 +7.894803761e+02 +7.894803761e+02 +3.3921e+00 +3.9747e+00 +3.7967e-02 -6.2628e-01 -2.3824e+00 -1.2146e+00 -1.2697e+00 +2.6627e+00 +1.0056e+00 +3.0278e+00
2476 0 +8.963927857e+02 +6.415727857e+02 +6.415727857e+02 +3.3434e+00 +3.9999e+00 +5.8810e-02 -6.1366e-01 -2.3790e+00 -1.2308e+00 -1.2734e+00 +2.7052e+00 +1.0301e+00 +3.0278e+00
2490 0 +4.935587287e+02 +2.387387287e+02 +2.387387287e+02 +3.2866e+00 +4.0299e+00 +7.3132e-02 -5.6279e-01 -2.3631e+00 -1.2367e+00 -1.2748e+00 +2.7076e+00 +1.0097e+00 +3.0149e+00
% f evaluations | g evaluations | best noise-free fitness - Fopt (5.661000000000e+01) + sum g_i+ | measured fitness | best measured fitness or single-digit g-values | x1 | x2...
1 0 +1.659942632e+08 +1.659943198e+08 +1.659943198e+08 +5.9671e-01 -3.8264e-02 +7.4769e-01 +1.6230e+00 -1.3415e-01 -1.3414e-01 +1.6792e+00 +8.6743e-01 -3.6947e-01 +6.4256e-01
6 0 +1.174264525e+08 +1.174265091e+08 +1.174265091e+08 +4.2408e-01 -2.8508e-01 -5.7692e-01 +7.1168e-01 +1.1310e+00 +1.0313e+00 -7.3922e-01 -2.0921e-01 +4.3126e-01 +1.0755e+00
12 0 +9.846818893e+07 +9.846824554e+07 +9.846824554e+07 -1.8188e+00 +7.3486e-02 +1.6023e-01 +2.5632e+00 -9.2361e-02 +4.0155e-01 +6.5288e-02 -1.0687e+00 +1.2428e+00 +8.5193e-01
18 0 +9.056003324e+07 +9.056008985e+07 +9.056008985e+07 -7.8951e-01 -7.1581e-01 +2.2898e-02 +4.4115e-01 +3.7669e-01 +9.2718e-01 +1.1300e-01 +1.5535e+00 -1.6466e-01 +2.8202e+00
27 0 +6.761160305e+07 +6.761165966e+07 +6.761165966e+07 -8.2693e-01 +4.0475e-02 -3.1413e+00 -9.2439e-01 -1.5257e-01 -1.1478e+00 +1.7324e+00 -1.3301e+00 -3.4004e-01 +2.3074e-01
44 0 +5.854768940e+07 +5.854774601e+07 +5.854774601e+07 -1.0833e+00 -1.9392e+00 -1.6941e-01 +8.1754e-01 +1.6024e+00 +1.7409e-01 +1.7286e+00 -1.2801e+00 -1.6034e+00 +4.4452e-02
52 0 +5.662898308e+07 +5.662903969e+07 +5.662903969e+07 -6.3739e-01 +5.8599e-02 -2.9059e+00 +3.4496e+00 +2.0589e-01 -6.2917e-01 -6.7184e-01 -1.2836e+00 -1.5763e+00 +1.4198e+00
65 0 +4.582916285e+07 +4.582921946e+07 +4.582921946e+07 -1.6030e+00 -7.4472e-01 -2.9572e+00 +7.7295e-01 +8.9248e-02 -5.0097e-01 +3.5266e+00 -3.6488e-01 +1.7847e+00 +1.4157e-01
72 0 +2.716181983e+07 +2.716187644e+07 +2.716187644e+07 -1.2322e+00 -2.4740e+00 -4.0001e+00 +5.6455e-01 -6.3407e-01 +1.0893e-01 +3.6641e+00 -2.1305e+00 +6.6369e-01 +7.4013e-01
146 0 +2.580838572e+07 +2.580844233e+07 +2.580844233e+07 -2.9550e+00 -4.0450e+00 -2.6368e+00 +1.0720e+00 -1.3324e+00 -6.4302e-01 +4.3259e+00 -2.0062e+00 +2.3622e-01 -7.2386e-01
164 0 +1.866325948e+07 +1.866331609e+07 +1.866331609e+07 -2.3638e+00 -1.9826e+00 -4.1973e+00 +1.1227e+00 -2.8009e+00 -5.1307e-01 +3.0960e+00 -2.2610e-01 -1.4085e+00 +3.5778e+00
250 0 +1.393841182e+07 +1.393846843e+07 +1.393846843e+07 -3.4061e+00 -2.0746e+00 -4.6508e+00 +7.7396e-01 -1.9577e+00 -2.2931e+00 +3.5400e-01 -1.7147e+00 -4.8750e+00 +1.6929e+00
285 0 +9.510582229e+06 +9.510638839e+06 +9.510638839e+06 -4.9027e+00 -1.6819e+00 -4.7494e+00 +1.3718e+00 -1.5752e+00 -4.6735e+00 +2.1927e+00 -2.4143e+00 -2.0494e+00 +1.9592e+00
434 0 +8.537579750e+06 +8.537636360e+06 +8.537636360e+06 -4.2638e+00 -5.9376e-01 -3.5629e+00 +4.8227e-02 -2.3449e+00 -2.8791e+00 +1.7047e+00 -4.4801e+00 -2.2855e+00 +2.5270e+00
492 0 +4.472605938e+06 +4.472662548e+06 +4.472662548e+06 -3.2508e+00 -2.5368e+00 -3.1010e+00 -4.2814e-01 -2.1845e+00 -1.1520e+00 +2.3722e+00 -3.6133e+00 -6.8298e-01 +2.9355e+00
610 0 +3.988059489e+06 +3.988116099e+06 +3.988116099e+06 -4.0992e+00 -1.5311e+00 -2.8355e+00 +1.5664e-01 -3.0961e+00 -2.0279e+00 +4.2283e+00 -4.3602e+00 -8.2666e-01 +2.3322e+00
625 0 +3.646400876e+06 +3.646457486e+06 +3.646457486e+06 -3.2265e+00 -1.2659e+00 -4.2749e+00 +3.8681e-01 -3.1186e+00 -2.1512e+00 +3.6348e+00 -2.4188e+00 -3.0934e+00 +1.2548e+00
635 0 +1.270539269e+06 +1.270595879e+06 +1.270595879e+06 -3.8515e+00 -2.3335e+00 -3.9014e+00 +1.3134e+00 -2.5635e+00 -2.2041e+00 +2.3170e+00 -3.4421e+00 -1.1575e+00 +1.7281e+00
914 0 +1.184681324e+06 +1.184737934e+06 +1.184737934e+06 -4.0831e+00 -2.3793e+00 -3.3602e+00 +6.9030e-01 -2.8780e+00 -2.3813e+00 +3.3333e+00 -2.5639e+00 -2.7608e+00 +1.7045e+00
933 0 +7.415020056e+05 +7.415586156e+05 +7.415586156e+05 -4.0520e+00 -2.4265e+00 -3.7942e+00 +5.2040e-01 -3.3036e+00 -2.6184e+00 +2.3238e+00 -3.4606e+00 -9.7718e-01 +1.8041e+00
992 0 +6.594069738e+05 +6.594635838e+05 +6.594635838e+05 -3.7171e+00 -2.3495e+00 -3.8607e+00 +6.6441e-01 -2.8360e+00 -3.1073e+00 +3.2784e+00 -2.4059e+00 -2.1653e+00 +1.2370e+00
1035 0 +5.016421739e+05 +5.016987839e+05 +5.016987839e+05 -3.6587e+00 -2.5161e+00 -4.3556e+00 +7.4555e-01 -2.6848e+00 -2.8577e+00 +3.6437e+00 -2.9373e+00 -2.7207e+00 +1.4533e+00
1094 0 +3.550304045e+05 +3.550870145e+05 +3.550870145e+05 -3.9209e+00 -2.4466e+00 -4.1055e+00 +6.6144e-01 -2.6546e+00 -2.7214e+00 +3.1520e+00 -2.8194e+00 -2.8014e+00 +1.6285e+00
1193 0 +3.491841172e+05 +3.492407272e+05 +3.492407272e+05 -4.1233e+00 -2.3805e+00 -4.1225e+00 +9.0440e-01 -2.7777e+00 -2.6667e+00 +3.2067e+00 -2.7091e+00 -1.8110e+00 +1.2167e+00
1207 0 +3.272418885e+05 +3.272984985e+05 +3.272984985e+05 -3.8908e+00 -2.0897e+00 -3.7158e+00 +2.9773e-01 -2.8195e+00 -2.3936e+00 +2.7430e+00 -3.0289e+00 -1.4040e+00 +1.7773e+00
1245 0 +1.477318459e+05 +1.477884559e+05 +1.477884559e+05 -3.8815e+00 -2.4490e+00 -3.8652e+00 +1.0026e+00 -2.9516e+00 -2.7922e+00 +3.1367e+00 -3.0779e+00 -2.2841e+00 +1.3493e+00
1274 0 +1.305813410e+05 +1.306379510e+05 +1.306379510e+05 -3.8648e+00 -2.3996e+00 -3.6676e+00 +3.1286e-01 -3.0164e+00 -2.4217e+00 +3.0803e+00 -3.2254e+00 -1.2288e+00 +1.8616e+00
1306 0 +1.299267125e+05 +1.299833225e+05 +1.299833225e+05 -3.7862e+00 -2.2454e+00 -4.0535e+00 +1.0711e+00 -2.8800e+00 -2.7310e+00 +3.3078e+00 -2.7697e+00 -2.2225e+00 +1.5985e+00
1344 0 +1.185937834e+05 +1.186503934e+05 +1.186503934e+05 -3.9093e+00 -2.1279e+00 -3.7020e+00 +8.7790e-01 -2.8397e+00 -2.5293e+00 +3.1576e+00 -3.1143e+00 -1.3424e+00 +1.8549e+00
1349 0 +5.671367759e+04 +5.677028759e+04 +5.677028759e+04 -3.6992e+00 -2.4674e+00 -3.8696e+00 +9.2155e-01 -2.8256e+00 -2.5769e+00 +3.0541e+00 -2.9219e+00 -1.9315e+00 +1.6566e+00
1419 0 +5.149782618e+04 +5.155443618e+04 +5.155443618e+04 -3.8728e+00 -2.2698e+00 -3.5660e+00 +5.2972e-01 -3.0056e+00 -2.4301e+00 +3.0599e+00 -3.3368e+00 -1.1493e+00 +1.8675e+00
1551 0 +3.624446525e+04 +3.630107525e+04 +3.630107525e+04 -3.9061e+00 -2.4034e+00 -3.8601e+00 +8.7573e-01 -2.8607e+00 -2.5029e+00 +3.1180e+00 -3.2277e+00 -1.8256e+00 +1.6077e+00
1583 0 +3.047895273e+04 +3.053556273e+04 +3.053556273e+04 -3.9087e+00 -2.3934e+00 -3.8306e+00 +6.7490e-01 -3.0559e+00 -2.4687e+00 +3.1238e+00 -3.2076e+00 -1.5575e+00 +1.8829e+00
1617 0 +2.850245247e+04 +2.855906247e+04 +2.855906247e+04 -3.8233e+00 -2.3524e+00 -3.8203e+00 +8.0227e-01 -2.8615e+00 -2.5184e+00 +3.1448e+00 -3.2454e+00 -1.4648e+00 +1.7319e+00
1626 0 +1.605033585e+04 +1.610694585e+04 +1.610694585e+04 -3.8778e+00 -2.3759e+00 -3.8435e+00 +7.9668e-01 -2.9188e+00 -2.5679e+00 +3.1578e+00 -3.1017e+00 -1.7347e+00 +1.6173e+00
1694 0 +7.233609897e+03 +7.290219897e+03 +7.290219897e+03 -3.8243e+00 -2.3436e+00 -3.9364e+00 +7.6964e-01 -2.8607e+00 -2.5613e+00 +3.0856e+00 -3.0600e+00 -1.7795e+00 +1.6558e+00
1851 0 +4.474133487e+03 +4.530743487e+03 +4.530743487e+03 -3.8497e+00 -2.3829e+00 -3.8606e+00 +7.4458e-01 -2.8897e+00 -2.5244e+00 +3.1016e+00 -3.1494e+00 -1.6622e+00 +1.7403e+00
1921 0 +3.196026257e+03 +3.252636257e+03 +3.252636257e+03 -3.8495e+00 -2.2248e+00 -3.7450e+00 +6.2608e-01 -2.9969e+00 -2.4221e+00 +3.0508e+00 -3.3269e+00 -1.3224e+00 +1.9036e+00
2072 0 +2.952906917e+03 +3.009516917e+03 +3.009516917e+03 -3.8623e+00 -2.2623e+00 -3.8063e+00 +6.4136e-01 -2.9755e+00 -2.4157e+00 +3.0423e+00 -3.3009e+00 -1.3630e+00 +1.9110e+00
2114 0 +2.540770251e+03 +2.597380251e+03 +2.597380251e+03 -3.8339e+00 -2.2793e+00 -3.8535e+00 +6.9905e-01 -2.9420e+00 -2.4644e+00 +3.1079e+00 -3.2216e+00 -1.4956e+00 +1.8391e+00
2129 0 +2.014902648e+03 +2.071512648e+03 +2.071512648e+03 -3.8687e+00 -2.2935e+00 -3.8377e+00 +6.7918e-01 -2.9474e+00 -2.4778e+00 +3.0726e+00 -3.2195e+00 -1.4824e+00 +1.8096e+00
2140 0 +1.813278943e+03 +1.869888943e+03 +1.869888943e+03 -3.8469e+00 -2.2495e+00 -3.8715e+00 +6.7794e-01 -2.9336e+00 -2.4574e+00 +3.0707e+00 -3.2148e+00 -1.4697e+00 +1.7780e+00
2156 0 +1.278020108e+03 +1.334630108e+03 +1.334630108e+03 -3.8613e+00 -2.2902e+00 -3.9149e+00 +7.4064e-01 -2.8956e+00 -2.4757e+00 +3.0989e+00 -3.1889e+00 -1.5925e+00 +1.7421e+00
2220 0 +7.450122113e+02 +8.016222113e+02 +8.016222113e+02 -3.8340e+00 -2.2443e+00 -3.8185e+00 +6.5055e-01 -2.9765e+00 -2.4317e+00 +3.0587e+00 -3.2880e+00 -1.3583e+00 +1.8756e+00
2345 0 +5.933658264e+02 +6.499758264e+02 +6.499758264e+02 -3.8503e+00 -2.2394e+00 -3.8303e+00 +6.5373e-01 -2.9687e+00 -2.4348e+00 +3.0644e+00 -3.2912e+00 -1.3850e+00 +1.8704e+00
2353 0 +4.186076118e+02 +4.752176118e+02 +4.752176118e+02 -3.8571e+00 -2.2366e+00 -3.8045e+00 +6.3603e-01 -2.9558e+00 -2.4450e+00 +3.0665e+00 -3.3003e+00 -1.3454e+00 +1.8666e+00
2386 0 +1.260665058e+02 +1.826765058e+02 +1.826765058e+02 -3.8510e+00 -2.2489e+00 -3.8308e+00 +6.4910e-01 -2.9513e+00 -2.4537e+00 +3.0625e+00 -3.2739e+00 -1.3793e+00 +1.8457e+00
% f evaluations | g evaluations | best noise-free fitness - Fopt (-1.810000000000e+01) + sum g_i+ | measured fitness | best measured fitness or single-digit g-values | x1 | x2...
1 0 +4.284287200e+07 +4.284285390e+07 +4.284285390e+07 +5.9671e-01 -3.8264e-02 +7.4769e-01 +1.6230e+00 -1.3415e-01 -1.3414e-01 +1.6792e+00 +8.6743e-01 -3.6947e-01 +6.4256e-01
12 0 +3.137919858e+07 +3.137918048e+07 +3.137918048e+07 -1.8188e+00 +7.3486e-02 +1.6023e-01 +2.5632e+00 -9.2361e-02 +4.0155e-01 +6.5288e-02 -1.0687e+00 +1.2428e+00 +8.5193e-01
55 0 +2.419903388e+07 +2.419901578e+07 +2.419901578e+07 -9.6879e-01 +1.8483e+00 +7.9420e-01 +1.2481e+00 +2.8241e+00 +7.7953e-01 +7.8991e-01 +3.6611e-01 +1.8217e+00 +1.3622e+00
56 0 +8.619248528e+06 +8.619230428e+06 +8.619230428e+06 +7.1339e-01 +8.6034e-01 +1.3640e+00 +2.8997e+00 +2.9100e+00 +4.1366e-01 +1.6619e+00 -1.3855e+00 +6.4980e-01 +1.4460e+00
406 0 +8.617954419e+06 +8.617936319e+06 +8.617936319e+06 -1.4474e+00 +5.4630e-01 +2.4404e+00 +1.8822e+00 +3.3355e+00 +3.7277e-01 +2.6293e+00 -1.6526e+00 +2.4434e+00 +1.7765e+00
423 0 +8.148796827e+06 +8.148778727e+06 +8.148778727e+06 -1.0668e+00 +8.2428e-01 +3.4851e+00 +4.1800e+00 +2.5170e+00 -2.9494e-01 +7.2710e-01 -3.5133e+00 +9.5312e-02 +4.2013e+00
453 0 +7.249355626e+06 +7.249337526e+06 +7.249337526e+06 -1.8764e+00 +7.0153e-01 +2.6758e+00 +3.3397e+00 +1.1544e+00 -5.8431e-01 +2.2469e+00 -2.5131e+00 +6.7867e-01 +1.3915e+00
495 0 +6.548531309e+06 +6.548513209e+06 +6.548513209e+06 +5.5275e-01 +9.1416e-01 +2.6063e+00 +3.7375e+00 +3.1148e+00 +1.1590e-01 +1.7351e+00 -4.0555e+00 +1.0486e+00 +5.9143e-01
521 0 +5.776172447e+06 +5.776154347e+06 +5.776154347e+06 -2.1952e+00 +4.2466e-01 +2.2559e+00 +3.7771e+00 +2.6633e+00 +7.1054e-01 +3.4744e+00 -3.6523e+00 +1.2491e+00 +2.8793e+00
560 0 +4.816883729e+06 +4.816865629e+06 +4.816865629e+06 +9.4856e-02 +1.0535e+00 +1.9832e+00 +3.2461e+00 +2.6142e+00 +1.4682e-01 +8.4925e-01 -1.9736e+00 +1.5064e+00 +1.4782e+00
573 0 +2.110832356e+06 +2.110814256e+06 +2.110814256e+06 -4.8484e-01 +9.6967e-01 +2.3489e+00 +3.8379e+00 +2.6141e+00 +3.9295e-01 +2.5076e+00 -3.3757e+00 +1.3669e+00 +2.1400e+00
678 0 +2.068142780e+06 +2.068124680e+06 +2.068124680e+06 -2.9853e-01 +6.2217e-02 +3.1359e+00 +3.8853e+00 +2.9575e+00 -3.8981e-01 +1.5956e+00 -1.7536e+00 +3.3572e-01 +2.0020e+00
740 0 +1.751595474e+06 +1.751577374e+06 +1.751577374e+06 -6.6134e-01 +3.3303e-01 +2.6056e+00 +3.9125e+00 +3.4935e+00 +2.4597e-01 +1.9639e+00 -2.2606e+00 +1.3494e+00 +2.9209e+00
749 0 +1.586956973e+06 +1.586938873e+06 +1.586938873e+06 -1.0116e+00 +2.8779e-01 +1.9321e+00 +3.9965e+00 +2.0741e+00 +1.2004e+00 +2.3347e+00 -2.0542e+00 +1.2443e+00 +3.4234e+00
767 0 +1.259233498e+06 +1.259215398e+06 +1.259215398e+06 -4.4698e-01 +3.6236e-01 +2.9715e+00 +3.8127e+00 +2.2691e+00 +4.1116e-01 +1.3094e+00 -2.1128e+00 +1.2344e+00 +2.0729e+00
769 0 +1.214518674e+06 +1.214500574e+06 +1.214500574e+06 -4.0297e-01 +4.0374e-01 +3.3429e+00 +3.2757e+00 +2.8952e+00 +1.4016e-01 +1.8545e+00 -1.9950e+00 +1.4930e+00 +3.4438e+00
774 0 +1.214373560e+06 +1.214355460e+06 +1.214355460e+06 -2.5048e-01 +3.6366e-01 +3.2724e+00 +4.3746e+00 +2.9270e+00 -4.1729e-02 +2.2254e+00 -2.4060e+00 +1.0944e+00 +1.8397e+00
781 0 +1.015809944e+06 +1.015791844e+06 +1.015791844e+06 -7.2614e-01 +7.8800e-01 +3.0135e+00 +3.6267e+00 +1.5410e+00 +7.3871e-01 +1.7489e+00 -3.2247e+00 +1.6150e+00 +2.8006e+00
798 0 +7.209026436e+05 +7.208845436e+05 +7.208845436e+05 -6.2362e-01 +4.2651e-01 +2.8913e+00 +3.8623e+00 +1.8081e+00 +2.9750e-01 +2.2541e+00 -2.7409e+00 +1.8323e+00 +3.4861e+00
896 0 +7.063077711e+05 +7.062896711e+05 +7.062896711e+05 -7.1614e-01 +6.5951e-01 +2.8128e+00 +3.6983e+00 +1.3890e+00 -8.0610e-03 +1.9708e+00 -2.5823e+00 +1.3314e+00 +3.4294e+00
901 0 +6.655643352e+05 +6.655462352e+05 +6.655462352e+05 -3.2747e-01 +8.7029e-01 +3.1528e+00 +3.9891e+00 +2.4062e+00 +5.1645e-01 +2.0406e+00 -1.9355e+00 +1.0448e+00 +2.6712e+00
909 0 +4.564659026e+05 +4.564478026e+05 +4.564478026e+05 -4.1562e-01 +5.1859e-01 +3.2573e+00 +3.4274e+00 +2.9091e+00 -2.3179e-01 +1.7954e+00 -2.8428e+00 +6.9669e-01 +2.3167e+00
972 0 +4.165013905e+05 +4.164832905e+05 +4.164832905e+05 -3.3444e-01 +5.6013e-01 +3.3034e+00 +3.9916e+00 +3.1546e+00 -4.4915e-01 +1.8920e+00 -2.4378e+00 +1.1164e+00 +2.4926e+00
976 0 +2.550901374e+05 +2.550720374e+05 +2.550720374e+05 -9.3352e-01 +6.6122e-01 +3.1046e+00 +3.4757e+00 +2.1215e+00 +5.6622e-01 +2.2709e+00 -2.6450e+00 +9.7681e-01 +3.0325e+00
978 0 +2.478260326e+05 +2.478079326e+05 +2.478079326e+05 -5.2656e-01 +8.0100e-01 +2.8677e+00 +3.4269e+00 +2.4747e+00 +1.6842e-01 +1.8539e+00 -2.8892e+00 +1.1074e+00 +2.6640e+00
1036 0 +2.350301677e+05 +2.350120677e+05 +2.350120677e+05 -3.6282e-01 +6.6844e-01 +3.3112e+00 +3.9297e+00 +2.9951e+00 -2.1215e-01 +1.4585e+00 -2.7467e+00 +9.1160e-01 +2.5131e+00
1047 0 +2.130981153e+05 +2.130800153e+05 +2.130800153e+05 -2.2783e-01 +6.5042e-01 +3.1023e+00 +3.7614e+00 +2.5774e+00 +3.7469e-01 +2.2506e+00 -2.5762e+00 +1.0211e+00 +2.9126e+00
1093 0 +1.528590153e+05 +1.528409153e+05 +1.528409153e+05 -5.3965e-01 +7.1872e-01 +3.2085e+00 +3.7539e+00 +2.5025e+00 +2.8577e-01 +1.9303e+00 -2.8668e+00 +1.2159e+00 +2.9143e+00
1112 0 +1.209953642e+05 +1.209772642e+05 +1.209772642e+05 -4.7362e-01 +5.7552e-01 +2.7725e+00 +3.6894e+00 +2.0374e+00 +3.2111e-01 +2.2842e+00 -2.4882e+00 +1.3442e+00 +3.1141e+00
1117 0 +8.156006259e+04 +8.154196259e+04 +8.154196259e+04 -2.2782e-01 +4.6285e-01 +3.2935e+00 +3.6777e+00 +2.6206e+00 +1.7286e-01 +1.9259e+00 -2.7445e+00 +1.2635e+00 +2.6922e+00
1279 0 +6.275931935e+04 +6.274121935e+04 +6.274121935e+04 +5.6647e-02 +5.4036e-01 +3.6539e+00 +3.8018e+00 +3.0496e+00 -3.5006e-01 +1.5260e+00 -2.7097e+00 +1.1431e+00 +2.4282e+00
1482 0 +4.987923712e+04 +4.986113712e+04 +4.986113712e+04 -8.9422e-02 +7.8399e-01 +3.6874e+00 +3.7964e+00 +3.0366e+00 -1.2535e-01 +1.6120e+00 -2.5295e+00 +1.0597e+00 +2.4971e+00
1514 0 +2.526920284e+04 +2.525110284e+04 +2.525110284e+04 -1.3927e-01 +5.8782e-01 +3.3064e+00 +3.6488e+00 +2.7639e+00 +4.1518e-02 +1.8209e+00 -2.6371e+00 +1.1200e+00 +2.5773e+00
1724 0 +1.954517385e+04 +1.952707385e+04 +1.952707385e+04 -7.8390e-02 +7.7974e-01 +3.5572e+00 +3.7452e+00 +2.8897e+00 -5.4747e-02 +1.6038e+00 -2.6400e+00 +1.1050e+00 +2.4012e+00
1829 0 +1.262174275e+04 +1.260364275e+04 +1.260364275e+04 -4.1773e-01 +7.9199e-01 +3.0952e+00 +3.5514e+00 +2.3709e+00 +2.5071e-01 +2.0034e+00 -2.5350e+00 +1.2009e+00 +2.8348e+00
1876 0 +1.126325271e+04 +1.124515271e+04 +1.124515271e+04 -5.5548e-01 +6.6471e-01 +3.0281e+00 +3.5276e+00 +2.2352e+00 +4.1371e-01 +2.1188e+00 -2.4948e+00 +1.2243e+00 +2.8363e+00
2028 0 +1.113078152e+04 +1.111268152e+04 +1.111268152e+04 -3.1698e-01 +7.1779e-01 +3.3198e+00 +3.7093e+00 +2.5935e+00 +1.3685e-01 +1.7789e+00 -2.5469e+00 +1.2421e+00 +2.6793e+00
2032 0 +8.581100348e+03 +8.563000348e+03 +8.563000348e+03 -4.0283e-01 +7.1711e-01 +3.1289e+00 +3.5914e+00 +2.4812e+00 +2.7883e-01 +1.9860e+00 -2.5507e+00 +1.1867e+00 +2.7719e+00
2101 0 +6.867073897e+03 +6.848973897e+03 +6.848973897e+03 -4.7227e-01 +6.2017e-01 +3.0825e+00 +3.5477e+00 +2.3360e+00 +2.6132e-01 +2.0015e+00 -2.5512e+00 +1.2164e+00 +2.8474e+00
2112 0 +6.406636057e+03 +6.388536057e+03 +6.388536057e+03 -2.4638e-01 +6.1987e-01 +3.3561e+00 +3.7054e+00 +2.6055e+00 +7.1725e-02 +1.7493e+00 -2.6064e+00 +1.1586e+00 +2.6158e+00
2147 0 +4.364860555e+03 +4.346760555e+03 +4.346760555e+03 -4.1787e-01 +6.8875e-01 +3.1136e+00 +3.5930e+00 +2.3385e+00 +2.6869e-01 +2.0237e+00 -2.5592e+00 +1.2098e+00 +2.8654e+00
2291 0 +2.868004806e+03 +2.849904806e+03 +2.849904806e+03 -2.7628e-01 +6.8009e-01 +3.2733e+00 +3.6543e+00 +2.5556e+00 +1.6460e-01 +1.8486e+00 -2.5566e+00 +1.1879e+00 +2.7115e+00
2354 0 +2.580103579e+03 +2.562003579e+03 +2.562003579e+03 -5.2623e-01 +7.3628e-01 +3.0152e+00 +3.5083e+00 +2.2168e+00 +3.5137e-01 +2.0602e+00 -2.5190e+00 +1.2794e+00 +2.9416e+00
2410 0 +1.590620662e+03 +1.572520662e+03 +1.572520662e+03 -4.4028e-01 +6.5557e-01 +3.1440e+00 +3.5844e+00 +2.4105e+00 +2.7115e-01 +1.9728e+00 -2.5562e+00 +1.2353e+00 +2.7880e+00
% f evaluations | g evaluations | best noise-free fitness - Fopt (3.777000000000e+01) + sum g_i+ | measured fitness | best measured fitness or single-digit g-values | x1 | x2...
1 0 +1.253869672e+08 +1.253870049e+08 +1.253870049e+08 +5.9671e-01 -3.8264e-02 +7.4769e-01 +1.6230e+00 -1.3415e-01 -1.3414e-01 +1.6792e+00 +8.6743e-01 -3.6947e-01 +6.4256e-01
2 0 +5.715896188e+07 +5.715899965e+07 +5.715899965e+07 -3.6342e-01 -3.6573e-01 +3.4196e-01 -1.8133e+00 -1.6249e+00 -4.6229e-01 -9.1283e-01 +4.1425e-01 -8.0802e-01 -1.3123e+00
4 0 +5.272125814e+07 +5.272129591e+07 +5.272129591e+07 -5.0171e-01 +1.9523e+00 +8.6503e-02 -9.5771e-01 +9.2254e-01 -1.1208e+00 +3.0886e-01 -1.8597e+00 -1.2282e+00 +2.9686e-01
10 0 +4.739683687e+07 +4.739687464e+07 +4.739687464e+07 +1.9708e-01 +1.0686e+00 -6.0205e-01 -2.2766e-01 -2.9211e-01 -1.3635e+00 +3.9612e-01 +3.6106e-01 +1.0511e-01 -1.3459e-01
17 0 +4.532272315e+07 +4.532276092e+07 +4.532276092e+07 -8.7468e-01 +8.8708e-01 +1.2586e+00 -7.2068e-01 +1.0634e+00 +5.1278e-01 +9.2206e-01 +1.9968e+00 -1.4539e-01 -6.5374e-01
20 0 +4.165397028e+07 +4.165400805e+07 +4.165400805e+07 -3.4651e-01 +9.5640e-01 +3.1409e-01 -1.1457e+00 +2.7318e-01 +4.8532e-01 -7.8386e-01 +2.5373e-01 +1.5821e-01 -1.0430e+00
29 0 +3.037172894e+07 +3.037176671e+07 +3.037176671e+07 +2.1352e-01 +7.6213e-01 +1.6860e+00 -1.1378e+00 +2.2330e+00 -1.8521e+00 -5.1785e-02 +6.8832e-01 +3.8099e-01 -5.2270e-01
72 0 +2.427811402e+07 +2.427815179e+07 +2.427815179e+07 -1.0039e+00 +2.3183e+00 -1.6391e-01 -8.1093e-01 +2.4825e+00 -1.3542e+00 -5.7548e-01 -3.5648e-01 -2.4792e-01 -1.1640e+00
136 0 +2.076175803e+07 +2.076179580e+07 +2.076179580e+07 +5.4417e-01 +7.1352e-01 +1.2254e+00 -1.0827e+00 +2.7414e+00 -4.0991e-01 -2.5502e+00 +2.1306e+00 -4.3948e-01 -1.1125e+00
158 0 +1.578660320e+07 +1.578664097e+07 +1.578664097e+07 -1.9947e+00 +1.3490e+00 -6.2724e-02 -2.9314e-01 +2.3631e+00 -3.4877e+00 -3.6216e+00 +4.7401e-01 +1.4484e+00 -8.7718e-01
167 0 +1.100279486e+07 +1.100283263e+07 +1.100283263e+07 -1.6873e+00 +3.1764e+00 -1.4519e+00 -1.1211e+00 +1.5557e+00 -2.8603e+00 -1.4868e+00 +1.1462e+00 -8.5634e-01 -2.1877e+00
257 0 +6.997315912e+06 +6.997353682e+06 +6.997353682e+06 -6.0626e-01 +2.6819e+00 +1.5139e+00 -5.6225e-01 +3.1706e+00 -3.6716e+00 -2.8990e+00 +3.3784e+00 +3.4371e-01 -1.6270e+00
507 0 +6.433158652e+06 +6.433196422e+06 +6.433196422e+06 -2.7352e+00 +1.8730e+00 +2.6454e-01 -6.1010e-01 +1.7822e-01 -3.4747e+00 -2.6581e+00 +2.7904e+00 -2.2710e+00 -3.1271e+00
508 0 +5.554348809e+06 +5.554386579e+06 +5.554386579e+06 -2.5652e+00 +2.5519e+00 -5.6025e-01 -3.3304e-01 +4.2374e-01 -3.0487e+00 -2.5494e+00 +2.2449e+00 +4.8940e-03 -2.9310e+00
556 0 +4.517057612e+06 +4.517095382e+06 +4.517095382e+06 -1.8206e+00 +2.0318e+00 +1.6676e-01 +4.9497e-01 +1.5322e+00 -3.0695e+00 -3.0514e+00 +3.3634e+00 -2.6329e+00 -2.1122e+00
579 0 +2.908649737e+06 +2.908687507e+06 +2.908687507e+06 -1.2639e+00 +3.1706e+00 +2.1269e-01 -1.1798e+00 +2.3190e+00 -2.6631e+00 -3.8646e+00 +1.9554e+00 -2.3958e+00 -4.1609e+00
610 0 +2.280468335e+06 +2.280506105e+06 +2.280506105e+06 -1.2016e+00 +2.3341e+00 +8.9293e-01 -4.0069e-02 +1.4816e+00 -3.4154e+00 -3.0846e+00 +2.4391e+00 -2.3412e+00 -3.0504e+00
671 0 +1.164463039e+06 +1.164500809e+06 +1.164500809e+06 -1.7693e+00 +1.9684e+00 -3.0777e-01 +1.8357e-01 +1.9347e+00 -3.0130e+00 -2.9045e+00 +2.0084e+00 -8.8282e-01 -3.8229e+00
836 0 +1.027073292e+06 +1.027111062e+06 +1.027111062e+06 -1.5101e+00 +2.3827e+00 +4.1448e-01 +7.2037e-02 +2.2126e+00 -2.8492e+00 -2.6545e+00 +2.6436e+00 -1.8417e+00 -3.6507e+00
858 0 +9.718814507e+05 +9.719192207e+05 +9.719192207e+05 -2.1682e+00 +2.1691e+00 +1.7872e-01 -4.9839e-01 +1.8948e+00 -3.6046e+00 -3.0962e+00 +2.6928e+00 -1.0541e+00 -2.7724e+00
875 0 +6.208977845e+05 +6.209355545e+05 +6.209355545e+05 -1.6567e+00 +1.9160e+00 +2.7902e-01 -1.7346e-01 +1.9047e+00 -2.8094e+00 -3.5006e+00 +2.7110e+00 -1.2125e+00 -3.5426e+00
902 0 +5.808450438e+05 +5.808828138e+05 +5.808828138e+05 -1.7230e+00 +2.5345e+00 +1.3982e-01 -4.5066e-01 +1.6060e+00 -2.6935e+00 -2.9069e+00 +2.1781e+00 -1.0559e+00 -3.2465e+00
982 0 +5.603041232e+05 +5.603418932e+05 +5.603418932e+05 -1.6579e+00 +2.1021e+00 +5.1274e-01 -3.8859e-01 +1.5106e+00 -3.0927e+00 -3.4337e+00 +2.0794e+00 -1.0769e+00 -3.3185e+00
1003 0 +4.386100784e+05 +4.386478484e+05 +4.386478484e+05 -1.8176e+00 +2.1216e+00 -1.4395e-01 -3.2902e-01 +2.2323e+00 -3.2086e+00 -3.1369e+00 +2.5308e+00 -1.3230e+00 -3.6398e+00
1005 0 +2.824214304e+05 +2.824592004e+05 +2.824592004e+05 -1.6836e+00 +2.0274e+00 +5.5618e-01 -1.9391e-01 +1.7938e+00 -3.1236e+00 -2.9407e+00 +2.6509e+00 -1.0963e+00 -2.7052e+00
1087 0 +1.793704142e+05 +1.794081842e+05 +1.794081842e+05 -1.7350e+00 +2.3133e+00 +2.6025e-01 -6.4628e-01 +2.0899e+00 -3.1419e+00 -3.0930e+00 +2.0403e+00 -9.2650e-01 -3.8138e+00
1287 0 +1.519019264e+05 +1.519396964e+05 +1.519396964e+05 -1.3626e+00 +2.3850e+00 +2.1084e-01 +1.0602e-01 +1.5215e+00 -3.4375e+00 -2.8793e+00 +2.7985e+00 -8.9376e-01 -2.6112e+00
1296 0 +9.468544115e+04 +9.472321115e+04 +9.472321115e+04 -1.4437e+00 +2.3761e+00 +3.6907e-01 -1.5386e-01 +1.7600e+00 -3.4451e+00 -2.8386e+00 +2.7016e+00 -1.0589e+00 -2.8950e+00
1449 0 +7.697068960e+04 +7.700845960e+04 +7.700845960e+04 -1.6253e+00 +2.2252e+00 +2.3984e-01 -5.0819e-01 +2.0797e+00 -2.9348e+00 -3.1694e+00 +2.3566e+00 -1.3040e+00 -3.5730e+00
1526 0 +5.445224069e+04 +5.449001069e+04 +5.449001069e+04 -1.7519e+00 +2.3364e+00 +2.8018e-01 -3.8234e-01 +2.1747e+00 -3.0049e+00 -2.9790e+00 +2.1840e+00 -1.3711e+00 -3.6974e+00
1638 0 +2.732027865e+04 +2.735804865e+04 +2.735804865e+04 -1.8688e+00 +2.2203e+00 +3.5348e-01 -6.7033e-01 +2.3045e+00 -2.8581e+00 -3.0122e+00 +2.0629e+00 -1.2207e+00 -4.0188e+00
1809 0 +1.050979011e+04 +1.054756011e+04 +1.054756011e+04 -1.6571e+00 +2.2970e+00 +3.6441e-01 -4.4425e-01 +2.1200e+00 -3.0667e+00 -2.9762e+00 +2.3668e+00 -1.2029e+00 -3.6088e+00
2004 0 +9.364380951e+03 +9.402150951e+03 +9.402150951e+03 -1.4558e+00 +2.2347e+00 +3.7990e-01 -2.4498e-01 +1.8367e+00 -3.1841e+00 -2.9381e+00 +2.5034e+00 -9.6502e-01 -3.1465e+00
2066 0 +8.520480895e+03 +8.558250895e+03 +8.558250895e+03 -1.6859e+00 +2.2954e+00 +3.9604e-01 -5.2623e-01 +2.1011e+00 -3.0120e+00 -3.0690e+00 +2.1926e+00 -1.2166e+00 -3.6598e+00
2191 0 +7.580770045e+03 +7.618540045e+03 +7.618540045e+03 -1.8478e+00 +2.3594e+00 +3.6687e-01 -6.4268e-01 +2.2689e+00 -2.8635e+00 -3.1348e+00 +2.0934e+00 -1.3446e+00 -4.0132e+00
2280 0 +7.237278587e+03 +7.275048587e+03 +7.275048587e+03 -1.4475e+00 +2.1935e+00 +4.0868e-01 -2.4828e-01 +1.8945e+00 -3.2728e+00 -2.9453e+00 +2.4319e+00 -9.7730e-01 -3.1865e+00
2309 0 +2.333480064e+03 +2.371250064e+03 +2.371250064e+03 -1.6298e+00 +2.2818e+00 +3.5121e-01 -4.3970e-01 +2.0668e+00 -3.0627e+00 -3.0307e+00 +2.2701e+00 -1.1683e+00 -3.6323e+00
% f evaluations | g evaluations | best noise-free fitness - Fopt (-6.325500000000e+02) + sum g_i+ | measured fitness | best measured fitness or single-digit g-values | x1 | x2...
1 0 +4.896107132e+07 +4.896043877e+07 +4.896043877e+07 +5.9671e-01 -3.8264e-02 +7.4769e-01 +1.6230e+00 -1.3415e-01 -1.3414e-01 +1.6792e+00 +8.6743e-01 -3.6947e-01 +6.4256e-01
2 0 +4.625966434e+07 +4.625903179e+07 +4.625903179e+07 -3.6342e-01 -3.6573e-01 +3.4196e-01 -1.8133e+00 -1.6249e+00 -4.6229e-01 -9.1283e-01 +4.1425e-01 -8.0802e-01 -1.3123e+00
3 0 +2.790854354e+07 +2.790791099e+07 +2.790791099e+07 +1.5656e+00 -1.2578e-01 +1.6753e-01 -1.3247e+00 -4.4438e-01 +2.1092e-01 -1.0510e+00 +4.7570e-01 -5.0064e-01 -1.9169e-01
22 0 +1.797590115e+07 +1.797526860e+07 +1.797526860e+07 +6.7089e-01 +1.2356e+00 +1.0540e+00 +7.5139e-01 -2.1527e-01 +8.5897e-01 -6.7283e-01 -1.3682e-01 -3.8536e-01 +1.8187e-01
83 0 +1.406506348e+07 +1.406443093e+07 +1.406443093e+07 -5.4553e-01 +7.0854e-01 +1.6752e+00 +1.3693e+00 -1.4229e-01 +1.4412e+00 -4.1533e-02 +9.0873e-01 +1.4364e+00 +5.0004e-01
115 0 +1.387044564e+07 +1.386981309e+07 +1.386981309e+07 +1.2395e+00 +2.1825e-01 -3.7698e-01 +4.3426e-01 +7.5113e-01 +3.0997e+00 -1.9760e+00 +1.2615e+00 +9.6928e-01 +2.7771e-01
117 0 +1.214840138e+07 +1.214776883e+07 +1.214776883e+07 +1.8703e+00 +3.8937e-01 +1.6072e-01 -3.6298e-01 +6.7645e-01 +2.9860e+00 -1.0880e+00 +1.5288e+00 +4.6160e-01 -6.8247e-01
152 0 +1.003280680e+07 +1.003217425e+07 +1.003217425e+07 +1.0400e+00 +8.1358e-01 +2.1155e+00 +3.4968e-01 -2.7781e+00 +3.2257e+00 +1.9797e-01 +1.3060e+00 -3.4155e-01 +7.7847e-01
170 0 +4.742597490e+06 +4.741964940e+06 +4.741964940e+06 +1.9478e+00 +1.3473e+00 +1.1223e+00 -4.3695e-01 -6.9167e-01 +2.1139e+00 -2.2269e+00 +2.7226e+00 +4.3078e-01 -1.1224e+00
415 0 +3.796827856e+06 +3.796195306e+06 +3.796195306e+06 +3.5232e-01 -1.9263e-01 +1.7252e+00 +1.9301e+00 -9.3685e-01 +2.3276e+00 -1.3844e+00 +1.6800e+00 -5.8183e-01 +7.6067e-01
500 0 +2.945913486e+06 +2.945280936e+06 +2.945280936e+06 +1.0753e+00 -3.9428e-01 +2.2871e+00 +1.2278e+00 -2.0020e+00 +2.9888e+00 -1.7196e+00 +1.5927e+00 -5.5244e-01 +1.4618e-01
655 0 +2.290068949e+06 +2.289436399e+06 +2.289436399e+06 +5.3566e-01 -2.5563e-01 +1.9803e+00 +2.3309e+00 -2.3598e+00 +3.9851e+00 -5.6832e-01 +2.9800e+00 -3.6464e-01 -1.8831e-02
733 0 +1.548375246e+06 +1.547742696e+06 +1.547742696e+06 -3.1441e-02 +3.3567e-01 +2.7897e+00 +1.7232e+00 -1.4134e+00 +4.6586e+00 -2.0885e+00 +1.6555e+00 -7.2912e-02 -1.5333e-01
738 0 +1.398991225e+06 +1.398358675e+06 +1.398358675e+06 -1.8288e-01 -2.8690e-01 +2.8348e+00 +2.0899e+00 -1.5335e+00 +3.2974e+00 -1.7933e+00 +2.2062e+00 -3.2998e-02 +6.8390e-01
760 0 +1.174790733e+06 +1.174158183e+06 +1.174158183e+06 +3.0255e-01 -1.7395e-01 +2.7209e+00 +2.3074e+00 -1.3006e+00 +3.6102e+00 -2.2596e+00 +1.7095e+00 +3.1316e-01 -5.3304e-02
764 0 +9.885021860e+05 +9.878696360e+05 +9.878696360e+05 +1.0126e+00 +7.1479e-01 +1.7255e+00 +1.8010e+00 -9.3532e-01 +2.2721e+00 -2.5379e+00 +2.1690e+00 +5.5057e-01 -1.0810e+00
830 0 +6.781797933e+05 +6.775472433e+05 +6.775472433e+05 +4.9502e-01 +6.2425e-01 +2.3093e+00 +2.0795e+00 -1.9375e+00 +3.3888e+00 -1.7576e+00 +1.6722e+00 -6.4420e-02 -1.3191e-01
898 0 +4.840820388e+05 +4.834494888e+05 +4.834494888e+05 +1.0602e+00 +8.3226e-01 +2.0771e+00 +9.2434e-01 -1.0049e+00 +2.3500e+00 -3.1083e+00 +2.2948e+00 +5.2200e-01 -3.4879e-01
905 0 +4.316021121e+05 +4.309695621e+05 +4.309695621e+05 +9.1401e-01 +5.7840e-01 +2.1677e+00 +1.5806e+00 -1.6129e+00 +3.2364e+00 -1.8178e+00 +1.9483e+00 +2.0287e-02 -2.8133e-01
1017 0 +3.541607330e+05 +3.535281830e+05 +3.535281830e+05 +2.9208e-01 +3.5254e-01 +2.2890e+00 +1.9716e+00 -1.5574e+00 +3.7411e+00 -1.7158e+00 +2.3817e+00 -4.7817e-01 -3.6980e-01
1051 0 +1.521614025e+05 +1.515288525e+05 +1.515288525e+05 +6.3182e-01 +8.5922e-01 +2.5057e+00 +1.5194e+00 -7.9422e-01 +3.1648e+00 -2.3126e+00 +2.1437e+00 +2.1228e-01 -3.0056e-01
1191 0 +1.014668648e+05 +1.008343148e+05 +1.008343148e+05 +3.3801e-01 +4.8422e-01 +2.3610e+00 +1.9805e+00 -1.4903e+00 +3.5066e+00 -1.6438e+00 +2.0154e+00 +1.2541e-01 -7.4035e-02
1309 0 +8.159361927e+04 +8.096106927e+04 +8.096106927e+04 -3.2965e-02 +3.9252e-01 +2.3265e+00 +2.0563e+00 -1.7103e+00 +4.0979e+00 -1.5625e+00 +2.2249e+00 +2.2922e-02 +3.3155e-02
1334 0 +5.222292015e+04 +5.159037015e+04 +5.159037015e+04 +3.2402e-01 +4.2814e-01 +2.2828e+00 +1.8138e+00 -1.2117e+00 +3.6167e+00 -1.8562e+00 +2.2038e+00 -9.1088e-02 -1.4139e-01
1527 0 +2.643905727e+04 +2.580650727e+04 +2.580650727e+04 +5.1050e-01 +5.9746e-01 +2.2723e+00 +1.6722e+00 -1.2046e+00 +3.3599e+00 -1.8920e+00 +2.1665e+00 +7.6366e-02 -1.1160e-01
1564 0 +2.617987108e+04 +2.554732108e+04 +2.554732108e+04 +4.7415e-01 +4.2782e-01 +2.3676e+00 +1.7884e+00 -1.4220e+00 +3.5269e+00 -1.8686e+00 +2.2139e+00 +7.1891e-02 -1.5906e-01
1624 0 +2.533464200e+04 +2.470209200e+04 +2.470209200e+04 +1.1870e-01 +4.1960e-01 +2.4379e+00 +2.0055e+00 -1.5738e+00 +3.8975e+00 -1.6117e+00 +2.1058e+00 -1.4341e-01 +8.0142e-02
1640 0 +2.440438354e+04 +2.377183354e+04 +2.377183354e+04 +6.1671e-01 +6.1751e-01 +2.1824e+00 +1.4805e+00 -1.0504e+00 +3.0597e+00 -2.1249e+00 +2.2640e+00 +1.9227e-01 -3.8212e-01
1671 0 +1.809485191e+04 +1.746230191e+04 +1.746230191e+04 +1.2458e-01 +3.8315e-01 +2.3903e+00 +2.1039e+00 -1.5690e+00 +3.8823e+00 -1.6568e+00 +2.2344e+00 -7.5974e-02 +9.1768e-02
1712 0 +1.745472376e+04 +1.682217376e+04 +1.682217376e+04 +1.8755e-01 +3.9539e-01 +2.3727e+00 +1.9825e+00 -1.5687e+00 +3.7580e+00 -1.7558e+00 +2.1886e+00 -9.3348e-02 +7.5972e-02
1731 0 +1.366772788e+04 +1.303517788e+04 +1.303517788e+04 +5.3473e-01 +5.2616e-01 +2.2912e+00 +1.5261e+00 -1.2261e+00 +3.2131e+00 -2.0768e+00 +2.1425e+00 +8.1501e-02 -2.5937e-01
1751 0 +8.510354710e+03 +7.877804710e+03 +7.877804710e+03 +2.1203e-01 +3.5674e-01 +2.4067e+00 +1.9473e+00 -1.5311e+00 +3.8165e+00 -1.6796e+00 +2.2294e+00 -9.5208e-02 +6.2488e-02
1804 0 +6.902025736e+03 +6.269475736e+03 +6.269475736e+03 +2.9401e-01 +3.9034e-01 +2.3823e+00 +1.8956e+00 -1.4375e+00 +3.6899e+00 -1.7594e+00 +2.1836e+00 -6.7790e-02 -4.9779e-02
1857 0 +4.549764201e+03 +3.917214201e+03 +3.917214201e+03 +1.6561e-01 +3.6195e-01 +2.3338e+00 +2.0281e+00 -1.5840e+00 +3.8394e+00 -1.6026e+00 +2.2171e+00 -6.6703e-02 +2.1372e-02
1887 0 +3.198526087e+03 +2.565976087e+03 +2.565976087e+03 +1.3680e-01 +3.3360e-01 +2.3885e+00 +2.0380e+00 -1.6301e+00 +3.8510e+00 -1.5717e+00 +2.2518e+00 -1.0515e-01 +6.2786e-02
2009 0 +2.468588685e+03 +1.836038685e+03 +1.836038685e+03 +3.5243e-01 +4.8780e-01 +2.3091e+00 +1.7771e+00 -1.3936e+00 +3.5389e+00 -1.8598e+00 +2.1697e+00 +7.8204e-04 -1.5524e-01
2033 0 +2.008972243e+03 +1.376422243e+03 +1.376422243e+03 +3.8956e-01 +5.0334e-01 +2.3136e+00 +1.7614e+00 -1.3493e+00 +3.5048e+00 -1.9008e+00 +2.1523e+00 +3.2383e-02 -1.6337e-01
2100 0 +1.799851868e+03 +1.167301868e+03 +1.167301868e+03 +4.1954e-01 +5.6085e-01 +2.3081e+00 +1.6824e+00 -1.3007e+00 +3.4101e+00 -1.9689e+00 +2.1767e+00 +5.8303e-02 -1.7281e-01
2202 0 +5.653332030e+02 -6.721679698e+01 -6.721679698e+01 +3.9935e-01 +5.2784e-01 +2.3095e+00 +1.7070e+00 -1.3000e+00 +3.4348e+00 -1.9435e+00 +2.1859e+00 +4.6307e-02 -1.8389e-01
2368 0 +5.526986008e+02 -7.985139915e+01 -7.985139915e+01 +4.4428e-01 +5.5084e-01 +2.2951e+00 +1.6749e+00 -1.2642e+00 +3.3865e+00 -1.9736e+00 +2.1670e+00 +4.7497e-02 -2.0443e-01
2424 0 +4.801286657e+02 -1.524213343e+02 -1.524213343e+02 +5.1187e-01 +6.0381e-01 +2.2553e+00 +1.5703e+00 -1.1613e+00 +3.2419e+00 -2.0797e+00 +2.1659e+00 +1.1091e-01 -2.5714e-01
2427 0 +3.208543986e+02 -3.116956014e+02 -3.116956014e+02 +4.3029e-01 +5.4527e-01 +2.2882e+00 +1.6713e+00 -1.2833e+00 +3.3932e+00 -1.9621e+00 +2.1689e+00 +6.5762e-02 -2.0046e-01
% f evaluations | g evaluations | best noise-free fitness - Fopt (-8.530000000000e+01) + sum g_i+ | measured fitness | best measured fitness or single-digit g-values | x1 | x2...
1 0 +5.553662950e+07 +5.553654420e+07 +5.553654420e+07 +5.9671e-01 -3.8264e-02 +7.4769e-01 +1.6230e+00 -1.3415e-01 -1.3414e-01 +1.6792e+00 +8.6743e-01 -3.6947e-01 +6.4256e-01
11 0 +4.877465245e+07 +4.877456715e+07 +4.877456715e+07 -1.3154e+00 -3.2065e-01 -2.4271e-01 -7.0228e-01 -6.1286e-02 +5.0405e-01 +1.9862e+00 +2.7458e-01 +3.5755e-01 +2.5554e-02
13 0 +4.339270581e+07 +4.339262051e+07 +4.339262051e+07 +8.9103e-01 -8.0939e-01 +1.5028e+00 -1.3019e+00 +6.8686e-01 +2.2905e+00 -8.9054e-01 -4.6630e-01 +1.9965e-01 -4.0348e-01
23 0 +3.982206492e+07 +3.982197962e+07 +3.982197962e+07 +2.4147e+00 -1.7673e+00 +7.8626e-01 -1.5127e+00 -3.7193e-01 +1.1890e+00 +1.6428e-01 -9.7774e-01 -6.1530e-01 +7.7960e-01
55 0 +3.973315739e+07 +3.973307209e+07 +3.973307209e+07 +1.9877e-01 -1.2687e-01 -4.0304e-01 -9.5307e-02 +6.7537e-01 +1.2627e+00 +2.0566e+00 +1.8852e+00 +3.7292e-01 +1.9103e+00
56 0 +3.871242392e+07 +3.871233862e+07 +3.871233862e+07 +4.7230e-01 -1.2331e+00 +2.0395e-01 -1.8251e-01 +2.4335e+00 +8.7215e-01 +1.6598e+00 +7.8326e-01 +4.9006e-01 +1.2393e+00
58 0 +3.616058720e+07 +3.616050190e+07 +3.616050190e+07 -9.4688e-01 -8.7671e-01 -9.0292e-02 +8.1337e-01 +1.7253e+00 +5.5470e-01 +1.4155e+00 +2.8499e-01 +1.1764e+00 +1.1444e+00
60 0 +3.320503081e+07 +3.320494551e+07 +3.320494551e+07 -1.6040e+00 -2.4520e-01 -7.8345e-01 -3.7568e-02 +1.3214e+00 +4.2673e-01 +2.3009e+00 +8.9786e-01 +2.0427e+00 +8.5726e-01
63 0 +3.264715173e+07 +3.264706643e+07 +3.264706643e+07 -1.0365e-01 +3.5521e-01 +2.1545e+00 +4.4921e-01 +1.0398e+00 +3.6929e-02 +1.4115e+00 -7.5207e-01 +5.7237e-01 +1.0022e+00
65 0 +2.793232634e+07 +2.793224104e+07 +2.793224104e+07 +2.6881e-01 -2.1693e+00 +2.1626e+00 -8.1742e-02 +2.1767e+00 +4.7328e-01 +1.4042e+00 +4.5721e-01 +1.2989e+00 +1.0252e-01
67 0 +2.009958532e+07 +2.009950002e+07 +2.009950002e+07 +1.5649e+00 +3.0854e-01 +2.7903e+00 -1.3767e+00 +8.1489e-01 +1.1866e+00 +1.9006e+00 -6.2549e-01 +6.3877e-01 +7.7162e-01
73 0 +1.453438565e+07 +1.453430035e+07 +1.453430035e+07 +9.2526e-01 -1.1711e+00 +7.9126e-01 -4.0417e-01 +1.9869e+00 +2.7217e+00 +1.7112e+00 -1.0424e+00 +1.1940e+00 -9.6969e-01
78 0 +1.077876004e+07 +1.077867474e+07 +1.077867474e+07 -1.6514e+00 -2.7949e-01 +9.5034e-01 -5.2298e-01 +8.3418e-01 +1.5705e+00 +2.6546e+00 +5.1886e-01 +1.7619e+00 -7.4013e-01
131 0 +6.336626279e+06 +6.336540979e+06 +6.336540979e+06 +2.4856e-01 -1.9746e+00 +2.4427e+00 -1.4219e+00 +1.2666e+00 +2.8488e+00 +2.2873e+00 -7.0083e-01 +3.3777e+00 -1.2131e+00
408 0 +6.232321550e+06 +6.232236250e+06 +6.232236250e+06 -7.5393e-01 -5.4240e-01 +1.5044e+00 -2.3822e+00 +4.1507e-01 +3.9157e+00 +3.0042e+00 -9.2893e-01 +3.9461e+00 -1.7972e+00
463 0 +4.450151850e+06 +4.450066550e+06 +4.450066550e+06 -6.9796e-01 -1.7960e-01 +2.5227e+00 -1.3187e-01 +9.7719e-01 +3.8607e+00 +2.1605e+00 -1.9676e+00 +4.1499e+00 -3.1049e+00
587 0 +3.519467140e+06 +3.519381840e+06 +3.519381840e+06 -1.3796e+00 -7.1952e-02 +2.7456e+00 +1.8719e-01 -6.4574e-01 +3.4379e+00 +2.3901e+00 -1.5204e+00 +2.4857e+00 -2.5178e+00
604 0 +2.619933844e+06 +2.619848544e+06 +2.619848544e+06 -1.5145e+00 -1.1240e+00 +2.8586e+00 +8.8034e-01 +8.9989e-01 +3.0233e+00 +3.2191e+00 -1.4415e+00 +3.6358e+00 -1.9883e+00
642 0 +1.657016556e+06 +1.656931256e+06 +1.656931256e+06 -1.5437e+00 +2.3389e-01 +2.3770e+00 -8.4938e-01 -4.4681e-02 +3.7316e+00 +3.1079e+00 -1.0766e+00 +2.5106e+00 -1.6896e+00
684 0 +1.156339750e+06 +1.156254450e+06 +1.156254450e+06 -2.3841e-01 -3.3839e-01 +3.0446e+00 -3.9267e-01 +6.8106e-01 +3.2723e+00 +2.3441e+00 -1.0112e+00 +2.3504e+00 -1.7128e+00
838 0 +8.079519162e+05 +8.078666162e+05 +8.078666162e+05 -1.3362e-01 -9.1747e-02 +2.1780e+00 -1.4440e+00 -7.7689e-01 +2.5887e+00 +2.8953e+00 -1.2438e+00 +1.8819e+00 -1.2359e+00
886 0 +7.383589673e+05 +7.382736673e+05 +7.382736673e+05 -3.6119e-01 +1.7059e-01 +1.6649e+00 -7.3052e-01 -4.2540e-01 +2.9435e+00 +3.1179e+00 -1.2940e+00 +2.3853e+00 -1.8094e+00
944 0 +6.680222502e+05 +6.679369502e+05 +6.679369502e+05 -6.8306e-01 -5.1187e-01 +2.2428e+00 -2.2760e-01 -1.0806e-02 +3.5365e+00 +2.8603e+00 -1.4424e+00 +2.5609e+00 -2.0680e+00
983 0 +6.632014387e+05 +6.631161387e+05 +6.631161387e+05 -6.7704e-01 -5.8424e-01 +2.4343e+00 -8.0285e-01 -6.2341e-01 +2.9494e+00 +2.3388e+00 -1.2297e+00 +2.3018e+00 -1.5275e+00
984 0 +6.429781909e+05 +6.428928909e+05 +6.428928909e+05 -1.1796e+00 -1.1569e-01 +2.7174e+00 -6.6455e-01 +4.0483e-01 +2.6811e+00 +2.8159e+00 -7.0737e-01 +2.9580e+00 -1.3417e+00
997 0 +3.773218977e+05 +3.772365977e+05 +3.772365977e+05 -6.9492e-01 -2.5534e-01 +2.6685e+00 -3.1850e-01 +2.9282e-01 +2.8342e+00 +2.4138e+00 -7.5641e-01 +3.0795e+00 -1.9453e+00
1060 0 +3.499486271e+05 +3.498633271e+05 +3.498633271e+05 -5.0148e-01 +2.8105e-02 +2.4872e+00 -6.6659e-01 +2.4376e-01 +3.3592e+00 +2.7336e+00 -1.4121e+00 +2.6206e+00 -1.8804e+00
1074 0 +3.251152022e+05 +3.250299022e+05 +3.250299022e+05 -7.7200e-01 -2.6622e-01 +2.2944e+00 -5.6675e-01 +3.9895e-01 +3.1143e+00 +2.6439e+00 -9.5442e-01 +2.5052e+00 -2.0583e+00
1121 0 +1.896710932e+05 +1.895857932e+05 +1.895857932e+05 -1.0061e+00 -4.8055e-01 +2.7791e+00 -5.6510e-01 +2.7764e-01 +3.1959e+00 +2.7304e+00 -1.1918e+00 +2.7943e+00 -1.6746e+00
1202 0 +1.382612949e+05 +1.381759949e+05 +1.381759949e+05 -1.2677e+00 -2.6401e-01 +2.9590e+00 -1.5627e-01 +1.2813e+00 +3.1832e+00 +2.7537e+00 -9.1618e-01 +3.3616e+00 -1.4829e+00
1362 0 +1.071608245e+05 +1.070755245e+05 +1.070755245e+05 -8.1330e-01 -2.2051e-01 +2.5138e+00 -6.2202e-01 -1.0898e-01 +3.0352e+00 +2.6197e+00 -1.0908e+00 +2.6372e+00 -1.6409e+00
1374 0 +9.856062140e+04 +9.847532140e+04 +9.847532140e+04 -7.6307e-01 -1.6443e-01 +2.4808e+00 -3.4195e-01 +2.2342e-01 +2.9338e+00 +2.6757e+00 -1.1723e+00 +2.7661e+00 -1.5969e+00
1426 0 +5.508804420e+04 +5.500274420e+04 +5.500274420e+04 -8.9953e-01 -4.2052e-01 +2.4433e+00 -3.0210e-01 +4.7407e-01 +3.1400e+00 +2.7592e+00 -1.0630e+00 +2.9885e+00 -1.7866e+00
1590 0 +5.226293626e+04 +5.217763626e+04 +5.217763626e+04 -7.1883e-01 -4.0406e-01 +2.4548e+00 -5.4534e-01 -2.8107e-02 +3.1245e+00 +2.8051e+00 -1.2148e+00 +2.8656e+00 -1.8086e+00
1610 0 +2.683145596e+04 +2.674615596e+04 +2.674615596e+04 -6.8132e-01 -4.0197e-01 +2.3987e+00 -5.0274e-01 +1.8834e-01 +3.0980e+00 +2.7433e+00 -1.1784e+00 +2.8245e+00 -1.6021e+00
1661 0 +2.034073294e+04 +2.025543294e+04 +2.025543294e+04 -8.6598e-01 -2.6670e-01 +2.5403e+00 -3.2132e-01 +5.8409e-01 +3.1985e+00 +2.8082e+00 -1.0587e+00 +3.1923e+00 -1.7531e+00
1794 0 +8.938171508e+03 +8.852871508e+03 +8.852871508e+03 -8.1005e-01 -3.2703e-01 +2.6170e+00 -4.8821e-01 +4.7590e-01 +3.1101e+00 +2.7540e+00 -1.0430e+00 +3.0459e+00 -1.6554e+00
1901 0 +5.730777699e+03 +5.645477699e+03 +5.645477699e+03 -1.0997e+00 -3.0345e-01 +2.7543e+00 -2.5016e-01 +1.1131e+00 +3.2105e+00 +2.6314e+00 -9.2186e-01 +3.4119e+00 -1.6908e+00
2080 0 +2.568579096e+03 +2.483279096e+03 +2.483279096e+03 -1.0176e+00 -2.8015e-01 +2.6551e+00 -3.6598e-01 +8.2029e-01 +3.2029e+00 +2.6888e+00 -1.0217e+00 +3.2361e+00 -1.6958e+00
2170 0 +1.875235898e+03 +1.789935898e+03 +1.789935898e+03 -1.1176e+00 -2.7313e-01 +2.7143e+00 -2.4933e-01 +1.0320e+00 +3.2071e+00 +2.6255e+00 -9.3764e-01 +3.3735e+00 -1.7296e+00
2367 0 +1.608899239e+03 +1.523599239e+03 +1.523599239e+03 -9.4217e-01 -2.7948e-01 +2.5907e+00 -3.9561e-01 +6.7743e-01 +3.1629e+00 +2.7637e+00 -1.0093e+00 +3.1770e+00 -1.6708e+00
2388 0 +1.453376807e+03 +1.368076807e+03 +1.368076807e+03 -8.3711e-01 -3.2148e-01 +2.5452e+00 -4.6299e-01 +4.8821e-01 +3.1459e+00 +2.7958e+00 -1.0723e+00 +3.0721e+00 -1.6256e+00
2430 0 +1.031910829e+03 +9.466108292e+02 +9.466108292e+02 -7.6594e-01 -2.9445e-01 +2.5038e+00 -5.2784e-01 +2.9410e-01 +3.1204e+00 +2.8330e+00 -1.1162e+00 +2.9479e+00 -1.6557e+00
2457 0 +8.402432064e+02 +7.549432064e+02 +7.549432064e+02 -7.5417e-01 -2.8654e-01 +2.4862e+00 -5.4852e-01 +2.4114e-01 +3.1121e+00 +2.8197e+00 -1.1248e+00 +2.9306e+00 -1.6404e+00
% f evaluations | g evaluations | best noise-free fitness - Fopt (1.719500000000e+02) + sum g_i+ | measured fitness | best measured fitness or single-digit g-values | x1 | x2...
1 0 +1.347900069e+08 +1.347901788e+08 +1.347901788e+08 +5.9671e-01 -3.8264e-02 +7.4769e-01 +1.6230e+00 -1.3415e-01 -1.3414e-01 +1.6792e+00 +8.6743e-01 -3.6947e-01 +6.4256e-01
3 0 +9.210052900e+07 +9.210070095e+07 +9.210070095e+07 +1.5656e+00 -1.2578e-01 +1.6753e-01 -1.3247e+00 -4.4438e-01 +2.1092e-01 -1.0510e+00 +4.7570e-01 -5.0064e-01 -1.9169e-01
23 0 +8.651859190e+07 +8.651876385e+07 +8.651876385e+07 +2.4147e+00 -1.7673e+00 +7.8626e-01 -1.5127e+00 -3.7193e-01 +1.1890e+00 +1.6428e-01 -9.7774e-01 -6.1530e-01 +7.7960e-01
51 0 +5.039673791e+07 +5.039690986e+07 +5.039690986e+07 +2.3226e+00 +9.8518e-01 +9.4938e-01 -2.9144e+00 -5.0341e-01 +1.0137e+00 -2.1227e-01 -5.0353e-01 -1.0021e+00 +1.3052e+00
65 0 +4.457483476e+07 +4.457500671e+07 +4.457500671e+07 +2.2121e+00 +9.4092e-01 -1.7362e+00 -1.6955e+00 -8.2400e-01 -4.7777e-01 +8.8441e-01 -1.8890e+00 +1.4754e+00 +1.4874e+00
101 0 +3.272861444e+07 +3.272878639e+07 +3.272878639e+07 +4.7574e+00 -1.1210e+00 -1.8508e+00 -1.7903e-01 +6.4688e-01 +1.3685e+00 -2.5142e-01 -3.0066e+00 -2.4134e+00 +3.2546e+00
116 0 +2.863651354e+07 +2.863668549e+07 +2.863668549e+07 +2.0139e+00 +1.4969e+00 +1.2449e+00 +7.1153e-01 +1.4484e+00 +1.1088e+00 -6.1508e-01 -3.4823e+00 -1.2114e-01 +3.2064e+00
138 0 +2.766142950e+07 +2.766160145e+07 +2.766160145e+07 +6.3184e-01 +4.4995e-01 -7.9139e-01 -2.1097e+00 +2.1174e-01 +1.7974e+00 -1.0517e+00 -1.5328e+00 +1.0734e+00 +3.0758e+00
179 0 +2.605064095e+07 +2.605081290e+07 +2.605081290e+07 +1.6433e+00 -5.4743e-01 -2.4975e+00 -6.5881e-01 +2.6939e+00 +1.2087e+00 +1.5130e+00 -1.8112e+00 +5.5952e-01 +3.5346e+00
188 0 +2.250006561e+07 +2.250023756e+07 +2.250023756e+07 +2.5217e+00 +1.0650e+00 -1.7940e+00 -1.3605e+00 +1.5231e+00 +8.3430e-01 -2.6774e+00 -6.7958e-02 +6.0164e-01 +2.8624e+00
233 0 +2.039899085e+07 +2.039916280e+07 +2.039916280e+07 +3.4725e+00 +2.2952e+00 -4.4225e-01 -3.9196e+00 -8.8198e-03 +2.8889e+00 -3.8785e-01 -1.9886e+00 +8.2840e-01 +1.7261e+00
247 0 +2.002907242e+07 +2.002924437e+07 +2.002924437e+07 +3.6328e+00 +1.2592e+00 -2.6560e+00 -2.7751e-01 -5.7077e-01 +2.3246e+00 -3.4834e+00 -4.0860e+00 +2.9258e-01 +4.0040e+00
294 0 +1.990714799e+07 +1.990731994e+07 +1.990731994e+07 +2.1031e+00 +3.2998e+00 -1.8818e-01 +2.9761e-01 -6.5075e-03 +2.0687e+00 -1.2700e+00 -2.6797e+00 -4.8522e-03 +2.3086e+00
301 0 +1.733440443e+07 +1.733457638e+07 +1.733457638e+07 +3.0546e+00 +3.1553e+00 -4.3478e-01 -1.9540e+00 +2.5791e+00 +2.2284e+00 -2.4345e+00 -3.8296e+00 +2.6678e+00 +3.4680e+00
335 0 +1.217964023e+07 +1.217981218e+07 +1.217981218e+07 +3.3482e+00 +4.1569e+00 -7.9565e-01 +9.9044e-02 +2.6839e+00 +2.1316e+00 -1.7694e+00 -1.7402e+00 +1.3825e+00 +3.9723e+00
401 0 +1.164590515e+07 +1.164607710e+07 +1.164607710e+07 +3.9989e+00 +4.6409e+00 -1.4731e+00 -3.8331e+00 +8.2673e-01 +3.7625e+00 -4.4282e+00 -1.9551e+00 -1.7008e+00 +2.1092e-01
457 0 +8.835155825e+06 +8.835327775e+06 +8.835327775e+06 +1.9939e+00 +3.5429e+00 +3.0256e-01 -1.8436e+00 +1.4543e+00 +2.8206e+00 -2.6998e+00 -3.1887e+00 -1.9263e+00 +3.6863e+00
470 0 +5.293647224e+06 +5.293819174e+06 +5.293819174e+06 +4.6106e+00 +3.8114e+00 -2.1056e+00 -1.3041e+00 +9.4728e-01 +2.1876e+00 -1.0792e+00 -1.9836e+00 -9.2264e-01 +3.0597e+00
611 0 +3.664665963e+06 +3.664837913e+06 +3.664837913e+06 +3.2305e+00 +3.4499e+00 -1.1193e+00 -1.7981e+00 +1.7084e+00 +3.1970e+00 -7.4128e-01 -1.9163e+00 -1.2252e+00 +2.3844e+00
697 0 +3.450319800e+06 +3.450491750e+06 +3.450491750e+06 +3.2587e+00 +2.3482e+00 -1.6179e+00 -2.8380e+00 +1.5160e+00 +3.8823e+00 -2.8694e+00 -1.9921e+00 -7.0227e-01 +2.7683e+00
721 0 +2.833358513e+06 +2.833530463e+06 +2.833530463e+06 +2.4274e+00 +3.5316e+00 -2.1919e+00 -2.2292e+00 +2.0486e+00 +3.3958e+00 -2.0033e+00 -2.3626e+00 -1.2383e+00 +2.2475e+00
757 0 +2.327152882e+06 +2.327324832e+06 +2.327324832e+06 +4.5656e+00 +2.9499e+00 -2.6039e+00 -2.6823e+00 -1.1094e-01 +3.8579e+00 -3.5957e+00 -1.7620e+00 -2.3991e+00 +1.8247e+00
848 0 +2.073523809e+06 +2.073695759e+06 +2.073695759e+06 +2.7689e+00 +3.0101e+00 -2.6164e+00 -2.3619e+00 +8.3234e-01 +2.5273e+00 -2.4152e+00 -2.9685e+00 -1.4143e+00 +3.2533e+00
891 0 +1.699187671e+06 +1.699359621e+06 +1.699359621e+06 +3.2664e+00 +2.4029e+00 -1.7891e+00 -2.0022e+00 +1.8363e+00 +2.1045e+00 -1.2819e+00 -2.6712e+00 -1.6060e+00 +3.5846e+00
925 0 +1.118024502e+06 +1.118196452e+06 +1.118196452e+06 +3.9989e+00 +2.9975e+00 -1.7578e+00 -2.7455e+00 +7.5075e-01 +2.7447e+00 -2.7315e+00 -2.0965e+00 -1.4995e+00 +3.5028e+00
936 0 +1.063900565e+06 +1.064072515e+06 +1.064072515e+06 +3.5133e+00 +3.4422e+00 -2.4108e+00 -2.8634e+00 +2.0941e-02 +2.5460e+00 -4.0349e+00 -1.0049e+00 -2.1388e+00 +3.2807e+00
1122 0 +6.616402510e+05 +6.618122010e+05 +6.618122010e+05 +3.4652e+00 +2.8575e+00 -1.9529e+00 -2.5973e+00 +1.1624e+00 +2.3271e+00 -2.6082e+00 -2.2417e+00 -1.4318e+00 +3.1593e+00
1123 0 +5.633657724e+05 +5.635377224e+05 +5.635377224e+05 +4.0257e+00 +3.1533e+00 -1.9558e+00 -2.3734e+00 +3.4239e-01 +2.7282e+00 -3.1401e+00 -1.5454e+00 -2.1309e+00 +2.9657e+00
1152 0 +4.144593578e+05 +4.146313078e+05 +4.146313078e+05 +3.4897e+00 +3.0111e+00 -2.2868e+00 -2.0637e+00 +1.9908e+00 +3.0051e+00 -2.4406e+00 -2.1040e+00 -1.5924e+00 +3.1042e+00
1255 0 +3.618438939e+05 +3.620158439e+05 +3.620158439e+05 +3.4206e+00 +3.2359e+00 -2.1150e+00 -2.3293e+00 +1.3520e+00 +2.6503e+00 -2.6180e+00 -2.4295e+00 -1.5069e+00 +2.7891e+00
1301 0 +2.047225895e+05 +2.048945395e+05 +2.048945395e+05 +3.4186e+00 +3.3765e+00 -1.8108e+00 -1.7640e+00 +1.6902e+00 +2.8318e+00 -2.3891e+00 -2.1845e+00 -1.1827e+00 +3.1899e+00
1307 0 +1.730257997e+05 +1.731977497e+05 +1.731977497e+05 +3.4360e+00 +3.1803e+00 -1.8284e+00 -1.8745e+00 +2.0511e+00 +2.9547e+00 -1.8837e+00 -2.2926e+00 -1.2058e+00 +3.3718e+00
1410 0 +1.600160270e+05 +1.601879770e+05 +1.601879770e+05 +3.4934e+00 +3.0630e+00 -1.9170e+00 -2.0264e+00 +1.9563e+00 +2.9548e+00 -2.2140e+00 -2.1506e+00 -1.2540e+00 +3.2543e+00
1411 0 +1.396087557e+05 +1.397807057e+05 +1.397807057e+05 +3.3152e+00 +3.1867e+00 -1.6331e+00 -1.7722e+00 +1.7289e+00 +2.8512e+00 -2.2918e+00 -2.1657e+00 -1.4994e+00 +3.2932e+00
1463 0 +9.346237599e+04 +9.363432599e+04 +9.363432599e+04 +3.5137e+00 +3.3319e+00 -2.2149e+00 -2.4090e+00 +7.3367e-01 +2.8802e+00 -3.4870e+00 -1.7091e+00 -2.0575e+00 +2.7968e+00
1464 0 +8.903320948e+04 +8.920515948e+04 +8.920515948e+04 +3.4337e+00 +3.2201e+00 -2.0399e+00 -2.3301e+00 +8.4745e-01 +3.0037e+00 -3.1856e+00 -1.9914e+00 -1.8072e+00 +3.1411e+00
1467 0 +3.105652612e+04 +3.122847612e+04 +3.122847612e+04 +3.4984e+00 +3.3032e+00 -2.1106e+00 -2.2955e+00 +9.9364e-01 +2.9240e+00 -3.0699e+00 -2.0045e+00 -1.7856e+00 +3.0728e+00
1563 0 +3.041873403e+04 +3.059068403e+04 +3.059068403e+04 +3.2787e+00 +3.1139e+00 -1.9623e+00 -2.0892e+00 +1.3339e+00 +2.7943e+00 -2.5851e+00 -2.0382e+00 -1.5016e+00 +3.1503e+00
1607 0 +2.634220602e+04 +2.651415602e+04 +2.651415602e+04 +3.4234e+00 +3.1948e+00 -1.9331e+00 -2.0017e+00 +1.4072e+00 +2.7938e+00 -2.6016e+00 -2.0273e+00 -1.5061e+00 +3.1087e+00
1632 0 +2.549371906e+04 +2.566566906e+04 +2.566566906e+04 +3.4790e+00 +3.2562e+00 -2.1230e+00 -2.3108e+00 +1.0676e+00 +2.8631e+00 -2.9811e+00 -1.9153e+00 -1.6321e+00 +3.0995e+00
1658 0 +1.111025917e+04 +1.128220917e+04 +1.128220917e+04 +3.5184e+00 +3.3292e+00 -2.2722e+00 -2.3688e+00 +7.5397e-01 +2.8376e+00 -3.2484e+00 -1.8561e+00 -1.8921e+00 +2.9203e+00
1905 0 +6.865895610e+03 +7.037845610e+03 +7.037845610e+03 +3.4936e+00 +3.3510e+00 -2.2868e+00 -2.3987e+00 +5.0297e-01 +2.8750e+00 -3.3762e+00 -1.8420e+00 -1.8478e+00 +2.8504e+00
1928 0 +4.483599697e+03 +4.655549697e+03 +4.655549697e+03 +3.4954e+00 +3.3547e+00 -2.2360e+00 -2.3356e+00 +6.4330e-01 +2.8417e+00 -3.2901e+00 -1.8585e+00 -1.8642e+00 +2.9556e+00
1935 0 +4.156866449e+03 +4.328816449e+03 +4.328816449e+03 +3.5053e+00 +3.2844e+00 -2.2142e+00 -2.3262e+00 +6.9299e-01 +2.8310e+00 -3.2724e+00 -1.8365e+00 -1.8885e+00 +2.9142e+00
2039 0 +3.961933979e+03 +4.133883979e+03 +4.133883979e+03 +3.5652e+00 +3.3109e+00 -2.2706e+00 -2.3202e+00 +6.7406e-01 +2.8507e+00 -3.3174e+00 -1.8619e+00 -1.8514e+00 +2.9252e+00
2068 0 +3.240315018e+03 +3.412265018e+03 +3.412265018e+03 +3.5204e+00 +3.3500e+00 -2.3092e+00 -2.4055e+00 +4.5524e-01 +2.8672e+00 -3.4246e+00 -1.8325e+00 -1.9281e+00 +2.8306e+00
2184 0 +2.170601438e+03 +2.342551438e+03 +2.342551438e+03 +3.5077e+00 +3.2884e+00 -2.1975e+00 -2.2737e+00 +8.3875e-01 +2.8052e+00 -3.0914e+00 -1.8952e+00 -1.7625e+00 +3.0036e+00
2337 0 +1.907722332e+03 +2.079672332e+03 +2.079672332e+03 +3.5195e+00 +3.3126e+00 -2.2268e+00 -2.3105e+00 +6.5684e-01 +2.8853e+00 -3.2968e+00 -1.8623e+00 -1.8550e+00 +2.9116e+00
2368 0 +8.259559233e+02 +9.979059233e+02 +9.979059233e+02 +3.5014e+00 +3.3012e+00 -2.1782e+00 -2.2813e+00 +8.1209e-01 +2.8284e+00 -3.1211e+00 -1.9025e+00 -1.8121e+00 +2.9876e+00
% f evaluations | g evaluations | best noise-free fitness - Fopt (6.816000000000e+01) + sum g_i+ | measured fitness | best measured fitness or single-digit g-values | x1 | x2...
1 0 +8.121603092e+07 +8.121609908e+07 +8.121609908e+07 +5.9671e-01 -3.8264e-02 +7.4769e-01 +1.6230e+00 -1.3415e-01 -1.3414e-01 +1.6792e+00 +8.6743e-01 -3.6947e-01 +6.4256e-01
22 0 +5.728876382e+07 +5.728883198e+07 +5.728883198e+07 +6.7089e-01 +1.2356e+00 +1.0540e+00 +7.5139e-01 -2.1527e-01 +8.5897e-01 -6.7283e-01 -1.3682e-01 -3.8536e-01 +1.8187e-01
43 0 +4.812720169e+07 +4.812726985e+07 +4.812726985e+07 +2.1607e+00 +1.8553e+00 -1.4896e-01 +1.0716e+00 +7.4538e-01 +1.4686e+00 -8.6492e-01 +7.8605e-01 +1.1584e+00 -1.6587e+00
69 0 +4.544187089e+07 +4.544193905e+07 +4.544193905e+07 +1.8152e+00 +1.8480e+00 +4.8750e-01 +2.0269e+00 +6.3678e-01 +1.2834e+00 -1.2507e+00 +1.0247e+00 +3.3671e+00 -3.6171e-01
73 0 +3.622416882e+07 +3.622423698e+07 +3.622423698e+07 +1.9135e+00 +1.3370e+00 -7.0825e-01 +2.5676e+00 +9.0211e-01 +1.3237e+00 +1.7908e-01 -5.9272e-02 +9.3027e-01 +3.0641e-01
94 0 +3.257036995e+07 +3.257043811e+07 +3.257043811e+07 +1.9004e+00 +1.6449e+00 +1.3655e+00 +1.8588e+00 +2.4782e-01 +9.3954e-01 +1.5802e-01 +2.0010e-01 +8.8358e-01 +8.0233e-01
101 0 +2.304465528e+07 +2.304472344e+07 +2.304472344e+07 +3.9455e+00 +3.5044e+00 +2.0022e-01 +2.5263e+00 +2.8580e+00 +3.5513e+00 -2.4586e+00 +1.9518e+00 +6.9375e-01 +1.7781e+00
206 0 +1.903217648e+07 +1.903224464e+07 +1.903224464e+07 +1.9871e+00 +2.0169e+00 +1.4987e+00 +1.5646e+00 +3.6508e-01 +2.4793e+00 +7.9749e-01 +1.8560e+00 -1.6407e+00 +1.0576e+00
233 0 +1.675969328e+07 +1.675976144e+07 +1.675976144e+07 +4.9392e+00 +3.1061e+00 +9.5809e-01 +3.8896e+00 +1.3664e+00 +1.6183e+00 -1.0998e-01 +4.9311e+00 -1.6729e+00 -6.9298e-01
301 0 +8.752543482e+06 +8.752611642e+06 +8.752611642e+06 +4.9038e+00 +3.5184e+00 +1.0878e+00 +3.6034e+00 +4.1070e+00 +1.6130e+00 +1.7156e+00 +1.9436e+00 +9.3557e-01 +1.1982e+00
346 0 +6.818591383e+06 +6.818659543e+06 +6.818659543e+06 +2.0652e+00 +3.0101e+00 +2.2314e+00 +2.0850e+00 +3.0373e+00 +1.9910e+00 +1.4047e+00 +2.4364e+00 -3.6668e+00 +1.6714e+00
354 0 +3.496791137e+06 +3.496859297e+06 +3.496859297e+06 +4.9827e+00 +3.7245e+00 +1.9255e+00 +3.9551e+00 +3.5302e+00 +3.1219e+00 +1.4882e+00 +3.5159e+00 -1.3009e+00 +1.7508e+00
551 0 +2.730189821e+06 +2.730257981e+06 +2.730257981e+06 +1.5903e+00 +3.0640e+00 +2.2355e+00 +3.8148e+00 +3.4913e+00 +2.9024e+00 +1.1836e+00 +2.9264e+00 -4.0372e+00 +3.4479e+00
669 0 +2.117336215e+06 +2.117404375e+06 +2.117404375e+06 +1.8298e+00 +3.0238e+00 +8.0295e-01 +3.7106e+00 +3.3555e+00 +2.3879e+00 +7.5547e-01 +3.2813e+00 -2.5859e+00 +3.0059e+00
680 0 +1.416394992e+06 +1.416463152e+06 +1.416463152e+06 +4.1060e+00 +2.6282e+00 +1.9187e+00 +4.1948e+00 +2.7817e+00 +2.5760e+00 +8.7516e-01 +3.5250e+00 -5.7308e-01 +2.4612e+00
802 0 +1.326901342e+06 +1.326969502e+06 +1.326969502e+06 +2.3566e+00 +2.8731e+00 +1.4324e+00 +3.5051e+00 +2.3194e+00 +1.8935e+00 +1.6996e+00 +2.9368e+00 -1.9670e+00 +2.3384e+00
809 0 +1.072300918e+06 +1.072369078e+06 +1.072369078e+06 +2.3413e+00 +3.3801e+00 +1.6604e+00 +3.4880e+00 +2.5055e+00 +1.7566e+00 +1.4499e+00 +3.3609e+00 -2.8646e+00 +2.5999e+00
826 0 +8.034581750e+05 +8.035263350e+05 +8.035263350e+05 +2.8004e+00 +2.9276e+00 +1.7952e+00 +3.2575e+00 +2.6334e+00 +2.2222e+00 +1.5559e+00 +3.6318e+00 -1.1148e+00 +2.0696e+00
850 0 +6.335513282e+05 +6.336194882e+05 +6.336194882e+05 +3.1928e+00 +3.3180e+00 +1.3486e+00 +3.6145e+00 +2.7000e+00 +2.5521e+00 +1.5719e+00 +3.1574e+00 -1.8008e+00 +2.9870e+00
871 0 +5.407169074e+05 +5.407850674e+05 +5.407850674e+05 +3.1258e+00 +3.2998e+00 +1.4242e+00 +3.6241e+00 +2.8120e+00 +2.5094e+00 +1.5261e+00 +3.9052e+00 -1.0669e+00 +2.6180e+00
919 0 +4.974217724e+05 +4.974899324e+05 +4.974899324e+05 +2.6117e+00 +3.3242e+00 +1.4248e+00 +3.6633e+00 +2.8258e+00 +2.2960e+00 +1.3421e+00 +3.7766e+00 -2.0148e+00 +2.9473e+00
939 0 +4.963298267e+05 +4.963979867e+05 +4.963979867e+05 +2.3101e+00 +3.5140e+00 +1.4947e+00 +3.8713e+00 +3.2691e+00 +2.4339e+00 +1.9058e+00 +3.6644e+00 -2.3529e+00 +2.7848e+00
952 0 +3.234337382e+05 +3.235018982e+05 +3.235018982e+05 +3.7922e+00 +2.9522e+00 +1.6880e+00 +3.9387e+00 +2.4648e+00 +2.5539e+00 +1.2116e+00 +3.1417e+00 -1.1798e+00 +2.1247e+00
983 0 +3.139146992e+05 +3.139828592e+05 +3.139828592e+05 +3.2617e+00 +3.2394e+00 +1.3873e+00 +3.7890e+00 +2.7379e+00 +2.3443e+00 +1.4651e+00 +3.7367e+00 -9.5257e-01 +2.1564e+00
1094 0 +2.852462005e+05 +2.853143605e+05 +2.853143605e+05 +2.0422e+00 +3.1942e+00 +1.5283e+00 +3.9479e+00 +3.6144e+00 +2.3062e+00 +1.4321e+00 +3.6930e+00 -2.6531e+00 +2.6861e+00
1100 0 +2.565121589e+05 +2.565803189e+05 +2.565803189e+05 +2.7889e+00 +3.1559e+00 +1.7163e+00 +3.6407e+00 +3.5587e+00 +2.2521e+00 +1.6494e+00 +3.7061e+00 -2.0409e+00 +2.6881e+00
1105 0 +1.927963605e+05 +1.928645205e+05 +1.928645205e+05 +3.7758e+00 +3.5295e+00 +1.6328e+00 +3.6190e+00 +2.6663e+00 +2.2522e+00 +1.4590e+00 +3.2540e+00 -9.5425e-01 +2.0023e+00
1177 0 +1.647842947e+05 +1.648524547e+05 +1.648524547e+05 +2.7154e+00 +3.2181e+00 +1.7699e+00 +4.0405e+00 +3.3429e+00 +2.1974e+00 +1.4426e+00 +3.6862e+00 -2.0830e+00 +2.3726e+00
1218 0 +1.505493043e+05 +1.506174643e+05 +1.506174643e+05 +2.9928e+00 +3.1950e+00 +1.7673e+00 +3.9985e+00 +2.9122e+00 +2.1657e+00 +1.2960e+00 +3.6038e+00 -1.7696e+00 +2.3454e+00
1231 0 +1.068359461e+05 +1.069041061e+05 +1.069041061e+05 +3.4143e+00 +3.1658e+00 +1.6212e+00 +3.6518e+00 +2.7587e+00 +2.1862e+00 +1.4088e+00 +3.2630e+00 -1.3911e+00 +2.1486e+00
1265 0 +9.309333580e+04 +9.316149580e+04 +9.316149580e+04 +2.3048e+00 +3.1850e+00 +1.6320e+00 +3.8762e+00 +3.3175e+00 +2.2842e+00 +1.5252e+00 +3.5837e+00 -2.5215e+00 +2.7310e+00
1301 0 +8.271023311e+04 +8.277839311e+04 +8.277839311e+04 +2.6632e+00 +3.1789e+00 +1.7189e+00 +3.8404e+00 +2.9667e+00 +2.0877e+00 +1.7186e+00 +3.6595e+00 -2.1671e+00 +2.5989e+00
1313 0 +3.433761931e+04 +3.440577931e+04 +3.440577931e+04 +2.5225e+00 +3.1015e+00 +1.7015e+00 +3.8525e+00 +3.1304e+00 +2.2012e+00 +1.5855e+00 +3.4356e+00 -2.3030e+00 +2.7036e+00
1551 0 +2.611258000e+04 +2.618074000e+04 +2.618074000e+04 +2.6384e+00 +3.0836e+00 +1.6393e+00 +3.7902e+00 +3.1410e+00 +2.1974e+00 +1.6399e+00 +3.5054e+00 -2.2738e+00 +2.5329e+00
1569 0 +8.771333716e+03 +8.839493716e+03 +8.839493716e+03 +2.8396e+00 +3.1682e+00 +1.7480e+00 +3.8057e+00 +3.1358e+00 +2.2104e+00 +1.5451e+00 +3.4507e+00 -2.0498e+00 +2.4666e+00
1649 0 +3.150107845e+03 +3.218267845e+03 +3.218267845e+03 +3.0200e+00 +3.1555e+00 +1.7387e+00 +3.7966e+00 +2.9806e+00 +2.2438e+00 +1.5560e+00 +3.4169e+00 -1.8569e+00 +2.4567e+00
1823 0 +3.144708660e+03 +3.212868660e+03 +3.212868660e+03 +2.5272e+00 +3.1181e+00 +1.7618e+00 +3.8887e+00 +3.2565e+00 +2.1007e+00 +1.5309e+00 +3.5005e+00 -2.4462e+00 +2.6199e+00
1867 0 +1.817613972e+03 +1.885773972e+03 +1.885773972e+03 +2.6356e+00 +3.0957e+00 +1.7634e+00 +3.8471e+00 +3.1741e+00 +2.1569e+00 +1.5581e+00 +3.4671e+00 -2.2717e+00 +2.6119e+00
2045 0 +1.338047194e+03 +1.406207194e+03 +1.406207194e+03 +2.4250e+00 +3.0704e+00 +1.7901e+00 +3.8749e+00 +3.2943e+00 +2.1005e+00 +1.5740e+00 +3.5067e+00 -2.4756e+00 +2.6301e+00
2181 0 +7.432148658e+02 +8.113748658e+02 +8.113748658e+02 +2.6734e+00 +3.1111e+00 +1.7578e+00 +3.8379e+00 +3.1690e+00 +2.1536e+00 +1.5409e+00 +3.4870e+00 -2.2269e+00 +2.5699e+00
2239 0 +6.010392207e+02 +6.691992207e+02 +6.691992207e+02 +2.5356e+00 +3.1102e+00 +1.8070e+00 +3.8652e+00 +3.2509e+00 +2.1149e+00 +1.5531e+00 +3.5196e+00 -2.3935e+00 +2.6111e+00
2284 0 +4.977338574e+02 +5.658938574e+02 +5.658938574e+02 +2.4856e+00 +3.0873e+00 +1.8093e+00 +3.8729e+00 +3.2932e+00 +2.0952e+00 +1.5699e+00 +3.5300e+00 -2.4524e+00 +2.6384e+00
2399 0 +4.158771059e+02 +4.840371059e+02 +4.840371059e+02 +2.5261e+00 +3.0986e+00 +1.7877e+00 +3.8652e+00 +3.2490e+00 +2.1043e+00 +1.5545e+00 +3.5169e+00 -2.4122e+00 +2.6291e+00
2433 0 +3.492125579e+02 +4.173725579e+02 +4.173725579e+02 +2.4586e+00 +3.0872e+00 +1.8111e+00 +3.8681e+00 +3.3072e+00 +2.0837e+00 +1.5696e+00 +3.5286e+00 -2.4718e+00 +2.6260e+00
2480 0 +3.085613640e+02 +3.767213640e+02 +3.767213640e+02 +2.3400e+00 +3.0860e+00 +1.8208e+00 +3.8913e+00 +3.3665e+00 +2.0542e+00 +1.5827e+00 +3.5272e+00 -2.6117e+00 +2.6737e+00
% f evaluations | g evaluations | best noise-free fitness - Fopt (1.000000000000e+03) + sum g_i+ | measured fitness | best measured fitness or single-digit g-values | x1 | x2...
1 0 +9.994469284e+07 +9.994569284e+07 +9.994569284e+07 +5.9671e-01 -3.8264e-02 +7.4769e-01 +1.6230e+00 -1.3415e-01 -1.3414e-01 +1.6792e+00 +8.6743e-01 -3.6947e-01 +6.4256e-01
2 0 +9.497028591e+07 +9.497128591e+07 +9.497128591e+07 -3.6342e-01 -3.6573e-01 +3.4196e-01 -1.8133e+00 -1.6249e+00 -4.6229e-01 -9.1283e-01 +4.1425e-01 -8.0802e-01 -1.3123e+00
4 0 +4.996018428e+07 +4.996118428e+07 +4.996118428e+07 -5.0171e-01 +1.9523e+00 +8.6503e-02 -9.5771e-01 +9.2254e-01 -1.1208e+00 +3.0886e-01 -1.8597e+00 -1.2282e+00 +2.9686e-01
51 0 +4.293356416e+07 +4.293456416e+07 +4.293456416e+07 -2.4302e+00 +3.6237e+00 +1.0964e+00 +5.6734e-01 +4.2222e-01 -3.9365e-02 -1.9372e+00 +2.5348e-01 -1.4493e+00 +1.4003e+00
77 0 +3.601635200e+07 +3.601735200e+07 +3.601735200e+07 -1.6560e+00 +7.3404e-01 +1.8187e-01 -4.7671e-01 -1.1531e-01 -6.9857e-01 -1.2091e+00 -3.1259e+00 -1.9141e-01 +9.2785e-01
101 0 +9.499176087e+06 +9.500176087e+06 +9.500176087e+06 -3.1284e+00 +3.9896e+00 +3.1427e+00 +7.7015e-01 -3.3692e+00 -3.0524e+00 -1.6941e+00 -2.0930e+00 -3.2365e+00 +2.4890e+00
218 0 +3.231814230e+06 +3.232814230e+06 +3.232814230e+06 -1.9800e+00 +2.9034e+00 +2.6787e+00 -3.2913e-01 -4.0431e+00 -2.3138e+00 -3.1570e+00 -2.1616e+00 -3.3223e+00 +2.5601e+00
455 0 +3.051298557e+06 +3.052298557e+06 +3.052298557e+06 -2.1093e+00 +2.4879e+00 +2.8414e+00 -6.4993e-02 -3.9791e+00 -3.1948e+00 -2.8510e+00 -2.8904e+00 -3.8397e+00 +3.1283e+00
645 0 +2.854379065e+06 +2.855379065e+06 +2.855379065e+06 -2.2137e+00 +4.0020e+00 +2.8572e+00 -1.1042e+00 -3.5747e+00 -2.9373e+00 -3.6170e+00 -2.6132e+00 -2.3797e+00 +2.4820e+00
653 0 +4.972609642e+05 +4.982609642e+05 +4.982609642e+05 -1.0858e+00 +3.7242e+00 +2.4001e+00 -4.8196e-01 -3.5100e+00 -3.4516e+00 -4.1978e+00 -2.6129e+00 -2.9198e+00 +2.7194e+00
1084 0 +4.365622327e+05 +4.375622327e+05 +4.375622327e+05 -2.3752e+00 +3.0377e+00 +1.3483e+00 -2.7927e-01 -2.5840e+00 -3.5984e+00 -3.0524e+00 -3.0445e+00 -2.8176e+00 +3.5253e+00
1102 0 +3.062081325e+05 +3.072081325e+05 +3.072081325e+05 -2.2285e+00 +2.8635e+00 +2.2145e+00 -3.3619e-01 -3.1872e+00 -3.2735e+00 -3.1052e+00 -3.3353e+00 -3.0983e+00 +3.1441e+00
1113 0 +1.940013800e+05 +1.950013800e+05 +1.950013800e+05 -1.9393e+00 +3.6438e+00 +2.1087e+00 +3.4651e-02 -3.4587e+00 -3.6345e+00 -3.7824e+00 -2.9102e+00 -3.0590e+00 +2.7217e+00
1227 0 +1.587461830e+05 +1.597461830e+05 +1.597461830e+05 -1.8341e+00 +3.0342e+00 +1.9250e+00 +1.7854e-02 -3.3261e+00 -3.3576e+00 -3.3792e+00 -2.8470e+00 -2.9395e+00 +3.2911e+00
1357 0 +1.525417857e+05 +1.535417857e+05 +1.535417857e+05 -1.7404e+00 +3.3589e+00 +2.0642e+00 -4.2164e-02 -3.4880e+00 -3.3232e+00 -3.4212e+00 -2.6189e+00 -3.1483e+00 +2.9128e+00
1366 0 +1.038795898e+05 +1.048795898e+05 +1.048795898e+05 -1.6924e+00 +3.3627e+00 +2.3315e+00 -5.4543e-02 -3.3305e+00 -3.7216e+00 -3.3921e+00 -2.7695e+00 -2.9297e+00 +3.0700e+00
1376 0 +9.742641059e+04 +9.842641059e+04 +9.842641059e+04 -2.0292e+00 +3.3766e+00 +1.9908e+00 -3.1305e-01 -3.1386e+00 -3.7653e+00 -3.3719e+00 -2.8014e+00 -2.8863e+00 +3.1905e+00
1434 0 +8.414016131e+04 +8.514016131e+04 +8.514016131e+04 -1.9089e+00 +3.3418e+00 +1.9760e+00 -1.5216e-01 -3.1539e+00 -3.3253e+00 -3.3385e+00 -2.9175e+00 -3.0168e+00 +3.0619e+00
1479 0 +5.698542807e+04 +5.798542807e+04 +5.798542807e+04 -1.7951e+00 +3.4001e+00 +2.3133e+00 +2.6353e-02 -3.4628e+00 -3.4896e+00 -3.6916e+00 -2.6565e+00 -2.9826e+00 +2.9629e+00
1480 0 +3.832479972e+04 +3.932479972e+04 +3.932479972e+04 -2.2147e+00 +3.1450e+00 +1.9758e+00 -2.8120e-01 -2.9872e+00 -3.5236e+00 -3.2148e+00 -2.8571e+00 -2.9022e+00 +3.2692e+00
1559 0 +2.980832085e+04 +3.080832085e+04 +3.080832085e+04 -1.5718e+00 +3.5052e+00 +2.0601e+00 +1.0361e-02 -3.6502e+00 -3.5549e+00 -3.6780e+00 -2.8407e+00 -2.9491e+00 +2.8739e+00
1620 0 +2.936905753e+04 +3.036905753e+04 +3.036905753e+04 -1.6921e+00 +3.4119e+00 +2.0599e+00 -1.5644e-01 -3.5941e+00 -3.5768e+00 -3.6388e+00 -2.7099e+00 -2.9922e+00 +2.8712e+00
1663 0 +1.727025140e+04 +1.827025140e+04 +1.827025140e+04 -1.6454e+00 +3.5232e+00 +2.1673e+00 +4.8168e-02 -3.6665e+00 -3.5298e+00 -3.8363e+00 -2.7764e+00 -2.9676e+00 +2.7997e+00
1692 0 +1.570722625e+04 +1.670722625e+04 +1.670722625e+04 -1.7165e+00 +3.3162e+00 +2.1426e+00 -9.3200e-02 -3.4663e+00 -3.5326e+00 -3.5527e+00 -2.7527e+00 -2.9049e+00 +2.9871e+00
1700 0 +1.356369180e+04 +1.456369180e+04 +1.456369180e+04 -1.9507e+00 +3.3892e+00 +2.1042e+00 -1.0663e-01 -3.2996e+00 -3.5241e+00 -3.5010e+00 -2.8647e+00 -2.9536e+00 +3.0767e+00
1741 0 +1.325507443e+04 +1.425507443e+04 +1.425507443e+04 -1.5486e+00 +3.5991e+00 +2.1578e+00 -4.8821e-03 -3.6271e+00 -3.5296e+00 -3.8312e+00 -2.7744e+00 -2.9380e+00 +2.8881e+00
1783 0 +1.249982922e+04 +1.349982922e+04 +1.349982922e+04 -1.7172e+00 +3.4376e+00 +2.0940e+00 -9.2362e-02 -3.4838e+00 -3.4631e+00 -3.5998e+00 -2.8499e+00 -2.8932e+00 +2.9775e+00
1793 0 +7.106890649e+03 +8.106890649e+03 +8.106890649e+03 -1.7919e+00 +3.4024e+00 +2.2089e+00 -6.3756e-02 -3.4786e+00 -3.6060e+00 -3.6184e+00 -2.7945e+00 -2.9574e+00 +2.9331e+00
1846 0 +6.205183029e+03 +7.205183029e+03 +7.205183029e+03 -1.7975e+00 +3.3445e+00 +2.0596e+00 -7.6881e-02 -3.4034e+00 -3.5362e+00 -3.5902e+00 -2.8780e+00 -2.9330e+00 +3.0601e+00
1856 0 +5.944670948e+03 +6.944670948e+03 +6.944670948e+03 -1.7512e+00 +3.4368e+00 +2.1409e+00 -9.9135e-02 -3.4581e+00 -3.4789e+00 -3.5873e+00 -2.8332e+00 -2.9400e+00 +2.9536e+00
1895 0 +4.513941653e+03 +5.513941653e+03 +5.513941653e+03 -1.6044e+00 +3.4483e+00 +2.1879e+00 -1.7733e-02 -3.5731e+00 -3.5512e+00 -3.7339e+00 -2.7463e+00 -2.9720e+00 +2.8812e+00
1917 0 +2.512295481e+03 +3.512295481e+03 +3.512295481e+03 -1.7695e+00 +3.3253e+00 +2.1195e+00 -1.0969e-01 -3.3895e+00 -3.5581e+00 -3.5662e+00 -2.8706e+00 -2.9574e+00 +3.0266e+00
2077 0 +1.291842423e+03 +2.291842423e+03 +2.291842423e+03 -1.8316e+00 +3.3469e+00 +2.0822e+00 -1.2444e-01 -3.3862e+00 -3.5682e+00 -3.5450e+00 -2.8439e+00 -2.9325e+00 +3.0561e+00
2181 0 +1.093728732e+03 +2.093728732e+03 +2.093728732e+03 -1.6978e+00 +3.4434e+00 +2.1525e+00 -6.7135e-02 -3.4968e+00 -3.5739e+00 -3.6513e+00 -2.7777e+00 -2.9551e+00 +2.9429e+00
