% f evaluations | g evaluations | best noise-free fitness - Fopt (-6.211100000000e+02) + sum g_i+ | measured fitness | best measured fitness or single-digit g-values | x1 | x2...
1 0 +6.295856703e+07 +6.295794592e+07 +6.295794592e+07 +5.9671e-01 -3.8264e-02 +7.4769e-01 +1.6230e+00 -1.3415e-01
2 0 +2.089017495e+07 +2.088955384e+07 +2.088955384e+07 -1.3414e-01 +1.6792e+00 +8.6743e-01 -3.6947e-01 +6.4256e-01
7 0 +1.510354235e+07 +1.510292124e+07 +1.510292124e+07 -5.0171e-01 +1.9523e+00 +8.6503e-02 -9.5771e-01 +9.2254e-01
32 0 +1.249081482e+07 +1.249019371e+07 +1.249019371e+07 +3.6553e-01 +1.0110e+00 -8.8475e-01 -3.3274e+00 +3.8766e-01
33 0 +1.122256774e+07 +1.122194663e+07 +1.122194663e+07 +7.4223e-01 +2.0962e+00 -1.3631e+00 -2.4077e+00 +6.4022e-01
45 0 +6.312119712e+06 +6.311498602e+06 +6.311498602e+06 -9.3346e-01 +3.4876e+00 -1.1426e+00 -2.7228e+00 +1.3793e+00
71 0 +5.251225388e+06 +5.250604278e+06 +5.250604278e+06 -4.1691e-01 +3.4449e+00 -2.9800e-01 -1.4758e+00 -5.3424e-01
72 0 +3.284693023e+06 +3.284071913e+06 +3.284071913e+06 -2.5001e-01 +3.7786e+00 -6.1340e-01 -2.3021e+00 +1.6914e-01
89 0 +2.792353848e+06 +2.791732738e+06 +2.791732738e+06 -1.9108e-01 +4.9098e+00 +1.6918e-01 -2.6973e+00 +7.3051e-02
111 0 +1.486096501e+06 +1.485475391e+06 +1.485475391e+06 -9.8391e-01 +4.5377e+00 +1.9313e+00 -4.0098e+00 -6.0039e-01
127 0 +8.827321343e+05 +8.821110243e+05 +8.821110243e+05 -1.5770e+00 +3.8197e+00 -2.2886e+00 -3.6698e+00 -1.8700e+00
204 0 +8.583663219e+05 +8.577452119e+05 +8.577452119e+05 -4.2992e-01 +3.5274e+00 +8.4639e-01 -3.9164e+00 -9.8265e-01
245 0 +8.448942985e+05 +8.442731885e+05 +8.442731885e+05 -9.4585e-01 +4.9164e+00 -3.0349e+00 -2.0646e+00 -2.8250e+00
250 0 +4.803875241e+05 +4.797664141e+05 +4.797664141e+05 -1.0028e+00 +3.5495e+00 +4.8798e-01 -3.9673e+00 -1.0098e+00
291 0 +3.310759649e+05 +3.304548549e+05 +3.304548549e+05 -7.6999e-01 +3.5433e+00 +6.4565e-01 -3.5726e+00 +7.6433e-02
309 0 +3.308283772e+05 +3.302072672e+05 +3.302072672e+05 -5.2270e-01 +4.1957e+00 +1.1319e+00 -3.7114e+00 -1.6927e-01
315 0 +8.897726652e+04 +8.835615652e+04 +8.835615652e+04 -7.9248e-01 +3.9271e+00 -1.2854e-01 -3.5043e+00 -5.0948e-01
331 0 +5.834184565e+04 +5.772073565e+04 +5.772073565e+04 -7.9321e-01 +4.0372e+00 +7.4131e-01 -3.7988e+00 -6.2774e-02
357 0 +4.553676807e+04 +4.491565807e+04 +4.491565807e+04 -9.3144e-01 +3.8605e+00 -9.9217e-02 -3.8182e+00 -4.9393e-01
367 0 +4.270341115e+04 +4.208230115e+04 +4.208230115e+04 -7.3943e-01 +4.0337e+00 -2.1001e-01 -3.6219e+00 -7.4732e-01
403 0 +3.036958980e+04 +2.974847980e+04 +2.974847980e+04 -1.1958e+00 +4.2426e+00 -1.3815e+00 -3.2173e+00 -1.5054e+00
411 0 +2.844408145e+04 +2.782297145e+04 +2.782297145e+04 -1.0256e+00 +4.0759e+00 -8.2370e-01 -3.4622e+00 -1.1852e+00
425 0 +2.509081534e+04 +2.446970534e+04 +2.446970534e+04 -1.0772e+00 +3.9914e+00 -4.7816e-02 -3.6390e+00 -7.1020e-01
429 0 +2.478691412e+04 +2.416580412e+04 +2.416580412e+04 -1.1539e+00 +4.1549e+00 -4.8592e-01 -3.5160e+00 -8.0325e-01
470 0 +1.365884474e+04 +1.303773474e+04 +1.303773474e+04 -1.1375e+00 +4.2076e+00 -1.1652e+00 -3.3577e+00 -1.3235e+00
523 0 +8.553021742e+03 +7.931911742e+03 +7.931911742e+03 -1.0613e+00 +4.3314e+00 -1.8244e+00 -3.1626e+00 -1.5540e+00
594 0 +7.097236366e+03 +6.476126366e+03 +6.476126366e+03 -1.0377e+00 +4.1373e+00 -5.6432e-01 -3.6382e+00 -9.0652e-01
604 0 +5.813479299e+03 +5.192369299e+03 +5.192369299e+03 -9.6457e-01 +4.2326e+00 -8.6542e-01 -3.5179e+00 -1.0024e+00
621 0 +5.406354063e+03 +4.785244063e+03 +4.785244063e+03 -1.0122e+00 +4.1727e+00 -5.1949e-01 -3.6432e+00 -8.6306e-01
635 0 +1.415926834e+03 +7.948168345e+02 +7.948168345e+02 -1.0645e+00 +4.2726e+00 -1.0876e+00 -3.4119e+00 -1.1324e+00
641 0 +1.238409589e+03 +6.172995894e+02 +6.172995894e+02 -1.0049e+00 +4.1312e+00 -5.8915e-01 -3.5886e+00 -8.2941e-01
662 0 +5.134097871e+02 -1.077002129e+02 -1.077002129e+02 -9.4146e-01 +4.0825e+00 -1.6899e-01 -3.6901e+00 -6.4831e-01
663 0 +2.948122085e+02 -3.262977915e+02 -3.262977915e+02 -8.9096e-01 +3.9860e+00 +2.7157e-01 -3.8238e+00 -4.0597e-01
722 0 +1.544332376e+02 -4.666767624e+02 -4.666767624e+02 -1.0309e+00 +4.1827e+00 -7.9706e-01 -3.5013e+00 -9.8025e-01
811 0 +1.072269322e+02 -5.138830678e+02 -5.138830678e+02 -8.8088e-01 +3.9127e+00 +5.2871e-01 -3.9085e+00 -2.7410e-01
846 0 +4.252403015e+01 -5.785859699e+02 -5.785859699e+02 -8.8964e-01 +3.9595e+00 +3.3639e-01 -3.8577e+00 -3.7719e-01
862 0 +2.892446964e+01 -5.921855304e+02 -5.921855304e+02 -8.7813e-01 +3.9198e+00 +5.2031e-01 -3.9119e+00 -2.7973e-01
907 0 +7.459049409e+00 -6.136509506e+02 -6.136509506e+02 -8.8648e-01 +3.9564e+00 +3.5352e-01 -3.8573e+00 -3.6499e-01
1100 0 +4.704962459e+00 -6.164050375e+02 -6.164050375e+02 -9.0408e-01 +4.0070e+00 +8.2158e-02 -3.7755e+00 -5.1717e-01
1108 0 +1.113071019e+00 -6.199969290e+02 -6.199969290e+02 -9.0099e-01 +4.0057e+00 +1.0163e-01 -3.7807e+00 -5.0524e-01
1178 0 +7.445670397e-01 -6.203654330e+02 -6.203654330e+02 -9.0518e-01 +4.0103e+00 +7.0203e-02 -3.7717e+00 -5.2216e-01
