% f evaluations | g evaluations | best noise-free fitness - Fopt (7.948000000000e+01) + sum g_i+ | measured fitness | best measured fitness or single-digit g-values | x1 | x2...
1 0 +1.369399054e+00 +8.084939905e+01 +8.084939905e+01 +5.9671e-01 -3.8264e-02
3 0 +1.195572614e+00 +8.067557261e+01 +8.067557261e+01 -1.3415e-01 -1.3414e-01
6 0 +1.005516380e+00 +8.048551638e+01 +8.048551638e+01 -3.6342e-01 -3.6573e-01
7 0 +4.389162223e-01 +7.991891622e+01 +7.991891622e+01 +3.4196e-01 -1.8133e+00
12 0 +3.462834951e-01 +7.982628350e+01 +7.982628350e+01 +1.2440e-01 -5.8252e-01
30 0 +2.701093351e-02 +7.950701093e+01 +7.950701093e+01 +3.5059e-01 -1.2889e+00
42 0 +2.646354778e-02 +7.950646355e+01 +7.950646355e+01 +3.2302e-01 -1.0101e+00
45 0 +1.875038050e-02 +7.949875038e+01 +7.949875038e+01 +1.2548e-01 -1.2072e+00
64 0 +1.265603167e-02 +7.949265603e+01 +7.949265603e+01 +2.0748e-01 -1.0538e+00
80 0 +1.198695220e-03 +7.948119870e+01 +7.948119870e+01 +2.4024e-01 -1.1891e+00
133 0 +1.090467563e-04 +7.948010905e+01 +7.948010905e+01 +2.6089e-01 -1.1634e+00
145 0 +9.149784533e-05 +7.948009150e+01 +7.948009150e+01 +2.4750e-01 -1.1488e+00
154 0 +7.332905697e-05 +7.948007333e+01 +7.948007333e+01 +2.5544e-01 -1.1487e+00
174 0 +6.740879112e-05 +7.948006741e+01 +7.948006741e+01 +2.5620e-01 -1.1643e+00
176 0 +1.631209125e-05 +7.948001631e+01 +7.948001631e+01 +2.5684e-01 -1.1568e+00
224 0 +8.601761067e-06 +7.948000860e+01 +7.948000860e+01 +2.5018e-01 -1.1581e+00
234 0 +3.594329357e-06 +7.948000359e+01 +7.948000359e+01 +2.5465e-01 -1.1572e+00
235 0 +3.479520856e-06 +7.948000348e+01 +7.948000348e+01 +2.5233e-01 -1.1586e+00
236 0 +2.389572771e-06 +7.948000239e+01 +7.948000239e+01 +2.5178e-01 -1.1580e+00
239 0 +1.565055186e-06 +7.948000157e+01 +7.948000157e+01 +2.5172e-01 -1.1562e+00
248 0 +4.709789891e-07 +7.948000047e+01 +7.948000047e+01 +2.5263e-01 -1.1575e+00
264 0 +5.357033217e-08 +7.948000005e+01 +7.948000005e+01 +2.5261e-01 -1.1569e+00
317 0 +8.330403034e-10 +7.948000000e+01 +7.948000000e+01 +2.5277e-01 -1.1568e+00
% f evaluations | g evaluations | best noise-free fitness - Fopt (3.944800000000e+02) + sum g_i+ | measured fitness | best measured fitness or single-digit g-values | x1 | x2...
1 0 +2.834072929e+01 +4.228207293e+02 +4.228207293e+02 +5.9671e-01 -3.8264e-02
3 0 +2.176653862e+01 +4.162465386e+02 +4.162465386e+02 -1.3415e-01 -1.3414e-01
6 0 +1.887005977e+01 +4.133500598e+02 +4.133500598e+02 -3.6342e-01 -3.6573e-01
8 0 +1.106445134e+01 +4.055444513e+02 +4.055444513e+02 -1.6249e+00 -4.6229e-01
11 0 +8.868914602e+00 +4.033489146e+02 +4.033489146e+02 -1.6459e+00 -9.4225e-01
14 0 +7.586195108e+00 +4.020661951e+02 +4.020661951e+02 -2.0841e+00 -8.1806e-01
18 0 +3.875102380e+00 +3.983551024e+02 +3.983551024e+02 -2.2063e+00 -1.8845e+00
21 0 +5.783846388e-01 +3.950583846e+02 +3.950583846e+02 -4.2551e+00 -3.5621e+00
25 0 +4.460327225e-01 +3.949260327e+02 +3.949260327e+02 -3.2350e+00 -2.8133e+00
57 0 +3.916422543e-01 +3.948716423e+02 +3.948716423e+02 -4.3149e+00 -3.3575e+00
62 0 +1.904731013e-03 +3.944819047e+02 +3.944819047e+02 -3.9261e+00 -2.8567e+00
126 0 +1.112601592e-03 +3.944811126e+02 +3.944811126e+02 -3.8968e+00 -2.9237e+00
143 0 +5.519491282e-04 +3.944805519e+02 +3.944805519e+02 -3.8816e+00 -2.8739e+00
158 0 +4.496444682e-04 +3.944804496e+02 +3.944804496e+02 -3.8874e+00 -2.9085e+00
162 0 +4.360795499e-04 +3.944804361e+02 +3.944804361e+02 -3.8840e+00 -2.8752e+00
168 0 +9.699955427e-05 +3.944800970e+02 +3.944800970e+02 -3.8945e+00 -2.8994e+00
173 0 +2.585711570e-05 +3.944800259e+02 +3.944800259e+02 -3.8934e+00 -2.8915e+00
177 0 +3.402527227e-06 +3.944800034e+02 +3.944800034e+02 -3.8992e+00 -2.8888e+00
216 0 +2.588682207e-06 +3.944800026e+02 +3.944800026e+02 -3.8999e+00 -2.8911e+00
268 0 +9.804452930e-07 +3.944800010e+02 +3.944800010e+02 -3.8991e+00 -2.8897e+00
269 0 +8.100205946e-07 +3.944800008e+02 +3.944800008e+02 -3.8993e+00 -2.8906e+00
270 0 +5.663748084e-07 +3.944800006e+02 +3.944800006e+02 -3.8991e+00 -2.8905e+00
279 0 +1.026595555e-07 +3.944800001e+02 +3.944800001e+02 -3.8984e+00 -2.8901e+00
290 0 +5.026100780e-08 +3.944800001e+02 +3.944800001e+02 -3.8982e+00 -2.8903e+00
318 0 +1.709861408e-08 +3.944800000e+02 +3.944800000e+02 -3.8983e+00 -2.8905e+00
% f evaluations | g evaluations | best noise-free fitness - Fopt (-2.471100000000e+02) + sum g_i+ | measured fitness | best measured fitness or single-digit g-values | x1 | x2...
1 0 +1.937533343e+01 -2.277346666e+02 -2.277346666e+02 +5.9671e-01 -3.8264e-02
3 0 +1.354049955e+01 -2.335695004e+02 -2.335695004e+02 -1.3415e-01 -1.3414e-01
5 0 +1.195056811e+01 -2.351594319e+02 -2.351594319e+02 -3.6947e-01 +6.4256e-01
8 0 +5.166898384e+00 -2.419431016e+02 -2.419431016e+02 -1.6249e+00 -4.6229e-01
11 0 +3.028435198e+00 -2.440815648e+02 -2.440815648e+02 -2.0586e+00 +1.6276e-01
15 0 +2.039141751e+00 -2.450708582e+02 -2.450708582e+02 -2.6450e+00 -6.3865e-01
16 0 +1.586077192e+00 -2.455239228e+02 -2.455239228e+02 -2.7316e+00 -4.6608e-01
24 0 +4.818219477e-01 -2.466281781e+02 -2.466281781e+02 -3.7316e+00 +8.9411e-01
25 0 +3.533975519e-01 -2.467566024e+02 -2.467566024e+02 -3.4545e+00 -2.8169e-01
46 0 +2.455789231e-01 -2.468644211e+02 -2.468644211e+02 -3.3181e+00 +3.2521e-01
51 0 +2.199471390e-01 -2.468900529e+02 -2.468900529e+02 -4.1907e+00 -5.3818e-02
54 0 +1.032789447e-01 -2.470067211e+02 -2.470067211e+02 -3.7052e+00 +5.1077e-01
74 0 +5.881380686e-02 -2.470511862e+02 -2.470511862e+02 -4.0056e+00 +7.7137e-02
87 0 +3.227847471e-02 -2.470777215e+02 -2.470777215e+02 -3.9775e+00 +1.8900e-01
95 0 +1.152568598e-02 -2.470984743e+02 -2.470984743e+02 -3.7109e+00 +2.6545e-01
104 0 +4.542577153e-03 -2.471054574e+02 -2.471054574e+02 -3.7311e+00 +2.0049e-01
125 0 +3.860599016e-04 -2.471096139e+02 -2.471096139e+02 -3.8033e+00 +1.8416e-01
137 0 +1.879071835e-04 -2.471098121e+02 -2.471098121e+02 -3.7933e+00 +1.9049e-01
183 0 +6.314576666e-05 -2.471099369e+02 -2.471099369e+02 -3.7930e+00 +1.9737e-01
193 0 +3.148971928e-05 -2.471099685e+02 -2.471099685e+02 -3.8024e+00 +1.9928e-01
234 0 +6.510212756e-06 -2.471099935e+02 -2.471099935e+02 -3.7982e+00 +2.0066e-01
248 0 +6.188778457e-06 -2.471099938e+02 -2.471099938e+02 -3.8003e+00 +2.0161e-01
253 0 +4.671738395e-06 -2.471099953e+02 -2.471099953e+02 -3.7974e+00 +2.0130e-01
255 0 +3.634930664e-06 -2.471099964e+02 -2.471099964e+02 -3.7971e+00 +2.0181e-01
258 0 +1.284428038e-06 -2.471099987e+02 -2.471099987e+02 -3.7973e+00 +2.0359e-01
268 0 +5.059846160e-07 -2.471099995e+02 -2.471099995e+02 -3.7977e+00 +2.0342e-01
297 0 +2.077846943e-07 -2.471099998e+02 -2.471099998e+02 -3.7986e+00 +2.0359e-01
306 0 +7.919419431e-08 -2.471099999e+02 -2.471099999e+02 -3.7982e+00 +2.0333e-01
309 0 +7.398313073e-08 -2.471099999e+02 -2.471099999e+02 -3.7986e+00 +2.0340e-01
310 0 +4.093354278e-08 -2.471100000e+02 -2.471100000e+02 -3.7986e+00 +2.0328e-01
379 0 +3.051712838e-08 -2.471100000e+02 -2.471100000e+02 -3.7986e+00 +2.0327e-01
% f evaluations | g evaluations | best noise-free fitness - Fopt (-1.520400000000e+02) + sum g_i+ | measured fitness | best measured fitness or single-digit g-values | x1 | x2...
1 0 +2.884564550e+00 -1.491554354e+02 -1.491554354e+02 +5.9671e-01 -3.8264e-02
2 0 +1.069611629e+00 -1.509703884e+02 -1.509703884e+02 +7.4769e-01 +1.6230e+00
5 0 +6.211084555e-01 -1.514188915e+02 -1.514188915e+02 -3.6947e-01 +6.4256e-01
15 0 +1.893809123e-01 -1.518506191e+02 -1.518506191e+02 -6.4851e-01 +1.6337e+00
19 0 +6.783034612e-02 -1.519721697e+02 -1.519721697e+02 -1.7402e-01 +1.1808e+00
44 0 +5.944106134e-03 -1.520340559e+02 -1.520340559e+02 -2.9716e-01 +1.4950e+00
75 0 +2.707215857e-03 -1.520372928e+02 -1.520372928e+02 -3.1622e-01 +1.4414e+00
94 0 +6.618535476e-04 -1.520393381e+02 -1.520393381e+02 -2.9009e-01 +1.4123e+00
131 0 +9.557416030e-05 -1.520399044e+02 -1.520399044e+02 -2.7614e-01 +1.4200e+00
167 0 +1.513631921e-05 -1.520399849e+02 -1.520399849e+02 -2.7041e-01 +1.4262e+00
171 0 +6.094423014e-06 -1.520399939e+02 -1.520399939e+02 -2.6832e-01 +1.4218e+00
196 0 +2.086265937e-06 -1.520399979e+02 -1.520399979e+02 -2.6843e-01 +1.4248e+00
211 0 +7.945388347e-08 -1.520399999e+02 -1.520399999e+02 -2.6698e-01 +1.4238e+00
239 0 +4.415778676e-08 -1.520400000e+02 -1.520400000e+02 -2.6739e-01 +1.4239e+00
% f evaluations | g evaluations | best noise-free fitness - Fopt (-2.525000000000e+01) + sum g_i+ | measured fitness | best measured fitness or single-digit g-values | x1 | x2...
1 0 +9.559982036e+00 -1.569001796e+01 -1.569001796e+01 +5.9671e-01 -3.8264e-02
2 0 +9.193842431e+00 -1.605615757e+01 -1.605615757e+01 +7.4769e-01 +1.6230e+00
4 0 +3.798882408e+00 -2.145111759e+01 -2.145111759e+01 +1.6792e+00 +8.6743e-01
14 0 +2.970092564e+00 -2.227990744e+01 -2.227990744e+01 +1.9726e+00 +1.1591e+00
19 0 +1.093239529e+00 -2.415676047e+01 -2.415676047e+01 +2.6945e+00 +1.3815e-01
26 0 +3.173007434e-01 -2.493269926e+01 -2.493269926e+01 +3.7162e+00 +1.1892e+00
36 0 +2.118558596e-01 -2.503814414e+01 -2.503814414e+01 +4.0677e+00 +5.5508e-01
64 0 +7.121187072e-02 -2.517878813e+01 -2.517878813e+01 +3.3549e+00 +6.9753e-01
78 0 +6.647485524e-03 -2.524335251e+01 -2.524335251e+01 +3.6892e+00 +6.6756e-01
84 0 +1.594325800e-03 -2.524840567e+01 -2.524840567e+01 +3.6079e+00 +6.7460e-01
138 0 +7.896969770e-04 -2.524921030e+01 -2.524921030e+01 +3.6391e+00 +6.4865e-01
139 0 +2.684128543e-04 -2.524973159e+01 -2.524973159e+01 +3.6207e+00 +6.5034e-01
169 0 +2.222656236e-04 -2.524977773e+01 -2.524977773e+01 +3.6276e+00 +6.4216e-01
170 0 +6.067816567e-05 -2.524993932e+01 -2.524993932e+01 +3.6193e+00 +6.4128e-01
202 0 +4.561563056e-05 -2.524995438e+01 -2.524995438e+01 +3.6206e+00 +6.3258e-01
208 0 +2.315852500e-05 -2.524997684e+01 -2.524997684e+01 +3.6178e+00 +6.3175e-01
211 0 +1.773840874e-05 -2.524998226e+01 -2.524998226e+01 +3.6179e+00 +6.3761e-01
221 0 +1.480060979e-05 -2.524998520e+01 -2.524998520e+01 +3.6179e+00 +6.3688e-01
231 0 +7.760717192e-06 -2.524999224e+01 -2.524999224e+01 +3.6124e+00 +6.3716e-01
238 0 +4.833648983e-06 -2.524999517e+01 -2.524999517e+01 +3.6164e+00 +6.3617e-01
249 0 +1.915734583e-06 -2.524999808e+01 -2.524999808e+01 +3.6133e+00 +6.3437e-01
256 0 +8.938502063e-07 -2.524999911e+01 -2.524999911e+01 +3.6139e+00 +6.3598e-01
287 0 +3.796143204e-07 -2.524999962e+01 -2.524999962e+01 +3.6147e+00 +6.3467e-01
288 0 +3.354259910e-07 -2.524999966e+01 -2.524999966e+01 +3.6146e+00 +6.3575e-01
290 0 +2.573855085e-07 -2.524999974e+01 -2.524999974e+01 +3.6145e+00 +6.3570e-01
312 0 +2.211196808e-07 -2.524999978e+01 -2.524999978e+01 +3.6143e+00 +6.3566e-01
314 0 +7.775548738e-08 -2.524999992e+01 -2.524999992e+01 +3.6143e+00 +6.3545e-01
316 0 +5.520045221e-08 -2.524999994e+01 -2.524999994e+01 +3.6142e+00 +6.3519e-01
339 0 +6.696318167e-09 -2.524999999e+01 -2.524999999e+01 +3.6145e+00 +6.3521e-01
% f evaluations | g evaluations | best noise-free fitness - Fopt (1.830100000000e+02) + sum g_i+ | measured fitness | best measured fitness or single-digit g-values | x1 | x2...
1 0 +1.733652460e+01 +2.003465246e+02 +2.003465246e+02 +5.9671e-01 -3.8264e-02
2 0 +1.050656324e+01 +1.935165632e+02 +1.935165632e+02 +7.4769e-01 +1.6230e+00
5 0 +9.175361740e+00 +1.921853617e+02 +1.921853617e+02 -3.6947e-01 +6.4256e-01
9 0 +8.726608556e+00 +1.917366086e+02 +1.917366086e+02 -9.1283e-01 +4.1425e-01
15 0 +3.787407491e+00 +1.867974075e+02 +1.867974075e+02 -1.9951e-01 +2.9098e+00
21 0 +2.075042401e+00 +1.850850424e+02 +1.850850424e+02 -3.0697e+00 +2.0063e+00
22 0 +3.160341148e-02 +1.830416034e+02 +1.830416034e+02 -2.1139e+00 +2.9268e+00
110 0 +1.444428170e-03 +1.830114444e+02 +1.830114444e+02 -2.1224e+00 +3.0677e+00
122 0 +3.642939115e-04 +1.830103643e+02 +1.830103643e+02 -2.1379e+00 +3.1222e+00
155 0 +3.606063582e-04 +1.830103606e+02 +1.830103606e+02 -2.1190e+00 +3.0947e+00
162 0 +3.174891394e-04 +1.830103175e+02 +1.830103175e+02 -2.1237e+00 +3.0903e+00
163 0 +1.680747414e-04 +1.830101681e+02 +1.830101681e+02 -2.1232e+00 +3.1055e+00
175 0 +1.885808351e-05 +1.830100189e+02 +1.830100189e+02 -2.1321e+00 +3.1013e+00
186 0 +1.573268929e-05 +1.830100157e+02 +1.830100157e+02 -2.1329e+00 +3.1057e+00
213 0 +5.224067280e-06 +1.830100052e+02 +1.830100052e+02 -2.1367e+00 +3.1010e+00
228 0 +6.025709069e-07 +1.830100006e+02 +1.830100006e+02 -2.1359e+00 +3.1040e+00
259 0 +1.664880358e-07 +1.830100002e+02 +1.830100002e+02 -2.1363e+00 +3.1029e+00
283 0 +6.474979841e-08 +1.830100001e+02 +1.830100001e+02 -2.1358e+00 +3.1034e+00
285 0 +3.348725386e-08 +1.830100000e+02 +1.830100000e+02 -2.1362e+00 +3.1032e+00
310 0 +1.217898671e-08 +1.830100000e+02 +1.830100000e+02 -2.1361e+00 +3.1031e+00
% f evaluations | g evaluations | best noise-free fitness - Fopt (1.835200000000e+02) + sum g_i+ | measured fitness | best measured fitness or single-digit g-values | x1 | x2...
1 0 +1.561834197e+01 +1.991383420e+02 +1.991383420e+02 +5.9671e-01 -3.8264e-02
3 0 +1.450944309e+01 +1.980294431e+02 +1.980294431e+02 -1.3415e-01 -1.3414e-01
6 0 +1.290368735e+01 +1.964236874e+02 +1.964236874e+02 -3.6342e-01 -3.6573e-01
7 0 +4.661922506e+00 +1.881819225e+02 +1.881819225e+02 +3.4196e-01 -1.8133e+00
11 0 +3.327583291e+00 +1.868475833e+02 +1.868475833e+02 +6.0543e-01 -2.2286e+00
12 0 +3.139079713e+00 +1.866590797e+02 +1.866590797e+02 -7.1015e-01 -2.3091e+00
17 0 +8.918373588e-01 +1.844118374e+02 +1.844118374e+02 +7.8339e-01 -3.4478e+00
20 0 +2.085118821e-02 +1.835408512e+02 +1.835408512e+02 -5.8218e-02 -3.8019e+00
53 0 +4.477624321e-03 +1.835244776e+02 +1.835244776e+02 -8.8502e-02 -3.9403e+00
106 0 +6.460005812e-04 +1.835206460e+02 +1.835206460e+02 -1.9240e-02 -3.9163e+00
141 0 +5.801583112e-04 +1.835205802e+02 +1.835205802e+02 -2.2728e-02 -3.9175e+00
149 0 +3.300496078e-04 +1.835203300e+02 +1.835203300e+02 -1.2284e-02 -3.9260e+00
156 0 +2.952409725e-04 +1.835202952e+02 +1.835202952e+02 -4.4261e-03 -3.9421e+00
172 0 +1.694834712e-04 +1.835201695e+02 +1.835201695e+02 -8.7370e-03 -3.9396e+00
176 0 +1.226665210e-04 +1.835201227e+02 +1.835201227e+02 -3.1627e-02 -3.9369e+00
181 0 +9.003968438e-05 +1.835200900e+02 +1.835200900e+02 -1.7487e-02 -3.9502e+00
194 0 +8.266652614e-05 +1.835200827e+02 +1.835200827e+02 -2.5058e-02 -3.9332e+00
202 0 +7.519998442e-05 +1.835200752e+02 +1.835200752e+02 -2.2448e-02 -3.9502e+00
206 0 +7.175405310e-05 +1.835200718e+02 +1.835200718e+02 -2.7145e-02 -3.9352e+00
208 0 +6.785662302e-05 +1.835200679e+02 +1.835200679e+02 -1.4875e-02 -3.9464e+00
218 0 +5.547534042e-05 +1.835200555e+02 +1.835200555e+02 -2.2123e-02 -3.9490e+00
219 0 +6.658720508e-08 +1.835200001e+02 +1.835200001e+02 -2.1378e-02 -3.9417e+00
276 0 +3.978746577e-08 +1.835200000e+02 +1.835200000e+02 -2.1785e-02 -3.9417e+00
309 0 +5.489170007e-09 +1.835200000e+02 +1.835200000e+02 -2.1602e-02 -3.9417e+00
% f evaluations | g evaluations | best noise-free fitness - Fopt (-5.938400000000e+02) + sum g_i+ | measured fitness | best measured fitness or single-digit g-values | x1 | x2...
1 0 +1.004314513e+01 -5.837968549e+02 -5.837968549e+02 +5.9671e-01 -3.8264e-02
3 0 +5.983629405e+00 -5.878563706e+02 -5.878563706e+02 -1.3415e-01 -1.3414e-01
5 0 +5.141032151e+00 -5.886989678e+02 -5.886989678e+02 -3.6947e-01 +6.4256e-01
6 0 +5.078959763e+00 -5.887610402e+02 -5.887610402e+02 -3.6342e-01 -3.6573e-01
8 0 +1.202325403e+00 -5.926376746e+02 -5.926376746e+02 -1.6249e+00 -4.6229e-01
19 0 +7.934255863e-01 -5.930465744e+02 -5.930465744e+02 -1.7022e+00 -1.0834e-01
33 0 +1.037698957e-01 -5.937362301e+02 -5.937362301e+02 -2.8909e+00 +7.1627e-02
62 0 +6.250679492e-02 -5.937774932e+02 -5.937774932e+02 -2.4590e+00 -1.2983e-01
67 0 +5.036005846e-02 -5.937896399e+02 -5.937896399e+02 -2.3525e+00 +3.7503e-02
80 0 +8.239613754e-03 -5.938317604e+02 -5.938317604e+02 -2.6041e+00 +1.7834e-01
83 0 +2.656554306e-03 -5.938373434e+02 -5.938373434e+02 -2.6124e+00 +6.5692e-02
94 0 +1.523844413e-03 -5.938384762e+02 -5.938384762e+02 -2.6007e+00 +7.0796e-02
112 0 +1.137014994e-03 -5.938388630e+02 -5.938388630e+02 -2.5752e+00 +6.1141e-02
136 0 +5.139675160e-04 -5.938394860e+02 -5.938394860e+02 -2.5522e+00 +7.9848e-02
142 0 +1.781889700e-04 -5.938398218e+02 -5.938398218e+02 -2.5734e+00 +8.1615e-02
155 0 +1.051787824e-04 -5.938398948e+02 -5.938398948e+02 -2.5605e+00 +9.9075e-02
159 0 +8.746818037e-05 -5.938399125e+02 -5.938399125e+02 -2.5730e+00 +8.5681e-02
162 0 +3.456165939e-05 -5.938399654e+02 -5.938399654e+02 -2.5641e+00 +9.2339e-02
198 0 +2.275389454e-05 -5.938399772e+02 -5.938399772e+02 -2.5648e+00 +9.4491e-02
221 0 +2.320717272e-06 -5.938399977e+02 -5.938399977e+02 -2.5693e+00 +9.5897e-02
248 0 +2.234340855e-06 -5.938399978e+02 -5.938399978e+02 -2.5708e+00 +9.3557e-02
256 0 +1.073129170e-06 -5.938399989e+02 -5.938399989e+02 -2.5689e+00 +9.3664e-02
257 0 +3.010221690e-07 -5.938399997e+02 -5.938399997e+02 -2.5694e+00 +9.3896e-02
296 0 +2.494397222e-07 -5.938399998e+02 -5.938399998e+02 -2.5696e+00 +9.4898e-02
297 0 +1.961689122e-08 -5.938400000e+02 -5.938400000e+02 -2.5695e+00 +9.4360e-02
% f evaluations | g evaluations | best noise-free fitness - Fopt (-1.000000000000e+03) + sum g_i+ | measured fitness | best measured fitness or single-digit g-values | x1 | x2...
1 0 +3.485321908e+01 -9.651467809e+02 -9.651467809e+02 +5.9671e-01 -3.8264e-02
2 0 +2.604813246e+01 -9.739518675e+02 -9.739518675e+02 +7.4769e-01 +1.6230e+00
5 0 +2.237241022e+01 -9.776275898e+02 -9.776275898e+02 -3.6947e-01 +6.4256e-01
9 0 +2.041070622e+01 -9.795892938e+02 -9.795892938e+02 -9.1283e-01 +4.1425e-01
12 0 +1.385298791e+01 -9.861470121e+02 -9.861470121e+02 -1.7804e+00 +7.5479e-01
15 0 +1.301843336e+01 -9.869815666e+02 -9.869815666e+02 -1.7640e+00 +9.0398e-01
18 0 +1.129878011e+01 -9.887012199e+02 -9.887012199e+02 -2.4692e+00 +7.8507e-01
21 0 +6.566541308e+00 -9.934334587e+02 -9.934334587e+02 -1.6296e+00 +2.5619e+00
22 0 +4.844752756e+00 -9.951552472e+02 -9.951552472e+02 -2.3577e+00 +2.2286e+00
31 0 +8.288787320e-01 -9.991711213e+02 -9.991711213e+02 -4.5924e+00 +3.3355e+00
32 0 +5.172691261e-02 -9.999482731e+02 -9.999482731e+02 -3.8972e+00 +3.6319e+00
109 0 +4.037886819e-02 -9.999596211e+02 -9.999596211e+02 -3.6691e+00 +3.7525e+00
112 0 +1.569129911e-02 -9.999843087e+02 -9.999843087e+02 -3.9660e+00 +3.8777e+00
120 0 +4.750973169e-03 -9.999952490e+02 -9.999952490e+02 -3.9110e+00 +3.8405e+00
131 0 +2.753744500e-03 -9.999972463e+02 -9.999972463e+02 -3.8098e+00 +3.8933e+00
150 0 +1.345199461e-03 -9.999986548e+02 -9.999986548e+02 -3.8068e+00 +3.8487e+00
165 0 +9.296336975e-05 -9.999999070e+02 -9.999999070e+02 -3.8428e+00 +3.8624e+00
216 0 +8.868817190e-05 -9.999999113e+02 -9.999999113e+02 -3.8373e+00 +3.8455e+00
218 0 +7.256655522e-05 -9.999999274e+02 -9.999999274e+02 -3.8515e+00 +3.8546e+00
223 0 +3.142103060e-05 -9.999999686e+02 -9.999999686e+02 -3.8456e+00 +3.8579e+00
232 0 +9.159861861e-06 -9.999999908e+02 -9.999999908e+02 -3.8443e+00 +3.8556e+00
241 0 +1.742997256e-06 -9.999999983e+02 -9.999999983e+02 -3.8439e+00 +3.8539e+00
245 0 +3.642742286e-07 -9.999999996e+02 -9.999999996e+02 -3.8436e+00 +3.8533e+00
266 0 +3.161331961e-07 -9.999999997e+02 -9.999999997e+02 -3.8429e+00 +3.8533e+00
267 0 +2.025103640e-08 -1.000000000e+03 -1.000000000e+03 -3.8433e+00 +3.8529e+00
% f evaluations | g evaluations | best noise-free fitness - Fopt (-2.531000000000e+01) + sum g_i+ | measured fitness | best measured fitness or single-digit g-values | x1 | x2...
1 0 +2.100137736e+01 -4.308622644e+00 -4.308622644e+00 +5.9671e-01 -3.8264e-02
2 0 +1.105166959e+01 -1.425833041e+01 -1.425833041e+01 +7.4769e-01 +1.6230e+00
4 0 +1.030679432e+01 -1.500320568e+01 -1.500320568e+01 +1.6792e+00 +8.6743e-01
11 0 +1.192238398e+00 -2.411776160e+01 -2.411776160e+01 +3.3590e+00 +2.4464e+00
21 0 +1.011270585e+00 -2.429872942e+01 -2.429872942e+01 +3.9271e+00 +4.4279e+00
22 0 +1.928520687e-01 -2.511714793e+01 -2.511714793e+01 +3.8120e+00 +3.2588e+00
52 0 +1.669036919e-01 -2.514309631e+01 -2.514309631e+01 +3.3990e+00 +3.9353e+00
71 0 +5.157376114e-02 -2.525842624e+01 -2.525842624e+01 +3.5712e+00 +3.7355e+00
88 0 +2.286478273e-03 -2.530771352e+01 -2.530771352e+01 +3.4751e+00 +3.4854e+00
137 0 +1.777874770e-03 -2.530822213e+01 -2.530822213e+01 +3.4658e+00 +3.4907e+00
139 0 +8.078489777e-04 -2.530919215e+01 -2.530919215e+01 +3.4632e+00 +3.5049e+00
161 0 +3.369042234e-04 -2.530966310e+01 -2.530966310e+01 +3.4613e+00 +3.5161e+00
171 0 +2.846539302e-04 -2.530971535e+01 -2.530971535e+01 +3.4710e+00 +3.5161e+00
180 0 +1.217363507e-04 -2.530987826e+01 -2.530987826e+01 +3.4671e+00 +3.5219e+00
181 0 +2.452920984e-05 -2.530997547e+01 -2.530997547e+01 +3.4711e+00 +3.5284e+00
195 0 +2.269766332e-05 -2.530997730e+01 -2.530997730e+01 +3.4665e+00 +3.5286e+00
201 0 +6.217719115e-06 -2.530999378e+01 -2.530999378e+01 +3.4709e+00 +3.5315e+00
203 0 +3.448740820e-06 -2.530999655e+01 -2.530999655e+01 +3.4681e+00 +3.5311e+00
238 0 +3.177053312e-06 -2.530999682e+01 -2.530999682e+01 +3.4703e+00 +3.5337e+00
239 0 +3.098811145e-06 -2.530999690e+01 -2.530999690e+01 +3.4673e+00 +3.5337e+00
243 0 +5.218707315e-07 -2.530999948e+01 -2.530999948e+01 +3.4692e+00 +3.5322e+00
245 0 +1.397986402e-07 -2.530999986e+01 -2.530999986e+01 +3.4691e+00 +3.5330e+00
275 0 +7.316590001e-09 -2.530999999e+01 -2.530999999e+01 +3.4687e+00 +3.5328e+00
