% f evaluations | g evaluations | best noise-free fitness - Fopt (1.026100000000e+02) + sum g_i+ | measured fitness | best measured fitness or single-digit g-values | x1 | x2...
1 0 +8.499088232e+01 +1.876008823e+02 +1.876008823e+02 +5.9671e-01 -3.8264e-02 +7.4769e-01 +1.6230e+00 -1.3415e-01
3 0 +7.334857351e+01 +1.759585735e+02 +1.759585735e+02 -3.6342e-01 -3.6573e-01 +3.4196e-01 -1.8133e+00 -1.6249e+00
5 0 +6.580041802e+01 +1.684104180e+02 +1.684104180e+02 +1.5656e+00 -1.2578e-01 +1.6753e-01 -1.3247e+00 -4.4438e-01
9 0 +6.386104831e+01 +1.664710483e+02 +1.664710483e+02 +8.3847e-01 +2.7137e-01 -1.5648e-02 -2.0110e-01 -1.3785e+00
12 0 +4.633366536e+01 +1.489436654e+02 +1.489436654e+02 +1.0313e+00 -7.3922e-01 -2.0921e-01 +4.3126e-01 +1.0755e+00
46 0 +3.549228895e+01 +1.381022890e+02 +1.381022890e+02 +4.2241e-01 -7.1499e-01 +2.2014e-01 +1.2223e+00 -1.8163e-01
87 0 +3.471150900e+01 +1.373215090e+02 +1.373215090e+02 -3.1473e-01 -1.2193e+00 +8.0027e-01 +3.2352e-02 +2.0887e+00
157 0 +2.978772961e+01 +1.323977296e+02 +1.323977296e+02 +1.0714e-01 -5.5317e-01 +9.0556e-02 +3.1119e-01 +1.8401e-01
300 0 +2.902780800e+01 +1.316378080e+02 +1.316378080e+02 +2.0630e+00 +5.5410e-01 -1.0191e+00 -5.5730e-01 -1.0131e+00
401 0 +2.733306160e+01 +1.299430616e+02 +1.299430616e+02 +1.1277e+00 +4.8371e-01 -3.6430e-01 -7.0427e-01 -5.1761e-01
496 0 +2.618920832e+01 +1.287992083e+02 +1.287992083e+02 +1.2480e+00 +1.2177e+00 -5.3129e-01 -1.8017e+00 +2.3042e-01
563 0 +2.086836253e+01 +1.234783625e+02 +1.234783625e+02 +1.5125e+00 +1.2293e+00 -1.0585e+00 -1.7088e+00 -8.5941e-01
732 0 +1.988089086e+01 +1.224908909e+02 +1.224908909e+02 +8.8230e-01 +8.3596e-01 -1.9711e+00 -1.5200e+00 -1.9835e+00
833 0 +1.017937250e+01 +1.127893725e+02 +1.127893725e+02 +8.0272e-01 +1.0092e+00 -1.9538e+00 -9.1630e-01 -1.6366e+00
