% f evaluations | g evaluations | best noise-free fitness - Fopt (1.000000000000e+03) + sum g_i+ | measured fitness | best measured fitness or single-digit g-values | x1 | x2...
1 0 +5.569097557e+01 +1.055690976e+03 +1.055690976e+03 +5.9671e-01 -3.8264e-02
2 0 +2.761453231e+01 +1.027614532e+03 +1.027614532e+03 +7.4769e-01 +1.6230e+00
5 0 +2.170819077e+01 +1.021708191e+03 +1.021708191e+03 -3.6947e-01 +6.4256e-01
30 0 +1.618346794e+01 +1.016183468e+03 +1.016183468e+03 -5.6136e-01 +1.2416e+00
33 0 +1.475051813e+01 +1.014750518e+03 +1.014750518e+03 -6.0705e-01 +1.2645e+00
% f evaluations | g evaluations | best noise-free fitness - Fopt (7.003000000000e+01) + sum g_i+ | measured fitness | best measured fitness or single-digit g-values | x1 | x2...
1 0 +1.079376586e+02 +1.779676586e+02 +1.779676586e+02 +5.9671e-01 -3.8264e-02
3 0 +7.212350470e+01 +1.421535047e+02 +1.421535047e+02 -1.3415e-01 -1.3414e-01
6 0 +6.416295678e+01 +1.341929568e+02 +1.341929568e+02 -3.6342e-01 -3.6573e-01
7 0 +3.917357505e+01 +1.092035751e+02 +1.092035751e+02 +3.4196e-01 -1.8133e+00
12 0 +2.839190954e+01 +9.842190954e+01 +9.842190954e+01 -4.4521e-03 -1.6802e+00
18 0 +2.267303827e+01 +9.270303827e+01 +9.270303827e+01 -1.2032e+00 -2.1172e+00
27 0 +1.216400204e+01 +8.219400204e+01 +8.219400204e+01 -1.5704e-01 -1.6346e+00
30 0 +3.016407357e+00 +7.304640736e+01 +7.304640736e+01 +2.1542e-01 -3.1925e+00
101 0 +9.366198243e-01 +7.096661982e+01 +7.096661982e+01 -8.7879e-01 -2.5057e+00
241 0 +1.019018761e-01 +7.013190188e+01 +7.013190188e+01 -8.4952e-01 -2.4879e+00
315 0 +7.661420774e-03 +7.003766142e+01 +7.003766142e+01 -8.4464e-01 -2.4969e+00
323 0 +7.498670661e-03 +7.003749867e+01 +7.003749867e+01 -8.4938e-01 -2.4986e+00
324 0 +3.259272498e-03 +7.003325927e+01 +7.003325927e+01 -8.4720e-01 -2.4981e+00
391 0 +1.723098994e-03 +7.003172310e+01 +7.003172310e+01 -8.4774e-01 -2.4972e+00
418 0 +1.575059683e-03 +7.003157506e+01 +7.003157506e+01 -8.5135e-01 -2.4947e+00
422 0 +1.231555844e-03 +7.003123156e+01 +7.003123156e+01 -8.4817e-01 -2.4967e+00
423 0 +7.588123410e-04 +7.003075881e+01 +7.003075881e+01 -8.4871e-01 -2.4969e+00
425 0 +1.044690388e-04 +7.003010447e+01 +7.003010447e+01 -8.4971e-01 -2.4963e+00
488 0 +8.440584492e-05 +7.003008441e+01 +7.003008441e+01 -8.5020e-01 -2.4959e+00
490 0 +3.925832922e-05 +7.003003926e+01 +7.003003926e+01 -8.4999e-01 -2.4962e+00
% f evaluations | g evaluations | best noise-free fitness - Fopt (-4.822000000000e+01) + sum g_i+ | measured fitness | best measured fitness or single-digit g-values | x1 | x2...
1 0 +1.213542760e+02 +7.313427598e+01 +7.313427598e+01 +5.9671e-01 -3.8264e-02
3 0 +4.804112682e+01 -1.788731784e-01 -1.788731784e-01 -1.3415e-01 -1.3414e-01
8 0 +2.124214802e+01 -2.697785198e+01 -2.697785198e+01 -1.6249e+00 -4.6229e-01
16 0 +3.522254593e+00 -4.469774541e+01 -4.469774541e+01 -2.1565e+00 -3.5329e-01
101 0 +3.164655275e+00 -4.505534472e+01 -4.505534472e+01 -2.1871e+00 -3.8625e-01
138 0 +2.286230747e+00 -4.593376925e+01 -4.593376925e+01 -2.1375e+00 -4.0875e-01
180 0 +1.247745907e+00 -4.697225409e+01 -4.697225409e+01 -2.1501e+00 -4.3800e-01
393 0 +1.123941623e+00 -4.709605838e+01 -4.709605838e+01 -2.1455e+00 -4.4589e-01
402 0 +1.038536993e+00 -4.718146301e+01 -4.718146301e+01 -2.1495e+00 -4.7284e-01
452 0 +1.009873286e+00 -4.721012671e+01 -4.721012671e+01 -2.1443e+00 -4.6169e-01
465 0 +1.004891002e+00 -4.721510900e+01 -4.721510900e+01 -2.1473e+00 -4.6407e-01
466 0 +1.003375535e+00 -4.721662446e+01 -4.721662446e+01 -2.1443e+00 -4.6424e-01
467 0 +1.002076486e+00 -4.721792351e+01 -4.721792351e+01 -2.1442e+00 -4.6633e-01
468 0 +9.999194291e-01 -4.722008057e+01 -4.722008057e+01 -2.1467e+00 -4.7064e-01
483 0 +9.992433805e-01 -4.722075662e+01 -4.722075662e+01 -2.1466e+00 -4.7036e-01
485 0 +9.956543029e-01 -4.722434570e+01 -4.722434570e+01 -2.1458e+00 -4.6894e-01
% f evaluations | g evaluations | best noise-free fitness - Fopt (2.547000000000e+01) + sum g_i+ | measured fitness | best measured fitness or single-digit g-values | x1 | x2...
1 0 +2.166858039e+02 +2.421558039e+02 +2.421558039e+02 +5.9671e-01 -3.8264e-02
3 0 +1.840462404e+02 +2.095162404e+02 +2.095162404e+02 -1.3415e-01 -1.3414e-01
6 0 +1.477660238e+02 +1.732360238e+02 +1.732360238e+02 -3.6342e-01 -3.6573e-01
7 0 +1.131532600e+02 +1.386232600e+02 +1.386232600e+02 +3.4196e-01 -1.8133e+00
8 0 +1.061186693e+02 +1.315886693e+02 +1.315886693e+02 -1.6249e+00 -4.6229e-01
10 0 +8.510407415e+01 +1.105740741e+02 +1.105740741e+02 -8.0802e-01 -1.3123e+00
11 0 +2.925716076e+01 +5.472716076e+01 +5.472716076e+01 -2.8633e+00 -3.8574e+00
20 0 +2.797127974e+01 +5.344127974e+01 +5.344127974e+01 -2.8012e+00 -7.8014e-01
22 0 +2.557668668e+01 +5.104668668e+01 +5.104668668e+01 -4.6393e+00 +4.5757e-01
26 0 +1.139375010e+01 +3.686375010e+01 +3.686375010e+01 -2.9810e+00 -2.1495e+00
52 0 +1.121523050e+01 +3.668523050e+01 +3.668523050e+01 -3.6396e+00 -1.9994e+00
66 0 +8.555847047e+00 +3.402584705e+01 +3.402584705e+01 -3.0304e+00 -2.4835e+00
72 0 +8.476092550e+00 +3.394609255e+01 +3.394609255e+01 -3.1067e+00 -2.1111e+00
73 0 +3.706950836e+00 +2.917695084e+01 +2.917695084e+01 -3.6860e+00 -2.5341e+00
81 0 +2.881341863e+00 +2.835134186e+01 +2.835134186e+01 -3.1238e+00 -2.5147e+00
113 0 +2.676181140e+00 +2.814618114e+01 +2.814618114e+01 -3.1135e+00 -2.0456e+00
159 0 +2.164847217e+00 +2.763484722e+01 +2.763484722e+01 -3.6676e+00 -2.4869e+00
302 0 +1.940060729e+00 +2.741006073e+01 +2.741006073e+01 -3.0945e+00 -2.4716e+00
309 0 +1.738650914e+00 +2.720865091e+01 +2.720865091e+01 -3.1120e+00 -2.4770e+00
314 0 +1.264090206e+00 +2.673409021e+01 +2.673409021e+01 -3.0993e+00 -2.4935e+00
318 0 +1.224123503e+00 +2.669412350e+01 +2.669412350e+01 -3.0903e+00 -2.4969e+00
332 0 +1.154810116e+00 +2.662481012e+01 +2.662481012e+01 -3.0726e+00 -2.5312e+00
336 0 +1.096884883e+00 +2.656688488e+01 +2.656688488e+01 -3.0938e+00 -2.5046e+00
346 0 +1.084616595e+00 +2.655461660e+01 +2.655461660e+01 -3.0801e+00 -2.5380e+00
349 0 +1.059093499e+00 +2.652909350e+01 +2.652909350e+01 -3.0851e+00 -2.5113e+00
360 0 +1.041323484e+00 +2.651132348e+01 +2.651132348e+01 -3.0796e+00 -2.5334e+00
364 0 +1.008754046e+00 +2.647875405e+01 +2.647875405e+01 -3.0817e+00 -2.5240e+00
367 0 +9.986121024e-01 +2.646861210e+01 +2.646861210e+01 -3.0872e+00 -2.5192e+00
409 0 +9.957915785e-01 +2.646579158e+01 +2.646579158e+01 -3.0844e+00 -2.5228e+00
414 0 +9.951779040e-01 +2.646517790e+01 +2.646517790e+01 -3.0851e+00 -2.5216e+00
448 0 +9.950737603e-01 +2.646507376e+01 +2.646507376e+01 -3.0850e+00 -2.5223e+00
473 0 +9.950121111e-01 +2.646501211e+01 +2.646501211e+01 -3.0852e+00 -2.5219e+00
496 0 +9.949769175e-01 +2.646497692e+01 +2.646497692e+01 -3.0852e+00 -2.5221e+00
% f evaluations | g evaluations | best noise-free fitness - Fopt (-1.008100000000e+02) + sum g_i+ | measured fitness | best measured fitness or single-digit g-values | x1 | x2...
1 0 +1.587950083e+01 -8.493049917e+01 -8.493049917e+01 +5.9671e-01 -3.8264e-02
14 0 +1.488395378e+01 -8.592604622e+01 -8.592604622e+01 +8.1364e-01 -9.0540e-03
18 0 +5.663756986e+00 -9.514624301e+01 -9.514624301e+01 +3.6904e-01 -2.7479e-01
19 0 +4.431682159e+00 -9.637831784e+01 -9.637831784e+01 -7.1655e-01 -6.0148e-01
42 0 +2.027116621e+00 -9.878288338e+01 -9.878288338e+01 +5.9560e-01 -1.8068e-01
141 0 +2.013703603e+00 -9.879629640e+01 -9.879629640e+01 +5.9035e-01 -1.7758e-01
142 0 +2.009028555e+00 -9.880097145e+01 -9.880097145e+01 +5.9496e-01 -1.6845e-01
178 0 +1.999165054e+00 -9.881083495e+01 -9.881083495e+01 +5.9342e-01 -1.7220e-01
185 0 +1.998790209e+00 -9.881120979e+01 -9.881120979e+01 +5.9722e-01 -1.7597e-01
188 0 +1.990586721e+00 -9.881941328e+01 -9.881941328e+01 +5.9592e-01 -1.7380e-01
237 0 +1.990116150e+00 -9.881988385e+01 -9.881988385e+01 +5.9676e-01 -1.7313e-01
252 0 +1.990007887e+00 -9.881999211e+01 -9.881999211e+01 +5.9665e-01 -1.7303e-01
268 0 +1.989991270e+00 -9.882000873e+01 -9.882000873e+01 +5.9680e-01 -1.7287e-01
269 0 +1.989950434e+00 -9.882004957e+01 -9.882004957e+01 +5.9681e-01 -1.7271e-01
270 0 +1.989931233e+00 -9.882006877e+01 -9.882006877e+01 +5.9677e-01 -1.7252e-01
299 0 +1.989923051e+00 -9.882007695e+01 -9.882007695e+01 +5.9673e-01 -1.7259e-01
308 0 +1.989919037e+00 -9.882008096e+01 -9.882008096e+01 +5.9660e-01 -1.7269e-01
% f evaluations | g evaluations | best noise-free fitness - Fopt (-3.531300000000e+02) + sum g_i+ | measured fitness | best measured fitness or single-digit g-values | x1 | x2...
1 0 +8.203693273e+00 -3.449263067e+02 -3.449263067e+02 +5.9671e-01 -3.8264e-02
31 0 +8.112902835e+00 -3.450170972e+02 -3.450170972e+02 +5.3526e-01 -2.6090e-02
49 0 +5.183189129e+00 -3.479468109e+02 -3.479468109e+02 -2.1554e-01 +4.4097e-01
171 0 +5.118558208e+00 -3.480114418e+02 -3.480114418e+02 -2.1922e-01 +4.2711e-01
213 0 +5.036659816e+00 -3.480933402e+02 -3.480933402e+02 -1.9638e-01 +4.2347e-01
243 0 +5.011193974e+00 -3.481188060e+02 -3.481188060e+02 -2.0628e-01 +4.2635e-01
301 0 +5.004546208e+00 -3.481254538e+02 -3.481254538e+02 -2.1421e-01 +4.2987e-01
302 0 +4.992874407e+00 -3.481371256e+02 -3.481371256e+02 -2.0802e-01 +4.2800e-01
303 0 +4.983722389e+00 -3.481462776e+02 -3.481462776e+02 -2.1079e-01 +4.3019e-01
327 0 +4.979882711e+00 -3.481501173e+02 -3.481501173e+02 -2.0907e-01 +4.3181e-01
378 0 +4.976489653e+00 -3.481535103e+02 -3.481535103e+02 -2.0425e-01 +4.2890e-01
380 0 +4.975438215e+00 -3.481545618e+02 -3.481545618e+02 -2.0689e-01 +4.2994e-01
407 0 +4.974877493e+00 -3.481551225e+02 -3.481551225e+02 -2.0623e-01 +4.3005e-01
436 0 +4.974862864e+00 -3.481551371e+02 -3.481551371e+02 -2.0548e-01 +4.2976e-01
438 0 +4.974832811e+00 -3.481551672e+02 -3.481551672e+02 -2.0574e-01 +4.3011e-01
463 0 +4.974805870e+00 -3.481551941e+02 -3.481551941e+02 -2.0591e-01 +4.3003e-01
484 0 +4.974799679e+00 -3.481552003e+02 -3.481552003e+02 -2.0584e-01 +4.2999e-01
% f evaluations | g evaluations | best noise-free fitness - Fopt (8.716000000000e+01) + sum g_i+ | measured fitness | best measured fitness or single-digit g-values | x1 | x2...
1 0 +6.359160907e+01 +1.507516091e+02 +1.507516091e+02 +5.9671e-01 -3.8264e-02
2 0 +2.258884159e+01 +1.097488416e+02 +1.097488416e+02 +7.4769e-01 +1.6230e+00
4 0 +1.284723790e+01 +1.000072379e+02 +1.000072379e+02 +1.6792e+00 +8.6743e-01
13 0 +1.024757031e+01 +9.740757031e+01 +9.740757031e+01 +1.8589e+00 +1.1242e+00
43 0 +1.020853294e+01 +9.736853294e+01 +9.736853294e+01 +5.3790e-01 +2.3899e+00
50 0 +9.194227296e+00 +9.635422730e+01 +9.635422730e+01 +3.1499e-01 +1.8605e+00
62 0 +4.030163392e+00 +9.119016339e+01 +9.119016339e+01 +1.0574e+00 +1.6205e+00
112 0 +3.534322588e+00 +9.069432259e+01 +9.069432259e+01 +9.6256e-01 +1.3418e+00
127 0 +2.819867410e+00 +8.997986741e+01 +8.997986741e+01 +9.6370e-01 +1.2920e+00
137 0 +2.513129563e+00 +8.967312956e+01 +8.967312956e+01 +9.9221e-01 +1.2748e+00
148 0 +2.075454879e+00 +8.923545488e+01 +8.923545488e+01 +9.7536e-01 +1.2963e+00
158 0 +2.014562359e+00 +8.917456236e+01 +8.917456236e+01 +9.8476e-01 +1.2969e+00
173 0 +2.001125667e+00 +8.916112567e+01 +8.916112567e+01 +9.8222e-01 +1.2963e+00
175 0 +1.999787605e+00 +8.915978761e+01 +8.915978761e+01 +9.7569e-01 +1.3044e+00
207 0 +1.991521446e+00 +8.915152145e+01 +8.915152145e+01 +9.7872e-01 +1.2994e+00
245 0 +1.990834443e+00 +8.915083444e+01 +8.915083444e+01 +9.7929e-01 +1.2993e+00
248 0 +1.990090142e+00 +8.915009014e+01 +8.915009014e+01 +9.7893e-01 +1.3003e+00
260 0 +1.989963338e+00 +8.914996334e+01 +8.914996334e+01 +9.7824e-01 +1.3006e+00
348 0 +1.989927555e+00 +8.914992756e+01 +8.914992756e+01 +9.7851e-01 +1.3005e+00
% f evaluations | g evaluations | best noise-free fitness - Fopt (-3.475000000000e+01) + sum g_i+ | measured fitness | best measured fitness or single-digit g-values | x1 | x2...
1 0 +4.893650354e+01 +1.418650354e+01 +1.418650354e+01 +5.9671e-01 -3.8264e-02
2 0 +4.408560306e+00 -3.034143969e+01 -3.034143969e+01 +7.4769e-01 +1.6230e+00
25 0 +9.368157334e-01 -3.381318427e+01 -3.381318427e+01 +2.3087e+00 +2.3751e+00
% f evaluations | g evaluations | best noise-free fitness - Fopt (-1.000000000000e+03) + sum g_i+ | measured fitness | best measured fitness or single-digit g-values | x1 | x2...
1 0 +2.871717055e+02 -7.128282945e+02 -7.128282945e+02 +5.9671e-01 -3.8264e-02
3 0 +2.454834406e+02 -7.545165594e+02 -7.545165594e+02 -1.3415e-01 -1.3414e-01
6 0 +1.973773755e+02 -8.026226245e+02 -8.026226245e+02 -3.6342e-01 -3.6573e-01
7 0 +1.753508553e+02 -8.246491447e+02 -8.246491447e+02 +3.4196e-01 -1.8133e+00
8 0 +1.349258872e+02 -8.650741128e+02 -8.650741128e+02 -1.6249e+00 -4.6229e-01
10 0 +1.265949421e+02 -8.734050579e+02 -8.734050579e+02 -8.0802e-01 -1.3123e+00
11 0 +9.235280715e+00 -9.907647193e+02 -9.907647193e+02 -2.9369e+00 -3.8050e+00
75 0 +7.530440358e+00 -9.924695596e+02 -9.924695596e+02 -3.0669e+00 -4.0928e+00
78 0 +3.664306915e+00 -9.963356931e+02 -9.963356931e+02 -3.6828e+00 -3.2561e+00
106 0 +1.004219698e+00 -9.989957803e+02 -9.989957803e+02 -3.7271e+00 -3.2348e+00
381 0 +1.001935546e+00 -9.989980645e+02 -9.989980645e+02 -3.9184e+00 -2.6696e+00
382 0 +9.953670884e-01 -9.990046329e+02 -9.990046329e+02 -3.9195e+00 -2.6701e+00
% f evaluations | g evaluations | best noise-free fitness - Fopt (-9.247000000000e+01) + sum g_i+ | measured fitness | best measured fitness or single-digit g-values | x1 | x2...
1 0 +3.495364805e+01 -5.751635195e+01 -5.751635195e+01 +5.9671e-01 -3.8264e-02
3 0 +1.155357339e+01 -8.091642661e+01 -8.091642661e+01 -1.3415e-01 -1.3414e-01
32 0 +9.119447031e+00 -8.335055297e+01 -8.335055297e+01 +4.6494e-01 -8.5758e-01
34 0 +8.689936469e+00 -8.378006353e+01 -8.378006353e+01 +7.8307e-01 +1.9380e-01
42 0 +4.152664442e+00 -8.831733556e+01 -8.831733556e+01 +1.9855e+00 -4.1147e-01
72 0 +3.554345337e+00 -8.891565466e+01 -8.891565466e+01 +1.9788e+00 -4.8123e-01
94 0 +1.048417128e+00 -9.142158287e+01 -9.142158287e+01 +2.3064e+00 +1.1199e-02
242 0 +1.027756686e+00 -9.144224331e+01 -9.144224331e+01 +2.0433e+00 -4.6419e-01
289 0 +1.015681125e+00 -9.145431887e+01 -9.145431887e+01 +2.0461e+00 -4.6396e-01
290 0 +1.012263562e+00 -9.145773644e+01 -9.145773644e+01 +2.0476e+00 -4.6360e-01
295 0 +9.982685046e-01 -9.147173150e+01 -9.147173150e+01 +2.0564e+00 -4.6599e-01
345 0 +9.977262007e-01 -9.147227380e+01 -9.147227380e+01 +2.0523e+00 -4.6431e-01
348 0 +9.958528900e-01 -9.147414711e+01 -9.147414711e+01 +2.0525e+00 -4.6507e-01
357 0 +9.951114867e-01 -9.147488851e+01 -9.147488851e+01 +2.0538e+00 -4.6492e-01
380 0 +9.950623613e-01 -9.147493764e+01 -9.147493764e+01 +2.0537e+00 -4.6505e-01
405 0 +9.950317061e-01 -9.147496829e+01 -9.147496829e+01 +2.0545e+00 -4.6494e-01
412 0 +9.949864312e-01 -9.147501357e+01 -9.147501357e+01 +2.0542e+00 -4.6520e-01
413 0 +9.949715760e-01 -9.147502842e+01 -9.147502842e+01 +2.0544e+00 -4.6516e-01
439 0 +9.949665908e-01 -9.147503341e+01 -9.147503341e+01 +2.0542e+00 -4.6513e-01
