% f evaluations | g evaluations | best noise-free fitness - Fopt (1.026100000000e+02) + sum g_i+ | measured fitness | best measured fitness or single-digit g-values | x1 | x2...
1 0 +1.660437975e+02 +2.686537975e+02 +2.686537975e+02 +5.9671e-01 -3.8264e-02 +7.4769e-01 +1.6230e+00 -1.3415e-01 -1.3414e-01 +1.6792e+00 +8.6743e-01 -3.6947e-01 +6.4256e-01
2 0 +1.622099313e+02 +2.648199313e+02 +2.648199313e+02 -3.6342e-01 -3.6573e-01 +3.4196e-01 -1.8133e+00 -1.6249e+00 -4.6229e-01 -9.1283e-01 +4.1425e-01 -8.0802e-01 -1.3123e+00
3 0 +1.616337172e+02 +2.642437172e+02 +2.642437172e+02 +1.5656e+00 -1.2578e-01 +1.6753e-01 -1.3247e+00 -4.4438e-01 +2.1092e-01 -1.0510e+00 +4.7570e-01 -5.0064e-01 -1.9169e-01
5 0 +1.396746580e+02 +2.422846580e+02 +2.422846580e+02 +8.3847e-01 +2.7137e-01 -1.5648e-02 -2.0110e-01 -1.3785e+00 -6.1984e-01 -3.6064e-01 +1.1571e+00 +4.4362e-01 -1.6630e+00
9 0 +1.244409204e+02 +2.270509204e+02 +2.270509204e+02 -1.1967e-01 +4.5711e-01 +1.5779e+00 -4.1827e-01 -7.0849e-01 -4.0176e-01 +1.0154e+00 +4.2875e-01 -4.2976e-01 +6.1327e-01
12 0 +8.816334265e+01 +1.907733426e+02 +1.907733426e+02 -1.8188e+00 +7.3486e-02 +1.6023e-01 +2.5632e+00 -9.2361e-02 +4.0155e-01 +6.5288e-02 -1.0687e+00 +1.2428e+00 +8.5193e-01
92 0 +8.724124645e+01 +1.898512465e+02 +1.898512465e+02 -1.2743e+00 -3.2798e-01 +7.3507e-01 +1.2999e+00 -1.5382e+00 +6.7390e-01 +1.4991e+00 -1.1378e+00 +4.9479e-02 +1.3048e+00
411 0 +7.028221056e+01 +1.728922106e+02 +1.728922106e+02 -2.7451e+00 -5.3996e-01 -1.2995e+00 +1.3748e+00 -2.0868e+00 +6.4638e-01 +1.4040e+00 -2.6248e+00 +1.0622e+00 +2.2723e+00
508 0 +5.496223993e+01 +1.575722399e+02 +1.575722399e+02 -1.7526e+00 -4.8334e-01 -4.4432e-01 +7.3179e-01 -2.5864e+00 +1.4577e-01 +1.6713e+00 -2.5884e+00 +1.7066e+00 +2.3096e+00
% f evaluations | g evaluations | best noise-free fitness - Fopt (9.330000000000e+01) + sum g_i+ | measured fitness | best measured fitness or single-digit g-values | x1 | x2...
1 0 +2.041433467e+02 +2.974433467e+02 +2.974433467e+02 +5.9671e-01 -3.8264e-02 +7.4769e-01 +1.6230e+00 -1.3415e-01 -1.3414e-01 +1.6792e+00 +8.6743e-01 -3.6947e-01 +6.4256e-01
3 0 +1.643787018e+02 +2.576787018e+02 +2.576787018e+02 +1.5656e+00 -1.2578e-01 +1.6753e-01 -1.3247e+00 -4.4438e-01 +2.1092e-01 -1.0510e+00 +4.7570e-01 -5.0064e-01 -1.9169e-01
4 0 +1.538965097e+02 +2.471965097e+02 +2.471965097e+02 -5.0171e-01 +1.9523e+00 +8.6503e-02 -9.5771e-01 +9.2254e-01 -1.1208e+00 +3.0886e-01 -1.8597e+00 -1.2282e+00 +2.9686e-01
5 0 +1.433332112e+02 +2.366332112e+02 +2.366332112e+02 +8.3847e-01 +2.7137e-01 -1.5648e-02 -2.0110e-01 -1.3785e+00 -6.1984e-01 -3.6064e-01 +1.1571e+00 +4.4362e-01 -1.6630e+00
13 0 +1.313436920e+02 +2.246436920e+02 +2.246436920e+02 +8.9103e-01 -8.0939e-01 +1.5028e+00 -1.3019e+00 +6.8686e-01 +2.2905e+00 -8.9054e-01 -4.6630e-01 +1.9965e-01 -4.0348e-01
32 0 +1.197523705e+02 +2.130523705e+02 +2.130523705e+02 -1.1768e-01 +1.1988e+00 +9.2542e-01 +9.1351e-01 +1.4055e+00 +1.2100e-01 +7.8195e-01 -2.1027e-01 +4.2417e-01 -3.0143e-02
40 0 +1.164662424e+02 +2.097662424e+02 +2.097662424e+02 -7.9841e-01 +5.9192e-01 -1.2202e+00 +1.9315e+00 +1.2794e+00 -3.6918e-01 -1.6131e+00 +1.4539e+00 -1.4540e-02 +1.3378e+00
59 0 +1.088898319e+02 +2.021898319e+02 +2.021898319e+02 +4.5477e-01 -2.4717e-01 +1.0740e+00 +2.0531e-01 -5.2460e-01 +1.2221e-01 -1.8722e+00 -8.9247e-01 +1.3690e-01 +2.3858e-01
120 0 +1.007652250e+02 +1.940652250e+02 +1.940652250e+02 -3.1233e-01 +6.7020e-01 +5.7528e-02 -1.8618e-01 +2.2566e+00 +6.7556e-02 +3.1074e-01 +1.2824e+00 +6.9280e-01 +6.3682e-01
162 0 +9.172115532e+01 +1.850211553e+02 +1.850211553e+02 -1.5976e+00 +2.5072e+00 -5.4673e-01 +6.3824e-01 +1.6909e+00 -1.4194e+00 +6.7174e-01 +2.4410e+00 +1.0820e+00 +5.6241e-01
523 0 +8.796334969e+01 +1.812633497e+02 +1.812633497e+02 -9.8276e-01 +1.3402e+00 -2.6489e+00 -1.8695e-01 +2.1627e+00 -2.0072e+00 +2.9807e+00 +2.7558e+00 +6.9902e-01 +1.5524e+00
607 0 +7.740099895e+01 +1.707009989e+02 +1.707009989e+02 -1.4786e+00 +1.6428e+00 -9.1795e-01 -2.5311e+00 +2.3233e+00 -1.3778e+00 +9.6000e-01 +2.3658e+00 +1.3384e+00 +2.7243e+00
718 0 +4.479391616e+01 +1.380939162e+02 +1.380939162e+02 -1.9000e+00 +1.9144e+00 -1.8131e+00 -2.3964e+00 +2.0061e+00 -2.0301e+00 +1.8810e+00 +2.2420e+00 +1.5881e+00 +2.1113e+00
% f evaluations | g evaluations | best noise-free fitness - Fopt (1.364000000000e+01) + sum g_i+ | measured fitness | best measured fitness or single-digit g-values | x1 | x2...
1 0 +1.721594322e+02 +1.857994322e+02 +1.857994322e+02 +5.9671e-01 -3.8264e-02 +7.4769e-01 +1.6230e+00 -1.3415e-01 -1.3414e-01 +1.6792e+00 +8.6743e-01 -3.6947e-01 +6.4256e-01
2 0 +1.613578026e+02 +1.749978026e+02 +1.749978026e+02 -3.6342e-01 -3.6573e-01 +3.4196e-01 -1.8133e+00 -1.6249e+00 -4.6229e-01 -9.1283e-01 +4.1425e-01 -8.0802e-01 -1.3123e+00
7 0 +1.607743315e+02 +1.744143315e+02 +1.744143315e+02 -3.7917e-01 -8.5659e-02 -1.0063e+00 -1.0962e+00 +9.1253e-01 +1.4562e+00 +2.7990e-02 +1.1035e+00 +4.6164e-01 -5.4512e-01
8 0 +1.591245295e+02 +1.727645295e+02 +1.727645295e+02 +4.6140e-01 +1.6380e+00 +6.4174e-02 +1.6646e+00 -2.5197e+00 +9.2190e-01 +1.8705e-01 -1.9901e-01 +1.9176e-01 -1.8876e+00
12 0 +1.571647080e+02 +1.708047080e+02 +1.708047080e+02 -1.8188e+00 +7.3486e-02 +1.6023e-01 +2.5632e+00 -9.2361e-02 +4.0155e-01 +6.5288e-02 -1.0687e+00 +1.2428e+00 +8.5193e-01
15 0 +1.287897258e+02 +1.424297258e+02 +1.424297258e+02 +3.2746e-01 +1.4071e+00 -1.5075e+00 +2.8463e-01 +3.5988e-01 +8.8182e-01 -1.1370e+00 -1.2205e+00 +6.2194e-01 +3.9698e-01
19 0 +1.241392179e+02 +1.377792179e+02 +1.377792179e+02 +7.2567e-01 -7.5716e-01 -9.7089e-01 +5.8247e-01 -1.2346e-01 +8.1400e-01 +5.7324e-01 +2.7171e-02 -7.4679e-01 -1.4148e+00
46 0 +1.236389955e+02 +1.372789955e+02 +1.372789955e+02 +3.7321e-02 +1.0551e+00 -8.8573e-01 +6.0405e-01 -4.3026e-01 -6.9287e-01 -7.0304e-03 -9.3524e-01 -4.5365e-01 -1.0979e+00
74 0 +1.175793701e+02 +1.312193701e+02 +1.312193701e+02 +1.5318e+00 +1.4093e+00 -7.5476e-01 +7.9995e-01 +5.4475e-01 +1.4991e+00 +1.1215e+00 -1.3270e+00 +4.1665e-01 -4.5045e-01
100 0 +9.648619015e+01 +1.101261902e+02 +1.101261902e+02 +7.3373e-01 -6.9193e-02 +3.7833e-01 -6.6697e-01 -1.2212e+00 +1.5938e-01 +7.6359e-01 -1.3170e-01 -2.5606e+00 +5.4855e-01
155 0 +9.375599616e+01 +1.073959962e+02 +1.073959962e+02 -2.7507e-01 +1.4428e-01 +1.5213e+00 +7.5111e-01 +4.9928e-01 -7.4181e-01 -7.0000e-01 +1.1043e+00 +1.2397e+00 +1.8556e+00
254 0 +9.072301859e+01 +1.043630186e+02 +1.043630186e+02 -1.4236e+00 -6.3245e-01 +9.0135e-01 +1.9711e+00 -6.9598e-01 -1.0151e+00 -9.7147e-01 -9.1193e-01 +5.5420e-01 +1.1939e+00
258 0 +8.956104999e+01 +1.032010500e+02 +1.032010500e+02 +1.1817e+00 +1.5938e+00 +3.4460e-01 -1.1957e+00 -6.6319e-01 -3.8782e-01 +5.5626e-02 -5.0454e-01 -1.2404e-01 -1.6871e+00
270 0 +7.979711541e+01 +9.343711541e+01 +9.343711541e+01 +1.5401e+00 +3.2577e-01 -5.1684e-01 -1.7656e-01 -5.9996e-01 +1.1900e+00 +1.1024e+00 -5.0683e-01 -6.5894e-01 -8.9555e-01
424 0 +7.937804978e+01 +9.301804978e+01 +9.301804978e+01 +1.7554e+00 +1.8984e+00 -9.7326e-01 -1.1727e+00 -1.6932e-01 +4.5246e-01 +4.8099e-01 -1.8847e+00 -6.9606e-01 -1.8405e+00
450 0 +7.273353903e+01 +8.637353903e+01 +8.637353903e+01 +1.1512e+00 +1.1836e+00 -1.4689e+00 -7.7904e-02 -6.8588e-01 +1.4347e+00 +6.8733e-01 -1.6769e+00 -9.5662e-01 -1.2538e+00
672 0 +6.511947484e+01 +7.875947484e+01 +7.875947484e+01 +3.7362e-01 +3.9571e-01 -1.7909e+00 -1.4045e+00 -1.8158e+00 +2.1506e+00 +1.3997e+00 -4.9949e-01 -1.4421e+00 -2.1695e+00
691 0 +6.450283919e+01 +7.814283919e+01 +7.814283919e+01 +1.6712e+00 +1.8501e+00 -2.4600e+00 -7.1308e-01 -2.2034e+00 +2.4103e+00 +1.4124e+00 -2.3279e+00 -9.3499e-01 -3.1804e+00
909 0 +6.062665668e+01 +7.426665668e+01 +7.426665668e+01 +2.9952e-01 +1.1904e+00 -6.5511e-01 -1.2168e+00 -4.3300e-01 +1.0633e+00 +7.0159e-01 -1.9366e+00 -3.2977e-01 -1.6990e+00
2138 0 +5.795421919e+01 +7.159421919e+01 +7.159421919e+01 +2.2400e+00 +7.7841e-01 -5.6342e-01 -1.7803e+00 -2.0776e+00 +1.3224e+00 +8.0099e-01 -1.1502e+00 -9.0672e-01 -1.3967e+00
2319 0 +5.639504927e+01 +7.003504927e+01 +7.003504927e+01 +1.7184e+00 +1.6022e+00 -8.6162e-01 -1.3448e+00 -1.6045e+00 +1.2970e+00 +1.0195e+00 -1.8663e+00 +4.0868e-02 -1.5251e+00
% f evaluations | g evaluations | best noise-free fitness - Fopt (1.948000000000e+02) + sum g_i+ | measured fitness | best measured fitness or single-digit g-values | x1 | x2...
1 0 +1.954988160e+02 +3.902988160e+02 +3.902988160e+02 +5.9671e-01 -3.8264e-02 +7.4769e-01 +1.6230e+00 -1.3415e-01 -1.3414e-01 +1.6792e+00 +8.6743e-01 -3.6947e-01 +6.4256e-01
2 0 +1.399612007e+02 +3.347612007e+02 +3.347612007e+02 -3.6342e-01 -3.6573e-01 +3.4196e-01 -1.8133e+00 -1.6249e+00 -4.6229e-01 -9.1283e-01 +4.1425e-01 -8.0802e-01 -1.3123e+00
6 0 +1.072936553e+02 +3.020936553e+02 +3.020936553e+02 +4.2408e-01 -2.8508e-01 -5.7692e-01 +7.1168e-01 +1.1310e+00 +1.0313e+00 -7.3922e-01 -2.0921e-01 +4.3126e-01 +1.0755e+00
54 0 +1.035953868e+02 +2.983953868e+02 +2.983953868e+02 +8.8147e-01 +1.2451e+00 -2.2436e-02 +1.1774e+00 +2.3907e+00 +3.5540e-01 -7.4611e-02 -9.1780e-01 +2.1085e+00 +4.5380e-02
80 0 +1.014590851e+02 +2.962590851e+02 +2.962590851e+02 +7.2303e-01 +2.0649e+00 +3.2228e-02 +5.8064e-01 +5.4188e-01 -8.3577e-02 +1.3987e+00 -5.1893e-01 -1.0560e-01 +2.9994e-02
160 0 +9.206483996e+01 +2.868648400e+02 +2.868648400e+02 +7.4855e-01 +8.1401e-01 +1.1200e+00 +2.0592e+00 +4.2782e-01 -1.2097e+00 -1.1435e+00 -1.6836e+00 +1.2741e-01 +1.4756e+00
166 0 +8.305931646e+01 +2.778593165e+02 +2.778593165e+02 +5.4684e-01 +5.4858e-01 -5.8247e-01 +9.4451e-01 +2.4370e-01 +1.5710e-01 -7.9732e-01 -2.2216e+00 +9.2797e-01 +5.9285e-01
186 0 +6.920849128e+01 +2.640084913e+02 +2.640084913e+02 +1.2270e+00 -2.7098e-01 -1.8685e+00 +7.5572e-01 +2.4703e-02 +1.1632e+00 -1.6388e+00 -1.1641e+00 +7.0796e-01 +4.3766e-01
655 0 +6.733266049e+01 +2.621326605e+02 +2.621326605e+02 +1.6340e+00 +1.8869e+00 -1.8655e+00 +1.9222e+00 +9.4255e-01 -9.7247e-01 -2.0391e+00 -2.4550e+00 +1.8658e+00 +7.1881e-01
826 0 +5.887902971e+01 +2.536790297e+02 +2.536790297e+02 +6.7652e-01 +1.3082e+00 -9.1271e-01 +2.2810e+00 +6.3666e-01 -8.1088e-01 -8.7998e-01 -2.4085e+00 +1.5445e+00 +8.7676e-01
1195 0 +5.869951923e+01 +2.534995192e+02 +2.534995192e+02 +7.2016e-01 +7.8502e-01 -2.6368e-01 +1.9266e+00 +1.6777e+00 -1.2778e+00 -1.3844e+00 -1.8441e+00 +2.2735e+00 +1.0294e+00
1521 0 +4.527104775e+01 +2.400710477e+02 +2.400710477e+02 +2.5646e-01 +1.6738e+00 -6.5695e-01 +1.3468e+00 +1.0452e+00 -1.4047e+00 -1.4321e+00 -2.0458e+00 +1.5125e+00 +8.5078e-01
% f evaluations | g evaluations | best noise-free fitness - Fopt (-1.335900000000e+02) + sum g_i+ | measured fitness | best measured fitness or single-digit g-values | x1 | x2...
1 0 +1.730437133e+02 +3.945371328e+01 +3.945371328e+01 +5.9671e-01 -3.8264e-02 +7.4769e-01 +1.6230e+00 -1.3415e-01 -1.3414e-01 +1.6792e+00 +8.6743e-01 -3.6947e-01 +6.4256e-01
2 0 +1.597862231e+02 +2.619622310e+01 +2.619622310e+01 -3.6342e-01 -3.6573e-01 +3.4196e-01 -1.8133e+00 -1.6249e+00 -4.6229e-01 -9.1283e-01 +4.1425e-01 -8.0802e-01 -1.3123e+00
9 0 +1.326779140e+02 -9.120859939e-01 -9.120859939e-01 -1.1967e-01 +4.5711e-01 +1.5779e+00 -4.1827e-01 -7.0849e-01 -4.0176e-01 +1.0154e+00 +4.2875e-01 -4.2976e-01 +6.1327e-01
36 0 +1.211747369e+02 -1.241526310e+01 -1.241526310e+01 +4.1091e-01 +1.5754e+00 +9.5766e-01 -5.9939e-02 +8.0984e-02 -9.0253e-01 +8.1487e-02 -1.8866e-01 +4.2272e-01 -7.2723e-01
68 0 +1.150509983e+02 -1.853900175e+01 -1.853900175e+01 -2.1165e-02 +8.5374e-02 -1.9929e+00 +2.1764e+00 +1.5433e+00 -9.0337e-01 -7.0486e-01 -8.1748e-01 +9.9432e-02 +6.8947e-01
80 0 +1.125770812e+02 -2.101291882e+01 -2.101291882e+01 -6.0775e-02 -1.9082e-01 -1.3367e-01 +8.9866e-01 +5.3587e-01 -1.2302e+00 +2.8421e-01 +4.7599e-01 +7.0165e-01 -1.5007e+00
92 0 +1.116644653e+02 -2.192553474e+01 -2.192553474e+01 +2.7278e-01 -9.8631e-01 +4.4762e-01 -1.5556e-02 -3.5750e-02 -4.8427e-01 +4.2387e-01 +3.9707e-01 +5.8924e-01 +6.1316e-01
152 0 +1.061883847e+02 -2.740161528e+01 -2.740161528e+01 -6.0976e-01 +1.7732e+00 +2.8203e-01 -1.0284e+00 +5.4420e-01 +5.7327e-01 +1.4293e+00 -1.0291e+00 -5.8274e-01 -3.1000e-01
210 0 +9.902142990e+01 -3.456857010e+01 -3.456857010e+01 +1.3572e+00 +3.8634e-01 -1.4555e+00 +5.1481e-01 -3.1815e-01 -1.5368e+00 +1.0959e-01 +8.1063e-01 +1.9789e+00 -8.1476e-01
238 0 +9.215501710e+01 -4.143498290e+01 -4.143498290e+01 -7.7838e-01 +2.1444e+00 +7.1814e-01 +2.0524e-01 -3.6915e-01 +3.9996e-01 +3.8778e-01 -2.4480e-01 -6.9278e-01 -1.4021e-01
361 0 +7.685654361e+01 -5.673345639e+01 -5.673345639e+01 -1.6745e+00 +1.6194e+00 +1.4054e+00 -1.3007e+00 -1.4936e+00 +1.7139e+00 +4.9385e-01 -1.2803e+00 -3.3779e-01 +2.6097e+00
403 0 +7.482717618e+01 -5.876282382e+01 -5.876282382e+01 -1.2770e+00 +1.3512e+00 +2.6071e+00 -1.9212e+00 -6.8935e-01 +2.1063e+00 +5.5309e-01 -1.7170e+00 -1.4254e+00 +1.1139e+00
413 0 +7.016046573e+01 -6.342953427e+01 -6.342953427e+01 -2.3010e+00 +2.0398e+00 +2.7898e+00 -3.4654e+00 -1.4807e+00 +2.1784e+00 +2.0409e+00 -1.1289e+00 -1.3124e+00 +1.0614e+00
665 0 +5.839332716e+01 -7.519667284e+01 -7.519667284e+01 -7.5839e-01 +2.1624e+00 +2.9614e+00 -1.3995e+00 -3.4186e-01 +3.5669e-01 +1.5478e+00 -5.4712e-01 -1.2932e+00 +3.6171e-01
1194 0 +5.245892131e+01 -8.113107869e+01 -8.113107869e+01 -2.5224e+00 +7.6554e-02 +5.1462e-01 -1.2279e+00 -1.2171e+00 +2.1971e+00 +8.5066e-02 -1.9960e+00 -1.0155e+00 +1.2561e+00
2296 0 +5.129178180e+01 -8.229821820e+01 -8.229821820e+01 -1.8241e+00 +1.2542e+00 +1.2692e+00 -1.8541e+00 -1.1447e+00 +7.5805e-01 +1.4613e+00 -1.5712e+00 -1.6735e+00 +1.2289e+00
2368 0 +3.492034725e+01 -9.866965275e+01 -9.866965275e+01 -1.6512e+00 +1.1161e+00 +1.3365e+00 -1.9351e+00 -1.0628e+00 +8.5962e-01 +1.1831e+00 -1.6419e+00 -1.4753e+00 +1.2141e+00
% f evaluations | g evaluations | best noise-free fitness - Fopt (-3.085000000000e+01) + sum g_i+ | measured fitness | best measured fitness or single-digit g-values | x1 | x2...
1 0 +1.315075751e+02 +1.006575751e+02 +1.006575751e+02 +5.9671e-01 -3.8264e-02 +7.4769e-01 +1.6230e+00 -1.3415e-01 -1.3414e-01 +1.6792e+00 +8.6743e-01 -3.6947e-01 +6.4256e-01
60 0 +9.907397089e+01 +6.822397089e+01 +6.822397089e+01 +7.5488e-01 +1.3473e+00 -4.1737e-01 +7.6678e-01 +3.4888e-01 +7.9606e-01 -1.5710e+00 -9.4764e-02 +1.4056e+00 +8.9180e-01
233 0 +8.993827090e+01 +5.908827090e+01 +5.908827090e+01 +7.5430e-01 +1.1208e+00 -6.2567e-01 +1.9811e+00 -1.3849e-01 +1.0322e+00 -9.2265e-01 +7.8473e-01 -1.2182e+00 +2.4326e+00
277 0 +8.863524739e+01 +5.778524739e+01 +5.778524739e+01 +2.8996e+00 +9.0761e-01 -9.7595e-01 +2.5246e+00 +9.7363e-01 +4.6985e-01 -3.8481e-01 +1.5741e+00 -2.6077e+00 +1.5414e-01
481 0 +8.783967546e+01 +5.698967546e+01 +5.698967546e+01 +1.0569e+00 +2.3388e+00 -2.9936e+00 -2.2916e-01 +2.5698e+00 +1.0677e+00 -9.8300e-01 +2.6679e+00 -3.1304e+00 +4.1081e-02
640 0 +8.137667292e+01 +5.052667292e+01 +5.052667292e+01 +1.9359e+00 -2.7890e-01 -5.3786e-01 +2.8756e+00 +2.5809e-01 +3.9204e-01 -2.1389e+00 +8.8134e-01 -1.7503e+00 -4.2601e-01
722 0 +4.665242047e+01 +1.580242047e+01 +1.580242047e+01 +2.2551e+00 +9.9830e-01 -9.0974e-01 +6.2717e-01 +1.2806e+00 +1.4247e+00 -2.4136e+00 +1.4778e+00 -1.9362e+00 -2.0762e-01
% f evaluations | g evaluations | best noise-free fitness - Fopt (-9.200000000000e+00) + sum g_i+ | measured fitness | best measured fitness or single-digit g-values | x1 | x2...
1 0 +2.097373124e+02 +2.005373124e+02 +2.005373124e+02 +5.9671e-01 -3.8264e-02 +7.4769e-01 +1.6230e+00 -1.3415e-01 -1.3414e-01 +1.6792e+00 +8.6743e-01 -3.6947e-01 +6.4256e-01
2 0 +1.670872038e+02 +1.578872038e+02 +1.578872038e+02 -3.6342e-01 -3.6573e-01 +3.4196e-01 -1.8133e+00 -1.6249e+00 -4.6229e-01 -9.1283e-01 +4.1425e-01 -8.0802e-01 -1.3123e+00
5 0 +1.628649010e+02 +1.536649010e+02 +1.536649010e+02 +8.3847e-01 +2.7137e-01 -1.5648e-02 -2.0110e-01 -1.3785e+00 -6.1984e-01 -3.6064e-01 +1.1571e+00 +4.4362e-01 -1.6630e+00
10 0 +1.447175242e+02 +1.355175242e+02 +1.355175242e+02 +1.9708e-01 +1.0686e+00 -6.0205e-01 -2.2766e-01 -2.9211e-01 -1.3635e+00 +3.9612e-01 +3.6106e-01 +1.0511e-01 -1.3459e-01
11 0 +1.434526752e+02 +1.342526752e+02 +1.342526752e+02 -1.3154e+00 -3.2065e-01 -2.4271e-01 -7.0228e-01 -6.1286e-02 +5.0405e-01 +1.9862e+00 +2.7458e-01 +3.5755e-01 +2.5554e-02
22 0 +1.250648598e+02 +1.158648598e+02 +1.158648598e+02 +6.7089e-01 +1.2356e+00 +1.0540e+00 +7.5139e-01 -2.1527e-01 +8.5897e-01 -6.7283e-01 -1.3682e-01 -3.8536e-01 +1.8187e-01
24 0 +1.228589784e+02 +1.136589784e+02 +1.136589784e+02 -6.3037e-01 +3.1646e-01 +1.4557e-01 -5.5160e-01 +2.2439e+00 +7.3392e-01 -1.9251e+00 +2.8645e-01 -5.6179e-01 +9.5243e-01
54 0 +1.140515558e+02 +1.048515558e+02 +1.048515558e+02 -5.2760e-01 +1.9352e+00 +9.6651e-02 +4.4198e-01 +1.3269e+00 -5.6104e-02 +5.7516e-01 -8.0799e-01 +1.9350e+00 +1.3148e+00
69 0 +9.893078248e+01 +8.973078248e+01 +8.973078248e+01 +2.6720e-01 +3.9789e-01 -2.4482e-01 -5.1577e-02 +4.1399e-01 +7.9732e-01 -9.0298e-01 -1.0557e+00 -2.1857e-01 +1.4470e+00
102 0 +9.015711394e+01 +8.095711394e+01 +8.095711394e+01 +1.8302e-01 +2.0692e+00 +1.7525e+00 +6.2626e-01 +2.0681e+00 -6.3543e-01 -2.0879e+00 -1.9535e+00 -7.7258e-01 +1.2798e+00
163 0 +6.688621082e+01 +5.768621082e+01 +5.768621082e+01 +1.3346e+00 +2.1082e+00 +1.5029e+00 +5.5865e-01 +1.5484e-01 +6.8343e-01 -1.6660e+00 -2.1940e+00 -1.6269e-01 +1.5874e+00
611 0 +6.227640621e+01 +5.307640621e+01 +5.307640621e+01 +1.9969e+00 +1.3699e+00 +1.2219e+00 +1.7991e+00 +1.3587e+00 +5.0248e-01 -2.3756e+00 -2.7347e+00 +1.3837e+00 -2.4277e-01
1732 0 +5.114467729e+01 +4.194467729e+01 +4.194467729e+01 +1.8715e+00 +1.4946e+00 +1.8604e+00 +1.8324e+00 +1.7679e+00 +7.4237e-01 -1.1801e+00 -1.2081e+00 +1.3449e+00 +9.2279e-01
% f evaluations | g evaluations | best noise-free fitness - Fopt (-2.037600000000e+02) + sum g_i+ | measured fitness | best measured fitness or single-digit g-values | x1 | x2...
1 0 +1.342291040e+02 -6.953089600e+01 -6.953089600e+01 +5.9671e-01 -3.8264e-02 +7.4769e-01 +1.6230e+00 -1.3415e-01 -1.3414e-01 +1.6792e+00 +8.6743e-01 -3.6947e-01 +6.4256e-01
22 0 +1.231789671e+02 -8.058103293e+01 -8.058103293e+01 +6.7089e-01 +1.2356e+00 +1.0540e+00 +7.5139e-01 -2.1527e-01 +8.5897e-01 -6.7283e-01 -1.3682e-01 -3.8536e-01 +1.8187e-01
27 0 +1.035123500e+02 -1.002476500e+02 -1.002476500e+02 -8.2693e-01 +4.0475e-02 -3.1413e+00 -9.2439e-01 -1.5257e-01 -1.1478e+00 +1.7324e+00 -1.3301e+00 -3.4004e-01 +2.3074e-01
44 0 +9.435781486e+01 -1.094021851e+02 -1.094021851e+02 -1.0833e+00 -1.9392e+00 -1.6941e-01 +8.1754e-01 +1.6024e+00 +1.7409e-01 +1.7286e+00 -1.2801e+00 -1.6034e+00 +4.4452e-02
111 0 +7.508778381e+01 -1.286722162e+02 -1.286722162e+02 -8.7228e-01 -5.4299e-03 -1.3024e+00 +8.6808e-03 +6.9415e-01 -3.1526e-01 +2.3216e+00 -6.5718e-01 +1.4927e-01 -1.1715e+00
392 0 +7.058193974e+01 -1.331780603e+02 -1.331780603e+02 +4.9382e-02 -2.0356e+00 -4.8487e-01 -2.1272e+00 +1.0874e+00 -1.8084e+00 +2.6919e+00 -1.1483e+00 -2.1267e+00 -3.5648e-01
626 0 +6.858666432e+01 -1.351733357e+02 -1.351733357e+02 -1.3055e+00 -9.6932e-01 -1.3615e+00 -9.3968e-01 +1.2612e+00 -1.7771e+00 +1.6563e+00 -1.1767e+00 -1.6627e+00 -1.9870e+00
627 0 +5.380257962e+01 -1.499574204e+02 -1.499574204e+02 -1.7974e+00 -2.0834e+00 -1.8104e+00 +3.3057e-02 +1.6729e+00 -1.3472e+00 +2.3739e+00 -1.1743e+00 -5.9189e-01 -5.6091e-01
1008 0 +4.505692075e+01 -1.587030793e+02 -1.587030793e+02 -1.6979e+00 -9.9957e-01 -2.1626e+00 -1.6352e+00 +8.7868e-01 -1.6445e+00 +1.1252e+00 -1.5283e+00 -1.2923e+00 -1.6706e+00
% f evaluations | g evaluations | best noise-free fitness - Fopt (3.399000000000e+01) + sum g_i+ | measured fitness | best measured fitness or single-digit g-values | x1 | x2...
1 0 +1.818598110e+02 +2.158498110e+02 +2.158498110e+02 +5.9671e-01 -3.8264e-02 +7.4769e-01 +1.6230e+00 -1.3415e-01 -1.3414e-01 +1.6792e+00 +8.6743e-01 -3.6947e-01 +6.4256e-01
3 0 +1.566771258e+02 +1.906671258e+02 +1.906671258e+02 +1.5656e+00 -1.2578e-01 +1.6753e-01 -1.3247e+00 -4.4438e-01 +2.1092e-01 -1.0510e+00 +4.7570e-01 -5.0064e-01 -1.9169e-01
4 0 +1.133446374e+02 +1.473346374e+02 +1.473346374e+02 -5.0171e-01 +1.9523e+00 +8.6503e-02 -9.5771e-01 +9.2254e-01 -1.1208e+00 +3.0886e-01 -1.8597e+00 -1.2282e+00 +2.9686e-01
41 0 +1.113832334e+02 +1.453732334e+02 +1.453732334e+02 -1.4944e+00 -4.9938e-01 +1.0524e-01 +1.4698e-01 -3.5007e-01 +7.2285e-01 -9.6762e-01 -4.2379e-02 +2.2030e-01 +6.1444e-01
51 0 +1.103381014e+02 +1.443281014e+02 +1.443281014e+02 +2.4932e+00 +7.5074e-01 -1.7020e+00 -1.3591e+00 +3.7944e-01 -2.1440e+00 -1.5988e+00 -2.2763e+00 -3.0183e-01 -5.1631e-01
191 0 +1.008484712e+02 +1.348384712e+02 +1.348384712e+02 +2.6526e+00 +2.4308e+00 -1.2124e-01 -2.7176e+00 +1.6422e+00 -1.4659e+00 +2.1668e+00 -5.0350e-02 +5.6476e-01 -1.1571e+00
325 0 +9.492159698e+01 +1.289115970e+02 +1.289115970e+02 +1.1827e+00 +1.2051e+00 +3.0298e-01 -1.0252e+00 +3.9140e+00 +1.0935e-01 +1.0756e-01 -1.7930e+00 +2.8514e+00 -9.1891e-01
351 0 +8.975328324e+01 +1.237432832e+02 +1.237432832e+02 +2.7772e+00 +1.3373e+00 -8.8168e-01 +6.0522e-01 +1.2710e+00 -8.0628e-01 +2.6734e-01 -6.2999e-01 +8.2222e-01 -1.3261e+00
460 0 +8.249227605e+01 +1.164822761e+02 +1.164822761e+02 +3.1133e+00 +2.1509e+00 -1.7767e+00 -1.9246e+00 +1.7130e+00 -9.9137e-01 +2.7070e+00 -8.7148e-01 +1.2069e+00 -9.8849e-01
523 0 +7.368885782e+01 +1.076788578e+02 +1.076788578e+02 +2.0293e+00 +2.2206e+00 -7.7244e-01 -1.7633e+00 +6.6735e-01 -2.3360e+00 +8.5843e-01 -1.8715e+00 +1.1280e+00 -2.9427e-01
534 0 +7.192416361e+01 +1.059141636e+02 +1.059141636e+02 +1.1457e+00 +1.4780e+00 -2.1626e+00 -2.3884e+00 +1.6500e+00 -3.7706e-01 +8.4246e-01 -2.9359e+00 +1.1081e+00 -2.4756e+00
553 0 +6.470489925e+01 +9.869489925e+01 +9.869489925e+01 +1.3013e+00 +2.4931e+00 -2.4416e+00 -2.0416e+00 +2.9333e+00 -9.5926e-01 +1.4430e+00 -1.6713e+00 +8.5599e-01 -1.3882e+00
633 0 +6.263335507e+01 +9.662335507e+01 +9.662335507e+01 +2.3116e+00 +2.1316e+00 -2.0196e-01 -8.0229e-01 +1.9291e+00 -2.2229e-01 +7.8640e-01 -1.2537e+00 +5.1533e-01 -9.0827e-01
743 0 +5.346909947e+01 +8.745909947e+01 +8.745909947e+01 +2.0568e+00 +1.2736e+00 -1.0459e+00 -8.9921e-01 +2.1780e+00 -1.4995e+00 +1.0377e+00 -1.7360e+00 +7.5644e-01 -1.0677e+00
1867 0 +4.645159623e+01 +8.044159623e+01 +8.044159623e+01 +1.8586e+00 +1.0261e+00 -1.2529e+00 -9.8276e-01 +1.8558e+00 -5.4144e-01 +1.4681e+00 -1.8404e+00 +2.1008e+00 -1.5710e+00
% f evaluations | g evaluations | best noise-free fitness - Fopt (-1.000000000000e+03) + sum g_i+ | measured fitness | best measured fitness or single-digit g-values | x1 | x2...
1 0 +2.174451937e+02 -7.825548063e+02 -7.825548063e+02 +5.9671e-01 -3.8264e-02 +7.4769e-01 +1.6230e+00 -1.3415e-01 -1.3414e-01 +1.6792e+00 +8.6743e-01 -3.6947e-01 +6.4256e-01
2 0 +1.920889044e+02 -8.079110956e+02 -8.079110956e+02 -3.6342e-01 -3.6573e-01 +3.4196e-01 -1.8133e+00 -1.6249e+00 -4.6229e-01 -9.1283e-01 +4.1425e-01 -8.0802e-01 -1.3123e+00
4 0 +1.296413628e+02 -8.703586372e+02 -8.703586372e+02 -5.0171e-01 +1.9523e+00 +8.6503e-02 -9.5771e-01 +9.2254e-01 -1.1208e+00 +3.0886e-01 -1.8597e+00 -1.2282e+00 +2.9686e-01
6 0 +1.276054200e+02 -8.723945800e+02 -8.723945800e+02 +4.2408e-01 -2.8508e-01 -5.7692e-01 +7.1168e-01 +1.1310e+00 +1.0313e+00 -7.3922e-01 -2.0921e-01 +4.3126e-01 +1.0755e+00
29 0 +1.108683436e+02 -8.891316564e+02 -8.891316564e+02 +2.1352e-01 +7.6213e-01 +1.6860e+00 -1.1378e+00 +2.2330e+00 -1.8521e+00 -5.1785e-02 +6.8832e-01 +3.8099e-01 -5.2270e-01
39 0 +9.416351412e+01 -9.058364859e+02 -9.058364859e+02 -7.3972e-01 -4.9939e-01 -2.0239e+00 -4.2576e-01 -6.5913e-01 +2.5039e-01 +4.4176e-01 +1.9762e+00 +1.0504e+00 -4.7690e-01
54 0 +9.322840664e+01 -9.067715934e+02 -9.067715934e+02 +1.2619e+00 +9.6102e-01 +1.1592e-01 -5.0171e-01 +1.2340e+00 -1.4494e+00 +6.6327e-01 -1.9929e-02 -1.2833e+00 -6.5811e-01
382 0 +7.903504947e+01 -9.209649505e+02 -9.209649505e+02 -1.2837e+00 +2.3987e-01 -2.0135e+00 +1.3714e+00 +6.0201e-01 -2.1087e-01 -2.4207e-01 -4.1572e-01 -2.8931e-02 +5.9526e-01
581 0 +7.052913107e+01 -9.294708689e+02 -9.294708689e+02 -2.2572e+00 -1.0866e+00 -1.3210e+00 +3.2721e-01 -1.0017e+00 +5.9764e-01 -9.2804e-01 -2.8984e-01 +2.1116e+00 +5.1218e-01
674 0 +6.412334123e+01 -9.358766588e+02 -9.358766588e+02 -8.2042e-01 -1.2603e+00 -1.5045e+00 +1.1885e+00 -1.3627e+00 +3.1875e-01 -1.0191e+00 +1.4960e+00 +1.1217e+00 +7.0920e-01
990 0 +4.170679394e+01 -9.582932061e+02 -9.582932061e+02 -1.3774e+00 -1.3529e+00 -2.0302e+00 +1.5281e+00 -1.2352e+00 +1.2377e+00 -1.6147e+00 +1.8043e+00 +1.7690e+00 +1.2400e+00
