% f evaluations | g evaluations | best noise-free fitness - Fopt (-2.098800000000e+02) + sum g_i+ | measured fitness | best measured fitness or single-digit g-values | x1 | x2...
1 0 +3.881792436e+06 +3.881582556e+06 +3.881582556e+06 +5.9671e-01 -3.8264e-02 +7.4769e-01 +1.6230e+00 -1.3415e-01
2 0 +1.683626694e+06 +1.683416814e+06 +1.683416814e+06 -1.3414e-01 +1.6792e+00 +8.6743e-01 -3.6947e-01 +6.4256e-01
7 0 +1.022656255e+06 +1.022446375e+06 +1.022446375e+06 -5.0171e-01 +1.9523e+00 +8.6503e-02 -9.5771e-01 +9.2254e-01
11 0 +4.809329989e+05 +4.807231189e+05 +4.807231189e+05 +4.2408e-01 -2.8508e-01 -5.7692e-01 +7.1168e-01 +1.1310e+00
27 0 +9.188126482e+04 +9.167138482e+04 +9.167138482e+04 -8.7205e-01 -5.2606e-01 -1.0645e+00 +1.0520e+00 +1.7191e+00
62 0 +3.579222563e+04 +3.558234563e+04 +3.558234563e+04 +1.2819e+00 +9.7266e-01 -8.9218e-02 +1.5346e+00 +1.8306e+00
103 0 +5.477136915e+03 +5.267256915e+03 +5.267256915e+03 -3.9254e-01 +1.6957e+00 +2.0827e+00 +2.1141e+00 +1.7633e+00
238 0 +5.306033928e+03 +5.096153928e+03 +5.096153928e+03 +1.9244e+00 +3.4770e+00 +4.7281e+00 +2.2079e+00 +1.7407e+00
292 0 +3.197600525e+03 +2.987720525e+03 +2.987720525e+03 +2.6651e+00 +4.7378e+00 +2.9112e+00 +2.4723e+00 +1.7435e+00
325 0 +1.886959860e+03 +1.677079860e+03 +1.677079860e+03 -4.6560e-01 +1.5385e+00 +3.6211e+00 +2.1754e+00 +1.7657e+00
350 0 +7.159502098e+02 +5.060702098e+02 +5.060702098e+02 -5.5381e-01 +4.4857e+00 +3.7229e+00 +2.3146e+00 +1.7799e+00
484 0 +2.877080381e+02 +7.782803805e+01 +7.782803805e+01 +2.5081e+00 +1.9178e+00 +3.1246e+00 +2.4110e+00 +1.7833e+00
781 0 +9.623767794e+01 -1.136423221e+02 -1.136423221e+02 +3.4357e+00 +2.9383e-01 +3.8012e+00 +2.3678e+00 +1.7817e+00
806 0 +3.565747183e+01 -1.742225282e+02 -1.742225282e+02 +2.4976e+00 +1.2636e+00 +3.4548e+00 +2.3875e+00 +1.7885e+00
831 0 +3.383866275e+01 -1.760413372e+02 -1.760413372e+02 +3.3198e+00 +3.8075e-01 +3.6845e+00 +2.4068e+00 +1.7861e+00
863 0 +1.168013077e+01 -1.981998692e+02 -1.981998692e+02 +3.3851e+00 +4.3175e-01 +3.5484e+00 +2.3731e+00 +1.7865e+00
996 0 +1.023977221e+01 -1.996402278e+02 -1.996402278e+02 +2.5246e+00 +2.6579e-01 +3.6166e+00 +2.3881e+00 +1.7837e+00
1133 0 +8.371737511e+00 -2.015082625e+02 -2.015082625e+02 +3.4235e+00 +4.2433e-01 +3.5957e+00 +2.3835e+00 +1.7866e+00
1164 0 +5.295520688e+00 -2.045844793e+02 -2.045844793e+02 +1.8009e+00 +5.3505e-01 +3.5512e+00 +2.3910e+00 +1.7836e+00
1201 0 +5.259004334e+00 -2.046209957e+02 -2.046209957e+02 +9.7736e-01 +3.4190e-01 +3.5997e+00 +2.3946e+00 +1.7851e+00
1203 0 +4.501599434e+00 -2.053784006e+02 -2.053784006e+02 +7.2459e-01 +6.3984e-01 +3.6022e+00 +2.3859e+00 +1.7862e+00
1220 0 +2.139515233e+00 -2.077404848e+02 -2.077404848e+02 +1.2031e+00 +5.6093e-01 +3.5929e+00 +2.3830e+00 +1.7856e+00
