% f evaluations | g evaluations | best noise-free fitness - Fopt (7.627000000000e+01) + sum g_i+ | measured fitness | best measured fitness or single-digit g-values | x1 | x2...
1 0 +1.115344780e+07 +1.115352407e+07 +1.115352407e+07 +5.9671e-01 -3.8264e-02
3 0 +9.255980039e+06 +9.256056309e+06 +9.256056309e+06 -1.3415e-01 -1.3414e-01
6 0 +8.086475554e+06 +8.086551824e+06 +8.086551824e+06 -3.6342e-01 -3.6573e-01
7 0 +2.336013123e+06 +2.336089393e+06 +2.336089393e+06 +3.4196e-01 -1.8133e+00
11 0 +1.605715474e+04 +1.613342474e+04 +1.613342474e+04 +3.9580e-01 -3.7012e+00
23 0 +2.791790644e+01 +1.041879064e+02 +1.041879064e+02 +2.8142e+00 -4.3335e+00
110 0 +4.499328557e+00 +8.076932856e+01 +8.076932856e+01 +6.7174e-01 -3.6612e+00
181 0 +2.839654141e+00 +7.910965414e+01 +7.910965414e+01 +2.9176e-01 -3.5385e+00
218 0 +2.229949845e+00 +7.849994985e+01 +7.849994985e+01 +4.5428e-01 -3.5913e+00
231 0 +1.350137089e+00 +7.762013709e+01 +7.762013709e+01 -2.9016e-01 -3.3564e+00
249 0 +1.171336584e+00 +7.744133658e+01 +7.744133658e+01 +5.0692e-03 -3.4492e+00
257 0 +1.114184432e+00 +7.738418443e+01 +7.738418443e+01 -2.6908e-01 -3.3630e+00
266 0 +1.075773142e+00 +7.734577314e+01 +7.734577314e+01 +2.7015e-02 -3.4559e+00
274 0 +7.113486875e-01 +7.698134869e+01 +7.698134869e+01 -7.2510e-02 -3.4243e+00
304 0 +6.444712196e-01 +7.691447122e+01 +7.691447122e+01 -1.6514e-01 -3.3946e+00
311 0 +4.497568129e-01 +7.671975681e+01 +7.671975681e+01 -4.0552e-01 -3.3186e+00
320 0 +4.130055816e-01 +7.668300558e+01 +7.668300558e+01 -4.8664e-01 -3.2937e+00
337 0 +1.002284487e-01 +7.637022845e+01 +7.637022845e+01 -8.1235e-01 -3.1906e+00
347 0 +3.245532108e-03 +7.627324553e+01 +7.627324553e+01 -9.2692e-01 -3.1540e+00
390 0 +8.062657772e-04 +7.627080627e+01 +7.627080627e+01 -9.1901e-01 -3.1566e+00
437 0 +3.947083325e-04 +7.627039471e+01 +7.627039471e+01 -9.3481e-01 -3.1515e+00
439 0 +4.622005099e-05 +7.627004622e+01 +7.627004622e+01 -9.4406e-01 -3.1486e+00
453 0 +2.408800506e-05 +7.627002409e+01 +7.627002409e+01 -9.3588e-01 -3.1512e+00
463 0 +9.447516376e-06 +7.627000945e+01 +7.627000945e+01 -9.3995e-01 -3.1499e+00
491 0 +1.963037732e-08 +7.627000002e+01 +7.627000002e+01 -9.3851e-01 -3.1504e+00
% f evaluations | g evaluations | best noise-free fitness - Fopt (-2.255000000000e+01) + sum g_i+ | measured fitness | best measured fitness or single-digit g-values | x1 | x2...
1 0 +7.681858844e+06 +7.681836294e+06 +7.681836294e+06 +5.9671e-01 -3.8264e-02
2 0 +4.145031237e+06 +4.145008687e+06 +4.145008687e+06 +7.4769e-01 +1.6230e+00
4 0 +2.001558928e+06 +2.001536378e+06 +2.001536378e+06 +1.6792e+00 +8.6743e-01
11 0 +1.345013038e+05 +1.344787538e+05 +1.344787538e+05 +3.9323e+00 -3.4660e-01
12 0 +7.277377253e+01 +5.022377253e+01 +5.022377253e+01 +2.6086e+00 +2.4271e+00
93 0 +4.439282058e+01 +2.184282058e+01 +2.184282058e+01 +4.5844e+00 -3.3716e+00
124 0 +3.251931568e+01 +9.969315678e+00 +9.969315678e+00 +3.4314e+00 +8.4188e-03
188 0 +6.921662473e+00 -1.562833753e+01 -1.562833753e+01 +3.3602e+00 +2.3717e-01
230 0 +5.461696105e+00 -1.708830389e+01 -1.708830389e+01 +3.0801e+00 +1.0659e+00
231 0 +3.630570432e+00 -1.891942957e+01 -1.891942957e+01 +3.0879e+00 +1.0355e+00
248 0 +2.706189445e+00 -1.984381056e+01 -1.984381056e+01 +3.0161e+00 +1.2517e+00
250 0 +1.941942073e+00 -2.060805793e+01 -2.060805793e+01 +2.3663e+00 +3.1724e+00
289 0 +9.609036927e-01 -2.158909631e+01 -2.158909631e+01 +2.6179e+00 +2.4226e+00
290 0 +3.592712301e-01 -2.219072877e+01 -2.219072877e+01 +2.7689e+00 +1.9800e+00
293 0 +2.147348286e-01 -2.233526517e+01 -2.233526517e+01 +2.6921e+00 +2.2057e+00
309 0 +1.470976182e-01 -2.240290238e+01 -2.240290238e+01 +2.4544e+00 +2.9077e+00
311 0 +4.127078294e-02 -2.250872922e+01 -2.250872922e+01 +2.5438e+00 +2.6450e+00
333 0 +3.580187978e-02 -2.251419812e+01 -2.251419812e+01 +2.5356e+00 +2.6692e+00
335 0 +3.852229906e-03 -2.254614777e+01 -2.254614777e+01 +2.5760e+00 +2.5491e+00
352 0 +4.604316998e-04 -2.254953957e+01 -2.254953957e+01 +2.5629e+00 +2.5880e+00
423 0 +4.533052005e-04 -2.254954669e+01 -2.254954669e+01 +2.5622e+00 +2.5898e+00
428 0 +2.590337947e-05 -2.254997410e+01 -2.254997410e+01 +2.5641e+00 +2.5845e+00
466 0 +1.192942642e-05 -2.254998807e+01 -2.254998807e+01 +2.5658e+00 +2.5793e+00
481 0 +6.543635354e-06 -2.254999346e+01 -2.254999346e+01 +2.5664e+00 +2.5775e+00
495 0 +7.216304851e-07 -2.254999928e+01 -2.254999928e+01 +2.5658e+00 +2.5793e+00
% f evaluations | g evaluations | best noise-free fitness - Fopt (1.366000000000e+01) + sum g_i+ | measured fitness | best measured fitness or single-digit g-values | x1 | x2...
1 0 +1.945760603e+06 +1.945774263e+06 +1.945774263e+06 +5.9671e-01 -3.8264e-02
2 0 +4.028167691e+05 +4.028304291e+05 +4.028304291e+05 +7.4769e-01 +1.6230e+00
5 0 +1.639339977e+04 +1.640705977e+04 +1.640705977e+04 -3.6947e-01 +6.4256e-01
22 0 +1.360602949e+04 +1.361968949e+04 +1.361968949e+04 -7.1704e-02 +1.1790e+00
23 0 +2.394566897e+03 +2.408226897e+03 +2.408226897e+03 -4.8482e-01 +7.9852e-01
24 0 +9.961476655e+02 +1.009807666e+03 +1.009807666e+03 -8.2202e-01 +8.1348e-02
40 0 +6.501196640e+02 +6.637796640e+02 +6.637796640e+02 -6.9305e-01 +3.1586e-01
66 0 +6.174577846e+02 +6.311177846e+02 +6.311177846e+02 -8.8415e-01 +9.2724e-02
79 0 +4.283044945e+01 +5.649044945e+01 +5.649044945e+01 -7.7179e-01 +2.4336e-01
83 0 +1.124955442e+01 +2.490955442e+01 +2.490955442e+01 -6.9836e-01 +3.4826e-01
88 0 +8.534837786e+00 +2.219483779e+01 +2.219483779e+01 -6.0779e-01 +5.0002e-01
117 0 +5.691047110e+00 +1.935104711e+01 +1.935104711e+01 -8.3963e-01 +1.1832e-01
130 0 +5.202473899e+00 +1.886247390e+01 +1.886247390e+01 -7.0539e-01 +3.4305e-01
181 0 +4.733774706e+00 +1.839377471e+01 +1.839377471e+01 -7.0053e-01 +3.5025e-01
196 0 +4.517477554e+00 +1.817747755e+01 +1.817747755e+01 -6.4775e-01 +4.3819e-01
202 0 +3.067544157e+00 +1.672754416e+01 +1.672754416e+01 -4.1289e-01 +8.2758e-01
211 0 +1.566519311e+00 +1.522651931e+01 +1.522651931e+01 -8.0140e-02 +1.3824e+00
221 0 +4.009150757e-01 +1.406091508e+01 +1.406091508e+01 +1.0086e-01 +1.6811e+00
287 0 +3.423007998e-01 +1.400230080e+01 +1.400230080e+01 +5.4804e-01 +2.4238e+00
318 0 +2.062578278e-01 +1.386625783e+01 +1.386625783e+01 +6.4261e-01 +2.5825e+00
327 0 +1.248602145e-02 +1.367248602e+01 +1.367248602e+01 +3.7578e-01 +2.1384e+00
396 0 +1.209601140e-02 +1.367209601e+01 +1.367209601e+01 +4.2397e-01 +2.2188e+00
410 0 +3.710225810e-03 +1.366371023e+01 +1.366371023e+01 +4.5980e-01 +2.2782e+00
427 0 +2.499884043e-05 +1.366002500e+01 +1.366002500e+01 +4.2484e-01 +2.2201e+00
% f evaluations | g evaluations | best noise-free fitness - Fopt (9.378400000000e+02) + sum g_i+ | measured fitness | best measured fitness or single-digit g-values | x1 | x2...
1 0 +6.783826702e+06 +6.784764542e+06 +6.784764542e+06 +5.9671e-01 -3.8264e-02
2 0 +3.885469115e+06 +3.886406955e+06 +3.886406955e+06 +7.4769e-01 +1.6230e+00
5 0 +2.703263990e+06 +2.704201830e+06 +2.704201830e+06 -3.6947e-01 +6.4256e-01
8 0 +1.125672644e+06 +1.126610484e+06 +1.126610484e+06 -1.6249e+00 -4.6229e-01
12 0 +3.632966129e+05 +3.642344529e+05 +3.642344529e+05 -3.1031e+00 +2.0080e-01
13 0 +1.111466237e+05 +1.120844637e+05 +1.120844637e+05 -3.0730e+00 -1.8954e-01
14 0 +1.326259889e+04 +1.420043889e+04 +1.420043889e+04 -2.8344e+00 -6.3587e-01
15 0 +3.719879285e+03 +4.657719285e+03 +4.657719285e+03 -2.3461e+00 +2.2513e-01
30 0 +8.418390445e+02 +1.779679044e+03 +1.779679044e+03 -1.5630e+00 +1.6329e+00
89 0 +9.859021032e+01 +1.036430210e+03 +1.036430210e+03 -1.3767e+00 +1.8566e+00
99 0 +2.943930104e+01 +9.672793010e+02 +9.672793010e+02 -3.3243e+00 -1.1943e+00
121 0 +1.857313844e+01 +9.564131384e+02 +9.564131384e+02 -1.5438e+00 +1.6191e+00
137 0 +1.021078332e+01 +9.480507833e+02 +9.480507833e+02 -2.0228e+00 +8.5628e-01
162 0 +9.695638674e+00 +9.475356387e+02 +9.475356387e+02 -1.8573e+00 +1.1205e+00
172 0 +8.922014900e+00 +9.467620149e+02 +9.467620149e+02 -1.8565e+00 +1.1209e+00
175 0 +5.171347153e+00 +9.430113472e+02 +9.430113472e+02 -1.5386e+00 +1.6209e+00
181 0 +3.021427158e+00 +9.408614272e+02 +9.408614272e+02 -1.1473e+00 +2.2369e+00
184 0 +2.844503509e+00 +9.406845035e+02 +9.406845035e+02 -1.1307e+00 +2.2636e+00
193 0 +2.421627214e+00 +9.402616272e+02 +9.402616272e+02 -3.3787e-02 +3.9961e+00
197 0 +1.553432218e+00 +9.393934322e+02 +9.393934322e+02 -4.3692e-01 +3.3596e+00
215 0 +7.438415626e-01 +9.385838416e+02 +9.385838416e+02 -3.7235e-01 +3.4609e+00
225 0 +6.479046376e-01 +9.384879046e+02 +9.384879046e+02 +1.6250e-01 +4.3029e+00
260 0 +3.049243737e-01 +9.381449244e+02 +9.381449244e+02 -4.3973e-01 +3.3522e+00
267 0 +1.350277256e-01 +9.379750277e+02 +9.379750277e+02 -3.8436e-01 +3.4397e+00
270 0 +4.769562311e-02 +9.378876956e+02 +9.378876956e+02 -3.9545e-01 +3.4230e+00
291 0 +1.435928120e-02 +9.378543593e+02 +9.378543593e+02 -3.2140e-01 +3.5398e+00
301 0 +2.065738987e-04 +9.378402066e+02 +9.378402066e+02 -2.9589e-01 +3.5799e+00
363 0 +6.048363457e-05 +9.378400605e+02 +9.378400605e+02 -3.0121e-01 +3.5714e+00
407 0 +4.131346941e-06 +9.378400041e+02 +9.378400041e+02 -2.9725e-01 +3.5777e+00
424 0 +3.644222602e-06 +9.378400036e+02 +9.378400036e+02 -2.9602e-01 +3.5796e+00
440 0 +3.392036433e-06 +9.378400034e+02 +9.378400034e+02 -2.9723e-01 +3.5777e+00
454 0 +2.102359872e-06 +9.378400021e+02 +9.378400021e+02 -2.9714e-01 +3.5779e+00
468 0 +1.923536274e-06 +9.378400019e+02 +9.378400019e+02 -2.9725e-01 +3.5777e+00
487 0 +2.308890998e-07 +9.378400002e+02 +9.378400002e+02 -2.9669e-01 +3.5786e+00
% f evaluations | g evaluations | best noise-free fitness - Fopt (-7.872000000000e+01) + sum g_i+ | measured fitness | best measured fitness or single-digit g-values | x1 | x2...
1 0 +7.864662279e+06 +7.864583559e+06 +7.864583559e+06 +5.9671e-01 -3.8264e-02
7 0 +2.042818275e+06 +2.042739555e+06 +2.042739555e+06 +3.4196e-01 -1.8133e+00
11 0 +1.926957405e+06 +1.926878685e+06 +1.926878685e+06 +8.9505e-01 -1.6269e+00
12 0 +8.082222696e+04 +8.074350696e+04 +8.074350696e+04 +6.3328e-02 -4.1591e+00
15 0 +4.583671255e+03 +4.504951255e+03 +4.504951255e+03 +5.6801e-01 -3.3604e+00
19 0 +7.592415283e+02 +6.805215283e+02 +6.805215283e+02 +1.3106e+00 -2.9545e+00
44 0 +7.348761089e+02 +6.561561089e+02 +6.561561089e+02 +4.2174e+00 -8.1518e-01
53 0 +7.291038225e+01 -5.809617753e+00 -5.809617753e+00 +1.8767e+00 -2.5280e+00
103 0 +4.336409447e+01 -3.535590553e+01 -3.535590553e+01 +1.0766e+00 -3.0953e+00
117 0 +4.234781385e+01 -3.637218615e+01 -3.637218615e+01 +4.3966e+00 -7.2632e-01
144 0 +2.044055242e+01 -5.827944758e+01 -5.827944758e+01 -2.8019e-01 -4.0569e+00
147 0 +1.822042831e+01 -6.049957169e+01 -6.049957169e+01 +7.2986e-02 -3.8058e+00
203 0 +1.719097803e+01 -6.152902197e+01 -6.152902197e+01 +4.6323e-02 -3.8236e+00
206 0 +1.074031700e+01 -6.797968300e+01 -6.797968300e+01 +8.3671e-01 -3.2606e+00
231 0 +1.848486010e+00 -7.687151399e+01 -7.687151399e+01 +3.0472e+00 -1.6830e+00
254 0 +1.168103339e+00 -7.755189666e+01 -7.755189666e+01 +3.8848e+00 -1.0847e+00
262 0 +1.034769281e+00 -7.768523072e+01 -7.768523072e+01 +3.6120e+00 -1.2771e+00
273 0 +6.941575555e-01 -7.802584244e+01 -7.802584244e+01 +3.0976e+00 -1.6445e+00
285 0 +5.301844229e-02 -7.866698156e+01 -7.866698156e+01 +3.4072e+00 -1.4242e+00
348 0 +5.233119962e-02 -7.866766880e+01 -7.866766880e+01 +3.3013e+00 -1.5003e+00
349 0 +3.623891044e-02 -7.868376109e+01 -7.868376109e+01 +3.3130e+00 -1.4918e+00
351 0 +2.407966750e-02 -7.869592033e+01 -7.869592033e+01 +3.4591e+00 -1.3876e+00
367 0 +2.402777113e-03 -7.871759722e+01 -7.871759722e+01 +3.3826e+00 -1.4420e+00
392 0 +7.147373269e-04 -7.871928526e+01 -7.871928526e+01 +3.4213e+00 -1.4144e+00
414 0 +4.488397210e-04 -7.871955116e+01 -7.871955116e+01 +3.3986e+00 -1.4306e+00
430 0 +2.885029043e-04 -7.871971150e+01 -7.871971150e+01 +3.4223e+00 -1.4137e+00
432 0 +7.425454544e-05 -7.871992575e+01 -7.871992575e+01 +3.4144e+00 -1.4193e+00
448 0 +3.606709276e-05 -7.871996393e+01 -7.871996393e+01 +3.4069e+00 -1.4247e+00
455 0 +1.071956578e-05 -7.871998928e+01 -7.871998928e+01 +3.4139e+00 -1.4196e+00
491 0 +7.530078676e-06 -7.871999247e+01 -7.871999247e+01 +3.4090e+00 -1.4231e+00
% f evaluations | g evaluations | best noise-free fitness - Fopt (-4.151000000000e+01) + sum g_i+ | measured fitness | best measured fitness or single-digit g-values | x1 | x2...
1 0 +1.735179188e+06 +1.735137678e+06 +1.735137678e+06 +5.9671e-01 -3.8264e-02
2 0 +2.129546982e+05 +2.129131882e+05 +2.129131882e+05 +7.4769e-01 +1.6230e+00
4 0 +1.466118260e+04 +1.461967260e+04 +1.461967260e+04 +1.6792e+00 +8.6743e-01
11 0 +7.205471170e+03 +7.163961170e+03 +7.163961170e+03 +1.5592e+00 +1.0676e+00
35 0 +4.154583185e+03 +4.113073185e+03 +4.113073185e+03 +2.1452e+00 -4.0098e-01
38 0 +3.600686260e+03 +3.559176260e+03 +3.559176260e+03 +1.6317e+00 +8.1891e-01
64 0 +1.272583443e+03 +1.231073443e+03 +1.231073443e+03 +1.2727e+00 +1.4533e+00
70 0 +5.699275331e+02 +5.284175331e+02 +5.284175331e+02 +1.2233e+00 +1.7224e+00
73 0 +3.204101626e+01 -9.468983741e+00 -9.468983741e+00 +1.1961e+00 +1.7177e+00
97 0 +1.423440317e+01 -2.727559683e+01 -2.727559683e+01 +1.2898e+00 +1.5061e+00
147 0 +1.305623057e+01 -2.845376943e+01 -2.845376943e+01 +1.2406e+00 +1.6148e+00
151 0 +1.108920939e+01 -3.042079061e+01 -3.042079061e+01 +1.2042e+00 +1.7059e+00
154 0 +9.746590058e+00 -3.176340994e+01 -3.176340994e+01 +1.1906e+00 +1.7416e+00
167 0 +9.310952283e+00 -3.219904772e+01 -3.219904772e+01 +1.2446e+00 +1.6122e+00
196 0 +8.859196977e+00 -3.265080302e+01 -3.265080302e+01 +1.2659e+00 +1.5597e+00
226 0 +8.782893517e+00 -3.272710648e+01 -3.272710648e+01 +1.2569e+00 +1.5807e+00
235 0 +8.151069925e+00 -3.335893008e+01 -3.335893008e+01 +1.3262e+00 +1.4122e+00
240 0 +7.945758484e+00 -3.356424152e+01 -3.356424152e+01 +1.3482e+00 +1.3583e+00
248 0 +7.637324110e+00 -3.387267589e+01 -3.387267589e+01 +1.3811e+00 +1.2779e+00
251 0 +7.167788594e+00 -3.434221141e+01 -3.434221141e+01 +1.4445e+00 +1.1219e+00
254 0 +6.538182272e+00 -3.497181773e+01 -3.497181773e+01 +1.5042e+00 +9.7595e-01
255 0 +5.340451842e+00 -3.616954816e+01 -3.616954816e+01 +1.5779e+00 +7.9607e-01
263 0 +4.478124131e+00 -3.703187587e+01 -3.703187587e+01 +1.6460e+00 +6.3321e-01
264 0 +1.075591028e+00 -4.043440897e+01 -4.043440897e+01 +2.0697e+00 -4.0448e-01
295 0 +9.899641636e-02 -4.141100358e+01 -4.141100358e+01 +2.3699e+00 -1.1345e+00
327 0 +9.166443198e-02 -4.141833557e+01 -4.141833557e+01 +2.4851e+00 -1.4160e+00
358 0 +3.912408137e-02 -4.147087592e+01 -4.147087592e+01 +2.3717e+00 -1.1393e+00
391 0 +1.508364807e-02 -4.149491635e+01 -4.149491635e+01 +2.4219e+00 -1.2620e+00
405 0 +1.545194754e-03 -4.150845481e+01 -4.150845481e+01 +2.3999e+00 -1.2086e+00
441 0 +7.340441763e-04 -4.150926596e+01 -4.150926596e+01 +2.3962e+00 -1.1997e+00
463 0 +5.878943553e-04 -4.150941211e+01 -4.150941211e+01 +2.4028e+00 -1.2157e+00
470 0 +5.413031518e-04 -4.150945870e+01 -4.150945870e+01 +2.4052e+00 -1.2215e+00
481 0 +1.815735871e-04 -4.150981843e+01 -4.150981843e+01 +2.4047e+00 -1.2203e+00
483 0 +1.738080993e-04 -4.150982619e+01 -4.150982619e+01 +2.3965e+00 -1.2004e+00
490 0 +1.088103667e-04 -4.150989119e+01 -4.150989119e+01 +2.4007e+00 -1.2104e+00
% f evaluations | g evaluations | best noise-free fitness - Fopt (1.320700000000e+02) + sum g_i+ | measured fitness | best measured fitness or single-digit g-values | x1 | x2...
1 0 +1.181852231e+07 +1.181865438e+07 +1.181865438e+07 +5.9671e-01 -3.8264e-02
2 0 +1.164002270e+07 +1.164015477e+07 +1.164015477e+07 +7.4769e-01 +1.6230e+00
3 0 +7.056793733e+06 +7.056925803e+06 +7.056925803e+06 -1.3415e-01 -1.3414e-01
5 0 +5.556108651e+06 +5.556240721e+06 +5.556240721e+06 -3.6947e-01 +6.4256e-01
8 0 +1.982146298e+06 +1.982278368e+06 +1.982278368e+06 -1.6249e+00 -4.6229e-01
11 0 +2.234562264e+05 +2.235882964e+05 +2.235882964e+05 -3.1215e+00 +2.2923e+00
13 0 +1.270104587e+05 +1.271425287e+05 +1.271425287e+05 -3.3731e+00 -1.2465e+00
14 0 +5.134045166e+03 +5.266115166e+03 +5.266115166e+03 -2.9749e+00 -1.6718e+00
41 0 +3.209204096e+03 +3.341274096e+03 +3.341274096e+03 -3.2540e+00 -4.1250e+00
66 0 +2.304161648e+03 +2.436231648e+03 +2.436231648e+03 -3.0781e+00 -1.4672e+00
103 0 +1.622068303e+02 +2.942768303e+02 +2.942768303e+02 -3.0526e+00 -1.5467e+00
109 0 +1.540672851e+01 +1.474767285e+02 +1.474767285e+02 -2.8903e+00 -1.0773e-01
244 0 +1.263070153e+01 +1.447007015e+02 +1.447007015e+02 -2.8315e+00 +4.3285e-01
253 0 +1.247917684e+01 +1.445491768e+02 +1.445491768e+02 -2.8490e+00 +2.8833e-01
258 0 +1.019152192e+01 +1.422615219e+02 +1.422615219e+02 -2.8252e+00 +5.0675e-01
265 0 +2.915790051e+00 +1.349857901e+02 +1.349857901e+02 -2.6702e+00 +1.9785e+00
286 0 +1.274211847e+00 +1.333442118e+02 +1.333442118e+02 -2.5596e+00 +3.0412e+00
302 0 +1.186003955e+00 +1.332560040e+02 +1.332560040e+02 -2.5117e+00 +3.4984e+00
306 0 +7.069197147e-01 +1.327769197e+02 +1.327769197e+02 -2.5691e+00 +2.9457e+00
315 0 +2.292087254e-01 +1.322992087e+02 +1.322992087e+02 -2.5088e+00 +3.5205e+00
326 0 +1.516716869e-01 +1.322216717e+02 +1.322216717e+02 -2.4462e+00 +4.1104e+00
350 0 +5.020365151e-02 +1.321202037e+02 +1.321202037e+02 -2.4590e+00 +3.9909e+00
359 0 +1.209724386e-03 +1.320712097e+02 +1.320712097e+02 -2.4808e+00 +3.7829e+00
389 0 +6.001081309e-04 +1.320706001e+02 +1.320706001e+02 -2.4808e+00 +3.7825e+00
392 0 +3.022642150e-04 +1.320703023e+02 +1.320703023e+02 -2.4815e+00 +3.7760e+00
408 0 +2.711566324e-04 +1.320702712e+02 +1.320702712e+02 -2.4824e+00 +3.7671e+00
443 0 +2.498444363e-04 +1.320702498e+02 +1.320702498e+02 -2.4809e+00 +3.7816e+00
447 0 +3.355333664e-05 +1.320700336e+02 +1.320700336e+02 -2.4813e+00 +3.7782e+00
473 0 +9.332866853e-06 +1.320700093e+02 +1.320700093e+02 -2.4819e+00 +3.7723e+00
476 0 +8.156883212e-06 +1.320700082e+02 +1.320700082e+02 -2.4816e+00 +3.7753e+00
486 0 +3.900575905e-06 +1.320700039e+02 +1.320700039e+02 -2.4817e+00 +3.7745e+00
494 0 +2.342650532e-06 +1.320700023e+02 +1.320700023e+02 -2.4816e+00 +3.7754e+00
% f evaluations | g evaluations | best noise-free fitness - Fopt (9.725000000000e+01) + sum g_i+ | measured fitness | best measured fitness or single-digit g-values | x1 | x2...
1 0 +1.444075590e+06 +1.444172840e+06 +1.444172840e+06 +5.9671e-01 -3.8264e-02
2 0 +2.640309153e+05 +2.641281653e+05 +2.641281653e+05 +7.4769e-01 +1.6230e+00
4 0 +1.044638450e+05 +1.045610950e+05 +1.045610950e+05 +1.6792e+00 +8.6743e-01
16 0 +3.577640029e+04 +3.587365029e+04 +3.587365029e+04 +1.0848e+00 +9.3762e-01
17 0 +2.185635965e+04 +2.195360965e+04 +2.195360965e+04 +2.4546e-01 +8.8983e-01
18 0 +1.664411027e+04 +1.674136027e+04 +1.674136027e+04 +9.8028e-01 +9.8053e-01
21 0 +1.184472408e+04 +1.194197408e+04 +1.194197408e+04 +4.8168e-01 +9.6485e-01
22 0 +1.872317057e+03 +1.969567057e+03 +1.969567057e+03 +5.8076e-01 +1.0331e+00
26 0 +6.512834519e+02 +7.485334519e+02 +7.485334519e+02 +1.5201e+00 +1.1936e+00
38 0 +1.964514026e+02 +2.937014026e+02 +2.937014026e+02 +1.7179e+00 +1.1733e+00
55 0 +4.571261180e+01 +1.429626118e+02 +1.429626118e+02 +1.4628e+00 +1.1695e+00
58 0 +3.237191947e+00 +1.004871919e+02 +1.004871919e+02 +1.1609e+00 +1.1346e+00
138 0 +2.140088755e+00 +9.939008875e+01 +9.939008875e+01 +1.6134e+00 +1.1780e+00
152 0 +1.383868178e+00 +9.863386818e+01 +9.863386818e+01 +1.2002e+00 +1.1357e+00
156 0 +1.162082336e+00 +9.841208234e+01 +9.841208234e+01 +1.4925e+00 +1.1645e+00
162 0 +1.070892128e-01 +9.735708921e+01 +9.735708921e+01 +8.3187e-01 +1.1010e+00
177 0 +1.871081397e-02 +9.726871081e+01 +9.726871081e+01 +7.1013e-01 +1.0888e+00
260 0 +1.543615894e-02 +9.726543616e+01 +9.726543616e+01 +6.1426e-01 +1.0796e+00
273 0 +3.994274999e-03 +9.725399427e+01 +9.725399427e+01 +6.4445e-01 +1.0824e+00
275 0 +5.024761072e-04 +9.725050248e+01 +9.725050248e+01 +5.6861e-01 +1.0751e+00
289 0 +1.076148044e-05 +9.725001076e+01 +9.725001076e+01 +5.7976e-01 +1.0761e+00
362 0 +9.968504514e-06 +9.725000997e+01 +9.725000997e+01 +5.7534e-01 +1.0757e+00
388 0 +6.817411460e-06 +9.725000682e+01 +9.725000682e+01 +5.7807e-01 +1.0760e+00
398 0 +3.761106200e-06 +9.725000376e+01 +9.725000376e+01 +5.7640e-01 +1.0758e+00
426 0 +3.489378258e-06 +9.725000349e+01 +9.725000349e+01 +5.7907e-01 +1.0761e+00
427 0 +8.763866077e-07 +9.725000088e+01 +9.725000088e+01 +5.7928e-01 +1.0761e+00
444 0 +2.086735691e-07 +9.725000021e+01 +9.725000021e+01 +5.7803e-01 +1.0760e+00
460 0 +1.265257907e-07 +9.725000013e+01 +9.725000013e+01 +5.7807e-01 +1.0760e+00
491 0 +7.640655042e-08 +9.725000008e+01 +9.725000008e+01 +5.7835e-01 +1.0760e+00
% f evaluations | g evaluations | best noise-free fitness - Fopt (-2.033000000000e+01) + sum g_i+ | measured fitness | best measured fitness or single-digit g-values | x1 | x2...
1 0 +6.522503936e+06 +6.522483606e+06 +6.522483606e+06 +5.9671e-01 -3.8264e-02
4 0 +3.534507566e+06 +3.534487236e+06 +3.534487236e+06 +1.6792e+00 +8.6743e-01
11 0 +4.119112536e+05 +4.118909236e+05 +4.118909236e+05 +2.3783e+00 -9.1785e-01
25 0 +2.683923988e+05 +2.683720688e+05 +2.683720688e+05 +3.9226e+00 +3.1534e-01
26 0 +5.934496281e+02 +5.731196281e+02 +5.731196281e+02 +3.6528e+00 +1.2656e+00
27 0 +1.358590405e+01 -6.744095951e+00 -6.744095951e+00 +3.2794e+00 -1.8724e-01
64 0 +8.033036393e+00 -1.229696361e+01 -1.229696361e+01 +3.2672e+00 -2.2791e-01
228 0 +8.021970056e+00 -1.230802994e+01 -1.230802994e+01 +3.2789e+00 -1.8186e-01
229 0 +7.368929985e+00 -1.296107001e+01 -1.296107001e+01 +3.3176e+00 -1.9122e-02
237 0 +7.119411983e+00 -1.321058802e+01 -1.321058802e+01 +3.3608e+00 +1.6153e-01
239 0 +6.125194248e+00 -1.420480575e+01 -1.420480575e+01 +3.3790e+00 +2.3341e-01
243 0 +4.584914054e+00 -1.574508595e+01 -1.574508595e+01 +3.4498e+00 +5.2841e-01
247 0 +2.320442330e+00 -1.800955767e+01 -1.800955767e+01 +3.5555e+00 +9.6344e-01
258 0 +1.688701112e+00 -1.864129889e+01 -1.864129889e+01 +3.6561e+00 +1.3788e+00
271 0 +4.429691655e-01 -1.988703083e+01 -1.988703083e+01 +3.8327e+00 +2.1087e+00
274 0 +1.724923491e-01 -2.015750765e+01 -2.015750765e+01 +4.0169e+00 +2.8677e+00
296 0 +4.652402316e-02 -2.028347598e+01 -2.028347598e+01 +3.9061e+00 +2.4090e+00
323 0 +1.703196093e-02 -2.031296804e+01 -2.031296804e+01 +3.9324e+00 +2.5176e+00
352 0 +1.454663549e-02 -2.031545336e+01 -2.031545336e+01 +3.9491e+00 +2.5869e+00
358 0 +1.167269737e-02 -2.031832730e+01 -2.031832730e+01 +3.9077e+00 +2.4165e+00
361 0 +8.293514093e-03 -2.032170649e+01 -2.032170649e+01 +3.9074e+00 +2.4148e+00
368 0 +5.635584224e-04 -2.032943644e+01 -2.032943644e+01 +3.9248e+00 +2.4866e+00
383 0 +1.759137290e-04 -2.032982409e+01 -2.032982409e+01 +3.9252e+00 +2.4883e+00
425 0 +3.362455828e-05 -2.032996638e+01 -2.032996638e+01 +3.9266e+00 +2.4942e+00
460 0 +3.308784179e-05 -2.032996691e+01 -2.032996691e+01 +3.9287e+00 +2.5029e+00
465 0 +6.764112374e-06 -2.032999324e+01 -2.032999324e+01 +3.9279e+00 +2.4995e+00
467 0 +6.296538796e-06 -2.032999370e+01 -2.032999370e+01 +3.9283e+00 +2.5012e+00
480 0 +6.028924652e-06 -2.032999397e+01 -2.032999397e+01 +3.9275e+00 +2.4978e+00
494 0 +2.683020369e-06 -2.032999732e+01 -2.032999732e+01 +3.9277e+00 +2.4986e+00
% f evaluations | g evaluations | best noise-free fitness - Fopt (9.431000000000e+01) + sum g_i+ | measured fitness | best measured fitness or single-digit g-values | x1 | x2...
1 0 +3.195807244e+06 +3.195901554e+06 +3.195901554e+06 +5.9671e-01 -3.8264e-02
3 0 +1.106900917e+06 +1.106995227e+06 +1.106995227e+06 -1.3415e-01 -1.3414e-01
6 0 +4.263264329e+05 +4.264207429e+05 +4.264207429e+05 -3.6342e-01 -3.6573e-01
7 0 +1.769979543e+05 +1.770922643e+05 +1.770922643e+05 +3.4196e-01 -1.8133e+00
8 0 +1.232009021e+05 +1.232952121e+05 +1.232952121e+05 -1.6249e+00 -4.6229e-01
10 0 +4.477208532e+04 +4.486639532e+04 +4.486639532e+04 -8.0802e-01 -1.3123e+00
37 0 +2.191858418e+04 +2.201289418e+04 +2.201289418e+04 -1.1519e+00 -7.5979e-01
40 0 +8.982393044e+02 +9.925493044e+02 +9.925493044e+02 -7.3186e-01 -1.1115e+00
61 0 +4.817319946e+01 +1.424831995e+02 +1.424831995e+02 -5.2180e-02 -1.9727e+00
71 0 +3.688277592e+01 +1.311927759e+02 +1.311927759e+02 -2.8567e-01 -1.6598e+00
126 0 +3.549311089e+01 +1.298031109e+02 +1.298031109e+02 -4.6558e-01 -1.4214e+00
130 0 +3.367620438e+01 +1.279862044e+02 +1.279862044e+02 -4.0294e-01 -1.4994e+00
135 0 +2.757158455e+01 +1.218815846e+02 +1.218815846e+02 -6.4430e-01 -1.1811e+00
205 0 +2.697091176e+01 +1.212809118e+02 +1.212809118e+02 -6.9798e-01 -1.1076e+00
208 0 +2.380464955e+01 +1.181146496e+02 +1.181146496e+02 -8.8020e-01 -8.6580e-01
211 0 +2.171564479e+01 +1.160256448e+02 +1.160256448e+02 -1.0644e+00 -6.2006e-01
213 0 +2.065778112e+01 +1.149677811e+02 +1.149677811e+02 -1.2125e+00 -4.2666e-01
216 0 +1.986746248e+01 +1.141774625e+02 +1.141774625e+02 -1.1991e+00 -4.4076e-01
227 0 +1.791809158e+01 +1.122280916e+02 +1.122280916e+02 -1.3176e+00 -2.8356e-01
232 0 +1.718800854e+01 +1.114980085e+02 +1.114980085e+02 -1.5054e+00 -3.2177e-02
236 0 +1.282083488e+01 +1.071308349e+02 +1.071308349e+02 -1.7568e+00 +2.9758e-01
240 0 +7.363427375e+00 +1.016734274e+02 +1.016734274e+02 -2.2663e+00 +9.7705e-01
252 0 +2.128888736e+00 +9.643888874e+01 +9.643888874e+01 -3.4793e+00 +2.5887e+00
262 0 +4.224981224e-02 +9.435224981e+01 +9.435224981e+01 -3.7042e+00 +2.8903e+00
341 0 +3.926121202e-02 +9.434926121e+01 +9.434926121e+01 -3.9396e+00 +3.2033e+00
345 0 +4.650630983e-03 +9.431465063e+01 +9.431465063e+01 -3.7896e+00 +3.0037e+00
376 0 +3.374582165e-04 +9.431033746e+01 +9.431033746e+01 -3.8329e+00 +3.0614e+00
404 0 +8.705857397e-06 +9.431000871e+01 +9.431000871e+01 -3.8281e+00 +3.0551e+00
464 0 +5.346383560e-06 +9.431000535e+01 +9.431000535e+01 -3.8256e+00 +3.0517e+00
474 0 +2.687029323e-06 +9.431000269e+01 +9.431000269e+01 -3.8254e+00 +3.0514e+00
478 0 +2.221206955e-06 +9.431000222e+01 +9.431000222e+01 -3.8264e+00 +3.0528e+00
486 0 +1.588807265e-06 +9.431000159e+01 +9.431000159e+01 -3.8271e+00 +3.0538e+00
493 0 +1.162971998e-06 +9.431000116e+01 +9.431000116e+01 -3.8268e+00 +3.0533e+00
498 0 +5.765467108e-07 +9.431000058e+01 +9.431000058e+01 -3.8269e+00 +3.0534e+00
499 0 +1.717573355e-07 +9.431000017e+01 +9.431000017e+01 -3.8263e+00 +3.0527e+00
