% f evaluations | g evaluations | best noise-free fitness - Fopt (7.627000000000e+01) + sum g_i+ | measured fitness | best measured fitness or single-digit g-values | x1 | x2...
1 0 +1.552914355e+06 +1.552990625e+06 +1.552990625e+06 +5.9671e-01 -3.8264e-02 +7.4769e-01 +1.6230e+00 -1.3415e-01 -1.3414e-01 +1.6792e+00 +8.6743e-01 -3.6947e-01 +6.4256e-01
2 0 +6.218440916e+05 +6.219203616e+05 +6.219203616e+05 -3.6342e-01 -3.6573e-01 +3.4196e-01 -1.8133e+00 -1.6249e+00 -4.6229e-01 -9.1283e-01 +4.1425e-01 -8.0802e-01 -1.3123e+00
3 0 +1.868508053e+05 +1.869270753e+05 +1.869270753e+05 +1.5656e+00 -1.2578e-01 +1.6753e-01 -1.3247e+00 -4.4438e-01 +2.1092e-01 -1.0510e+00 +4.7570e-01 -5.0064e-01 -1.9169e-01
4 0 +1.355190486e+04 +1.362817486e+04 +1.362817486e+04 -5.0171e-01 +1.9523e+00 +8.6503e-02 -9.5771e-01 +9.2254e-01 -1.1208e+00 +3.0886e-01 -1.8597e+00 -1.2282e+00 +2.9686e-01
11 0 +8.121793620e+01 +1.574879362e+02 +1.574879362e+02 -1.3154e+00 -3.2065e-01 -2.4271e-01 -7.0228e-01 -6.1286e-02 +5.0405e-01 +1.9862e+00 +2.7458e-01 +3.5755e-01 +2.5554e-02
124 0 +5.754306409e+01 +1.338130641e+02 +1.338130641e+02 -5.2972e-01 +1.8492e-01 -1.4704e-01 -9.1110e-01 -5.3668e-01 +5.3688e-01 -1.4853e-01 +2.3394e-01 +2.7352e-01 +1.1247e-01
241 0 +5.595375484e+01 +1.322237548e+02 +1.322237548e+02 -1.4264e+00 -6.4062e-01 -1.7543e+00 +1.3770e+00 +1.6508e+00 +8.2039e-01 +1.4867e+00 -1.1610e+00 +6.2643e-01 -9.7381e-01
254 0 +3.198656712e+01 +1.082565671e+02 +1.082565671e+02 -4.7512e-01 -6.4948e-01 -2.3244e-01 +1.4024e-01 -3.2290e-01 -1.5559e-01 +4.9213e-01 +9.8712e-01 -1.4011e-01 -1.0811e+00
1243 0 +3.050446191e+01 +1.067744619e+02 +1.067744619e+02 -4.0498e-01 -2.7859e+00 +1.5734e+00 +7.1192e-01 -1.7743e+00 -1.7146e+00 +1.7551e+00 +5.5099e-01 +9.2409e-01 -6.8143e-01
1261 0 +2.829250930e+01 +1.045625093e+02 +1.045625093e+02 -1.7382e+00 -8.4693e-01 -6.0765e-01 +1.4182e+00 -3.2432e-01 -3.7329e-01 +2.2313e+00 +6.5668e-01 -1.7774e+00 +3.5335e-01
1359 0 +2.750214941e+01 +1.037721494e+02 +1.037721494e+02 -1.3472e+00 -2.6505e+00 -2.4858e-01 +4.9478e-01 -8.7814e-01 +3.6230e-01 +5.5738e-01 +8.5291e-01 -1.1676e+00 -9.6247e-01
1422 0 +2.396295858e+01 +1.002329586e+02 +1.002329586e+02 -1.2606e+00 -1.3162e+00 +8.2806e-01 +1.6261e+00 -2.1896e+00 -1.6844e-02 +1.2479e+00 +1.4499e+00 -5.6183e-01 +2.9644e-01
1532 0 +2.260666990e+01 +9.887666990e+01 +9.887666990e+01 -1.2631e+00 -1.7198e+00 +1.1095e+00 +1.3830e+00 -2.5610e+00 +1.6419e-01 +3.8872e-01 +1.1850e+00 -9.6832e-01 +1.8854e-01
1595 0 +1.899515321e+01 +9.526515321e+01 +9.526515321e+01 -1.6355e+00 -1.6399e+00 +5.3033e-01 +1.8753e-01 -1.4236e+00 -4.8147e-01 +4.9553e-01 +8.5351e-01 -1.3355e+00 -1.5693e-01
1603 0 +1.763206463e+01 +9.390206463e+01 +9.390206463e+01 -4.6735e-01 -1.8943e+00 +4.9488e-01 +3.8470e-01 -1.7456e+00 -1.9094e-01 +1.3355e-01 +8.3746e-01 -1.8423e-01 +1.6727e-02
1782 0 +1.721398140e+01 +9.348398140e+01 +9.348398140e+01 -1.2448e+00 -3.7210e+00 +3.9966e-01 +4.5608e-02 -2.3135e+00 -1.6214e+00 +7.9890e-01 +1.4256e+00 -1.3791e+00 +1.1705e+00
1786 0 +1.394344070e+01 +9.021344070e+01 +9.021344070e+01 -6.3768e-01 -2.6695e+00 -9.4697e-01 +1.3496e+00 -1.9070e+00 +1.2487e-01 -1.5496e+00 +1.4339e+00 -1.9549e+00 +7.4079e-01
1919 0 +4.876724658e+00 +8.114672466e+01 +8.114672466e+01 -2.7166e+00 -2.4143e+00 -6.8538e-01 +4.0774e-01 -1.7580e+00 -1.9977e+00 -1.0278e+00 +1.0178e+00 -6.0127e-01 +2.5718e+00
2242 0 +4.848761620e+00 +8.111876162e+01 +8.111876162e+01 -2.3335e+00 -3.8079e+00 -1.2301e+00 +1.7510e-01 -1.4191e+00 -1.7587e+00 -9.5953e-02 +6.0144e-01 -1.0204e+00 +2.7397e+00
2355 0 +3.875938966e+00 +8.014593897e+01 +8.014593897e+01 -1.0063e+00 -4.6658e+00 -1.8094e+00 +1.1520e+00 -1.6223e+00 -1.7891e+00 -9.8689e-01 +4.1755e-01 -1.1723e+00 +2.9425e+00
2357 0 +3.389513493e+00 +7.965951349e+01 +7.965951349e+01 -1.2991e+00 -4.4679e+00 -7.1608e-01 +5.8781e-01 -2.4187e+00 -1.8228e+00 -2.6839e-01 +9.2188e-01 -1.3660e+00 +2.9542e+00
2367 0 +2.978746266e+00 +7.924874627e+01 +7.924874627e+01 -1.2558e+00 -3.4595e+00 -1.4343e+00 +8.0016e-01 -1.2115e+00 -3.2889e+00 +1.1908e-01 +1.6394e+00 -1.0923e+00 +2.2773e+00
2431 0 +2.764730825e+00 +7.903473083e+01 +7.903473083e+01 -9.9219e-01 -3.8332e+00 -1.5843e+00 +2.5811e-01 -1.9108e+00 -1.7523e+00 -1.3055e+00 +1.4801e+00 -1.0795e+00 +2.8467e+00
2438 0 +2.730862738e+00 +7.900086274e+01 +7.900086274e+01 -7.9195e-01 -3.6316e+00 -1.2457e+00 -1.3958e-01 -1.7035e+00 -1.8536e+00 -3.7197e-01 +1.1245e+00 -1.7705e+00 +2.6419e+00
2451 0 +2.268507069e+00 +7.853850707e+01 +7.853850707e+01 -4.5987e-01 -3.8994e+00 -1.3087e+00 +5.6489e-01 -1.9449e+00 -2.9503e+00 -6.3319e-02 +1.3863e+00 -1.1093e+00 +3.3512e+00
2464 0 +2.256465699e+00 +7.852646570e+01 +7.852646570e+01 -1.7338e+00 -2.9709e+00 -1.3642e+00 +1.3559e-01 -1.4494e+00 -2.6760e+00 -9.2006e-01 +1.0944e+00 -1.5843e+00 +2.9189e+00
2468 0 +1.509928533e+00 +7.777992853e+01 +7.777992853e+01 -1.0012e+00 -3.1118e+00 -1.4572e+00 +3.2708e-01 -1.8743e+00 -2.2211e+00 -9.3865e-01 +1.0651e+00 -1.4303e+00 +3.5715e+00
% f evaluations | g evaluations | best noise-free fitness - Fopt (-2.255000000000e+01) + sum g_i+ | measured fitness | best measured fitness or single-digit g-values | x1 | x2...
1 0 +4.591578469e+05 +4.591352969e+05 +4.591352969e+05 +5.9671e-01 -3.8264e-02 +7.4769e-01 +1.6230e+00 -1.3415e-01 -1.3414e-01 +1.6792e+00 +8.6743e-01 -3.6947e-01 +6.4256e-01
2 0 +4.059641924e+05 +4.059416424e+05 +4.059416424e+05 -3.6342e-01 -3.6573e-01 +3.4196e-01 -1.8133e+00 -1.6249e+00 -4.6229e-01 -9.1283e-01 +4.1425e-01 -8.0802e-01 -1.3123e+00
5 0 +2.064410243e+04 +2.062155243e+04 +2.062155243e+04 +8.3847e-01 +2.7137e-01 -1.5648e-02 -2.0110e-01 -1.3785e+00 -6.1984e-01 -3.6064e-01 +1.1571e+00 +4.4362e-01 -1.6630e+00
20 0 +4.194544284e+03 +4.171994284e+03 +4.171994284e+03 -3.4651e-01 +9.5640e-01 +3.1409e-01 -1.1457e+00 +2.7318e-01 +4.8532e-01 -7.8386e-01 +2.5373e-01 +1.5821e-01 -1.0430e+00
45 0 +3.853335733e+03 +3.830785733e+03 +3.830785733e+03 +4.8407e-01 +6.7305e-02 -1.9674e+00 +1.0880e-02 -1.2045e+00 +7.6967e-01 +4.6660e-01 -8.3988e-01 -4.1387e-01 -9.5921e-01
50 0 +3.474848783e+03 +3.452298783e+03 +3.452298783e+03 +9.2027e-02 +1.5799e+00 +1.7737e-01 -7.6128e-01 +1.6231e+00 +6.3891e-01 -9.3725e-01 -9.0339e-02 -7.7562e-01 -1.2828e+00
57 0 +8.659142173e+02 +8.433642173e+02 +8.433642173e+02 +3.9753e-01 +8.4876e-01 -1.1240e+00 -1.1176e+00 +2.2400e+00 +5.8391e-01 +6.4849e-01 +1.1647e+00 -2.4258e-01 +3.2472e-01
70 0 +1.931539206e+02 +1.706039206e+02 +1.706039206e+02 -1.2737e+00 -1.8714e-01 -1.2573e+00 -1.8904e-02 +2.3314e-01 +7.8216e-01 -1.4109e-01 -3.6789e-01 +1.6688e-01 +2.8448e-01
155 0 +1.565668249e+02 +1.340168249e+02 +1.340168249e+02 -8.0674e-01 +5.1355e-01 +6.3028e-01 +7.8524e-01 +1.2684e-01 +4.3461e-01 -7.7556e-01 +3.6530e-01 +7.3807e-01 +3.3365e-01
257 0 +5.057418938e+01 +2.802418938e+01 +2.802418938e+01 -4.5587e-01 +9.8704e-02 +4.1875e-01 -6.7331e-01 -1.7822e-01 +4.2953e-02 +3.1432e-01 -4.1281e-01 +1.1384e+00 +1.0287e+00
270 0 +4.868404262e+01 +2.613404262e+01 +2.613404262e+01 +6.2161e-01 +7.5301e-01 -5.8434e-02 +3.9479e-01 +6.1599e-01 -3.0548e-01 +1.2742e-01 -1.3932e-01 -5.5012e-01 +3.7356e-01
408 0 +4.444996348e+01 +2.189996348e+01 +2.189996348e+01 +7.6296e-02 +3.1287e-01 +8.7481e-01 -7.8508e-01 +1.3581e-01 -2.4588e-01 +4.6428e-01 -3.1657e-01 +7.7822e-01 +9.3299e-01
453 0 +4.157353130e+01 +1.902353130e+01 +1.902353130e+01 +6.5259e-01 +7.1422e-01 +5.1067e-02 +1.8971e-01 +6.5924e-01 -6.5122e-01 +2.8370e-01 -1.6839e-01 +7.8530e-01 +9.6750e-01
531 0 +3.169642216e+01 +9.146422163e+00 +9.146422163e+00 +2.7799e-01 +6.6085e-01 +1.6449e+00 -1.5248e+00 +9.8672e-01 -4.7513e-01 +4.9702e-01 -4.7353e-01 +3.1591e-01 +9.8444e-01
866 0 +3.003104920e+01 +7.481049199e+00 +7.481049199e+00 +1.1040e+00 +1.0901e+00 +1.6210e+00 -1.4749e-01 +3.4898e-01 -1.2684e-01 +3.0424e-01 -7.0559e-01 +9.1567e-01 +3.0946e-01
1118 0 +2.888047771e+01 +6.330477711e+00 +6.330477711e+00 +1.3283e+00 +1.5076e+00 +1.3542e+00 -4.0048e-01 +1.3527e-01 -3.2213e-01 +1.8325e-01 -1.3117e+00 -3.4451e-01 +2.9490e-01
1181 0 +2.292723249e+01 +3.772324950e-01 +3.772324950e-01 +1.1945e+00 +1.7719e+00 +2.3233e+00 -6.5276e-01 -2.2269e-01 +4.1338e-01 -2.7867e-02 -1.9703e+00 +6.0400e-01 -1.0071e-01
1222 0 +2.218346070e+01 -3.665393006e-01 -3.665393006e-01 +1.0925e+00 +1.4733e+00 +1.6099e+00 -1.5704e+00 +2.3862e-01 -5.7640e-01 +2.4717e-02 -1.2849e+00 +3.8807e-01 -2.2038e-01
1261 0 +2.149747481e+01 -1.052525192e+00 -1.052525192e+00 +1.3684e+00 +1.0928e+00 +1.4538e+00 -1.3137e+00 +5.9714e-01 -1.4244e+00 +2.5196e-01 -1.1434e+00 +9.8653e-01 -4.9215e-03
1307 0 +1.667707441e+01 -5.872925588e+00 -5.872925588e+00 +2.3435e+00 +1.9583e+00 +1.4431e+00 -1.6708e+00 +7.1794e-01 -1.4773e+00 +6.6258e-01 -1.3473e+00 +1.0267e-01 +5.7233e-01
1361 0 +1.551917123e+01 -7.030828771e+00 -7.030828771e+00 +8.1141e-01 +1.3020e+00 +2.3332e+00 -1.9845e+00 +8.7469e-01 -1.1230e+00 +2.2131e-01 -2.6861e+00 +1.2869e+00 +9.2180e-01
1440 0 +1.464612472e+01 -7.903875280e+00 -7.903875280e+00 +2.0443e+00 +1.8886e+00 +1.6244e+00 -1.3759e+00 +1.3492e+00 -2.1392e+00 +3.6541e-01 -2.4904e+00 +2.3646e-01 +1.1021e+00
1458 0 +1.294284896e+01 -9.607151043e+00 -9.607151043e+00 +1.5316e+00 +1.7915e+00 +3.3872e+00 -1.7119e+00 +2.7398e-01 -2.7063e-01 +3.1947e-01 -2.7804e+00 +5.8481e-01 +1.6138e-01
1559 0 +1.157388732e+01 -1.097611268e+01 -1.097611268e+01 +5.0036e-01 +1.6362e+00 +2.9258e+00 -4.2115e+00 +1.2345e+00 -8.9584e-01 -2.9204e-01 -3.0395e+00 +1.6696e+00 -8.7252e-01
1563 0 +8.169155203e+00 -1.438084480e+01 -1.438084480e+01 +1.4081e+00 +2.4429e+00 +1.2974e+00 -3.5623e+00 +9.3799e-01 -6.4011e-01 +2.2267e-01 -3.8679e+00 +1.2173e+00 +3.1803e-01
1669 0 +6.421700638e+00 -1.612829936e+01 -1.612829936e+01 +1.8171e+00 +3.3115e+00 +2.3197e+00 -3.0462e+00 +1.4754e+00 -1.0791e+00 -3.2433e-01 -4.5979e+00 +3.6088e-01 +5.9930e-01
1709 0 +4.728159157e+00 -1.782184084e+01 -1.782184084e+01 +2.6442e+00 +2.1326e+00 +2.3688e+00 -2.9059e+00 +1.8440e+00 -4.9784e-01 +7.4479e-01 -3.7003e+00 +2.6037e+00 -1.1834e+00
1757 0 +4.126107495e+00 -1.842389251e+01 -1.842389251e+01 +2.1054e+00 +2.4331e+00 +2.6216e+00 -3.0712e+00 +1.5100e+00 -3.1893e-01 +5.6412e-01 -2.8140e+00 +1.2206e+00 -1.6950e-01
1868 0 +2.870552128e+00 -1.967944787e+01 -1.967944787e+01 +2.2921e+00 +2.4257e+00 +2.5894e+00 -2.9254e+00 +1.3449e+00 -1.0533e+00 +7.4068e-01 -2.9225e+00 +1.7720e+00 +7.9479e-01
2110 0 +2.210820568e+00 -2.033917943e+01 -2.033917943e+01 +3.2419e+00 +3.2955e+00 +1.8872e+00 -2.9420e+00 +1.4330e+00 -1.2142e+00 +4.1889e-01 -4.4842e+00 +1.9610e+00 -2.4867e-01
2186 0 +1.137452595e+00 -2.141254740e+01 -2.141254740e+01 +2.9920e+00 +2.4564e+00 +2.0093e+00 -2.9439e+00 +1.7539e+00 -8.0104e-01 +1.0806e+00 -4.4326e+00 +2.4266e+00 -7.7138e-02
2396 0 +9.382183957e-01 -2.161178160e+01 -2.161178160e+01 +2.7016e+00 +2.8946e+00 +2.0975e+00 -2.8324e+00 +1.9292e+00 -8.5643e-01 +4.9791e-01 -3.9503e+00 +2.4354e+00 +1.8363e-02
2401 0 +8.718610385e-01 -2.167813896e+01 -2.167813896e+01 +2.8007e+00 +2.6836e+00 +2.3202e+00 -2.8263e+00 +1.6349e+00 -1.0071e+00 +7.7883e-01 -3.9510e+00 +2.5152e+00 +3.4926e-01
2404 0 +8.024310788e-01 -2.174756892e+01 -2.174756892e+01 +3.0038e+00 +2.6004e+00 +2.3816e+00 -2.8571e+00 +1.7772e+00 -1.2199e+00 +8.2411e-01 -4.3508e+00 +2.0531e+00 -6.1849e-04
2417 0 +7.346975535e-01 -2.181530245e+01 -2.181530245e+01 +2.6609e+00 +2.1828e+00 +2.1084e+00 -2.9521e+00 +2.1102e+00 -1.1520e+00 +9.9645e-01 -3.9198e+00 +2.2222e+00 +1.2796e-01
2498 0 +6.823441225e-01 -2.186765588e+01 -2.186765588e+01 +2.5024e+00 +2.3026e+00 +2.3601e+00 -3.0979e+00 +1.3330e+00 -1.1751e+00 +7.5054e-01 -4.1179e+00 +2.1897e+00 +9.6368e-02
% f evaluations | g evaluations | best noise-free fitness - Fopt (1.366000000000e+01) + sum g_i+ | measured fitness | best measured fitness or single-digit g-values | x1 | x2...
1 0 +5.397776853e+05 +5.397913453e+05 +5.397913453e+05 +5.9671e-01 -3.8264e-02 +7.4769e-01 +1.6230e+00 -1.3415e-01 -1.3414e-01 +1.6792e+00 +8.6743e-01 -3.6947e-01 +6.4256e-01
4 0 +1.417905962e+02 +1.554505962e+02 +1.554505962e+02 -5.0171e-01 +1.9523e+00 +8.6503e-02 -9.5771e-01 +9.2254e-01 -1.1208e+00 +3.0886e-01 -1.8597e+00 -1.2282e+00 +2.9686e-01
261 0 +5.863138504e+01 +7.229138504e+01 +7.229138504e+01 +3.2438e-01 +4.4605e-01 -9.4067e-01 +6.7262e-01 +1.4040e-01 -1.6561e+00 +2.2740e-01 -1.8887e+00 -1.3292e+00 +4.1632e-01
1163 0 +5.519754978e+01 +6.885754978e+01 +6.885754978e+01 -1.3412e+00 +4.8161e+00 +1.6083e-01 +1.8815e+00 -3.3901e+00 -2.7197e+00 -4.2633e-02 +8.1088e-02 -4.7140e-01 -3.6477e+00
1226 0 +4.969343161e+01 +6.335343161e+01 +6.335343161e+01 -8.8078e-01 +2.8929e+00 +1.6748e-01 +2.4614e+00 -1.9048e+00 -2.0767e+00 +7.0481e-01 +4.1679e-01 +1.2425e-01 -2.4077e+00
1299 0 +4.947338535e+01 +6.313338535e+01 +6.313338535e+01 -1.3316e+00 +3.8455e+00 +1.8341e-01 -8.9708e-01 -3.5730e-01 -2.3240e+00 -4.0274e-02 -4.6121e-01 +3.8330e-01 -2.1133e+00
1355 0 +4.540999664e+01 +5.906999664e+01 +5.906999664e+01 +8.6314e-01 +4.5937e+00 +1.0799e+00 -5.3552e-01 +7.7585e-01 +6.5377e-01 +1.0714e+00 -4.5054e-01 -4.7812e-01 -3.0962e-01
1374 0 +3.223410034e+01 +4.589410034e+01 +4.589410034e+01 -5.6628e-01 +2.7630e+00 +8.7675e-01 +7.6915e-02 +2.1192e-01 -1.7918e+00 +2.8439e-01 -2.1265e+00 +1.9888e+00 -9.0111e-01
1474 0 +3.200711512e+01 +4.566711512e+01 +4.566711512e+01 -3.7824e-01 +4.3146e+00 +2.1268e+00 +8.9512e-01 -3.8236e+00 -1.9459e+00 +1.5705e+00 -3.3845e+00 +5.5335e-01 -3.7486e+00
1541 0 +2.959127052e+01 +4.325127052e+01 +4.325127052e+01 +8.1302e-01 +3.2125e+00 +4.9917e+00 -1.8340e+00 +5.5676e-02 -1.7763e+00 +2.9083e+00 -1.8574e+00 -3.5913e-01 -2.2620e+00
1651 0 +1.455613561e+01 +2.821613561e+01 +2.821613561e+01 +1.0917e-01 +3.4521e+00 +3.3547e+00 -1.3675e+00 -2.7385e+00 -1.7108e+00 +3.8268e+00 -1.0936e+00 +3.5933e-01 -4.3710e+00
1819 0 +1.178891989e+01 +2.544891989e+01 +2.544891989e+01 +9.1509e-01 +1.7297e+00 +9.6993e-01 +1.4114e+00 -2.1379e+00 -3.2599e-01 +3.2467e+00 -2.9893e+00 +2.7576e+00 -3.0198e+00
1833 0 +1.008498376e+01 +2.374498376e+01 +2.374498376e+01 +4.0133e-01 +2.0612e+00 +1.1122e+00 +3.6406e-01 -1.3938e+00 -1.2165e+00 +2.3621e+00 -2.0641e+00 -2.9496e-01 -2.9836e+00
1970 0 +1.006955882e+01 +2.372955882e+01 +2.372955882e+01 -2.7604e-01 +2.0577e+00 +1.5518e+00 -1.8210e-01 -2.8885e+00 -1.4251e+00 +3.7479e+00 -2.6482e+00 +2.7558e+00 -4.6645e+00
2030 0 +8.127246735e+00 +2.178724674e+01 +2.178724674e+01 -1.0231e+00 +2.1836e+00 +1.3504e+00 -8.0971e-02 -3.0402e+00 -9.1905e-01 +3.6770e+00 -3.2325e+00 +2.0594e-01 -4.8967e+00
2034 0 +8.065049951e+00 +2.172504995e+01 +2.172504995e+01 +1.7769e+00 +1.7648e+00 +3.1683e+00 -7.2819e-01 -1.4958e+00 -8.1321e-01 +4.5616e+00 -1.7871e+00 +1.0342e+00 -3.4879e+00
2036 0 +7.209880762e+00 +2.086988076e+01 +2.086988076e+01 -5.7807e-01 +2.7050e+00 +2.6465e+00 +4.3632e-01 -1.3636e+00 -2.1351e+00 +2.0266e+00 -3.7671e+00 +1.4593e+00 -4.0175e+00
2044 0 +3.309355586e+00 +1.696935559e+01 +1.696935559e+01 -4.0780e-02 +1.7317e+00 +3.4742e+00 +4.9663e-01 -2.0707e+00 -1.0830e+00 +4.2243e+00 -2.7804e+00 +1.6314e+00 -3.7538e+00
2360 0 +2.844063979e+00 +1.650406398e+01 +1.650406398e+01 +1.3351e+00 +2.2474e+00 +3.0939e+00 +6.5124e-01 -1.5397e+00 +1.5941e-01 +4.4617e+00 -2.9095e+00 +8.9799e-01 -3.8866e+00
2374 0 +2.442218485e+00 +1.610221848e+01 +1.610221848e+01 +3.8704e-01 +2.7369e+00 +3.0354e+00 +4.9557e-01 -9.5082e-01 -9.6855e-01 +3.1624e+00 -2.9131e+00 +9.3207e-01 -4.1567e+00
2408 0 +2.272474784e+00 +1.593247478e+01 +1.593247478e+01 -4.1293e-01 +2.2214e+00 +3.0330e+00 +2.3808e-01 -1.7557e+00 -2.1798e-01 +3.8046e+00 -3.7040e+00 +1.1124e+00 -3.0757e+00
2441 0 +2.137229150e+00 +1.579722915e+01 +1.579722915e+01 +3.7129e-01 +2.1990e+00 +3.4337e+00 +4.2114e-01 -1.5724e+00 -5.7198e-02 +4.4945e+00 -3.0548e+00 +1.2562e+00 -3.8542e+00
2458 0 +1.002733580e+00 +1.466273358e+01 +1.466273358e+01 +8.1616e-02 +2.0144e+00 +3.0488e+00 +1.8800e-01 -2.0414e+00 -6.5860e-01 +3.9887e+00 -3.8192e+00 +1.0537e+00 -3.8443e+00
% f evaluations | g evaluations | best noise-free fitness - Fopt (9.378400000000e+02) + sum g_i+ | measured fitness | best measured fitness or single-digit g-values | x1 | x2...
1 0 +1.015271303e+07 +1.015365087e+07 +1.015365087e+07 +5.9671e-01 -3.8264e-02 +7.4769e-01 +1.6230e+00 -1.3415e-01 -1.3414e-01 +1.6792e+00 +8.6743e-01 -3.6947e-01 +6.4256e-01
3 0 +9.688708469e+06 +9.689646309e+06 +9.689646309e+06 +1.5656e+00 -1.2578e-01 +1.6753e-01 -1.3247e+00 -4.4438e-01 +2.1092e-01 -1.0510e+00 +4.7570e-01 -5.0064e-01 -1.9169e-01
4 0 +2.131023532e+04 +2.224807532e+04 +2.224807532e+04 -5.0171e-01 +1.9523e+00 +8.6503e-02 -9.5771e-01 +9.2254e-01 -1.1208e+00 +3.0886e-01 -1.8597e+00 -1.2282e+00 +2.9686e-01
111 0 +2.811397460e+02 +1.218979746e+03 +1.218979746e+03 -5.4685e-02 +9.1144e-01 +7.0376e-01 -3.7135e+00 +1.9391e+00 +1.9406e+00 -1.6651e+00 +7.5136e-01 -1.0803e+00 +2.1280e+00
393 0 +1.892657581e+02 +1.127105758e+03 +1.127105758e+03 -8.5486e-02 +6.8447e-01 -2.3872e+00 -1.7376e+00 +6.5659e-01 +1.8240e+00 -8.9166e-01 -1.2407e+00 +1.2991e+00 +8.5053e-01
582 0 +1.755119342e+02 +1.113351934e+03 +1.113351934e+03 -1.6248e+00 +2.5926e-01 -2.4639e+00 +2.0980e+00 -3.2148e-01 -8.7909e-01 -8.9439e-01 -3.6162e+00 -3.2228e-01 +1.4603e+00
610 0 +8.587305850e+01 +1.023713058e+03 +1.023713058e+03 -9.9052e-01 +1.9703e+00 -1.1300e+00 -1.6875e+00 +1.4454e-03 -4.5454e-01 -7.1883e-01 -7.8865e-02 -5.8693e-01 +2.8492e+00
906 0 +8.484547513e+01 +1.022685475e+03 +1.022685475e+03 -1.2006e+00 +2.5120e+00 +1.4391e+00 -1.1876e+00 +1.9192e+00 -6.5377e-01 -7.6706e-01 +9.1420e-01 -6.7262e-02 +1.4043e+00
998 0 +5.399186879e+01 +9.918318688e+02 +9.918318688e+02 -8.9318e-01 +2.2779e+00 +1.4214e+00 -1.9138e+00 -2.8681e-02 +8.7041e-01 -2.8679e+00 -3.4688e-01 -2.3542e-01 +4.4958e-01
1155 0 +5.287947810e+01 +9.907194781e+02 +9.907194781e+02 -1.8664e+00 +3.6327e+00 +1.5523e+00 +4.2057e-01 +1.5899e-01 +2.2645e+00 -2.5552e-01 +3.5859e-02 -2.5926e-01 -8.6481e-01
1227 0 +4.509865250e+01 +9.829386525e+02 +9.829386525e+02 -3.9390e+00 +1.4326e+00 +1.5618e+00 -1.3202e-01 -1.1414e+00 +3.2482e-01 -2.1541e+00 +3.7194e-01 +1.2442e+00 +5.7056e-01
1505 0 +3.833935877e+01 +9.761793588e+02 +9.761793588e+02 -3.1523e-01 +3.0400e+00 +9.2766e-01 -5.1457e-01 +4.2213e-01 +7.0360e-01 -1.0619e+00 +2.3326e-01 +2.6706e+00 -3.4205e-02
1510 0 +2.975966821e+01 +9.675996682e+02 +9.675996682e+02 -3.5305e+00 +4.0336e+00 +2.3810e+00 -3.7397e-01 -3.6680e+00 +3.1208e+00 +1.3248e-01 +1.9421e+00 -3.7412e-01 +2.0297e+00
1634 0 +2.664886837e+01 +9.644888684e+02 +9.644888684e+02 -6.7836e-01 +3.3130e+00 +1.0410e+00 -2.5072e+00 +3.8213e-01 +3.2663e+00 -4.5096e+00 +4.5382e+00 +2.1110e+00 +3.8786e+00
1654 0 +2.431277195e+01 +9.621527720e+02 +9.621527720e+02 -5.8505e-01 +2.7070e-01 +3.9204e+00 -3.6706e+00 +7.0835e-01 +4.6365e+00 -2.9316e+00 +2.6912e+00 +1.5626e+00 +2.5401e+00
1757 0 +2.389710739e+01 +9.617371074e+02 +9.617371074e+02 +8.3313e-01 +2.5832e+00 +8.2022e-01 -1.7020e+00 -7.5050e-02 +4.5282e+00 -2.6585e+00 +1.1143e+00 +2.2677e+00 +1.1780e+00
1836 0 +1.776274121e+01 +9.556027412e+02 +9.556027412e+02 -2.1331e+00 +1.3881e+00 +2.9137e+00 +6.5941e-01 +2.2693e-01 +4.0381e+00 -1.5392e+00 +2.5075e+00 +1.8036e+00 +2.8073e+00
1924 0 +1.757077345e+01 +9.554107734e+02 +9.554107734e+02 -3.2737e-01 +2.8750e+00 +2.7646e+00 -2.2579e+00 +1.6671e+00 +3.7410e+00 -2.5792e+00 +2.6175e+00 +1.1106e+00 +8.4530e-01
1997 0 +6.582727459e+00 +9.444227275e+02 +9.444227275e+02 -6.3045e-01 +3.4053e+00 +3.4748e+00 -8.5949e-01 -3.4388e-01 +3.5965e+00 -1.2826e+00 +2.9349e+00 +2.5141e+00 +1.9571e+00
2037 0 +5.374925950e+00 +9.432149260e+02 +9.432149260e+02 -1.0853e+00 +2.4139e+00 +2.4965e+00 -7.4528e-01 -1.3494e+00 +3.1903e+00 -1.2387e+00 +2.2889e+00 +2.4355e+00 +2.9711e+00
2274 0 +3.403042297e+00 +9.412430423e+02 +9.412430423e+02 -7.0484e-01 +3.5437e+00 +4.0797e+00 -2.1341e+00 -1.3124e+00 +2.8032e+00 -7.9832e-01 +2.8372e+00 +2.4565e+00 +1.8598e+00
2328 0 +2.385101161e+00 +9.402251012e+02 +9.402251012e+02 -8.8238e-01 +3.1096e+00 +4.0423e+00 -9.5783e-01 -2.1153e+00 +3.9009e+00 -9.9377e-01 +2.3898e+00 +1.6311e+00 +2.8582e+00
2368 0 +2.231510109e+00 +9.400715101e+02 +9.400715101e+02 -7.4957e-01 +3.0067e+00 +3.9117e+00 -2.2168e+00 -1.5090e+00 +3.6107e+00 -2.0495e+00 +2.7782e+00 +1.7031e+00 +2.5515e+00
2429 0 +1.982284746e+00 +9.398222847e+02 +9.398222847e+02 -5.9433e-01 +3.1933e+00 +3.5104e+00 -1.0908e+00 -1.2258e+00 +3.2259e+00 -1.7608e+00 +2.0877e+00 +1.3043e+00 +2.4362e+00
% f evaluations | g evaluations | best noise-free fitness - Fopt (-7.872000000000e+01) + sum g_i+ | measured fitness | best measured fitness or single-digit g-values | x1 | x2...
1 0 +4.964310655e+05 +4.963523455e+05 +4.963523455e+05 +5.9671e-01 -3.8264e-02 +7.4769e-01 +1.6230e+00 -1.3415e-01 -1.3414e-01 +1.6792e+00 +8.6743e-01 -3.6947e-01 +6.4256e-01
6 0 +3.485965655e+04 +3.478093655e+04 +3.478093655e+04 +4.2408e-01 -2.8508e-01 -5.7692e-01 +7.1168e-01 +1.1310e+00 +1.0313e+00 -7.3922e-01 -2.0921e-01 +4.3126e-01 +1.0755e+00
9 0 +1.426922370e+04 +1.419050370e+04 +1.419050370e+04 -1.1967e-01 +4.5711e-01 +1.5779e+00 -4.1827e-01 -7.0849e-01 -4.0176e-01 +1.0154e+00 +4.2875e-01 -4.2976e-01 +6.1327e-01
26 0 +2.899273654e+03 +2.820553654e+03 +2.820553654e+03 -1.1609e+00 +1.0179e+00 +2.2222e+00 +1.1325e+00 -1.4194e+00 -3.8423e-01 +1.3669e+00 -6.0767e-01 +5.4382e-01 +8.7463e-01
71 0 +6.245034162e+02 +5.457834162e+02 +5.457834162e+02 +6.6769e-01 -8.1046e-01 +2.0334e+00 +3.4158e-01 +9.1814e-01 -1.6936e-01 +1.6129e+00 -6.1215e-02 +2.6953e+00 -2.8074e-01
92 0 +9.144399754e+01 +1.272399754e+01 +1.272399754e+01 -2.9000e-01 +6.7419e-01 +2.0699e-01 -2.0619e+00 -2.0896e-01 -7.2462e-01 +1.3856e+00 +6.6514e-01 -3.0762e-01 -1.4557e+00
324 0 +7.343117152e+01 -5.288828476e+00 -5.288828476e+00 -4.9994e-01 +1.6985e-01 +7.2759e-01 +2.2816e+00 +2.8781e-01 +7.9426e-01 +2.7209e+00 -1.1939e-01 -1.6534e-01 -2.3616e+00
1384 0 +6.437885701e+01 -1.434114299e+01 -1.434114299e+01 +4.4018e-01 +4.4034e-01 +1.1719e+00 +8.5290e-02 -4.8130e-01 +8.5129e-01 +2.3318e+00 -1.3595e-02 +1.0187e-01 -1.0926e+00
1452 0 +6.333130906e+01 -1.538869094e+01 -1.538869094e+01 +1.0349e+00 +1.1556e+00 +2.6655e-01 -8.3306e-01 -4.1312e-01 +1.0052e+00 +2.0306e+00 +1.8882e+00 +1.8476e-01 -6.1640e-01
1492 0 +4.765968853e+01 -3.106031147e+01 -3.106031147e+01 +1.2370e+00 -1.8060e+00 +2.6074e+00 -1.7912e-01 -2.1731e-02 -1.4939e+00 +2.3247e+00 -5.4855e-01 +2.3635e+00 -1.0971e+00
1528 0 +3.630965691e+01 -4.241034309e+01 -4.241034309e+01 +1.6384e+00 -2.9654e-01 -2.5479e-01 -8.7756e-01 +4.6332e-01 -9.6368e-01 +1.5797e+00 +2.9726e+00 -1.3937e-02 -1.5396e+00
1542 0 +3.448273834e+01 -4.423726166e+01 -4.423726166e+01 +1.1450e+00 +8.4526e-01 +4.8485e-01 -5.2484e-01 -2.3241e+00 -1.0922e+00 +2.4359e+00 +1.4759e+00 +1.5875e+00 -3.4062e-01
1703 0 +2.646759101e+01 -5.225240899e+01 -5.225240899e+01 +2.1023e+00 +1.5754e-01 -5.7064e-02 -1.9798e+00 -2.0873e+00 -1.5613e+00 +3.9993e+00 +4.4093e+00 +3.8547e+00 -1.1692e+00
1768 0 +2.443936181e+01 -5.428063819e+01 -5.428063819e+01 +1.2548e+00 -3.7840e-02 -6.4105e-01 -3.1216e-01 -1.9165e+00 -1.2078e+00 +2.0749e+00 +1.4772e+00 +3.3103e+00 +2.2096e-01
1821 0 +2.296637084e+01 -5.575362916e+01 -5.575362916e+01 +1.6946e+00 +2.5761e-01 +1.0856e+00 -4.0932e-01 -1.5359e+00 -3.1218e+00 +3.7082e+00 +2.7363e+00 +4.1393e+00 -2.3563e+00
1885 0 +1.995649673e+01 -5.876350327e+01 -5.876350327e+01 +4.8896e+00 +2.3898e-01 +8.0428e-01 +9.7137e-01 -1.7471e+00 -2.2117e+00 +1.5956e+00 +1.5721e+00 +4.2632e+00 +3.1620e-01
1891 0 +1.724165478e+01 -6.147834522e+01 -6.147834522e+01 +3.1014e+00 -1.3095e+00 +6.6251e-01 +1.0712e+00 -1.3076e+00 -2.8567e+00 +4.4397e+00 +2.4752e+00 +4.0112e+00 -3.3406e+00
1892 0 +1.275436834e+01 -6.596563166e+01 -6.596563166e+01 +2.8409e+00 -5.2023e-02 -3.2867e-01 -1.0159e+00 -9.9528e-01 -1.9511e+00 +2.1146e+00 +3.3102e+00 +3.6976e+00 -4.6026e-01
1894 0 +9.506166371e+00 -6.921383363e+01 -6.921383363e+01 +2.6165e+00 -2.4571e+00 -1.1382e+00 -5.1772e-01 -1.8952e+00 -3.9317e+00 +3.7007e+00 +1.9320e+00 +4.2902e+00 -2.9455e+00
2014 0 +7.875195230e+00 -7.084480477e+01 -7.084480477e+01 +3.3969e+00 -7.3066e-01 -1.5669e+00 -1.2870e+00 -1.8805e+00 -4.1830e+00 +1.1940e+00 +2.6519e+00 +3.5630e+00 -6.5104e-01
2027 0 +6.318490402e+00 -7.240150960e+01 -7.240150960e+01 +3.3421e+00 -7.0716e-01 -6.7371e-01 +2.3893e-01 -8.0103e-01 -2.9290e+00 +2.6053e+00 +2.9626e+00 +4.8943e+00 -1.6438e+00
2150 0 +3.860759031e+00 -7.485924097e+01 -7.485924097e+01 +4.0418e+00 -1.6146e+00 -1.8728e+00 +4.2072e-01 -2.5263e+00 -4.2927e+00 +2.5226e+00 +3.3993e+00 +3.9230e+00 -1.3929e+00
2203 0 +3.802499100e+00 -7.491750090e+01 -7.491750090e+01 +3.6297e+00 -9.8404e-01 -1.4348e+00 +6.5568e-01 -2.1391e+00 -3.4688e+00 +2.2114e+00 +1.7882e+00 +2.6790e+00 -1.8681e+00
2208 0 +9.108700344e-01 -7.780912997e+01 -7.780912997e+01 +3.8625e+00 -1.3527e+00 -2.0570e+00 +6.0803e-01 -1.4471e+00 -3.2664e+00 +1.9949e+00 +2.5729e+00 +3.8354e+00 -1.4502e+00
% f evaluations | g evaluations | best noise-free fitness - Fopt (-4.151000000000e+01) + sum g_i+ | measured fitness | best measured fitness or single-digit g-values | x1 | x2...
1 0 +1.856812029e+06 +1.856770519e+06 +1.856770519e+06 +5.9671e-01 -3.8264e-02 +7.4769e-01 +1.6230e+00 -1.3415e-01 -1.3414e-01 +1.6792e+00 +8.6743e-01 -3.6947e-01 +6.4256e-01
2 0 +6.316008743e+05 +6.315593643e+05 +6.315593643e+05 -3.6342e-01 -3.6573e-01 +3.4196e-01 -1.8133e+00 -1.6249e+00 -4.6229e-01 -9.1283e-01 +4.1425e-01 -8.0802e-01 -1.3123e+00
3 0 +4.251113892e+05 +4.250698792e+05 +4.250698792e+05 +1.5656e+00 -1.2578e-01 +1.6753e-01 -1.3247e+00 -4.4438e-01 +2.1092e-01 -1.0510e+00 +4.7570e-01 -5.0064e-01 -1.9169e-01
9 0 +1.274423060e+05 +1.274007960e+05 +1.274007960e+05 -1.1967e-01 +4.5711e-01 +1.5779e+00 -4.1827e-01 -7.0849e-01 -4.0176e-01 +1.0154e+00 +4.2875e-01 -4.2976e-01 +6.1327e-01
28 0 +1.201777722e+04 +1.197626722e+04 +1.197626722e+04 +1.5413e+00 -1.3359e+00 +1.2632e+00 +1.1023e-01 -8.8151e-01 +5.6210e-01 +2.9906e-01 -5.0022e-01 +1.6980e-01 -2.8531e-01
63 0 +6.854171156e+01 +2.703171156e+01 +2.703171156e+01 -1.3988e-01 +1.1047e+00 +1.8473e+00 -1.0885e+00 -1.4129e+00 -4.2811e-02 +6.9331e-01 +3.0581e-01 -1.0014e+00 -2.7716e-01
709 0 +6.454925225e+01 +2.303925225e+01 +2.303925225e+01 +3.3294e-01 -7.7003e-01 +4.7555e-02 -7.9353e-02 +4.0337e-01 -8.0647e-01 +1.1206e+00 -9.9807e-01 -2.1425e-01 +5.9415e-01
1102 0 +4.773553422e+01 +6.225534219e+00 +6.225534219e+00 -9.3506e-02 +1.4346e-02 +1.5900e-01 -2.2172e-01 -1.3346e+00 -9.9463e-01 +1.3932e+00 -3.3283e-01 -9.1200e-01 +1.4991e+00
1179 0 +4.275017334e+01 +1.240173338e+00 +1.240173338e+00 -1.7692e-01 -3.3120e-01 -1.7554e-01 -2.7015e-01 -1.3303e+00 -6.7337e-01 +5.7957e-01 -8.5777e-01 -1.0024e+00 +1.3935e+00
1291 0 +3.962449690e+01 -1.885503100e+00 -1.885503100e+00 -2.4235e-01 -2.2458e-01 +8.0432e-02 -6.0241e-01 -1.4565e+00 -1.3834e+00 -1.1926e-01 -6.0868e-01 -9.3857e-01 +8.6618e-01
1433 0 +3.891392820e+01 -2.596071798e+00 -2.596071798e+00 +6.9111e-01 -4.5649e-01 +1.1049e-01 -6.0467e-01 -8.3441e-01 -7.7196e-01 +9.1348e-02 -3.4701e-01 -5.2651e-01 +1.7289e+00
1443 0 +2.938599233e+01 -1.212400767e+01 -1.212400767e+01 +3.7959e-01 -9.7921e-01 +1.5696e-01 -5.9486e-01 -1.7345e+00 -6.9440e-01 -7.9785e-02 -2.1355e-01 -9.4462e-01 +2.1120e+00
1603 0 +2.223996244e+01 -1.927003756e+01 -1.927003756e+01 +1.9242e-01 -8.3312e-01 -9.9415e-01 -1.2353e-02 -3.4522e+00 -6.9579e-01 -7.8557e-01 -6.2075e-01 -2.6996e+00 +4.0067e-01
1614 0 +1.385608100e+01 -2.765391900e+01 -2.765391900e+01 +4.5448e-01 -1.9447e+00 -7.1193e-01 -8.4865e-01 -2.5809e+00 -1.4623e-01 -2.9231e+00 -7.6192e-01 -2.0544e+00 +2.2606e+00
1781 0 +9.401777948e+00 -3.210822205e+01 -3.210822205e+01 +1.7325e+00 -6.6477e-01 -2.6340e+00 -7.7089e-01 -2.9579e+00 -4.5329e-01 -1.6684e+00 -1.5426e+00 -7.6202e-01 +2.7669e+00
1960 0 +8.066863580e+00 -3.344313642e+01 -3.344313642e+01 +1.3389e+00 -4.0856e-01 -2.3431e+00 -3.1751e-01 -3.3035e+00 -5.6436e-01 -8.2824e-01 -5.2379e-01 -2.5205e+00 +2.2330e+00
1985 0 +3.915086046e+00 -3.759491395e+01 -3.759491395e+01 +1.1969e+00 -2.4166e+00 -2.5807e+00 -7.2861e-01 -3.5998e+00 -1.3417e-01 -1.9021e+00 -6.7806e-01 -2.7715e+00 +3.1448e+00
2180 0 +2.990676653e+00 -3.851932335e+01 -3.851932335e+01 +2.2951e+00 -1.4459e+00 -2.7564e+00 -1.1040e+00 -3.3354e+00 -9.5411e-01 -1.1262e+00 +3.2502e-02 -2.2263e+00 +2.2636e+00
2260 0 +1.867498791e+00 -3.964250121e+01 -3.964250121e+01 +2.4925e+00 -6.9550e-01 -2.6870e+00 -1.2055e+00 -3.8008e+00 -6.3713e-01 -1.4569e+00 +7.2832e-01 -3.1124e+00 +2.9565e+00
2353 0 +1.846001404e+00 -3.966399860e+01 -3.966399860e+01 +3.2280e+00 -1.4397e+00 -3.5547e+00 -1.5048e+00 -3.1960e+00 -6.8231e-01 -1.6291e+00 +4.8202e-01 -2.6661e+00 +3.2933e+00
2386 0 +1.331507402e+00 -4.017849260e+01 -4.017849260e+01 +2.5234e+00 -1.3154e+00 -3.7982e+00 -1.6309e+00 -3.2930e+00 -8.2359e-01 -2.1454e+00 +2.1574e-01 -3.2973e+00 +2.8712e+00
2489 0 +1.122871670e+00 -4.038712833e+01 -4.038712833e+01 +2.5369e+00 -7.6479e-01 -3.1206e+00 -1.5372e+00 -3.1338e+00 -4.5279e-01 -2.3461e+00 +3.6601e-01 -3.1585e+00 +3.0891e+00
% f evaluations | g evaluations | best noise-free fitness - Fopt (1.320700000000e+02) + sum g_i+ | measured fitness | best measured fitness or single-digit g-values | x1 | x2...
1 0 +1.307220624e+06 +1.307352694e+06 +1.307352694e+06 +5.9671e-01 -3.8264e-02 +7.4769e-01 +1.6230e+00 -1.3415e-01 -1.3414e-01 +1.6792e+00 +8.6743e-01 -3.6947e-01 +6.4256e-01
2 0 +6.417404060e+05 +6.418724760e+05 +6.418724760e+05 -3.6342e-01 -3.6573e-01 +3.4196e-01 -1.8133e+00 -1.6249e+00 -4.6229e-01 -9.1283e-01 +4.1425e-01 -8.0802e-01 -1.3123e+00
3 0 +1.364909878e+05 +1.366230578e+05 +1.366230578e+05 +1.5656e+00 -1.2578e-01 +1.6753e-01 -1.3247e+00 -4.4438e-01 +2.1092e-01 -1.0510e+00 +4.7570e-01 -5.0064e-01 -1.9169e-01
6 0 +3.707159746e+04 +3.720366746e+04 +3.720366746e+04 +4.2408e-01 -2.8508e-01 -5.7692e-01 +7.1168e-01 +1.1310e+00 +1.0313e+00 -7.3922e-01 -2.0921e-01 +4.3126e-01 +1.0755e+00
11 0 +5.701200035e+03 +5.833270035e+03 +5.833270035e+03 -1.3154e+00 -3.2065e-01 -2.4271e-01 -7.0228e-01 -6.1286e-02 +5.0405e-01 +1.9862e+00 +2.7458e-01 +3.5755e-01 +2.5554e-02
34 0 +1.701501380e+03 +1.833571380e+03 +1.833571380e+03 +8.7753e-02 -7.9725e-01 +1.7580e-01 -5.7716e-01 +1.0751e+00 -4.7057e-02 -7.2550e-01 -2.2139e-01 +5.1293e-01 -4.6372e-01
63 0 +2.955258396e+02 +4.275958396e+02 +4.275958396e+02 +3.7438e-01 -1.8467e-01 -1.0760e+00 +2.7247e-01 +1.1215e-01 +6.1214e-01 -8.6509e-02 -2.2104e-01 -5.9397e-01 +1.2267e+00
101 0 +2.451479971e+02 +3.772179971e+02 +3.772179971e+02 -1.7036e-01 +1.0121e+00 -6.7528e-01 +2.4994e-01 +9.1112e-01 +1.1733e+00 -2.7116e-01 +2.8405e-01 +2.0899e-01 -3.3070e-02
241 0 +1.678841867e+02 +2.999541867e+02 +2.999541867e+02 -9.9022e-01 +1.0527e+00 -9.5115e-01 -8.5617e-01 +8.6438e-01 +9.3690e-01 +1.1534e+00 -3.9545e-01 -4.9137e-01 +2.5242e-01
246 0 +9.521418086e+01 +2.272841809e+02 +2.272841809e+02 -7.7332e-01 +2.4485e-01 +3.7604e-01 -1.6613e-01 -4.2724e-01 +5.6419e-01 +1.4122e+00 +2.9636e-02 -1.0540e-02 +1.0084e+00
258 0 +8.894709410e+01 +2.210170941e+02 +2.210170941e+02 -1.3658e+00 +5.2917e-01 -4.8805e-01 +2.1415e-01 -3.0013e-01 +1.2104e+00 +8.1278e-01 +2.1864e-01 -1.3287e+00 +1.4057e+00
322 0 +3.964880883e+01 +1.717188088e+02 +1.717188088e+02 -9.1034e-01 +1.4369e+00 -7.3240e-01 +1.9110e-01 +6.2248e-01 +9.2428e-01 -4.2472e-02 +1.4941e+00 -1.0131e+00 +7.0497e-01
566 0 +3.856664951e+01 +1.706366495e+02 +1.706366495e+02 +3.8133e-01 +2.9218e+00 +1.0132e+00 +9.4857e-01 +9.5646e-01 +3.6271e-01 -4.9991e-01 +1.4178e+00 +4.6837e-01 +1.6047e+00
568 0 +3.624869042e+01 +1.683186904e+02 +1.683186904e+02 -3.7146e-01 +1.8633e+00 +1.0316e+00 +1.0189e-02 +4.8920e-01 +2.7417e-01 +5.2924e-01 +1.7971e+00 +6.3090e-01 +1.2198e+00
652 0 +3.595118428e+01 +1.680211843e+02 +1.680211843e+02 +7.1074e-02 +7.5105e-01 +8.1869e-01 +2.2879e-02 +9.9262e-02 -1.6455e-01 +9.7218e-01 +2.5240e-01 +8.0354e-01 +1.1387e-01
1057 0 +3.182068260e+01 +1.638906826e+02 +1.638906826e+02 -5.8409e-01 +1.4023e+00 +2.7276e+00 -1.1217e-01 -8.2799e-02 -1.6504e-01 +2.4799e-01 +2.0151e+00 +9.6747e-01 +1.3092e+00
1286 0 +2.839837025e+01 +1.604683703e+02 +1.604683703e+02 -1.4667e+00 +9.8889e-01 +3.1105e+00 +7.4394e-02 -4.2852e-01 -3.9427e-01 +1.5747e+00 +1.2187e+00 +9.0493e-01 +1.1826e+00
1311 0 +2.442067955e+01 +1.564906796e+02 +1.564906796e+02 -2.0464e+00 +9.5902e-01 +2.2449e+00 -9.7586e-01 +5.3474e-01 +3.0734e-01 +8.3301e-01 +6.3162e-01 +2.6725e-01 +9.8976e-01
1382 0 +2.220064397e+01 +1.542706440e+02 +1.542706440e+02 -9.2501e-01 +2.0655e+00 +2.6329e+00 -3.8232e-01 +5.7609e-01 -3.3323e-01 +1.3286e+00 +9.0247e-01 +1.3688e+00 +5.9603e-01
1490 0 +1.940738379e+01 +1.514773838e+02 +1.514773838e+02 -1.7866e+00 +1.3904e+00 +1.6380e+00 -1.4260e+00 +1.0832e+00 +3.2135e-01 +1.6107e+00 -2.8397e-01 +9.1315e-01 -9.3939e-02
1555 0 +1.938778928e+01 +1.514577893e+02 +1.514577893e+02 -1.3070e+00 +1.5441e+00 +2.3991e+00 -1.0851e+00 +3.0619e-01 -6.8533e-02 +6.0545e-01 +7.1200e-01 +3.0821e-01 +3.0689e-01
1639 0 +1.589538387e+01 +1.479653839e+02 +1.479653839e+02 -1.3037e+00 +2.7827e+00 +2.0223e+00 -1.3498e+00 +6.4096e-01 +6.5328e-01 +8.6188e-01 -4.2742e-01 +1.4005e-01 +4.7989e-01
1673 0 +1.247763400e+01 +1.445476340e+02 +1.445476340e+02 -1.1973e+00 +2.5949e+00 +1.9729e+00 -6.8946e-01 +8.7468e-01 +5.2705e-01 +1.4485e+00 -3.8243e-01 +1.2016e+00 -3.7886e-01
1762 0 +7.783028656e+00 +1.398530287e+02 +1.398530287e+02 -1.7633e+00 +2.1092e+00 +2.5760e+00 -6.5501e-01 -8.1958e-02 +5.6147e-01 +1.1116e+00 -7.7822e-01 +4.0527e-01 -2.0209e+00
1926 0 +7.555424579e+00 +1.396254246e+02 +1.396254246e+02 -1.7243e+00 +4.0577e+00 +2.1502e+00 -1.3684e+00 -4.4550e-02 +9.3300e-01 +2.0675e-01 +3.6575e-01 -1.0485e+00 -1.7642e+00
1989 0 +7.322975240e+00 +1.393929752e+02 +1.393929752e+02 -1.8062e+00 +2.8969e+00 +4.2167e+00 -1.2431e+00 -7.9641e-01 +4.6394e-01 +3.6826e-01 -3.3781e-01 -8.8795e-02 -1.2916e+00
2042 0 +5.275502605e+00 +1.373455026e+02 +1.373455026e+02 -3.0888e+00 +3.6343e+00 +1.8851e+00 +1.6224e-02 +1.6197e+00 +4.9564e-01 +1.3839e+00 +6.1875e-01 -2.0105e-02 -1.9609e+00
2074 0 +5.116845818e+00 +1.371868458e+02 +1.371868458e+02 -1.9429e+00 +2.7599e+00 +2.7866e+00 +3.8901e-01 +6.7713e-01 +8.6488e-02 +5.8095e-01 -1.8237e-01 +1.8693e-01 -1.7735e+00
2075 0 +3.693871939e+00 +1.357638719e+02 +1.357638719e+02 -2.4198e+00 +3.6147e+00 +2.9854e+00 -1.0015e-01 +7.4427e-02 +7.1739e-01 +3.6612e-01 +4.0625e-01 -7.0814e-01 -1.4476e+00
2091 0 +2.055462489e+00 +1.341254625e+02 +1.341254625e+02 -2.7416e+00 +3.6510e+00 +2.8942e+00 +5.6150e-01 +5.3069e-01 -5.5572e-01 +1.1400e+00 -1.7236e-01 -1.0660e+00 -2.7898e+00
2189 0 +1.948448587e+00 +1.340184486e+02 +1.340184486e+02 -1.8166e+00 +3.8638e+00 +2.7294e+00 +7.4909e-01 -1.2450e-01 +2.3098e-01 +1.6282e+00 -3.9474e-02 +1.1404e-01 -2.2425e+00
2369 0 +1.478803984e+00 +1.335488040e+02 +1.335488040e+02 -2.7765e+00 +3.6922e+00 +2.7310e+00 +1.1698e-01 -2.8769e-02 +8.3063e-01 +1.3874e+00 +3.6115e-02 -4.9229e-01 -1.8907e+00
2412 0 +1.413966917e+00 +1.334839669e+02 +1.334839669e+02 -2.6883e+00 +3.8065e+00 +3.8303e+00 -1.7840e-01 -1.5728e-01 +9.1641e-02 +1.3661e+00 -4.1279e-01 -3.2095e-01 -2.6606e+00
% f evaluations | g evaluations | best noise-free fitness - Fopt (9.725000000000e+01) + sum g_i+ | measured fitness | best measured fitness or single-digit g-values | x1 | x2...
1 0 +6.732509323e+05 +6.733481823e+05 +6.733481823e+05 +5.9671e-01 -3.8264e-02 +7.4769e-01 +1.6230e+00 -1.3415e-01 -1.3414e-01 +1.6792e+00 +8.6743e-01 -3.6947e-01 +6.4256e-01
3 0 +4.857483733e+05 +4.858456233e+05 +4.858456233e+05 +1.5656e+00 -1.2578e-01 +1.6753e-01 -1.3247e+00 -4.4438e-01 +2.1092e-01 -1.0510e+00 +4.7570e-01 -5.0064e-01 -1.9169e-01
4 0 +1.863674020e+05 +1.864646520e+05 +1.864646520e+05 -5.0171e-01 +1.9523e+00 +8.6503e-02 -9.5771e-01 +9.2254e-01 -1.1208e+00 +3.0886e-01 -1.8597e+00 -1.2282e+00 +2.9686e-01
10 0 +1.080543103e+05 +1.081515603e+05 +1.081515603e+05 +1.9708e-01 +1.0686e+00 -6.0205e-01 -2.2766e-01 -2.9211e-01 -1.3635e+00 +3.9612e-01 +3.6106e-01 +1.0511e-01 -1.3459e-01
11 0 +3.061842291e+04 +3.071567291e+04 +3.071567291e+04 -1.3154e+00 -3.2065e-01 -2.4271e-01 -7.0228e-01 -6.1286e-02 +5.0405e-01 +1.9862e+00 +2.7458e-01 +3.5755e-01 +2.5554e-02
47 0 +1.330748666e+04 +1.340473666e+04 +1.340473666e+04 +2.0647e+00 +1.3526e-01 -5.9973e-01 +3.1398e-01 -1.2328e-02 -1.2097e-01 +7.1417e-01 +8.5751e-01 -4.3050e-01 -4.7582e-01
61 0 +8.385951737e+03 +8.483201737e+03 +8.483201737e+03 -1.7533e+00 +1.4501e+00 -9.3666e-01 +5.4993e-03 -4.0193e-01 -7.9382e-02 -7.4639e-01 -1.0648e+00 +1.7557e+00 +3.7743e-01
68 0 +2.039469165e+02 +3.011969165e+02 +3.011969165e+02 -2.5647e+00 -2.0962e-01 -1.9150e+00 +1.1206e-01 -9.4246e-02 +3.6384e-01 +1.1562e+00 +5.0014e-01 +1.0403e+00 +8.7867e-01
117 0 +8.144025124e+01 +1.786902512e+02 +1.786902512e+02 +1.0138e+00 -1.1990e+00 +1.9606e+00 -2.3179e-01 +1.5866e+00 -2.8153e-01 +1.7501e+00 +9.2789e-01 +1.7601e+00 -6.4960e-01
444 0 +6.556308209e+01 +1.628130821e+02 +1.628130821e+02 -9.1855e-01 -1.8040e+00 -1.3767e+00 -2.6798e-01 +9.2729e-01 +1.8350e-01 +3.3337e-01 +1.3600e+00 +1.2348e+00 -3.3642e-01
633 0 +5.717153042e+01 +1.544215304e+02 +1.544215304e+02 -1.9804e+00 -2.2109e-01 -1.8978e+00 -1.3501e-01 +1.8811e-01 -5.5051e-01 -5.1058e-01 +1.3949e+00 -6.6537e-01 +6.4259e-01
651 0 +5.222792519e+01 +1.494779252e+02 +1.494779252e+02 +5.4941e-01 -1.7430e+00 -1.0109e+00 +5.1473e-01 +1.2228e+00 -1.4148e+00 +3.2842e+00 +4.8932e-01 -3.5174e-01 -2.3831e-01
784 0 +4.804325980e+01 +1.452932598e+02 +1.452932598e+02 -1.1613e+00 -7.7436e-02 -5.0216e-01 -2.3049e-01 +2.6649e-01 +1.1227e-01 +1.3217e+00 -6.8699e-02 +1.2368e+00 +1.6199e-01
788 0 +4.043446102e+01 +1.376844610e+02 +1.376844610e+02 +7.7089e-01 -5.5934e-01 -1.4473e+00 -1.2933e-01 +2.2458e-01 -4.8770e-01 +2.6395e+00 +4.7228e-01 -6.4472e-01 +1.5743e+00
1280 0 +3.237931047e+01 +1.296293105e+02 +1.296293105e+02 +2.7914e+00 -1.8966e-01 +2.1298e-01 +3.4569e-02 +1.2871e+00 -2.7512e-01 +1.2910e+00 -1.2558e-01 -9.0596e-01 +7.6655e-01
1413 0 +3.111524337e+01 +1.283652434e+02 +1.283652434e+02 +7.1105e-01 -2.9287e-01 +1.0038e+00 -2.3527e-01 +1.7026e+00 -6.7982e-01 +1.1077e+00 -1.2550e-01 -7.0224e-01 -2.5346e-01
1503 0 +2.905949616e+01 +1.263094962e+02 +1.263094962e+02 +3.6265e+00 -5.4506e-02 +1.7911e+00 -5.8743e-01 +1.9418e+00 +2.9006e-01 +1.7204e+00 -7.6943e-01 -1.8092e+00 +4.4550e-03
1514 0 +2.499359382e+01 +1.222435938e+02 +1.222435938e+02 +1.4804e+00 -8.0476e-01 +1.3205e+00 -9.4980e-01 +2.0905e+00 -7.2441e-01 +2.5399e+00 -8.8216e-01 -1.5798e+00 -6.6823e-01
1574 0 +1.787149055e+01 +1.151214906e+02 +1.151214906e+02 +2.7019e+00 +2.6725e-01 +2.3459e+00 -1.2651e+00 +2.5830e+00 +4.6119e-01 +1.5949e+00 -2.4307e+00 -2.7198e+00 -1.3553e+00
1709 0 +1.647021151e+01 +1.137202115e+02 +1.137202115e+02 +1.0973e+00 +6.1879e-01 +5.7583e-01 -3.8574e-01 +1.4851e+00 +1.5465e+00 +7.1172e-01 -1.8222e+00 +5.0093e-01 +9.2703e-01
1828 0 +1.507842139e+01 +1.123284214e+02 +1.123284214e+02 -7.9253e-01 +1.4230e+00 +1.6080e+00 +5.8406e-01 +2.7441e+00 -4.2619e-02 +1.2816e+00 -2.4160e+00 -5.6279e-01 +2.2571e+00
1933 0 +1.124726382e+01 +1.084972638e+02 +1.084972638e+02 +1.2317e+00 +1.5379e+00 +3.5691e-01 +1.7955e-01 +1.0551e+00 +4.0434e-01 +4.7658e-01 -2.0545e+00 -1.0915e+00 +2.6159e-01
1970 0 +1.043696155e+01 +1.076869615e+02 +1.076869615e+02 -1.7316e+00 +3.6940e-01 +1.6418e+00 -8.6324e-02 +3.3759e+00 +7.9414e-01 +2.3753e+00 -2.2580e+00 -2.2469e+00 +1.2237e+00
1982 0 +9.062479392e+00 +1.063124794e+02 +1.063124794e+02 +2.8878e-02 +8.5089e-01 +1.4923e+00 +1.6364e+00 +3.3392e+00 +2.1722e+00 +2.7523e+00 -2.9974e+00 -2.5130e+00 +1.0272e-01
2120 0 +9.003779999e+00 +1.062537800e+02 +1.062537800e+02 -4.1387e-01 +1.2960e+00 +2.8587e+00 +1.5256e-01 +3.8750e+00 +7.1942e-01 +1.1957e+00 -3.1630e+00 -3.0559e+00 +1.2463e-01
2132 0 +6.915460772e+00 +1.041654608e+02 +1.041654608e+02 -2.5352e-02 +1.0405e+00 +1.1075e+00 +1.3738e+00 +3.2910e+00 +1.4909e+00 +1.6203e+00 -3.3766e+00 -1.8464e+00 +2.6420e-01
2138 0 +5.408114625e+00 +1.026581146e+02 +1.026581146e+02 +1.4922e+00 +4.0469e-01 +7.0584e-01 +2.7090e-01 +3.8049e+00 +1.5295e+00 +1.8807e+00 -3.7823e+00 -2.7685e+00 +1.3731e+00
2179 0 +4.788408879e+00 +1.020384089e+02 +1.020384089e+02 -9.3396e-02 +2.2459e+00 +1.3748e-01 +4.2159e-01 +2.4732e+00 +1.8734e+00 +1.2442e+00 -3.9645e+00 -3.1909e+00 +2.3760e+00
2260 0 +3.521107321e+00 +1.007711073e+02 +1.007711073e+02 +1.3702e+00 +2.8480e-01 +7.4417e-01 -4.2283e-01 +3.3255e+00 +1.9256e+00 +2.0513e+00 -3.9283e+00 -2.3886e+00 +5.1936e-01
2278 0 +2.283220849e+00 +9.953322085e+01 +9.953322085e+01 +4.7524e-02 +1.4550e+00 +2.3572e-01 +5.5078e-01 +2.9817e+00 +5.9604e-01 +1.4515e+00 -3.8261e+00 -3.1979e+00 +1.3592e+00
2316 0 +2.267396157e+00 +9.951739616e+01 +9.951739616e+01 -1.1450e-01 +6.5407e-01 +4.5132e-03 -4.0048e-01 +2.7772e+00 +1.9544e+00 +1.2096e+00 -3.6302e+00 -2.1828e+00 +6.6860e-01
2332 0 +1.842880526e+00 +9.909288053e+01 +9.909288053e+01 +6.5052e-01 +1.1241e+00 +9.1571e-01 +4.8847e-01 +2.7668e+00 +1.4258e+00 +1.9728e+00 -3.7188e+00 -1.8495e+00 +5.1860e-01
2356 0 +1.314252854e+00 +9.856425285e+01 +9.856425285e+01 +2.2250e-01 +1.3872e+00 +7.8781e-01 +9.4954e-02 +3.1680e+00 +1.6765e+00 +1.0224e+00 -3.6819e+00 -3.1614e+00 +1.2379e+00
2457 0 +9.164516516e-01 +9.816645165e+01 +9.816645165e+01 -3.4878e-02 +8.3903e-01 +2.8847e-01 -2.3937e-01 +2.8484e+00 +1.5854e+00 +1.1279e+00 -3.5816e+00 -2.4036e+00 +5.9737e-01
% f evaluations | g evaluations | best noise-free fitness - Fopt (-2.033000000000e+01) + sum g_i+ | measured fitness | best measured fitness or single-digit g-values | x1 | x2...
1 0 +2.814711601e+07 +2.814709568e+07 +2.814709568e+07 +5.9671e-01 -3.8264e-02 +7.4769e-01 +1.6230e+00 -1.3415e-01 -1.3414e-01 +1.6792e+00 +8.6743e-01 -3.6947e-01 +6.4256e-01
3 0 +2.728984832e+07 +2.728982799e+07 +2.728982799e+07 +1.5656e+00 -1.2578e-01 +1.6753e-01 -1.3247e+00 -4.4438e-01 +2.1092e-01 -1.0510e+00 +4.7570e-01 -5.0064e-01 -1.9169e-01
6 0 +2.425356646e+07 +2.425354613e+07 +2.425354613e+07 +4.2408e-01 -2.8508e-01 -5.7692e-01 +7.1168e-01 +1.1310e+00 +1.0313e+00 -7.3922e-01 -2.0921e-01 +4.3126e-01 +1.0755e+00
18 0 +2.211353518e+07 +2.211351485e+07 +2.211351485e+07 -7.8951e-01 -7.1581e-01 +2.2898e-02 +4.4115e-01 +3.7669e-01 +9.2718e-01 +1.1300e-01 +1.5535e+00 -1.6466e-01 +2.8202e+00
23 0 +2.126225833e+07 +2.126223800e+07 +2.126223800e+07 +2.4147e+00 -1.7673e+00 +7.8626e-01 -1.5127e+00 -3.7193e-01 +1.1890e+00 +1.6428e-01 -9.7774e-01 -6.1530e-01 +7.7960e-01
52 0 +1.766066457e+07 +1.766064424e+07 +1.766064424e+07 +3.7018e-01 +9.0254e-01 -6.6324e-02 +1.6428e+00 +1.5337e+00 +5.3063e-01 -1.4423e+00 +2.0716e-01 -1.2259e-01 +2.0707e+00
55 0 +8.972975831e+06 +8.972955501e+06 +8.972955501e+06 -1.0092e+00 -5.9151e-01 +2.9933e-01 +1.9060e+00 +1.3544e+00 +1.7071e+00 -1.1092e+00 +2.2231e+00 -6.8955e-01 +3.4893e+00
85 0 +5.841941582e+06 +5.841921252e+06 +5.841921252e+06 +2.4547e+00 -1.0081e-01 +1.0276e-01 +3.6990e-01 +6.7117e-01 +1.4489e+00 -1.8865e+00 +2.4032e+00 -2.7467e+00 -3.5445e-01
101 0 +1.885982886e+04 +1.883949886e+04 +1.883949886e+04 +2.6991e+00 -1.4392e+00 +3.4987e+00 +8.9840e-01 -5.5098e-01 +3.5389e+00 -3.3514e+00 +3.4570e+00 -2.9663e-01 +3.5938e+00
245 0 +8.062247237e+03 +8.041917237e+03 +8.041917237e+03 +4.5855e+00 -2.3516e+00 +4.5833e+00 +3.1557e+00 -2.0176e+00 -1.2622e+00 -4.1837e+00 +4.8750e-01 +3.8079e-01 +2.4197e+00
340 0 +2.449855085e+02 +2.246555085e+02 +2.246555085e+02 +3.3305e+00 -2.8610e+00 +2.7882e+00 +1.5188e+00 -1.5387e+00 +5.5701e-01 -3.5312e+00 +2.5259e+00 -1.4481e+00 +2.2844e+00
567 0 +1.014330103e+02 +8.110301027e+01 +8.110301027e+01 +3.0920e+00 -7.9919e-01 -1.7779e+00 +3.6313e+00 +1.3057e+00 +2.2025e+00 -3.8198e+00 +2.1619e+00 -1.9231e+00 +2.5290e-01
622 0 +6.878349006e+01 +4.845349006e+01 +4.845349006e+01 +2.2808e+00 -1.1672e+00 -6.9273e-01 +2.2975e+00 +4.1426e-01 +3.5035e+00 -3.8852e+00 +4.5089e+00 -1.9619e+00 +2.1807e-01
635 0 +4.786576134e+01 +2.753576134e+01 +2.753576134e+01 +2.6076e+00 -2.5724e+00 +1.4439e+00 +3.0384e+00 +1.1593e-01 +2.6970e+00 -4.1788e+00 +2.1084e+00 +3.0407e-01 +1.6288e+00
1097 0 +4.548063569e+01 +2.515063569e+01 +2.515063569e+01 +4.2657e+00 -7.3700e-01 -1.8559e+00 +2.9531e+00 +1.6431e-01 +2.5445e-01 -2.9906e+00 +2.3601e+00 -1.5150e+00 +2.0263e+00
1272 0 +4.251060300e+01 +2.218060300e+01 +2.218060300e+01 +4.2160e+00 -1.8849e+00 +1.2409e+00 +1.7829e+00 -3.9948e-01 +1.2180e+00 -3.0783e+00 +6.4827e-01 -5.6168e-01 +3.2926e+00
1345 0 +3.982083716e+01 +1.949083716e+01 +1.949083716e+01 +3.9755e+00 -7.4449e-01 +2.0462e+00 +2.3027e+00 -6.0321e-02 +1.7401e+00 -1.6646e+00 +1.2729e+00 -3.0808e+00 +1.9574e+00
1552 0 +2.518151734e+01 +4.851517338e+00 +4.851517338e+00 +3.6844e+00 -8.5397e-01 +6.4760e-02 +3.0163e+00 -5.2829e-02 +1.6177e+00 -3.9106e+00 +1.5702e+00 -3.3740e-01 +2.2165e+00
1746 0 +1.638324637e+01 -3.946753633e+00 -3.946753633e+00 +2.6968e+00 +3.5602e-01 +1.4637e+00 +1.9502e+00 -1.8755e-01 +3.8360e+00 -3.4305e+00 +1.1526e+00 -1.4892e+00 +3.2760e+00
1945 0 +1.494856367e+01 -5.381436327e+00 -5.381436327e+00 +3.2618e+00 +1.0896e+00 +6.0921e-01 +3.4417e+00 -5.6666e-01 +3.3497e+00 -4.8658e+00 +5.2420e-01 -3.2691e-01 +2.0928e+00
2110 0 +1.443216574e+01 -5.897834261e+00 -5.897834261e+00 +3.4838e+00 +1.0451e+00 +2.4261e+00 +3.6391e+00 -1.3770e-02 +3.4830e+00 -3.8545e+00 +8.2503e-01 -1.1252e+00 +1.2768e+00
2161 0 +1.436799427e+01 -5.962005725e+00 -5.962005725e+00 +2.7987e+00 +2.5589e+00 +2.6818e+00 +3.3245e+00 +8.2693e-01 +1.7604e+00 -4.1378e+00 +1.1370e+00 -1.6670e+00 +3.6804e+00
2172 0 +1.150444143e+01 -8.825558572e+00 -8.825558572e+00 +2.2652e+00 +1.2974e+00 +2.6751e+00 +3.3824e+00 +1.0740e+00 +3.9845e+00 -3.9607e+00 +4.4261e-01 -2.0521e+00 +2.0204e+00
2238 0 +7.684454553e+00 -1.264554545e+01 -1.264554545e+01 +2.6722e+00 +1.6699e+00 +2.1959e+00 +3.5813e+00 +2.5200e+00 +3.4420e+00 -4.1906e+00 +1.2066e+00 -1.5961e+00 +1.6495e+00
2249 0 +7.516533638e+00 -1.281346636e+01 -1.281346636e+01 +3.4600e+00 +2.1428e+00 +3.4107e+00 +3.1561e+00 +4.2943e-01 +4.0673e+00 -3.7047e+00 +1.5979e+00 +6.6283e-01 +3.4793e+00
2399 0 +6.867275925e+00 -1.346272408e+01 -1.346272408e+01 +3.2925e+00 +1.2879e+00 +1.9284e+00 +3.5614e+00 +1.5910e+00 +4.4944e+00 -3.2146e+00 -1.4683e-01 -1.1835e+00 +1.9793e+00
2435 0 +2.257842792e+00 -1.807215721e+01 -1.807215721e+01 +3.0903e+00 +1.9033e+00 +1.7489e+00 +4.1445e+00 +2.4387e+00 +3.5717e+00 -4.1166e+00 +4.8222e-01 +1.3166e-02 +2.6586e+00
% f evaluations | g evaluations | best noise-free fitness - Fopt (9.431000000000e+01) + sum g_i+ | measured fitness | best measured fitness or single-digit g-values | x1 | x2...
1 0 +1.950994288e+06 +1.951088598e+06 +1.951088598e+06 +5.9671e-01 -3.8264e-02 +7.4769e-01 +1.6230e+00 -1.3415e-01 -1.3414e-01 +1.6792e+00 +8.6743e-01 -3.6947e-01 +6.4256e-01
2 0 +8.980451868e+05 +8.981394968e+05 +8.981394968e+05 -3.6342e-01 -3.6573e-01 +3.4196e-01 -1.8133e+00 -1.6249e+00 -4.6229e-01 -9.1283e-01 +4.1425e-01 -8.0802e-01 -1.3123e+00
8 0 +2.762718679e+05 +2.763661779e+05 +2.763661779e+05 +4.6140e-01 +1.6380e+00 +6.4174e-02 +1.6646e+00 -2.5197e+00 +9.2190e-01 +1.8705e-01 -1.9901e-01 +1.9176e-01 -1.8876e+00
56 0 +4.296696730e+04 +4.306127730e+04 +4.306127730e+04 -7.9644e-01 +1.6044e+00 +1.7740e+00 +3.4874e-01 -1.6897e+00 +6.7257e-01 +5.3761e-01 +5.8379e-01 -2.7607e-01 -1.6692e+00
57 0 +6.222820808e+02 +7.165920808e+02 +7.165920808e+02 -1.2471e+00 -2.7998e-01 -4.6187e-01 -4.1341e-01 -1.2386e+00 +6.2728e-01 +7.1905e-01 +7.5233e-02 -1.0347e+00 -2.1597e+00
118 0 +1.270268941e+02 +2.213368941e+02 +2.213368941e+02 -1.8089e-01 +1.5402e+00 -1.0482e-03 +1.7505e-01 -1.0506e+00 +1.4386e+00 +1.7260e+00 +1.4956e-01 -1.1688e+00 +5.7157e-01
464 0 +1.161362078e+02 +2.104462078e+02 +2.104462078e+02 +3.7050e-01 +2.8557e-01 -9.5678e-01 -2.1552e-02 -2.0978e+00 +2.3343e+00 +6.8022e-01 -8.6177e-01 -1.5605e+00 -1.1314e+00
687 0 +1.093752095e+02 +2.036852095e+02 +2.036852095e+02 +1.1526e+00 +1.3837e+00 +2.1495e+00 -7.5311e-01 -1.6110e+00 +3.4507e+00 +2.4907e-01 -1.0460e+00 -1.1062e+00 -6.9846e-01
807 0 +1.051830377e+02 +1.994930377e+02 +1.994930377e+02 -1.5977e+00 +1.4612e+00 -8.2812e-01 -7.7271e-01 -2.6762e+00 +8.0889e-01 +5.5494e-01 -7.6856e-01 -7.8536e-01 +2.0006e-01
967 0 +9.061444423e+01 +1.849244442e+02 +1.849244442e+02 -3.1724e-01 +2.8344e+00 +3.0300e+00 -1.1781e-02 -2.4009e+00 +1.2018e+00 -7.5534e-01 +2.1885e-01 -1.9841e+00 +1.2962e+00
1370 0 +8.921672995e+01 +1.835267299e+02 +1.835267299e+02 -1.3317e+00 +2.0531e+00 +1.1144e+00 -2.1406e+00 -7.6515e-01 +1.7267e+00 -2.7251e-02 -9.6456e-01 -1.8091e+00 +7.8959e-02
1385 0 +8.892087075e+01 +1.832308708e+02 +1.832308708e+02 -8.3226e-01 +9.9802e-01 +5.3286e-01 -6.2524e-02 -1.4139e+00 +1.8354e+00 -2.6677e-01 -3.0163e-01 -3.0871e+00 +1.6627e-01
1416 0 +8.509088074e+01 +1.794008807e+02 +1.794008807e+02 -4.5682e-01 +3.2040e+00 +1.2053e+00 +4.9478e-01 -1.6040e+00 +1.5802e+00 +4.5823e-01 -2.3299e-01 -6.6544e-01 -4.3394e-01
1445 0 +8.180673515e+01 +1.761167352e+02 +1.761167352e+02 -1.4364e+00 +1.2192e+00 +1.1508e+00 +1.6169e+00 -2.7792e+00 +6.3362e-01 -1.6495e-02 +7.3886e-01 -9.0871e-01 -7.0331e-01
1491 0 +7.961241415e+01 +1.739224142e+02 +1.739224142e+02 -9.6487e-01 +2.5424e+00 +1.5054e+00 -3.7155e-01 -7.6699e-01 +1.5322e+00 +4.4990e-01 -1.0481e+00 -9.9716e-01 -7.3763e-01
1512 0 +7.851517931e+01 +1.728251793e+02 +1.728251793e+02 -3.2227e-01 +4.0482e+00 +1.2353e+00 -2.9775e-01 -1.0810e+00 +1.8064e+00 -6.1470e-01 -7.1577e-01 -2.2432e+00 -2.1374e-01
1595 0 +7.255498224e+01 +1.668649822e+02 +1.668649822e+02 -1.1994e+00 +2.4207e+00 +2.1386e+00 +9.4835e-01 -1.6886e+00 +1.3059e+00 -3.0759e-01 +1.8247e-01 -1.8917e+00 +1.7160e-01
1627 0 +6.112021494e+01 +1.554302149e+02 +1.554302149e+02 -2.0730e+00 +2.8977e+00 +4.2207e+00 +4.0117e-01 -1.7976e+00 +8.8878e-01 -1.6478e+00 -3.0894e-01 -1.8586e+00 -3.5690e-01
1719 0 +5.927368806e+01 +1.535836881e+02 +1.535836881e+02 -3.3787e+00 +1.9939e+00 +2.2189e+00 +3.4713e-01 -6.7801e-01 +1.8260e+00 +3.3217e-01 +8.1496e-01 -1.0177e+00 -2.1285e-02
1747 0 +4.858780318e+01 +1.428978032e+02 +1.428978032e+02 -1.7507e+00 +2.2993e+00 +2.8972e+00 -9.6082e-02 +1.5746e-02 -2.5671e-01 +8.8397e-01 -2.7299e-02 -1.4869e+00 +7.4683e-01
1852 0 +4.830021203e+01 +1.426102120e+02 +1.426102120e+02 -2.3853e+00 +3.1995e+00 +3.0888e+00 -3.9650e-01 -3.5481e-01 -1.1242e+00 -2.1465e-01 -4.2430e-01 -1.7492e+00 +3.4076e-01
1861 0 +4.402731274e+01 +1.383373127e+02 +1.383373127e+02 -2.9296e+00 +2.2375e+00 +1.9779e+00 +6.9468e-01 +7.4609e-01 -2.2843e-01 +1.3320e+00 -1.2205e+00 -8.7069e-01 -9.3840e-01
1879 0 +4.076280047e+01 +1.350728005e+02 +1.350728005e+02 -2.8611e+00 +4.6698e+00 +4.9448e+00 +2.0852e+00 +6.4324e-02 -2.0631e+00 +7.2236e-01 +1.6660e+00 -1.1196e-01 +4.1538e-01
1908 0 +3.401631690e+01 +1.283263169e+02 +1.283263169e+02 -2.0722e+00 +4.6613e+00 +2.9244e+00 +1.8919e+00 +2.3307e-01 -3.0048e+00 +7.1384e-02 -2.1143e+00 -1.6356e+00 -1.0207e+00
1992 0 +1.910023242e+01 +1.134102324e+02 +1.134102324e+02 -1.5100e+00 +3.2778e+00 +2.3761e+00 +9.3640e-01 +3.0763e+00 -7.4361e-01 +1.1437e+00 +8.6150e-01 -2.5026e+00 -1.7445e+00
2187 0 +1.527783011e+01 +1.095878301e+02 +1.095878301e+02 -4.1694e+00 +3.8883e+00 +3.5900e+00 -5.0549e-01 +3.9830e+00 -3.1137e+00 +7.6605e-02 +1.3391e+00 -3.8556e+00 -2.4609e-01
2256 0 +1.426579225e+01 +1.085757923e+02 +1.085757923e+02 -2.9151e+00 +2.3105e+00 +4.3602e+00 +2.3760e+00 +2.5271e+00 -3.9873e-01 -8.8378e-02 +2.0140e+00 -3.9458e+00 -7.1639e-01
2272 0 +7.908026399e+00 +1.022180264e+02 +1.022180264e+02 -3.6304e+00 +3.3439e+00 +3.3803e+00 +2.9630e+00 +2.6286e+00 -6.2060e-01 -7.9380e-02 +1.2852e+00 -2.8173e+00 -2.6402e+00
2282 0 +5.531569311e+00 +9.984156931e+01 +9.984156931e+01 -3.3973e+00 +3.2062e+00 +4.7695e+00 +2.0052e+00 +3.4731e+00 -3.1827e+00 +1.2724e-01 +1.4030e+00 -2.4252e+00 -2.8833e+00
2361 0 +4.972950187e+00 +9.928295019e+01 +9.928295019e+01 -4.1632e+00 +3.1431e+00 +2.5878e+00 +2.4188e+00 +2.7137e+00 -2.6710e+00 -6.3406e-01 +1.4888e-01 -3.7507e+00 -2.8944e+00
2467 0 +4.651235164e+00 +9.896123516e+01 +9.896123516e+01 -4.2410e+00 +3.1976e+00 +3.6971e+00 +2.4807e+00 +2.3727e+00 -1.5481e+00 -3.8332e-01 +6.7366e-01 -2.8436e+00 -2.3858e+00
2495 0 +4.209974200e+00 +9.851997420e+01 +9.851997420e+01 -3.6202e+00 +2.7167e+00 +3.7157e+00 +1.5515e+00 +3.7611e+00 -2.6295e+00 -1.9955e-01 +1.5308e+00 -4.4978e+00 -1.4458e+00
