% f evaluations | g evaluations | best noise-free fitness - Fopt (-5.494000000000e+01) + sum g_i+ | measured fitness | best measured fitness or single-digit g-values | x1 | x2...
1 0 +9.852913834e+06 +9.852858894e+06 +9.852858894e+06 +5.9671e-01 -3.8264e-02 +7.4769e-01 +1.6230e+00 -1.3415e-01
2 0 +2.715223623e+06 +2.715168683e+06 +2.715168683e+06 -1.3414e-01 +1.6792e+00 +8.6743e-01 -3.6947e-01 +6.4256e-01
7 0 +9.085897748e+05 +9.085348348e+05 +9.085348348e+05 -5.0171e-01 +1.9523e+00 +8.6503e-02 -9.5771e-01 +9.2254e-01
8 0 +5.441882390e+05 +5.441332990e+05 +5.441332990e+05 -1.1208e+00 +3.0886e-01 -1.8597e+00 -1.2282e+00 +2.9686e-01
34 0 +5.228969728e+05 +5.228420328e+05 +5.228420328e+05 -1.8003e+00 +4.7270e-01 -1.4522e+00 -1.3989e+00 +3.2374e-01
39 0 +1.553513874e+05 +1.552964474e+05 +1.552964474e+05 -7.5959e-01 +1.8509e+00 -2.2139e+00 -2.4216e-02 +1.0166e+00
46 0 +1.095820690e+05 +1.095271290e+05 +1.095271290e+05 -1.5110e+00 +1.9267e+00 -2.3836e+00 +1.0025e+00 -1.2230e+00
68 0 +9.948634082e+04 +9.943140082e+04 +9.943140082e+04 -3.7708e-01 +4.5612e-01 -3.9877e+00 +6.4190e-01 +2.6307e-01
97 0 +7.831593128e+04 +7.826099128e+04 +7.826099128e+04 +4.6835e-01 +2.6751e+00 -3.6121e+00 +1.6213e-01 +1.1482e+00
119 0 +3.766335584e+04 +3.760841584e+04 +3.760841584e+04 +5.4567e-01 +1.1370e+00 -4.9854e+00 +5.9112e-01 +9.6746e-01
145 0 +1.438546042e+04 +1.433052042e+04 +1.433052042e+04 +7.9295e-01 +2.9328e-04 -4.5957e+00 +8.4349e-01 +2.6874e+00
205 0 +1.296291024e+04 +1.290797024e+04 +1.290797024e+04 +6.1118e-01 -3.4717e-01 -4.9231e+00 +1.2332e+00 +2.0688e+00
227 0 +1.191354215e+04 +1.185860215e+04 +1.185860215e+04 +1.2112e-01 -2.1275e-01 -4.5575e+00 +2.0133e+00 +1.5822e+00
279 0 +3.669810490e+03 +3.614870490e+03 +3.614870490e+03 -2.6747e-01 -1.2548e+00 -1.5275e+00 +2.4502e+00 +4.8894e+00
360 0 +3.227988331e+03 +3.173048331e+03 +3.173048331e+03 -4.2501e-01 -1.1276e+00 -2.8505e+00 +2.2691e+00 +3.3606e+00
430 0 +2.860624578e+03 +2.805684578e+03 +2.805684578e+03 -2.0288e+00 -1.6285e+00 +2.5299e-01 +3.7176e+00 +4.1722e+00
440 0 +7.420345301e+02 +6.870945301e+02 +6.870945301e+02 -6.6701e-01 -1.2430e+00 -2.0586e+00 +2.3733e+00 +3.7346e+00
519 0 +5.284707065e+02 +4.735307065e+02 +4.735307065e+02 -1.7214e+00 -1.5711e+00 -7.3929e-01 +3.2880e+00 +3.4902e+00
526 0 +3.976916711e+02 +3.427516711e+02 +3.427516711e+02 -9.4230e-01 -7.3343e-01 -9.0846e-01 +2.5483e+00 +3.9911e+00
552 0 +1.543531420e+02 +9.941314203e+01 +9.941314203e+01 -1.1443e+00 -8.7678e-01 -8.0870e-01 +2.7725e+00 +3.8763e+00
576 0 +4.408311151e+01 -1.085688849e+01 -1.085688849e+01 -1.1463e+00 -1.1541e+00 -7.3931e-01 +2.8369e+00 +4.1680e+00
677 0 +4.264996339e+01 -1.229003661e+01 -1.229003661e+01 -1.0720e+00 -1.1291e+00 -8.6455e-01 +2.7802e+00 +4.1644e+00
754 0 +3.051203383e+01 -2.442796617e+01 -2.442796617e+01 -1.4478e+00 -1.2423e+00 -7.9413e-01 +3.0543e+00 +3.6738e+00
772 0 +2.570087793e+01 -2.923912207e+01 -2.923912207e+01 -1.4800e+00 -1.2080e+00 -7.0671e-01 +3.0957e+00 +3.6904e+00
775 0 +2.379953983e+01 -3.114046017e+01 -3.114046017e+01 -1.4168e+00 -1.1804e+00 -7.6695e-01 +3.0444e+00 +3.7159e+00
782 0 +2.143064672e+01 -3.350935328e+01 -3.350935328e+01 -1.3140e+00 -1.1546e+00 -8.7582e-01 +2.9631e+00 +3.7541e+00
786 0 +1.393885870e+01 -4.100114130e+01 -4.100114130e+01 -1.3185e+00 -1.2658e+00 -1.1862e+00 +2.9901e+00 +3.5264e+00
820 0 +1.306776964e+01 -4.187223036e+01 -4.187223036e+01 -1.5198e+00 -1.2476e+00 -9.4218e-01 +3.1293e+00 +3.4158e+00
863 0 +1.302974368e+01 -4.191025632e+01 -4.191025632e+01 -1.5749e+00 -1.6164e+00 -1.5608e+00 +3.2581e+00 +3.0068e+00
866 0 +1.158848225e+01 -4.335151775e+01 -4.335151775e+01 -1.4037e+00 -1.2778e+00 -9.5852e-01 +3.0474e+00 +3.6221e+00
876 0 +8.326285106e+00 -4.661371489e+01 -4.661371489e+01 -1.4882e+00 -1.3069e+00 -1.0297e+00 +3.1222e+00 +3.4301e+00
879 0 +8.934510769e-01 -5.404654892e+01 -5.404654892e+01 -1.2916e+00 -1.4585e+00 -1.5085e+00 +3.0032e+00 +3.4045e+00
1007 0 +8.402114199e-01 -5.409978858e+01 -5.409978858e+01 -1.7781e+00 -1.4944e+00 -1.3568e+00 +3.3761e+00 +2.7633e+00
1051 0 +7.694890894e-01 -5.417051091e+01 -5.417051091e+01 -1.8107e+00 -1.5046e+00 -1.3752e+00 +3.4082e+00 +2.6993e+00
1057 0 +7.461274718e-01 -5.419387253e+01 -5.419387253e+01 -1.7233e+00 -1.4609e+00 -1.2957e+00 +3.3308e+00 +2.8899e+00
1065 0 +4.267171095e-01 -5.451328289e+01 -5.451328289e+01 -1.9375e+00 -1.5434e+00 -1.3739e+00 +3.5119e+00 +2.5177e+00
1077 0 +3.815692516e-01 -5.455843075e+01 -5.455843075e+01 -1.7931e+00 -1.5488e+00 -1.4245e+00 +3.4008e+00 +2.7157e+00
1081 0 +2.739166036e-01 -5.466608340e+01 -5.466608340e+01 -1.8132e+00 -1.5088e+00 -1.3504e+00 +3.4068e+00 +2.7230e+00
1123 0 +2.223904948e-01 -5.471760951e+01 -5.471760951e+01 -1.9126e+00 -1.5285e+00 -1.3459e+00 +3.4891e+00 +2.5760e+00
1143 0 +1.342459537e-01 -5.480575405e+01 -5.480575405e+01 -1.7855e+00 -1.4970e+00 -1.3300e+00 +3.3849e+00 +2.7812e+00
1151 0 +5.228836392e-02 -5.488771164e+01 -5.488771164e+01 -1.8061e+00 -1.5121e+00 -1.3521e+00 +3.4037e+00 +2.7358e+00
1185 0 +3.842515586e-02 -5.490157484e+01 -5.490157484e+01 -1.7795e+00 -1.5134e+00 -1.3532e+00 +3.3838e+00 +2.7804e+00
1206 0 +1.713202657e-02 -5.492286797e+01 -5.492286797e+01 -1.7562e+00 -1.5154e+00 -1.3797e+00 +3.3669e+00 +2.7950e+00
% f evaluations | g evaluations | best noise-free fitness - Fopt (5.913000000000e+01) + sum g_i+ | measured fitness | best measured fitness or single-digit g-values | x1 | x2...
1 0 +2.845916884e+06 +2.845976014e+06 +2.845976014e+06 +5.9671e-01 -3.8264e-02 +7.4769e-01 +1.6230e+00 -1.3415e-01
9 0 +2.232989408e+06 +2.233048538e+06 +2.233048538e+06 +8.3847e-01 +2.7137e-01 -1.5648e-02 -2.0110e-01 -1.3785e+00
15 0 +7.068315860e+05 +7.068907160e+05 +7.068907160e+05 +4.6140e-01 +1.6380e+00 +6.4174e-02 +1.6646e+00 -2.5197e+00
27 0 +4.508643619e+05 +4.509234919e+05 +4.509234919e+05 +1.3391e+00 +1.5092e+00 -4.1247e-01 -4.0373e-01 -3.4929e+00
30 0 +4.119020761e+05 +4.119612061e+05 +4.119612061e+05 +2.8216e+00 +2.4104e-01 -8.0877e-01 +6.1178e-02 -3.6691e+00
31 0 +2.031851917e+05 +2.032443217e+05 +2.032443217e+05 +1.0847e+00 +6.3405e-01 +3.3800e-01 -1.0536e-01 -3.1378e+00
49 0 +1.827410593e+05 +1.828001893e+05 +1.828001893e+05 +1.9870e+00 +3.9845e-01 -4.0624e-01 -1.5887e+00 -3.3424e+00
52 0 +7.855807042e+04 +7.861720042e+04 +7.861720042e+04 +3.3276e+00 -5.8932e-01 -2.7415e-01 -2.4714e+00 -4.4371e+00
58 0 +4.411503129e+04 +4.417416129e+04 +4.417416129e+04 +1.8101e-01 +1.2442e+00 -1.4503e+00 -6.2740e-03 -3.2122e+00
76 0 +3.696100205e+04 +3.702013205e+04 +3.702013205e+04 +3.0295e+00 +1.1681e+00 -1.9122e+00 -3.0495e+00 -3.9708e+00
107 0 +1.908200903e+04 +1.914113903e+04 +1.914113903e+04 +2.9234e+00 +2.5626e+00 -1.3044e+00 -3.4537e+00 -2.6918e+00
280 0 +1.519193155e+04 +1.525106155e+04 +1.525106155e+04 +2.4980e+00 +1.2077e+00 -1.4310e+00 -2.4992e+00 -3.7353e+00
308 0 +1.466270949e+04 +1.472183949e+04 +1.472183949e+04 +2.4599e+00 +1.2940e+00 -1.5808e+00 -2.0207e+00 -3.4334e+00
346 0 +1.440930945e+04 +1.446843945e+04 +1.446843945e+04 +2.0451e+00 +1.1318e+00 -1.5185e+00 -1.7392e+00 -3.6939e+00
348 0 +1.391989767e+04 +1.397902767e+04 +1.397902767e+04 +2.4918e+00 +1.8872e+00 -1.3009e+00 -2.1499e+00 -2.9077e+00
356 0 +1.190594850e+04 +1.196507850e+04 +1.196507850e+04 +1.8780e+00 +1.3082e+00 -1.5141e+00 -1.9749e+00 -3.6230e+00
401 0 +7.385786427e+03 +7.444916427e+03 +7.444916427e+03 +1.2360e+00 +2.0252e+00 -1.5427e+00 -1.7600e+00 -3.1697e+00
442 0 +3.087320668e+03 +3.146450668e+03 +3.146450668e+03 +7.7748e-01 +2.5701e+00 -1.3210e+00 -1.5779e+00 -2.7335e+00
466 0 +1.886375459e+03 +1.945505459e+03 +1.945505459e+03 +4.6151e-02 +2.5725e+00 -1.2396e+00 -1.2695e+00 -2.8508e+00
467 0 +1.148698952e+03 +1.207828952e+03 +1.207828952e+03 +1.4474e-01 +2.7934e+00 -8.6682e-01 -1.7360e+00 -2.7183e+00
518 0 +5.998693798e+02 +6.589993798e+02 +6.589993798e+02 -1.0949e+00 +2.0873e+00 +5.4095e-01 -2.9657e+00 -4.1560e+00
525 0 +4.491397361e+02 +5.082697361e+02 +5.082697361e+02 -3.2074e-01 +3.7748e+00 -1.6048e+00 -8.9838e-01 -1.7598e+00
548 0 +3.721671387e+02 +4.312971387e+02 +4.312971387e+02 -1.0414e+00 +3.6935e+00 -1.1186e+00 -1.0013e+00 -2.0962e+00
566 0 +1.718101788e+02 +2.309401788e+02 +2.309401788e+02 -1.5906e+00 +2.2749e+00 -2.7387e-01 -1.5820e+00 -3.7416e+00
629 0 +1.334910314e+02 +1.926210314e+02 +1.926210314e+02 -5.5168e-01 +3.0853e+00 -8.9557e-01 -1.4890e+00 -2.6358e+00
633 0 +1.171172848e+02 +1.762472848e+02 +1.762472848e+02 -7.9898e-01 +3.0356e+00 -5.2541e-01 -1.7670e+00 -2.8295e+00
656 0 +3.620014213e+01 +9.533014213e+01 +9.533014213e+01 -8.9202e-01 +3.0031e+00 -6.6852e-01 -1.5843e+00 -2.8379e+00
788 0 +3.187693199e+01 +9.100693199e+01 +9.100693199e+01 -3.7836e-01 +3.3769e+00 -4.9329e-01 -2.0744e+00 -2.4416e+00
792 0 +2.501998792e+01 +8.414998792e+01 +8.414998792e+01 -4.6324e-01 +3.2783e+00 -3.3117e-01 -2.2410e+00 -2.6126e+00
845 0 +1.742129703e+01 +7.655129703e+01 +7.655129703e+01 -6.3242e-01 +3.1587e+00 -3.9826e-01 -2.0508e+00 -2.7269e+00
877 0 +1.658871505e+01 +7.571871505e+01 +7.571871505e+01 -5.9015e-01 +3.1537e+00 -4.7596e-01 -1.9753e+00 -2.7003e+00
902 0 +1.518554412e+01 +7.431554412e+01 +7.431554412e+01 -5.8043e-01 +3.1383e+00 -4.5868e-01 -2.0068e+00 -2.7225e+00
927 0 +1.366239720e+01 +7.279239720e+01 +7.279239720e+01 -6.6645e-01 +3.1300e+00 -5.5446e-01 -1.8605e+00 -2.7244e+00
961 0 +1.365772219e+01 +7.278772219e+01 +7.278772219e+01 -6.5220e-01 +3.1116e+00 -5.0939e-01 -1.9148e+00 -2.7501e+00
979 0 +1.365482633e+01 +7.278482633e+01 +7.278482633e+01 -6.3147e-01 +3.1306e+00 -4.4136e-01 -2.0075e+00 -2.7487e+00
982 0 +1.124687767e+01 +7.037687767e+01 +7.037687767e+01 -6.7930e-01 +3.0624e+00 -4.6726e-01 -1.9470e+00 -2.8126e+00
1003 0 +1.039541445e+01 +6.952541445e+01 +6.952541445e+01 -7.0686e-01 +3.0096e+00 -4.2757e-01 -1.9757e+00 -2.8789e+00
1008 0 +9.567113390e+00 +6.869711339e+01 +6.869711339e+01 -8.3315e-01 +2.9077e+00 -4.1934e-01 -1.9096e+00 -2.9966e+00
1062 0 +9.192143840e+00 +6.832214384e+01 +6.832214384e+01 -1.0004e+00 +2.8179e+00 -5.7116e-01 -1.6446e+00 -3.0731e+00
1102 0 +9.130575012e+00 +6.826057501e+01 +6.826057501e+01 -8.9674e-01 +2.9419e+00 -6.1361e-01 -1.6673e+00 -2.9309e+00
1106 0 +8.716326175e+00 +6.784632618e+01 +6.784632618e+01 -8.9098e-01 +2.9182e+00 -5.7346e-01 -1.7133e+00 -2.9615e+00
1113 0 +8.227773866e+00 +6.735777387e+01 +6.735777387e+01 -1.0387e+00 +2.7777e+00 -5.5047e-01 -1.6595e+00 -3.1320e+00
1121 0 +7.527943140e+00 +6.665794314e+01 +6.665794314e+01 -1.0029e+00 +2.8019e+00 -6.0457e-01 -1.6132e+00 -3.0845e+00
1138 0 +6.954088259e+00 +6.608408826e+01 +6.608408826e+01 -1.0986e+00 +2.7768e+00 -7.4196e-01 -1.4113e+00 -3.0925e+00
1183 0 +5.066239466e+00 +6.419623947e+01 +6.419623947e+01 -1.3364e+00 +2.5464e+00 -7.9754e-01 -1.2158e+00 -3.3412e+00
1221 0 +3.903079207e+00 +6.303307921e+01 +6.303307921e+01 -1.3138e+00 +2.6218e+00 -8.3785e-01 -1.1865e+00 -3.2558e+00
1233 0 +3.114791936e+00 +6.224479194e+01 +6.224479194e+01 -1.8912e+00 +2.4149e+00 -1.3454e+00 -3.2404e-01 -3.4400e+00
% f evaluations | g evaluations | best noise-free fitness - Fopt (-4.915300000000e+02) + sum g_i+ | measured fitness | best measured fitness or single-digit g-values | x1 | x2...
1 0 +1.453349878e+05 +1.448434578e+05 +1.448434578e+05 +5.9671e-01 -3.8264e-02 +7.4769e-01 +1.6230e+00 -1.3415e-01
4 0 +1.008963199e+05 +1.004047899e+05 +1.004047899e+05 -4.6229e-01 -9.1283e-01 +4.1425e-01 -8.0802e-01 -1.3123e+00
11 0 +6.754048487e+03 +6.262518487e+03 +6.262518487e+03 +4.2408e-01 -2.8508e-01 -5.7692e-01 +7.1168e-01 +1.1310e+00
30 0 +2.998903721e+03 +2.507373721e+03 +2.507373721e+03 +7.0654e-01 +1.1832e+00 +1.4658e-01 +9.2044e-01 +5.7498e-01
120 0 +2.684143793e+03 +2.192613793e+03 +2.192613793e+03 +1.1453e+00 +1.8712e+00 +7.6382e-01 +1.9225e+00 +1.1155e+00
205 0 +2.206400815e+03 +1.714870815e+03 +1.714870815e+03 +7.3831e-01 +1.6521e+00 +6.1909e-02 +7.9825e-01 +3.6924e-01
208 0 +1.087587825e+03 +5.960578250e+02 +5.960578250e+02 +1.2046e+00 +2.0835e+00 +1.2251e-01 +2.2097e+00 +7.6512e-01
262 0 +8.302193027e+02 +3.386893027e+02 +3.386893027e+02 +1.0265e+00 +1.8991e+00 -1.1920e-01 +1.7421e+00 +4.8588e-01
291 0 +6.109182895e+02 +1.193882895e+02 +1.193882895e+02 +1.0078e+00 +2.0219e+00 -7.9964e-03 +1.5338e+00 +4.5840e-01
295 0 +1.429940710e+02 -3.485359290e+02 -3.485359290e+02 +1.0803e+00 +2.1262e+00 -6.2469e-01 +1.8307e+00 +1.2926e-01
411 0 +1.068436427e+02 -3.846863573e+02 -3.846863573e+02 +1.4035e+00 +2.4425e+00 -4.0857e-01 +2.6576e+00 +6.3179e-01
446 0 +8.597380106e+01 -4.055561989e+02 -4.055561989e+02 +1.3428e+00 +2.3947e+00 -2.7142e-01 +2.4552e+00 +5.7408e-01
465 0 +7.630294597e+01 -4.152270540e+02 -4.152270540e+02 +1.3848e+00 +2.2940e+00 -3.5311e-01 +2.5891e+00 +7.8070e-01
502 0 +3.433347535e+01 -4.571965247e+02 -4.571965247e+02 +1.2912e+00 +2.2801e+00 -3.7582e-01 +2.3154e+00 +5.6940e-01
536 0 +2.703127590e+01 -4.644987241e+02 -4.644987241e+02 +1.2618e+00 +2.1550e+00 -5.9860e-01 +2.2944e+00 +5.2168e-01
627 0 +2.631721713e+01 -4.652127829e+02 -4.652127829e+02 +1.2587e+00 +2.1778e+00 -5.6401e-01 +2.2884e+00 +5.0692e-01
654 0 +2.538846124e+01 -4.661415388e+02 -4.661415388e+02 +1.2312e+00 +2.0847e+00 -5.8961e-01 +2.2338e+00 +5.2532e-01
676 0 +2.532477587e+01 -4.662052241e+02 -4.662052241e+02 +1.2498e+00 +2.0925e+00 -6.0937e-01 +2.2739e+00 +5.6348e-01
677 0 +2.392789490e+01 -4.676021051e+02 -4.676021051e+02 +1.2367e+00 +2.1226e+00 -5.8944e-01 +2.2382e+00 +5.0320e-01
683 0 +2.252798292e+01 -4.690020171e+02 -4.690020171e+02 +1.2210e+00 +2.1136e+00 -6.0447e-01 +2.1916e+00 +4.8243e-01
729 0 +2.219364773e+01 -4.693363523e+02 -4.693363523e+02 +1.1849e+00 +2.0065e+00 -6.8576e-01 +2.1192e+00 +4.7613e-01
758 0 +2.199186691e+01 -4.695381331e+02 -4.695381331e+02 +1.2252e+00 +2.0139e+00 -6.6912e-01 +2.2343e+00 +5.4944e-01
783 0 +2.181117985e+01 -4.697188202e+02 -4.697188202e+02 +1.2106e+00 +1.9619e+00 -7.1783e-01 +2.2137e+00 +5.4531e-01
798 0 +2.135395761e+01 -4.701760424e+02 -4.701760424e+02 +1.1857e+00 +1.9611e+00 -6.9422e-01 +2.1355e+00 +5.1150e-01
801 0 +2.075908478e+01 -4.707709152e+02 -4.707709152e+02 +1.1695e+00 +2.0189e+00 -6.7487e-01 +2.0712e+00 +4.3443e-01
832 0 +1.921095485e+01 -4.723190452e+02 -4.723190452e+02 +1.1106e+00 +1.8651e+00 -8.1734e-01 +1.9608e+00 +3.9247e-01
862 0 +1.758091147e+01 -4.739490885e+02 -4.739490885e+02 +1.0682e+00 +1.7926e+00 -8.8359e-01 +1.8574e+00 +3.4569e-01
877 0 +1.707000716e+01 -4.744599928e+02 -4.744599928e+02 +1.0781e+00 +1.7132e+00 -9.4360e-01 +1.9128e+00 +4.1420e-01
879 0 +1.691768232e+01 -4.746123177e+02 -4.746123177e+02 +1.0654e+00 +1.6663e+00 -9.6844e-01 +1.8902e+00 +4.2184e-01
889 0 +1.582676534e+01 -4.757032347e+02 -4.757032347e+02 +1.0285e+00 +1.5413e+00 -1.0631e+00 +1.8266e+00 +4.2015e-01
901 0 +1.513714479e+01 -4.763928552e+02 -4.763928552e+02 +9.6150e-01 +1.2514e+00 -1.3337e+00 +1.7293e+00 +4.3671e-01
909 0 +1.402514989e+01 -4.775048501e+02 -4.775048501e+02 +9.1513e-01 +1.4190e+00 -1.2197e+00 +1.5370e+00 +2.4163e-01
911 0 +1.347102739e+01 -4.780589726e+02 -4.780589726e+02 +9.0275e-01 +1.3454e+00 -1.2630e+00 +1.5277e+00 +2.6636e-01
912 0 +1.152412756e+01 -4.800058724e+02 -4.800058724e+02 +8.4956e-01 +1.2385e+00 -1.3608e+00 +1.4226e+00 +2.0408e-01
934 0 +9.281795090e+00 -4.822482049e+02 -4.822482049e+02 +6.6413e-01 +7.0842e-01 -1.8667e+00 +1.0688e+00 +1.0030e-01
943 0 +6.741344193e+00 -4.847886558e+02 -4.847886558e+02 +6.3332e-01 +6.1763e-01 -1.8776e+00 +1.0021e+00 +1.1336e-01
954 0 +6.263408871e+00 -4.852665911e+02 -4.852665911e+02 +4.8989e-01 -1.5070e-02 -2.4280e+00 +8.0289e-01 +1.6945e-01
987 0 +5.712937369e+00 -4.858170626e+02 -4.858170626e+02 +1.7839e-01 -3.5105e-01 -2.7846e+00 +1.3177e-02 -2.9374e-01
1004 0 +3.119472448e+00 -4.884105276e+02 -4.884105276e+02 +2.8432e-01 -2.9478e-01 -2.6481e+00 +3.0206e-01 -8.8035e-02
1057 0 +2.283467858e+00 -4.892465321e+02 -4.892465321e+02 +1.0627e-02 -7.5760e-01 -3.1183e+00 -3.2413e-01 -4.1003e-01
1092 0 +1.817154960e+00 -4.897128450e+02 -4.897128450e+02 -1.5359e-01 -1.2447e+00 -3.5553e+00 -6.2906e-01 -4.8641e-01
1103 0 +1.109152142e+00 -4.904208479e+02 -4.904208479e+02 +2.1330e-01 -4.7735e-01 -2.8334e+00 +1.6493e-01 -1.3925e-01
1154 0 +6.412913773e-01 -4.908887086e+02 -4.908887086e+02 -4.3247e-02 -1.0432e+00 -3.3341e+00 -3.8409e-01 -3.5397e-01
1176 0 +2.546077855e-01 -4.912753922e+02 -4.912753922e+02 -3.5351e-02 -1.0676e+00 -3.3653e+00 -3.5268e-01 -3.3070e-01
1201 0 +2.111271215e-01 -4.913188729e+02 -4.913188729e+02 +9.6874e-02 -7.9104e-01 -3.1171e+00 -6.6047e-02 -2.1152e-01
1220 0 +1.893891225e-01 -4.913406109e+02 -4.913406109e+02 +9.7030e-02 -7.4331e-01 -3.0788e+00 -8.1661e-02 -2.3827e-01
1221 0 +6.504466916e-02 -4.914649553e+02 -4.914649553e+02 +8.8129e-02 -7.5127e-01 -3.0882e+00 -1.0382e-01 -2.5090e-01
% f evaluations | g evaluations | best noise-free fitness - Fopt (-1.702000000000e+02) + sum g_i+ | measured fitness | best measured fitness or single-digit g-values | x1 | x2...
1 0 +1.057601993e+07 +1.057584973e+07 +1.057584973e+07 +5.9671e-01 -3.8264e-02 +7.4769e-01 +1.6230e+00 -1.3415e-01
11 0 +7.334823365e+06 +7.334653165e+06 +7.334653165e+06 +4.2408e-01 -2.8508e-01 -5.7692e-01 +7.1168e-01 +1.1310e+00
23 0 +6.822071283e+06 +6.821901083e+06 +6.821901083e+06 -1.8188e+00 +7.3486e-02 +1.6023e-01 +2.5632e+00 -9.2361e-02
24 0 +5.050130776e+06 +5.049960576e+06 +5.049960576e+06 +4.0155e-01 +6.5288e-02 -1.0687e+00 +1.2428e+00 +8.5193e-01
26 0 +1.963362868e+06 +1.963192668e+06 +1.963192668e+06 -3.9287e-01 +5.9106e-01 -2.7864e+00 +2.1916e+00 -2.2718e-01
27 0 +1.123550297e+06 +1.123380097e+06 +1.123380097e+06 -8.4122e-01 -5.6282e-02 -2.2516e+00 +2.5969e+00 +5.3933e-01
28 0 +2.682585643e+05 +2.680883643e+05 +2.680883643e+05 +7.2470e-01 +3.9755e-01 -1.5354e+00 +2.7876e+00 +2.5125e+00
57 0 +2.066613534e+05 +2.064911534e+05 +2.064911534e+05 -2.6399e-01 +2.8699e-01 -2.0109e+00 +3.0087e+00 +1.9717e+00
63 0 +1.412470881e+05 +1.410768881e+05 +1.410768881e+05 -9.7707e-02 +6.6274e-01 -1.3095e-01 +4.7531e+00 +6.4354e-01
65 0 +4.427046923e+04 +4.410026923e+04 +4.410026923e+04 -8.2312e-01 -2.1726e+00 -2.2843e-01 +4.5513e+00 +1.9617e+00
85 0 +1.770288884e+04 +1.753268884e+04 +1.753268884e+04 -1.0879e+00 -2.3211e+00 +2.0625e-01 +3.6094e+00 +4.3671e+00
126 0 +1.615068403e+04 +1.598048403e+04 +1.598048403e+04 -1.9938e-01 -2.8883e+00 +5.3138e-01 +4.7483e+00 +2.9313e+00
222 0 +1.202885621e+04 +1.185865621e+04 +1.185865621e+04 -1.8264e+00 -3.1881e+00 +3.9825e-01 +3.9038e+00 +4.6747e+00
236 0 +1.176939548e+04 +1.159919548e+04 +1.159919548e+04 -1.4956e-03 -2.8520e+00 +1.7424e+00 +4.5732e+00 +4.3674e+00
304 0 +5.845894767e+03 +5.675694767e+03 +5.675694767e+03 +2.3243e-01 -2.7316e+00 +1.3913e+00 +4.4941e+00 +4.0752e+00
339 0 +2.846075162e+03 +2.675875162e+03 +2.675875162e+03 +2.9743e-02 -2.0307e+00 +1.4650e+00 +4.7148e+00 +3.7958e+00
507 0 +2.749940495e+03 +2.579740495e+03 +2.579740495e+03 -3.1630e-01 -2.3650e+00 +1.1191e+00 +4.4740e+00 +3.9594e+00
508 0 +2.327372576e+03 +2.157172576e+03 +2.157172576e+03 +6.1848e-02 -1.9836e+00 +1.3614e+00 +4.7354e+00 +3.6086e+00
580 0 +1.159320724e+03 +9.891207237e+02 +9.891207237e+02 -2.5565e-01 -1.2953e+00 +1.0666e+00 +4.4223e+00 +3.8813e+00
602 0 +9.294679004e+02 +7.592679004e+02 +7.592679004e+02 -4.2891e-01 -1.5818e+00 +9.3589e-01 +4.3531e+00 +3.9080e+00
626 0 +8.473882943e+02 +6.771882943e+02 +6.771882943e+02 -5.3593e-01 -9.6457e-01 +8.9403e-01 +4.4872e+00 +3.6054e+00
650 0 +3.700627806e+02 +1.998627806e+02 +1.998627806e+02 -7.2134e-01 -8.6731e-01 +6.9521e-01 +4.2387e+00 +3.7807e+00
660 0 +3.601530470e+02 +1.899530470e+02 +1.899530470e+02 -9.7889e-01 -7.1157e-01 +4.7044e-01 +4.3133e+00 +3.5156e+00
679 0 +1.247733018e+02 -4.542669820e+01 -4.542669820e+01 -1.1710e+00 -7.6626e-01 +2.2129e-01 +4.2822e+00 +3.3277e+00
783 0 +6.585150112e+01 -1.043484989e+02 -1.043484989e+02 -7.6292e-01 -6.8254e-01 +3.8778e-01 +4.8322e+00 +2.4090e+00
846 0 +2.236732805e+01 -1.478326719e+02 -1.478326719e+02 -1.0284e+00 -5.8205e-01 +1.3762e-01 +4.9185e+00 +2.0502e+00
886 0 +1.563047460e+01 -1.545695254e+02 -1.545695254e+02 -1.5075e+00 -6.0942e-01 -1.6125e-01 +4.5896e+00 +2.4357e+00
1026 0 +1.516790950e+01 -1.550320905e+02 -1.550320905e+02 -1.5406e+00 -6.4878e-01 -1.9626e-01 +4.5952e+00 +2.3999e+00
1029 0 +1.449352427e+01 -1.557064757e+02 -1.557064757e+02 -1.5318e+00 -6.2668e-01 -1.7230e-01 +4.5479e+00 +2.5083e+00
1032 0 +1.007843150e+01 -1.601215685e+02 -1.601215685e+02 -1.5829e+00 -6.4928e-01 -2.6462e-01 +4.7235e+00 +2.1217e+00
1133 0 +9.446035822e+00 -1.607539642e+02 -1.607539642e+02 -1.6080e+00 -6.1993e-01 -2.7989e-01 +4.6557e+00 +2.2223e+00
1148 0 +8.693726727e+00 -1.615062733e+02 -1.615062733e+02 -1.8929e+00 -6.4245e-01 -4.4110e-01 +4.4134e+00 +2.5507e+00
1151 0 +8.531426850e+00 -1.616685731e+02 -1.616685731e+02 -1.9397e+00 -6.9550e-01 -5.1202e-01 +4.4972e+00 +2.3491e+00
1167 0 +7.597748049e+00 -1.626022520e+02 -1.626022520e+02 -2.0345e+00 -6.3575e-01 -5.6525e-01 +4.3800e+00 +2.5074e+00
1193 0 +5.888247449e+00 -1.643117526e+02 -1.643117526e+02 -2.1394e+00 -6.9453e-01 -6.5570e-01 +4.3984e+00 +2.4168e+00
1201 0 +4.991445104e+00 -1.652085549e+02 -1.652085549e+02 -2.1289e+00 -6.5824e-01 -6.3619e-01 +4.3524e+00 +2.5120e+00
% f evaluations | g evaluations | best noise-free fitness - Fopt (-4.697500000000e+02) + sum g_i+ | measured fitness | best measured fitness or single-digit g-values | x1 | x2...
1 0 +5.666156262e+06 +5.665686512e+06 +5.665686512e+06 +5.9671e-01 -3.8264e-02 +7.4769e-01 +1.6230e+00 -1.3415e-01
14 0 +4.160546314e+06 +4.160076564e+06 +4.160076564e+06 +1.4562e+00 +2.7990e-02 +1.1035e+00 +4.6164e-01 -5.4512e-01
25 0 +3.919900622e+06 +3.919430872e+06 +3.919430872e+06 +8.9103e-01 -8.0939e-01 +1.5028e+00 -1.3019e+00 +6.8686e-01
26 0 +1.560483584e+05 +1.555786084e+05 +1.555786084e+05 +2.0167e+00 -1.6724e+00 +2.8769e+00 +2.2769e-01 +1.3567e+00
54 0 +2.538305009e+04 +2.491330009e+04 +2.491330009e+04 +2.1123e+00 -2.9785e+00 +2.1839e+00 -9.7081e-01 +1.1324e+00
63 0 +2.403445587e+04 +2.356470587e+04 +2.356470587e+04 +1.9423e+00 -4.1723e+00 +3.3083e+00 -2.9716e-01 -3.6720e+00
177 0 +1.718745032e+04 +1.671770032e+04 +1.671770032e+04 +2.8619e+00 -2.0766e+00 +2.3677e+00 -3.5675e-01 -7.1347e-01
200 0 +7.915717200e+03 +7.445967200e+03 +7.445967200e+03 +1.0341e-01 -3.6530e+00 +3.4087e+00 +4.5458e-01 +6.5746e-01
220 0 +4.279909039e+03 +3.810159039e+03 +3.810159039e+03 +9.2541e-01 -3.2787e+00 +3.2296e+00 -4.7578e-01 +1.5041e-01
301 0 +3.984945801e+03 +3.515195801e+03 +3.515195801e+03 +1.1808e+00 -3.3663e+00 +3.1208e+00 -4.5153e-01 -3.1827e-01
503 0 +3.735219522e+03 +3.265469522e+03 +3.265469522e+03 +9.2792e-01 -4.2759e+00 +3.2441e+00 -3.7183e-01 -1.1469e+00
523 0 +2.814472883e+03 +2.344722883e+03 +2.344722883e+03 +8.7312e-01 -4.7748e+00 +3.1260e+00 -5.4434e-01 -1.1283e+00
531 0 +2.359190668e+03 +1.889440668e+03 +1.889440668e+03 +2.9419e-01 -4.9522e+00 +3.3610e+00 -5.1182e-01 -4.9101e-01
566 0 +2.067078622e+03 +1.597328622e+03 +1.597328622e+03 +5.3706e-01 -4.5457e+00 +3.2246e+00 -2.0880e-01 -6.3239e-01
611 0 +1.176435142e+03 +7.066851417e+02 +7.066851417e+02 +3.9325e-01 -4.4134e+00 +3.3721e+00 -1.6275e-01 -4.7316e-01
622 0 +6.550171078e+02 +1.852671078e+02 +1.852671078e+02 -3.3212e-01 -3.1994e+00 +3.8650e+00 +2.4148e-01 +1.2394e+00
740 0 +1.707906637e+02 -2.989593363e+02 -2.989593363e+02 -7.3652e-01 -4.9610e+00 +3.9731e+00 +2.5803e-01 -1.6528e-01
803 0 +1.354964287e+02 -3.342535713e+02 -3.342535713e+02 -5.7291e-01 -4.3694e+00 +3.9791e+00 +4.7575e-01 -6.8884e-02
807 0 +1.146364288e+02 -3.551135712e+02 -3.551135712e+02 -1.6770e-01 -3.5102e+00 +3.9110e+00 +7.4869e-01 -1.3260e-01
810 0 +7.812599517e+01 -3.916240048e+02 -3.916240048e+02 -3.1643e-01 -4.5173e+00 +3.8762e+00 +4.9290e-01 -6.8291e-01
850 0 +5.301341390e+01 -4.167365861e+02 -4.167365861e+02 +1.9884e-01 -4.1466e+00 +3.6634e+00 +5.3844e-01 -1.0342e+00
851 0 +4.655552917e+01 -4.231944708e+02 -4.231944708e+02 -6.4681e-02 -3.3404e+00 +3.8982e+00 +7.5964e-01 -1.6917e-01
895 0 +4.050010305e+01 -4.292498969e+02 -4.292498969e+02 +5.4798e-02 -3.6363e+00 +3.8507e+00 +8.2161e-01 -7.5831e-01
929 0 +2.257977737e+01 -4.471702226e+02 -4.471702226e+02 -1.0930e-02 -3.4929e+00 +3.8900e+00 +7.2679e-01 -4.5273e-01
932 0 +1.426056718e+01 -4.554894328e+02 -4.554894328e+02 +1.9863e-01 -3.4356e+00 +3.8182e+00 +7.8833e-01 -7.7721e-01
954 0 +8.142273115e+00 -4.616077269e+02 -4.616077269e+02 +3.0843e-01 -3.3885e+00 +3.7758e+00 +8.2126e-01 -9.2850e-01
1018 0 +6.933068912e+00 -4.628169311e+02 -4.628169311e+02 +3.3840e-01 -3.0315e+00 +3.8000e+00 +9.0645e-01 -7.0861e-01
1026 0 +1.421166489e+00 -4.683288335e+02 -4.683288335e+02 +9.8656e-02 -3.1918e+00 +3.8857e+00 +8.4732e-01 -4.5767e-01
1060 0 +3.056036767e-01 -4.694443963e+02 -4.694443963e+02 +9.6572e-02 -2.9937e+00 +3.9129e+00 +9.0137e-01 -3.2657e-01
1131 0 +2.832327638e-01 -4.694667672e+02 -4.694667672e+02 +1.8882e-01 -3.1628e+00 +3.8538e+00 +8.7852e-01 -5.9478e-01
1233 0 +2.162354313e-01 -4.695337646e+02 -4.695337646e+02 +6.5538e-02 -3.1373e+00 +3.9080e+00 +8.6644e-01 -3.7883e-01
% f evaluations | g evaluations | best noise-free fitness - Fopt (-5.191000000000e+01) + sum g_i+ | measured fitness | best measured fitness or single-digit g-values | x1 | x2...
1 0 +2.189234218e+06 +2.189182308e+06 +2.189182308e+06 +5.9671e-01 -3.8264e-02 +7.4769e-01 +1.6230e+00 -1.3415e-01
3 0 +1.958563159e+06 +1.958511249e+06 +1.958511249e+06 -3.6342e-01 -3.6573e-01 +3.4196e-01 -1.8133e+00 -1.6249e+00
5 0 +1.418680902e+06 +1.418628992e+06 +1.418628992e+06 +1.5656e+00 -1.2578e-01 +1.6753e-01 -1.3247e+00 -4.4438e-01
8 0 +5.397702762e+04 +5.392511762e+04 +5.392511762e+04 -1.1208e+00 +3.0886e-01 -1.8597e+00 -1.2282e+00 +2.9686e-01
30 0 +4.318046352e+04 +4.312855352e+04 +4.312855352e+04 -2.8639e-01 +1.5838e+00 -1.0498e+00 +5.8147e-01 -2.2261e+00
34 0 +4.311794737e+04 +4.306603737e+04 +4.306603737e+04 +5.6201e-01 +1.0746e+00 -6.6028e-01 +5.6188e-01 -1.3016e+00
51 0 +1.176479150e+04 +1.171288150e+04 +1.171288150e+04 +3.8557e-01 +1.1974e+00 -9.5925e-01 -1.9798e-01 -1.9336e+00
79 0 +2.701217809e+03 +2.649307809e+03 +2.649307809e+03 +3.8195e-01 +1.2724e+00 -5.8301e-01 +2.9915e-02 -2.6606e+00
184 0 +6.512039319e+02 +5.992939319e+02 +5.992939319e+02 +2.6133e-01 +1.2426e+00 -8.9412e-01 +1.2062e-01 -1.7473e+00
349 0 +5.204441834e+02 +4.685341834e+02 +4.685341834e+02 +2.8835e-01 +1.5891e+00 -8.7384e-01 +8.3051e-01 -1.6495e+00
392 0 +4.177906908e+02 +3.658806908e+02 +3.658806908e+02 -9.2272e-02 +1.4728e+00 -1.1793e+00 -1.0385e-01 -1.1514e+00
421 0 +3.689363801e+02 +3.170263801e+02 +3.170263801e+02 +1.6099e-02 +1.5847e+00 -1.0576e+00 +4.0378e-01 -1.3626e+00
455 0 +3.199037146e+02 +2.679937146e+02 +2.679937146e+02 +2.0064e-02 +1.5669e+00 -1.1349e+00 +2.6885e-01 -1.1593e+00
577 0 +2.410003300e+02 +1.890903300e+02 +1.890903300e+02 -4.4613e-01 +1.6169e+00 -1.3621e+00 -2.9370e-01 -9.4710e-01
626 0 +2.047717457e+02 +1.528617457e+02 +1.528617457e+02 -3.3652e-01 +1.6052e+00 -1.4331e+00 -3.1633e-01 -6.3860e-01
638 0 +1.771217135e+02 +1.252117135e+02 +1.252117135e+02 -5.2855e-01 +1.6125e+00 -1.5444e+00 -5.2360e-01 -4.8937e-01
657 0 +1.136325686e+02 +6.172256865e+01 +6.172256865e+01 +2.5309e-01 +1.7906e+00 -1.5056e+00 +6.5808e-01 +3.3134e-01
726 0 +8.987035528e+01 +3.796035528e+01 +3.796035528e+01 +2.7929e-01 +1.8889e+00 -1.6929e+00 +8.3064e-01 +1.0039e+00
727 0 +8.014816103e+01 +2.823816103e+01 +2.823816103e+01 -2.4574e-01 +2.0135e+00 -1.8433e+00 +3.6630e-01 +9.2685e-01
751 0 +5.864385181e+01 +6.733851814e+00 +6.733851814e+00 -3.2773e-01 +1.9185e+00 -1.9201e+00 -3.8210e-02 +1.0153e+00
754 0 +5.663772537e+01 +4.727725374e+00 +4.727725374e+00 -5.1171e-01 +1.9002e+00 -2.0320e+00 -4.0661e-01 +1.0961e+00
779 0 +5.191643497e+01 +6.434972536e-03 +6.434972536e-03 -6.5431e-01 +2.0549e+00 -2.1838e+00 -3.2736e-01 +1.5008e+00
783 0 +3.695816901e+01 -1.495183099e+01 -1.495183099e+01 -4.9013e-03 +1.9277e+00 -1.8435e+00 +4.5139e-01 +1.1612e+00
826 0 +3.450501307e+01 -1.740498693e+01 -1.740498693e+01 -4.1456e-01 +1.8869e+00 -1.9734e+00 -2.1518e-01 +1.0659e+00
832 0 +3.014058513e+01 -2.176941487e+01 -2.176941487e+01 -1.7332e-01 +1.9014e+00 -1.8912e+00 +1.1920e-01 +1.0765e+00
845 0 +2.637637747e+01 -2.553362253e+01 -2.553362253e+01 -7.4748e-01 +2.0037e+00 -2.2472e+00 -5.7247e-01 +1.5626e+00
856 0 +2.136996117e+01 -3.054003883e+01 -3.054003883e+01 -2.3414e-01 +1.9529e+00 -2.0044e+00 +6.7199e-02 +1.3757e+00
884 0 +1.823319174e+01 -3.367680826e+01 -3.367680826e+01 -2.4606e-01 +1.9769e+00 -2.0314e+00 +1.1466e-01 +1.4648e+00
900 0 +1.779388204e+01 -3.411611796e+01 -3.411611796e+01 -2.1921e-01 +1.9996e+00 -2.0666e+00 +1.2095e-01 +1.5942e+00
926 0 +1.617222409e+01 -3.573777591e+01 -3.573777591e+01 -2.8050e-01 +1.9955e+00 -2.0993e+00 +5.8128e-02 +1.6405e+00
951 0 +1.381114954e+01 -3.809885046e+01 -3.809885046e+01 -2.4602e-01 +2.0301e+00 -2.1130e+00 +1.3045e-01 +1.7257e+00
980 0 +1.221795850e+01 -3.969204150e+01 -3.969204150e+01 -1.5737e-01 +2.0725e+00 -2.1330e+00 +3.0021e-01 +1.9067e+00
1002 0 +1.213719027e+01 -3.977280973e+01 -3.977280973e+01 -6.5709e-02 +2.0742e+00 -2.0964e+00 +4.4040e-01 +1.9065e+00
1005 0 +1.097567144e+01 -4.093432856e+01 -4.093432856e+01 -7.2453e-02 +2.0743e+00 -2.0920e+00 +4.2825e-01 +1.8797e+00
1051 0 +1.083670210e+01 -4.107329790e+01 -4.107329790e+01 +2.9289e-02 +2.0680e+00 -2.0727e+00 +5.4331e-01 +1.9335e+00
1053 0 +9.817408494e+00 -4.209259151e+01 -4.209259151e+01 +4.6516e-03 +2.0674e+00 -2.0531e+00 +5.3128e-01 +1.8450e+00
1089 0 +8.969568662e+00 -4.294043134e+01 -4.294043134e+01 +1.6659e-01 +2.1074e+00 -2.0441e+00 +7.9187e-01 +2.0125e+00
1090 0 +8.945887191e+00 -4.296411281e+01 -4.296411281e+01 +2.8202e-01 +2.1327e+00 -1.9822e+00 +1.0087e+00 +1.9628e+00
1101 0 +8.335296804e+00 -4.357470320e+01 -4.357470320e+01 +4.1441e-01 +2.1440e+00 -1.9676e+00 +1.1782e+00 +2.0641e+00
1115 0 +8.161460740e+00 -4.374853926e+01 -4.374853926e+01 +2.1589e-01 +2.1053e+00 -2.0010e+00 +8.7922e-01 +1.9396e+00
1131 0 +4.991653260e+00 -4.691834674e+01 -4.691834674e+01 +5.9978e-01 +2.1820e+00 -1.9533e+00 +1.4766e+00 +2.2530e+00
1138 0 +3.906032815e+00 -4.800396718e+01 -4.800396718e+01 +6.9098e-01 +2.1727e+00 -1.8603e+00 +1.6280e+00 +2.0667e+00
1170 0 +3.693025449e+00 -4.821697455e+01 -4.821697455e+01 +1.4402e+00 +2.3344e+00 -1.7387e+00 +2.8582e+00 +2.6025e+00
1182 0 +1.098798717e+00 -5.081120128e+01 -5.081120128e+01 +1.3646e+00 +2.2712e+00 -1.6948e+00 +2.6738e+00 +2.3552e+00
1239 0 +1.074088982e+00 -5.083591102e+01 -5.083591102e+01 +1.9230e+00 +2.3189e+00 -1.5389e+00 +3.4920e+00 +2.5239e+00
% f evaluations | g evaluations | best noise-free fitness - Fopt (4.808000000000e+01) + sum g_i+ | measured fitness | best measured fitness or single-digit g-values | x1 | x2...
1 0 +7.655939359e+06 +7.655987439e+06 +7.655987439e+06 +5.9671e-01 -3.8264e-02 +7.4769e-01 +1.6230e+00 -1.3415e-01
2 0 +5.817326131e+06 +5.817374211e+06 +5.817374211e+06 -1.3414e-01 +1.6792e+00 +8.6743e-01 -3.6947e-01 +6.4256e-01
3 0 +2.471456532e+06 +2.471504612e+06 +2.471504612e+06 -3.6342e-01 -3.6573e-01 +3.4196e-01 -1.8133e+00 -1.6249e+00
7 0 +2.056560075e+06 +2.056608155e+06 +2.056608155e+06 -5.0171e-01 +1.9523e+00 +8.6503e-02 -9.5771e-01 +9.2254e-01
8 0 +2.680933670e+05 +2.681414470e+05 +2.681414470e+05 -1.1208e+00 +3.0886e-01 -1.8597e+00 -1.2282e+00 +2.9686e-01
28 0 +9.283695499e+04 +9.288503499e+04 +9.288503499e+04 -1.7147e+00 +4.7719e-01 -5.6797e-01 -1.5569e+00 +1.7984e+00
31 0 +7.430346375e+04 +7.435154375e+04 +7.435154375e+04 -1.0954e+00 +4.5403e-01 -1.6090e+00 +3.4068e-01 +1.0998e+00
37 0 +6.326201787e+04 +6.331009787e+04 +6.331009787e+04 -1.3496e+00 +3.5368e-01 -1.0811e+00 +2.4597e-01 +8.7477e-01
39 0 +5.766359718e+04 +5.771167718e+04 +5.771167718e+04 -2.0099e+00 +9.3534e-01 -8.7771e-01 -1.7622e+00 +2.4983e+00
42 0 +4.070927510e+04 +4.075735510e+04 +4.075735510e+04 +5.7127e-03 -1.3849e+00 -2.5215e+00 -2.0432e+00 +1.8756e+00
66 0 +3.971575941e+04 +3.976383941e+04 +3.976383941e+04 -6.4646e-01 -5.1061e-01 -1.5224e+00 -1.6115e+00 +7.4415e-01
104 0 +2.220849759e+04 +2.225657759e+04 +2.225657759e+04 -4.5822e-01 -1.1030e+00 -1.7509e+00 -2.1896e+00 +1.0494e+00
111 0 +1.615132461e+04 +1.619940461e+04 +1.619940461e+04 +1.3682e-01 +4.2914e-01 -2.1958e+00 -1.7234e+00 +8.5573e-01
146 0 +1.330954520e+04 +1.335762520e+04 +1.335762520e+04 +5.1590e-01 -6.5524e-01 -2.6733e+00 -2.5410e+00 +1.0228e+00
276 0 +1.140738782e+04 +1.145546782e+04 +1.145546782e+04 -5.6925e-01 -7.0692e-01 -1.7112e+00 -2.5711e+00 +1.2096e+00
313 0 +1.121711636e+04 +1.126519636e+04 +1.126519636e+04 -2.2183e+00 -3.9521e+00 -7.4817e-01 -2.3444e+00 +3.3268e+00
333 0 +8.559412187e+03 +8.607492187e+03 +8.607492187e+03 -1.5683e+00 -2.2303e+00 -1.0389e+00 -3.9254e+00 +2.2101e+00
341 0 +4.098154786e+03 +4.146234786e+03 +4.146234786e+03 -2.8399e-01 -3.6022e+00 -2.2458e+00 -3.7178e+00 +2.3673e+00
346 0 +1.716242482e+03 +1.764322482e+03 +1.764322482e+03 -1.9183e+00 -3.7626e+00 -1.0197e+00 -2.5900e+00 +3.4612e+00
456 0 +1.002577011e+03 +1.050657011e+03 +1.050657011e+03 -2.2051e+00 -3.5162e+00 -7.8528e-01 -2.4980e+00 +3.5941e+00
473 0 +6.871633783e+02 +7.352433783e+02 +7.352433783e+02 -3.8439e+00 -3.7840e+00 +3.5976e-01 -2.3161e+00 +4.6424e+00
486 0 +4.381769619e+02 +4.862569619e+02 +4.862569619e+02 -2.5713e+00 -4.0920e+00 -5.2990e-01 -3.9453e+00 +3.5698e+00
537 0 +1.100030900e+02 +1.580830900e+02 +1.580830900e+02 -3.3979e+00 -4.0634e+00 +1.8024e-02 -2.3299e+00 +4.7003e+00
617 0 +1.079360381e+02 +1.560160381e+02 +1.560160381e+02 -2.7163e+00 -4.3844e+00 -4.6107e-01 -3.2884e+00 +4.1804e+00
651 0 +7.376463404e+01 +1.218446340e+02 +1.218446340e+02 -3.0546e+00 -4.3163e+00 -2.2250e-01 -3.1273e+00 +4.3374e+00
657 0 +7.270940166e+01 +1.207894017e+02 +1.207894017e+02 -2.9619e+00 -4.2366e+00 -2.7511e-01 -3.3920e+00 +4.1393e+00
703 0 +7.180009239e+01 +1.198800924e+02 +1.198800924e+02 -2.7331e+00 -4.3493e+00 -4.4680e-01 -3.4450e+00 +4.1207e+00
705 0 +5.481766404e+01 +1.028976640e+02 +1.028976640e+02 -2.8027e+00 -4.2943e+00 -3.8357e-01 -3.5624e+00 +4.0401e+00
724 0 +5.470473001e+01 +1.027847300e+02 +1.027847300e+02 -3.1522e+00 -4.2795e+00 -1.3449e-01 -3.3722e+00 +4.2768e+00
745 0 +5.219981628e+01 +1.002798163e+02 +1.002798163e+02 -2.9859e+00 -4.2742e+00 -2.5301e-01 -3.4106e+00 +4.1728e+00
751 0 +5.128816987e+01 +9.936816987e+01 +9.936816987e+01 -3.0923e+00 -4.2345e+00 -1.8000e-01 -3.2676e+00 +4.2652e+00
752 0 +4.667611667e+01 +9.475611667e+01 +9.475611667e+01 -2.7233e+00 -4.1488e+00 -4.4461e-01 -3.2150e+00 +4.0549e+00
754 0 +4.187994195e+01 +8.995994195e+01 +8.995994195e+01 -3.0681e+00 -4.1516e+00 -2.0145e-01 -3.0509e+00 +4.3185e+00
811 0 +3.993658665e+01 +8.801658665e+01 +8.801658665e+01 -2.9868e+00 -4.0924e+00 -2.5841e-01 -3.0212e+00 +4.2581e+00
852 0 +3.812490969e+01 +8.620490969e+01 +8.620490969e+01 -3.0140e+00 -4.1792e+00 -2.4383e-01 -3.0902e+00 +4.2901e+00
864 0 +3.641096646e+01 +8.449096646e+01 +8.449096646e+01 -2.9830e+00 -4.1018e+00 -2.6911e-01 -2.9215e+00 +4.3165e+00
890 0 +3.625540716e+01 +8.433540716e+01 +8.433540716e+01 -2.9460e+00 -4.0676e+00 -3.0056e-01 -2.8099e+00 +4.3243e+00
891 0 +3.549805091e+01 +8.357805091e+01 +8.357805091e+01 -2.9544e+00 -4.0253e+00 -2.9867e-01 -2.6152e+00 +4.4035e+00
909 0 +3.319882536e+01 +8.127882536e+01 +8.127882536e+01 -2.8150e+00 -4.1285e+00 -3.8699e-01 -3.0583e+00 +4.1765e+00
939 0 +3.283394053e+01 +8.091394053e+01 +8.091394053e+01 -3.0493e+00 -4.0415e+00 -2.2749e-01 -2.6816e+00 +4.4141e+00
946 0 +2.822835077e+01 +7.630835077e+01 +7.630835077e+01 -2.7909e+00 -3.9440e+00 -4.1102e-01 -2.5919e+00 +4.2704e+00
978 0 +2.732162540e+01 +7.540162540e+01 +7.540162540e+01 -2.5549e+00 -3.8795e+00 -5.8508e-01 -2.4638e+00 +4.1826e+00
980 0 +2.641352937e+01 +7.449352937e+01 +7.449352937e+01 -2.4398e+00 -3.9416e+00 -6.5834e-01 -2.7493e+00 +4.0202e+00
1015 0 +1.861375716e+01 +6.669375716e+01 +6.669375716e+01 -1.7770e+00 -3.8276e+00 -1.1374e+00 -2.6786e+00 +3.6902e+00
1053 0 +1.797078043e+01 +6.605078043e+01 +6.605078043e+01 -1.6465e+00 -3.7051e+00 -1.2306e+00 -2.5125e+00 +3.6313e+00
1091 0 +1.426650362e+01 +6.234650362e+01 +6.234650362e+01 -8.5426e-01 -3.6324e+00 -1.7962e+00 -2.6671e+00 +3.1469e+00
1132 0 +9.918497495e+00 +5.799849749e+01 +5.799849749e+01 -9.4483e-01 -3.6238e+00 -1.7206e+00 -2.8295e+00 +3.1037e+00
1133 0 +9.845029274e+00 +5.792502927e+01 +5.792502927e+01 -1.0713e+00 -3.6722e+00 -1.6322e+00 -2.8413e+00 +3.1857e+00
1156 0 +5.854128809e+00 +5.393412881e+01 +5.393412881e+01 -4.1844e-02 -3.5667e+00 -2.3564e+00 -3.1790e+00 +2.4830e+00
1158 0 +1.836481647e+00 +4.991648165e+01 +4.991648165e+01 +2.7685e-01 -3.5331e+00 -2.5840e+00 -3.2623e+00 +2.2830e+00
% f evaluations | g evaluations | best noise-free fitness - Fopt (3.058000000000e+01) + sum g_i+ | measured fitness | best measured fitness or single-digit g-values | x1 | x2...
1 0 +5.129698096e+06 +5.129728676e+06 +5.129728676e+06 +5.9671e-01 -3.8264e-02 +7.4769e-01 +1.6230e+00 -1.3415e-01
3 0 +3.849577660e+06 +3.849608240e+06 +3.849608240e+06 -3.6342e-01 -3.6573e-01 +3.4196e-01 -1.8133e+00 -1.6249e+00
4 0 +2.425531194e+06 +2.425561774e+06 +2.425561774e+06 -4.6229e-01 -9.1283e-01 +4.1425e-01 -8.0802e-01 -1.3123e+00
6 0 +2.328608918e+06 +2.328639498e+06 +2.328639498e+06 +2.1092e-01 -1.0510e+00 +4.7570e-01 -5.0064e-01 -1.9169e-01
25 0 +1.523876975e+06 +1.523907555e+06 +1.523907555e+06 +8.9103e-01 -8.0939e-01 +1.5028e+00 -1.3019e+00 +6.8686e-01
26 0 +5.968477466e+05 +5.968783266e+05 +5.968783266e+05 -3.2706e-02 -1.8447e+00 +8.8228e-01 -3.7126e-01 -1.6525e-01
30 0 +2.326817609e+05 +2.327123409e+05 +2.327123409e+05 -5.4268e-01 -8.5308e-01 +2.0890e+00 -7.1872e-01 +3.0363e-01
32 0 +1.617780056e+05 +1.618085856e+05 +1.618085856e+05 -6.6717e-01 -1.1772e+00 +1.1852e+00 +4.7416e-02 +1.3806e+00
49 0 +1.010767892e+05 +1.011073692e+05 +1.011073692e+05 -7.0498e-01 -4.1801e-01 +1.6620e+00 -1.7999e+00 +1.9817e+00
52 0 +3.137444962e+04 +3.140502962e+04 +3.140502962e+04 -5.0408e-01 -9.7400e-02 +3.4663e+00 -8.8328e-01 +1.8604e+00
60 0 +2.879558557e+04 +2.882616557e+04 +2.882616557e+04 -4.9530e-02 +3.6410e-02 +3.5784e+00 -2.1561e+00 +2.9756e+00
130 0 +2.495112224e+04 +2.498170224e+04 +2.498170224e+04 +7.0163e-01 -4.0098e-01 +3.7088e+00 -5.9870e-01 +2.4598e+00
140 0 +2.061768478e+04 +2.064826478e+04 +2.064826478e+04 -4.6291e-03 -7.1828e-03 +2.6113e+00 -4.2457e+00 +3.8702e+00
158 0 +1.941587970e+04 +1.944645970e+04 +1.944645970e+04 +8.4210e-02 +4.2690e-01 +3.8590e+00 -1.1994e+00 +3.6098e+00
170 0 +1.321111694e+03 +1.351691694e+03 +1.351691694e+03 -1.0165e+00 -7.7217e-01 +1.0237e+00 -6.7401e-01 +3.2622e+00
394 0 +8.580218466e+02 +8.886018466e+02 +8.886018466e+02 -5.0202e-01 -8.0430e-01 +1.2665e+00 -1.5593e+00 +3.5040e+00
482 0 +6.970546894e+02 +7.276346894e+02 +7.276346894e+02 +1.2255e-01 -1.0697e+00 +1.2459e+00 -2.1151e+00 +3.9489e+00
501 0 +6.541644738e+02 +6.847444738e+02 +6.847444738e+02 +2.3062e-01 -1.0743e+00 +1.2971e+00 -2.2519e+00 +4.0664e+00
564 0 +4.713430849e+02 +5.019230849e+02 +5.019230849e+02 +3.9903e-01 -1.5337e+00 +5.4597e-01 -2.2095e+00 +4.5791e+00
603 0 +4.535162026e+02 +4.840962026e+02 +4.840962026e+02 +1.8288e-01 -1.4324e+00 +5.4845e-01 -2.2014e+00 +4.3825e+00
631 0 +2.323360203e+02 +2.629160203e+02 +2.629160203e+02 +7.4678e-02 -1.8423e+00 -2.2507e-01 -1.5690e+00 +4.6580e+00
674 0 +1.406141387e+02 +1.711941387e+02 +1.711941387e+02 -1.2481e+00 -1.8635e+00 -1.3142e+00 -8.0648e-01 +4.1750e+00
677 0 +4.975720516e+01 +8.033720516e+01 +8.033720516e+01 -1.0198e+00 -2.3612e+00 -2.0701e+00 -6.9943e-01 +4.7304e+00
720 0 +2.085284121e+01 +5.143284121e+01 +5.143284121e+01 -1.7571e+00 -2.3755e+00 -2.5956e+00 +1.0774e-01 +4.4460e+00
771 0 +2.033975624e+01 +5.091975624e+01 +5.091975624e+01 -2.3795e+00 -1.8592e+00 -2.1046e+00 +2.7159e-01 +3.7272e+00
803 0 +1.794133503e+01 +4.852133503e+01 +4.852133503e+01 -1.0171e+00 -2.2462e+00 -1.8272e+00 -6.8323e-01 +4.6268e+00
855 0 +1.522189558e+01 +4.580189558e+01 +4.580189558e+01 -1.0864e+00 -2.3305e+00 -2.0350e+00 -5.7945e-01 +4.6816e+00
860 0 +1.077854965e+01 +4.135854965e+01 +4.135854965e+01 -1.1924e+00 -2.3184e+00 -2.0957e+00 -5.3199e-01 +4.6181e+00
882 0 +3.981088474e+00 +3.456108847e+01 +3.456108847e+01 -1.7345e+00 -2.3030e+00 -2.4680e+00 -8.0264e-02 +4.3926e+00
915 0 +3.360184160e+00 +3.394018416e+01 +3.394018416e+01 -2.1478e+00 -2.1820e+00 -2.5501e+00 +1.7994e-01 +4.1253e+00
994 0 +1.789158425e+00 +3.236915843e+01 +3.236915843e+01 -2.0587e+00 -2.1104e+00 -2.3518e+00 +7.6521e-02 +4.0987e+00
1047 0 +1.657748290e+00 +3.223774829e+01 +3.223774829e+01 -2.1346e+00 -2.0947e+00 -2.3827e+00 +1.1341e-01 +4.0554e+00
1079 0 +1.551727344e+00 +3.213172734e+01 +3.213172734e+01 -2.1235e+00 -2.1209e+00 -2.4160e+00 +1.5476e-01 +4.0807e+00
1110 0 +1.228980792e+00 +3.180898079e+01 +3.180898079e+01 -2.2237e+00 -2.1183e+00 -2.4877e+00 +2.3164e-01 +4.0427e+00
1129 0 +1.175608782e+00 +3.175560878e+01 +3.175560878e+01 -2.2040e+00 -2.1088e+00 -2.4571e+00 +2.1061e-01 +4.0438e+00
1182 0 +7.572122880e-01 +3.133721229e+01 +3.133721229e+01 -2.2379e+00 -2.0918e+00 -2.4523e+00 +2.1160e-01 +4.0133e+00
1215 0 +6.312869532e-01 +3.121128695e+01 +3.121128695e+01 -2.3386e+00 -2.0722e+00 -2.4927e+00 +2.8075e-01 +3.9609e+00
% f evaluations | g evaluations | best noise-free fitness - Fopt (1.000000000000e+03) + sum g_i+ | measured fitness | best measured fitness or single-digit g-values | x1 | x2...
1 0 +7.800350395e+06 +7.801350395e+06 +7.801350395e+06 +5.9671e-01 -3.8264e-02 +7.4769e-01 +1.6230e+00 -1.3415e-01
2 0 +4.442581272e+06 +4.443581272e+06 +4.443581272e+06 -1.3414e-01 +1.6792e+00 +8.6743e-01 -3.6947e-01 +6.4256e-01
3 0 +4.368225056e+04 +4.468225056e+04 +4.468225056e+04 -3.6342e-01 -3.6573e-01 +3.4196e-01 -1.8133e+00 -1.6249e+00
32 0 +6.074595784e+03 +7.074595784e+03 +7.074595784e+03 -2.7036e+00 +8.6792e-01 -5.3763e-01 -2.4639e+00 -9.6109e-01
51 0 +4.548736762e+03 +5.548736762e+03 +5.548736762e+03 -1.8796e+00 +8.8167e-01 -2.4640e-01 -2.5223e+00 -1.1911e+00
52 0 +2.725856149e+03 +3.725856149e+03 +3.725856149e+03 -8.5421e-01 -3.6164e-01 -8.3878e-02 -1.8632e+00 -1.3338e+00
218 0 +1.436912720e+03 +2.436912720e+03 +2.436912720e+03 -2.0432e+00 +5.3594e-01 -1.0069e+00 -1.8406e+00 -1.3523e+00
345 0 +1.392985941e+03 +2.392985941e+03 +2.392985941e+03 -1.6013e+00 +3.1244e-02 +4.2902e-02 -2.3766e+00 -1.1921e+00
355 0 +1.159949706e+03 +2.159949706e+03 +2.159949706e+03 -1.4144e+00 -4.1320e-02 -1.4344e-01 -2.0912e+00 -1.0882e+00
549 0 +1.153249981e+03 +2.153249981e+03 +2.153249981e+03 -1.7668e+00 -3.8862e-02 +3.0806e-01 -2.6036e+00 -9.5215e-01
573 0 +1.062108427e+03 +2.062108427e+03 +2.062108427e+03 -2.0117e+00 +1.3971e-01 -5.7046e-02 -2.4267e+00 -9.9880e-01
607 0 +1.012586099e+03 +2.012586099e+03 +2.012586099e+03 -1.8646e+00 +2.6565e-01 +2.2943e-01 -2.6984e+00 -1.1581e+00
609 0 +9.804831051e+02 +1.980483105e+03 +1.980483105e+03 -1.5979e+00 -2.2117e-01 -5.1279e-01 -1.7568e+00 -9.2890e-01
626 0 +9.039426109e+02 +1.903942611e+03 +1.903942611e+03 -1.6313e+00 +2.8993e-02 -4.0353e-01 -1.9742e+00 -1.1130e+00
628 0 +6.450897760e+02 +1.645089776e+03 +1.645089776e+03 -1.6957e+00 +1.1249e+00 -3.1081e-01 -2.5668e+00 -1.9448e+00
678 0 +4.879418639e+02 +1.487941864e+03 +1.487941864e+03 -1.8820e+00 +1.4885e+00 -6.5008e-01 -2.4943e+00 -2.1725e+00
692 0 +4.670666182e+02 +1.467066618e+03 +1.467066618e+03 -2.0560e+00 +2.0756e+00 -2.6710e-01 -3.1435e+00 -2.5488e+00
704 0 +4.144949733e+02 +1.414494973e+03 +1.414494973e+03 -2.0816e+00 +2.6079e+00 +1.8835e-01 -3.7561e+00 -2.8470e+00
715 0 +3.932819261e+02 +1.393281926e+03 +1.393281926e+03 -2.0321e+00 +2.8441e+00 -4.6809e-01 -3.3031e+00 -3.1932e+00
719 0 +3.470761992e+02 +1.347076199e+03 +1.347076199e+03 -2.4829e+00 +2.5690e+00 -2.0716e+00 -1.9080e+00 -2.8034e+00
731 0 +3.110564000e+02 +1.311056400e+03 +1.311056400e+03 -2.1795e+00 +2.3537e+00 -1.1715e+00 -2.5243e+00 -2.6286e+00
757 0 +2.568745902e+02 +1.256874590e+03 +1.256874590e+03 -2.7476e+00 +4.2017e+00 -2.2282e+00 -2.5846e+00 -3.9565e+00
761 0 +7.889311962e+01 +1.078893120e+03 +1.078893120e+03 -2.5428e+00 +4.6461e+00 -6.9659e-01 -4.0535e+00 -4.2769e+00
787 0 +4.701098209e+01 +1.047010982e+03 +1.047010982e+03 -2.4749e+00 +4.9033e+00 -1.5632e+00 -3.4022e+00 -4.5395e+00
821 0 +1.798866523e+01 +1.017988665e+03 +1.017988665e+03 -2.4873e+00 +3.4508e+00 -3.0390e+00 -1.4874e+00 -3.4919e+00
908 0 +1.316941588e+01 +1.013169416e+03 +1.013169416e+03 -2.7147e+00 +4.0413e+00 -3.0655e+00 -1.7963e+00 -3.8523e+00
936 0 +7.375527191e+00 +1.007375527e+03 +1.007375527e+03 -2.5431e+00 +4.1591e+00 -2.6063e+00 -2.1991e+00 -3.9842e+00
971 0 +4.922075183e+00 +1.004922075e+03 +1.004922075e+03 -2.7165e+00 +3.7830e+00 -3.4563e+00 -1.3462e+00 -3.6642e+00
1019 0 +2.489985028e+00 +1.002489985e+03 +1.002489985e+03 -2.5447e+00 +4.0187e+00 -2.4692e+00 -2.2521e+00 -3.8643e+00
1051 0 +1.901262045e+00 +1.001901262e+03 +1.001901262e+03 -2.5992e+00 +3.7209e+00 -2.8597e+00 -1.7982e+00 -3.6369e+00
1082 0 +1.485663437e+00 +1.001485663e+03 +1.001485663e+03 -2.5509e+00 +3.8112e+00 -2.7206e+00 -1.9448e+00 -3.7201e+00
1101 0 +9.914946388e-01 +1.000991495e+03 +1.000991495e+03 -2.5703e+00 +3.8250e+00 -2.7959e+00 -1.8920e+00 -3.7288e+00
1103 0 +7.504154444e-01 +1.000750415e+03 +1.000750415e+03 -2.6125e+00 +3.9165e+00 -2.8792e+00 -1.8740e+00 -3.7828e+00
1151 0 +6.712610653e-01 +1.000671261e+03 +1.000671261e+03 -2.6055e+00 +3.7579e+00 -3.0247e+00 -1.6742e+00 -3.6695e+00
1158 0 +6.539794044e-01 +1.000653979e+03 +1.000653979e+03 -2.6194e+00 +3.8283e+00 -2.9787e+00 -1.7499e+00 -3.7188e+00
1176 0 +4.314540984e-01 +1.000431454e+03 +1.000431454e+03 -2.5907e+00 +3.7365e+00 -3.0241e+00 -1.6620e+00 -3.6603e+00
1204 0 +1.728765011e-01 +1.000172877e+03 +1.000172877e+03 -2.6278e+00 +3.7133e+00 -3.1797e+00 -1.5280e+00 -3.6374e+00
% f evaluations | g evaluations | best noise-free fitness - Fopt (-4.236000000000e+01) + sum g_i+ | measured fitness | best measured fitness or single-digit g-values | x1 | x2...
1 0 +4.299884506e+05 +4.299460906e+05 +4.299460906e+05 +5.9671e-01 -3.8264e-02 +7.4769e-01 +1.6230e+00 -1.3415e-01
2 0 +3.060139924e+05 +3.059716324e+05 +3.059716324e+05 -1.3414e-01 +1.6792e+00 +8.6743e-01 -3.6947e-01 +6.4256e-01
6 0 +9.893211758e+04 +9.888975758e+04 +9.888975758e+04 +2.1092e-01 -1.0510e+00 +4.7570e-01 -5.0064e-01 -1.9169e-01
10 0 +2.777560141e+04 +2.773324141e+04 +2.773324141e+04 -6.1984e-01 -3.6064e-01 +1.1571e+00 +4.4362e-01 -1.6630e+00
27 0 +8.404515663e+03 +8.362155663e+03 +8.362155663e+03 -3.2948e-01 -4.0174e-01 -4.6011e-03 -7.4015e-01 +2.0192e-01
92 0 +3.669306172e+03 +3.626946172e+03 +3.626946172e+03 -9.8054e-01 -1.0883e-01 +7.2409e-02 -1.7135e+00 +1.4942e+00
202 0 +3.282821895e+03 +3.240461895e+03 +3.240461895e+03 -3.2082e+00 +3.0817e-02 +1.6851e-01 -2.9042e+00 +4.6150e-01
252 0 +3.063615732e+03 +3.021255732e+03 +3.021255732e+03 -1.7248e+00 +5.7174e-02 -8.0553e-02 -2.1575e+00 +1.1453e+00
285 0 +2.974253410e+03 +2.931893410e+03 +2.931893410e+03 -2.1173e+00 +1.9913e-01 -3.2545e-01 -2.6214e+00 +1.2395e+00
291 0 +2.334013943e+03 +2.291653943e+03 +2.291653943e+03 -3.1679e+00 +3.4230e-01 +8.3906e-03 -3.2865e+00 +1.4320e+00
316 0 +1.765194536e+03 +1.722834536e+03 +1.722834536e+03 -3.1605e+00 +3.1732e-01 -6.6852e-03 -3.4760e+00 +1.8025e+00
326 0 +1.532850328e+03 +1.490490328e+03 +1.490490328e+03 -3.3948e+00 +2.3592e-01 -3.9750e-02 -3.5476e+00 +1.4516e+00
362 0 +1.326582721e+03 +1.284222721e+03 +1.284222721e+03 -2.8765e+00 +3.8602e-01 -1.3433e-01 -3.4005e+00 +1.9581e+00
406 0 +7.604397182e+02 +7.180797182e+02 +7.180797182e+02 -2.2490e+00 +4.3084e-01 -1.8931e-02 -3.2917e+00 +2.8185e+00
453 0 +6.082374163e+02 +5.658774163e+02 +5.658774163e+02 -2.0660e+00 +1.5203e-01 +7.5675e-01 -3.0657e+00 +3.2166e+00
487 0 +4.195429750e+02 +3.771829750e+02 +3.771829750e+02 -1.5987e+00 -1.4600e-01 +1.0576e+00 -2.3646e+00 +2.6287e+00
501 0 +3.224547625e+02 +2.800947625e+02 +2.800947625e+02 -1.5253e+00 -5.1190e-02 +9.4453e-01 -2.5370e+00 +3.0690e+00
531 0 +2.881636499e+02 +2.458036499e+02 +2.458036499e+02 -7.1334e-01 -5.2861e-01 +1.5561e+00 -1.2504e+00 +2.0381e+00
534 0 +2.690365325e+02 +2.266765325e+02 +2.266765325e+02 -1.0504e+00 -9.3496e-03 +9.3909e-01 -2.3594e+00 +3.4623e+00
553 0 +9.908022790e+01 +5.672022790e+01 +5.672022790e+01 -7.0147e-02 +8.5305e-02 +7.9486e-01 -1.8940e+00 +3.9675e+00
583 0 +8.534566727e+01 +4.298566727e+01 +4.298566727e+01 +9.5453e-02 -9.7238e-01 +2.4598e+00 -4.6320e-01 +2.3319e+00
606 0 +6.652923476e+01 +2.416923476e+01 +2.416923476e+01 +3.0149e-01 -1.3532e+00 +2.9704e+00 +5.4891e-02 +1.8425e+00
680 0 +2.801170229e+01 -1.434829771e+01 -1.434829771e+01 +1.2602e+00 -7.1228e-01 +1.9596e+00 -2.2459e-01 +3.3100e+00
749 0 +2.304538387e+01 -1.931461613e+01 -1.931461613e+01 +5.1462e-01 -1.2081e+00 +2.6609e+00 +1.0811e-01 +1.8681e+00
753 0 +1.701689601e+01 -2.534310399e+01 -2.534310399e+01 -1.4122e-02 -7.8599e-01 +2.0478e+00 -7.4183e-01 +2.4215e+00
755 0 +7.699184588e+00 -3.466081541e+01 -3.466081541e+01 +4.3760e-01 -1.2488e+00 +2.7721e+00 +1.1144e-01 +1.8231e+00
781 0 +5.718670316e+00 -3.664132968e+01 -3.664132968e+01 +4.3640e-01 -1.1651e+00 +2.6604e+00 -6.2805e-03 +1.9974e+00
811 0 +5.697703651e+00 -3.666229635e+01 -3.666229635e+01 +5.3555e-01 -1.0977e+00 +2.5323e+00 -4.8724e-02 +2.1592e+00
823 0 +1.994627418e+00 -4.036537258e+01 -4.036537258e+01 +4.5248e-01 -9.9762e-01 +2.4213e+00 -2.3782e-01 +2.3599e+00
852 0 +1.964014088e+00 -4.039598591e+01 -4.039598591e+01 +4.5070e-01 -1.0800e+00 +2.5503e+00 -1.3143e-01 +2.2196e+00
853 0 +1.506123042e+00 -4.085387696e+01 -4.085387696e+01 +4.5642e-01 -1.0861e+00 +2.5349e+00 -1.2463e-01 +2.1982e+00
856 0 +1.013650661e+00 -4.134634934e+01 -4.134634934e+01 +3.8353e-01 -1.0246e+00 +2.4555e+00 -2.4011e-01 +2.2757e+00
876 0 +6.849641742e-01 -4.167503583e+01 -4.167503583e+01 +4.8359e-01 -1.0575e+00 +2.4991e+00 -1.4718e-01 +2.2672e+00
954 0 +6.312805471e-01 -4.172871945e+01 -4.172871945e+01 +4.9409e-01 -9.9772e-01 +2.4082e+00 -2.2337e-01 +2.3864e+00
1004 0 +3.583390326e-01 -4.200166097e+01 -4.200166097e+01 +4.8710e-01 -9.9681e-01 +2.4077e+00 -2.2686e-01 +2.3815e+00
1008 0 +2.939932538e-01 -4.206600675e+01 -4.206600675e+01 +5.1797e-01 -9.3693e-01 +2.3156e+00 -2.8963e-01 +2.5028e+00
1070 0 +2.867295217e-01 -4.207327048e+01 -4.207327048e+01 +5.5128e-01 -9.2352e-01 +2.2988e+00 -2.9263e-01 +2.5535e+00
1086 0 +1.359501770e-01 -4.222404982e+01 -4.222404982e+01 +5.3440e-01 -8.9064e-01 +2.2491e+00 -3.4366e-01 +2.6019e+00
1126 0 +1.293686948e-01 -4.223063131e+01 -4.223063131e+01 +5.4401e-01 -8.8470e-01 +2.2403e+00 -3.4793e-01 +2.6206e+00
1129 0 +1.039442702e-01 -4.225605573e+01 -4.225605573e+01 +5.7015e-01 -8.2668e-01 +2.1533e+00 -4.1516e-01 +2.7479e+00
1187 0 +7.667264538e-02 -4.228332735e+01 -4.228332735e+01 +5.9965e-01 -7.7955e-01 +2.0804e+00 -4.6313e-01 +2.8480e+00
1202 0 +6.818691861e-02 -4.229181308e+01 -4.229181308e+01 +5.4331e-01 -8.5193e-01 +2.1897e+00 -3.9378e-01 +2.6825e+00
1203 0 +1.134133803e-02 -4.234865866e+01 -4.234865866e+01 +5.7281e-01 -7.9382e-01 +2.1026e+00 -4.5468e-01 +2.8024e+00
