% f evaluations | g evaluations | best noise-free fitness - Fopt (-5.465000000000e+02) + sum g_i+ | measured fitness | best measured fitness or single-digit g-values | x1 | x2...
1 0 +2.193118842e+04 +2.138468842e+04 +2.138468842e+04 +5.9671e-01 -3.8264e-02 +7.4769e-01 +1.6230e+00 -1.3415e-01
2 0 +8.016224912e+02 +2.551224912e+02 +2.551224912e+02 -1.3414e-01 +1.6792e+00 +8.6743e-01 -3.6947e-01 +6.4256e-01
7 0 +4.387294818e+00 -5.421127052e+02 -5.421127052e+02 -5.0171e-01 +1.9523e+00 +8.6503e-02 -9.5771e-01 +9.2254e-01
27 0 +4.328109731e+00 -5.421718903e+02 -5.421718903e+02 -1.8997e-01 +2.3771e-01 +4.5005e-01 -6.1927e-01 +1.6721e+00
31 0 +3.193278094e+00 -5.433067219e+02 -5.433067219e+02 +2.8748e-01 +7.8162e-01 +3.3882e-01 -9.7360e-01 +1.8270e+00
212 0 +3.026392751e+00 -5.434736072e+02 -5.434736072e+02 +7.2521e-01 +2.1283e-01 +5.5433e-01 -1.4750e+00 +1.4303e+00
214 0 +2.876961148e+00 -5.436230389e+02 -5.436230389e+02 +1.4470e+00 +1.0310e+00 +4.0159e-01 -1.3448e+00 +1.4946e+00
215 0 +2.487998342e+00 -5.440120017e+02 -5.440120017e+02 +7.0054e-01 +1.9746e+00 +2.0914e-01 -1.0388e+00 +1.5128e+00
238 0 +2.460001900e+00 -5.440399981e+02 -5.440399981e+02 +1.5657e+00 +4.6011e-01 +8.4735e-01 -9.1404e-01 +1.2879e+00
357 0 +2.377643884e+00 -5.441223561e+02 -5.441223561e+02 +7.3151e-01 +2.8859e+00 +6.2225e-01 -2.0494e+00 +9.9195e-01
562 0 +2.201086086e+00 -5.442989139e+02 -5.442989139e+02 +1.2526e+00 +2.9325e+00 -2.5816e-01 -2.2050e+00 +9.5173e-01
1066 0 +2.115131551e+00 -5.443848684e+02 -5.443848684e+02 +1.4703e+00 +3.0837e+00 +1.2946e+00 -1.2136e+00 +1.1331e+00
1134 0 +2.094164386e+00 -5.444058356e+02 -5.444058356e+02 +1.5521e+00 +1.7422e+00 +2.3316e+00 -2.0522e+00 +1.8067e+00
1162 0 +1.886809629e+00 -5.446131904e+02 -5.446131904e+02 +6.7578e-01 +5.3211e-03 +1.6011e+00 -2.2653e+00 +2.0975e+00
