% f evaluations | g evaluations | best noise-free fitness - Fopt (-6.211100000000e+02) + sum g_i+ | measured fitness | best measured fitness or single-digit g-values | x1 | x2...
1 0 +6.295856703e+07 +6.295794592e+07 +6.295794592e+07 +5.9671e-01 -3.8264e-02 +7.4769e-01 +1.6230e+00 -1.3415e-01
2 0 +2.089017495e+07 +2.088955384e+07 +2.088955384e+07 -1.3414e-01 +1.6792e+00 +8.6743e-01 -3.6947e-01 +6.4256e-01
7 0 +1.510354235e+07 +1.510292124e+07 +1.510292124e+07 -5.0171e-01 +1.9523e+00 +8.6503e-02 -9.5771e-01 +9.2254e-01
28 0 +5.136475464e+06 +5.135854354e+06 +5.135854354e+06 +5.7044e-01 +2.2768e+00 +1.9091e-01 -3.4200e+00 -1.1152e-01
32 0 +2.579262150e+06 +2.578641040e+06 +2.578641040e+06 -1.5132e+00 +4.1471e+00 -1.3607e+00 -2.8392e+00 +7.6820e-02
52 0 +1.780721943e+06 +1.780100833e+06 +1.780100833e+06 -1.7303e+00 +3.0653e+00 -9.2127e-01 -3.7402e+00 -7.8465e-01
58 0 +4.173178732e+05 +4.166967632e+05 +4.166967632e+05 -8.5395e-01 +4.1885e+00 -1.2393e+00 -2.7284e+00 -1.5068e+00
176 0 +2.661367098e+05 +2.655155998e+05 +2.655155998e+05 -1.0026e+00 +4.4898e+00 -3.4322e+00 -3.1545e+00 -2.0923e+00
210 0 +2.613089398e+05 +2.606878298e+05 +2.606878298e+05 -1.3447e+00 +4.4311e+00 -1.6753e+00 -2.9005e+00 -1.2736e+00
219 0 +1.692557554e+05 +1.686346454e+05 +1.686346454e+05 -1.1901e+00 +4.2083e+00 +6.3480e-01 -3.9592e+00 -4.6797e-01
273 0 +1.192058541e+05 +1.185847441e+05 +1.185847441e+05 -1.0830e+00 +4.2918e+00 -2.9056e-01 -3.9243e+00 -6.4674e-01
278 0 +1.151388305e+05 +1.145177205e+05 +1.145177205e+05 -1.0287e+00 +4.2707e+00 -4.7801e-01 -3.8984e+00 -6.5880e-01
285 0 +1.038849997e+05 +1.032638897e+05 +1.032638897e+05 -8.5034e-01 +4.1664e+00 -8.2993e-01 -3.3707e+00 -1.3985e+00
317 0 +1.018144295e+05 +1.011933195e+05 +1.011933195e+05 -1.0386e+00 +4.1769e+00 +2.8551e-02 -4.0449e+00 -5.3277e-01
328 0 +4.281891314e+04 +4.219780314e+04 +4.219780314e+04 -1.0315e+00 +3.8663e+00 +5.9324e-01 -3.9894e+00 -4.3194e-01
367 0 +3.767443375e+04 +3.705332375e+04 +3.705332375e+04 -1.0105e+00 +4.1899e+00 -2.0986e-01 -3.7350e+00 -8.4830e-01
383 0 +3.090128015e+04 +3.028017015e+04 +3.028017015e+04 -1.0387e+00 +4.0511e+00 -3.7103e-01 -3.5520e+00 -9.9754e-01
406 0 +1.534762365e+04 +1.472651365e+04 +1.472651365e+04 -1.0191e+00 +4.0670e+00 -7.6435e-01 -3.4897e+00 -1.0521e+00
424 0 +1.009912382e+04 +9.478013823e+03 +9.478013823e+03 -1.0480e+00 +4.0857e+00 -2.6354e-01 -3.6501e+00 -8.0516e-01
435 0 +7.581504956e+03 +6.960394956e+03 +6.960394956e+03 -9.8772e-01 +4.1104e+00 -2.4633e-01 -3.5856e+00 -6.7907e-01
453 0 +7.465581805e+03 +6.844471805e+03 +6.844471805e+03 -1.0138e+00 +4.2747e+00 -1.2505e+00 -3.3950e+00 -1.3064e+00
469 0 +5.900049963e+03 +5.278939963e+03 +5.278939963e+03 -1.0181e+00 +4.1814e+00 -5.0173e-01 -3.6352e+00 -8.6077e-01
481 0 +4.995597633e+03 +4.374487633e+03 +4.374487633e+03 -1.0145e+00 +4.1322e+00 -6.5115e-01 -3.6082e+00 -9.4878e-01
484 0 +3.716189977e+03 +3.095079977e+03 +3.095079977e+03 -9.5360e-01 +4.1600e+00 -5.0368e-01 -3.6118e+00 -8.7335e-01
493 0 +3.658730967e+03 +3.037620967e+03 +3.037620967e+03 -1.0164e+00 +4.0986e+00 -4.6929e-01 -3.5902e+00 -8.8221e-01
528 0 +3.512970162e+03 +2.891860162e+03 +2.891860162e+03 -9.7278e-01 +4.1517e+00 -4.1372e-01 -3.5845e+00 -7.5864e-01
536 0 +2.106847119e+03 +1.485737119e+03 +1.485737119e+03 -1.0209e+00 +4.1698e+00 -5.5227e-01 -3.5594e+00 -8.9717e-01
542 0 +1.171487526e+03 +5.503775259e+02 +5.503775259e+02 -1.0009e+00 +4.1500e+00 -7.2808e-01 -3.5299e+00 -9.1284e-01
553 0 +1.809132922e+02 -4.401967078e+02 -4.401967078e+02 -1.0181e+00 +4.1945e+00 -7.9669e-01 -3.5134e+00 -9.8743e-01
664 0 +1.077102306e+02 -5.133997694e+02 -5.133997694e+02 -1.0022e+00 +4.1482e+00 -5.7139e-01 -3.5850e+00 -8.5875e-01
696 0 +2.515313362e+01 -5.959568664e+02 -5.959568664e+02 -1.0039e+00 +4.1559e+00 -6.6479e-01 -3.5506e+00 -9.1146e-01
784 0 +2.196569600e+01 -5.991443040e+02 -5.991443040e+02 -1.0012e+00 +4.1541e+00 -6.2411e-01 -3.5671e+00 -8.8561e-01
816 0 +1.014972286e+01 -6.109602771e+02 -6.109602771e+02 -1.0007e+00 +4.1423e+00 -5.8704e-01 -3.5775e+00 -8.6774e-01
842 0 +6.810313795e+00 -6.142996862e+02 -6.142996862e+02 -9.9945e-01 +4.1436e+00 -6.0157e-01 -3.5728e+00 -8.7470e-01
878 0 +5.870441061e+00 -6.152395589e+02 -6.152395589e+02 -9.9654e-01 +4.1382e+00 -5.6639e-01 -3.5797e+00 -8.5867e-01
884 0 +5.129646126e+00 -6.159803539e+02 -6.159803539e+02 -9.8397e-01 +4.1180e+00 -4.6011e-01 -3.6124e+00 -8.0128e-01
946 0 +3.536499665e+00 -6.175735003e+02 -6.175735003e+02 -9.7877e-01 +4.1135e+00 -4.4250e-01 -3.6171e+00 -7.9092e-01
968 0 +2.557480052e+00 -6.185525199e+02 -6.185525199e+02 -9.8909e-01 +4.1300e+00 -5.2407e-01 -3.5955e+00 -8.3398e-01
972 0 +9.976589999e-01 -6.201123410e+02 -6.201123410e+02 -9.9179e-01 +4.1336e+00 -5.3998e-01 -3.5901e+00 -8.4249e-01
1033 0 +7.201817335e-01 -6.203898183e+02 -6.203898183e+02 -9.7962e-01 +4.1151e+00 -4.4427e-01 -3.6181e+00 -7.9227e-01
1093 0 +6.597631695e-01 -6.204502368e+02 -6.204502368e+02 -9.8632e-01 +4.1250e+00 -4.9523e-01 -3.6029e+00 -8.1873e-01
1116 0 +5.926564373e-01 -6.205173436e+02 -6.205173436e+02 -9.8259e-01 +4.1200e+00 -4.6933e-01 -3.6105e+00 -8.0508e-01
1151 0 +5.886911002e-01 -6.205213089e+02 -6.205213089e+02 -9.7467e-01 +4.1080e+00 -4.0848e-01 -3.6281e+00 -7.7291e-01
1242 0 +5.398949674e-01 -6.205701050e+02 -6.205701050e+02 -9.7844e-01 +4.1136e+00 -4.3629e-01 -3.6203e+00 -7.8759e-01
% f evaluations | g evaluations | best noise-free fitness - Fopt (-2.548200000000e+02) + sum g_i+ | measured fitness | best measured fitness or single-digit g-values | x1 | x2...
1 0 +2.060599199e+08 +2.060596651e+08 +2.060596651e+08 +5.9671e-01 -3.8264e-02 +7.4769e-01 +1.6230e+00 -1.3415e-01
2 0 +1.513481424e+08 +1.513478876e+08 +1.513478876e+08 -1.3414e-01 +1.6792e+00 +8.6743e-01 -3.6947e-01 +6.4256e-01
3 0 +5.728677059e+07 +5.728651577e+07 +5.728651577e+07 -3.6342e-01 -3.6573e-01 +3.4196e-01 -1.8133e+00 -1.6249e+00
5 0 +5.675491743e+07 +5.675466261e+07 +5.675466261e+07 +1.5656e+00 -1.2578e-01 +1.6753e-01 -1.3247e+00 -4.4438e-01
9 0 +4.439723027e+07 +4.439697545e+07 +4.439697545e+07 +8.3847e-01 +2.7137e-01 -1.5648e-02 -2.0110e-01 -1.3785e+00
15 0 +2.433816084e+07 +2.433790602e+07 +2.433790602e+07 +4.6140e-01 +1.6380e+00 +6.4174e-02 +1.6646e+00 -2.5197e+00
26 0 +1.047699320e+07 +1.047673838e+07 +1.047673838e+07 +3.1079e+00 +9.7193e-01 -1.7342e+00 -1.4057e+00 -3.8682e+00
27 0 +2.238845307e+06 +2.238590487e+06 +2.238590487e+06 +1.2473e+00 +3.5273e+00 +5.8156e-02 +1.3822e+00 -4.5521e+00
57 0 +9.018959754e+05 +9.016411554e+05 +9.016411554e+05 +4.2187e+00 +3.9482e+00 +3.9767e-01 -7.2274e-01 -1.3929e+00
116 0 +6.728817517e+05 +6.726269317e+05 +6.726269317e+05 +3.2967e+00 +4.1735e+00 -1.4619e-01 -9.1270e-01 -1.7568e+00
129 0 +2.550211243e+05 +2.547663043e+05 +2.547663043e+05 +4.0552e+00 +3.7504e+00 -5.2914e-01 -9.7585e-01 -2.6956e+00
246 0 +1.997085425e+05 +1.994537225e+05 +1.994537225e+05 +3.6646e+00 +3.2988e+00 +1.1174e-01 -3.4552e-01 -3.1376e+00
251 0 +1.294972283e+05 +1.292424083e+05 +1.292424083e+05 +3.7450e+00 +3.9236e+00 -3.8949e-02 -1.3332e+00 -2.4527e+00
252 0 +2.668190291e+04 +2.642708291e+04 +2.642708291e+04 +3.7967e+00 +3.7936e+00 -1.3453e-01 -1.1135e+00 -2.5248e+00
359 0 +1.093939636e+04 +1.068457636e+04 +1.068457636e+04 +3.6781e+00 +3.7719e+00 -1.6967e-01 -8.4851e-01 -2.6260e+00
429 0 +8.862952499e+03 +8.608132499e+03 +8.608132499e+03 +3.7234e+00 +3.6848e+00 -3.3997e-04 -8.3225e-01 -2.6511e+00
438 0 +7.005678224e+03 +6.750858224e+03 +6.750858224e+03 +3.7502e+00 +3.7689e+00 -1.2763e-01 -8.5180e-01 -2.4954e+00
445 0 +3.890931811e+03 +3.636111811e+03 +3.636111811e+03 +3.5981e+00 +3.6163e+00 -4.3363e-02 -7.9971e-01 -2.7310e+00
464 0 +3.677889503e+03 +3.423069503e+03 +3.423069503e+03 +3.7853e+00 +3.7403e+00 -7.6160e-02 -9.1175e-01 -2.4456e+00
486 0 +2.884936669e+03 +2.630116669e+03 +2.630116669e+03 +3.8078e+00 +3.7894e+00 -1.4925e-01 -9.3014e-01 -2.3920e+00
492 0 +2.434841603e+03 +2.180021603e+03 +2.180021603e+03 +3.9132e+00 +3.8245e+00 -1.5340e-01 -1.1084e+00 -2.2738e+00
521 0 +1.920872181e+03 +1.666052181e+03 +1.666052181e+03 +3.7461e+00 +3.7730e+00 -1.3705e-01 -9.0553e-01 -2.4745e+00
551 0 +6.553742549e+02 +4.005542549e+02 +4.005542549e+02 +3.7793e+00 +3.7476e+00 -1.1026e-01 -9.6029e-01 -2.4681e+00
597 0 +3.884262807e+02 +1.336062807e+02 +1.336062807e+02 +3.7476e+00 +3.7592e+00 -1.2242e-01 -9.3985e-01 -2.5126e+00
606 0 +2.337459032e+02 -2.107409677e+01 -2.107409677e+01 +3.7474e+00 +3.7738e+00 -1.2431e-01 -9.4083e-01 -2.4934e+00
643 0 +1.292347883e+02 -1.255852117e+02 -1.255852117e+02 +3.8197e+00 +3.7836e+00 -1.4629e-01 -1.0069e+00 -2.3844e+00
654 0 +1.021086068e+02 -1.527113932e+02 -1.527113932e+02 +3.7371e+00 +3.7636e+00 -1.0667e-01 -9.3318e-01 -2.4972e+00
656 0 +6.734572108e+01 -1.874742789e+02 -1.874742789e+02 +3.7399e+00 +3.7612e+00 -1.2059e-01 -9.3430e-01 -2.4987e+00
688 0 +3.744027532e+01 -2.173797247e+02 -2.173797247e+02 +3.7892e+00 +3.7772e+00 -1.3443e-01 -9.7109e-01 -2.4234e+00
761 0 +2.867361421e+01 -2.261463858e+02 -2.261463858e+02 +3.7396e+00 +3.7575e+00 -1.1567e-01 -9.3645e-01 -2.5028e+00
763 0 +1.920440077e+01 -2.356155992e+02 -2.356155992e+02 +3.7346e+00 +3.7543e+00 -1.1625e-01 -9.3671e-01 -2.5031e+00
778 0 +1.076817647e+01 -2.440518235e+02 -2.440518235e+02 +3.7291e+00 +3.7522e+00 -1.0930e-01 -9.2818e-01 -2.5141e+00
804 0 +8.667601993e+00 -2.461523980e+02 -2.461523980e+02 +3.7585e+00 +3.7662e+00 -1.2405e-01 -9.5716e-01 -2.4659e+00
835 0 +3.611845982e+00 -2.512081540e+02 -2.512081540e+02 +3.7299e+00 +3.7552e+00 -1.1339e-01 -9.3400e-01 -2.5070e+00
836 0 +2.560964766e+00 -2.522590352e+02 -2.522590352e+02 +3.7189e+00 +3.7479e+00 -1.0750e-01 -9.2369e-01 -2.5242e+00
954 0 +1.274244775e+00 -2.535457552e+02 -2.535457552e+02 +3.7151e+00 +3.7471e+00 -1.0519e-01 -9.1859e-01 -2.5322e+00
991 0 +5.620878926e-01 -2.542579121e+02 -2.542579121e+02 +3.7345e+00 +3.7571e+00 -1.1325e-01 -9.3551e-01 -2.5014e+00
1017 0 +4.564694053e-01 -2.543635306e+02 -2.543635306e+02 +3.7330e+00 +3.7570e+00 -1.1299e-01 -9.3439e-01 -2.5035e+00
1042 0 +4.516566352e-01 -2.543683434e+02 -2.543683434e+02 +3.7392e+00 +3.7595e+00 -1.1571e-01 -9.3985e-01 -2.4944e+00
1085 0 +3.112652850e-01 -2.545087347e+02 -2.545087347e+02 +3.7375e+00 +3.7591e+00 -1.1413e-01 -9.3856e-01 -2.4971e+00
1113 0 +1.280009573e-01 -2.546919990e+02 -2.546919990e+02 +3.7326e+00 +3.7566e+00 -1.1258e-01 -9.3462e-01 -2.5047e+00
1169 0 +9.508847074e-02 -2.547249115e+02 -2.547249115e+02 +3.7276e+00 +3.7538e+00 -1.1062e-01 -9.3030e-01 -2.5122e+00
1217 0 +5.749183781e-02 -2.547625082e+02 -2.547625082e+02 +3.7302e+00 +3.7552e+00 -1.1156e-01 -9.3252e-01 -2.5078e+00
1229 0 +4.063653264e-02 -2.547793635e+02 -2.547793635e+02 +3.7276e+00 +3.7539e+00 -1.1065e-01 -9.3016e-01 -2.5117e+00
% f evaluations | g evaluations | best noise-free fitness - Fopt (5.661000000000e+01) + sum g_i+ | measured fitness | best measured fitness or single-digit g-values | x1 | x2...
1 0 +1.147509330e+08 +1.147509896e+08 +1.147509896e+08 +5.9671e-01 -3.8264e-02 +7.4769e-01 +1.6230e+00 -1.3415e-01
3 0 +1.092767143e+08 +1.092767709e+08 +1.092767709e+08 -3.6342e-01 -3.6573e-01 +3.4196e-01 -1.8133e+00 -1.6249e+00
4 0 +6.243383747e+07 +6.243389408e+07 +6.243389408e+07 -4.6229e-01 -9.1283e-01 +4.1425e-01 -8.0802e-01 -1.3123e+00
10 0 +5.821027387e+07 +5.821033048e+07 +5.821033048e+07 -6.1984e-01 -3.6064e-01 +1.1571e+00 +4.4362e-01 -1.6630e+00
23 0 +5.347471038e+07 +5.347476699e+07 +5.347476699e+07 -1.8188e+00 +7.3486e-02 +1.6023e-01 +2.5632e+00 -9.2361e-02
27 0 +2.947716325e+07 +2.947721986e+07 +2.947721986e+07 -1.4338e-01 -1.5343e+00 -1.0140e-01 +6.1704e-03 -3.7088e+00
32 0 +1.070697058e+07 +1.070702719e+07 +1.070702719e+07 -1.9733e+00 -1.3550e+00 -1.3700e+00 +7.6033e-01 -3.3177e+00
51 0 +2.042363135e+06 +2.042419745e+06 +2.042419745e+06 -4.8457e+00 +1.9774e-01 -2.6761e+00 -6.9619e-02 -4.6262e+00
152 0 +3.093238698e+05 +3.093804798e+05 +3.093804798e+05 -4.2278e+00 -1.0829e+00 -4.0920e+00 -1.5920e-01 -3.6861e+00
278 0 +2.705010427e+05 +2.705576527e+05 +2.705576527e+05 -3.5014e+00 -1.9951e+00 -3.7090e+00 +9.1410e-01 -2.6434e+00
289 0 +1.312678819e+05 +1.313244919e+05 +1.313244919e+05 -3.9684e+00 -1.6768e+00 -4.2297e+00 +7.3009e-01 -3.1451e+00
301 0 +7.317343136e+04 +7.323004136e+04 +7.323004136e+04 -2.7933e+00 -3.7608e+00 -3.9224e+00 +1.4720e+00 -1.7503e+00
322 0 +4.332995775e+04 +4.338656775e+04 +4.338656775e+04 -3.4121e+00 -3.1360e+00 -3.8110e+00 +9.3212e-01 -2.5795e+00
323 0 +4.093900071e+04 +4.099561071e+04 +4.099561071e+04 -3.1953e+00 -3.5114e+00 -3.9909e+00 +1.1860e+00 -2.2848e+00
334 0 +3.385860409e+04 +3.391521409e+04 +3.391521409e+04 -2.8065e+00 -3.6410e+00 -3.9508e+00 +1.2275e+00 -1.9800e+00
409 0 +3.174545273e+04 +3.180206273e+04 +3.180206273e+04 -3.1815e+00 -3.4472e+00 -3.8662e+00 +9.9755e-01 -2.3095e+00
437 0 +1.029405311e+04 +1.035066311e+04 +1.035066311e+04 -3.1462e+00 -3.3251e+00 -3.8276e+00 +1.0477e+00 -2.1592e+00
490 0 +9.068462870e+03 +9.125072870e+03 +9.125072870e+03 -3.6051e+00 -2.7236e+00 -3.8684e+00 +7.5969e-01 -2.5950e+00
491 0 +6.170687848e+03 +6.227297848e+03 +6.227297848e+03 -3.4367e+00 -2.8063e+00 -3.8909e+00 +8.6890e-01 -2.5254e+00
525 0 +5.195729017e+03 +5.252339017e+03 +5.252339017e+03 -3.3894e+00 -2.8729e+00 -3.9233e+00 +9.8758e-01 -2.5387e+00
535 0 +2.926688978e+03 +2.983298978e+03 +2.983298978e+03 -3.5387e+00 -2.7453e+00 -3.8622e+00 +8.2370e-01 -2.6032e+00
558 0 +1.476782318e+03 +1.533392318e+03 +1.533392318e+03 -3.4945e+00 -2.8040e+00 -3.9120e+00 +8.7682e-01 -2.5496e+00
576 0 +1.739442237e+02 +2.305542237e+02 +2.305542237e+02 -3.4863e+00 -2.8158e+00 -3.8980e+00 +9.0364e-01 -2.5626e+00
725 0 +1.578511012e+02 +2.144611012e+02 +2.144611012e+02 -3.4197e+00 -2.9584e+00 -3.9012e+00 +9.5710e-01 -2.4660e+00
759 0 +6.555329047e+01 +1.221632905e+02 +1.221632905e+02 -3.5164e+00 -2.7728e+00 -3.8920e+00 +8.9716e-01 -2.5861e+00
770 0 +5.841934976e+01 +1.150293498e+02 +1.150293498e+02 -3.4781e+00 -2.8419e+00 -3.8846e+00 +9.1991e-01 -2.5457e+00
784 0 +5.336830260e+01 +1.099783026e+02 +1.099783026e+02 -3.5632e+00 -2.7190e+00 -3.8830e+00 +8.7026e-01 -2.6233e+00
799 0 +2.735740628e+01 +8.396740628e+01 +8.396740628e+01 -3.5521e+00 -2.7277e+00 -3.8883e+00 +8.6932e-01 -2.6203e+00
810 0 +1.741197152e+01 +7.402197152e+01 +7.402197152e+01 -3.5892e+00 -2.6726e+00 -3.8856e+00 +8.4965e-01 -2.6549e+00
835 0 +1.333764101e+01 +6.994764101e+01 +6.994764101e+01 -3.5617e+00 -2.7170e+00 -3.8871e+00 +8.6621e-01 -2.6272e+00
886 0 +1.258931734e+01 +6.919931734e+01 +6.919931734e+01 -3.5719e+00 -2.7058e+00 -3.8893e+00 +8.6601e-01 -2.6351e+00
893 0 +5.906755410e+00 +6.251675541e+01 +6.251675541e+01 -3.5584e+00 -2.7252e+00 -3.8907e+00 +8.7053e-01 -2.6228e+00
928 0 +5.781832423e+00 +6.239183242e+01 +6.239183242e+01 -3.5641e+00 -2.7162e+00 -3.8900e+00 +8.6955e-01 -2.6285e+00
934 0 +3.094349319e+00 +5.970434932e+01 +5.970434932e+01 -3.5792e+00 -2.6890e+00 -3.8876e+00 +8.5894e-01 -2.6469e+00
977 0 +8.268688066e-01 +5.743686881e+01 +5.743686881e+01 -3.6059e+00 -2.6504e+00 -3.8858e+00 +8.4100e-01 -2.6736e+00
1030 0 +7.906853436e-01 +5.740068534e+01 +5.740068534e+01 -3.5950e+00 -2.6655e+00 -3.8875e+00 +8.4819e-01 -2.6642e+00
1139 0 +3.643537538e-01 +5.697435375e+01 +5.697435375e+01 -3.5936e+00 -2.6685e+00 -3.8877e+00 +8.4872e-01 -2.6618e+00
% f evaluations | g evaluations | best noise-free fitness - Fopt (-1.810000000000e+01) + sum g_i+ | measured fitness | best measured fitness or single-digit g-values | x1 | x2...
1 0 +2.041784572e+07 +2.041782762e+07 +2.041782762e+07 +5.9671e-01 -3.8264e-02 +7.4769e-01 +1.6230e+00 -1.3415e-01
27 0 +1.590272484e+07 +1.590270674e+07 +1.590270674e+07 +3.5202e-01 +2.4379e+00 +8.9455e-01 +1.6026e+00 -2.5099e-02
37 0 +1.101750599e+07 +1.101748789e+07 +1.101748789e+07 -7.1937e-01 +3.1994e+00 +3.3281e+00 +1.0125e+00 -1.1298e-01
43 0 +9.008710902e+06 +9.008692802e+06 +9.008692802e+06 -9.5866e-01 +1.1017e-01 +1.4460e+00 +1.6068e+00 +6.4369e-01
51 0 +5.076152991e+06 +5.076134891e+06 +5.076134891e+06 -7.9042e-01 +2.7189e+00 +3.5942e+00 +1.9382e+00 +2.8056e+00
62 0 +4.773505527e+06 +4.773487427e+06 +4.773487427e+06 +1.0276e+00 +2.0468e+00 +3.4367e+00 +3.6321e+00 +2.1116e+00
95 0 +4.177720451e+06 +4.177702351e+06 +4.177702351e+06 -1.5313e+00 +2.1484e+00 +3.0908e+00 +1.3945e+00 +1.1882e+00
98 0 +3.532850143e+06 +3.532832043e+06 +3.532832043e+06 -9.1423e-01 +2.5295e+00 +3.2579e+00 +3.9610e+00 +1.9716e+00
110 0 +1.718329644e+06 +1.718311544e+06 +1.718311544e+06 -1.8683e+00 +1.8935e+00 +4.0827e+00 +2.0647e+00 +2.3977e+00
133 0 +9.194990217e+05 +9.194809217e+05 +9.194809217e+05 -1.8100e+00 +5.6201e-01 +4.3875e+00 +1.8444e+00 +2.1356e+00
211 0 +5.129943976e+05 +5.129762976e+05 +5.129762976e+05 +2.2599e-01 +4.5277e-01 +2.6442e+00 +4.0366e+00 +2.4673e+00
236 0 +4.491477269e+05 +4.491296269e+05 +4.491296269e+05 +2.2580e-02 +6.8632e-01 +3.0618e+00 +3.3702e+00 +2.2523e+00
250 0 +7.856295228e+04 +7.854485228e+04 +7.854485228e+04 -1.1638e-01 +2.4841e-01 +2.0621e+00 +3.9841e+00 +2.1832e+00
338 0 +7.239455495e+04 +7.237645495e+04 +7.237645495e+04 -6.2818e-01 +9.2088e-01 +2.8447e+00 +3.5684e+00 +1.9390e+00
362 0 +3.576767072e+04 +3.574957072e+04 +3.574957072e+04 -2.8877e-01 +5.4683e-01 +2.4728e+00 +3.7934e+00 +2.0494e+00
376 0 +1.130259800e+04 +1.128449800e+04 +1.128449800e+04 -4.5549e-01 +7.2169e-01 +2.6052e+00 +3.5945e+00 +2.1028e+00
419 0 +3.163805852e+03 +3.145705852e+03 +3.145705852e+03 -5.5831e-01 +7.4243e-01 +2.8286e+00 +3.4666e+00 +2.0975e+00
488 0 +1.454510195e+03 +1.436410195e+03 +1.436410195e+03 -4.7912e-01 +6.5595e-01 +2.6532e+00 +3.6146e+00 +2.1256e+00
527 0 +1.096205536e+03 +1.078105536e+03 +1.078105536e+03 -4.0597e-01 +5.8087e-01 +2.4243e+00 +3.7750e+00 +2.2049e+00
571 0 +6.567837516e+02 +6.386837516e+02 +6.386837516e+02 -4.4284e-01 +6.0302e-01 +2.5370e+00 +3.6540e+00 +2.1795e+00
606 0 +5.811916030e+02 +5.630916030e+02 +5.630916030e+02 -4.9261e-01 +6.2211e-01 +2.6092e+00 +3.5960e+00 +2.1650e+00
609 0 +4.086338363e+02 +3.905338363e+02 +3.905338363e+02 -4.7393e-01 +6.4101e-01 +2.5547e+00 +3.6427e+00 +2.1655e+00
613 0 +3.486620615e+02 +3.305620615e+02 +3.305620615e+02 -4.7071e-01 +6.1131e-01 +2.5754e+00 +3.6515e+00 +2.1684e+00
647 0 +1.922690882e+02 +1.741690882e+02 +1.741690882e+02 -4.6105e-01 +6.1011e-01 +2.5430e+00 +3.6589e+00 +2.1510e+00
662 0 +1.015280974e+02 +8.342809736e+01 +8.342809736e+01 -5.5548e-01 +6.8694e-01 +2.7657e+00 +3.5304e+00 +2.1325e+00
754 0 +8.968335423e+01 +7.158335423e+01 +7.158335423e+01 -5.5056e-01 +6.7281e-01 +2.7537e+00 +3.5257e+00 +2.1220e+00
851 0 +5.584389562e+01 +3.774389562e+01 +3.774389562e+01 -5.0733e-01 +6.3648e-01 +2.6397e+00 +3.6048e+00 +2.1459e+00
867 0 +3.724253531e+01 +1.914253531e+01 +1.914253531e+01 -5.1608e-01 +6.4825e-01 +2.6574e+00 +3.5917e+00 +2.1494e+00
887 0 +7.391382036e+00 -1.070861796e+01 -1.070861796e+01 -5.5935e-01 +6.7717e-01 +2.7570e+00 +3.5304e+00 +2.1254e+00
999 0 +5.337243837e+00 -1.276275616e+01 -1.276275616e+01 -5.6488e-01 +6.8287e-01 +2.7738e+00 +3.5209e+00 +2.1249e+00
1003 0 +4.999366887e+00 -1.310063311e+01 -1.310063311e+01 -5.6331e-01 +6.8181e-01 +2.7695e+00 +3.5223e+00 +2.1224e+00
1012 0 +4.268919073e+00 -1.383108093e+01 -1.383108093e+01 -5.6708e-01 +6.8411e-01 +2.7808e+00 +3.5172e+00 +2.1196e+00
1019 0 +3.378717924e+00 -1.472128208e+01 -1.472128208e+01 -5.5845e-01 +6.7836e-01 +2.7618e+00 +3.5271e+00 +2.1245e+00
1027 0 +2.644374261e+00 -1.545562574e+01 -1.545562574e+01 -5.3972e-01 +6.6514e-01 +2.7139e+00 +3.5584e+00 +2.1318e+00
1038 0 +2.604176388e+00 -1.549582361e+01 -1.549582361e+01 -5.5103e-01 +6.7366e-01 +2.7400e+00 +3.5399e+00 +2.1276e+00
1040 0 +2.551136541e+00 -1.554886346e+01 -1.554886346e+01 -5.5509e-01 +6.7502e-01 +2.7513e+00 +3.5350e+00 +2.1263e+00
1042 0 +1.545168820e+00 -1.655483118e+01 -1.655483118e+01 -5.5370e-01 +6.7512e-01 +2.7494e+00 +3.5347e+00 +2.1271e+00
1055 0 +5.866579433e-01 -1.751334206e+01 -1.751334206e+01 -5.4065e-01 +6.6583e-01 +2.7174e+00 +3.5546e+00 +2.1324e+00
1094 0 +3.560328836e-01 -1.774396712e+01 -1.774396712e+01 -5.5869e-01 +6.7937e-01 +2.7626e+00 +3.5290e+00 +2.1242e+00
1104 0 +2.735536314e-01 -1.782644637e+01 -1.782644637e+01 -5.5195e-01 +6.7489e-01 +2.7451e+00 +3.5388e+00 +2.1277e+00
1164 0 +5.929643445e-02 -1.804070357e+01 -1.804070357e+01 -5.5787e-01 +6.7899e-01 +2.7601e+00 +3.5296e+00 +2.1249e+00
1225 0 +5.566406668e-02 -1.804433593e+01 -1.804433593e+01 -5.5705e-01 +6.7854e-01 +2.7580e+00 +3.5310e+00 +2.1255e+00
% f evaluations | g evaluations | best noise-free fitness - Fopt (3.777000000000e+01) + sum g_i+ | measured fitness | best measured fitness or single-digit g-values | x1 | x2...
1 0 +1.208049187e+07 +1.208052964e+07 +1.208052964e+07 +5.9671e-01 -3.8264e-02 +7.4769e-01 +1.6230e+00 -1.3415e-01
2 0 +3.076996096e+05 +3.077373796e+05 +3.077373796e+05 -1.3414e-01 +1.6792e+00 +8.6743e-01 -3.6947e-01 +6.4256e-01
90 0 +2.961213234e+05 +2.961590934e+05 +2.961590934e+05 +2.0529e-01 +1.2799e+00 +2.0011e+00 -1.7461e+00 +4.4351e-01
116 0 +1.987932397e+05 +1.988310097e+05 +1.988310097e+05 +5.2730e-01 +1.9582e+00 +2.7327e+00 -1.6638e+00 -2.2431e-03
170 0 +1.470593069e+05 +1.470970769e+05 +1.470970769e+05 -5.5500e-01 +2.1716e+00 +1.4352e+00 -5.1336e-01 +7.7989e-01
172 0 +4.673286759e+04 +4.677063759e+04 +4.677063759e+04 +7.9014e-01 +1.6415e+00 +2.6305e+00 -1.8639e+00 -1.2484e-01
180 0 +7.191850335e+03 +7.229620335e+03 +7.229620335e+03 -3.5078e-01 +1.9298e+00 +1.3571e+00 -6.2607e-01 +8.3905e-01
387 0 +5.989113029e+03 +6.026883029e+03 +6.026883029e+03 -2.8440e-01 +1.8674e+00 +1.3817e+00 -6.2400e-01 +7.0631e-01
435 0 +5.662625816e+03 +5.700395816e+03 +5.700395816e+03 -1.9320e-01 +1.7748e+00 +1.4732e+00 -7.7231e-01 +7.0951e-01
438 0 +4.510457859e+03 +4.548227859e+03 +4.548227859e+03 -3.7570e-01 +1.8884e+00 +1.2162e+00 -3.9005e-01 +8.7026e-01
442 0 +4.241887779e+03 +4.279657779e+03 +4.279657779e+03 -2.8326e-01 +1.8288e+00 +1.3162e+00 -6.1079e-01 +7.8687e-01
448 0 +1.356102861e+03 +1.393872861e+03 +1.393872861e+03 -3.1109e-01 +1.8956e+00 +1.3282e+00 -5.9696e-01 +7.8886e-01
459 0 +6.323660847e+02 +6.701360847e+02 +6.701360847e+02 +5.2019e-02 +1.7747e+00 +1.7899e+00 -1.0441e+00 +5.6216e-01
532 0 +4.986199735e+02 +5.363899735e+02 +5.363899735e+02 -1.6098e-01 +1.8327e+00 +1.5159e+00 -7.8564e-01 +6.8770e-01
579 0 +3.331249378e+02 +3.708949378e+02 +3.708949378e+02 -3.6026e-02 +1.7898e+00 +1.6822e+00 -9.5385e-01 +6.0377e-01
634 0 +2.512368914e+02 +2.890068914e+02 +2.890068914e+02 -1.5780e-01 +1.8412e+00 +1.5391e+00 -8.0507e-01 +6.8516e-01
654 0 +2.099829730e+02 +2.477529730e+02 +2.477529730e+02 -9.9730e-02 +1.8104e+00 +1.6188e+00 -8.8078e-01 +6.3661e-01
657 0 +1.307223389e+02 +1.684923389e+02 +1.684923389e+02 -2.9521e-02 +1.8110e+00 +1.6998e+00 -9.6150e-01 +5.9954e-01
675 0 +1.268920441e+02 +1.646620441e+02 +1.646620441e+02 +1.5850e-02 +1.7895e+00 +1.7596e+00 -1.0296e+00 +5.5341e-01
712 0 +9.440160425e+01 +1.321716042e+02 +1.321716042e+02 +2.7624e-03 +1.7919e+00 +1.7462e+00 -1.0071e+00 +5.6501e-01
716 0 +8.986460600e+01 +1.276346060e+02 +1.276346060e+02 +7.2757e-02 +1.7663e+00 +1.8498e+00 -1.1105e+00 +5.2069e-01
717 0 +6.127811913e+01 +9.904811913e+01 +9.904811913e+01 -3.6431e-03 +1.7855e+00 +1.7453e+00 -1.0089e+00 +5.7197e-01
753 0 +5.584148215e+01 +9.361148215e+01 +9.361148215e+01 +1.0106e-01 +1.7617e+00 +1.8749e+00 -1.1555e+00 +4.9611e-01
766 0 +2.742650690e+01 +6.519650690e+01 +6.519650690e+01 +8.4703e-02 +1.7649e+00 +1.8607e+00 -1.1295e+00 +5.0904e-01
838 0 +2.010052396e+01 +5.787052396e+01 +5.787052396e+01 +3.4845e-02 +1.7788e+00 +1.7947e+00 -1.0596e+00 +5.4754e-01
843 0 +1.309493230e+01 +5.086493230e+01 +5.086493230e+01 -5.6887e-02 +1.8065e+00 +1.6737e+00 -9.3386e-01 +6.1574e-01
865 0 +8.324219099e+00 +4.609421910e+01 +4.609421910e+01 -3.7235e-02 +1.8010e+00 +1.7007e+00 -9.6004e-01 +6.0146e-01
885 0 +6.717302480e+00 +4.448730248e+01 +4.448730248e+01 -4.3797e-02 +1.8035e+00 +1.6901e+00 -9.4734e-01 +6.1036e-01
940 0 +6.065615720e+00 +4.383561572e+01 +4.383561572e+01 -5.3027e-02 +1.8070e+00 +1.6787e+00 -9.3462e-01 +6.1697e-01
1056 0 +5.752432271e+00 +4.352243227e+01 +4.352243227e+01 +9.9329e-03 +1.7886e+00 +1.7596e+00 -1.0234e+00 +5.6651e-01
1066 0 +4.910475090e+00 +4.268047509e+01 +4.268047509e+01 -3.4958e-02 +1.8016e+00 +1.7021e+00 -9.6063e-01 +6.0203e-01
1078 0 +4.783915495e+00 +4.255391549e+01 +4.255391549e+01 -8.0615e-02 +1.8142e+00 +1.6426e+00 -8.9795e-01 +6.3673e-01
1128 0 +4.727829243e+00 +4.249782924e+01 +4.249782924e+01 -3.8877e-02 +1.8027e+00 +1.6962e+00 -9.5491e-01 +6.0477e-01
1129 0 +4.690969384e+00 +4.246096938e+01 +4.246096938e+01 -6.1872e-02 +1.8094e+00 +1.6663e+00 -9.2304e-01 +6.2329e-01
1133 0 +4.453927890e+00 +4.222392789e+01 +4.222392789e+01 -8.7229e-02 +1.8162e+00 +1.6329e+00 -8.8714e-01 +6.4320e-01
1161 0 +4.371373110e+00 +4.214137311e+01 +4.214137311e+01 -1.0609e-01 +1.8210e+00 +1.6100e+00 -8.6279e-01 +6.5696e-01
1163 0 +4.358783315e+00 +4.212878332e+01 +4.212878332e+01 -1.0013e-01 +1.8198e+00 +1.6166e+00 -8.6960e-01 +6.5274e-01
1182 0 +4.082043049e+00 +4.185204305e+01 +4.185204305e+01 -1.3498e-01 +1.8292e+00 +1.5722e+00 -8.2261e-01 +6.7970e-01
1194 0 +3.796548599e+00 +4.156654860e+01 +4.156654860e+01 -1.6847e-01 +1.8380e+00 +1.5277e+00 -7.7493e-01 +7.0610e-01
1217 0 +3.159318052e+00 +4.092931805e+01 +4.092931805e+01 -2.4569e-01 +1.8590e+00 +1.4281e+00 -6.6861e-01 +7.6680e-01
1241 0 +2.184829371e+00 +3.995482937e+01 +3.995482937e+01 -4.2712e-01 +1.9085e+00 +1.1929e+00 -4.1999e-01 +9.0733e-01
% f evaluations | g evaluations | best noise-free fitness - Fopt (-6.325500000000e+02) + sum g_i+ | measured fitness | best measured fitness or single-digit g-values | x1 | x2...
1 0 +3.449806724e+06 +3.449174174e+06 +3.449174174e+06 +5.9671e-01 -3.8264e-02 +7.4769e-01 +1.6230e+00 -1.3415e-01
14 0 +3.081933014e+06 +3.081300464e+06 +3.081300464e+06 +1.4562e+00 +2.7990e-02 +1.1035e+00 +4.6164e-01 -5.4512e-01
28 0 +7.470226081e+05 +7.463900581e+05 +7.463900581e+05 +1.3024e+00 +6.1513e-01 +3.0863e+00 +4.1412e-01 -7.9955e-01
68 0 +3.048303890e+05 +3.041978390e+05 +3.041978390e+05 +1.9939e-01 +4.6545e-01 +1.7806e+00 +1.3034e+00 -1.2777e+00
153 0 +2.325446677e+05 +2.319121177e+05 +2.319121177e+05 +1.4580e+00 +1.0698e+00 +2.0248e+00 +7.9913e-01 -9.1986e-01
184 0 +8.344118091e+04 +8.280863091e+04 +8.280863091e+04 +1.1788e+00 +8.2434e-01 +2.1232e+00 +1.3510e+00 -9.6841e-01
255 0 +6.342206476e+04 +6.278951476e+04 +6.278951476e+04 -5.4629e-02 +5.7953e-01 +2.2053e+00 +1.9079e+00 -1.3388e+00
261 0 +5.405851135e+04 +5.342596135e+04 +5.342596135e+04 +4.5007e-02 +2.9368e-01 +2.0738e+00 +1.6186e+00 -1.2333e+00
323 0 +4.566034681e+04 +4.502779681e+04 +4.502779681e+04 +8.1712e-01 +5.5266e-01 +2.1766e+00 +1.4366e+00 -1.1600e+00
328 0 +3.595651108e+04 +3.532396108e+04 +3.532396108e+04 +9.9877e-01 +8.5940e-01 +2.4273e+00 +1.4481e+00 -1.1487e+00
343 0 +1.496232102e+04 +1.432977102e+04 +1.432977102e+04 +1.2613e+00 +9.2515e-01 +2.3400e+00 +1.0847e+00 -9.1329e-01
375 0 +1.009457968e+04 +9.462029681e+03 +9.462029681e+03 +1.4094e+00 +1.0083e+00 +2.4343e+00 +9.3565e-01 -9.6190e-01
446 0 +9.061177678e+03 +8.428627678e+03 +8.428627678e+03 +6.3898e-01 +6.9775e-01 +2.2989e+00 +1.4884e+00 -9.9808e-01
461 0 +3.721143283e+03 +3.088593283e+03 +3.088593283e+03 +2.4836e-01 +4.6515e-01 +2.1470e+00 +1.6934e+00 -1.2614e+00
544 0 +4.547584296e+02 -1.777915704e+02 -1.777915704e+02 +1.1295e+00 +8.8964e-01 +2.4085e+00 +1.1728e+00 -9.7753e-01
574 0 +1.281502165e+02 -5.043997835e+02 -5.043997835e+02 +1.1823e+00 +8.9264e-01 +2.4352e+00 +1.1409e+00 -9.7088e-01
706 0 +1.016460327e+02 -5.309039673e+02 -5.309039673e+02 +1.1830e+00 +9.1055e-01 +2.4426e+00 +1.1449e+00 -9.7022e-01
712 0 +8.729692055e+01 -5.452530794e+02 -5.452530794e+02 +1.2240e+00 +9.1411e-01 +2.4614e+00 +1.1239e+00 -9.6752e-01
722 0 +7.276465123e+01 -5.597853488e+02 -5.597853488e+02 +1.3009e+00 +9.5414e-01 +2.4818e+00 +1.0777e+00 -9.4543e-01
733 0 +5.453170657e+01 -5.780182934e+02 -5.780182934e+02 +1.1350e+00 +8.8755e-01 +2.4341e+00 +1.1697e+00 -9.8527e-01
756 0 +5.429256232e+01 -5.782574377e+02 -5.782574377e+02 +1.0547e+00 +8.4435e-01 +2.4024e+00 +1.2131e+00 -1.0046e+00
770 0 +3.833713823e+01 -5.942128618e+02 -5.942128618e+02 +1.1981e+00 +9.0474e-01 +2.4444e+00 +1.1273e+00 -9.7105e-01
785 0 +2.786671739e+01 -6.046832826e+02 -6.046832826e+02 +1.0392e+00 +8.3796e-01 +2.3932e+00 +1.2243e+00 -1.0024e+00
820 0 +2.101995725e+01 -6.115300427e+02 -6.115300427e+02 +1.1770e+00 +8.9951e-01 +2.4463e+00 +1.1387e+00 -9.7180e-01
821 0 +1.973694014e+01 -6.128130599e+02 -6.128130599e+02 +1.1834e+00 +9.0480e-01 +2.4490e+00 +1.1372e+00 -9.7420e-01
843 0 +1.857889602e+01 -6.139711040e+02 -6.139711040e+02 +1.1163e+00 +8.7038e-01 +2.4245e+00 +1.1789e+00 -9.8713e-01
852 0 +9.809336070e+00 -6.227406639e+02 -6.227406639e+02 +1.0683e+00 +8.5600e-01 +2.4074e+00 +1.2013e+00 -9.9615e-01
894 0 +4.146756659e+00 -6.284032433e+02 -6.284032433e+02 +1.0542e+00 +8.4665e-01 +2.4031e+00 +1.2127e+00 -9.9929e-01
933 0 +2.316764086e+00 -6.302332359e+02 -6.302332359e+02 +1.1001e+00 +8.6819e-01 +2.4194e+00 +1.1853e+00 -9.8793e-01
951 0 +1.539343870e+00 -6.310106561e+02 -6.310106561e+02 +1.0198e+00 +8.3369e-01 +2.3931e+00 +1.2311e+00 -1.0042e+00
957 0 +7.272857194e-01 -6.318227143e+02 -6.318227143e+02 +1.0913e+00 +8.6365e-01 +2.4158e+00 +1.1911e+00 -9.9071e-01
1061 0 +4.723881498e-01 -6.320776119e+02 -6.320776119e+02 +1.0958e+00 +8.6601e-01 +2.4168e+00 +1.1885e+00 -9.8980e-01
1085 0 +4.175123522e-01 -6.321324876e+02 -6.321324876e+02 +1.0358e+00 +8.4026e-01 +2.3977e+00 +1.2234e+00 -1.0011e+00
1190 0 +4.039786540e-01 -6.321460213e+02 -6.321460213e+02 +1.0276e+00 +8.3652e-01 +2.3950e+00 +1.2287e+00 -1.0030e+00
1193 0 +3.902733469e-01 -6.321597267e+02 -6.321597267e+02 +1.0291e+00 +8.3731e-01 +2.3955e+00 +1.2277e+00 -1.0025e+00
1206 0 +3.655325655e-01 -6.321844674e+02 -6.321844674e+02 +1.0278e+00 +8.3678e-01 +2.3949e+00 +1.2283e+00 -1.0028e+00
1243 0 +3.641173516e-01 -6.321858826e+02 -6.321858826e+02 +1.0020e+00 +8.2562e-01 +2.3867e+00 +1.2427e+00 -1.0079e+00
% f evaluations | g evaluations | best noise-free fitness - Fopt (-8.530000000000e+01) + sum g_i+ | measured fitness | best measured fitness or single-digit g-values | x1 | x2...
1 0 +9.502920757e+06 +9.502835457e+06 +9.502835457e+06 +5.9671e-01 -3.8264e-02 +7.4769e-01 +1.6230e+00 -1.3415e-01
4 0 +8.450441538e+06 +8.450356238e+06 +8.450356238e+06 -4.6229e-01 -9.1283e-01 +4.1425e-01 -8.0802e-01 -1.3123e+00
6 0 +6.277541779e+06 +6.277456479e+06 +6.277456479e+06 +2.1092e-01 -1.0510e+00 +4.7570e-01 -5.0064e-01 -1.9169e-01
17 0 +3.830826524e+06 +3.830741224e+06 +3.830741224e+06 -1.1967e-01 +4.5711e-01 +1.5779e+00 -4.1827e-01 -7.0849e-01
29 0 +2.129492324e+06 +2.129407024e+06 +2.129407024e+06 -5.0030e-01 -4.6760e-01 +2.9672e+00 -1.8792e+00 +3.1358e-01
42 0 +1.005399160e+05 +1.004546160e+05 +1.004546160e+05 -9.5926e-01 -7.8209e-02 +2.3497e+00 -1.0770e+00 +5.7457e-01
280 0 +5.893358228e+04 +5.884828228e+04 +5.884828228e+04 -1.3690e+00 +4.3994e-01 +2.3142e+00 -1.1316e+00 +6.7684e-01
310 0 +5.143576305e+04 +5.135046305e+04 +5.135046305e+04 -6.6794e-01 -2.6257e-01 +2.4372e+00 -2.2653e-01 +4.1542e-01
325 0 +4.241551057e+04 +4.233021057e+04 +4.233021057e+04 -9.7564e-01 -2.1590e-02 +2.2969e+00 -6.6593e-01 +4.3859e-01
345 0 +3.951809802e+04 +3.943279802e+04 +3.943279802e+04 -1.1952e+00 +1.9651e-01 +2.3348e+00 -7.3397e-01 +7.4757e-01
365 0 +2.905615556e+04 +2.897085556e+04 +2.897085556e+04 -6.5960e-01 -3.0179e-01 +2.6576e+00 -1.5322e-01 +3.6543e-01
377 0 +1.744314262e+04 +1.735784262e+04 +1.735784262e+04 -1.0126e+00 -1.2172e-01 +2.4947e+00 -7.5966e-01 +4.7555e-01
396 0 +1.044008591e+04 +1.035478591e+04 +1.035478591e+04 -8.8363e-01 -2.9325e-01 +2.4480e+00 -4.4629e-01 +4.8277e-01
451 0 +3.661057626e+03 +3.575757626e+03 +3.575757626e+03 -1.1962e+00 +1.6910e-01 +2.3022e+00 -9.4175e-01 +7.6138e-01
465 0 +2.879886137e+03 +2.794586137e+03 +2.794586137e+03 -1.0086e+00 -7.2243e-02 +2.4007e+00 -6.7113e-01 +6.5432e-01
467 0 +2.133814446e+03 +2.048514446e+03 +2.048514446e+03 -1.1024e+00 -1.7274e-02 +2.3553e+00 -7.7436e-01 +6.3880e-01
504 0 +1.557514489e+03 +1.472214489e+03 +1.472214489e+03 -1.0868e+00 -6.0350e-02 +2.4084e+00 -7.8401e-01 +6.1328e-01
514 0 +7.676897260e+02 +6.823897260e+02 +6.823897260e+02 -1.1259e+00 -3.7566e-03 +2.3821e+00 -8.0037e-01 +6.5529e-01
536 0 +5.100197634e+02 +4.247197634e+02 +4.247197634e+02 -1.0689e+00 -5.9189e-02 +2.4002e+00 -7.8007e-01 +6.5323e-01
599 0 +4.261697660e+02 +3.408697660e+02 +3.408697660e+02 -1.0621e+00 -8.3738e-02 +2.4439e+00 -7.2748e-01 +6.2354e-01
606 0 +3.383312709e+02 +2.530312709e+02 +2.530312709e+02 -1.0720e+00 -5.1748e-03 +2.3926e+00 -7.9063e-01 +6.5955e-01
638 0 +1.146983881e+02 +2.939838807e+01 +2.939838807e+01 -1.0812e+00 -1.8272e-02 +2.3952e+00 -7.9260e-01 +6.6872e-01
639 0 +7.957132294e+01 -5.728677063e+00 -5.728677063e+00 -1.0586e+00 -4.9681e-02 +2.4194e+00 -7.4194e-01 +6.3249e-01
722 0 +3.404846655e+01 -5.125153345e+01 -5.125153345e+01 -1.0840e+00 -3.6694e-02 +2.4009e+00 -7.7666e-01 +6.5704e-01
760 0 +2.108411615e+01 -6.421588385e+01 -6.421588385e+01 -1.0967e+00 -9.9426e-03 +2.3897e+00 -8.0752e-01 +6.6756e-01
761 0 +1.480555755e+01 -7.049444245e+01 -7.049444245e+01 -1.1075e+00 -5.5920e-03 +2.3809e+00 -8.1588e-01 +6.7440e-01
771 0 +3.801432982e+00 -8.149856702e+01 -8.149856702e+01 -1.0708e+00 -3.9172e-02 +2.4072e+00 -7.6597e-01 +6.4883e-01
844 0 +2.912904785e+00 -8.238709521e+01 -8.238709521e+01 -1.0924e+00 -1.7491e-02 +2.3899e+00 -7.9543e-01 +6.6106e-01
849 0 +2.223847238e+00 -8.307615276e+01 -8.307615276e+01 -1.0895e+00 -1.7984e-02 +2.3927e+00 -7.9370e-01 +6.6113e-01
916 0 +4.594944811e-01 -8.484050552e+01 -8.484050552e+01 -1.0881e+00 -2.1275e-02 +2.3939e+00 -7.9040e-01 +6.5996e-01
926 0 +3.615468556e-01 -8.493845314e+01 -8.493845314e+01 -1.0900e+00 -1.9672e-02 +2.3921e+00 -7.9274e-01 +6.6133e-01
985 0 +3.570683899e-01 -8.494293161e+01 -8.494293161e+01 -1.0899e+00 -1.9369e-02 +2.3920e+00 -7.9325e-01 +6.6089e-01
988 0 +3.154494147e-01 -8.498455059e+01 -8.498455059e+01 -1.0856e+00 -2.4855e-02 +2.3954e+00 -7.8680e-01 +6.5816e-01
1047 0 +2.983360209e-01 -8.500166398e+01 -8.500166398e+01 -1.0879e+00 -2.1956e-02 +2.3939e+00 -7.8989e-01 +6.5939e-01
1053 0 +2.868134388e-01 -8.501318656e+01 -8.501318656e+01 -1.0842e+00 -2.5990e-02 +2.3964e+00 -7.8482e-01 +6.5724e-01
1054 0 +2.532870139e-01 -8.504671299e+01 -8.504671299e+01 -1.0815e+00 -2.9409e-02 +2.3987e+00 -7.8064e-01 +6.5540e-01
1108 0 +2.450312102e-01 -8.505496879e+01 -8.505496879e+01 -1.0881e+00 -2.1989e-02 +2.3938e+00 -7.9013e-01 +6.5970e-01
1159 0 +2.426189993e-01 -8.505738100e+01 -8.505738100e+01 -1.0871e+00 -2.2934e-02 +2.3945e+00 -7.8887e-01 +6.5906e-01
% f evaluations | g evaluations | best noise-free fitness - Fopt (1.719500000000e+02) + sum g_i+ | measured fitness | best measured fitness or single-digit g-values | x1 | x2...
1 0 +3.973932257e+07 +3.973949452e+07 +3.973949452e+07 +5.9671e-01 -3.8264e-02 +7.4769e-01 +1.6230e+00 -1.3415e-01
2 0 +1.602347691e+07 +1.602364886e+07 +1.602364886e+07 -1.3414e-01 +1.6792e+00 +8.6743e-01 -3.6947e-01 +6.4256e-01
7 0 +8.644081796e+06 +8.644253746e+06 +8.644253746e+06 -5.0171e-01 +1.9523e+00 +8.6503e-02 -9.5771e-01 +9.2254e-01
27 0 +8.259993716e+06 +8.260165666e+06 +8.260165666e+06 -9.4191e-01 +2.4244e+00 +4.8178e-01 -1.8447e+00 -2.7314e-02
30 0 +7.599643523e+06 +7.599815473e+06 +7.599815473e+06 +1.0749e+00 +3.1860e+00 -4.2144e-01 -7.3016e-01 +2.1988e+00
46 0 +6.592931572e+05 +6.594651072e+05 +6.594651072e+05 +1.2686e+00 +3.5228e+00 -1.3879e+00 -2.6977e+00 +1.1887e-01
71 0 +6.280909549e+05 +6.282629049e+05 +6.282629049e+05 +1.8934e+00 +3.1327e+00 -1.4742e+00 -2.6698e+00 +3.0739e-01
165 0 +3.843436192e+05 +3.845155692e+05 +3.845155692e+05 +1.0970e+00 +3.1535e+00 -2.0299e+00 -2.3291e+00 +5.6635e-01
281 0 +2.585721525e+05 +2.587441025e+05 +2.587441025e+05 +2.2735e+00 +3.5692e+00 -2.2130e+00 -2.2383e+00 +1.9485e-01
299 0 +1.535480341e+05 +1.537199841e+05 +1.537199841e+05 +1.6187e+00 +3.5037e+00 -1.9831e+00 -2.3618e+00 +4.0601e-01
309 0 +1.466360390e+05 +1.468079890e+05 +1.468079890e+05 +2.5793e+00 +3.4670e+00 -2.1965e+00 -2.6133e+00 -9.2094e-02
313 0 +1.089853439e+05 +1.091572939e+05 +1.091572939e+05 +2.9015e+00 +3.3958e+00 -2.1239e+00 -2.3886e+00 +3.1964e-01
316 0 +6.615073547e+04 +6.632268547e+04 +6.632268547e+04 +2.6224e+00 +3.4862e+00 -2.1015e+00 -2.4875e+00 +2.9378e-01
346 0 +5.366733024e+04 +5.383928024e+04 +5.383928024e+04 +2.6440e+00 +3.4093e+00 -2.4496e+00 -2.6569e+00 +1.2017e-01
393 0 +5.180236182e+04 +5.197431182e+04 +5.197431182e+04 +2.5312e+00 +3.5269e+00 -2.3307e+00 -2.5005e+00 +2.6411e-01
404 0 +2.307092341e+04 +2.324287341e+04 +2.324287341e+04 +2.0598e+00 +3.6301e+00 -2.2352e+00 -2.6702e+00 +3.6716e-01
425 0 +1.378093391e+04 +1.395288391e+04 +1.395288391e+04 +2.9692e+00 +3.5537e+00 -2.2923e+00 -2.6415e+00 +2.1930e-01
455 0 +1.018207440e+04 +1.035402440e+04 +1.035402440e+04 +3.4691e+00 +3.4746e+00 -2.3790e+00 -2.7102e+00 +3.0617e-02
466 0 +8.145918332e+03 +8.317868332e+03 +8.317868332e+03 +2.4333e+00 +3.4969e+00 -2.2001e+00 -2.7455e+00 +3.9806e-01
486 0 +4.760200634e+03 +4.932150634e+03 +4.932150634e+03 +2.8458e+00 +3.4577e+00 -2.3653e+00 -2.7318e+00 +1.9497e-01
517 0 +4.280681614e+03 +4.452631614e+03 +4.452631614e+03 +2.6727e+00 +3.4442e+00 -2.2226e+00 -2.7280e+00 +2.6735e-01
545 0 +2.590282776e+03 +2.762232776e+03 +2.762232776e+03 +2.9778e+00 +3.4767e+00 -2.3310e+00 -2.6485e+00 +1.9911e-01
576 0 +2.490129983e+03 +2.662079983e+03 +2.662079983e+03 +2.6591e+00 +3.4462e+00 -2.2658e+00 -2.7344e+00 +2.6714e-01
583 0 +2.419806859e+03 +2.591756859e+03 +2.591756859e+03 +2.9301e+00 +3.4163e+00 -2.3156e+00 -2.7224e+00 +1.7492e-01
599 0 +1.422703001e+02 +3.142203001e+02 +3.142203001e+02 +2.6340e+00 +3.4746e+00 -2.2561e+00 -2.6983e+00 +2.8570e-01
736 0 +4.787880545e+01 +2.198288054e+02 +2.198288054e+02 +2.7698e+00 +3.4621e+00 -2.2879e+00 -2.6902e+00 +2.3474e-01
776 0 +1.594183041e+01 +1.878918304e+02 +1.878918304e+02 +2.7531e+00 +3.4648e+00 -2.2886e+00 -2.6935e+00 +2.4626e-01
815 0 +9.374484573e+00 +1.813244846e+02 +1.813244846e+02 +2.8128e+00 +3.4592e+00 -2.3009e+00 -2.6952e+00 +2.2606e-01
836 0 +8.347358664e+00 +1.802973587e+02 +1.802973587e+02 +2.7774e+00 +3.4611e+00 -2.2919e+00 -2.6941e+00 +2.3387e-01
862 0 +7.084939983e+00 +1.790349400e+02 +1.790349400e+02 +2.8040e+00 +3.4591e+00 -2.2949e+00 -2.6923e+00 +2.2869e-01
890 0 +1.912528024e+00 +1.738625280e+02 +1.738625280e+02 +2.7656e+00 +3.4646e+00 -2.2894e+00 -2.6957e+00 +2.4024e-01
894 0 +1.605897158e+00 +1.735558972e+02 +1.735558972e+02 +2.8084e+00 +3.4604e+00 -2.2978e+00 -2.6934e+00 +2.2642e-01
940 0 +1.361060403e+00 +1.733110604e+02 +1.733110604e+02 +2.7668e+00 +3.4639e+00 -2.2895e+00 -2.6952e+00 +2.3966e-01
1009 0 +1.283034928e+00 +1.732330349e+02 +1.732330349e+02 +2.7584e+00 +3.4649e+00 -2.2886e+00 -2.6955e+00 +2.4225e-01
1054 0 +9.593847994e-01 +1.729093848e+02 +1.729093848e+02 +2.8127e+00 +3.4593e+00 -2.2981e+00 -2.6936e+00 +2.2615e-01
1084 0 +8.852993183e-01 +1.728352993e+02 +1.728352993e+02 +2.7856e+00 +3.4619e+00 -2.2937e+00 -2.6944e+00 +2.3355e-01
1092 0 +8.503317713e-01 +1.728003318e+02 +1.728003318e+02 +2.8049e+00 +3.4603e+00 -2.2967e+00 -2.6938e+00 +2.2794e-01
1138 0 +8.173430834e-01 +1.727673431e+02 +1.727673431e+02 +2.7958e+00 +3.4609e+00 -2.2956e+00 -2.6944e+00 +2.3058e-01
1142 0 +7.976708293e-01 +1.727476708e+02 +1.727476708e+02 +2.8041e+00 +3.4602e+00 -2.2966e+00 -2.6939e+00 +2.2816e-01
1194 0 +7.515884789e-01 +1.727015885e+02 +1.727015885e+02 +2.8069e+00 +3.4598e+00 -2.2973e+00 -2.6939e+00 +2.2749e-01
% f evaluations | g evaluations | best noise-free fitness - Fopt (6.816000000000e+01) + sum g_i+ | measured fitness | best measured fitness or single-digit g-values | x1 | x2...
1 0 +9.655779642e+07 +9.655786458e+07 +9.655786458e+07 +5.9671e-01 -3.8264e-02 +7.4769e-01 +1.6230e+00 -1.3415e-01
26 0 +6.589344870e+07 +6.589351686e+07 +6.589351686e+07 -4.7516e-01 -9.1884e-01 +9.4190e-01 +1.9490e+00 +1.5123e+00
27 0 +6.428234625e+07 +6.428241441e+07 +6.428241441e+07 +7.0920e-01 +8.7064e-01 +1.7197e+00 -2.9533e-01 +2.3656e+00
29 0 +4.698673360e+07 +4.698680176e+07 +4.698680176e+07 +1.3871e+00 +8.0963e-01 +1.1412e+00 +2.2739e+00 -2.3869e-01
51 0 +1.477266193e+07 +1.477273009e+07 +1.477273009e+07 +2.5985e+00 +8.5780e-01 +3.3203e+00 +1.6449e+00 +1.7988e+00
53 0 +1.013826542e+07 +1.013833358e+07 +1.013833358e+07 +2.2937e+00 +9.3409e-01 +1.9886e+00 +2.1247e+00 +2.1047e+00
76 0 +3.739073418e+06 +3.739141578e+06 +3.739141578e+06 +2.0320e+00 +2.1656e+00 +2.7317e+00 +2.1604e+00 +3.5181e+00
102 0 +2.721079754e+06 +2.721147914e+06 +2.721147914e+06 +4.4275e+00 +2.2046e+00 +3.1024e+00 +4.8566e+00 +1.0288e+00
136 0 +1.035828406e+06 +1.035896566e+06 +1.035896566e+06 +3.2721e+00 +2.5199e+00 +2.2964e+00 +3.5077e+00 +2.4882e+00
211 0 +8.282904990e+05 +8.283586590e+05 +8.283586590e+05 +5.2508e-01 +3.3410e+00 +1.4186e+00 +3.3658e+00 +4.8471e+00
219 0 +7.764568579e+05 +7.765250179e+05 +7.765250179e+05 +3.0329e+00 +2.9731e+00 +1.6756e+00 +3.1705e+00 +3.8044e+00
281 0 +4.278963724e+05 +4.279645324e+05 +4.279645324e+05 +1.9208e+00 +3.0079e+00 +1.4412e+00 +3.7056e+00 +3.0499e+00
282 0 +3.701671854e+05 +3.702353454e+05 +3.702353454e+05 +2.9777e+00 +3.2090e+00 +1.8639e+00 +4.6640e+00 +2.8793e+00
287 0 +3.615446720e+05 +3.616128320e+05 +3.616128320e+05 +2.7466e+00 +3.2191e+00 +1.6587e+00 +3.2194e+00 +3.2394e+00
303 0 +1.209554424e+05 +1.210236024e+05 +1.210236024e+05 +2.9297e+00 +2.8792e+00 +1.8668e+00 +3.7398e+00 +2.8317e+00
309 0 +1.151606206e+05 +1.152287806e+05 +1.152287806e+05 +2.4175e+00 +2.9850e+00 +1.5649e+00 +3.9856e+00 +2.9059e+00
353 0 +4.260975226e+04 +4.267791226e+04 +4.267791226e+04 +2.8252e+00 +2.9286e+00 +1.7479e+00 +3.8763e+00 +3.1794e+00
354 0 +2.636432165e+04 +2.643248165e+04 +2.643248165e+04 +2.8321e+00 +3.2574e+00 +1.7336e+00 +3.9192e+00 +2.9040e+00
377 0 +1.543489148e+04 +1.550305148e+04 +1.550305148e+04 +2.8972e+00 +3.0458e+00 +1.6836e+00 +3.8957e+00 +2.8290e+00
483 0 +8.885597045e+03 +8.953757045e+03 +8.953757045e+03 +2.7345e+00 +3.1683e+00 +1.6812e+00 +3.8734e+00 +3.0592e+00
524 0 +6.618147033e+03 +6.686307033e+03 +6.686307033e+03 +2.9712e+00 +3.0874e+00 +1.7358e+00 +4.0814e+00 +2.8540e+00
528 0 +4.651952896e+03 +4.720112896e+03 +4.720112896e+03 +2.7432e+00 +3.0558e+00 +1.7775e+00 +3.8961e+00 +2.9947e+00
559 0 +2.669826427e+03 +2.737986427e+03 +2.737986427e+03 +2.9642e+00 +3.0824e+00 +1.7467e+00 +4.0066e+00 +2.7756e+00
576 0 +1.251447562e+03 +1.319607562e+03 +1.319607562e+03 +2.7578e+00 +3.0909e+00 +1.7399e+00 +3.9608e+00 +3.0560e+00
611 0 +8.430090311e+02 +9.111690311e+02 +9.111690311e+02 +2.7855e+00 +3.0874e+00 +1.7427e+00 +3.9602e+00 +3.0308e+00
627 0 +4.448676936e+02 +5.130276936e+02 +5.130276936e+02 +2.6760e+00 +3.1144e+00 +1.7701e+00 +3.8509e+00 +3.1798e+00
648 0 +7.070447355e+01 +1.388644736e+02 +1.388644736e+02 +2.8607e+00 +3.0927e+00 +1.7270e+00 +4.0072e+00 +2.8872e+00
825 0 +5.896183601e+01 +1.271218360e+02 +1.271218360e+02 +2.7561e+00 +3.0979e+00 +1.7501e+00 +3.9340e+00 +3.0407e+00
826 0 +4.275636157e+01 +1.109163616e+02 +1.109163616e+02 +2.7008e+00 +3.0980e+00 +1.7639e+00 +3.8861e+00 +3.1274e+00
836 0 +2.319844878e+01 +9.135844878e+01 +9.135844878e+01 +2.5764e+00 +3.0991e+00 +1.7661e+00 +3.8026e+00 +3.3053e+00
840 0 +2.192497247e+01 +9.008497247e+01 +9.008497247e+01 +2.7509e+00 +3.0945e+00 +1.7537e+00 +3.9238e+00 +3.0506e+00
889 0 +8.288120826e+00 +7.644812083e+01 +7.644812083e+01 +2.7494e+00 +3.0989e+00 +1.7517e+00 +3.9212e+00 +3.0512e+00
971 0 +8.282794629e+00 +7.644279463e+01 +7.644279463e+01 +2.8060e+00 +3.0976e+00 +1.7445e+00 +3.9650e+00 +2.9673e+00
980 0 +2.939562704e+00 +7.109956270e+01 +7.109956270e+01 +2.7642e+00 +3.0981e+00 +1.7513e+00 +3.9277e+00 +3.0360e+00
993 0 +2.805687536e+00 +7.096568754e+01 +7.096568754e+01 +2.8022e+00 +3.0966e+00 +1.7444e+00 +3.9607e+00 +2.9730e+00
1022 0 +1.589653463e+00 +6.974965346e+01 +6.974965346e+01 +2.6996e+00 +3.0962e+00 +1.7596e+00 +3.8785e+00 +3.1327e+00
1075 0 +1.111791316e+00 +6.927179132e+01 +6.927179132e+01 +2.7376e+00 +3.0984e+00 +1.7548e+00 +3.9079e+00 +3.0744e+00
1089 0 +1.059902072e+00 +6.921990207e+01 +6.921990207e+01 +2.7607e+00 +3.0967e+00 +1.7511e+00 +3.9268e+00 +3.0371e+00
1118 0 +4.731400172e-01 +6.863314002e+01 +6.863314002e+01 +2.7527e+00 +3.0981e+00 +1.7516e+00 +3.9193e+00 +3.0507e+00
1132 0 +3.136921301e-01 +6.847369213e+01 +6.847369213e+01 +2.7675e+00 +3.0972e+00 +1.7498e+00 +3.9306e+00 +3.0283e+00
1206 0 +1.863339133e-01 +6.834633391e+01 +6.834633391e+01 +2.7574e+00 +3.0977e+00 +1.7510e+00 +3.9239e+00 +3.0431e+00
1235 0 +1.704585850e-01 +6.833045859e+01 +6.833045859e+01 +2.7566e+00 +3.0975e+00 +1.7510e+00 +3.9227e+00 +3.0442e+00
1244 0 +1.252683001e-01 +6.828526830e+01 +6.828526830e+01 +2.7608e+00 +3.0977e+00 +1.7507e+00 +3.9258e+00 +3.0380e+00
% f evaluations | g evaluations | best noise-free fitness - Fopt (1.000000000000e+03) + sum g_i+ | measured fitness | best measured fitness or single-digit g-values | x1 | x2...
1 0 +5.008850837e+07 +5.008950837e+07 +5.008950837e+07 +5.9671e-01 -3.8264e-02 +7.4769e-01 +1.6230e+00 -1.3415e-01
2 0 +2.052663712e+07 +2.052763712e+07 +2.052763712e+07 -1.3414e-01 +1.6792e+00 +8.6743e-01 -3.6947e-01 +6.4256e-01
17 0 +2.035028425e+07 +2.035128425e+07 +2.035128425e+07 -1.1967e-01 +4.5711e-01 +1.5779e+00 -4.1827e-01 -7.0849e-01
27 0 +1.274049375e+07 +1.274149375e+07 +1.274149375e+07 -3.0463e-01 +1.7538e+00 +1.5346e+00 -1.7945e+00 -1.1830e+00
32 0 +1.211592064e+07 +1.211692064e+07 +1.211692064e+07 +5.7668e-01 +1.8237e+00 +3.1854e+00 +2.1996e-01 -1.7205e+00
35 0 +1.178781785e+07 +1.178881785e+07 +1.178881785e+07 -2.2742e-01 +2.1047e+00 +2.2847e+00 -5.9006e-02 -2.4615e-01
37 0 +7.195037722e+06 +7.196037722e+06 +7.196037722e+06 -8.5823e-03 +1.9201e+00 +1.7537e+00 -2.4087e-01 -2.2659e+00
48 0 +6.188587335e+06 +6.189587335e+06 +6.189587335e+06 -2.1317e+00 +2.2656e+00 +9.4079e-01 -3.7202e-01 -1.3594e+00
55 0 +5.822446975e+06 +5.823446975e+06 +5.823446975e+06 -2.2987e+00 +2.4876e+00 +2.8460e+00 -5.5416e-01 +5.5180e-01
65 0 +3.285969754e+06 +3.286969754e+06 +3.286969754e+06 -1.2359e+00 +2.2906e+00 +1.9795e+00 +1.0627e+00 -2.8635e+00
67 0 +2.852738308e+06 +2.853738308e+06 +2.853738308e+06 -4.5019e-01 +2.7470e+00 +2.9025e+00 -4.5967e-01 -3.0296e+00
89 0 +1.698611858e+06 +1.699611858e+06 +1.699611858e+06 -3.1704e+00 +2.4826e+00 +2.9462e+00 +1.0575e+00 -1.3365e+00
93 0 +1.265058022e+06 +1.266058022e+06 +1.266058022e+06 -1.7456e+00 +2.5692e+00 +2.1950e+00 +7.3511e-01 -3.2307e+00
108 0 +8.497969528e+05 +8.507969528e+05 +8.507969528e+05 -2.3185e+00 +2.5241e+00 +2.4978e+00 +9.2702e-02 -3.4993e+00
178 0 +8.491511187e+05 +8.501511187e+05 +8.501511187e+05 -2.6972e+00 +3.3827e+00 +1.9656e+00 -2.8922e-01 -3.7352e+00
202 0 +6.118107059e+05 +6.128107059e+05 +6.128107059e+05 -1.3381e+00 +3.6376e+00 +2.3259e+00 -5.5830e-01 -3.1321e+00
205 0 +1.344703733e+05 +1.354703733e+05 +1.354703733e+05 -2.6744e+00 +3.2378e+00 +2.1757e+00 -1.1937e-01 -2.7074e+00
291 0 +4.764275520e+04 +4.864275520e+04 +4.864275520e+04 -1.5808e+00 +3.5216e+00 +2.1911e+00 -4.6032e-03 -3.3736e+00
394 0 +1.865858753e+04 +1.965858753e+04 +1.965858753e+04 -2.0052e+00 +3.3098e+00 +2.3857e+00 +1.4505e-01 -3.2447e+00
435 0 +1.675187246e+04 +1.775187246e+04 +1.775187246e+04 -2.0978e+00 +3.2381e+00 +2.3211e+00 +1.3571e-01 -3.0585e+00
461 0 +1.218662383e+04 +1.318662383e+04 +1.318662383e+04 -2.1683e+00 +3.2810e+00 +2.3333e+00 -5.7232e-02 -2.9887e+00
489 0 +1.108433181e+04 +1.208433181e+04 +1.208433181e+04 -1.8497e+00 +3.3168e+00 +2.2846e+00 -3.6979e-02 -3.4328e+00
497 0 +8.865221663e+03 +9.865221663e+03 +9.865221663e+03 -2.6640e+00 +2.9627e+00 +2.4667e+00 -5.3986e-02 -2.6055e+00
555 0 +4.495097745e+03 +5.495097745e+03 +5.495097745e+03 -2.1615e+00 +3.1845e+00 +2.2954e+00 -1.5785e-02 -3.0178e+00
571 0 +8.749530076e+01 +1.087495301e+03 +1.087495301e+03 -2.0737e+00 +3.2712e+00 +2.3286e+00 +1.6678e-02 -3.1558e+00
864 0 +5.547436355e+01 +1.055474364e+03 +1.055474364e+03 -2.1145e+00 +3.2424e+00 +2.3428e+00 +1.7573e-02 -3.1073e+00
920 0 +2.595861427e+01 +1.025958614e+03 +1.025958614e+03 -2.1806e+00 +3.2051e+00 +2.3536e+00 +1.3807e-02 -3.0310e+00
922 0 +2.446678704e+01 +1.024466787e+03 +1.024466787e+03 -2.1713e+00 +3.2089e+00 +2.3495e+00 +1.5691e-02 -3.0438e+00
959 0 +2.419705884e+01 +1.024197059e+03 +1.024197059e+03 -2.2214e+00 +3.1836e+00 +2.3627e+00 +6.0339e-03 -2.9901e+00
980 0 +5.296246362e+00 +1.005296246e+03 +1.005296246e+03 -2.2220e+00 +3.1819e+00 +2.3594e+00 +8.2724e-03 -2.9890e+00
1074 0 +1.684772489e+00 +1.001684772e+03 +1.001684772e+03 -2.1219e+00 +3.2358e+00 +2.3381e+00 +1.3646e-02 -3.0972e+00
1111 0 +1.280608217e+00 +1.001280608e+03 +1.001280608e+03 -2.1672e+00 +3.2119e+00 +2.3477e+00 +1.0755e-02 -3.0484e+00
1157 0 +1.240587356e+00 +1.001240587e+03 +1.001240587e+03 -2.1804e+00 +3.2051e+00 +2.3503e+00 +1.0552e-02 -3.0337e+00
