% f evaluations | g evaluations | best noise-free fitness - Fopt (-6.211100000000e+02) + sum g_i+ | measured fitness | best measured fitness or single-digit g-values | x1 | x2...
1 0 +2.677807685e+08 +2.677801474e+08 +2.677801474e+08 +5.9671e-01 -3.8264e-02
2 0 +2.132546751e+07 +2.132484640e+07 +2.132484640e+07 +7.4769e-01 +1.6230e+00
15 0 +9.443928198e+06 +9.443307088e+06 +9.443307088e+06 +7.4718e-02 +2.0559e+00
17 0 +8.620933543e+05 +8.614722443e+05 +8.614722443e+05 +1.5019e+00 +3.0499e+00
21 0 +1.202010714e+05 +1.195799614e+05 +1.195799614e+05 +1.5587e+00 +4.3501e+00
27 0 +8.927926653e+00 -6.121820733e+02 -6.121820733e+02 -1.2663e+00 +3.9923e+00
174 0 +8.441952864e+00 -6.126680471e+02 -6.126680471e+02 -1.2520e-01 +3.9921e+00
201 0 +3.598617349e+00 -6.175113827e+02 -6.175113827e+02 -1.0721e-01 +3.9934e+00
207 0 +7.663586850e-01 -6.203436413e+02 -6.203436413e+02 -3.1732e-01 +3.9934e+00
232 0 +2.294732596e-01 -6.208805267e+02 -6.208805267e+02 -4.4664e-01 +3.9932e+00
264 0 +1.234798898e-01 -6.209865201e+02 -6.209865201e+02 -8.5193e-01 +3.9917e+00
281 0 +7.654827364e-03 -6.211023452e+02 -6.211023452e+02 -9.5932e-01 +3.9909e+00
352 0 +7.517442121e-03 -6.211024826e+02 -6.211024826e+02 -9.7672e-01 +3.9908e+00
356 0 +2.042431178e-04 -6.211097958e+02 -6.211097958e+02 -8.9184e-01 +3.9912e+00
377 0 +1.270675390e-04 -6.211098729e+02 -6.211098729e+02 -8.9366e-01 +3.9912e+00
406 0 +9.181024518e-05 -6.211099082e+02 -6.211099082e+02 -8.9095e-01 +3.9912e+00
429 0 +3.144090044e-05 -6.211099686e+02 -6.211099686e+02 -8.8728e-01 +3.9912e+00
436 0 +1.561519866e-05 -6.211099844e+02 -6.211099844e+02 -8.8905e-01 +3.9912e+00
446 0 +6.418824796e-06 -6.211099936e+02 -6.211099936e+02 -8.9119e-01 +3.9912e+00
453 0 +5.769853601e-06 -6.211099942e+02 -6.211099942e+02 -8.9430e-01 +3.9912e+00
469 0 +1.794606305e-06 -6.211099982e+02 -6.211099982e+02 -8.9083e-01 +3.9912e+00
479 0 +3.497817715e-07 -6.211099997e+02 -6.211099997e+02 -8.9254e-01 +3.9912e+00
% f evaluations | g evaluations | best noise-free fitness - Fopt (-2.548200000000e+02) + sum g_i+ | measured fitness | best measured fitness or single-digit g-values | x1 | x2...
1 0 +1.716443422e+08 +1.716440874e+08 +1.716440874e+08 +5.9671e-01 -3.8264e-02
2 0 +4.254812075e+07 +4.254786593e+07 +4.254786593e+07 +7.4769e-01 +1.6230e+00
4 0 +3.355875288e+07 +3.355849806e+07 +3.355849806e+07 +1.6792e+00 +8.6743e-01
11 0 +1.340211738e+06 +1.339956918e+06 +1.339956918e+06 +3.2937e+00 +2.5939e+00
26 0 +4.149631859e+05 +4.147083659e+05 +4.147083659e+05 +3.9863e+00 +4.4050e+00
27 0 +2.421245520e+05 +2.418697320e+05 +2.418697320e+05 +3.8303e+00 +3.2426e+00
29 0 +1.859382782e+05 +1.856834582e+05 +1.856834582e+05 +2.4177e+00 +4.1804e+00
41 0 +1.794909707e+05 +1.792361507e+05 +1.792361507e+05 +8.7562e-01 +4.2632e+00
42 0 +5.341000787e+04 +5.315518787e+04 +5.315518787e+04 +1.4326e+00 +4.3539e+00
46 0 +1.417364372e+04 +1.391882372e+04 +1.391882372e+04 +2.4060e+00 +3.7010e+00
52 0 +1.979113854e+03 +1.724293854e+03 +1.724293854e+03 +3.2811e+00 +3.7559e+00
97 0 +2.213632846e+02 -3.345671544e+01 -3.345671544e+01 +4.6350e+00 +3.7459e+00
111 0 +1.124777040e+02 -1.423422960e+02 -1.423422960e+02 +3.8692e+00 +3.7502e+00
122 0 +5.468668677e+01 -2.001333132e+02 -2.001333132e+02 +3.9852e+00 +3.7534e+00
133 0 +2.589944877e+01 -2.289205512e+02 -2.289205512e+02 +4.3689e+00 +3.7557e+00
146 0 +1.794712609e+01 -2.368728739e+02 -2.368728739e+02 +4.1045e+00 +3.7650e+00
150 0 +1.058057394e+01 -2.442394261e+02 -2.442394261e+02 +4.3712e+00 +3.7576e+00
152 0 +4.068885935e+00 -2.507511141e+02 -2.507511141e+02 +4.3546e+00 +3.7589e+00
158 0 +1.978762137e-01 -2.546221238e+02 -2.546221238e+02 +4.1807e+00 +3.7609e+00
253 0 +1.364765157e-01 -2.546835235e+02 -2.546835235e+02 +4.0506e+00 +3.7606e+00
266 0 +9.220257228e-02 -2.547277974e+02 -2.547277974e+02 +4.0219e+00 +3.7607e+00
271 0 +2.517742950e-03 -2.548174823e+02 -2.548174823e+02 +3.7587e+00 +3.7608e+00
397 0 +1.813665473e-03 -2.548181863e+02 -2.548181863e+02 +3.7710e+00 +3.7608e+00
405 0 +1.001699714e-03 -2.548189983e+02 -2.548189983e+02 +3.7537e+00 +3.7608e+00
447 0 +2.018101250e-04 -2.548197982e+02 -2.548197982e+02 +3.7444e+00 +3.7608e+00
457 0 +3.036931011e-05 -2.548199696e+02 -2.548199696e+02 +3.7455e+00 +3.7608e+00
468 0 +2.476064623e-06 -2.548199975e+02 -2.548199975e+02 +3.7424e+00 +3.7608e+00
% f evaluations | g evaluations | best noise-free fitness - Fopt (5.661000000000e+01) + sum g_i+ | measured fitness | best measured fitness or single-digit g-values | x1 | x2...
1 0 +1.480714615e+08 +1.480715181e+08 +1.480715181e+08 +5.9671e-01 -3.8264e-02
3 0 +9.254104492e+07 +9.254110153e+07 +9.254110153e+07 -1.3415e-01 -1.3414e-01
6 0 +6.106136801e+07 +6.106142462e+07 +6.106142462e+07 -3.6342e-01 -3.6573e-01
7 0 +1.368777362e+07 +1.368783023e+07 +1.368783023e+07 +3.4196e-01 -1.8133e+00
10 0 +1.290162217e+07 +1.290167878e+07 +1.290167878e+07 -8.0802e-01 -1.3123e+00
11 0 +4.122916627e+05 +4.123482727e+05 +4.123482727e+05 -2.1429e+00 -4.3835e+00
12 0 +1.577424161e+05 +1.577990261e+05 +1.577990261e+05 -1.2319e+00 -3.7703e+00
22 0 +5.262298662e+03 +5.318908662e+03 +5.318908662e+03 -4.5471e+00 -1.5329e+00
23 0 +5.991342430e+01 +1.165234243e+02 +1.165234243e+02 -1.9542e+00 -3.7298e+00
106 0 +1.285285742e+00 +5.789528574e+01 +5.789528574e+01 -3.5715e+00 -2.4917e+00
265 0 +2.800789212e-01 +5.689007892e+01 +5.689007892e+01 -3.5567e+00 -2.5048e+00
288 0 +2.552090820e-01 +5.686520908e+01 +5.686520908e+01 -3.7682e+00 -2.3432e+00
297 0 +3.812400729e-02 +5.664812401e+01 +5.664812401e+01 -3.7536e+00 -2.3551e+00
340 0 +1.824740007e-02 +5.662824740e+01 +5.662824740e+01 -3.7595e+00 -2.3503e+00
352 0 +1.092481853e-02 +5.662092482e+01 +5.662092482e+01 -3.7775e+00 -2.3367e+00
396 0 +1.025969803e-02 +5.662025970e+01 +5.662025970e+01 -3.8184e+00 -2.3056e+00
451 0 +6.830308779e-03 +5.661683031e+01 +5.661683031e+01 -3.8427e+00 -2.2871e+00
457 0 +5.478285935e-03 +5.661547829e+01 +5.661547829e+01 -3.7959e+00 -2.3227e+00
458 0 +2.985742023e-03 +5.661298574e+01 +5.661298574e+01 -3.8084e+00 -2.3133e+00
476 0 +5.099041860e-04 +5.661050990e+01 +5.661050990e+01 -3.8390e+00 -2.2900e+00
% f evaluations | g evaluations | best noise-free fitness - Fopt (-1.810000000000e+01) + sum g_i+ | measured fitness | best measured fitness or single-digit g-values | x1 | x2...
1 0 +2.316864926e+05 +2.316683926e+05 +2.316683926e+05 +5.9671e-01 -3.8264e-02
5 0 +5.092038052e+02 +4.911038052e+02 +4.911038052e+02 -3.6947e-01 +6.4256e-01
19 0 +3.322101433e+02 +3.141101433e+02 +3.141101433e+02 -1.4903e+00 +8.8676e-01
74 0 +1.257879832e+02 +1.076879832e+02 +1.076879832e+02 -1.8070e+00 +9.8359e-01
132 0 +1.480255005e+01 -3.297449954e+00 -3.297449954e+00 -1.6602e+00 +9.5548e-01
137 0 +1.006831167e+01 -8.031688326e+00 -8.031688326e+00 -1.5962e+00 +9.3069e-01
140 0 +5.619032424e+00 -1.248096758e+01 -1.248096758e+01 -1.6577e+00 +9.5311e-01
150 0 +1.875808616e+00 -1.622419138e+01 -1.622419138e+01 -1.7375e+00 +9.7349e-01
152 0 +1.344107285e+00 -1.675589271e+01 -1.675589271e+01 -1.5879e+00 +9.3088e-01
214 0 +1.234188500e+00 -1.686581150e+01 -1.686581150e+01 -1.6394e+00 +9.4548e-01
245 0 +1.211957970e+00 -1.688804203e+01 -1.688804203e+01 -1.6569e+00 +9.5070e-01
253 0 +1.185795892e+00 -1.691420411e+01 -1.691420411e+01 -1.6496e+00 +9.4867e-01
259 0 +1.173227247e+00 -1.692677275e+01 -1.692677275e+01 -1.6365e+00 +9.4479e-01
261 0 +1.172200908e+00 -1.692779909e+01 -1.692779909e+01 -1.6450e+00 +9.4732e-01
266 0 +1.132869018e+00 -1.696713098e+01 -1.696713098e+01 -1.6340e+00 +9.4424e-01
287 0 +1.032456725e+00 -1.706754327e+01 -1.706754327e+01 -1.6028e+00 +9.3556e-01
305 0 +1.024908875e+00 -1.707509112e+01 -1.707509112e+01 -1.5970e+00 +9.3388e-01
307 0 +1.024798103e+00 -1.707520190e+01 -1.707520190e+01 -1.5981e+00 +9.3441e-01
312 0 +9.696290582e-01 -1.713037094e+01 -1.713037094e+01 -1.5680e+00 +9.2587e-01
315 0 +9.618750658e-01 -1.713812493e+01 -1.713812493e+01 -1.5736e+00 +9.2748e-01
316 0 +9.092607237e-01 -1.719073928e+01 -1.719073928e+01 -1.5515e+00 +9.2148e-01
325 0 +8.794314330e-01 -1.722056857e+01 -1.722056857e+01 -1.5521e+00 +9.2179e-01
326 0 +8.675276286e-01 -1.723247237e+01 -1.723247237e+01 -1.5455e+00 +9.1997e-01
369 0 +8.645279086e-01 -1.723547209e+01 -1.723547209e+01 -1.5461e+00 +9.2017e-01
371 0 +8.557201694e-01 -1.724427983e+01 -1.724427983e+01 -1.5110e+00 +9.1058e-01
377 0 +8.493523049e-01 -1.725064770e+01 -1.725064770e+01 -1.5306e+00 +9.1591e-01
383 0 +7.593540733e-01 -1.734064593e+01 -1.734064593e+01 -1.5043e+00 +9.0906e-01
394 0 +6.369662102e-01 -1.746303379e+01 -1.746303379e+01 -1.4533e+00 +8.9591e-01
424 0 +6.215872893e-01 -1.747841271e+01 -1.747841271e+01 -1.4330e+00 +8.9062e-01
448 0 +6.087250801e-01 -1.749127492e+01 -1.749127492e+01 -1.4290e+00 +8.8964e-01
467 0 +5.979491932e-01 -1.750205081e+01 -1.750205081e+01 -1.4120e+00 +8.8532e-01
486 0 +5.775579871e-01 -1.752244201e+01 -1.752244201e+01 -1.3793e+00 +8.7713e-01
493 0 +5.608346807e-01 -1.753916532e+01 -1.753916532e+01 -1.4096e+00 +8.8480e-01
499 0 +5.255285521e-01 -1.757447145e+01 -1.757447145e+01 -1.3921e+00 +8.8048e-01
% f evaluations | g evaluations | best noise-free fitness - Fopt (3.777000000000e+01) + sum g_i+ | measured fitness | best measured fitness or single-digit g-values | x1 | x2...
1 0 +4.399358978e+06 +4.399396748e+06 +4.399396748e+06 +5.9671e-01 -3.8264e-02
2 0 +2.052199733e+05 +2.052577433e+05 +2.052577433e+05 +7.4769e-01 +1.6230e+00
12 0 +1.670756103e+05 +1.671133803e+05 +1.671133803e+05 +3.7192e+00 +3.7616e-01
14 0 +3.903600080e+03 +3.941370080e+03 +3.941370080e+03 +7.4718e-02 +2.0559e+00
52 0 +3.854282873e+03 +3.892052873e+03 +3.892052873e+03 +1.2308e+00 +1.8610e+00
58 0 +8.600162331e+02 +8.977862331e+02 +8.977862331e+02 -7.9381e-02 +2.1537e+00
74 0 +2.176284396e+00 +3.994628440e+01 +3.994628440e+01 -8.6883e-01 +2.0771e+00
211 0 +1.691748060e-01 +3.793917481e+01 +3.793917481e+01 -1.3905e+00 +2.0592e+00
268 0 +1.148252423e-01 +3.788482524e+01 +3.788482524e+01 -1.1282e+00 +2.0589e+00
316 0 +7.984756113e-03 +3.777798476e+01 +3.777798476e+01 -1.0344e+00 +2.0593e+00
349 0 +4.718041214e-03 +3.777471804e+01 +3.777471804e+01 -1.0367e+00 +2.0592e+00
371 0 +3.869631833e-03 +3.777386963e+01 +3.777386963e+01 -1.0398e+00 +2.0592e+00
386 0 +3.568655555e-03 +3.777356866e+01 +3.777356866e+01 -1.0211e+00 +2.0592e+00
388 0 +2.615243287e-03 +3.777261524e+01 +3.777261524e+01 -1.0290e+00 +2.0592e+00
439 0 +1.822611439e-03 +3.777182261e+01 +3.777182261e+01 -1.0219e+00 +2.0592e+00
441 0 +8.567890124e-04 +3.777085679e+01 +3.777085679e+01 -1.0084e+00 +2.0592e+00
443 0 +4.295664656e-04 +3.777042957e+01 +3.777042957e+01 -9.9373e-01 +2.0592e+00
471 0 +4.255337125e-04 +3.777042553e+01 +3.777042553e+01 -9.8903e-01 +2.0592e+00
473 0 +2.137074738e-05 +3.777002137e+01 +3.777002137e+01 -9.8374e-01 +2.0592e+00
474 0 +1.065760360e-05 +3.777001066e+01 +3.777001066e+01 -9.8241e-01 +2.0592e+00
% f evaluations | g evaluations | best noise-free fitness - Fopt (-6.325500000000e+02) + sum g_i+ | measured fitness | best measured fitness or single-digit g-values | x1 | x2...
1 0 +4.535541657e+05 +4.529216157e+05 +4.529216157e+05 +5.9671e-01 -3.8264e-02
4 0 +5.321828676e+04 +5.258573676e+04 +5.258573676e+04 +1.6792e+00 +8.6743e-01
5 0 +5.505210229e+01 -5.774978977e+02 -5.774978977e+02 -3.6947e-01 +6.4256e-01
47 0 +4.093879004e+01 -5.916112100e+02 -5.916112100e+02 -2.5853e+00 +6.2963e-01
72 0 +3.979024925e+01 -5.927597507e+02 -5.927597507e+02 +1.2178e-01 +6.4149e-01
87 0 +3.642203686e+01 -5.961279631e+02 -5.961279631e+02 -8.5189e-01 +6.4107e-01
107 0 +1.939687088e+01 -6.131531291e+02 -6.131531291e+02 -1.7583e+00 +6.3146e-01
121 0 +9.970005169e+00 -6.225799948e+02 -6.225799948e+02 -7.6111e-01 +6.3234e-01
122 0 +1.891398766e+00 -6.306586012e+02 -6.306586012e+02 -8.0103e-01 +6.3531e-01
192 0 +9.126145738e-01 -6.316373854e+02 -6.316373854e+02 -9.3278e-02 +6.3451e-01
223 0 +3.883402527e-01 -6.321616597e+02 -6.321616597e+02 +4.8072e-01 +6.3582e-01
225 0 +1.511477789e-01 -6.323988522e+02 -6.323988522e+02 +2.2423e-01 +6.3502e-01
257 0 +9.940721453e-02 -6.324505928e+02 -6.324505928e+02 +3.4579e-01 +6.3498e-01
258 0 +5.817132147e-03 -6.325441829e+02 -6.325441829e+02 +5.2393e-01 +6.3514e-01
389 0 +4.857597875e-03 -6.325451424e+02 -6.325451424e+02 +5.0556e-01 +6.3517e-01
403 0 +4.236664705e-03 -6.325457633e+02 -6.325457633e+02 +5.0455e-01 +6.3520e-01
415 0 +3.731754322e-03 -6.325462682e+02 -6.325462682e+02 +5.0919e-01 +6.3519e-01
417 0 +3.603478062e-03 -6.325463965e+02 -6.325463965e+02 +5.1373e-01 +6.3522e-01
418 0 +2.751528633e-03 -6.325472485e+02 -6.325472485e+02 +5.1730e-01 +6.3520e-01
427 0 +2.619690788e-03 -6.325473803e+02 -6.325473803e+02 +5.1905e-01 +6.3521e-01
438 0 +2.387498852e-03 -6.325476125e+02 -6.325476125e+02 +5.3032e-01 +6.3523e-01
452 0 +2.062397963e-03 -6.325479376e+02 -6.325479376e+02 +5.2421e-01 +6.3520e-01
453 0 +1.378358111e-03 -6.325486216e+02 -6.325486216e+02 +5.3324e-01 +6.3521e-01
481 0 +3.430590842e-04 -6.325496569e+02 -6.325496569e+02 +5.5406e-01 +6.3521e-01
% f evaluations | g evaluations | best noise-free fitness - Fopt (-8.530000000000e+01) + sum g_i+ | measured fitness | best measured fitness or single-digit g-values | x1 | x2...
1 0 +1.580219290e+06 +1.580133990e+06 +1.580133990e+06 +5.9671e-01 -3.8264e-02
2 0 +1.115230264e+06 +1.115144964e+06 +1.115144964e+06 +7.4769e-01 +1.6230e+00
3 0 +3.447712754e+05 +3.446859754e+05 +3.446859754e+05 -1.3415e-01 -1.3414e-01
5 0 +5.203953509e+04 +5.195423509e+04 +5.195423509e+04 -3.6947e-01 +6.4256e-01
11 0 +9.508743318e+03 +9.423443318e+03 +9.423443318e+03 -8.8145e-01 -1.6234e-02
28 0 +5.115953826e+03 +5.030653826e+03 +5.030653826e+03 -8.2617e-01 +9.0619e-02
32 0 +3.027240012e+03 +2.941940012e+03 +2.941940012e+03 -7.7385e-01 -2.0527e-01
49 0 +2.408213251e+03 +2.322913251e+03 +2.322913251e+03 -6.4436e-01 +3.0527e-01
51 0 +8.978526045e+02 +8.125526045e+02 +8.125526045e+02 -6.7398e-01 +5.0150e-01
54 0 +3.369131566e+02 +2.516131566e+02 +2.516131566e+02 -8.1443e-01 -7.2274e-02
59 0 +1.424115495e-01 -8.515758845e+01 -8.515758845e+01 -7.6232e-01 +5.2064e-02
341 0 +9.560178588e-02 -8.520439821e+01 -8.520439821e+01 -7.7766e-01 -5.2631e-03
344 0 +8.943044446e-02 -8.521056956e+01 -8.521056956e+01 -7.8014e-01 -1.4748e-02
351 0 +6.301491476e-02 -8.523698509e+01 -8.523698509e+01 -8.0313e-01 -1.0068e-01
358 0 +5.863881608e-02 -8.524136118e+01 -8.524136118e+01 -8.1356e-01 -1.4114e-01
360 0 +5.193757347e-04 -8.529948062e+01 -8.529948062e+01 -8.5232e-01 -2.8639e-01
491 0 +2.985547791e-04 -8.529970145e+01 -8.529970145e+01 -8.5337e-01 -2.9035e-01
% f evaluations | g evaluations | best noise-free fitness - Fopt (1.719500000000e+02) + sum g_i+ | measured fitness | best measured fitness or single-digit g-values | x1 | x2...
1 0 +1.188777777e+07 +1.188794972e+07 +1.188794972e+07 +5.9671e-01 -3.8264e-02
2 0 +3.191841500e+06 +3.192013450e+06 +3.192013450e+06 +7.4769e-01 +1.6230e+00
11 0 +7.692085096e+04 +7.709280096e+04 +7.709280096e+04 +9.4690e-01 +3.1323e+00
26 0 +4.705368299e+04 +4.722563299e+04 +4.722563299e+04 +3.2765e+00 +3.6265e+00
27 0 +3.921137992e+04 +3.938332992e+04 +3.938332992e+04 +1.8113e+00 +3.6076e+00
38 0 +2.480216968e+03 +2.652166968e+03 +2.652166968e+03 +2.9818e+00 +3.4594e+00
59 0 +6.552124123e+00 +1.785021241e+02 +1.785021241e+02 +1.4704e+00 +3.4083e+00
101 0 +1.902096677e-01 +1.721402097e+02 +1.721402097e+02 +3.2791e+00 +3.4094e+00
238 0 +1.742018399e-01 +1.721242018e+02 +1.721242018e+02 +3.2853e+00 +3.4097e+00
250 0 +1.321022332e-01 +1.720821022e+02 +1.720821022e+02 +3.3261e+00 +3.4095e+00
332 0 +1.273524386e-01 +1.720773524e+02 +1.720773524e+02 +3.3390e+00 +3.4097e+00
345 0 +1.094269752e-01 +1.720594270e+02 +1.720594270e+02 +3.3684e+00 +3.4097e+00
354 0 +9.373029991e-02 +1.720437303e+02 +1.720437303e+02 +3.3852e+00 +3.4095e+00
358 0 +7.697972665e-02 +1.720269797e+02 +1.720269797e+02 +3.4438e+00 +3.4097e+00
363 0 +6.861291114e-02 +1.720186129e+02 +1.720186129e+02 +3.4229e+00 +3.4096e+00
365 0 +6.392469850e-02 +1.720139247e+02 +1.720139247e+02 +3.4463e+00 +3.4095e+00
370 0 +2.766064079e-02 +1.719776606e+02 +1.719776606e+02 +3.5486e+00 +3.4097e+00
373 0 +1.414021646e-02 +1.719641402e+02 +1.719641402e+02 +3.5971e+00 +3.4097e+00
387 0 +1.344175252e-02 +1.719634418e+02 +1.719634418e+02 +3.6150e+00 +3.4095e+00
389 0 +4.141418299e-03 +1.719541414e+02 +1.719541414e+02 +3.6247e+00 +3.4096e+00
489 0 +3.629922749e-03 +1.719536299e+02 +1.719536299e+02 +3.6366e+00 +3.4096e+00
497 0 +2.306640025e-03 +1.719523066e+02 +1.719523066e+02 +3.6660e+00 +3.4096e+00
500 0 +1.956660879e-03 +1.719519567e+02 +1.719519567e+02 +3.6404e+00 +3.4096e+00
% f evaluations | g evaluations | best noise-free fitness - Fopt (6.816000000000e+01) + sum g_i+ | measured fitness | best measured fitness or single-digit g-values | x1 | x2...
1 0 +1.254138304e+07 +1.254145120e+07 +1.254145120e+07 +5.9671e-01 -3.8264e-02
2 0 +3.582142402e+06 +3.582210562e+06 +3.582210562e+06 +7.4769e-01 +1.6230e+00
11 0 +1.997073266e+05 +1.997754866e+05 +1.997754866e+05 +1.8896e+00 +2.8292e+00
12 0 +1.063269519e+05 +1.063951119e+05 +1.063951119e+05 +1.5019e+00 +3.0499e+00
22 0 +5.701441006e+04 +5.708257006e+04 +5.708257006e+04 -1.2830e+00 +4.3977e+00
25 0 +3.703751942e+04 +3.710567942e+04 +3.710567942e+04 +1.9530e+00 +3.5733e+00
42 0 +1.360876756e+03 +1.429036756e+03 +1.429036756e+03 -3.8497e-01 +3.9247e+00
62 0 +1.268786248e+03 +1.336946248e+03 +1.336946248e+03 -9.3554e-01 +4.1379e+00
87 0 +5.875515028e+02 +6.557115028e+02 +6.557115028e+02 -7.5298e-01 +4.0326e+00
96 0 +1.135285438e+01 +7.951285438e+01 +7.951285438e+01 +6.0603e-01 +3.7076e+00
111 0 +6.992252569e+00 +7.515225257e+01 +7.515225257e+01 +1.2323e-01 +3.8334e+00
141 0 +5.585235423e+00 +7.374523542e+01 +7.374523542e+01 +4.7931e-01 +3.7380e+00
173 0 +5.228826005e+00 +7.338882600e+01 +7.338882600e+01 +4.7166e-01 +3.7405e+00
175 0 +5.083597042e+00 +7.324359704e+01 +7.324359704e+01 +6.5002e-01 +3.6934e+00
189 0 +3.274879152e+00 +7.143487915e+01 +7.143487915e+01 +9.4186e-01 +3.6118e+00
218 0 +3.155631871e+00 +7.131563187e+01 +7.131563187e+01 +9.8836e-01 +3.5979e+00
240 0 +1.985073530e+00 +7.014507353e+01 +7.014507353e+01 +1.3419e+00 +3.4976e+00
299 0 +1.530747252e+00 +6.969074725e+01 +6.969074725e+01 +1.4746e+00 +3.4585e+00
313 0 +1.340241370e+00 +6.950024137e+01 +6.950024137e+01 +1.5537e+00 +3.4352e+00
314 0 +1.243379499e+00 +6.940337950e+01 +6.940337950e+01 +1.6007e+00 +3.4209e+00
354 0 +1.151709622e+00 +6.931170962e+01 +6.931170962e+01 +1.6567e+00 +3.4047e+00
391 0 +1.125113506e+00 +6.928511351e+01 +6.928511351e+01 +1.6505e+00 +3.4061e+00
395 0 +1.089816435e+00 +6.924981643e+01 +6.924981643e+01 +1.6706e+00 +3.4000e+00
396 0 +9.365740993e-01 +6.909657410e+01 +6.909657410e+01 +1.7521e+00 +3.3761e+00
451 0 +8.674431662e-01 +6.902744317e+01 +6.902744317e+01 +1.7773e+00 +3.3680e+00
462 0 +7.873125310e-01 +6.894731253e+01 +6.894731253e+01 +1.8121e+00 +3.3577e+00
474 0 +6.715245551e-01 +6.883152456e+01 +6.883152456e+01 +1.9128e+00 +3.3274e+00
491 0 +5.391745075e-01 +6.869917451e+01 +6.869917451e+01 +1.9894e+00 +3.3039e+00
% f evaluations | g evaluations | best noise-free fitness - Fopt (1.000000000000e+03) + sum g_i+ | measured fitness | best measured fitness or single-digit g-values | x1 | x2...
1 0 +7.032900244e+06 +7.033900244e+06 +7.033900244e+06 +5.9671e-01 -3.8264e-02
2 0 +1.108004560e+06 +1.109004560e+06 +1.109004560e+06 +7.4769e-01 +1.6230e+00
11 0 +3.476188922e+05 +3.486188922e+05 +3.486188922e+05 +1.7763e+00 +2.9811e+00
12 0 +2.417760911e+05 +2.427760911e+05 +2.427760911e+05 +2.1457e+00 +2.7287e+00
14 0 +6.505569121e+04 +6.605569121e+04 +6.605569121e+04 +1.6928e+00 +2.1053e+00
15 0 +5.965214303e+04 +6.065214303e+04 +6.065214303e+04 +1.5152e+00 +2.1876e+00
29 0 +2.196770731e+04 +2.296770731e+04 +2.296770731e+04 +1.2526e+00 +2.3955e+00
39 0 +5.832750691e+03 +6.832750691e+03 +6.832750691e+03 +1.7959e+00 +2.2566e+00
40 0 +2.706457578e+03 +3.706457578e+03 +3.706457578e+03 +2.4894e+00 +2.0069e+00
55 0 +1.302782370e+03 +2.302782370e+03 +2.302782370e+03 +3.1969e+00 +1.8196e+00
71 0 +1.908311767e+02 +1.190831177e+03 +1.190831177e+03 +2.9605e+00 +1.8612e+00
104 0 +1.168628076e+02 +1.116862808e+03 +1.116862808e+03 +2.5179e+00 +2.0620e+00
107 0 +1.561407595e+01 +1.015614076e+03 +1.015614076e+03 +2.2081e+00 +2.1747e+00
146 0 +1.517286815e+01 +1.015172868e+03 +1.015172868e+03 +2.1467e+00 +2.1988e+00
151 0 +1.457134290e+01 +1.014571343e+03 +1.014571343e+03 +1.8341e+00 +2.3220e+00
184 0 +1.371798065e+01 +1.013717981e+03 +1.013717981e+03 +1.9673e+00 +2.2708e+00
191 0 +1.322810166e+01 +1.013228102e+03 +1.013228102e+03 +1.7395e+00 +2.3599e+00
192 0 +1.258685937e+01 +1.012586859e+03 +1.012586859e+03 +1.7486e+00 +2.3567e+00
203 0 +1.134299640e+01 +1.011342996e+03 +1.011342996e+03 +1.5814e+00 +2.4250e+00
217 0 +9.654215648e+00 +1.009654216e+03 +1.009654216e+03 +8.4755e-01 +2.7142e+00
227 0 +8.637759724e+00 +1.008637760e+03 +1.008637760e+03 +1.1159e+00 +2.6084e+00
228 0 +8.160366904e+00 +1.008160367e+03 +1.008160367e+03 +1.1342e+00 +2.6028e+00
229 0 +8.080547797e+00 +1.008080548e+03 +1.008080548e+03 +1.0899e+00 +2.6190e+00
238 0 +8.000813463e+00 +1.008000813e+03 +1.008000813e+03 +1.0667e+00 +2.6298e+00
240 0 +6.177731517e+00 +1.006177732e+03 +1.006177732e+03 +8.1393e-01 +2.7300e+00
253 0 +4.220607738e+00 +1.004220608e+03 +1.004220608e+03 +4.1543e-01 +2.8886e+00
270 0 +3.057648797e+00 +1.003057649e+03 +1.003057649e+03 +1.2252e-01 +3.0044e+00
279 0 +1.855626976e+00 +1.001855627e+03 +1.001855627e+03 -3.1702e-01 +3.1791e+00
295 0 +1.151416142e+00 +1.001151416e+03 +1.001151416e+03 -5.2450e-01 +3.2627e+00
299 0 +1.011634850e+00 +1.001011635e+03 +1.001011635e+03 -5.5601e-01 +3.2752e+00
308 0 +2.949547060e-01 +1.000294955e+03 +1.000294955e+03 -1.0240e+00 +3.4609e+00
321 0 +9.515972146e-02 +1.000095160e+03 +1.000095160e+03 -1.2105e+00 +3.5352e+00
326 0 +1.336323467e-02 +1.000013363e+03 +1.000013363e+03 -1.3748e+00 +3.6007e+00
438 0 +7.762503237e-04 +1.000000776e+03 +1.000000776e+03 -1.4377e+00 +3.6259e+00
488 0 +4.215569110e-04 +1.000000422e+03 +1.000000422e+03 -1.4479e+00 +3.6299e+00
490 0 +1.753615240e-04 +1.000000175e+03 +1.000000175e+03 -1.4561e+00 +3.6332e+00
