% f evaluations | g evaluations | best noise-free fitness - Fopt (3.590000000000e+01) + sum g_i+ | measured fitness | best measured fitness or single-digit g-values | x1 | x2...
1 0 +3.391355936e+04 +3.394945936e+04 +3.394945936e+04 +5.9671e-01 -3.8264e-02 +7.4769e-01 +1.6230e+00 -1.3415e-01
10 0 +1.809916825e+04 +1.813506825e+04 +1.813506825e+04 -6.1984e-01 -3.6064e-01 +1.1571e+00 +4.4362e-01 -1.6630e+00
15 0 +3.090526178e+03 +3.126426178e+03 +3.126426178e+03 +4.6140e-01 +1.6380e+00 +6.4174e-02 +1.6646e+00 -2.5197e+00
27 0 +1.964216750e+03 +2.000116750e+03 +2.000116750e+03 +1.3782e-01 +8.9368e-01 +2.7283e+00 +3.7081e+00 -1.8379e+00
29 0 +4.520221643e+01 +8.110221643e+01 +8.110221643e+01 -1.0816e+00 +2.0560e+00 +3.1630e+00 +2.4154e+00 -3.2832e+00
35 0 +4.096517880e+01 +7.686517880e+01 +7.686517880e+01 +8.7679e-02 +6.3267e-01 +2.1334e+00 +3.5524e+00 -3.3568e+00
42 0 +3.822398355e+01 +7.412398355e+01 +7.412398355e+01 -1.5523e-01 +1.1836e+00 +2.7885e+00 +7.5573e-01 -4.1133e+00
98 0 +3.518550004e+01 +7.108550004e+01 +7.108550004e+01 -2.8196e-01 +2.8228e+00 +2.4876e+00 +9.8077e-01 -2.9889e+00
105 0 +2.754008021e+01 +6.344008021e+01 +6.344008021e+01 +2.7077e-01 +4.2632e+00 +2.1996e+00 +2.6951e+00 -2.3460e+00
172 0 +2.417525510e+01 +6.007525510e+01 +6.007525510e+01 +3.2019e-01 +1.8071e+00 +3.0937e+00 +3.4748e+00 -2.9551e+00
198 0 +2.331012621e+01 +5.921012621e+01 +5.921012621e+01 +8.6430e-01 +1.0160e+00 +2.2175e+00 +3.9264e+00 -2.2640e+00
205 0 +1.013936803e+01 +4.603936803e+01 +4.603936803e+01 +1.6269e+00 +2.0955e+00 +2.5785e+00 +2.9952e+00 -2.7212e+00
402 0 +7.742108482e+00 +4.364210848e+01 +4.364210848e+01 +2.3896e+00 +1.6640e+00 +2.2592e+00 +3.9000e+00 -2.9317e+00
405 0 +6.942895318e+00 +4.284289532e+01 +4.284289532e+01 +1.8122e+00 +2.0042e+00 +2.5435e+00 +3.6271e+00 -2.4730e+00
487 0 +5.764125177e+00 +4.166412518e+01 +4.166412518e+01 +2.5380e+00 +9.9152e-01 +1.9895e+00 +3.7220e+00 -2.3134e+00
508 0 +2.598704999e+00 +3.849870500e+01 +3.849870500e+01 +2.2298e+00 +1.3859e+00 +2.7495e+00 +3.2628e+00 -2.1420e+00
610 0 +7.321201208e-01 +3.663212012e+01 +3.663212012e+01 +2.4257e+00 +1.1911e+00 +2.5336e+00 +3.4254e+00 -1.5505e+00
918 0 +7.163828321e-01 +3.661638283e+01 +3.661638283e+01 +2.5408e+00 +1.2681e+00 +2.7035e+00 +3.5038e+00 -1.7316e+00
945 0 +6.444441375e-01 +3.654444414e+01 +3.654444414e+01 +2.5571e+00 +8.7015e-01 +2.6408e+00 +3.2753e+00 -1.7026e+00
990 0 +5.519135674e-01 +3.645191357e+01 +3.645191357e+01 +2.5171e+00 +1.1547e+00 +2.6070e+00 +3.4332e+00 -1.6678e+00
992 0 +4.560157695e-01 +3.635601577e+01 +3.635601577e+01 +2.6824e+00 +1.1677e+00 +2.4180e+00 +3.4998e+00 -1.6441e+00
999 0 +4.324325500e-01 +3.633243255e+01 +3.633243255e+01 +2.6979e+00 +1.0956e+00 +2.6563e+00 +3.3620e+00 -1.7773e+00
1023 0 +3.581362916e-01 +3.625813629e+01 +3.625813629e+01 +2.6211e+00 +1.2929e+00 +2.5387e+00 +3.4101e+00 -1.6322e+00
1105 0 +3.315466671e-01 +3.623154667e+01 +3.623154667e+01 +2.6207e+00 +1.1648e+00 +2.5886e+00 +3.3727e+00 -1.6681e+00
1130 0 +2.968745346e-01 +3.619687453e+01 +3.619687453e+01 +2.7450e+00 +1.1123e+00 +2.5809e+00 +3.5104e+00 -1.6921e+00
1142 0 +2.668809908e-01 +3.616688099e+01 +3.616688099e+01 +2.6452e+00 +1.0204e+00 +2.6654e+00 +3.3463e+00 -1.6693e+00
1171 0 +1.738368484e-01 +3.607383685e+01 +3.607383685e+01 +2.6207e+00 +1.1018e+00 +2.6492e+00 +3.3484e+00 -1.5673e+00
1222 0 +1.705828474e-01 +3.607058285e+01 +3.607058285e+01 +2.6890e+00 +1.0668e+00 +2.5649e+00 +3.4470e+00 -1.5745e+00
