% f evaluations | g evaluations | best noise-free fitness - Fopt (1.491500000000e+02) + sum g_i+ | measured fitness | best measured fitness or single-digit g-values | x1 | x2...
1 0 +1.589879163e+03 +1.739029163e+03 +1.739029163e+03 +5.9671e-01 -3.8264e-02 +7.4769e-01 +1.6230e+00 -1.3415e-01
4 0 +1.459283928e+03 +1.608433928e+03 +1.608433928e+03 -4.6229e-01 -9.1283e-01 +4.1425e-01 -8.0802e-01 -1.3123e+00
9 0 +1.233032610e+03 +1.382182610e+03 +1.382182610e+03 +8.3847e-01 +2.7137e-01 -1.5648e-02 -2.0110e-01 -1.3785e+00
13 0 +8.127868237e+02 +9.619368237e+02 +9.619368237e+02 -3.7917e-01 -8.5659e-02 -1.0063e+00 -1.0962e+00 +9.1253e-01
21 0 +7.176775228e+02 +8.668275228e+02 +8.668275228e+02 -1.3154e+00 -3.2065e-01 -2.4271e-01 -7.0228e-01 -6.1286e-02
23 0 +2.345660033e+02 +3.837160033e+02 +3.837160033e+02 -1.8188e+00 +7.3486e-02 +1.6023e-01 +2.5632e+00 -9.2361e-02
119 0 +2.150176078e+02 +3.641676078e+02 +3.641676078e+02 -1.5070e+00 -1.5767e+00 -1.2199e+00 -3.7404e-01 -1.8369e+00
131 0 +1.679899253e+02 +3.171399253e+02 +3.171399253e+02 -1.0727e+00 -9.4497e-01 -7.2332e-01 +9.4551e-01 -2.5166e+00
137 0 +1.325411620e+02 +2.816911620e+02 +2.816911620e+02 -1.0813e+00 -4.0121e-01 -5.6958e-01 +1.2757e+00 -3.4004e+00
165 0 +4.660478769e+01 +1.957547877e+02 +1.957547877e+02 -5.8017e-01 -1.6610e+00 -9.9728e-01 +6.4048e-01 -3.3737e+00
256 0 +4.397967736e+01 +1.931296774e+02 +1.931296774e+02 -6.1119e-01 -1.2568e+00 -1.1264e+00 +1.2916e+00 -3.9932e+00
258 0 +3.968678245e+01 +1.888367824e+02 +1.888367824e+02 -1.0683e-01 -3.7532e-01 -4.1238e-01 +1.0331e+00 -3.2775e+00
285 0 +1.805388722e+01 +1.672038872e+02 +1.672038872e+02 -8.9767e-01 -1.5691e+00 -6.9181e-01 +7.8936e-01 -3.8311e+00
365 0 +8.606022694e+00 +1.577560227e+02 +1.577560227e+02 -1.0709e+00 -1.3716e+00 -8.5597e-01 +9.8662e-01 -3.5744e+00
367 0 +8.265361740e+00 +1.574153617e+02 +1.574153617e+02 -1.2820e+00 -1.2731e+00 -8.5773e-01 +9.4368e-01 -3.5776e+00
462 0 +6.138017824e+00 +1.552880178e+02 +1.552880178e+02 -1.1627e+00 -1.3607e+00 -9.6134e-01 +7.3392e-01 -3.6658e+00
496 0 +4.699912274e+00 +1.538499123e+02 +1.538499123e+02 -4.2985e-01 -8.9715e-01 -8.2254e-01 +1.0065e+00 -3.7277e+00
521 0 +4.531869452e+00 +1.536818695e+02 +1.536818695e+02 -5.5762e-01 -1.1804e+00 -8.8566e-01 +9.4790e-01 -3.7996e+00
534 0 +3.781526886e+00 +1.529315269e+02 +1.529315269e+02 -8.7079e-01 -1.3324e+00 -9.6252e-01 +8.2355e-01 -3.7616e+00
548 0 +3.768981996e+00 +1.529189820e+02 +1.529189820e+02 -5.8468e-01 -1.2049e+00 -1.0025e+00 +8.8216e-01 -3.6946e+00
604 0 +3.305409970e+00 +1.524554100e+02 +1.524554100e+02 -4.6703e-01 -1.0820e+00 -8.7270e-01 +9.2396e-01 -3.6852e+00
650 0 +2.743791653e+00 +1.518937917e+02 +1.518937917e+02 -4.1394e-01 -9.3232e-01 -7.1761e-01 +9.8194e-01 -3.7381e+00
747 0 +2.415992376e+00 +1.515659924e+02 +1.515659924e+02 -3.9254e-01 -9.4659e-01 -7.4700e-01 +9.2526e-01 -3.6886e+00
779 0 +2.124091521e+00 +1.512740915e+02 +1.512740915e+02 -3.4357e-01 -8.5452e-01 -6.9042e-01 +9.3487e-01 -3.7920e+00
819 0 +1.885267857e+00 +1.510352679e+02 +1.510352679e+02 -2.8823e-01 -8.2884e-01 -7.0018e-01 +9.2880e-01 -3.7450e+00
821 0 +1.855167221e+00 +1.510051672e+02 +1.510051672e+02 -3.0020e-01 -7.9392e-01 -6.8643e-01 +9.4163e-01 -3.7648e+00
909 0 +1.848028282e+00 +1.509980283e+02 +1.509980283e+02 -2.3617e-01 -7.6272e-01 -5.7378e-01 +1.0508e+00 -3.7092e+00
912 0 +1.580045624e+00 +1.507300456e+02 +1.507300456e+02 -2.5171e-01 -7.7129e-01 -6.2146e-01 +9.8402e-01 -3.7107e+00
959 0 +1.578927743e+00 +1.507289277e+02 +1.507289277e+02 -2.5740e-01 -7.4597e-01 -6.1670e-01 +9.5850e-01 -3.7009e+00
977 0 +1.467770478e+00 +1.506177705e+02 +1.506177705e+02 -2.2380e-01 -7.0942e-01 -5.7588e-01 +9.9725e-01 -3.7281e+00
982 0 +1.292144861e+00 +1.504421449e+02 +1.504421449e+02 -2.2348e-01 -7.1676e-01 -5.2826e-01 +1.0552e+00 -3.6850e+00
1054 0 +1.053787641e+00 +1.502037876e+02 +1.502037876e+02 -1.9785e-01 -6.6831e-01 -4.8043e-01 +1.1038e+00 -3.6880e+00
1124 0 +1.035964693e+00 +1.501859647e+02 +1.501859647e+02 -1.9779e-01 -6.5610e-01 -4.7152e-01 +1.0923e+00 -3.6990e+00
1149 0 +9.995630200e-01 +1.501495630e+02 +1.501495630e+02 -1.9941e-01 -6.4604e-01 -4.7365e-01 +1.1167e+00 -3.6925e+00
1151 0 +9.597437746e-01 +1.501097438e+02 +1.501097438e+02 -1.9479e-01 -6.1109e-01 -4.0046e-01 +1.1647e+00 -3.6755e+00
1158 0 +8.278641886e-01 +1.499778642e+02 +1.499778642e+02 -1.9848e-01 -6.2345e-01 -4.1961e-01 +1.1809e+00 -3.6513e+00
