% f evaluations | g evaluations | best noise-free fitness - Fopt (-1.694000000000e+01) + sum g_i+ | measured fitness | best measured fitness or single-digit g-values | x1 | x2...
1 0 +1.324093633e+01 -3.699063674e+00 -3.699063674e+00 +5.9671e-01 -3.8264e-02 +7.4769e-01 +1.6230e+00 -1.3415e-01
5 0 +1.237830438e+01 -4.561695617e+00 -4.561695617e+00 +1.5656e+00 -1.2578e-01 +1.6753e-01 -1.3247e+00 -4.4438e-01
12 0 +1.195851158e+01 -4.981488421e+00 -4.981488421e+00 +1.0313e+00 -7.3922e-01 -2.0921e-01 +4.3126e-01 +1.0755e+00
14 0 +1.086104601e+01 -6.078953987e+00 -6.078953987e+00 +1.4562e+00 +2.7990e-02 +1.1035e+00 +4.6164e-01 -5.4512e-01
25 0 +6.718572502e+00 -1.022142750e+01 -1.022142750e+01 +8.9103e-01 -8.0939e-01 +1.5028e+00 -1.3019e+00 +6.8686e-01
33 0 +5.402858708e+00 -1.153714129e+01 -1.153714129e+01 +2.2446e+00 +6.2153e-01 -1.4737e-01 -7.4435e-02 +8.0773e-02
39 0 +4.786973409e+00 -1.215302659e+01 -1.215302659e+01 +1.9499e+00 +3.8515e-01 -2.2112e-01 -1.0642e+00 +1.3691e+00
56 0 +3.850430150e+00 -1.308956985e+01 -1.308956985e+01 +3.8476e+00 +4.0112e-02 -1.3418e+00 -2.0074e+00 -1.6324e-01
75 0 +3.388288117e+00 -1.355171188e+01 -1.355171188e+01 +2.4639e+00 +5.6543e-01 -1.3702e+00 -2.0221e+00 -4.4864e-01
112 0 +3.169096133e+00 -1.377090387e+01 -1.377090387e+01 +3.1220e+00 +2.6807e+00 -1.2748e+00 -7.4173e-01 +1.0039e+00
133 0 +2.095339720e+00 -1.484466028e+01 -1.484466028e+01 +3.5944e+00 +2.8638e+00 -8.7716e-01 +1.6537e+00 +1.7754e+00
213 0 +2.019261576e+00 -1.492073842e+01 -1.492073842e+01 +2.8443e+00 +1.3084e+00 -1.5254e+00 +1.8231e+00 +1.3092e+00
293 0 +1.256397309e+00 -1.568360269e+01 -1.568360269e+01 +3.9331e+00 +2.8091e+00 -1.9596e+00 +1.9714e+00 +1.1565e+00
301 0 +1.234646355e+00 -1.570535364e+01 -1.570535364e+01 +4.1521e+00 +2.3742e+00 -1.8677e+00 +7.6042e-01 +7.0507e-01
482 0 +1.004356472e+00 -1.593564353e+01 -1.593564353e+01 +4.1896e+00 +2.7416e+00 -1.2454e+00 +1.1350e+00 +1.3135e+00
495 0 +8.267664467e-01 -1.611323355e+01 -1.611323355e+01 +3.1742e+00 +2.3616e+00 -1.8800e+00 +1.6253e+00 +1.1345e+00
509 0 +6.883351919e-01 -1.625166481e+01 -1.625166481e+01 +3.3415e+00 +2.5515e+00 -1.4018e+00 +1.3553e+00 +1.2580e+00
519 0 +5.304132279e-01 -1.640958677e+01 -1.640958677e+01 +3.5343e+00 +2.7315e+00 -1.6927e+00 +1.5023e+00 +1.3610e+00
534 0 +3.303922851e-01 -1.660960771e+01 -1.660960771e+01 +3.9479e+00 +3.0106e+00 -1.3802e+00 +1.3410e+00 +1.5511e+00
686 0 +3.101476257e-01 -1.662985237e+01 -1.662985237e+01 +3.5861e+00 +2.4214e+00 -1.6163e+00 +1.5336e+00 +1.5031e+00
751 0 +2.771091685e-01 -1.666289083e+01 -1.666289083e+01 +4.0050e+00 +2.7669e+00 -1.2673e+00 +1.2699e+00 +1.5183e+00
761 0 +2.730283873e-01 -1.666697161e+01 -1.666697161e+01 +3.3752e+00 +2.4766e+00 -1.6501e+00 +1.4928e+00 +1.3194e+00
775 0 +1.190166795e-01 -1.682098332e+01 -1.682098332e+01 +3.6364e+00 +2.5658e+00 -1.5250e+00 +1.5359e+00 +1.4416e+00
892 0 +1.068154089e-01 -1.683318459e+01 -1.683318459e+01 +3.8097e+00 +2.6940e+00 -1.4596e+00 +1.3782e+00 +1.4647e+00
947 0 +1.032931188e-01 -1.683670688e+01 -1.683670688e+01 +3.7279e+00 +2.5671e+00 -1.5003e+00 +1.4554e+00 +1.4389e+00
984 0 +1.007744875e-01 -1.683922551e+01 -1.683922551e+01 +3.6541e+00 +2.5491e+00 -1.6070e+00 +1.4485e+00 +1.4525e+00
1004 0 +8.441053485e-02 -1.685558947e+01 -1.685558947e+01 +3.6467e+00 +2.5075e+00 -1.5399e+00 +1.4533e+00 +1.3615e+00
1091 0 +7.033100607e-02 -1.686966899e+01 -1.686966899e+01 +3.7591e+00 +2.6656e+00 -1.4705e+00 +1.3933e+00 +1.4349e+00
1093 0 +4.748650531e-02 -1.689251349e+01 -1.689251349e+01 +3.7008e+00 +2.5919e+00 -1.5023e+00 +1.4388e+00 +1.4042e+00
1111 0 +4.570150515e-02 -1.689429849e+01 -1.689429849e+01 +3.6656e+00 +2.5648e+00 -1.5356e+00 +1.4739e+00 +1.4220e+00
1139 0 +3.988532252e-02 -1.690011468e+01 -1.690011468e+01 +3.6566e+00 +2.5575e+00 -1.5264e+00 +1.4527e+00 +1.3844e+00
1209 0 +3.168922680e-02 -1.690831077e+01 -1.690831077e+01 +3.6183e+00 +2.5226e+00 -1.5552e+00 +1.4894e+00 +1.3955e+00
