% f evaluations | g evaluations | best noise-free fitness - Fopt (-1.694000000000e+01) + sum g_i+ | measured fitness | best measured fitness or single-digit g-values | x1 | x2...
1 0 +4.225253210e+01 +2.531253210e+01 +2.531253210e+01 +5.9671e-01 -3.8264e-02 +7.4769e-01 +1.6230e+00 -1.3415e-01
5 0 +3.530483772e+01 +1.836483772e+01 +1.836483772e+01 +1.5656e+00 -1.2578e-01 +1.6753e-01 -1.3247e+00 -4.4438e-01
28 0 +3.279398324e+01 +1.585398324e+01 +1.585398324e+01 +1.1049e+00 +1.0666e+00 -1.1931e+00 -1.9668e-01 +1.6157e-01
30 0 +2.988230403e+01 +1.294230403e+01 +1.294230403e+01 +9.8176e-01 +1.9212e-01 +1.8583e-01 +1.3689e+00 +5.4634e-01
55 0 +2.233315338e+01 +5.393153378e+00 +5.393153378e+00 +3.4489e+00 +8.5757e-01 -7.2244e-01 +6.3876e-01 -1.0137e+00
67 0 +1.581674396e+01 -1.123256039e+00 -1.123256039e+00 +2.6729e+00 -4.7083e-01 -1.3954e+00 +3.4778e+00 +8.2773e-01
103 0 +1.446859533e+01 -2.471404668e+00 -2.471404668e+00 +3.0650e+00 +3.8462e+00 -1.7249e+00 +7.8960e-01 +1.0703e+00
213 0 +1.312608283e+01 -3.813917174e+00 -3.813917174e+00 +4.0332e+00 +6.6906e-01 -1.4250e+00 +2.8255e+00 +1.2966e+00
218 0 +1.261682195e+01 -4.323178049e+00 -4.323178049e+00 +3.0035e+00 +1.7021e+00 -3.3782e+00 +3.0074e+00 +3.9843e-01
223 0 +8.177830127e+00 -8.762169873e+00 -8.762169873e+00 +2.7158e+00 +3.3872e-01 -2.0383e+00 +3.3734e+00 +9.3905e-01
276 0 +6.550394426e+00 -1.038960557e+01 -1.038960557e+01 +2.9000e+00 +3.1517e+00 -1.5268e+00 +1.9308e+00 +8.9183e-01
317 0 +6.489791829e+00 -1.045020817e+01 -1.045020817e+01 +4.1436e+00 +4.0302e+00 -3.3716e-01 +6.3528e-01 +1.7992e+00
353 0 +5.956121111e+00 -1.098387889e+01 -1.098387889e+01 +3.4966e+00 +1.4232e+00 -1.8282e+00 +1.8437e+00 +8.1826e-01
384 0 +3.990228571e+00 -1.294977143e+01 -1.294977143e+01 +3.2996e+00 +2.4091e+00 -1.6134e+00 +1.6379e+00 +8.6506e-01
387 0 +3.468368466e+00 -1.347163153e+01 -1.347163153e+01 +3.5782e+00 +2.3599e+00 -1.5650e+00 +1.4285e+00 +9.8131e-01
390 0 +3.308727843e+00 -1.363127216e+01 -1.363127216e+01 +4.3349e+00 +3.1671e+00 -9.1083e-01 +7.4151e-01 +1.6625e+00
429 0 +3.264400621e+00 -1.367559938e+01 -1.367559938e+01 +3.8025e+00 +2.7565e+00 -1.6642e+00 +1.6402e+00 +1.4036e+00
439 0 +1.712682839e+00 -1.522731716e+01 -1.522731716e+01 +3.8501e+00 +2.5342e+00 -1.5338e+00 +1.3366e+00 +1.6108e+00
613 0 +7.952297521e-01 -1.614477025e+01 -1.614477025e+01 +3.5867e+00 +2.7453e+00 -1.5346e+00 +1.3868e+00 +1.4506e+00
681 0 +7.775473397e-01 -1.616245266e+01 -1.616245266e+01 +3.6976e+00 +2.6370e+00 -1.5233e+00 +1.3765e+00 +1.3897e+00
696 0 +4.906071003e-01 -1.644939290e+01 -1.644939290e+01 +3.7987e+00 +2.7579e+00 -1.4521e+00 +1.3570e+00 +1.4559e+00
791 0 +3.486144004e-01 -1.659138560e+01 -1.659138560e+01 +3.6253e+00 +2.4581e+00 -1.5923e+00 +1.5312e+00 +1.4082e+00
882 0 +3.014367864e-01 -1.663856321e+01 -1.663856321e+01 +3.6900e+00 +2.5720e+00 -1.5209e+00 +1.4626e+00 +1.4184e+00
1130 0 +1.899920845e-01 -1.675000792e+01 -1.675000792e+01 +3.4353e+00 +2.4870e+00 -1.6398e+00 +1.5509e+00 +1.3610e+00
