% f evaluations | g evaluations | best noise-free fitness - Fopt (3.590000000000e+01) + sum g_i+ | measured fitness | best measured fitness or single-digit g-values | x1 | x2...
1 0 +3.391355936e+04 +3.394945936e+04 +3.394945936e+04 +5.9671e-01 -3.8264e-02 +7.4769e-01 +1.6230e+00 -1.3415e-01
10 0 +1.809916825e+04 +1.813506825e+04 +1.813506825e+04 -6.1984e-01 -3.6064e-01 +1.1571e+00 +4.4362e-01 -1.6630e+00
15 0 +3.090526178e+03 +3.126426178e+03 +3.126426178e+03 +4.6140e-01 +1.6380e+00 +6.4174e-02 +1.6646e+00 -2.5197e+00
27 0 +1.964216750e+03 +2.000116750e+03 +2.000116750e+03 +1.3782e-01 +8.9368e-01 +2.7283e+00 +3.7081e+00 -1.8379e+00
29 0 +4.520221643e+01 +8.110221643e+01 +8.110221643e+01 -1.0816e+00 +2.0560e+00 +3.1630e+00 +2.4154e+00 -3.2832e+00
35 0 +4.096517880e+01 +7.686517880e+01 +7.686517880e+01 +8.7679e-02 +6.3267e-01 +2.1334e+00 +3.5524e+00 -3.3568e+00
42 0 +3.822398355e+01 +7.412398355e+01 +7.412398355e+01 -1.5523e-01 +1.1836e+00 +2.7885e+00 +7.5573e-01 -4.1133e+00
204 0 +1.066093082e+01 +4.656093082e+01 +4.656093082e+01 +1.2823e+00 +1.8403e+00 +2.0106e+00 +2.2045e+00 -2.1941e+00
495 0 +9.691063373e+00 +4.559106337e+01 +4.559106337e+01 +2.4976e+00 +2.2554e+00 +2.3173e+00 +4.4598e+00 -2.9047e+00
527 0 +7.170000408e+00 +4.307000041e+01 +4.307000041e+01 +1.4348e+00 +1.9820e+00 +2.3618e+00 +2.8255e+00 -2.1605e+00
530 0 +6.620138434e+00 +4.252013843e+01 +4.252013843e+01 +1.6180e+00 +1.1962e+00 +2.0231e+00 +2.6216e+00 -2.0466e+00
581 0 +5.944124618e+00 +4.184412462e+01 +4.184412462e+01 +1.7204e+00 +6.4459e-01 +2.7799e+00 +2.7795e+00 -2.4311e+00
629 0 +3.186253108e+00 +3.908625311e+01 +3.908625311e+01 +2.1222e+00 +1.0988e+00 +2.8581e+00 +3.6006e+00 -1.9722e+00
1092 0 +2.908068237e+00 +3.880806824e+01 +3.880806824e+01 +2.2338e+00 +1.0679e+00 +2.7441e+00 +3.6103e+00 -2.1263e+00
1154 0 +1.489702947e+00 +3.738970295e+01 +3.738970295e+01 +2.5922e+00 +1.1555e+00 +2.6459e+00 +3.6263e+00 -2.0940e+00
1229 0 +1.312952044e+00 +3.721295204e+01 +3.721295204e+01 +2.5065e+00 +1.3499e+00 +2.5074e+00 +3.7338e+00 -1.7172e+00
