% f evaluations | g evaluations | best noise-free fitness - Fopt (-1.694000000000e+01) + sum g_i+ | measured fitness | best measured fitness or single-digit g-values | x1 | x2...
1 0 +1.324093633e+01 -3.699063674e+00 -3.699063674e+00 +5.9671e-01 -3.8264e-02 +7.4769e-01 +1.6230e+00 -1.3415e-01
5 0 +1.237830438e+01 -4.561695617e+00 -4.561695617e+00 +1.5656e+00 -1.2578e-01 +1.6753e-01 -1.3247e+00 -4.4438e-01
12 0 +1.195851158e+01 -4.981488421e+00 -4.981488421e+00 +1.0313e+00 -7.3922e-01 -2.0921e-01 +4.3126e-01 +1.0755e+00
14 0 +1.086104601e+01 -6.078953987e+00 -6.078953987e+00 +1.4562e+00 +2.7990e-02 +1.1035e+00 +4.6164e-01 -5.4512e-01
25 0 +6.718572502e+00 -1.022142750e+01 -1.022142750e+01 +8.9103e-01 -8.0939e-01 +1.5028e+00 -1.3019e+00 +6.8686e-01
75 0 +6.234979409e+00 -1.070502059e+01 -1.070502059e+01 +2.1331e+00 -7.7224e-01 +2.8767e-01 -1.2782e+00 +2.3128e+00
78 0 +5.585840490e+00 -1.135415951e+01 -1.135415951e+01 +2.9121e+00 -2.0661e-01 -1.3310e+00 -9.2664e-01 -1.4597e+00
135 0 +4.096483530e+00 -1.284351647e+01 -1.284351647e+01 +3.0950e+00 -7.5126e-01 -1.7448e+00 -1.0631e+00 -9.4762e-01
217 0 +3.904370448e+00 -1.303562955e+01 -1.303562955e+01 +3.3237e+00 +4.7055e-01 -1.1845e+00 -1.8218e+00 -7.2518e-01
311 0 +3.825219195e+00 -1.311478080e+01 -1.311478080e+01 +3.1240e+00 -3.6170e-01 -1.3392e+00 -2.5840e+00 -8.2113e-01
314 0 +2.816036795e+00 -1.412396321e+01 -1.412396321e+01 +3.2301e+00 +3.1770e-01 -1.1614e+00 -1.8291e+00 -4.8100e-01
434 0 +2.531114577e+00 -1.440888542e+01 -1.440888542e+01 +4.1287e+00 +1.6255e+00 -1.1157e+00 -9.4421e-01 +8.6078e-01
477 0 +2.019799631e+00 -1.492020037e+01 -1.492020037e+01 +4.8747e+00 +3.2657e+00 -7.2550e-01 +6.7564e-01 +1.2606e+00
505 0 +1.668985979e+00 -1.527101402e+01 -1.527101402e+01 +3.3478e+00 +2.9542e+00 -2.0941e+00 +1.6708e+00 +1.7691e+00
538 0 +1.094482901e+00 -1.584551710e+01 -1.584551710e+01 +3.6135e+00 +3.2660e+00 -1.7992e+00 +1.6841e+00 +1.6685e+00
614 0 +6.130528904e-01 -1.632694711e+01 -1.632694711e+01 +4.2316e+00 +2.5632e+00 -1.2482e+00 +1.2870e+00 +1.4045e+00
746 0 +4.582778852e-01 -1.648172211e+01 -1.648172211e+01 +3.2644e+00 +2.4182e+00 -1.5627e+00 +1.7475e+00 +1.4562e+00
788 0 +1.672777228e-01 -1.677272228e+01 -1.677272228e+01 +3.6730e+00 +2.5782e+00 -1.4685e+00 +1.5166e+00 +1.3616e+00
998 0 +1.512486116e-01 -1.678875139e+01 -1.678875139e+01 +3.5629e+00 +2.5820e+00 -1.6029e+00 +1.4787e+00 +1.3745e+00
1153 0 +1.489058952e-01 -1.679109410e+01 -1.679109410e+01 +3.5925e+00 +2.4613e+00 -1.5477e+00 +1.4669e+00 +1.3524e+00
1155 0 +1.203424505e-01 -1.681965755e+01 -1.681965755e+01 +3.5967e+00 +2.5695e+00 -1.5746e+00 +1.4881e+00 +1.3823e+00
1159 0 +7.537141319e-02 -1.686462859e+01 -1.686462859e+01 +3.6992e+00 +2.5290e+00 -1.5094e+00 +1.4683e+00 +1.4045e+00
1190 0 +4.415950520e-02 -1.689584049e+01 -1.689584049e+01 +3.6233e+00 +2.5168e+00 -1.5627e+00 +1.4953e+00 +1.3831e+00
