% f evaluations | g evaluations | best noise-free fitness - Fopt (2.997000000000e+01) + sum g_i+ | measured fitness | best measured fitness or single-digit g-values | x1 | x2...
1 0 +1.462433005e+03 +1.492403005e+03 +1.492403005e+03 +5.9671e-01 -3.8264e-02 +7.4769e-01 +1.6230e+00 -1.3415e-01
2 0 +1.061073956e+03 +1.091043956e+03 +1.091043956e+03 -1.3414e-01 +1.6792e+00 +8.6743e-01 -3.6947e-01 +6.4256e-01
3 0 +9.472936951e+02 +9.772636951e+02 +9.772636951e+02 -3.6342e-01 -3.6573e-01 +3.4196e-01 -1.8133e+00 -1.6249e+00
5 0 +8.776131466e+02 +9.075831466e+02 +9.075831466e+02 +1.5656e+00 -1.2578e-01 +1.6753e-01 -1.3247e+00 -4.4438e-01
7 0 +8.010567977e+02 +8.310267977e+02 +8.310267977e+02 -5.0171e-01 +1.9523e+00 +8.6503e-02 -9.5771e-01 +9.2254e-01
8 0 +5.991701095e+02 +6.291401095e+02 +6.291401095e+02 -1.1208e+00 +3.0886e-01 -1.8597e+00 -1.2282e+00 +2.9686e-01
27 0 +4.097068194e+02 +4.396768194e+02 +4.396768194e+02 -5.9822e-01 -4.2879e-01 -1.7965e+00 -2.1827e+00 +1.7471e+00
56 0 +3.382873599e+02 +3.682573599e+02 +3.682573599e+02 -4.7807e-01 +2.7111e-01 -2.1966e+00 -2.8788e+00 +1.0426e+00
109 0 +3.137424010e+02 +3.437124010e+02 +3.437124010e+02 -4.5826e-01 +5.3098e-01 -2.2440e+00 -1.7381e+00 +1.7551e+00
114 0 +1.844085559e+02 +2.143785559e+02 +2.143785559e+02 +7.3085e-01 -5.7564e-01 -3.5475e+00 -2.1802e+00 +2.4659e+00
182 0 +1.772844940e+02 +2.072544940e+02 +2.072544940e+02 +8.4075e-01 -9.2069e-01 -2.6912e+00 -2.1746e+00 +2.7384e+00
207 0 +9.576611829e+01 +1.257361183e+02 +1.257361183e+02 +2.6547e-01 -3.2402e-01 -3.2996e+00 -2.1061e+00 +4.0261e+00
223 0 +4.797321201e+01 +7.794321201e+01 +7.794321201e+01 +9.9250e-01 -1.7540e+00 -3.7255e+00 -1.9432e+00 +3.4583e+00
413 0 +4.335296744e+01 +7.332296744e+01 +7.332296744e+01 +8.8502e-01 -2.0201e+00 -3.7742e+00 -1.8932e+00 +3.3425e+00
419 0 +3.724434299e+01 +6.721434299e+01 +6.721434299e+01 +9.8984e-01 -2.2083e+00 -3.7596e+00 -2.1295e+00 +2.6685e+00
443 0 +2.673444028e+01 +5.670444028e+01 +5.670444028e+01 +1.2801e+00 -2.6240e+00 -3.8932e+00 -2.0176e+00 +2.5783e+00
449 0 +9.451337910e+00 +3.942133791e+01 +3.942133791e+01 +1.0257e+00 -1.9949e+00 -3.7574e+00 -1.9343e+00 +3.0371e+00
526 0 +8.270101326e+00 +3.824010133e+01 +3.824010133e+01 +1.1477e+00 -2.4505e+00 -3.8318e+00 -2.0209e+00 +2.7630e+00
765 0 +5.912096208e+00 +3.588209621e+01 +3.588209621e+01 +8.1270e-01 -1.5456e+00 -3.6156e+00 -1.9054e+00 +3.1900e+00
786 0 +3.249776234e+00 +3.321977623e+01 +3.321977623e+01 +8.1623e-01 -1.5357e+00 -3.6214e+00 -1.9238e+00 +3.2022e+00
868 0 +1.986972520e+00 +3.195697252e+01 +3.195697252e+01 +8.9323e-01 -1.7438e+00 -3.6652e+00 -1.9512e+00 +3.0779e+00
906 0 +7.520219945e-01 +3.072202199e+01 +3.072202199e+01 +8.3483e-01 -1.6023e+00 -3.6359e+00 -1.9296e+00 +3.1498e+00
1043 0 +7.291729151e-01 +3.069917292e+01 +3.069917292e+01 +8.3104e-01 -1.5886e+00 -3.6323e+00 -1.9294e+00 +3.1619e+00
1049 0 +4.362177439e-01 +3.040621774e+01 +3.040621774e+01 +8.7679e-01 -1.7119e+00 -3.6635e+00 -1.9408e+00 +3.1075e+00
1159 0 +3.637658565e-01 +3.033376586e+01 +3.033376586e+01 +8.3224e-01 -1.5962e+00 -3.6349e+00 -1.9309e+00 +3.1544e+00
1215 0 +3.007802258e-01 +3.027078023e+01 +3.027078023e+01 +8.1543e-01 -1.5504e+00 -3.6218e+00 -1.9281e+00 +3.1689e+00
1226 0 +1.451275838e-01 +3.011512758e+01 +3.011512758e+01 +8.7341e-01 -1.7010e+00 -3.6597e+00 -1.9410e+00 +3.1116e+00
1227 0 +7.465696587e-02 +3.004465697e+01 +3.004465697e+01 +8.5381e-01 -1.6504e+00 -3.6472e+00 -1.9366e+00 +3.1323e+00
