% f evaluations | g evaluations | best noise-free fitness - Fopt (7.135000000000e+01) + sum g_i+ | measured fitness | best measured fitness or single-digit g-values | x1 | x2...
1 0 +7.446886989e+01 +1.458188699e+02 +1.458188699e+02 +5.9671e-01 -3.8264e-02 +7.4769e-01 +1.6230e+00 -1.3415e-01
3 0 +5.113084942e+01 +1.224808494e+02 +1.224808494e+02 -3.6342e-01 -3.6573e-01 +3.4196e-01 -1.8133e+00 -1.6249e+00
18 0 +4.266526997e+01 +1.140152700e+02 +1.140152700e+02 -4.0176e-01 +1.0154e+00 +4.2875e-01 -4.2976e-01 +6.1327e-01
30 0 +2.790578685e+01 +9.925578685e+01 +9.925578685e+01 -6.4054e-01 -1.2149e-01 -1.7886e-01 -2.6982e-01 -6.6295e-01
39 0 +2.079481917e+01 +9.214481917e+01 +9.214481917e+01 -8.8735e-01 +1.0062e-01 +1.9621e-01 -8.7313e-01 -6.3474e-01
62 0 +1.150539116e+01 +8.285539116e+01 +8.285539116e+01 -1.0353e+00 +2.2020e-01 +5.4623e-01 -1.5568e+00 -1.2721e+00
282 0 +1.064962777e+01 +8.199962777e+01 +8.199962777e+01 +1.9729e+00 -3.3705e-01 +1.3255e+00 +1.3146e+00 +2.1735e+00
487 0 +7.462512737e+00 +7.881251274e+01 +7.881251274e+01 +2.7573e+00 +1.9312e+00 +1.3757e+00 -2.4018e+00 -3.1613e-01
1190 0 +6.288606706e+00 +7.763860671e+01 +7.763860671e+01 +2.4526e+00 -1.5791e-01 +9.3088e-01 +2.6590e-01 +1.2421e+00
