% f evaluations | g evaluations | best noise-free fitness - Fopt (7.135000000000e+01) + sum g_i+ | measured fitness | best measured fitness or single-digit g-values | x1 | x2...
1 0 +1.563025373e+02 +2.276525373e+02 +2.276525373e+02 +5.9671e-01 -3.8264e-02 +7.4769e-01 +1.6230e+00 -1.3415e-01 -1.3414e-01 +1.6792e+00 +8.6743e-01 -3.6947e-01 +6.4256e-01
2 0 +8.507595492e+01 +1.564259549e+02 +1.564259549e+02 -3.6342e-01 -3.6573e-01 +3.4196e-01 -1.8133e+00 -1.6249e+00 -4.6229e-01 -9.1283e-01 +4.1425e-01 -8.0802e-01 -1.3123e+00
3 0 +5.025798271e+01 +1.216079827e+02 +1.216079827e+02 +1.5656e+00 -1.2578e-01 +1.6753e-01 -1.3247e+00 -4.4438e-01 +2.1092e-01 -1.0510e+00 +4.7570e-01 -5.0064e-01 -1.9169e-01
4 0 +4.969194061e+01 +1.210419406e+02 +1.210419406e+02 -5.0171e-01 +1.9523e+00 +8.6503e-02 -9.5771e-01 +9.2254e-01 -1.1208e+00 +3.0886e-01 -1.8597e+00 -1.2282e+00 +2.9686e-01
5 0 +4.878548473e+01 +1.201354847e+02 +1.201354847e+02 +8.3847e-01 +2.7137e-01 -1.5648e-02 -2.0110e-01 -1.3785e+00 -6.1984e-01 -3.6064e-01 +1.1571e+00 +4.4362e-01 -1.6630e+00
13 0 +2.412096411e+01 +9.547096411e+01 +9.547096411e+01 +8.9103e-01 -8.0939e-01 +1.5028e+00 -1.3019e+00 +6.8686e-01 +2.2905e+00 -8.9054e-01 -4.6630e-01 +1.9965e-01 -4.0348e-01
89 0 +2.251561004e+01 +9.386561004e+01 +9.386561004e+01 -1.3192e+00 -1.2094e+00 -1.7068e-01 +1.0503e+00 +1.2619e+00 +2.7418e-01 -1.2837e+00 +2.0677e-01 +3.6993e-01 +1.4167e+00
195 0 +1.454796774e+01 +8.589796774e+01 +8.589796774e+01 -5.4074e-01 -9.3409e-01 -1.7791e+00 -1.0928e-01 -4.6846e-01 +2.8577e-01 +4.6159e-01 -1.5457e+00 -1.7501e-01 +6.8385e-01
% f evaluations | g evaluations | best noise-free fitness - Fopt (-3.552200000000e+02) + sum g_i+ | measured fitness | best measured fitness or single-digit g-values | x1 | x2...
1 0 +5.743893307e+01 -2.977810669e+02 -2.977810669e+02 +5.9671e-01 -3.8264e-02 +7.4769e-01 +1.6230e+00 -1.3415e-01 -1.3414e-01 +1.6792e+00 +8.6743e-01 -3.6947e-01 +6.4256e-01
5 0 +4.767275423e+01 -3.075472458e+02 -3.075472458e+02 +8.3847e-01 +2.7137e-01 -1.5648e-02 -2.0110e-01 -1.3785e+00 -6.1984e-01 -3.6064e-01 +1.1571e+00 +4.4362e-01 -1.6630e+00
19 0 +4.686117056e+01 -3.083588294e+02 -3.083588294e+02 +7.2567e-01 -7.5716e-01 -9.7089e-01 +5.8247e-01 -1.2346e-01 +8.1400e-01 +5.7324e-01 +2.7171e-02 -7.4679e-01 -1.4148e+00
46 0 +4.684908744e+01 -3.083709126e+02 -3.083709126e+02 +3.7321e-02 +1.0551e+00 -8.8573e-01 +6.0405e-01 -4.3026e-01 -6.9287e-01 -7.0304e-03 -9.3524e-01 -4.5365e-01 -1.0979e+00
67 0 +4.561551508e+01 -3.096044849e+02 -3.096044849e+02 +5.4114e-01 +1.2233e-01 +2.1460e-01 +6.0182e-02 -2.0130e+00 -6.5301e-01 -1.6851e+00 +2.2921e+00 -8.1323e-01 +1.4208e+00
100 0 +4.366237085e+01 -3.115576292e+02 -3.115576292e+02 -6.8992e-01 +1.2466e+00 -1.0915e+00 +4.5257e-01 +4.3200e-01 -6.3637e-02 -6.3163e-01 -3.6587e-01 +8.3587e-01 -8.4230e-01
165 0 +4.096640272e+01 -3.142535973e+02 -3.142535973e+02 +6.3563e-01 -7.5234e-01 +6.8188e-01 +2.0505e+00 +1.3771e+00 -9.0746e-01 +2.0297e-02 +2.6112e-02 +5.6743e-01 -6.5670e-01
171 0 +3.717078674e+01 -3.180492133e+02 -3.180492133e+02 -2.1852e+00 +9.5123e-01 -3.9490e-01 +9.5728e-01 +4.2245e-01 -2.2104e+00 -1.2726e+00 +1.1345e+00 -3.6087e-01 -9.4696e-01
302 0 +3.307090558e+01 -3.221490944e+02 -3.221490944e+02 -2.0364e-01 -6.8234e-01 -2.1310e+00 -7.0455e-01 -1.0071e+00 +3.3374e-01 +6.0386e-01 +1.0139e+00 +1.4699e-01 -9.7776e-01
308 0 +1.981707604e+01 -3.354029240e+02 -3.354029240e+02 -3.2146e-01 +7.5079e-01 -1.5387e+00 +5.5949e-01 -5.6731e-01 -2.1478e+00 -1.5676e+00 +3.9200e-01 +3.4909e-01 -1.0116e-01
409 0 +1.849141582e+01 -3.367285842e+02 -3.367285842e+02 -1.3736e+00 +5.1570e-01 +9.8319e-02 +1.6096e+00 -9.3108e-01 -1.1785e+00 -6.3495e-01 +2.6424e-01 -1.2639e+00 +1.9629e-01
542 0 +1.249234749e+01 -3.427276525e+02 -3.427276525e+02 -3.0738e-01 +2.3365e+00 -1.9176e+00 +1.7729e+00 -8.7411e-01 -3.2951e-01 +1.6115e-02 +5.3508e-01 -2.0476e+00 +6.4925e-02
549 0 +1.196666819e+01 -3.432533318e+02 -3.432533318e+02 -9.9584e-01 -8.5963e-01 -1.3008e+00 -1.1496e-01 -7.8194e-01 -1.8539e+00 -1.7894e+00 +1.6487e+00 -6.7265e-01 -1.0077e-01
1561 0 +1.126010704e+01 -3.439598930e+02 -3.439598930e+02 -1.0182e+00 -5.0318e-01 -1.0491e+00 -7.9801e-01 -2.1395e+00 -9.0360e-01 -9.0595e-01 +1.7916e+00 -1.1787e+00 +9.8902e-01
1614 0 +8.723861599e+00 -3.464961384e+02 -3.464961384e+02 -5.1807e-01 -6.8641e-01 -1.9303e+00 -9.3107e-01 -4.7340e-01 -2.5676e+00 -1.2072e+00 +1.0090e+00 -1.1489e+00 +2.3711e-01
2145 0 +7.211221602e+00 -3.480087784e+02 -3.480087784e+02 -2.5319e-01 -2.0040e+00 -3.1389e-01 -5.6503e-01 -1.4181e+00 -1.6845e+00 -1.9140e+00 +1.3091e+00 +1.2959e+00 +2.2323e-01
2184 0 +5.454574112e+00 -3.497654259e+02 -3.497654259e+02 -8.3256e-02 -9.4658e-01 -5.4339e-01 -7.1133e-01 -1.4772e+00 -1.1453e+00 -1.7369e+00 +1.3304e+00 +1.1525e+00 +5.3360e-01
2258 0 +4.887668039e+00 -3.503323320e+02 -3.503323320e+02 -4.6015e-01 -1.5856e+00 -3.5145e-02 -1.2664e+00 -1.8264e+00 -1.0366e+00 -1.7779e+00 +1.4623e+00 +1.7920e+00 +9.4205e-01
% f evaluations | g evaluations | best noise-free fitness - Fopt (9.917000000000e+01) + sum g_i+ | measured fitness | best measured fitness or single-digit g-values | x1 | x2...
1 0 +1.039278948e+02 +2.030978948e+02 +2.030978948e+02 +5.9671e-01 -3.8264e-02 +7.4769e-01 +1.6230e+00 -1.3415e-01 -1.3414e-01 +1.6792e+00 +8.6743e-01 -3.6947e-01 +6.4256e-01
2 0 +1.013994634e+02 +2.005694634e+02 +2.005694634e+02 -3.6342e-01 -3.6573e-01 +3.4196e-01 -1.8133e+00 -1.6249e+00 -4.6229e-01 -9.1283e-01 +4.1425e-01 -8.0802e-01 -1.3123e+00
3 0 +6.749849581e+01 +1.666684958e+02 +1.666684958e+02 +1.5656e+00 -1.2578e-01 +1.6753e-01 -1.3247e+00 -4.4438e-01 +2.1092e-01 -1.0510e+00 +4.7570e-01 -5.0064e-01 -1.9169e-01
5 0 +6.101309449e+01 +1.601830945e+02 +1.601830945e+02 +8.3847e-01 +2.7137e-01 -1.5648e-02 -2.0110e-01 -1.3785e+00 -6.1984e-01 -3.6064e-01 +1.1571e+00 +4.4362e-01 -1.6630e+00
15 0 +3.540159609e+01 +1.345715961e+02 +1.345715961e+02 +3.2746e-01 +1.4071e+00 -1.5075e+00 +2.8463e-01 +3.5988e-01 +8.8182e-01 -1.1370e+00 -1.2205e+00 +6.2194e-01 +3.9698e-01
59 0 +3.414773412e+01 +1.333177341e+02 +1.333177341e+02 +1.0184e+00 +1.9883e+00 -1.2891e+00 -7.0096e-01 +4.6626e-01 -1.0277e+00 -1.0559e+00 +3.3567e-01 -1.4102e+00 -5.6460e-01
63 0 +2.191934973e+01 +1.210893497e+02 +1.210893497e+02 +1.0314e+00 -2.8283e-01 -3.1466e-01 -3.4617e-01 +1.3806e+00 -2.3206e-01 +1.0759e+00 -2.2429e+00 -1.0789e+00 -6.0352e-01
285 0 +2.171733588e+01 +1.208873359e+02 +1.208873359e+02 +6.8739e-01 +7.0856e-01 +1.9541e-02 +6.7503e-01 +7.9603e-01 -4.8553e-01 -2.2785e+00 -1.6878e-01 -1.0741e+00 -9.7684e-01
347 0 +1.356322664e+01 +1.127332266e+02 +1.127332266e+02 -1.3503e+00 +1.8768e-01 -2.7949e+00 -1.8915e+00 +6.6063e-02 -6.8836e-01 +6.5948e-01 -9.0721e-01 -9.4806e-01 -2.9511e+00
1479 0 +8.757658508e+00 +1.079276585e+02 +1.079276585e+02 -9.3459e-01 -7.7252e-01 -1.0855e+00 +1.6010e+00 -8.4297e-01 -1.8941e-01 -1.8145e+00 -1.3545e-01 -1.4752e+00 -2.6977e+00
% f evaluations | g evaluations | best noise-free fitness - Fopt (-5.179100000000e+02) + sum g_i+ | measured fitness | best measured fitness or single-digit g-values | x1 | x2...
1 0 +8.463476067e+01 -4.332752393e+02 -4.332752393e+02 +5.9671e-01 -3.8264e-02 +7.4769e-01 +1.6230e+00 -1.3415e-01 -1.3414e-01 +1.6792e+00 +8.6743e-01 -3.6947e-01 +6.4256e-01
2 0 +5.014337174e+01 -4.677666283e+02 -4.677666283e+02 -3.6342e-01 -3.6573e-01 +3.4196e-01 -1.8133e+00 -1.6249e+00 -4.6229e-01 -9.1283e-01 +4.1425e-01 -8.0802e-01 -1.3123e+00
4 0 +3.776209812e+01 -4.801479019e+02 -4.801479019e+02 -5.0171e-01 +1.9523e+00 +8.6503e-02 -9.5771e-01 +9.2254e-01 -1.1208e+00 +3.0886e-01 -1.8597e+00 -1.2282e+00 +2.9686e-01
38 0 +2.841247606e+01 -4.894975239e+02 -4.894975239e+02 +1.2451e-01 +5.9800e-01 +1.5511e+00 +1.0593e+00 +2.2532e+00 -6.6735e-01 +9.7232e-01 +2.8334e-01 +2.2898e+00 -7.0830e-01
188 0 +2.152773791e+01 -4.963822621e+02 -4.963822621e+02 +6.4641e-01 +1.3221e-01 -2.5979e-01 +1.7491e+00 +5.7606e-01 +8.6127e-01 +3.9558e-01 -3.9919e-01 -1.0201e+00 +2.4281e-01
219 0 +2.063815656e+01 -4.972718434e+02 -4.972718434e+02 +1.3165e-01 -2.2654e-01 -4.8756e-01 +8.8425e-01 +3.6620e-01 +9.5346e-02 +1.5808e+00 +8.7791e-01 -4.4878e-01 -3.9834e-01
252 0 +1.633871389e+01 -5.015712861e+02 -5.015712861e+02 -3.9465e-01 +1.0795e+00 -5.3685e-01 +4.4564e-01 +2.3047e-01 -1.4422e+00 +1.5702e+00 +2.3431e-01 +6.6069e-01 +6.8936e-01
491 0 +8.749537341e+00 -5.091604627e+02 -5.091604627e+02 +5.4722e-01 +3.0960e-01 +1.8823e-02 +1.6087e+00 +8.5008e-01 +6.9812e-01 +1.2594e+00 -1.3106e-01 -7.1879e-01 -1.6837e-01
885 0 +7.083290119e+00 -5.108267099e+02 -5.108267099e+02 -8.2186e-01 -7.7552e-01 +2.4585e-01 +1.3490e+00 +1.1951e+00 +1.7558e+00 -1.0084e-01 +3.5217e-01 -3.1768e-01 -8.3629e-01
1161 0 +6.819420432e+00 -5.110905796e+02 -5.110905796e+02 -1.2738e+00 -2.7433e-01 +1.2764e-01 +1.0466e+00 +1.3656e+00 +1.1028e+00 +9.8100e-01 -4.8486e-01 +4.5265e-01 -1.7818e-01
1226 0 +6.208072790e+00 -5.117019272e+02 -5.117019272e+02 -1.3338e+00 -6.9125e-01 +5.3438e-01 +1.4468e+00 +1.4223e+00 +1.5928e+00 +4.7736e-01 -1.4352e-01 -3.5537e-01 -1.1468e+00
1293 0 +4.997645969e+00 -5.129123540e+02 -5.129123540e+02 -8.6753e-01 -3.9869e-01 +9.8778e-01 +1.0393e+00 +9.5213e-01 +1.6213e+00 +5.0228e-01 +3.5703e-01 -2.8970e-01 -9.3499e-01
1313 0 +4.745541045e+00 -5.131644590e+02 -5.131644590e+02 -7.8342e-01 -4.5580e-01 +2.6572e-01 +1.2405e+00 +1.1732e+00 +1.2285e+00 +5.3731e-01 +1.9281e-01 -3.7134e-01 -1.0798e+00
1367 0 +4.561786260e+00 -5.133482137e+02 -5.133482137e+02 -7.8757e-01 -1.2264e+00 +2.5621e-01 +8.7540e-01 +1.3980e+00 +1.2173e+00 +9.5000e-01 +2.0428e-02 -9.2784e-02 -5.2327e-01
1392 0 +2.687051176e+00 -5.152229488e+02 -5.152229488e+02 -9.2336e-01 -1.1427e+00 +2.1030e-01 +9.1656e-01 +1.3990e+00 +1.4638e+00 +7.0109e-01 -5.0968e-02 +2.0593e-01 -7.9828e-01
1780 0 +2.209289327e+00 -5.157007107e+02 -5.157007107e+02 -1.1167e+00 -9.1456e-01 +2.2730e-01 +1.2901e+00 +1.6149e+00 +1.7818e+00 +4.8791e-01 -2.8111e-01 +2.9559e-01 -6.4939e-01
1844 0 +2.104554007e+00 -5.158054460e+02 -5.158054460e+02 -9.6509e-01 -8.2698e-01 +3.7483e-01 +1.0238e+00 +1.4661e+00 +1.5420e+00 +3.3844e-01 +1.8132e-01 +5.7386e-02 -8.3334e-01
1864 0 +1.909546107e+00 -5.160004539e+02 -5.160004539e+02 -8.5282e-01 -1.0369e+00 +2.3528e-01 +1.0242e+00 +1.6155e+00 +1.4222e+00 +7.3797e-01 -3.2124e-01 +2.8856e-01 -5.5202e-01
1885 0 +1.555949712e+00 -5.163540503e+02 -5.163540503e+02 -1.2816e+00 -1.2102e+00 +4.6088e-01 +8.4288e-01 +1.6629e+00 +1.8390e+00 +3.7318e-01 -8.7439e-02 +2.7616e-01 -8.7004e-01
1904 0 +1.121524334e+00 -5.167884757e+02 -5.167884757e+02 -1.2935e+00 -1.1312e+00 +3.8010e-01 +8.7299e-01 +1.4934e+00 +1.5721e+00 +5.7099e-01 -3.1236e-03 +2.4558e-01 -9.9430e-01
1952 0 +1.078890289e+00 -5.168311097e+02 -5.168311097e+02 -1.3010e+00 -1.3401e+00 +1.1311e-01 +8.6932e-01 +1.7289e+00 +1.6550e+00 +6.5255e-01 -2.3084e-01 +1.4621e-01 -6.1401e-01
2009 0 +8.306884636e-01 -5.170793115e+02 -5.170793115e+02 -1.2127e+00 -1.1269e+00 +3.8378e-01 +8.5641e-01 +1.5608e+00 +1.6130e+00 +5.7670e-01 +1.2671e-01 +1.7445e-01 -7.6756e-01
2072 0 +6.143466172e-01 -5.172956534e+02 -5.172956534e+02 -1.3059e+00 -1.0156e+00 +3.2142e-01 +8.2750e-01 +1.5535e+00 +1.4304e+00 +6.2525e-01 +4.5528e-02 +2.3183e-01 -7.8033e-01
2105 0 +4.764285295e-01 -5.174335715e+02 -5.174335715e+02 -1.1450e+00 -9.8643e-01 +2.9069e-01 +9.7575e-01 +1.5317e+00 +1.5480e+00 +5.7854e-01 -5.0206e-02 +1.5500e-01 -8.2548e-01
2173 0 +3.595848554e-01 -5.175504151e+02 -5.175504151e+02 -1.2269e+00 -1.2269e+00 +3.8844e-01 +7.9785e-01 +1.5727e+00 +1.6688e+00 +5.2060e-01 +9.9164e-02 +2.0874e-01 -7.8387e-01
2269 0 +3.353154425e-01 -5.175746846e+02 -5.175746846e+02 -1.1991e+00 -1.0074e+00 +3.3960e-01 +9.5347e-01 +1.5447e+00 +1.6305e+00 +5.0570e-01 -1.0116e-01 +8.0398e-02 -8.8890e-01
2282 0 +2.947214995e-01 -5.176152785e+02 -5.176152785e+02 -1.2346e+00 -1.3185e+00 +3.8355e-01 +8.2782e-01 +1.6152e+00 +1.6071e+00 +5.4884e-01 +1.6483e-03 +2.3018e-01 -7.9827e-01
2340 0 +2.464136203e-01 -5.176635864e+02 -5.176635864e+02 -1.2163e+00 -1.3632e+00 +3.3230e-01 +9.1130e-01 +1.6326e+00 +1.6760e+00 +5.5241e-01 -6.9658e-02 +3.8278e-01 -8.4419e-01
2465 0 +9.917412021e-02 -5.178108259e+02 -5.178108259e+02 -1.2633e+00 -1.2523e+00 +3.3781e-01 +8.9520e-01 +1.6788e+00 +1.7474e+00 +4.8976e-01 -2.1492e-02 +2.1501e-01 -8.3984e-01
% f evaluations | g evaluations | best noise-free fitness - Fopt (-5.721000000000e+01) + sum g_i+ | measured fitness | best measured fitness or single-digit g-values | x1 | x2...
1 0 +5.863635118e+01 +1.426351182e+00 +1.426351182e+00 +5.9671e-01 -3.8264e-02 +7.4769e-01 +1.6230e+00 -1.3415e-01 -1.3414e-01 +1.6792e+00 +8.6743e-01 -3.6947e-01 +6.4256e-01
11 0 +5.609913310e+01 -1.110866905e+00 -1.110866905e+00 -1.3154e+00 -3.2065e-01 -2.4271e-01 -7.0228e-01 -6.1286e-02 +5.0405e-01 +1.9862e+00 +2.7458e-01 +3.5755e-01 +2.5554e-02
13 0 +5.180887444e+01 -5.401125560e+00 -5.401125560e+00 +8.9103e-01 -8.0939e-01 +1.5028e+00 -1.3019e+00 +6.8686e-01 +2.2905e+00 -8.9054e-01 -4.6630e-01 +1.9965e-01 -4.0348e-01
23 0 +3.625132968e+01 -2.095867032e+01 -2.095867032e+01 +2.4147e+00 -1.7673e+00 +7.8626e-01 -1.5127e+00 -3.7193e-01 +1.1890e+00 +1.6428e-01 -9.7774e-01 -6.1530e-01 +7.7960e-01
47 0 +2.544855445e+01 -3.176144555e+01 -3.176144555e+01 +2.0647e+00 +1.3526e-01 -5.9973e-01 +3.1398e-01 -1.2328e-02 -1.2097e-01 +7.1417e-01 +8.5751e-01 -4.3050e-01 -4.7582e-01
102 0 +2.321686133e+01 -3.399313867e+01 -3.399313867e+01 +7.0786e-01 -1.5109e-01 -8.8578e-01 +4.9218e-02 +1.6100e+00 +6.6747e-01 +1.7559e+00 +1.6490e+00 -5.7799e-01 +9.1174e-02
120 0 +2.258820268e+01 -3.462179732e+01 -3.462179732e+01 +1.4135e+00 -6.2540e-01 -4.7307e-01 +2.1026e-01 +3.5011e-01 +1.4820e+00 +2.9784e+00 +1.1633e+00 -2.6996e-01 +1.7795e+00
264 0 +1.729873718e+01 -3.991126282e+01 -3.991126282e+01 +2.7974e+00 -6.0052e-01 -7.2234e-01 +9.4740e-01 -1.0886e-02 +1.1686e+00 +3.6845e-01 -8.5717e-01 -2.2217e+00 +1.4397e+00
1153 0 +1.561145330e+01 -4.159854670e+01 -4.159854670e+01 +2.7382e+00 -3.3152e+00 +2.5859e-01 -2.5514e+00 +1.1253e+00 -4.1375e-01 -1.0548e+00 -1.1298e+00 -2.7100e+00 -1.5961e+00
1243 0 +1.461323524e+01 -4.259676476e+01 -4.259676476e+01 +3.6785e+00 -1.3295e+00 +1.9027e+00 -9.9168e-01 +2.2710e-01 +8.3048e-01 +4.8581e-01 -2.8300e+00 -2.3511e+00 -1.2735e+00
1392 0 +1.456228024e+01 -4.264771976e+01 -4.264771976e+01 +2.5497e+00 +7.6641e-02 +7.7955e-01 +7.3957e-02 +6.2736e-01 +2.0849e+00 -2.7162e-01 -1.2085e+00 -1.7715e+00 -1.1541e+00
1495 0 +1.338577921e+01 -4.382422079e+01 -4.382422079e+01 +2.7348e+00 +1.0199e+00 -6.2544e-01 +1.1875e-01 +4.2798e-02 +2.4306e+00 -6.8189e-01 -1.2651e+00 -1.5798e+00 -1.0620e+00
1599 0 +1.087924793e+01 -4.633075207e+01 -4.633075207e+01 +1.8275e+00 -1.8484e+00 +1.4661e-01 -7.0064e-01 +4.4929e-01 +1.3331e+00 +6.7517e-02 -9.9970e-01 -2.4964e+00 -1.7314e+00
1701 0 +1.022509305e+01 -4.698490695e+01 -4.698490695e+01 +7.6299e-01 -7.7974e-01 -6.6429e-01 +6.6779e-01 +1.9447e-01 +1.7445e+00 -2.3014e-01 -6.7850e-01 -8.2825e-01 -6.0014e-01
1947 0 +5.719374888e+00 -5.149062511e+01 -5.149062511e+01 +2.7733e+00 -1.0943e+00 +8.6292e-01 -8.1983e-01 +6.3668e-01 +1.6167e+00 -3.2370e-01 -1.2359e+00 -2.2993e+00 -8.4199e-01
2353 0 +4.185611691e+00 -5.302438831e+01 -5.302438831e+01 +2.5098e+00 +9.3410e-02 -5.8742e-02 -4.8210e-01 +5.1915e-01 +1.8189e+00 -8.2838e-01 -1.0182e+00 -1.4586e+00 -8.8397e-01
2362 0 +3.999541021e+00 -5.321045898e+01 -5.321045898e+01 +2.6608e+00 +1.4633e-01 +1.4969e-01 -6.8589e-01 -1.6326e-01 +2.3202e+00 -1.5444e-01 -1.7596e+00 -1.9444e+00 -3.6576e-01
2420 0 +3.318984288e+00 -5.389101571e+01 -5.389101571e+01 +2.8129e+00 +5.2490e-01 +2.9166e-01 -3.5351e-01 +3.7476e-01 +1.9908e+00 -2.5545e-01 -1.4461e+00 -1.5833e+00 -8.0564e-01
2429 0 +2.916230059e+00 -5.429376994e+01 -5.429376994e+01 +2.6322e+00 -3.9639e-01 +3.0411e-01 -7.7201e-01 +1.2398e-01 +1.9548e+00 -7.0299e-02 -1.5540e+00 -2.1207e+00 -7.7519e-01
2484 0 +2.878362060e+00 -5.433163794e+01 -5.433163794e+01 +1.5123e+00 -7.2880e-01 -1.0914e+00 -7.0447e-02 +5.2446e-01 +1.8764e+00 -8.3448e-01 -5.4356e-01 -1.1393e+00 -8.7231e-01
% f evaluations | g evaluations | best noise-free fitness - Fopt (6.626000000000e+01) + sum g_i+ | measured fitness | best measured fitness or single-digit g-values | x1 | x2...
1 0 +5.586764802e+01 +1.221276480e+02 +1.221276480e+02 +5.9671e-01 -3.8264e-02 +7.4769e-01 +1.6230e+00 -1.3415e-01 -1.3414e-01 +1.6792e+00 +8.6743e-01 -3.6947e-01 +6.4256e-01
4 0 +5.227987907e+01 +1.185398791e+02 +1.185398791e+02 -5.0171e-01 +1.9523e+00 +8.6503e-02 -9.5771e-01 +9.2254e-01 -1.1208e+00 +3.0886e-01 -1.8597e+00 -1.2282e+00 +2.9686e-01
11 0 +5.165312297e+01 +1.179131230e+02 +1.179131230e+02 -1.3154e+00 -3.2065e-01 -2.4271e-01 -7.0228e-01 -6.1286e-02 +5.0405e-01 +1.9862e+00 +2.7458e-01 +3.5755e-01 +2.5554e-02
23 0 +4.305155598e+01 +1.093115560e+02 +1.093115560e+02 +2.4147e+00 -1.7673e+00 +7.8626e-01 -1.5127e+00 -3.7193e-01 +1.1890e+00 +1.6428e-01 -9.7774e-01 -6.1530e-01 +7.7960e-01
59 0 +4.051850964e+01 +1.067785096e+02 +1.067785096e+02 -7.6631e-01 -1.2310e+00 +1.1079e+00 -1.1180e-01 -3.1156e-01 +6.8197e-01 +4.4185e-01 -1.8718e+00 +3.2381e-01 +3.7040e-01
66 0 +3.719052766e+01 +1.034505277e+02 +1.034505277e+02 +2.4641e+00 -7.3009e-01 +5.0298e-01 -3.5610e-02 -1.1543e-01 +5.8391e-01 +7.7334e-02 +3.7114e-01 -1.2865e+00 +2.7472e-02
77 0 +3.442972423e+01 +1.006897242e+02 +1.006897242e+02 -2.1592e-01 -1.3265e+00 +4.9251e-01 -8.5591e-01 +3.8287e-01 +2.2492e+00 +3.7290e-01 -5.6476e-01 +2.1353e-01 +1.0548e-01
96 0 +2.673384124e+01 +9.299384124e+01 +9.299384124e+01 -8.9038e-04 -7.4617e-02 -2.7413e+00 +3.7849e-01 -1.3513e+00 +1.0851e+00 -1.0553e+00 +2.8622e-02 +1.0173e+00 -3.7859e-01
139 0 +2.251108569e+01 +8.877108569e+01 +8.877108569e+01 -2.8046e-03 -1.0500e-01 +1.2126e-01 -3.8727e-01 -1.0046e-01 -3.3913e-01 -1.8505e-01 -1.3327e+00 -1.6932e+00 -1.0246e+00
382 0 +1.576830638e+01 +8.202830638e+01 +8.202830638e+01 -5.9813e-02 -8.2104e-01 +1.0472e+00 +3.9430e-01 +2.2414e+00 -1.2362e-01 +2.5745e+00 -8.8258e-01 -2.1357e+00 -1.3650e+00
631 0 +1.531887132e+01 +8.157887132e+01 +8.157887132e+01 -1.1733e-01 -6.6553e-01 -2.5732e-01 +1.4488e+00 -5.0574e-01 +3.1526e-02 -2.4919e-01 -3.8934e+00 -2.2037e+00 -3.2570e-01
1074 0 +1.415612070e+01 +8.041612070e+01 +8.041612070e+01 -2.1888e+00 -2.4421e+00 +1.3107e+00 -7.2640e-01 +2.2356e-01 +1.7027e+00 -3.9074e-02 -1.8486e+00 -2.0431e+00 -1.0648e+00
1338 0 +1.347379501e+01 +7.973379501e+01 +7.973379501e+01 -2.0061e+00 -2.4249e+00 +1.3437e+00 -1.5868e-02 +1.5249e+00 -1.4865e-01 +9.3499e-01 -2.1176e+00 -2.0385e+00 +6.7317e-01
1404 0 +1.312464895e+01 +7.938464895e+01 +7.938464895e+01 -2.9696e+00 -1.9679e+00 +2.0417e+00 -1.0872e+00 +8.9951e-01 -7.2663e-01 +8.6506e-01 -2.1086e+00 -2.1262e+00 -4.3860e-02
1631 0 +7.952746708e+00 +7.421274671e+01 +7.421274671e+01 -1.9026e+00 -2.5761e+00 +1.8598e+00 -2.5056e-01 +8.5393e-01 +6.7570e-01 -3.2289e-03 -1.1876e+00 -2.2665e+00 -2.0404e-01
1804 0 +5.764577213e+00 +7.202457721e+01 +7.202457721e+01 -1.7809e+00 -1.4394e+00 +2.1230e+00 +1.5057e-01 +5.3917e-01 -5.5688e-01 +5.7442e-01 -1.9880e+00 -2.0620e+00 +2.8943e-01
2142 0 +5.058895657e+00 +7.131889566e+01 +7.131889566e+01 -2.0166e+00 -1.6894e+00 +1.8616e+00 +1.6947e-01 +5.6959e-01 -3.9235e-01 +9.5542e-02 -1.8634e+00 -2.1685e+00 +5.9930e-02
2168 0 +2.861654735e+00 +6.912165474e+01 +6.912165474e+01 -2.8901e+00 -1.5999e+00 +2.0148e+00 -3.6039e-01 +4.1805e-01 -6.7257e-01 +4.1500e-01 -2.3997e+00 -2.2157e+00 +4.9256e-01
% f evaluations | g evaluations | best noise-free fitness - Fopt (-1.386200000000e+02) + sum g_i+ | measured fitness | best measured fitness or single-digit g-values | x1 | x2...
1 0 +5.619946729e+01 -8.242053271e+01 -8.242053271e+01 +5.9671e-01 -3.8264e-02 +7.4769e-01 +1.6230e+00 -1.3415e-01 -1.3414e-01 +1.6792e+00 +8.6743e-01 -3.6947e-01 +6.4256e-01
5 0 +5.186669293e+01 -8.675330707e+01 -8.675330707e+01 +8.3847e-01 +2.7137e-01 -1.5648e-02 -2.0110e-01 -1.3785e+00 -6.1984e-01 -3.6064e-01 +1.1571e+00 +4.4362e-01 -1.6630e+00
17 0 +3.974652191e+01 -9.887347809e+01 -9.887347809e+01 -8.7468e-01 +8.8708e-01 +1.2586e+00 -7.2068e-01 +1.0634e+00 +5.1278e-01 +9.2206e-01 +1.9968e+00 -1.4539e-01 -6.5374e-01
21 0 +3.713740102e+01 -1.014825990e+02 -1.014825990e+02 +4.5779e-01 +6.6078e-01 +1.1831e+00 +1.1538e+00 -1.2777e+00 -8.3783e-01 +6.1504e-01 +6.1379e-01 +6.1505e-01 +3.9527e+00
28 0 +3.276935266e+01 -1.058506473e+02 -1.058506473e+02 +1.5413e+00 -1.3359e+00 +1.2632e+00 +1.1023e-01 -8.8151e-01 +5.6210e-01 +2.9906e-01 -5.0022e-01 +1.6980e-01 -2.8531e-01
51 0 +2.706414866e+01 -1.115558513e+02 -1.115558513e+02 +1.8374e-01 +8.7688e-02 -9.0360e-01 +2.4438e+00 -1.1698e+00 -4.8377e-01 -1.7043e-01 -6.2814e-01 -1.0031e+00 -1.1293e+00
68 0 +2.464678873e+01 -1.139732113e+02 -1.139732113e+02 -6.1434e-01 +9.3676e-01 -1.4467e-01 +2.2251e+00 +2.8938e-01 -3.9105e-01 +3.6298e-01 -1.0294e+00 +3.5718e-01 +8.7329e-02
146 0 +2.379911702e+01 -1.148208830e+02 -1.148208830e+02 -8.3102e-01 -3.2168e-01 -2.5145e+00 +1.8799e+00 -1.5186e+00 -1.1317e-01 +1.7662e+00 +1.3613e+00 -3.8038e-01 -8.2847e-01
351 0 +1.704456995e+01 -1.215754301e+02 -1.215754301e+02 +6.4969e-01 -1.4305e-01 -8.2037e-01 +4.1095e-01 -1.9180e+00 +2.6482e+00 +2.5881e+00 +1.4644e+00 +2.2230e+00 +1.2192e+00
1178 0 +1.079113709e+01 -1.278288629e+02 -1.278288629e+02 +1.2531e+00 -2.2714e-01 +1.0842e+00 +9.7483e-01 -8.8639e-01 -2.4029e+00 -9.8936e-01 -2.3659e+00 +6.0451e-01 +2.7990e-01
2369 0 +9.555537138e+00 -1.290644629e+02 -1.290644629e+02 +2.5058e+00 -2.9958e-01 -1.4549e+00 +1.3147e+00 -4.6013e-01 -3.6465e+00 +3.5242e-01 -1.2599e+00 +1.5775e+00 +1.2662e-01
% f evaluations | g evaluations | best noise-free fitness - Fopt (7.313900000000e+02) + sum g_i+ | measured fitness | best measured fitness or single-digit g-values | x1 | x2...
1 0 +9.616550670e+01 +8.275555067e+02 +8.275555067e+02 +5.9671e-01 -3.8264e-02 +7.4769e-01 +1.6230e+00 -1.3415e-01 -1.3414e-01 +1.6792e+00 +8.6743e-01 -3.6947e-01 +6.4256e-01
2 0 +6.107912337e+01 +7.924691234e+02 +7.924691234e+02 -3.6342e-01 -3.6573e-01 +3.4196e-01 -1.8133e+00 -1.6249e+00 -4.6229e-01 -9.1283e-01 +4.1425e-01 -8.0802e-01 -1.3123e+00
7 0 +5.878047704e+01 +7.901704770e+02 +7.901704770e+02 -3.7917e-01 -8.5659e-02 -1.0063e+00 -1.0962e+00 +9.1253e-01 +1.4562e+00 +2.7990e-02 +1.1035e+00 +4.6164e-01 -5.4512e-01
9 0 +5.597123573e+01 +7.873612357e+02 +7.873612357e+02 -1.1967e-01 +4.5711e-01 +1.5779e+00 -4.1827e-01 -7.0849e-01 -4.0176e-01 +1.0154e+00 +4.2875e-01 -4.2976e-01 +6.1327e-01
12 0 +4.866274420e+01 +7.800527442e+02 +7.800527442e+02 -1.8188e+00 +7.3486e-02 +1.6023e-01 +2.5632e+00 -9.2361e-02 +4.0155e-01 +6.5288e-02 -1.0687e+00 +1.2428e+00 +8.5193e-01
18 0 +3.521180174e+01 +7.666018017e+02 +7.666018017e+02 -7.8951e-01 -7.1581e-01 +2.2898e-02 +4.4115e-01 +3.7669e-01 +9.2718e-01 +1.1300e-01 +1.5535e+00 -1.6466e-01 +2.8202e+00
29 0 +3.332197453e+01 +7.647119745e+02 +7.647119745e+02 +2.1352e-01 +7.6213e-01 +1.6860e+00 -1.1378e+00 +2.2330e+00 -1.8521e+00 -5.1785e-02 +6.8832e-01 +3.8099e-01 -5.2270e-01
79 0 +3.232341758e+01 +7.637134176e+02 +7.637134176e+02 -7.1060e-02 +1.2506e+00 +1.0850e+00 -1.8352e-01 -2.6657e-01 -1.3921e-01 +2.3416e-01 +1.5552e+00 +1.7447e-01 -5.9463e-01
177 0 +2.746981927e+01 +7.588598193e+02 +7.588598193e+02 +3.1223e-02 +1.0345e+00 +1.4963e-01 -1.2041e+00 +2.0876e+00 +1.1438e+00 +2.7518e-03 +4.6111e-01 +3.9778e-01 -2.7872e-01
225 0 +2.604736041e+01 +7.574373604e+02 +7.574373604e+02 -5.6727e-02 +6.5435e-02 +2.7447e-01 -5.8429e-01 +2.7159e-01 -5.7326e-01 +7.3948e-01 +1.5838e+00 +1.0981e+00 -1.0480e+00
487 0 +2.488840927e+01 +7.562784093e+02 +7.562784093e+02 +2.9766e+00 +9.8471e-01 +2.0646e+00 -1.1785e-01 +9.3392e-01 -3.6342e-01 +2.4504e+00 +1.2747e+00 -6.8842e-02 -6.6077e-01
871 0 +2.402573981e+01 +7.554157398e+02 +7.554157398e+02 +2.9735e+00 +2.9216e+00 -7.8388e-01 -3.0209e+00 -1.8926e+00 -1.3891e-01 +3.5970e+00 +4.2225e+00 +1.5020e+00 -3.7797e-01
882 0 +2.110870667e+01 +7.524987067e+02 +7.524987067e+02 +2.7908e+00 +7.7119e-01 -7.9225e-01 -2.2074e+00 +3.0267e+00 -3.0469e+00 +2.9112e+00 +2.4477e+00 +1.6831e+00 -1.4781e+00
1266 0 +1.545335555e+01 +7.468433555e+02 +7.468433555e+02 -4.8875e-01 +2.4043e+00 -1.2503e+00 -7.6472e-01 +3.2617e+00 +3.6312e-01 +2.1516e+00 +1.0890e+00 -1.2477e+00 +2.5874e-02
1468 0 +1.510350328e+01 +7.464935033e+02 +7.464935033e+02 +5.6585e-01 +1.4860e+00 +4.5002e-01 -2.2502e-01 +3.3331e+00 +9.1501e-01 +1.4246e+00 +4.0027e-01 -7.8813e-01 +1.1655e-01
1976 0 +1.368947512e+01 +7.450794751e+02 +7.450794751e+02 -1.3022e+00 +2.2039e+00 -6.8749e-01 -7.9274e-02 +6.5876e-01 -1.2093e+00 -3.1477e+00 -1.8460e-01 -1.2124e+00 -1.3454e+00
% f evaluations | g evaluations | best noise-free fitness - Fopt (7.526000000000e+01) + sum g_i+ | measured fitness | best measured fitness or single-digit g-values | x1 | x2...
1 0 +9.201754807e+01 +1.672775481e+02 +1.672775481e+02 +5.9671e-01 -3.8264e-02 +7.4769e-01 +1.6230e+00 -1.3415e-01 -1.3414e-01 +1.6792e+00 +8.6743e-01 -3.6947e-01 +6.4256e-01
4 0 +8.048127105e+01 +1.557412710e+02 +1.557412710e+02 -5.0171e-01 +1.9523e+00 +8.6503e-02 -9.5771e-01 +9.2254e-01 -1.1208e+00 +3.0886e-01 -1.8597e+00 -1.2282e+00 +2.9686e-01
6 0 +6.879173818e+01 +1.440517382e+02 +1.440517382e+02 +4.2408e-01 -2.8508e-01 -5.7692e-01 +7.1168e-01 +1.1310e+00 +1.0313e+00 -7.3922e-01 -2.0921e-01 +4.3126e-01 +1.0755e+00
9 0 +5.837541529e+01 +1.336354153e+02 +1.336354153e+02 -1.1967e-01 +4.5711e-01 +1.5779e+00 -4.1827e-01 -7.0849e-01 -4.0176e-01 +1.0154e+00 +4.2875e-01 -4.2976e-01 +6.1327e-01
10 0 +5.820577622e+01 +1.334657762e+02 +1.334657762e+02 +1.9708e-01 +1.0686e+00 -6.0205e-01 -2.2766e-01 -2.9211e-01 -1.3635e+00 +3.9612e-01 +3.6106e-01 +1.0511e-01 -1.3459e-01
11 0 +5.448489033e+01 +1.297448903e+02 +1.297448903e+02 -1.3154e+00 -3.2065e-01 -2.4271e-01 -7.0228e-01 -6.1286e-02 +5.0405e-01 +1.9862e+00 +2.7458e-01 +3.5755e-01 +2.5554e-02
28 0 +2.714502268e+01 +1.024050227e+02 +1.024050227e+02 +1.5413e+00 -1.3359e+00 +1.2632e+00 +1.1023e-01 -8.8151e-01 +5.6210e-01 +2.9906e-01 -5.0022e-01 +1.6980e-01 -2.8531e-01
59 0 +2.391279262e+01 +9.917279262e+01 +9.917279262e+01 +9.8445e-01 +4.9527e-01 -9.6156e-01 +1.0249e+00 +5.3198e-01 -4.5152e-01 +7.0681e-01 -1.0963e-01 -4.8225e-01 -5.7352e-01
326 0 +1.963595818e+01 +9.489595818e+01 +9.489595818e+01 -1.1366e+00 -2.7351e-01 -6.5579e-01 +1.0845e+00 +5.5513e-01 -9.3930e-02 +1.1941e+00 +1.1601e+00 -2.0343e+00 +4.3968e-01
386 0 +1.826487454e+01 +9.352487454e+01 +9.352487454e+01 +9.2244e-01 -8.4498e-01 -1.0046e+00 -2.1583e-01 +9.0604e-01 -1.1734e+00 +2.0353e+00 +1.4694e+00 -1.6868e+00 +6.2524e-01
655 0 +1.787167524e+01 +9.313167524e+01 +9.313167524e+01 +8.8818e-01 +6.4920e-02 -1.2785e+00 -1.9929e-01 +1.8944e+00 -1.3167e+00 +4.9335e-02 +3.0375e-01 -1.5743e+00 +1.9789e-01
743 0 +1.612204235e+01 +9.138204235e+01 +9.138204235e+01 +5.5120e-01 +9.8144e-01 -1.6075e+00 -1.9593e-01 +1.7586e+00 -1.1059e+00 -3.7435e-01 +4.0715e-02 -1.8867e+00 +3.9789e-01
762 0 +1.281516352e+01 +8.807516352e+01 +8.807516352e+01 +6.4879e-01 -7.0378e-01 -1.8022e+00 -7.2548e-01 +1.2575e+00 -1.3056e+00 +4.8940e-01 +3.6721e-01 -5.9025e-01 -2.7474e-01
784 0 +1.150661615e+01 +8.676661615e+01 +8.676661615e+01 +3.0957e-01 -8.0327e-01 -2.2579e+00 -1.0799e+00 +2.1360e+00 -1.3580e+00 -5.4016e-01 +2.8956e-01 -8.8576e-01 +5.4594e-01
948 0 +7.244050713e+00 +8.250405071e+01 +8.250405071e+01 +7.3082e-01 +2.5062e-01 -1.9701e+00 -3.2097e-01 +1.3820e+00 -1.0639e+00 +2.3030e-01 +1.9340e-01 -1.5438e+00 -2.3359e-01
1025 0 +5.380633588e+00 +8.064063359e+01 +8.064063359e+01 +5.0540e-01 -5.3859e-01 -1.8464e+00 -1.5748e-01 +1.7819e+00 -1.3931e+00 +2.3824e-01 +2.2762e-01 -1.5404e+00 +1.7641e-01
1155 0 +4.448511752e+00 +7.970851175e+01 +7.970851175e+01 +3.0686e-01 -4.6763e-01 -2.4929e+00 -2.2486e-01 +2.2137e+00 -1.3671e+00 +5.0029e-02 +2.5926e-01 -1.4513e+00 +3.1996e-01
1173 0 +3.281456439e+00 +7.854145644e+01 +7.854145644e+01 -1.5647e-01 -1.2546e+00 -2.5284e+00 -4.0414e-01 +2.2571e+00 -1.3946e+00 +9.4270e-02 +4.8002e-01 -1.7385e+00 +2.6301e-01
1311 0 +3.249314816e+00 +7.850931482e+01 +7.850931482e+01 +2.5904e-01 -3.2519e-01 -2.1372e+00 -2.8418e-01 +1.9642e+00 -1.7813e+00 -1.8065e-02 +1.1966e-03 -1.4668e+00 -3.5634e-02
1412 0 +2.069312402e+00 +7.732931240e+01 +7.732931240e+01 +1.8681e-01 -5.8420e-01 -2.4134e+00 -4.5196e-01 +2.5243e+00 -1.5183e+00 -1.9873e-01 +2.2414e-01 -1.7993e+00 +2.2857e-01
1508 0 +1.739470998e+00 +7.699947100e+01 +7.699947100e+01 +1.8572e-01 -4.3666e-01 -2.5885e+00 -2.5895e-01 +1.8480e+00 -1.3557e+00 +1.5382e-03 +2.4536e-01 -2.0760e+00 -6.4685e-02
1565 0 +1.434846712e+00 +7.669484671e+01 +7.669484671e+01 +1.5995e-01 -5.9915e-01 -2.4557e+00 -4.4869e-01 +2.1268e+00 -1.6053e+00 -3.4015e-02 +1.3233e-01 -1.8193e+00 +3.6820e-02
1612 0 +1.433016739e+00 +7.669301674e+01 +7.669301674e+01 +2.9896e-01 -5.6160e-01 -2.3625e+00 -2.5364e-01 +2.0486e+00 -1.2739e+00 -6.0682e-02 +5.1736e-01 -2.1234e+00 +3.7895e-01
1640 0 +1.239275614e+00 +7.649927561e+01 +7.649927561e+01 +2.1492e-01 -4.8042e-01 -2.2975e+00 -2.6176e-01 +1.9538e+00 -1.1769e+00 -9.1415e-02 +3.5747e-01 -1.9867e+00 +2.9556e-01
1797 0 +1.141831557e+00 +7.640183156e+01 +7.640183156e+01 +4.9527e-02 -4.7223e-01 -2.4277e+00 -1.5704e-01 +1.7544e+00 -1.1142e+00 +1.0809e-01 +3.4990e-01 -2.1959e+00 +1.5885e-01
1915 0 +8.895236813e-01 +7.614952368e+01 +7.614952368e+01 +2.9011e-01 -6.2836e-01 -2.4168e+00 -1.3913e-01 +1.6360e+00 -1.1015e+00 +1.8358e-02 +3.4145e-01 -2.0281e+00 +2.9874e-01
2012 0 +6.183901636e-01 +7.587839016e+01 +7.587839016e+01 +2.7638e-01 -5.7292e-01 -2.4316e+00 -2.7157e-01 +1.7893e+00 -1.2489e+00 -4.6921e-02 +3.2434e-01 -2.0176e+00 +1.8088e-01
2100 0 +2.998319435e-01 +7.555983194e+01 +7.555983194e+01 +1.7045e-01 -9.5967e-01 -2.3398e+00 -1.7929e-01 +1.9296e+00 -1.3948e+00 +1.3927e-01 +3.0000e-01 -1.9852e+00 +2.0787e-01
2369 0 +2.799977854e-01 +7.553999779e+01 +7.553999779e+01 +1.0218e-01 -8.8444e-01 -2.3166e+00 -2.7676e-01 +2.0231e+00 -1.5495e+00 +1.3495e-01 +2.4721e-01 -1.8985e+00 +1.4560e-01
2374 0 +2.746328464e-01 +7.553463285e+01 +7.553463285e+01 +1.2296e-01 -8.5651e-01 -2.3341e+00 -2.0964e-01 +1.9601e+00 -1.4582e+00 +1.0414e-01 +2.8316e-01 -1.9408e+00 +2.9617e-01
2488 0 +1.526208953e-01 +7.541262090e+01 +7.541262090e+01 +1.3176e-01 -9.2131e-01 -2.2738e+00 -2.4856e-01 +2.0148e+00 -1.4431e+00 +1.4682e-01 +2.3660e-01 -2.0422e+00 +2.5871e-01
2495 0 +1.449352720e-01 +7.540493527e+01 +7.540493527e+01 +9.0516e-02 -9.3404e-01 -2.4795e+00 -2.6219e-01 +1.9386e+00 -1.3429e+00 +1.2468e-01 +3.8723e-01 -2.0669e+00 +2.8224e-01
% f evaluations | g evaluations | best noise-free fitness - Fopt (-4.913000000000e+01) + sum g_i+ | measured fitness | best measured fitness or single-digit g-values | x1 | x2...
1 0 +1.248399223e+02 +7.570992230e+01 +7.570992230e+01 +5.9671e-01 -3.8264e-02 +7.4769e-01 +1.6230e+00 -1.3415e-01 -1.3414e-01 +1.6792e+00 +8.6743e-01 -3.6947e-01 +6.4256e-01
2 0 +5.939067329e+01 +1.026067329e+01 +1.026067329e+01 -3.6342e-01 -3.6573e-01 +3.4196e-01 -1.8133e+00 -1.6249e+00 -4.6229e-01 -9.1283e-01 +4.1425e-01 -8.0802e-01 -1.3123e+00
12 0 +2.163830984e+01 -2.749169016e+01 -2.749169016e+01 -1.8188e+00 +7.3486e-02 +1.6023e-01 +2.5632e+00 -9.2361e-02 +4.0155e-01 +6.5288e-02 -1.0687e+00 +1.2428e+00 +8.5193e-01
128 0 +2.071375554e+01 -2.841624446e+01 -2.841624446e+01 -5.4684e-01 -7.5537e-01 -1.2554e+00 +1.6384e+00 +9.4080e-01 +5.7729e-01 -1.2927e-01 -2.2344e-01 -1.5853e+00 +2.3422e-01
217 0 +1.119171702e+01 -3.793828298e+01 -3.793828298e+01 -1.1768e+00 +1.3234e-01 -5.0847e-01 -1.1143e+00 -2.4443e-02 +1.0286e+00 +5.2776e-01 -6.6052e-01 -4.4826e-01 -5.3525e-01
1546 0 +1.036925197e+01 -3.876074803e+01 -3.876074803e+01 +3.0322e+00 +8.0251e-01 -5.4034e-01 -8.5809e-01 +2.6232e+00 +1.2556e+00 -1.8700e+00 +1.1004e+00 -1.4726e+00 -4.2359e-01
1710 0 +1.010124270e+01 -3.902875730e+01 -3.902875730e+01 +2.5004e+00 -2.3823e+00 +1.0372e+00 -2.2071e+00 +3.0509e+00 +3.3810e+00 -1.5663e+00 +2.9920e-01 -1.6342e+00 +2.1880e+00
