% f evaluations | g evaluations | best noise-free fitness - Fopt (1.238300000000e+02) + sum g_i+ | measured fitness | best measured fitness or single-digit g-values | x1 | x2...
1 0 +2.134850738e+03 +2.258680738e+03 +2.258680738e+03 +5.9671e-01 -3.8264e-02 +7.4769e-01 +1.6230e+00 -1.3415e-01
2 0 +1.521057945e+03 +1.644887945e+03 +1.644887945e+03 -1.3414e-01 +1.6792e+00 +8.6743e-01 -3.6947e-01 +6.4256e-01
5 0 +7.334808896e+02 +8.573108896e+02 +8.573108896e+02 +1.5656e+00 -1.2578e-01 +1.6753e-01 -1.3247e+00 -4.4438e-01
6 0 +3.986373671e+02 +5.224673671e+02 +5.224673671e+02 +2.1092e-01 -1.0510e+00 +4.7570e-01 -5.0064e-01 -1.9169e-01
13 0 +3.086668750e+02 +4.324968750e+02 +4.324968750e+02 -3.7917e-01 -8.5659e-02 -1.0063e+00 -1.0962e+00 +9.1253e-01
19 0 +7.429407286e+01 +1.981240729e+02 +1.981240729e+02 +1.9708e-01 +1.0686e+00 -6.0205e-01 -2.2766e-01 -2.9211e-01
49 0 +4.831724216e+01 +1.721472422e+02 +1.721472422e+02 -2.7263e-01 +9.0699e-02 -1.0775e-01 -3.6506e-01 +5.9442e-03
64 0 +3.199771373e+01 +1.558277137e+02 +1.558277137e+02 -5.7922e-01 +5.6874e-01 -3.8064e-01 -2.0731e-01 -5.2951e-01
84 0 +2.341519991e+01 +1.472451999e+02 +1.472451999e+02 -4.7513e-01 +1.5348e-02 -6.9491e-01 -6.2008e-02 -5.8770e-02
92 0 +1.143079171e+01 +1.352607917e+02 +1.352607917e+02 -3.2635e-01 +3.8423e-01 -8.8530e-01 +7.3218e-02 -6.7234e-02
96 0 +7.823207993e+00 +1.316532080e+02 +1.316532080e+02 -3.9111e-01 +4.4060e-01 -6.8512e-01 +6.8944e-02 -3.8327e-01
259 0 +7.106717315e+00 +1.309367173e+02 +1.309367173e+02 -5.6865e-01 +3.0581e-01 -8.6646e-01 +9.6314e-02 -1.5737e-01
294 0 +7.096182648e+00 +1.309261826e+02 +1.309261826e+02 -5.9819e-01 +5.0417e-01 -1.0680e+00 +2.2739e-01 -2.3589e-01
325 0 +5.050107570e+00 +1.288801076e+02 +1.288801076e+02 -4.5397e-01 +4.9831e-01 -7.3510e-01 +4.7120e-02 -1.8592e-01
352 0 +4.749054299e+00 +1.285790543e+02 +1.285790543e+02 -4.4551e-01 +5.4254e-01 -7.6173e-01 +1.5940e-01 -2.2217e-01
399 0 +4.477935538e+00 +1.283079355e+02 +1.283079355e+02 -5.2173e-01 +4.4054e-01 -9.6484e-01 +1.8261e-01 -1.7939e-01
430 0 +4.347196190e+00 +1.281771962e+02 +1.281771962e+02 -4.7273e-01 +5.9338e-01 -6.8261e-01 +4.9601e-02 -2.3932e-01
474 0 +4.160391269e+00 +1.279903913e+02 +1.279903913e+02 -4.3178e-01 +5.3020e-01 -7.0756e-01 +8.0339e-02 -2.5901e-01
494 0 +4.033366953e+00 +1.278633670e+02 +1.278633670e+02 -3.3519e-01 +5.7630e-01 -6.4604e-01 +9.5090e-02 -2.7800e-01
511 0 +3.903504990e+00 +1.277335050e+02 +1.277335050e+02 -3.1714e-01 +6.3649e-01 -6.4411e-01 +6.3389e-02 -3.3905e-01
512 0 +3.758291067e+00 +1.275882911e+02 +1.275882911e+02 -3.8910e-01 +5.9961e-01 -6.8020e-01 +9.0599e-02 -2.9329e-01
534 0 +3.640890150e+00 +1.274708902e+02 +1.274708902e+02 -2.9245e-01 +7.0257e-01 -5.0354e-01 +5.6770e-02 -2.6592e-01
539 0 +3.407603637e+00 +1.272376036e+02 +1.272376036e+02 -2.5337e-01 +6.7314e-01 -5.4055e-01 +7.0347e-02 -3.1432e-01
574 0 +3.313579702e+00 +1.271435797e+02 +1.271435797e+02 -3.1834e-01 +6.6710e-01 -5.4490e-01 +8.5373e-02 -3.0208e-01
579 0 +3.223472026e+00 +1.270534720e+02 +1.270534720e+02 -2.2047e-01 +6.6520e-01 -4.5428e-01 +1.1353e-01 -3.3078e-01
630 0 +3.211884859e+00 +1.270418849e+02 +1.270418849e+02 -2.6669e-01 +6.9952e-01 -4.0581e-01 +1.5728e-01 -2.8290e-01
636 0 +3.178082591e+00 +1.270080826e+02 +1.270080826e+02 -1.6720e-01 +7.5862e-01 -3.4066e-01 +1.9853e-01 -2.9255e-01
663 0 +3.113164319e+00 +1.269431643e+02 +1.269431643e+02 -2.4655e-01 +6.7952e-01 -4.4242e-01 +1.5089e-01 -3.0742e-01
693 0 +3.104702346e+00 +1.269347023e+02 +1.269347023e+02 -2.5200e-01 +6.5990e-01 -4.4583e-01 +9.6603e-02 -2.8275e-01
704 0 +2.978328802e+00 +1.268083288e+02 +1.268083288e+02 -1.7699e-01 +7.1758e-01 -3.7474e-01 +1.2549e-01 -2.7115e-01
716 0 +2.888019861e+00 +1.267180199e+02 +1.267180199e+02 -1.9309e-01 +7.1181e-01 -3.2857e-01 +1.6305e-01 -3.0866e-01
745 0 +2.811912117e+00 +1.266419121e+02 +1.266419121e+02 -1.8526e-01 +6.6187e-01 -3.1534e-01 +1.4411e-01 -2.6992e-01
746 0 +2.644450276e+00 +1.264744503e+02 +1.264744503e+02 -1.7244e-01 +6.7063e-01 -3.2118e-01 +1.6618e-01 -2.6845e-01
814 0 +2.219642384e+00 +1.260496424e+02 +1.260496424e+02 -1.2255e-01 +6.8776e-01 -1.4447e-01 +2.5002e-01 -2.4606e-01
862 0 +2.030353283e+00 +1.258603533e+02 +1.258603533e+02 -1.0708e-01 +6.5251e-01 -6.7654e-02 +3.0697e-01 -2.3605e-01
879 0 +1.858524066e+00 +1.256885241e+02 +1.256885241e+02 -5.2916e-02 +6.1808e-01 +1.1496e-04 +2.8679e-01 -1.8791e-01
942 0 +1.799609742e+00 +1.256296097e+02 +1.256296097e+02 -8.6969e-02 +6.2606e-01 -1.9117e-02 +3.1135e-01 -2.0505e-01
970 0 +1.712067467e+00 +1.255420675e+02 +1.255420675e+02 -3.9241e-02 +6.0340e-01 +5.9194e-02 +3.3673e-01 -1.9704e-01
1038 0 +1.581923689e+00 +1.254119237e+02 +1.254119237e+02 -5.7552e-02 +5.8628e-01 +7.0142e-02 +3.2777e-01 -2.1240e-01
1077 0 +1.568770807e+00 +1.253987708e+02 +1.253987708e+02 -5.8613e-02 +5.7023e-01 +1.0082e-01 +3.1674e-01 -1.9529e-01
1104 0 +1.325915856e+00 +1.251559159e+02 +1.251559159e+02 -6.4866e-02 +4.9901e-01 +1.9967e-01 +3.6563e-01 -1.6130e-01
1119 0 +1.268907509e+00 +1.250989075e+02 +1.250989075e+02 -3.0995e-02 +5.1233e-01 +2.1330e-01 +3.6965e-01 -1.5874e-01
1158 0 +1.212719617e+00 +1.250427196e+02 +1.250427196e+02 -5.2925e-02 +5.0255e-01 +1.8960e-01 +3.5347e-01 -1.7809e-01
1190 0 +1.122708835e+00 +1.249527088e+02 +1.249527088e+02 -4.1890e-02 +4.4585e-01 +2.4401e-01 +3.6690e-01 -1.7511e-01
1209 0 +1.088246218e+00 +1.249182462e+02 +1.249182462e+02 -2.3641e-02 +4.5808e-01 +2.4356e-01 +3.5272e-01 -1.6759e-01
1229 0 +1.046968503e+00 +1.248769685e+02 +1.248769685e+02 -1.7731e-02 +3.5826e-01 +3.9616e-01 +3.9596e-01 -1.2989e-01
