% f evaluations | g evaluations | best noise-free fitness - Fopt (3.590000000000e+01) + sum g_i+ | measured fitness | best measured fitness or single-digit g-values | x1 | x2...
1 0 +3.391355936e+04 +3.394945936e+04 +3.394945936e+04 +5.9671e-01 -3.8264e-02 +7.4769e-01 +1.6230e+00 -1.3415e-01
10 0 +1.809916825e+04 +1.813506825e+04 +1.813506825e+04 -6.1984e-01 -3.6064e-01 +1.1571e+00 +4.4362e-01 -1.6630e+00
15 0 +3.090526178e+03 +3.126426178e+03 +3.126426178e+03 +4.6140e-01 +1.6380e+00 +6.4174e-02 +1.6646e+00 -2.5197e+00
27 0 +1.135361584e+02 +1.494361584e+02 +1.494361584e+02 -2.6853e+00 +3.2685e-01 +2.0766e+00 +2.9911e+00 -4.0008e+00
29 0 +3.822398355e+01 +7.412398355e+01 +7.412398355e+01 -1.5523e-01 +1.1836e+00 +2.7885e+00 +7.5573e-01 -4.1133e+00
52 0 +2.381922171e+01 +5.971922171e+01 +5.971922171e+01 +3.6360e-01 +3.2893e+00 +2.2077e+00 +3.4078e+00 -2.5682e+00
68 0 +2.322603194e+01 +5.912603194e+01 +5.912603194e+01 +2.2984e+00 +1.3943e+00 +2.2662e+00 +4.5773e+00 -4.1570e+00
200 0 +2.322233694e+01 +5.912233694e+01 +5.912233694e+01 +6.0815e-01 +1.6289e+00 +2.6480e+00 +3.0149e+00 -3.4485e+00
264 0 +2.166310811e+01 +5.756310811e+01 +5.756310811e+01 +1.5032e+00 +7.7421e-01 +3.4114e+00 +2.5337e+00 -4.1446e+00
272 0 +1.254489109e+01 +4.844489109e+01 +4.844489109e+01 +1.7159e+00 +2.9770e+00 +2.1019e+00 +3.5206e+00 -2.7018e+00
338 0 +9.264698813e+00 +4.516469881e+01 +4.516469881e+01 +1.4005e+00 +1.5755e+00 +1.9432e+00 +2.3595e+00 -2.2426e+00
524 0 +7.416192609e+00 +4.331619261e+01 +4.331619261e+01 +1.3618e+00 +9.7902e-01 +2.7968e+00 +2.6001e+00 -2.4684e+00
583 0 +7.243079060e+00 +4.314307906e+01 +4.314307906e+01 +2.2851e+00 +1.5185e+00 +3.2233e+00 +4.3701e+00 -2.6022e+00
602 0 +6.774479781e+00 +4.267447978e+01 +4.267447978e+01 +1.8678e+00 +1.8223e+00 +2.6495e+00 +3.3534e+00 -2.6000e+00
607 0 +5.315827438e+00 +4.121582744e+01 +4.121582744e+01 +1.8275e+00 +1.5648e+00 +2.1399e+00 +2.8312e+00 -2.1143e+00
626 0 +2.912447541e+00 +3.881244754e+01 +3.881244754e+01 +2.1328e+00 +1.3944e+00 +2.6524e+00 +2.9138e+00 -2.0984e+00
640 0 +2.766635237e+00 +3.866663524e+01 +3.866663524e+01 +2.0655e+00 +1.8578e+00 +2.3992e+00 +3.1358e+00 -1.7562e+00
802 0 +2.603123020e+00 +3.850312302e+01 +3.850312302e+01 +2.6734e+00 +1.5723e+00 +2.5498e+00 +3.9377e+00 -2.2103e+00
846 0 +2.508667047e+00 +3.840866705e+01 +3.840866705e+01 +2.1143e+00 +1.3082e+00 +2.6274e+00 +3.3021e+00 -1.9773e+00
890 0 +2.424072203e+00 +3.832407220e+01 +3.832407220e+01 +2.2927e+00 +1.2749e+00 +2.5018e+00 +3.5076e+00 -2.0410e+00
952 0 +2.256674077e+00 +3.815667408e+01 +3.815667408e+01 +2.0946e+00 +1.3705e+00 +2.6310e+00 +3.3746e+00 -1.6580e+00
964 0 +1.357539982e+00 +3.725753998e+01 +3.725753998e+01 +2.4507e+00 +1.2845e+00 +2.4035e+00 +3.4551e+00 -1.8370e+00
1085 0 +1.267612331e+00 +3.716761233e+01 +3.716761233e+01 +2.5050e+00 +1.5663e+00 +2.6302e+00 +3.6297e+00 -1.7628e+00
1107 0 +8.544445325e-01 +3.675444453e+01 +3.675444453e+01 +2.3813e+00 +1.2424e+00 +2.6791e+00 +3.4277e+00 -1.6288e+00
1112 0 +7.649652300e-01 +3.666496523e+01 +3.666496523e+01 +2.3705e+00 +1.2789e+00 +2.4467e+00 +3.3158e+00 -1.5339e+00
1121 0 +7.331168202e-01 +3.663311682e+01 +3.663311682e+01 +2.4933e+00 +1.1130e+00 +2.4669e+00 +3.4186e+00 -1.6494e+00
