% f evaluations | g evaluations | best noise-free fitness - Fopt (-1.000000000000e+03) + sum g_i+ | measured fitness | best measured fitness or single-digit g-values | x1 | x2...
1 0 +2.230668134e+01 -9.776933187e+02 -9.776933187e+02 +5.9671e-01 -3.8264e-02 +7.4769e-01 +1.6230e+00 -1.3415e-01
9 0 +2.156985621e+01 -9.784301438e+02 -9.784301438e+02 +8.3847e-01 +2.7137e-01 -1.5648e-02 -2.0110e-01 -1.3785e+00
14 0 +2.196735054e+00 -9.978032649e+02 -9.978032649e+02 +1.4562e+00 +2.7990e-02 +1.1035e+00 +4.6164e-01 -5.4512e-01
56 0 +2.088104914e+00 -9.979118951e+02 -9.979118951e+02 +1.4957e+00 -2.6895e-01 +1.2666e+00 +4.6192e-01 -4.1931e-01
97 0 +6.585014436e-01 -9.993414986e+02 -9.993414986e+02 +1.7553e+00 -1.1163e-01 +1.2275e+00 +1.0034e-01 -8.4817e-01
142 0 +6.021529967e-01 -9.993978470e+02 -9.993978470e+02 +2.1583e+00 +3.7373e-01 +2.2334e+00 -5.0374e-01 -1.2073e+00
284 0 +1.405970681e-01 -9.998594029e+02 -9.998594029e+02 +1.0891e+00 +9.1287e-02 +2.0163e+00 -8.8670e-01 -1.7849e+00
285 0 +5.414996611e-02 -9.999458500e+02 -9.999458500e+02 +1.2538e+00 +4.9151e-01 +2.5547e+00 -6.4808e-01 -1.7784e+00
349 0 +8.375450884e-03 -9.999916245e+02 -9.999916245e+02 +1.4920e+00 +7.0912e-01 +2.5109e+00 -1.6990e-01 -1.6774e+00
433 0 +9.459967282e-04 -9.999990540e+02 -9.999990540e+02 +1.3312e+00 +6.4923e-01 +2.6802e+00 -5.6703e-01 -1.9346e+00
493 0 +7.986515557e-04 -9.999992013e+02 -9.999992013e+02 +1.5310e+00 +8.3316e-01 +2.5087e+00 +3.4800e-01 -1.3363e+00
597 0 +2.803142512e-04 -9.999997197e+02 -9.999997197e+02 +1.5505e+00 +6.8130e-01 +2.4172e+00 -3.6613e-02 -1.4767e+00
604 0 +3.816490960e-05 -9.999999618e+02 -9.999999618e+02 +1.2369e+00 +7.4389e-01 +2.7333e+00 -2.2178e-01 -1.8173e+00
659 0 +1.578032129e-05 -9.999999842e+02 -9.999999842e+02 +1.3378e+00 +7.8025e-01 +2.6610e+00 -3.6926e-02 -1.6647e+00
670 0 +3.570995887e-06 -9.999999964e+02 -9.999999964e+02 +1.3675e+00 +7.0788e-01 +2.5725e+00 -6.7957e-02 -1.6243e+00
780 0 +2.698061621e-06 -9.999999973e+02 -9.999999973e+02 +1.2886e+00 +7.0090e-01 +2.7003e+00 -2.5002e-01 -1.7796e+00
786 0 +2.592684041e-07 -9.999999997e+02 -9.999999997e+02 +1.3238e+00 +7.2892e-01 +2.6749e+00 -1.8814e-01 -1.7389e+00
836 0 +2.040783329e-07 -9.999999998e+02 -9.999999998e+02 +1.3600e+00 +7.4141e-01 +2.6488e+00 -8.9284e-02 -1.6658e+00
858 0 +8.537483609e-08 -9.999999999e+02 -9.999999999e+02 +1.3616e+00 +7.0353e-01 +2.6134e+00 -1.5166e-01 -1.6792e+00
933 0 +6.244454198e-08 -9.999999999e+02 -9.999999999e+02 +1.3614e+00 +7.2426e-01 +2.6157e+00 -9.8499e-02 -1.6597e+00
1025 0 +5.012395832e-08 -9.999999999e+02 -9.999999999e+02 +1.3654e+00 +7.1443e-01 +2.6261e+00 -1.5464e-01 -1.6842e+00
1042 0 +4.519949925e-08 -1.000000000e+03 -1.000000000e+03 +1.3607e+00 +7.2628e-01 +2.6191e+00 -9.4482e-02 -1.6581e+00
1048 0 +3.448690222e-08 -1.000000000e+03 -1.000000000e+03 +1.3663e+00 +7.1087e-01 +2.6126e+00 -1.2809e-01 -1.6659e+00
1049 0 +3.050217856e-09 -1.000000000e+03 -1.000000000e+03 +1.3619e+00 +7.2548e-01 +2.6292e+00 -1.1530e-01 -1.6699e+00
