% f evaluations | g evaluations | best noise-free fitness - Fopt (4.078000000000e+01) + sum g_i+ | measured fitness | best measured fitness or single-digit g-values | x1 | x2...
1 0 +6.971655738e+01 +1.104965574e+02 +1.104965574e+02 +5.9671e-01 -3.8264e-02 +7.4769e-01 +1.6230e+00 -1.3415e-01
2 0 +1.678455227e+01 +5.756455227e+01 +5.756455227e+01 -1.3414e-01 +1.6792e+00 +8.6743e-01 -3.6947e-01 +6.4256e-01
7 0 +9.459257437e+00 +5.023925744e+01 +5.023925744e+01 -5.0171e-01 +1.9523e+00 +8.6503e-02 -9.5771e-01 +9.2254e-01
33 0 +5.895777406e+00 +4.667577741e+01 +4.667577741e+01 -2.1172e+00 +1.7706e+00 -3.3618e-01 -9.6923e-01 +3.8495e-01
81 0 +2.569944437e+00 +4.334994444e+01 +4.334994444e+01 -2.3581e+00 +1.1153e+00 +8.8276e-01 -1.3262e+00 +1.1721e-01
147 0 +1.928829011e+00 +4.270882901e+01 +4.270882901e+01 -1.7038e+00 +1.6011e+00 +4.8498e-01 -1.2823e+00 +8.4030e-01
307 0 +1.924784664e+00 +4.270478466e+01 +4.270478466e+01 -2.0274e+00 +9.6940e-01 +4.0477e-01 -1.7455e+00 +6.8120e-01
316 0 +1.795231080e+00 +4.257523108e+01 +4.257523108e+01 -1.5409e+00 +1.2863e+00 +6.7814e-01 -1.8389e+00 +3.6211e-01
323 0 +1.414352220e+00 +4.219435222e+01 +4.219435222e+01 -1.8126e+00 +1.1989e+00 +6.0073e-01 -1.5793e+00 +7.1276e-01
350 0 +1.352279851e+00 +4.213227985e+01 +4.213227985e+01 -1.6119e+00 +1.2921e+00 +5.1074e-01 -1.6464e+00 +5.5692e-01
391 0 +1.327159538e+00 +4.210715954e+01 +4.210715954e+01 -1.6353e+00 +1.3638e+00 +5.6614e-01 -1.5834e+00 +5.2662e-01
462 0 +1.322667249e+00 +4.210266725e+01 +4.210266725e+01 -1.7129e+00 +1.1589e+00 +4.9808e-01 -1.5520e+00 +6.3234e-01
467 0 +1.289822401e+00 +4.206982240e+01 +4.206982240e+01 -1.7099e+00 +1.2763e+00 +6.3836e-01 -1.4869e+00 +5.8300e-01
515 0 +1.266343181e+00 +4.204634318e+01 +4.204634318e+01 -1.7493e+00 +1.2439e+00 +5.2200e-01 -1.4833e+00 +4.8793e-01
548 0 +1.247384628e+00 +4.202738463e+01 +4.202738463e+01 -1.7128e+00 +1.2596e+00 +5.4600e-01 -1.5250e+00 +5.6610e-01
660 0 +1.246770440e+00 +4.202677044e+01 +4.202677044e+01 -1.7172e+00 +1.2637e+00 +5.3162e-01 -1.5153e+00 +5.2681e-01
712 0 +1.246641085e+00 +4.202664109e+01 +4.202664109e+01 -1.7216e+00 +1.2692e+00 +5.3624e-01 -1.5121e+00 +5.2955e-01
723 0 +1.246414238e+00 +4.202641424e+01 +4.202641424e+01 -1.7091e+00 +1.2468e+00 +5.3638e-01 -1.5207e+00 +5.4966e-01
731 0 +1.245578737e+00 +4.202557874e+01 +4.202557874e+01 -1.7240e+00 +1.2545e+00 +5.4127e-01 -1.5193e+00 +5.3943e-01
745 0 +1.245311558e+00 +4.202531156e+01 +4.202531156e+01 -1.7159e+00 +1.2607e+00 +5.4204e-01 -1.5145e+00 +5.4345e-01
852 0 +1.245272686e+00 +4.202527269e+01 +4.202527269e+01 -1.7185e+00 +1.2594e+00 +5.4273e-01 -1.5181e+00 +5.4536e-01
978 0 +1.245269671e+00 +4.202526967e+01 +4.202526967e+01 -1.7186e+00 +1.2596e+00 +5.4216e-01 -1.5184e+00 +5.4343e-01
1060 0 +1.245256424e+00 +4.202525642e+01 +4.202525642e+01 -1.7183e+00 +1.2592e+00 +5.4069e-01 -1.5171e+00 +5.4424e-01
% f evaluations | g evaluations | best noise-free fitness - Fopt (-1.600000000000e+00) + sum g_i+ | measured fitness | best measured fitness or single-digit g-values | x1 | x2...
1 0 +3.546721115e+01 +3.386721115e+01 +3.386721115e+01 +5.9671e-01 -3.8264e-02 +7.4769e-01 +1.6230e+00 -1.3415e-01
5 0 +2.544185483e+01 +2.384185483e+01 +2.384185483e+01 +1.5656e+00 -1.2578e-01 +1.6753e-01 -1.3247e+00 -4.4438e-01
8 0 +2.095013016e+01 +1.935013016e+01 +1.935013016e+01 -1.1208e+00 +3.0886e-01 -1.8597e+00 -1.2282e+00 +2.9686e-01
14 0 +2.046912819e+01 +1.886912819e+01 +1.886912819e+01 +1.4562e+00 +2.7990e-02 +1.1035e+00 +4.6164e-01 -5.4512e-01
21 0 +1.051275934e+01 +8.912759343e+00 +8.912759343e+00 -1.3154e+00 -3.2065e-01 -2.4271e-01 -7.0228e-01 -6.1286e-02
99 0 +9.271723063e+00 +7.671723063e+00 +7.671723063e+00 +1.8631e+00 -8.3841e-01 +1.2515e+00 +1.8897e-01 +1.9454e-01
106 0 +7.180299675e+00 +5.580299675e+00 +5.580299675e+00 +1.7463e+00 -4.0683e-01 +1.4400e+00 -2.3084e-01 +1.0731e+00
276 0 +7.107683245e+00 +5.507683245e+00 +5.507683245e+00 +2.0107e+00 -2.2195e-01 +1.6084e+00 -2.9041e-01 +8.6964e-01
361 0 +7.083512687e+00 +5.483512687e+00 +5.483512687e+00 +1.8990e+00 -3.9751e-01 +1.5020e+00 -3.9022e-01 +9.2248e-01
371 0 +7.031184226e+00 +5.431184226e+00 +5.431184226e+00 +1.9254e+00 -2.7888e-01 +1.5003e+00 -2.3070e-01 +9.0723e-01
488 0 +7.029601226e+00 +5.429601226e+00 +5.429601226e+00 +1.8828e+00 -3.5148e-01 +1.6011e+00 -2.3878e-01 +9.3385e-01
497 0 +7.021728961e+00 +5.421728961e+00 +5.421728961e+00 +1.9364e+00 -2.7908e-01 +1.5357e+00 -2.5998e-01 +9.4110e-01
511 0 +7.017261107e+00 +5.417261107e+00 +5.417261107e+00 +1.9007e+00 -3.1438e-01 +1.5748e+00 -2.6281e-01 +9.3169e-01
525 0 +7.013783148e+00 +5.413783148e+00 +5.413783148e+00 +1.9021e+00 -3.3762e-01 +1.5164e+00 -2.6047e-01 +9.1712e-01
544 0 +7.012699640e+00 +5.412699640e+00 +5.412699640e+00 +1.8891e+00 -3.2712e-01 +1.5482e+00 -2.6982e-01 +9.4696e-01
634 0 +7.012634191e+00 +5.412634191e+00 +5.412634191e+00 +1.9089e+00 -3.0293e-01 +1.5252e+00 -2.6873e-01 +9.3499e-01
669 0 +7.011784460e+00 +5.411784460e+00 +5.411784460e+00 +1.9021e+00 -3.1896e-01 +1.5429e+00 -2.5429e-01 +9.3510e-01
710 0 +7.011575836e+00 +5.411575836e+00 +5.411575836e+00 +1.8996e+00 -3.2146e-01 +1.5395e+00 -2.6243e-01 +9.3007e-01
712 0 +7.011480469e+00 +5.411480469e+00 +5.411480469e+00 +1.8896e+00 -3.2734e-01 +1.5374e+00 -2.5733e-01 +9.4110e-01
716 0 +7.011470057e+00 +5.411470057e+00 +5.411470057e+00 +1.8941e+00 -3.2415e-01 +1.5274e+00 -2.7252e-01 +9.4094e-01
727 0 +7.011307008e+00 +5.411307008e+00 +5.411307008e+00 +1.8937e+00 -3.1600e-01 +1.5326e+00 -2.6861e-01 +9.3305e-01
741 0 +7.011186195e+00 +5.411186195e+00 +5.411186195e+00 +1.8922e+00 -3.2246e-01 +1.5294e+00 -2.6306e-01 +9.3445e-01
816 0 +7.011160809e+00 +5.411160809e+00 +5.411160809e+00 +1.8916e+00 -3.2103e-01 +1.5337e+00 -2.6172e-01 +9.4022e-01
822 0 +7.011149452e+00 +5.411149452e+00 +5.411149452e+00 +1.8962e+00 -3.1811e-01 +1.5309e+00 -2.6335e-01 +9.4050e-01
853 0 +7.011136823e+00 +5.411136823e+00 +5.411136823e+00 +1.8930e+00 -3.2206e-01 +1.5303e+00 -2.6413e-01 +9.3756e-01
856 0 +7.011114930e+00 +5.411114930e+00 +5.411114930e+00 +1.8945e+00 -3.1863e-01 +1.5316e+00 -2.6569e-01 +9.3704e-01
907 0 +7.011106296e+00 +5.411106296e+00 +5.411106296e+00 +1.8955e+00 -3.1835e-01 +1.5315e+00 -2.6327e-01 +9.3752e-01
1052 0 +7.011099780e+00 +5.411099780e+00 +5.411099780e+00 +1.8954e+00 -3.1915e-01 +1.5323e+00 -2.6338e-01 +9.3732e-01
% f evaluations | g evaluations | best noise-free fitness - Fopt (-3.708400000000e+02) + sum g_i+ | measured fitness | best measured fitness or single-digit g-values | x1 | x2...
1 0 +7.191130781e+01 -2.989286922e+02 -2.989286922e+02 +5.9671e-01 -3.8264e-02 +7.4769e-01 +1.6230e+00 -1.3415e-01
2 0 +4.484817312e+01 -3.259918269e+02 -3.259918269e+02 -1.3414e-01 +1.6792e+00 +8.6743e-01 -3.6947e-01 +6.4256e-01
5 0 +3.147181454e+01 -3.393681855e+02 -3.393681855e+02 +1.5656e+00 -1.2578e-01 +1.6753e-01 -1.3247e+00 -4.4438e-01
77 0 +2.099725171e+01 -3.498427483e+02 -3.498427483e+02 -2.1256e+00 +3.9291e+00 +1.3539e+00 -8.7647e-01 -1.4654e+00
103 0 +1.330385721e+01 -3.575361428e+02 -3.575361428e+02 -1.0829e+00 +1.4705e+00 +4.8899e-01 +1.7995e+00 +2.7049e+00
120 0 +1.095457458e+01 -3.598854254e+02 -3.598854254e+02 -2.2021e+00 +4.2275e+00 +1.0248e+00 +2.3399e-01 -2.1694e+00
158 0 +1.009868319e+01 -3.607413168e+02 -3.607413168e+02 -1.5402e-03 +4.0421e+00 +3.6141e-01 -9.3711e-01 -1.0476e+00
294 0 +9.279385171e+00 -3.615606148e+02 -3.615606148e+02 -2.8457e-01 +4.4046e+00 +8.5584e-01 +9.4026e-02 -7.5121e-01
303 0 +9.119482816e+00 -3.617205172e+02 -3.617205172e+02 +1.6405e-01 +4.7001e+00 +6.2186e-01 -1.1754e-01 -9.8536e-01
307 0 +8.626724123e+00 -3.622132759e+02 -3.622132759e+02 -3.0076e-01 +4.4125e+00 +6.3964e-01 -3.1775e-01 -9.7964e-01
343 0 +8.330472296e+00 -3.625095277e+02 -3.625095277e+02 +8.7132e-02 +4.9712e+00 +8.1034e-01 -5.7926e-01 -1.0878e+00
348 0 +8.239929441e+00 -3.626000706e+02 -3.626000706e+02 -1.6848e-01 +4.8073e+00 +7.7241e-01 -3.7758e-01 -9.8814e-01
403 0 +8.224541868e+00 -3.626154581e+02 -3.626154581e+02 -1.3184e-01 +4.7276e+00 +7.2450e-01 -4.0728e-01 -6.7185e-01
429 0 +8.190884534e+00 -3.626491155e+02 -3.626491155e+02 -4.2390e-02 +4.7712e+00 +7.4998e-01 -5.2701e-01 -9.7155e-01
440 0 +8.181713893e+00 -3.626582861e+02 -3.626582861e+02 -1.7334e-01 +4.8855e+00 +7.6045e-01 -4.1138e-01 -8.6469e-01
479 0 +8.171885360e+00 -3.626681146e+02 -3.626681146e+02 -6.0485e-02 +4.8449e+00 +7.8669e-01 -5.4684e-01 -8.0576e-01
514 0 +8.162719927e+00 -3.626772801e+02 -3.626772801e+02 -1.6277e-01 +4.8063e+00 +7.4916e-01 -3.7539e-01 -7.8864e-01
552 0 +8.153002355e+00 -3.626869976e+02 -3.626869976e+02 -8.9999e-02 +4.9389e+00 +8.8486e-01 -4.9011e-01 -8.6251e-01
560 0 +8.138932256e+00 -3.627010677e+02 -3.627010677e+02 -7.1234e-02 +4.8300e+00 +7.7224e-01 -4.4241e-01 -8.2679e-01
583 0 +8.136418177e+00 -3.627035818e+02 -3.627035818e+02 -8.4836e-02 +4.7760e+00 +7.7777e-01 -4.2641e-01 -8.7234e-01
596 0 +8.126251978e+00 -3.627137480e+02 -3.627137480e+02 -9.6442e-02 +4.8273e+00 +8.3453e-01 -4.0155e-01 -8.3525e-01
695 0 +8.124695473e+00 -3.627153045e+02 -3.627153045e+02 -9.1477e-02 +4.8493e+00 +8.3736e-01 -4.1172e-01 -8.3955e-01
713 0 +8.124465727e+00 -3.627155343e+02 -3.627155343e+02 -8.9778e-02 +4.8353e+00 +8.3571e-01 -4.1107e-01 -8.2290e-01
727 0 +8.124295230e+00 -3.627157048e+02 -3.627157048e+02 -9.4923e-02 +4.8262e+00 +8.2601e-01 -4.2993e-01 -8.3714e-01
761 0 +8.123927676e+00 -3.627160723e+02 -3.627160723e+02 -8.9605e-02 +4.8346e+00 +8.2122e-01 -4.3219e-01 -8.2898e-01
789 0 +8.123583322e+00 -3.627164167e+02 -3.627164167e+02 -8.4999e-02 +4.8457e+00 +8.3078e-01 -4.2886e-01 -8.3282e-01
878 0 +8.123542731e+00 -3.627164573e+02 -3.627164573e+02 -9.0739e-02 +4.8428e+00 +8.3173e-01 -4.2948e-01 -8.3088e-01
919 0 +8.123518821e+00 -3.627164812e+02 -3.627164812e+02 -8.8843e-02 +4.8416e+00 +8.3148e-01 -4.2871e-01 -8.3032e-01
923 0 +8.123508242e+00 -3.627164918e+02 -3.627164918e+02 -8.7736e-02 +4.8438e+00 +8.3352e-01 -4.2707e-01 -8.2776e-01
955 0 +8.123494779e+00 -3.627165052e+02 -3.627165052e+02 -8.8514e-02 +4.8440e+00 +8.3280e-01 -4.2838e-01 -8.2913e-01
1080 0 +8.123489554e+00 -3.627165104e+02 -3.627165104e+02 -8.9136e-02 +4.8456e+00 +8.3351e-01 -4.2812e-01 -8.2760e-01
% f evaluations | g evaluations | best noise-free fitness - Fopt (-3.256000000000e+01) + sum g_i+ | measured fitness | best measured fitness or single-digit g-values | x1 | x2...
1 0 +5.471837738e+01 +2.215837738e+01 +2.215837738e+01 +5.9671e-01 -3.8264e-02 +7.4769e-01 +1.6230e+00 -1.3415e-01
3 0 +2.411967533e+01 -8.440324673e+00 -8.440324673e+00 -3.6342e-01 -3.6573e-01 +3.4196e-01 -1.8133e+00 -1.6249e+00
15 0 +9.889352202e+00 -2.267064780e+01 -2.267064780e+01 +4.6140e-01 +1.6380e+00 +6.4174e-02 +1.6646e+00 -2.5197e+00
75 0 +7.198768986e+00 -2.536123101e+01 -2.536123101e+01 +1.0413e+00 +8.3317e-01 -1.8793e+00 +1.6535e+00 -2.3147e+00
111 0 +2.325930159e+00 -3.023406984e+01 -3.023406984e+01 +6.9485e-01 +1.3251e+00 -1.0684e+00 +2.0001e+00 -2.4540e+00
% f evaluations | g evaluations | best noise-free fitness - Fopt (5.154000000000e+02) + sum g_i+ | measured fitness | best measured fitness or single-digit g-values | x1 | x2...
1 0 +1.359134884e+01 +5.289913488e+02 +5.289913488e+02 +5.9671e-01 -3.8264e-02 +7.4769e-01 +1.6230e+00 -1.3415e-01
5 0 +1.358708591e+01 +5.289870859e+02 +5.289870859e+02 +1.5656e+00 -1.2578e-01 +1.6753e-01 -1.3247e+00 -4.4438e-01
23 0 +1.048776242e+01 +5.258877624e+02 +5.258877624e+02 -1.8188e+00 +7.3486e-02 +1.6023e-01 +2.5632e+00 -9.2361e-02
51 0 +9.875926748e+00 +5.252759267e+02 +5.252759267e+02 -1.3763e+00 +1.0855e+00 -8.5448e-01 -7.6857e-01 -6.3776e-01
68 0 +9.728125285e+00 +5.251281253e+02 +5.251281253e+02 -4.1942e-01 +1.8482e-01 +4.1336e-01 +1.8004e+00 -5.3422e-01
79 0 +9.582217062e+00 +5.249822171e+02 +5.249822171e+02 +7.4506e-01 +5.6282e-01 +1.0152e-01 +2.1016e+00 -4.4297e-01
91 0 +9.110838609e+00 +5.245108386e+02 +5.245108386e+02 +1.4507e+00 -1.4624e+00 +2.4695e-01 -8.5218e-01 -1.1251e-01
93 0 +7.288872961e+00 +5.226888730e+02 +5.226888730e+02 -1.7222e+00 -8.1180e-01 -4.8596e-01 +6.7187e-01 -1.0005e+00
139 0 +6.573350933e+00 +5.219733509e+02 +5.219733509e+02 -5.0831e-01 +3.3597e-01 -7.2004e-03 +1.9964e+00 -1.0967e-01
142 0 +6.265256255e+00 +5.216652563e+02 +5.216652563e+02 +4.3265e-01 +1.3197e+00 +2.7547e-01 +2.2459e+00 +5.5309e-01
157 0 +5.645686278e+00 +5.210456863e+02 +5.210456863e+02 -9.3633e-01 +2.0825e-01 +1.5390e-02 +2.3438e+00 +2.2111e-01
189 0 +4.516217972e+00 +5.199162180e+02 +5.199162180e+02 -5.8466e-01 +7.7241e-01 +3.3111e-01 +2.0672e+00 +3.3643e-01
212 0 +4.165622242e+00 +5.195656222e+02 +5.195656222e+02 -1.3267e-01 +9.6753e-01 +2.4404e-01 +2.5366e+00 +1.1947e-02
257 0 +4.102101848e+00 +5.195021018e+02 +5.195021018e+02 -1.9752e-01 +6.6484e-01 +3.7431e-01 +2.5431e+00 +3.0234e-01
286 0 +4.032691222e+00 +5.194326912e+02 +5.194326912e+02 +2.6637e-01 +9.6276e-01 +3.7031e-01 +2.2886e+00 +3.3191e-01
289 0 +3.756798394e+00 +5.191567984e+02 +5.191567984e+02 -2.0333e-01 +8.2216e-01 +2.5094e-01 +2.5484e+00 +2.2898e-01
361 0 +3.566383291e+00 +5.189663833e+02 +5.189663833e+02 -3.7063e-01 +6.6950e-01 +2.8646e-01 +2.3323e+00 +2.1079e-01
371 0 +3.313051683e+00 +5.187130517e+02 +5.187130517e+02 -9.6668e-02 +8.7054e-01 +3.7711e-01 +2.2886e+00 +2.5618e-01
421 0 +3.284718188e+00 +5.186847182e+02 +5.186847182e+02 +7.8938e-02 +9.2141e-01 +4.4238e-01 +2.2994e+00 +3.2415e-01
432 0 +3.268938511e+00 +5.186689385e+02 +5.186689385e+02 +2.2440e-01 +1.0691e+00 +4.8148e-01 +2.2999e+00 +2.8435e-01
497 0 +3.247006460e+00 +5.186470065e+02 +5.186470065e+02 +1.2254e-01 +1.0382e+00 +4.7710e-01 +2.3213e+00 +4.1790e-01
511 0 +3.240671048e+00 +5.186406710e+02 +5.186406710e+02 +2.1134e-02 +1.0564e+00 +4.8693e-01 +2.2241e+00 +4.1815e-01
541 0 +3.213472095e+00 +5.186134721e+02 +5.186134721e+02 +1.7718e-01 +1.0604e+00 +4.7253e-01 +2.2272e+00 +3.4661e-01
546 0 +3.201868119e+00 +5.186018681e+02 +5.186018681e+02 +1.6043e-01 +1.0946e+00 +4.8719e-01 +2.2531e+00 +4.5553e-01
594 0 +3.196884586e+00 +5.185968846e+02 +5.185968846e+02 +1.4808e-01 +1.0622e+00 +5.0614e-01 +2.2357e+00 +3.8808e-01
604 0 +3.185500356e+00 +5.185855004e+02 +5.185855004e+02 +1.2487e-01 +1.1295e+00 +5.1580e-01 +2.1984e+00 +4.8670e-01
608 0 +3.180874769e+00 +5.185808748e+02 +5.185808748e+02 +8.3968e-02 +1.0891e+00 +5.0098e-01 +2.1824e+00 +4.7908e-01
629 0 +3.174697585e+00 +5.185746976e+02 +5.185746976e+02 +2.0459e-01 +1.1374e+00 +5.2998e-01 +2.1434e+00 +4.8833e-01
677 0 +3.172082920e+00 +5.185720829e+02 +5.185720829e+02 +1.2128e-01 +1.0924e+00 +5.0497e-01 +2.1782e+00 +4.7322e-01
722 0 +3.170712379e+00 +5.185707124e+02 +5.185707124e+02 +1.5346e-01 +1.1098e+00 +5.2258e-01 +2.1717e+00 +4.8335e-01
818 0 +3.170319415e+00 +5.185703194e+02 +5.185703194e+02 +1.7704e-01 +1.1130e+00 +5.2287e-01 +2.1685e+00 +4.8056e-01
828 0 +3.170293694e+00 +5.185702937e+02 +5.185702937e+02 +1.5494e-01 +1.1020e+00 +5.1743e-01 +2.1670e+00 +4.8577e-01
833 0 +3.170190766e+00 +5.185701908e+02 +5.185701908e+02 +1.5870e-01 +1.1128e+00 +5.1570e-01 +2.1749e+00 +4.8547e-01
856 0 +3.170045941e+00 +5.185700459e+02 +5.185700459e+02 +1.5546e-01 +1.1084e+00 +5.2171e-01 +2.1739e+00 +4.8643e-01
892 0 +3.170026774e+00 +5.185700268e+02 +5.185700268e+02 +1.5272e-01 +1.1024e+00 +5.1842e-01 +2.1719e+00 +4.7952e-01
899 0 +3.169982560e+00 +5.185699826e+02 +5.185699826e+02 +1.5475e-01 +1.1077e+00 +5.1526e-01 +2.1756e+00 +4.7911e-01
905 0 +3.169933544e+00 +5.185699335e+02 +5.185699335e+02 +1.6143e-01 +1.1088e+00 +5.1956e-01 +2.1726e+00 +4.8601e-01
925 0 +3.169925249e+00 +5.185699252e+02 +5.185699252e+02 +1.6293e-01 +1.1072e+00 +5.1930e-01 +2.1723e+00 +4.7815e-01
926 0 +3.169882253e+00 +5.185698823e+02 +5.185698823e+02 +1.6572e-01 +1.1125e+00 +5.2070e-01 +2.1709e+00 +4.8609e-01
935 0 +3.169845468e+00 +5.185698455e+02 +5.185698455e+02 +1.6053e-01 +1.1090e+00 +5.2014e-01 +2.1695e+00 +4.8357e-01
979 0 +3.169830674e+00 +5.185698307e+02 +5.185698307e+02 +1.5827e-01 +1.1079e+00 +5.1905e-01 +2.1744e+00 +4.8358e-01
1001 0 +3.169815177e+00 +5.185698152e+02 +5.185698152e+02 +1.6076e-01 +1.1097e+00 +5.1934e-01 +2.1732e+00 +4.8383e-01
1109 0 +3.169808821e+00 +5.185698088e+02 +5.185698088e+02 +1.6132e-01 +1.1107e+00 +5.2011e-01 +2.1729e+00 +4.8387e-01
% f evaluations | g evaluations | best noise-free fitness - Fopt (-8.628000000000e+01) + sum g_i+ | measured fitness | best measured fitness or single-digit g-values | x1 | x2...
1 0 +7.179667336e+01 -1.448332664e+01 -1.448332664e+01 +5.9671e-01 -3.8264e-02 +7.4769e-01 +1.6230e+00 -1.3415e-01
2 0 +3.238864733e+01 -5.389135267e+01 -5.389135267e+01 -1.3414e-01 +1.6792e+00 +8.6743e-01 -3.6947e-01 +6.4256e-01
38 0 +1.746894332e+01 -6.881105668e+01 -6.881105668e+01 +3.2072e-01 +2.2364e+00 +1.9884e+00 -3.2656e-01 +2.5939e-01
50 0 +1.645141930e+01 -6.982858070e+01 -6.982858070e+01 -2.7256e-01 +2.7130e+00 +2.8024e+00 -5.5427e-01 +1.0148e+00
76 0 +1.548988557e+01 -7.079011443e+01 -7.079011443e+01 +9.4260e-01 +2.2107e+00 -5.5515e-01 -4.7702e-01 +8.7660e-01
80 0 +1.346458864e+01 -7.281541136e+01 -7.281541136e+01 -6.4943e-01 +1.1854e+00 +1.6876e+00 -6.5045e-01 +1.9502e+00
108 0 +2.285536579e+00 -8.399446342e+01 -8.399446342e+01 -3.8434e-01 +2.1373e+00 +2.8239e+00 -2.4821e-01 +1.9590e+00
151 0 +1.997790887e+00 -8.428220911e+01 -8.428220911e+01 -1.1740e+00 +2.5965e+00 +1.7898e+00 +2.7690e-01 +3.1128e+00
248 0 +9.099562362e-01 -8.537004376e+01 -8.537004376e+01 -7.7144e-01 +2.8768e+00 +2.5772e+00 -7.8511e-02 +2.8873e+00
343 0 +5.037957242e-01 -8.577620428e+01 -8.577620428e+01 -7.6320e-01 +2.6085e+00 +2.6137e+00 -2.0251e-01 +3.0444e+00
351 0 +4.901790154e-01 -8.578982098e+01 -8.578982098e+01 -6.8314e-01 +2.2882e+00 +2.8745e+00 -2.6019e-01 +2.7560e+00
356 0 +3.990458833e-01 -8.588095412e+01 -8.588095412e+01 -1.0318e+00 +2.6807e+00 +2.4516e+00 -1.8659e-02 +2.9016e+00
425 0 +6.929554622e-02 -8.621070445e+01 -8.621070445e+01 -1.6873e+00 +2.3248e+00 +3.0575e+00 +1.0185e-01 +2.7589e+00
463 0 +6.759857742e-02 -8.621240142e+01 -8.621240142e+01 -3.0178e+00 +2.2104e+00 +3.3810e+00 +4.2996e-01 +1.7902e+00
472 0 +4.320331107e-02 -8.623679669e+01 -8.623679669e+01 -1.8341e+00 +2.4650e+00 +2.8123e+00 +3.0240e-01 +2.3625e+00
516 0 +1.990188629e-02 -8.626009811e+01 -8.626009811e+01 -2.9601e+00 +2.2096e+00 +3.3625e+00 +3.0348e-01 +1.9117e+00
566 0 +1.131035309e-02 -8.626868965e+01 -8.626868965e+01 -2.5561e+00 +2.2640e+00 +3.3327e+00 +1.4069e-01 +2.3122e+00
627 0 +4.723382570e-03 -8.627527662e+01 -8.627527662e+01 -2.1428e+00 +2.3656e+00 +3.3290e+00 +1.1404e-01 +2.3421e+00
641 0 +1.721484067e-03 -8.627827852e+01 -8.627827852e+01 -2.6765e+00 +2.3397e+00 +3.0272e+00 +4.0554e-01 +2.1708e+00
670 0 +9.859847345e-04 -8.627901402e+01 -8.627901402e+01 -2.2818e+00 +2.3100e+00 +3.2048e+00 +1.7781e-01 +2.3655e+00
673 0 +3.936255497e-04 -8.627960637e+01 -8.627960637e+01 -2.5617e+00 +2.4720e+00 +2.9200e+00 +3.3872e-01 +2.2128e+00
676 0 +4.540843351e-05 -8.627995459e+01 -8.627995459e+01 -2.5577e+00 +2.4340e+00 +3.0051e+00 +3.2422e-01 +2.2386e+00
724 0 +3.496789117e-05 -8.627996503e+01 -8.627996503e+01 -2.4580e+00 +2.4245e+00 +3.0199e+00 +2.3367e-01 +2.2346e+00
752 0 +2.585076774e-05 -8.627997415e+01 -8.627997415e+01 -2.3930e+00 +2.4114e+00 +3.0339e+00 +2.1917e-01 +2.2493e+00
768 0 +1.432271080e-05 -8.627998568e+01 -8.627998568e+01 -2.3846e+00 +2.4183e+00 +3.0278e+00 +2.7262e-01 +2.3218e+00
790 0 +8.357741194e-06 -8.627999164e+01 -8.627999164e+01 -2.4258e+00 +2.4514e+00 +3.0215e+00 +2.6215e-01 +2.3229e+00
805 0 +4.733027595e-06 -8.627999527e+01 -8.627999527e+01 -2.4380e+00 +2.3948e+00 +3.0537e+00 +2.6161e-01 +2.2469e+00
816 0 +4.475553368e-06 -8.627999552e+01 -8.627999552e+01 -2.4464e+00 +2.4150e+00 +3.0671e+00 +2.7803e-01 +2.3066e+00
819 0 +3.174713996e-06 -8.627999683e+01 -8.627999683e+01 -2.3999e+00 +2.4135e+00 +3.0281e+00 +2.4029e-01 +2.2787e+00
825 0 +3.336239303e-07 -8.627999967e+01 -8.627999967e+01 -2.4728e+00 +2.4049e+00 +3.0925e+00 +2.4556e-01 +2.2707e+00
924 0 +4.907330720e-08 -8.627999995e+01 -8.627999995e+01 -2.4462e+00 +2.4075e+00 +3.0775e+00 +2.5145e-01 +2.2693e+00
996 0 +1.453398113e-08 -8.627999999e+01 -8.627999999e+01 -2.4534e+00 +2.4187e+00 +3.0634e+00 +2.6024e-01 +2.2815e+00
1012 0 +1.188035981e-08 -8.627999999e+01 -8.627999999e+01 -2.4458e+00 +2.4077e+00 +3.0813e+00 +2.4875e-01 +2.2827e+00
1026 0 +2.392681608e-09 -8.628000000e+01 -8.628000000e+01 -2.4495e+00 +2.4165e+00 +3.0623e+00 +2.5724e-01 +2.2843e+00
% f evaluations | g evaluations | best noise-free fitness - Fopt (2.224000000000e+01) + sum g_i+ | measured fitness | best measured fitness or single-digit g-values | x1 | x2...
1 0 +6.637511265e+01 +8.861511265e+01 +8.861511265e+01 +5.9671e-01 -3.8264e-02 +7.4769e-01 +1.6230e+00 -1.3415e-01
2 0 +6.212700200e+01 +8.436700200e+01 +8.436700200e+01 -1.3414e-01 +1.6792e+00 +8.6743e-01 -3.6947e-01 +6.4256e-01
3 0 +6.111463880e+01 +8.335463880e+01 +8.335463880e+01 -3.6342e-01 -3.6573e-01 +3.4196e-01 -1.8133e+00 -1.6249e+00
4 0 +5.633067841e+01 +7.857067841e+01 +7.857067841e+01 -4.6229e-01 -9.1283e-01 +4.1425e-01 -8.0802e-01 -1.3123e+00
5 0 +4.624374303e+01 +6.848374303e+01 +6.848374303e+01 +1.5656e+00 -1.2578e-01 +1.6753e-01 -1.3247e+00 -4.4438e-01
8 0 +2.522686114e+01 +4.746686114e+01 +4.746686114e+01 -1.1208e+00 +3.0886e-01 -1.8597e+00 -1.2282e+00 +2.9686e-01
20 0 +2.251469371e+01 +4.475469371e+01 +4.475469371e+01 -1.3635e+00 +3.9612e-01 +3.6106e-01 +1.0511e-01 -1.3459e-01
23 0 +1.411961135e+01 +3.635961135e+01 +3.635961135e+01 -1.8188e+00 +7.3486e-02 +1.6023e-01 +2.5632e+00 -9.2361e-02
38 0 +9.509603322e+00 +3.174960332e+01 +3.174960332e+01 -1.3199e+00 +8.2842e-01 +6.5542e-01 +2.5891e+00 -1.4196e-01
40 0 +9.026490008e+00 +3.126649001e+01 +3.126649001e+01 -7.7787e-01 +6.0527e-01 +7.4999e-01 +1.7559e+00 -6.3956e-01
81 0 +7.969839649e+00 +3.020983965e+01 +3.020983965e+01 -1.6944e+00 +5.5300e-01 +5.2391e-01 +1.4948e+00 -1.5953e+00
107 0 +7.347341953e+00 +2.958734195e+01 +2.958734195e+01 -1.4596e+00 +1.2472e+00 -3.5507e-01 +4.8414e-01 -1.3631e+00
118 0 +6.013190783e+00 +2.825319078e+01 +2.825319078e+01 -1.0585e+00 +1.2253e+00 -6.0225e-02 +4.2844e-01 -9.8714e-01
128 0 +4.131017314e+00 +2.637101731e+01 +2.637101731e+01 -1.4515e+00 +7.1542e-01 +1.0235e+00 +1.3290e+00 -1.0190e+00
155 0 +3.558184589e+00 +2.579818459e+01 +2.579818459e+01 -1.5143e+00 +1.7565e+00 +4.0390e-01 +4.5143e-01 +4.9825e-03
181 0 +3.106162813e+00 +2.534616281e+01 +2.534616281e+01 -1.5500e+00 +9.6391e-01 +1.0518e+00 +1.6767e+00 -3.9367e-01
182 0 +2.391778408e+00 +2.463177841e+01 +2.463177841e+01 -1.6181e+00 +1.3327e+00 +3.2377e-02 +1.1098e+00 -3.8357e-01
231 0 +2.191750293e+00 +2.443175029e+01 +2.443175029e+01 -1.5396e+00 +1.6933e+00 +4.0538e-01 +7.9107e-01 -7.8935e-01
235 0 +2.173822155e+00 +2.441382215e+01 +2.441382215e+01 -1.4466e+00 +1.2921e+00 +7.6751e-01 +1.1865e+00 -6.3769e-01
303 0 +2.103535809e+00 +2.434353581e+01 +2.434353581e+01 -1.5461e+00 +1.2398e+00 +5.1380e-01 +1.3740e+00 -7.5484e-01
306 0 +2.068803350e+00 +2.430880335e+01 +2.430880335e+01 -1.6952e+00 +1.5935e+00 +3.7380e-01 +9.2516e-01 -3.3744e-01
352 0 +2.058193204e+00 +2.429819320e+01 +2.429819320e+01 -1.5315e+00 +1.4362e+00 +5.3381e-01 +1.0204e+00 -6.4855e-01
371 0 +2.053871209e+00 +2.429387121e+01 +2.429387121e+01 -1.5886e+00 +1.3761e+00 +4.4060e-01 +1.1502e+00 -4.0835e-01
410 0 +2.052317996e+00 +2.429231800e+01 +2.429231800e+01 -1.6623e+00 +1.3663e+00 +6.0551e-01 +1.1737e+00 -4.3720e-01
421 0 +2.047420244e+00 +2.428742024e+01 +2.428742024e+01 -1.6067e+00 +1.4565e+00 +5.3427e-01 +1.1055e+00 -5.4705e-01
459 0 +2.046412605e+00 +2.428641261e+01 +2.428641261e+01 -1.6177e+00 +1.4374e+00 +4.7271e-01 +1.0851e+00 -5.7350e-01
473 0 +2.045951309e+00 +2.428595131e+01 +2.428595131e+01 -1.6574e+00 +1.4437e+00 +5.0005e-01 +1.1149e+00 -5.0607e-01
497 0 +2.045057278e+00 +2.428505728e+01 +2.428505728e+01 -1.6188e+00 +1.4544e+00 +5.1319e-01 +1.0842e+00 -4.9372e-01
511 0 +2.043853512e+00 +2.428385351e+01 +2.428385351e+01 -1.6285e+00 +1.4221e+00 +5.1470e-01 +1.1025e+00 -5.2573e-01
609 0 +2.043791675e+00 +2.428379167e+01 +2.428379167e+01 -1.6131e+00 +1.4076e+00 +5.1703e-01 +1.1014e+00 -5.2586e-01
660 0 +2.043768838e+00 +2.428376884e+01 +2.428376884e+01 -1.6253e+00 +1.4072e+00 +5.0893e-01 +1.1087e+00 -5.1163e-01
662 0 +2.043745025e+00 +2.428374502e+01 +2.428374502e+01 -1.6328e+00 +1.4203e+00 +5.1827e-01 +1.1098e+00 -4.9160e-01
677 0 +2.043724652e+00 +2.428372465e+01 +2.428372465e+01 -1.6290e+00 +1.4142e+00 +5.1610e-01 +1.1123e+00 -4.9207e-01
714 0 +2.043718586e+00 +2.428371859e+01 +2.428371859e+01 -1.6258e+00 +1.4262e+00 +5.0906e-01 +1.0929e+00 -5.0336e-01
719 0 +2.043692024e+00 +2.428369202e+01 +2.428369202e+01 -1.6245e+00 +1.4137e+00 +5.2127e-01 +1.1088e+00 -5.0714e-01
727 0 +2.043686653e+00 +2.428368665e+01 +2.428368665e+01 -1.6256e+00 +1.4198e+00 +5.1295e-01 +1.1029e+00 -5.1206e-01
763 0 +2.043677417e+00 +2.428367742e+01 +2.428367742e+01 -1.6214e+00 +1.4136e+00 +5.1271e-01 +1.1009e+00 -5.1325e-01
778 0 +2.043669260e+00 +2.428366926e+01 +2.428366926e+01 -1.6234e+00 +1.4143e+00 +5.1114e-01 +1.1036e+00 -5.0685e-01
% f evaluations | g evaluations | best noise-free fitness - Fopt (-2.301000000000e+01) + sum g_i+ | measured fitness | best measured fitness or single-digit g-values | x1 | x2...
1 0 +6.138453626e+01 +3.837453626e+01 +3.837453626e+01 +5.9671e-01 -3.8264e-02 +7.4769e-01 +1.6230e+00 -1.3415e-01
3 0 +4.184840635e+01 +1.883840635e+01 +1.883840635e+01 -3.6342e-01 -3.6573e-01 +3.4196e-01 -1.8133e+00 -1.6249e+00
5 0 +2.622262772e+01 +3.212627724e+00 +3.212627724e+00 +1.5656e+00 -1.2578e-01 +1.6753e-01 -1.3247e+00 -4.4438e-01
15 0 +1.056874288e+01 -1.244125712e+01 -1.244125712e+01 +4.6140e-01 +1.6380e+00 +6.4174e-02 +1.6646e+00 -2.5197e+00
31 0 +1.008248729e+01 -1.292751271e+01 -1.292751271e+01 +9.6398e-01 +2.0132e-02 -1.8229e+00 +9.4162e-02 +9.0841e-02
93 0 +9.570376766e+00 -1.343962323e+01 -1.343962323e+01 +1.6045e+00 +1.0975e-03 -2.6031e+00 -3.3546e-01 -2.6084e-01
109 0 +4.146063514e+00 -1.886393649e+01 -1.886393649e+01 +1.0012e+00 +1.1924e+00 -2.2328e+00 -1.5847e-01 +3.3982e-01
249 0 +2.682674688e+00 -2.032732531e+01 -2.032732531e+01 +1.2906e+00 +1.2098e+00 -2.6961e+00 +1.2209e-01 +4.5112e-01
341 0 +2.569434246e+00 -2.044056575e+01 -2.044056575e+01 +1.2035e+00 +1.0678e+00 -2.6103e+00 -3.1915e-02 +4.1611e-01
374 0 +2.544141076e+00 -2.046585892e+01 -2.046585892e+01 +1.2463e+00 +1.0712e+00 -2.6927e+00 -5.2484e-02 +3.9056e-01
377 0 +2.513656739e+00 -2.049634326e+01 -2.049634326e+01 +1.2959e+00 +1.0882e+00 -2.7818e+00 -7.2123e-02 +4.7329e-01
449 0 +2.492722364e+00 -2.051727764e+01 -2.051727764e+01 +1.2869e+00 +9.9734e-01 -2.7984e+00 -5.6860e-02 +5.0067e-01
502 0 +2.484396147e+00 -2.052560385e+01 -2.052560385e+01 +1.3064e+00 +1.0101e+00 -2.7268e+00 -4.1450e-02 +5.6839e-01
547 0 +2.481944684e+00 -2.052805532e+01 -2.052805532e+01 +1.2757e+00 +9.9945e-01 -2.7010e+00 +9.9369e-03 +5.6198e-01
567 0 +2.479654384e+00 -2.053034562e+01 -2.053034562e+01 +1.2953e+00 +1.0216e+00 -2.7232e+00 -1.1999e-02 +5.6075e-01
575 0 +2.478745964e+00 -2.053125404e+01 -2.053125404e+01 +1.2361e+00 +1.0137e+00 -2.7161e+00 -2.7233e-02 +5.6803e-01
581 0 +2.476985791e+00 -2.053301421e+01 -2.053301421e+01 +1.2558e+00 +1.0357e+00 -2.7411e+00 +6.8463e-03 +5.3928e-01
610 0 +2.476254728e+00 -2.053374527e+01 -2.053374527e+01 +1.2640e+00 +1.0231e+00 -2.7321e+00 -5.3049e-02 +5.3751e-01
614 0 +2.476072883e+00 -2.053392712e+01 -2.053392712e+01 +1.2613e+00 +1.0162e+00 -2.7180e+00 -4.4125e-02 +5.4977e-01
622 0 +2.475639920e+00 -2.053436008e+01 -2.053436008e+01 +1.2336e+00 +1.0265e+00 -2.7468e+00 -2.2959e-02 +5.2325e-01
635 0 +2.475028145e+00 -2.053497186e+01 -2.053497186e+01 +1.2393e+00 +1.0121e+00 -2.7370e+00 -9.4749e-03 +5.4793e-01
657 0 +2.474092910e+00 -2.053590709e+01 -2.053590709e+01 +1.2483e+00 +1.0061e+00 -2.7304e+00 -6.3828e-03 +5.3600e-01
678 0 +2.473184083e+00 -2.053681592e+01 -2.053681592e+01 +1.2608e+00 +1.0170e+00 -2.7297e+00 -2.4234e-02 +5.3679e-01
822 0 +2.473174423e+00 -2.053682558e+01 -2.053682558e+01 +1.2611e+00 +1.0125e+00 -2.7401e+00 -1.5519e-02 +5.3253e-01
829 0 +2.473077196e+00 -2.053692280e+01 -2.053692280e+01 +1.2600e+00 +1.0111e+00 -2.7401e+00 -2.0742e-02 +5.3401e-01
859 0 +2.473028260e+00 -2.053697174e+01 -2.053697174e+01 +1.2575e+00 +1.0129e+00 -2.7352e+00 -2.2277e-02 +5.2771e-01
896 0 +2.473016409e+00 -2.053698359e+01 -2.053698359e+01 +1.2552e+00 +1.0135e+00 -2.7371e+00 -2.0750e-02 +5.3149e-01
917 0 +2.473006533e+00 -2.053699347e+01 -2.053699347e+01 +1.2578e+00 +1.0154e+00 -2.7364e+00 -2.3384e-02 +5.3223e-01
947 0 +2.472988255e+00 -2.053701175e+01 -2.053701175e+01 +1.2571e+00 +1.0126e+00 -2.7356e+00 -2.3084e-02 +5.3303e-01
1045 0 +2.472978366e+00 -2.053702163e+01 -2.053702163e+01 +1.2579e+00 +1.0128e+00 -2.7354e+00 -2.0521e-02 +5.3214e-01
% f evaluations | g evaluations | best noise-free fitness - Fopt (-3.323700000000e+02) + sum g_i+ | measured fitness | best measured fitness or single-digit g-values | x1 | x2...
1 0 +2.845152287e+01 -3.039184771e+02 -3.039184771e+02 +5.9671e-01 -3.8264e-02 +7.4769e-01 +1.6230e+00 -1.3415e-01
11 0 +1.835984061e+01 -3.140101594e+02 -3.140101594e+02 +4.2408e-01 -2.8508e-01 -5.7692e-01 +7.1168e-01 +1.1310e+00
12 0 +1.442381011e+01 -3.179461899e+02 -3.179461899e+02 +1.0313e+00 -7.3922e-01 -2.0921e-01 +4.3126e-01 +1.0755e+00
29 0 +1.086959447e+01 -3.215004055e+02 -3.215004055e+02 -1.1629e-01 -1.1712e+00 +1.0102e+00 +9.5749e-01 +6.4544e-01
43 0 +1.082700539e+01 -3.215429946e+02 -3.215429946e+02 +1.6959e+00 -1.3974e+00 +2.4578e+00 -1.2319e-01 +1.3238e+00
56 0 +9.401390504e+00 -3.229686095e+02 -3.229686095e+02 +1.1468e+00 -1.4927e-01 +2.1093e+00 -5.9224e-01 +5.8304e-01
67 0 +4.072267542e-01 -3.319627732e+02 -3.319627732e+02 -2.5680e-02 -2.4761e+00 +4.7759e-01 +1.8568e+00 +5.0974e-01
220 0 +1.951181346e-01 -3.321748819e+02 -3.321748819e+02 -3.9037e-01 -2.4735e+00 +6.1437e-01 +1.8272e+00 +5.9581e-01
228 0 +3.516010910e-02 -3.323348399e+02 -3.323348399e+02 +8.0820e-01 -3.6519e+00 +1.4273e+00 +1.1291e+00 +1.0933e+00
319 0 +2.993048164e-02 -3.323400695e+02 -3.323400695e+02 +8.6351e-01 -3.3563e+00 +1.4234e+00 +8.3368e-01 +1.2809e+00
335 0 +2.505181995e-02 -3.323449482e+02 -3.323449482e+02 +4.8306e-01 -3.0140e+00 +1.3093e+00 +1.1339e+00 +1.2050e+00
342 0 +1.434636717e-02 -3.323556536e+02 -3.323556536e+02 +4.8965e-01 -3.3085e+00 +1.0410e+00 +1.3847e+00 +9.9534e-01
351 0 +8.933574108e-03 -3.323610664e+02 -3.323610664e+02 +2.8816e-01 -3.6990e+00 +1.2286e+00 +1.3627e+00 +1.0609e+00
362 0 +6.184255206e-03 -3.323638157e+02 -3.323638157e+02 +1.7738e-01 -3.1441e+00 +9.9285e-01 +1.2718e+00 +1.1555e+00
370 0 +5.760461181e-03 -3.323642395e+02 -3.323642395e+02 -1.1236e-01 -3.0351e+00 +8.3463e-01 +1.5291e+00 +8.8902e-01
379 0 +4.454771842e-03 -3.323655452e+02 -3.323655452e+02 +3.5318e-01 -3.3382e+00 +1.2565e+00 +1.2772e+00 +1.1974e+00
385 0 +5.717599542e-04 -3.323694282e+02 -3.323694282e+02 +1.5569e-01 -3.3706e+00 +1.0679e+00 +1.3273e+00 +1.0889e+00
419 0 +3.540293786e-04 -3.323696460e+02 -3.323696460e+02 +3.3054e-01 -3.4292e+00 +1.3124e+00 +1.2648e+00 +1.0888e+00
439 0 +2.350937756e-04 -3.323697649e+02 -3.323697649e+02 +8.2186e-02 -3.1790e+00 +1.0266e+00 +1.3497e+00 +1.0096e+00
461 0 +1.791601449e-04 -3.323698208e+02 -3.323698208e+02 +2.6532e-01 -3.3484e+00 +1.1602e+00 +1.3406e+00 +1.0773e+00
477 0 +1.530206023e-04 -3.323698470e+02 -3.323698470e+02 +2.1413e-01 -3.2659e+00 +1.1230e+00 +1.2697e+00 +1.1088e+00
500 0 +2.880762378e-05 -3.323699712e+02 -3.323699712e+02 +1.6411e-01 -3.3582e+00 +1.1412e+00 +1.3082e+00 +1.0265e+00
508 0 +8.169008652e-06 -3.323699918e+02 -3.323699918e+02 +1.5598e-01 -3.2944e+00 +1.1003e+00 +1.2945e+00 +1.0491e+00
529 0 +6.686614768e-06 -3.323699933e+02 -3.323699933e+02 +1.9266e-01 -3.3496e+00 +1.1155e+00 +1.2928e+00 +1.0482e+00
544 0 +6.492396551e-06 -3.323699935e+02 -3.323699935e+02 +2.5164e-01 -3.3210e+00 +1.1856e+00 +1.2725e+00 +1.0583e+00
556 0 +3.259960806e-06 -3.323699967e+02 -3.323699967e+02 +2.6187e-01 -3.2735e+00 +1.1433e+00 +1.2652e+00 +1.0741e+00
558 0 +2.065188482e-06 -3.323699979e+02 -3.323699979e+02 +2.2801e-01 -3.2999e+00 +1.1217e+00 +1.2676e+00 +1.0545e+00
589 0 +1.929098573e-06 -3.323699981e+02 -3.323699981e+02 +2.5398e-01 -3.2894e+00 +1.1511e+00 +1.2546e+00 +1.0668e+00
633 0 +1.447312172e-06 -3.323699986e+02 -3.323699986e+02 +2.2459e-01 -3.3547e+00 +1.1448e+00 +1.2833e+00 +1.0733e+00
651 0 +1.051655090e-06 -3.323699989e+02 -3.323699989e+02 +2.8149e-01 -3.3281e+00 +1.1706e+00 +1.2757e+00 +1.0567e+00
665 0 +4.778968332e-08 -3.323700000e+02 -3.323700000e+02 +2.3817e-01 -3.3120e+00 +1.1424e+00 +1.2743e+00 +1.0612e+00
686 0 +1.239448011e-08 -3.323700000e+02 -3.323700000e+02 +2.4151e-01 -3.3219e+00 +1.1519e+00 +1.2708e+00 +1.0690e+00
755 0 +4.831292699e-09 -3.323700000e+02 -3.323700000e+02 +2.5036e-01 -3.3308e+00 +1.1535e+00 +1.2822e+00 +1.0623e+00
984 0 +9.663381206e-13 -3.323700000e+02 -3.323700000e+02 +2.5078e-01 -3.3249e+00 +1.1536e+00 +1.2759e+00 +1.0659e+00
1195 0 +0.000000000e+00 -3.323700000e+02 -3.323700000e+02 +2.5037e-01 -3.3260e+00 +1.1537e+00 +1.2757e+00 +1.0663e+00
% f evaluations | g evaluations | best noise-free fitness - Fopt (-1.231300000000e+02) + sum g_i+ | measured fitness | best measured fitness or single-digit g-values | x1 | x2...
1 0 +5.025706403e+01 -7.287293597e+01 -7.287293597e+01 +5.9671e-01 -3.8264e-02 +7.4769e-01 +1.6230e+00 -1.3415e-01
5 0 +4.392063738e+01 -7.920936262e+01 -7.920936262e+01 +1.5656e+00 -1.2578e-01 +1.6753e-01 -1.3247e+00 -4.4438e-01
9 0 +3.315318142e+01 -8.997681858e+01 -8.997681858e+01 +8.3847e-01 +2.7137e-01 -1.5648e-02 -2.0110e-01 -1.3785e+00
16 0 +3.011055059e+01 -9.301944941e+01 -9.301944941e+01 +9.2190e-01 +1.8705e-01 -1.9901e-01 +1.9176e-01 -1.8876e+00
23 0 +2.077955188e+01 -1.023504481e+02 -1.023504481e+02 -1.8188e+00 +7.3486e-02 +1.6023e-01 +2.5632e+00 -9.2361e-02
24 0 +2.035877591e+01 -1.027712241e+02 -1.027712241e+02 +4.0155e-01 +6.5288e-02 -1.0687e+00 +1.2428e+00 +8.5193e-01
30 0 +1.669061675e+01 -1.064393833e+02 -1.064393833e+02 +1.0264e+00 -1.8425e-01 -2.1647e+00 +6.1803e-01 -3.0224e-01
47 0 +1.515641148e+01 -1.079735885e+02 -1.079735885e+02 +2.9068e+00 +9.4449e-01 -2.0360e+00 +1.4811e+00 +5.1567e-01
58 0 +5.323833334e+00 -1.178061667e+02 -1.178061667e+02 +2.1648e+00 +1.1673e-01 -1.6447e+00 +5.3622e-01 -1.3252e+00
203 0 +1.919697738e+00 -1.212103023e+02 -1.212103023e+02 +2.7668e+00 +3.7264e-01 -2.3123e+00 +2.1383e+00 -1.0640e+00
352 0 +1.874683539e+00 -1.212553165e+02 -1.212553165e+02 +2.8194e+00 +3.5087e-01 -2.1935e+00 +2.4326e+00 -9.9259e-01
373 0 +1.867009541e+00 -1.212629905e+02 -1.212629905e+02 +2.7187e+00 +3.4610e-01 -2.1115e+00 +2.0791e+00 -9.4148e-01
423 0 +1.866069890e+00 -1.212639301e+02 -1.212639301e+02 +2.7630e+00 +3.7131e-01 -2.3057e+00 +2.1549e+00 -9.2471e-01
476 0 +1.833404363e+00 -1.212965956e+02 -1.212965956e+02 +2.7606e+00 +2.6992e-01 -2.1719e+00 +2.2216e+00 -9.8453e-01
548 0 +1.822416013e+00 -1.213075840e+02 -1.213075840e+02 +2.7275e+00 +3.8423e-01 -2.2054e+00 +2.2877e+00 -9.1125e-01
556 0 +1.816138067e+00 -1.213138619e+02 -1.213138619e+02 +2.7462e+00 +2.7781e-01 -2.1852e+00 +2.2391e+00 -9.1028e-01
569 0 +1.815953307e+00 -1.213140467e+02 -1.213140467e+02 +2.6696e+00 +2.8901e-01 -2.1107e+00 +2.2151e+00 -9.4093e-01
596 0 +1.808954721e+00 -1.213210453e+02 -1.213210453e+02 +2.6792e+00 +3.5010e-01 -2.1831e+00 +2.2305e+00 -8.4975e-01
679 0 +1.808608605e+00 -1.213213914e+02 -1.213213914e+02 +2.6634e+00 +3.3270e-01 -2.1794e+00 +2.2347e+00 -8.4420e-01
692 0 +1.806922167e+00 -1.213230778e+02 -1.213230778e+02 +2.7092e+00 +2.9068e-01 -2.1898e+00 +2.2937e+00 -9.0943e-01
699 0 +1.806432833e+00 -1.213235672e+02 -1.213235672e+02 +2.6749e+00 +3.2164e-01 -2.1844e+00 +2.2174e+00 -8.8262e-01
701 0 +1.805756306e+00 -1.213242437e+02 -1.213242437e+02 +2.6668e+00 +3.1660e-01 -2.1774e+00 +2.2435e+00 -8.7738e-01
703 0 +1.805523783e+00 -1.213244762e+02 -1.213244762e+02 +2.7198e+00 +3.2171e-01 -2.1910e+00 +2.3175e+00 -8.6209e-01
729 0 +1.804601210e+00 -1.213253988e+02 -1.213253988e+02 +2.6812e+00 +3.1988e-01 -2.1886e+00 +2.2727e+00 -8.8094e-01
738 0 +1.803445653e+00 -1.213265543e+02 -1.213265543e+02 +2.6896e+00 +3.0171e-01 -2.1688e+00 +2.2588e+00 -8.8299e-01
812 0 +1.803272626e+00 -1.213267274e+02 -1.213267274e+02 +2.6955e+00 +3.0526e-01 -2.1744e+00 +2.2799e+00 -8.8625e-01
830 0 +1.803256463e+00 -1.213267435e+02 -1.213267435e+02 +2.6923e+00 +3.1463e-01 -2.1818e+00 +2.2619e+00 -8.8373e-01
888 0 +1.803227488e+00 -1.213267725e+02 -1.213267725e+02 +2.7063e+00 +3.0991e-01 -2.1840e+00 +2.2778e+00 -8.8814e-01
907 0 +1.803216188e+00 -1.213267838e+02 -1.213267838e+02 +2.7024e+00 +3.0890e-01 -2.1836e+00 +2.2714e+00 -8.8138e-01
909 0 +1.803184910e+00 -1.213268151e+02 -1.213268151e+02 +2.7010e+00 +3.1727e-01 -2.1800e+00 +2.2670e+00 -8.7860e-01
913 0 +1.803170308e+00 -1.213268297e+02 -1.213268297e+02 +2.6998e+00 +3.1723e-01 -2.1817e+00 +2.2775e+00 -8.7455e-01
924 0 +1.803146115e+00 -1.213268539e+02 -1.213268539e+02 +2.6978e+00 +3.1870e-01 -2.1829e+00 +2.2712e+00 -8.7568e-01
929 0 +1.803128722e+00 -1.213268713e+02 -1.213268713e+02 +2.7035e+00 +3.1057e-01 -2.1787e+00 +2.2786e+00 -8.8804e-01
938 0 +1.803087325e+00 -1.213269127e+02 -1.213269127e+02 +2.7027e+00 +3.1585e-01 -2.1840e+00 +2.2715e+00 -8.8223e-01
977 0 +1.803076805e+00 -1.213269232e+02 -1.213269232e+02 +2.6947e+00 +3.1122e-01 -2.1766e+00 +2.2690e+00 -8.8461e-01
987 0 +1.803043060e+00 -1.213269569e+02 -1.213269569e+02 +2.6981e+00 +3.1256e-01 -2.1782e+00 +2.2729e+00 -8.8498e-01
1041 0 +1.803038189e+00 -1.213269618e+02 -1.213269618e+02 +2.6976e+00 +3.1200e-01 -2.1774e+00 +2.2736e+00 -8.8292e-01
1058 0 +1.803021602e+00 -1.213269784e+02 -1.213269784e+02 +2.6990e+00 +3.1239e-01 -2.1789e+00 +2.2714e+00 -8.8327e-01
1183 0 +1.803019931e+00 -1.213269801e+02 -1.213269801e+02 +2.6994e+00 +3.1246e-01 -2.1794e+00 +2.2720e+00 -8.8278e-01
