% f evaluations | g evaluations | best noise-free fitness - Fopt (7.627000000000e+01) + sum g_i+ | measured fitness | best measured fitness or single-digit g-values | x1 | x2...
1 0 +7.735598947e+06 +7.735675217e+06 +7.735675217e+06 +5.9671e-01 -3.8264e-02 +7.4769e-01 +1.6230e+00 -1.3415e-01
3 0 +6.089780784e+05 +6.090543484e+05 +6.090543484e+05 -3.6342e-01 -3.6573e-01 +3.4196e-01 -1.8133e+00 -1.6249e+00
4 0 +5.714869104e+05 +5.715631804e+05 +5.715631804e+05 -4.6229e-01 -9.1283e-01 +4.1425e-01 -8.0802e-01 -1.3123e+00
25 0 +4.762531333e+05 +4.763294033e+05 +4.763294033e+05 +8.9103e-01 -8.0939e-01 +1.5028e+00 -1.3019e+00 +6.8686e-01
32 0 +4.387504741e+04 +4.395131741e+04 +4.395131741e+04 -6.3831e-01 -5.6757e-01 +2.2659e+00 -1.6563e+00 -5.2892e-01
39 0 +1.770291357e+02 +2.532991357e+02 +2.532991357e+02 +8.2539e-01 -1.1132e+00 +1.0658e+00 -2.2023e+00 -1.3507e+00
74 0 +7.704702315e+01 +1.533170232e+02 +1.533170232e+02 +2.7541e+00 -1.3520e+00 +1.1858e+00 -2.2438e+00 -4.4858e-01
108 0 +4.673823818e+01 +1.230082382e+02 +1.230082382e+02 -1.0359e+00 -1.1840e+00 +2.7188e+00 -4.0561e-01 -1.3919e+00
168 0 +3.454024612e+01 +1.108102461e+02 +1.108102461e+02 -7.6915e-01 -1.5102e+00 +3.0789e+00 +1.5130e-01 +1.6433e-01
215 0 +3.367137554e+01 +1.099413755e+02 +1.099413755e+02 +1.9328e+00 -1.7030e+00 +1.1914e+00 -1.5387e+00 +5.2362e-01
284 0 +2.607406539e+01 +1.023440654e+02 +1.023440654e+02 -2.1145e-01 -6.3456e-01 +1.8003e+00 -2.3911e+00 -8.1727e-01
286 0 +2.238329788e+01 +9.865329788e+01 +9.865329788e+01 +1.1834e+00 -1.7443e+00 +1.3812e+00 -1.1847e+00 +7.3791e-01
500 0 +1.498823639e+01 +9.125823639e+01 +9.125823639e+01 -5.0884e-01 -1.2144e+00 +3.5940e-01 -2.2047e+00 -1.0440e+00
651 0 +1.405475215e+01 +9.032475215e+01 +9.032475215e+01 -3.3842e-01 -1.3248e+00 +3.7036e-01 -1.7503e+00 -2.7168e+00
666 0 +7.664635204e+00 +8.393463520e+01 +8.393463520e+01 -2.0476e+00 -2.0833e+00 -1.1107e+00 -8.9893e-01 -2.9824e+00
680 0 +5.882530808e+00 +8.215253081e+01 +8.215253081e+01 -1.5968e+00 -2.6263e+00 -8.1320e-01 +1.3792e-01 -2.4436e+00
732 0 +4.375516903e+00 +8.064551690e+01 +8.064551690e+01 -1.3059e+00 -2.4389e+00 -4.8996e-01 -3.8870e-01 -4.2120e-01
769 0 +2.373279051e+00 +7.864327905e+01 +7.864327905e+01 -1.9864e+00 -3.0903e+00 -5.7028e-01 +1.1190e+00 -1.3737e+00
808 0 +1.708211565e+00 +7.797821157e+01 +7.797821157e+01 -9.0958e-01 -2.8649e+00 -9.7333e-01 +3.9870e-01 -2.9643e+00
836 0 +9.600035502e-01 +7.723000355e+01 +7.723000355e+01 -1.4217e+00 -3.1641e+00 -1.7391e+00 +4.6882e-01 -2.4824e+00
870 0 +8.993466081e-01 +7.716934661e+01 +7.716934661e+01 -8.1481e-01 -3.3910e+00 -1.7160e+00 +7.7203e-01 -2.5112e+00
894 0 +5.225800015e-01 +7.679258000e+01 +7.679258000e+01 -8.3972e-01 -3.1782e+00 -1.5650e+00 +2.9362e-01 -1.3842e+00
898 0 +5.069679127e-01 +7.677696791e+01 +7.677696791e+01 -8.3327e-01 -3.4186e+00 -1.4617e+00 +9.4818e-01 -2.1330e+00
920 0 +2.617608380e-01 +7.653176084e+01 +7.653176084e+01 -9.9839e-01 -3.1469e+00 -1.6134e+00 +3.3375e-01 -1.9510e+00
934 0 +9.526568550e-02 +7.636526569e+01 +7.636526569e+01 -7.8051e-01 -3.2793e+00 -1.3424e+00 +6.9230e-01 -1.7586e+00
938 0 +8.793129852e-02 +7.635793130e+01 +7.635793130e+01 -1.0217e+00 -3.2014e+00 -1.3005e+00 +6.7174e-01 -1.9867e+00
1026 0 +5.384733807e-02 +7.632384734e+01 +7.632384734e+01 -9.9365e-01 -3.1043e+00 -1.1522e+00 +5.1511e-01 -1.5590e+00
1063 0 +3.523503780e-02 +7.630523504e+01 +7.630523504e+01 -9.0754e-01 -3.1486e+00 -1.2268e+00 +5.8402e-01 -1.9161e+00
1073 0 +2.014639297e-02 +7.629014639e+01 +7.629014639e+01 -9.6291e-01 -3.1472e+00 -1.3286e+00 +4.8733e-01 -1.7047e+00
1088 0 +1.285704191e-02 +7.628285704e+01 +7.628285704e+01 -9.5064e-01 -3.1562e+00 -1.2588e+00 +5.3885e-01 -1.6291e+00
1121 0 +2.106130149e-03 +7.627210613e+01 +7.627210613e+01 -9.6343e-01 -3.1692e+00 -1.2571e+00 +5.8742e-01 -1.7475e+00
1208 0 +1.056294027e-03 +7.627105629e+01 +7.627105629e+01 -9.2782e-01 -3.1561e+00 -1.2433e+00 +5.5851e-01 -1.7167e+00
1210 0 +4.019127759e-04 +7.627040191e+01 +7.627040191e+01 -9.4434e-01 -3.1429e+00 -1.2459e+00 +5.4232e-01 -1.7572e+00
% f evaluations | g evaluations | best noise-free fitness - Fopt (-2.255000000000e+01) + sum g_i+ | measured fitness | best measured fitness or single-digit g-values | x1 | x2...
1 0 +1.027514579e+05 +1.027289079e+05 +1.027289079e+05 +5.9671e-01 -3.8264e-02 +7.4769e-01 +1.6230e+00 -1.3415e-01
5 0 +6.238600631e+04 +6.236345631e+04 +6.236345631e+04 +1.5656e+00 -1.2578e-01 +1.6753e-01 -1.3247e+00 -4.4438e-01
9 0 +5.734784290e+03 +5.712234290e+03 +5.712234290e+03 +8.3847e-01 +2.7137e-01 -1.5648e-02 -2.0110e-01 -1.3785e+00
56 0 +5.937787936e+02 +5.712287936e+02 +5.712287936e+02 +1.5822e+00 -8.5971e-01 +7.8106e-01 -1.1134e+00 -3.5426e-01
61 0 +1.813085341e+01 -4.419146590e+00 -4.419146590e+00 +1.1689e+00 +7.8607e-02 +1.8182e+00 -1.3589e+00 -1.0881e-01
926 0 +1.558690058e+01 -6.963099422e+00 -6.963099422e+00 +2.3285e+00 +5.1331e-01 +1.4963e+00 +2.7461e-03 +1.5156e+00
940 0 +1.552482851e+01 -7.025171492e+00 -7.025171492e+00 +1.7875e+00 -2.0047e-01 +2.4549e+00 -3.6148e-01 +1.4130e+00
952 0 +1.303898472e+01 -9.511015281e+00 -9.511015281e+00 +5.8787e-01 +5.5057e-01 +3.5634e+00 -1.1570e+00 +6.0773e-01
953 0 +1.196030190e+01 -1.058969810e+01 -1.058969810e+01 +1.6237e+00 -2.9602e-02 +3.6825e+00 -9.6020e-01 +1.9695e+00
959 0 +8.522221265e+00 -1.402777874e+01 -1.402777874e+01 +1.6777e+00 +5.2017e-01 +2.5015e+00 -1.0068e+00 +1.1705e+00
979 0 +5.248142529e+00 -1.730185747e+01 -1.730185747e+01 +2.3005e+00 +1.5273e+00 +2.6430e+00 -1.6400e+00 +1.9184e+00
1018 0 +2.412343122e+00 -2.013765688e+01 -2.013765688e+01 +2.3665e+00 +2.8807e+00 +3.1899e+00 -1.7215e+00 +2.4962e+00
1060 0 +2.278420565e+00 -2.027157943e+01 -2.027157943e+01 +3.0763e+00 +1.4121e+00 +2.2078e+00 -2.3872e+00 +2.2820e+00
1088 0 +1.120592603e+00 -2.142940740e+01 -2.142940740e+01 +2.4058e+00 +2.7767e+00 +3.4278e+00 -2.7808e+00 +2.3825e+00
1107 0 +1.011047589e+00 -2.153895241e+01 -2.153895241e+01 +2.7940e+00 +1.5531e+00 +2.5267e+00 -2.7376e+00 +2.0838e+00
1138 0 +4.360358987e-01 -2.211396410e+01 -2.211396410e+01 +2.7935e+00 +2.1428e+00 +2.1660e+00 -2.5986e+00 +1.9019e+00
1212 0 +3.247259352e-01 -2.222527406e+01 -2.222527406e+01 +2.5129e+00 +2.4407e+00 +2.6954e+00 -2.7074e+00 +1.9517e+00
1237 0 +2.664472710e-01 -2.228355273e+01 -2.228355273e+01 +2.4706e+00 +2.6065e+00 +2.8978e+00 -3.0010e+00 +1.9761e+00
% f evaluations | g evaluations | best noise-free fitness - Fopt (1.366000000000e+01) + sum g_i+ | measured fitness | best measured fitness or single-digit g-values | x1 | x2...
1 0 +3.421703209e+06 +3.421716869e+06 +3.421716869e+06 +5.9671e-01 -3.8264e-02 +7.4769e-01 +1.6230e+00 -1.3415e-01
2 0 +2.115595205e+06 +2.115608865e+06 +2.115608865e+06 -1.3414e-01 +1.6792e+00 +8.6743e-01 -3.6947e-01 +6.4256e-01
15 0 +2.517305733e+05 +2.517442333e+05 +2.517442333e+05 +4.6140e-01 +1.6380e+00 +6.4174e-02 +1.6646e+00 -2.5197e+00
31 0 +1.106023470e+03 +1.119683470e+03 +1.119683470e+03 -6.4511e-01 +1.1775e+00 +3.1476e+00 +1.7072e+00 -1.7206e+00
140 0 +2.595681286e+02 +2.732281286e+02 +2.732281286e+02 -4.1226e-02 +1.9633e+00 +8.3658e-01 +2.0703e+00 -2.1444e-01
168 0 +1.547404184e+02 +1.684004184e+02 +1.684004184e+02 +1.7714e+00 +8.0990e-01 -1.9638e-01 +9.3436e-01 -4.0509e+00
172 0 +7.974340954e+01 +9.340340954e+01 +9.340340954e+01 -9.1264e-01 +4.2125e-01 +4.2615e+00 +2.4339e+00 -2.2015e+00
242 0 +7.586086351e+01 +8.952086351e+01 +8.952086351e+01 +8.1293e-01 +2.2432e+00 +2.9160e+00 +1.0588e+00 -9.7666e-01
339 0 +2.845672316e+01 +4.211672316e+01 +4.211672316e+01 +5.0564e-02 +2.2726e+00 +2.3879e+00 +1.0140e+00 -6.3844e-01
392 0 +1.280895289e+01 +2.646895289e+01 +2.646895289e+01 -1.2718e+00 +1.9512e+00 +6.9077e-01 +2.1345e+00 +3.2380e-01
395 0 +4.276908373e+00 +1.793690837e+01 +1.793690837e+01 +2.3796e-01 +2.5575e+00 +1.3282e+00 +9.6297e-01 -2.8478e-01
751 0 +1.813152237e+00 +1.547315224e+01 +1.547315224e+01 +1.6250e+00 +2.4515e+00 +2.7964e+00 +7.4647e-02 -1.8311e+00
787 0 +1.661179609e+00 +1.532117961e+01 +1.532117961e+01 +1.0858e+00 +2.3487e+00 +1.6446e+00 +4.4331e-01 -1.4631e+00
827 0 +1.257672384e+00 +1.491767238e+01 +1.491767238e+01 +9.7102e-01 +2.6235e+00 +2.8999e+00 +6.0088e-01 -7.9720e-01
832 0 +1.098703834e+00 +1.475870383e+01 +1.475870383e+01 +6.5241e-01 +2.6723e+00 +2.4326e+00 +6.0719e-01 -5.6837e-01
841 0 +9.688105290e-01 +1.462881053e+01 +1.462881053e+01 +1.0815e+00 +2.3412e+00 +2.7339e+00 +7.8030e-01 -1.1810e+00
851 0 +9.603359583e-01 +1.462033596e+01 +1.462033596e+01 +5.9728e-01 +2.0072e+00 +3.4348e+00 +9.1390e-01 -1.4324e+00
857 0 +9.464525002e-01 +1.460645250e+01 +1.460645250e+01 +1.0311e+00 +2.2612e+00 +2.9072e+00 +2.2785e-01 -1.7714e+00
866 0 +5.664948690e-01 +1.422649487e+01 +1.422649487e+01 +6.9854e-01 +2.3913e+00 +3.0122e+00 +6.4037e-01 -1.0445e+00
877 0 +5.041146123e-01 +1.416411461e+01 +1.416411461e+01 +9.1015e-01 +2.6104e+00 +2.5181e+00 +3.8009e-02 -1.2752e+00
932 0 +4.951183407e-01 +1.415511834e+01 +1.415511834e+01 +9.4939e-01 +2.2490e+00 +2.5427e+00 +2.2149e-01 -1.7632e+00
954 0 +1.838573811e-01 +1.384385738e+01 +1.384385738e+01 +7.3119e-01 +2.1456e+00 +2.7565e+00 +4.8949e-01 -1.6165e+00
983 0 +1.783612943e-01 +1.383836129e+01 +1.383836129e+01 +5.1758e-01 +2.3016e+00 +2.4589e+00 +5.5817e-01 -1.1941e+00
987 0 +1.733766866e-01 +1.383337669e+01 +1.383337669e+01 +7.7126e-01 +2.2603e+00 +2.8477e+00 +3.1469e-01 -1.5838e+00
1022 0 +1.192561922e-01 +1.377925619e+01 +1.377925619e+01 +6.5661e-01 +2.3746e+00 +2.6660e+00 +3.0545e-01 -1.3432e+00
1025 0 +5.664156711e-02 +1.371664157e+01 +1.371664157e+01 +4.4739e-01 +2.1859e+00 +2.6681e+00 +5.4672e-01 -1.3731e+00
1078 0 +4.024422321e-02 +1.370024422e+01 +1.370024422e+01 +4.0163e-01 +2.1360e+00 +2.6024e+00 +3.4172e-01 -1.6152e+00
1089 0 +1.828454308e-02 +1.367828454e+01 +1.367828454e+01 +5.0196e-01 +2.2523e+00 +2.6050e+00 +3.7546e-01 -1.4282e+00
1122 0 +1.477732152e-02 +1.367477732e+01 +1.367477732e+01 +4.8726e-01 +2.2496e+00 +2.5759e+00 +2.9838e-01 -1.4926e+00
1155 0 +1.353605523e-02 +1.367353606e+01 +1.367353606e+01 +4.8923e-01 +2.2496e+00 +2.6230e+00 +3.1656e-01 -1.4779e+00
1157 0 +7.236406871e-03 +1.366723641e+01 +1.366723641e+01 +4.6288e-01 +2.2313e+00 +2.6029e+00 +3.1743e-01 -1.4974e+00
1178 0 +1.969178235e-03 +1.366196918e+01 +1.366196918e+01 +4.2668e-01 +2.2231e+00 +2.6280e+00 +3.2752e-01 -1.4869e+00
1211 0 +1.724890058e-03 +1.366172489e+01 +1.366172489e+01 +4.5700e-01 +2.2199e+00 +2.6781e+00 +3.6060e-01 -1.4773e+00
1228 0 +1.020673337e-03 +1.366102067e+01 +1.366102067e+01 +4.1362e-01 +2.2176e+00 +2.6833e+00 +3.4711e-01 -1.4737e+00
% f evaluations | g evaluations | best noise-free fitness - Fopt (9.378400000000e+02) + sum g_i+ | measured fitness | best measured fitness or single-digit g-values | x1 | x2...
1 0 +2.638980435e+05 +2.648358835e+05 +2.648358835e+05 +5.9671e-01 -3.8264e-02 +7.4769e-01 +1.6230e+00 -1.3415e-01
2 0 +1.198176286e+05 +1.207554686e+05 +1.207554686e+05 -1.3414e-01 +1.6792e+00 +8.6743e-01 -3.6947e-01 +6.4256e-01
3 0 +2.838885257e+03 +3.776725257e+03 +3.776725257e+03 -3.6342e-01 -3.6573e-01 +3.4196e-01 -1.8133e+00 -1.6249e+00
47 0 +2.465374685e+03 +3.403214685e+03 +3.403214685e+03 +4.8142e-01 -8.2497e-01 -6.2595e-01 -2.6598e-01 -1.8560e+00
53 0 +6.836787031e+02 +1.621518703e+03 +1.621518703e+03 +2.1585e-01 -2.6125e-01 -5.0728e-01 -1.8403e-01 -9.1419e-01
101 0 +3.763459075e+02 +1.314185908e+03 +1.314185908e+03 -3.3012e-01 -1.0446e-01 -1.0828e+00 -2.6690e-01 +9.6017e-02
115 0 +3.150692476e+01 +9.693469248e+02 +9.693469248e+02 -7.5409e-02 -1.9573e-01 +9.2823e-02 -1.2276e+00 -1.7918e+00
259 0 +3.129828603e+01 +9.691382860e+02 +9.691382860e+02 +2.1489e-01 +3.1271e-01 +5.4175e-02 -2.5315e-01 -1.1341e+00
268 0 +2.904743767e+01 +9.668874377e+02 +9.668874377e+02 +4.4274e-01 +3.7513e-01 -5.2072e-02 -9.9654e-02 -1.5989e+00
601 0 +2.840156091e+01 +9.662415609e+02 +9.662415609e+02 -8.0990e-01 +1.1086e-01 +2.5406e-01 -1.3869e+00 -3.0601e-02
628 0 +2.274505377e+01 +9.605850538e+02 +9.605850538e+02 -1.4472e-01 +9.1878e-01 +1.1985e-01 -6.8404e-01 -1.1663e+00
698 0 +1.165446988e+01 +9.494944699e+02 +9.494944699e+02 -4.5335e-01 +9.1607e-01 +1.8765e+00 -1.7432e+00 -1.2561e+00
742 0 +1.004510071e+01 +9.478851007e+02 +9.478851007e+02 -4.2862e-01 +1.1409e+00 +2.4016e+00 -2.2290e+00 -2.0558e+00
754 0 +8.988084570e+00 +9.468280846e+02 +9.468280846e+02 -1.1891e+00 +3.2091e+00 +3.2758e+00 -3.0091e+00 -1.9332e+00
762 0 +5.818697671e+00 +9.436586977e+02 +9.436586977e+02 -8.4868e-01 +1.7818e+00 +3.2663e+00 -2.6988e+00 -1.5739e+00
796 0 +4.688358082e+00 +9.425283581e+02 +9.425283581e+02 +1.3032e-01 +2.7582e+00 +2.8892e+00 -1.0576e+00 -2.1164e+00
845 0 +3.499387320e+00 +9.413393873e+02 +9.413393873e+02 -5.3601e-01 +2.4912e+00 +3.3296e+00 -1.9211e+00 -1.3997e+00
881 0 +1.567878854e+00 +9.394078789e+02 +9.394078789e+02 +2.7689e-02 +3.4254e+00 +3.0871e+00 -9.7443e-01 -1.9196e+00
931 0 +1.030322812e+00 +9.388703228e+02 +9.388703228e+02 -3.2079e-01 +3.4321e+00 +4.2943e+00 -1.8999e+00 -1.9572e+00
959 0 +4.761330363e-01 +9.383161330e+02 +9.383161330e+02 -6.2923e-02 +3.8161e+00 +3.8991e+00 -1.1928e+00 -1.8234e+00
991 0 +2.718808052e-01 +9.381118808e+02 +9.381118808e+02 -2.5375e-01 +3.3932e+00 +3.9293e+00 -1.5841e+00 -1.7470e+00
1025 0 +2.369298066e-01 +9.380769298e+02 +9.380769298e+02 -3.6947e-01 +3.9957e+00 +3.9870e+00 -1.3175e+00 -1.2131e+00
1030 0 +1.331309235e-01 +9.379731309e+02 +9.379731309e+02 -1.4021e-01 +3.4323e+00 +4.0245e+00 -1.3393e+00 -1.5938e+00
1082 0 +9.484270911e-02 +9.379348427e+02 +9.379348427e+02 -3.7043e-01 +3.4984e+00 +3.7685e+00 -1.5158e+00 -1.4290e+00
1096 0 +7.482887672e-02 +9.379148289e+02 +9.379148289e+02 -4.1544e-01 +3.6489e+00 +4.0048e+00 -1.4896e+00 -1.2003e+00
1102 0 +4.228007772e-02 +9.378822801e+02 +9.378822801e+02 -2.4206e-01 +3.5851e+00 +4.0323e+00 -1.4018e+00 -1.4921e+00
1107 0 +4.216376474e-02 +9.378821638e+02 +9.378821638e+02 -2.8539e-01 +3.5382e+00 +3.8624e+00 -1.4165e+00 -1.4617e+00
1122 0 +4.043223041e-02 +9.378804322e+02 +9.378804322e+02 -3.6641e-01 +3.6447e+00 +3.8406e+00 -1.4615e+00 -1.3795e+00
1134 0 +3.408310885e-02 +9.378740831e+02 +9.378740831e+02 -3.4211e-01 +3.6759e+00 +3.8571e+00 -1.3440e+00 -1.2408e+00
1152 0 +1.313036975e-02 +9.378531304e+02 +9.378531304e+02 -2.7479e-01 +3.5761e+00 +3.9717e+00 -1.3768e+00 -1.3794e+00
1179 0 +1.276732483e-02 +9.378527673e+02 +9.378527673e+02 -3.2836e-01 +3.6200e+00 +3.9472e+00 -1.4420e+00 -1.3816e+00
1202 0 +9.326982948e-03 +9.378493270e+02 +9.378493270e+02 -2.7385e-01 +3.5084e+00 +3.9712e+00 -1.3901e+00 -1.3707e+00
1206 0 +5.271184865e-03 +9.378452712e+02 +9.378452712e+02 -3.0763e-01 +3.5793e+00 +3.9583e+00 -1.3667e+00 -1.2748e+00
% f evaluations | g evaluations | best noise-free fitness - Fopt (-7.872000000000e+01) + sum g_i+ | measured fitness | best measured fitness or single-digit g-values | x1 | x2...
1 0 +7.689970713e+05 +7.689183513e+05 +7.689183513e+05 +5.9671e-01 -3.8264e-02 +7.4769e-01 +1.6230e+00 -1.3415e-01
2 0 +2.208857419e+05 +2.208070219e+05 +2.208070219e+05 -1.3414e-01 +1.6792e+00 +8.6743e-01 -3.6947e-01 +6.4256e-01
12 0 +1.361710745e+05 +1.360923545e+05 +1.360923545e+05 +1.0313e+00 -7.3922e-01 -2.0921e-01 +4.3126e-01 +1.0755e+00
14 0 +1.150850683e+05 +1.150063483e+05 +1.150063483e+05 +1.4562e+00 +2.7990e-02 +1.1035e+00 +4.6164e-01 -5.4512e-01
19 0 +6.832691260e+04 +6.824819260e+04 +6.824819260e+04 +1.9708e-01 +1.0686e+00 -6.0205e-01 -2.2766e-01 -2.9211e-01
22 0 +5.480175509e+04 +5.472303509e+04 +5.472303509e+04 +5.0405e-01 +1.9862e+00 +2.7458e-01 +3.5755e-01 +2.5554e-02
26 0 +2.828964788e+04 +2.821092788e+04 +2.821092788e+04 +6.2083e-02 +9.3120e-01 +2.7460e-01 -1.0500e-01 +1.8250e+00
27 0 +2.082859249e+04 +2.074987249e+04 +2.074987249e+04 +3.2585e-01 -7.8540e-02 +2.6563e-01 +1.3367e-02 +8.1402e-01
31 0 +1.157144444e+04 +1.149272444e+04 +1.149272444e+04 +3.4386e-01 +6.5813e-01 +1.0116e+00 +2.2854e-01 +7.0694e-01
32 0 +7.551740454e+02 +6.764540454e+02 +6.764540454e+02 -3.9931e-01 -1.0180e+00 +6.2162e-01 +9.3460e-01 -8.4542e-01
50 0 +1.094405742e+01 -6.777594258e+01 -6.777594258e+01 +2.6440e+00 +1.0599e+00 -1.0653e+00 +7.6197e-02 -9.6778e-01
711 0 +1.033654264e+01 -6.838345736e+01 -6.838345736e+01 +2.6563e+00 -1.0253e+00 +7.6411e-01 +1.2533e+00 -1.8188e+00
743 0 +9.976948670e+00 -6.874305133e+01 -6.874305133e+01 +1.7874e+00 -5.6220e-01 +4.2853e-01 +1.0155e+00 -1.5807e+00
744 0 +9.211903673e+00 -6.950809633e+01 -6.950809633e+01 +3.1526e+00 -1.3986e-01 +6.6763e-01 +9.2745e-01 -1.3322e+00
782 0 +6.765130865e+00 -7.195486913e+01 -7.195486913e+01 +3.9724e+00 -1.1524e+00 -5.7828e-01 +1.2143e+00 -3.1228e+00
827 0 +4.733184770e+00 -7.398681523e+01 -7.398681523e+01 +3.0239e+00 -1.8785e+00 -1.0837e+00 +4.7302e-01 -8.0763e-01
850 0 +3.328915327e+00 -7.539108467e+01 -7.539108467e+01 +3.4158e+00 -3.1688e+00 -1.5736e+00 +8.2528e-01 -1.8505e+00
886 0 +2.637439722e+00 -7.608256028e+01 -7.608256028e+01 +3.7285e+00 -2.4710e+00 -1.0291e+00 +9.1514e-01 -1.9373e+00
913 0 +2.565410450e+00 -7.615458955e+01 -7.615458955e+01 +3.7659e+00 -2.6512e+00 -1.2973e+00 +8.7001e-01 -1.9867e+00
927 0 +1.070747602e+00 -7.764925240e+01 -7.764925240e+01 +2.7552e+00 -2.1666e+00 -2.0063e+00 +4.9397e-01 -1.6981e+00
993 0 +1.018706349e+00 -7.770129365e+01 -7.770129365e+01 +3.0421e+00 -1.5360e+00 -1.4382e+00 +6.5697e-01 -1.9646e+00
1015 0 +9.253542001e-01 -7.779464580e+01 -7.779464580e+01 +2.5211e+00 -9.4282e-01 -2.1170e+00 +2.2736e-01 -1.5564e+00
1034 0 +3.372322169e-01 -7.838276778e+01 -7.838276778e+01 +3.2529e+00 -9.1478e-01 -2.1337e+00 +1.3274e-01 -1.3211e+00
1039 0 +1.767499456e-01 -7.854325005e+01 -7.854325005e+01 +3.1202e+00 -1.3653e+00 -2.0979e+00 +3.6169e-01 -1.7932e+00
1137 0 +1.430598151e-01 -7.857694018e+01 -7.857694018e+01 +3.2723e+00 -1.1981e+00 -2.2421e+00 +2.4678e-01 -1.6645e+00
1158 0 +1.118393101e-01 -7.860816069e+01 -7.860816069e+01 +3.3194e+00 -1.2920e+00 -1.8875e+00 +2.5688e-01 -1.2767e+00
1159 0 +8.031283877e-02 -7.863968716e+01 -7.863968716e+01 +3.3884e+00 -1.4899e+00 -1.8616e+00 +3.5805e-01 -1.4820e+00
1162 0 +6.753233789e-02 -7.865246766e+01 -7.865246766e+01 +3.3447e+00 -1.2419e+00 -2.2180e+00 +2.2909e-01 -1.5634e+00
1192 0 +9.449813315e-03 -7.871055019e+01 -7.871055019e+01 +3.3664e+00 -1.3920e+00 -2.1169e+00 +2.6445e-01 -1.4966e+00
% f evaluations | g evaluations | best noise-free fitness - Fopt (-4.151000000000e+01) + sum g_i+ | measured fitness | best measured fitness or single-digit g-values | x1 | x2...
1 0 +9.388282350e+05 +9.387867250e+05 +9.387867250e+05 +5.9671e-01 -3.8264e-02 +7.4769e-01 +1.6230e+00 -1.3415e-01
2 0 +1.480288100e+05 +1.479873000e+05 +1.479873000e+05 -1.3414e-01 +1.6792e+00 +8.6743e-01 -3.6947e-01 +6.4256e-01
9 0 +5.813112524e+04 +5.808961524e+04 +5.808961524e+04 +8.3847e-01 +2.7137e-01 -1.5648e-02 -2.0110e-01 -1.3785e+00
14 0 +2.106877194e+04 +2.102726194e+04 +2.102726194e+04 +1.4562e+00 +2.7990e-02 +1.1035e+00 +4.6164e-01 -5.4512e-01
18 0 +1.990425982e+04 +1.986274982e+04 +1.986274982e+04 -4.0176e-01 +1.0154e+00 +4.2875e-01 -4.2976e-01 +6.1327e-01
40 0 +3.850265596e+02 +3.435165596e+02 +3.435165596e+02 +7.5498e-01 +7.7416e-01 +9.0975e-02 +6.7894e-01 -2.6769e-01
73 0 +5.105047714e+01 +9.540477139e+00 +9.540477139e+00 +1.6779e+00 -1.9548e-01 -6.0857e-01 +2.4232e-01 -1.0854e+00
85 0 +3.799204889e+01 -3.517951109e+00 -3.517951109e+00 +7.6237e-01 +4.1094e-01 +7.8406e-01 -1.0948e-01 +1.0727e-01
156 0 +3.179853478e+01 -9.711465224e+00 -9.711465224e+00 +5.0572e-01 +1.0305e+00 -1.8034e-01 +5.8574e-01 -4.4329e-01
506 0 +1.899561315e+01 -2.251438685e+01 -2.251438685e+01 +1.2571e+00 -1.9433e-01 +1.4561e-01 -1.1708e+00 -1.4589e+00
568 0 +1.812980652e+01 -2.338019348e+01 -2.338019348e+01 +1.0646e+00 +4.6397e-01 -1.3395e-01 -5.2516e-01 -2.0531e+00
584 0 +1.146001653e+01 -3.004998347e+01 -3.004998347e+01 +1.6768e+00 -1.8476e-01 -8.2362e-02 -1.0076e+00 -2.6595e+00
639 0 +1.104927802e+01 -3.046072198e+01 -3.046072198e+01 +1.7089e+00 +2.0205e-01 -6.1531e-01 -8.6721e-01 -3.9713e+00
656 0 +7.886364961e+00 -3.362363504e+01 -3.362363504e+01 +2.2526e+00 -1.3947e+00 -1.1628e+00 -2.6174e+00 -3.6834e+00
740 0 +5.496059322e+00 -3.601394068e+01 -3.601394068e+01 +1.8061e+00 +8.6663e-02 -1.5305e+00 -4.6805e-01 -3.8343e+00
756 0 +4.984641719e+00 -3.652535828e+01 -3.652535828e+01 +2.0288e+00 -4.0454e-01 -1.2173e+00 -1.2136e+00 -3.9596e+00
768 0 +4.837769107e+00 -3.667223089e+01 -3.667223089e+01 +2.7166e+00 -1.2940e+00 -1.4507e+00 -1.4753e+00 -3.9184e+00
819 0 +4.610241104e+00 -3.689975890e+01 -3.689975890e+01 +2.2166e+00 -1.0201e+00 -1.2099e+00 -1.6348e+00 -3.3145e+00
824 0 +2.229348555e+00 -3.928065145e+01 -3.928065145e+01 +2.7217e+00 -1.1415e+00 -2.0292e+00 -1.4601e+00 -4.6669e+00
909 0 +1.959245186e+00 -3.955075481e+01 -3.955075481e+01 +2.4989e+00 -1.5665e+00 -1.9777e+00 -1.9867e+00 -3.4502e+00
919 0 +1.949442798e+00 -3.956055720e+01 -3.956055720e+01 +2.7281e+00 -1.6315e+00 -1.9560e+00 -1.8243e+00 -3.7157e+00
925 0 +1.614031921e+00 -3.989596808e+01 -3.989596808e+01 +2.3006e+00 -9.7673e-01 -2.0139e+00 -1.7528e+00 -4.2767e+00
941 0 +4.949664218e-01 -4.101503358e+01 -4.101503358e+01 +2.6433e+00 -1.3519e+00 -2.3790e+00 -1.3531e+00 -3.8279e+00
1016 0 +3.533828446e-01 -4.115661716e+01 -4.115661716e+01 +2.6279e+00 -1.4949e+00 -2.9616e+00 -1.6050e+00 -4.0156e+00
1078 0 +3.509013466e-01 -4.115909865e+01 -4.115909865e+01 +2.1536e+00 -1.0534e+00 -2.7390e+00 -1.5894e+00 -3.7371e+00
1097 0 +2.453804309e-01 -4.126461957e+01 -4.126461957e+01 +2.1153e+00 -1.0526e+00 -3.2349e+00 -1.3335e+00 -3.5100e+00
1102 0 +2.121768312e-01 -4.129782317e+01 -4.129782317e+01 +2.2383e+00 -1.2858e+00 -3.0480e+00 -1.5718e+00 -3.4392e+00
1104 0 +1.485658088e-01 -4.136143419e+01 -4.136143419e+01 +2.2733e+00 -1.2368e+00 -3.0229e+00 -1.4421e+00 -3.4941e+00
1133 0 +1.122027686e-01 -4.139779723e+01 -4.139779723e+01 +2.5087e+00 -1.2951e+00 -2.9398e+00 -1.4017e+00 -3.9407e+00
1179 0 +7.374329584e-02 -4.143625670e+01 -4.143625670e+01 +2.4161e+00 -1.1684e+00 -2.9756e+00 -1.2343e+00 -3.8135e+00
1205 0 +1.135920898e-02 -4.149864079e+01 -4.149864079e+01 +2.4723e+00 -1.2498e+00 -3.0057e+00 -1.2155e+00 -3.7317e+00
% f evaluations | g evaluations | best noise-free fitness - Fopt (1.320700000000e+02) + sum g_i+ | measured fitness | best measured fitness or single-digit g-values | x1 | x2...
1 0 +7.727138685e+06 +7.727270755e+06 +7.727270755e+06 +5.9671e-01 -3.8264e-02 +7.4769e-01 +1.6230e+00 -1.3415e-01
2 0 +2.334265506e+05 +2.335586206e+05 +2.335586206e+05 -1.3414e-01 +1.6792e+00 +8.6743e-01 -3.6947e-01 +6.4256e-01
4 0 +1.974097677e+05 +1.975418377e+05 +1.975418377e+05 -4.6229e-01 -9.1283e-01 +4.1425e-01 -8.0802e-01 -1.3123e+00
5 0 +1.788515125e+05 +1.789835825e+05 +1.789835825e+05 +1.5656e+00 -1.2578e-01 +1.6753e-01 -1.3247e+00 -4.4438e-01
7 0 +9.979845604e+04 +9.993052604e+04 +9.993052604e+04 -5.0171e-01 +1.9523e+00 +8.6503e-02 -9.5771e-01 +9.2254e-01
13 0 +3.517587893e+04 +3.530794893e+04 +3.530794893e+04 -3.7917e-01 -8.5659e-02 -1.0063e+00 -1.0962e+00 +9.1253e-01
21 0 +1.978150117e+03 +2.110220117e+03 +2.110220117e+03 -1.3154e+00 -3.2065e-01 -2.4271e-01 -7.0228e-01 -6.1286e-02
60 0 +8.915473342e+02 +1.023617334e+03 +1.023617334e+03 +6.3102e-01 +1.4885e+00 +2.8412e-01 -1.1564e+00 -3.2691e-01
70 0 +1.160041314e+02 +2.480741314e+02 +2.480741314e+02 +1.7291e+00 +3.4599e-01 +2.3688e+00 -1.9596e+00 -3.5696e-01
85 0 +5.850356947e+01 +1.905735695e+02 +1.905735695e+02 +1.5241e+00 +1.0706e-01 +1.8163e+00 -1.8763e+00 -4.4342e-01
308 0 +2.843269895e+01 +1.605026989e+02 +1.605026989e+02 -1.0781e+00 +1.1666e+00 +2.1325e-01 -6.6898e-01 -6.3081e-01
480 0 +2.139696939e+01 +1.534669694e+02 +1.534669694e+02 -1.1318e+00 +7.8011e-01 +3.8213e-01 -7.5108e-01 -1.0222e+00
510 0 +1.881743639e+01 +1.508874364e+02 +1.508874364e+02 -1.2888e+00 +1.0549e+00 +2.6985e-01 -6.3499e-01 -9.2428e-01
536 0 +1.265107598e+01 +1.447210760e+02 +1.447210760e+02 -1.2811e+00 +1.5824e+00 +1.1402e+00 -6.5148e-01 -1.2123e+00
659 0 +1.092135363e+01 +1.429913536e+02 +1.429913536e+02 -1.7132e+00 +2.1472e+00 +8.2885e-01 -4.0413e-01 -1.5524e+00
755 0 +9.778272767e+00 +1.418482728e+02 +1.418482728e+02 -1.7539e+00 +2.1493e+00 +2.1402e+00 -5.3900e-01 -1.9739e+00
783 0 +8.876531632e+00 +1.409465316e+02 +1.409465316e+02 -1.1684e+00 +1.7713e+00 +2.2648e+00 -7.8895e-01 -1.5582e+00
828 0 +6.168089145e+00 +1.382380891e+02 +1.382380891e+02 -1.6074e+00 +2.6121e+00 +3.2191e+00 -6.0697e-01 -1.7933e+00
829 0 +5.576871134e+00 +1.376468711e+02 +1.376468711e+02 -1.8545e+00 +3.6423e+00 +2.8788e+00 -3.4423e-01 -2.1468e+00
885 0 +4.891050252e+00 +1.369610503e+02 +1.369610503e+02 -2.9749e+00 +3.4736e+00 +3.5707e+00 -9.1085e-03 -1.4491e+00
913 0 +3.676659209e+00 +1.357466592e+02 +1.357466592e+02 -2.5714e+00 +2.7508e+00 +2.4567e+00 -1.5290e-01 -1.3295e+00
963 0 +2.383078013e+00 +1.344530780e+02 +1.344530780e+02 -2.9251e+00 +3.2298e+00 +3.9604e+00 -5.9985e-02 -7.3780e-01
965 0 +9.988836644e-01 +1.330688837e+02 +1.330688837e+02 -2.6289e+00 +2.8567e+00 +2.8170e+00 -8.9676e-02 -3.4948e-01
1010 0 +5.278756562e-01 +1.325978757e+02 +1.325978757e+02 -2.1309e+00 +3.3185e+00 +3.3419e+00 -2.1050e-01 +6.2571e-02
1038 0 +4.893859975e-01 +1.325593860e+02 +1.325593860e+02 -2.1136e+00 +3.6695e+00 +2.7642e+00 -7.6115e-02 +5.1359e-01
1065 0 +3.186314929e-01 +1.323886315e+02 +1.323886315e+02 -2.7165e+00 +3.8626e+00 +2.6990e+00 +1.5617e-01 +3.1688e-01
1109 0 +3.160599188e-01 +1.323860599e+02 +1.323860599e+02 -2.7889e+00 +3.7706e+00 +3.5092e+00 +6.1340e-02 -1.2444e-01
1114 0 +1.548007422e-01 +1.322248007e+02 +1.322248007e+02 -2.7484e+00 +3.9518e+00 +3.1390e+00 +1.2568e-01 +9.1102e-02
1139 0 +1.079640228e-01 +1.321779640e+02 +1.321779640e+02 -2.7460e+00 +3.6791e+00 +3.0372e+00 +8.3713e-02 -1.4618e-02
1180 0 +8.610685097e-02 +1.321561069e+02 +1.321561069e+02 -2.6274e+00 +3.6140e+00 +2.9094e+00 +5.1798e-02 +1.0191e-01
1187 0 +8.210882179e-02 +1.321521088e+02 +1.321521088e+02 -2.3457e+00 +3.6827e+00 +3.1414e+00 -6.8489e-02 -1.0084e-01
1202 0 +3.521021927e-02 +1.321052102e+02 +1.321052102e+02 -2.5086e+00 +3.5964e+00 +3.0635e+00 -8.6014e-03 +7.0283e-02
1246 0 +3.079991752e-02 +1.321007999e+02 +1.321007999e+02 -2.5433e+00 +3.7149e+00 +2.9493e+00 +3.8929e-02 +1.5875e-01
1247 0 +1.906875903e-02 +1.320890688e+02 +1.320890688e+02 -2.4863e+00 +3.7645e+00 +2.9516e+00 +2.7433e-02 +1.6141e-01
% f evaluations | g evaluations | best noise-free fitness - Fopt (9.725000000000e+01) + sum g_i+ | measured fitness | best measured fitness or single-digit g-values | x1 | x2...
1 0 +1.329426951e+06 +1.329524201e+06 +1.329524201e+06 +5.9671e-01 -3.8264e-02 +7.4769e-01 +1.6230e+00 -1.3415e-01
2 0 +7.476824281e+05 +7.477796781e+05 +7.477796781e+05 -1.3414e-01 +1.6792e+00 +8.6743e-01 -3.6947e-01 +6.4256e-01
15 0 +3.833873350e+05 +3.834845850e+05 +3.834845850e+05 +4.6140e-01 +1.6380e+00 +6.4174e-02 +1.6646e+00 -2.5197e+00
22 0 +6.934652941e+04 +6.944377941e+04 +6.944377941e+04 +5.0405e-01 +1.9862e+00 +2.7458e-01 +3.5755e-01 +2.5554e-02
35 0 +8.743075941e+03 +8.840325941e+03 +8.840325941e+03 +5.9633e-01 +3.5985e-01 -1.3701e-01 +4.1487e+00 -2.3222e+00
36 0 +3.508136386e+03 +3.605386386e+03 +3.605386386e+03 +5.4841e-01 +2.4181e+00 +2.4995e+00 +1.4700e+00 -7.9472e-01
42 0 +6.094764672e+02 +7.067264672e+02 +7.067264672e+02 +9.7693e-01 +2.0380e+00 -6.4776e-01 +3.7474e-01 +5.0232e-03
59 0 +2.000698836e+01 +1.172569884e+02 +1.172569884e+02 +6.1230e-01 +1.6571e+00 +3.5120e-01 +1.5347e+00 -4.2178e-01
431 0 +1.539831068e+01 +1.126483107e+02 +1.126483107e+02 +8.4249e-01 +1.7443e+00 +2.5741e-01 +1.3774e+00 -5.6288e-01
519 0 +1.420363656e+01 +1.114536366e+02 +1.114536366e+02 +7.6942e-01 +1.5742e+00 +2.6135e-01 +1.5150e+00 -3.7861e-01
601 0 +1.293497685e+01 +1.101849769e+02 +1.101849769e+02 +9.8701e-01 +1.3291e+00 -1.8973e-01 +1.4633e+00 -1.3881e-01
618 0 +1.062706774e+01 +1.078770677e+02 +1.078770677e+02 +8.7012e-01 +1.4854e+00 +3.4569e-01 +1.2751e+00 +1.3432e-01
628 0 +1.026427980e+01 +1.075142798e+02 +1.075142798e+02 +9.1972e-01 +1.3945e+00 +7.5529e-02 +1.2082e+00 +2.7791e-01
653 0 +9.772583960e+00 +1.070225840e+02 +1.070225840e+02 +7.2208e-01 +1.2761e+00 +3.4691e-01 +1.2746e+00 +6.5634e-01
659 0 +9.403230951e+00 +1.066532310e+02 +1.066532310e+02 +9.4677e-01 +1.3473e+00 +1.6065e-01 +1.1506e+00 +4.7741e-01
686 0 +4.281362086e+00 +1.015313621e+02 +1.015313621e+02 +7.5695e-01 +1.4687e+00 +9.8182e-01 +7.8583e-01 +1.2590e+00
702 0 +3.482695846e+00 +1.007326958e+02 +1.007326958e+02 +6.8178e-01 +1.3309e+00 +2.5375e-01 +7.1555e-01 +1.4042e+00
727 0 +2.134008041e+00 +9.938400804e+01 +9.938400804e+01 +5.5701e-01 +1.6212e+00 +1.2330e+00 +3.3008e-01 +1.8993e+00
738 0 +1.701002298e+00 +9.895100230e+01 +9.895100230e+01 +3.2002e-01 +1.2504e+00 +1.2436e+00 +6.9636e-01 +2.2500e+00
756 0 +1.181035086e+00 +9.843103509e+01 +9.843103509e+01 +4.1139e-01 +1.3007e+00 +1.2975e+00 -2.4737e-01 +3.5647e+00
839 0 +1.002769151e+00 +9.825276915e+01 +9.825276915e+01 +7.8544e-01 +9.7798e-01 +1.2180e+00 +3.7020e-01 +2.9603e+00
845 0 +7.218294654e-01 +9.797182947e+01 +9.797182947e+01 +2.6755e-01 +1.2038e+00 +1.0376e+00 +2.0305e-01 +3.0609e+00
883 0 +4.331385969e-01 +9.768313860e+01 +9.768313860e+01 +7.9585e-01 +7.1196e-01 +5.1224e-01 +2.0614e-01 +3.4609e+00
897 0 +1.451895712e-01 +9.739518957e+01 +9.739518957e+01 +7.3183e-01 +9.5529e-01 +8.1133e-01 +2.8550e-01 +3.0141e+00
983 0 +1.163440050e-01 +9.736634401e+01 +9.736634401e+01 +8.0581e-01 +1.0479e+00 +7.4987e-01 +8.7915e-02 +3.0560e+00
1000 0 +9.046579475e-02 +9.734046579e+01 +9.734046579e+01 +8.0527e-01 +1.0153e+00 +6.8443e-01 +1.8955e-01 +2.9382e+00
1028 0 +5.085826493e-02 +9.730085826e+01 +9.730085826e+01 +6.6958e-01 +1.1469e+00 +6.9873e-01 +1.1638e-01 +2.8891e+00
1036 0 +1.660530797e-02 +9.726660531e+01 +9.726660531e+01 +6.9314e-01 +1.0592e+00 +5.5896e-01 +1.2640e-01 +2.9772e+00
1152 0 +2.451859448e-03 +9.725245186e+01 +9.725245186e+01 +6.2138e-01 +1.0816e+00 +5.6487e-01 +1.1487e-01 +3.0033e+00
1180 0 +2.183171768e-03 +9.725218317e+01 +9.725218317e+01 +5.8733e-01 +1.0670e+00 +5.6064e-01 +1.4627e-01 +3.0064e+00
% f evaluations | g evaluations | best noise-free fitness - Fopt (-2.033000000000e+01) + sum g_i+ | measured fitness | best measured fitness or single-digit g-values | x1 | x2...
1 0 +1.500255837e+05 +1.500052537e+05 +1.500052537e+05 +5.9671e-01 -3.8264e-02 +7.4769e-01 +1.6230e+00 -1.3415e-01
8 0 +6.846458017e+03 +6.826128017e+03 +6.826128017e+03 -1.1208e+00 +3.0886e-01 -1.8597e+00 -1.2282e+00 +2.9686e-01
12 0 +3.965149527e+03 +3.944819527e+03 +3.944819527e+03 +1.0313e+00 -7.3922e-01 -2.0921e-01 +4.3126e-01 +1.0755e+00
26 0 +2.860020126e+03 +2.839690126e+03 +2.839690126e+03 -2.7605e-01 +1.0354e+00 -7.8157e-01 -2.1863e-01 +5.0403e-01
31 0 +2.509733435e+03 +2.489403435e+03 +2.489403435e+03 +5.8024e-01 +6.2958e-01 -3.0811e-01 +6.4445e-01 +3.1682e-01
42 0 +1.075771737e+03 +1.055441737e+03 +1.055441737e+03 -1.3380e+00 -8.8419e-02 +2.2532e-01 -1.1234e+00 +8.9416e-01
43 0 +9.543481266e+02 +9.340181266e+02 +9.340181266e+02 -1.8005e+00 +5.0992e-01 -2.0766e-01 -1.5400e+00 +7.3193e-01
52 0 +2.432289352e+02 +2.228989352e+02 +2.228989352e+02 -1.5166e+00 +2.3721e-01 +4.2805e-02 -7.3959e-01 -1.6935e-01
56 0 +7.672011740e+01 +5.639011740e+01 +5.639011740e+01 +1.4479e-01 +7.3312e-01 +1.0927e-01 +2.0699e-01 +6.6515e-01
58 0 +5.169370675e+01 +3.136370675e+01 +3.136370675e+01 -4.4038e-01 +2.9904e-01 -2.7772e-01 -3.2052e-01 +4.1775e-01
98 0 +4.827800531e+01 +2.794800531e+01 +2.794800531e+01 -8.8154e-01 +5.6025e-02 +4.3569e-01 -9.4116e-01 +1.3359e+00
587 0 +4.164798425e+01 +2.131798425e+01 +2.131798425e+01 -3.3698e-01 +5.6616e-02 +2.2859e-01 -2.4309e-01 +6.8187e-01
652 0 +3.926641522e+01 +1.893641522e+01 +1.893641522e+01 +4.0544e-01 -2.2857e-01 +4.9341e-01 +3.6007e-01 +7.3711e-01
654 0 +3.342786772e+01 +1.309786772e+01 +1.309786772e+01 +2.9624e-01 +5.5252e-02 +2.6917e-01 +3.8965e-01 +4.5000e-01
677 0 +2.161879518e+01 +1.288795176e+00 +1.288795176e+00 +2.4665e+00 -6.8271e-01 -5.6454e-02 +1.9087e+00 +3.4614e-01
703 0 +5.233244331e+00 -1.509675567e+01 -1.509675567e+01 +3.4097e+00 +1.2874e+00 +1.2617e+00 +3.1039e+00 +1.0091e+00
778 0 +2.504522026e+00 -1.782547797e+01 -1.782547797e+01 +4.3759e+00 +1.2899e+00 +1.4159e+00 +3.4848e+00 +1.8362e+00
861 0 +1.982563470e+00 -1.834743653e+01 -1.834743653e+01 +4.2832e+00 +1.3748e+00 +2.1701e+00 +3.7238e+00 +1.7835e+00
913 0 +1.887440148e+00 -1.844255985e+01 -1.844255985e+01 +3.9771e+00 +1.9736e+00 +2.8648e+00 +3.8272e+00 +1.7930e+00
970 0 +1.284026740e+00 -1.904597326e+01 -1.904597326e+01 +3.8159e+00 +1.9417e+00 +2.3229e+00 +3.3924e+00 +1.9983e+00
989 0 +1.081067277e+00 -1.924893272e+01 -1.924893272e+01 +4.4436e+00 +1.8869e+00 +2.3268e+00 +3.7245e+00 +2.2913e+00
1001 0 +7.086716320e-01 -1.962132837e+01 -1.962132837e+01 +3.3157e+00 +2.5956e+00 +2.4714e+00 +3.1588e+00 +2.0106e+00
1038 0 +3.500298915e-01 -1.997997011e+01 -1.997997011e+01 +3.9063e+00 +2.2602e+00 +2.3891e+00 +3.6296e+00 +1.8324e+00
1041 0 +2.393279578e-01 -2.009067204e+01 -2.009067204e+01 +3.9580e+00 +2.5141e+00 +2.1016e+00 +3.6954e+00 +1.6730e+00
1088 0 +1.566080205e-01 -2.017339198e+01 -2.017339198e+01 +4.0367e+00 +2.6033e+00 +2.1391e+00 +3.6879e+00 +1.8589e+00
1137 0 +1.403160482e-01 -2.018968395e+01 -2.018968395e+01 +3.9104e+00 +2.3796e+00 +2.2387e+00 +3.5522e+00 +1.9231e+00
1159 0 +1.333232195e-01 -2.019667678e+01 -2.019667678e+01 +3.9564e+00 +2.2667e+00 +2.0273e+00 +3.5474e+00 +1.8217e+00
1172 0 +1.113266917e-01 -2.021867331e+01 -2.021867331e+01 +3.8042e+00 +2.3773e+00 +1.9936e+00 +3.4100e+00 +1.8691e+00
1173 0 +1.080586091e-01 -2.022194139e+01 -2.022194139e+01 +3.7903e+00 +2.5736e+00 +2.1980e+00 +3.3558e+00 +2.1530e+00
1195 0 +1.923369526e-02 -2.031076630e+01 -2.031076630e+01 +3.8763e+00 +2.4120e+00 +1.9631e+00 +3.3909e+00 +2.0034e+00
1247 0 +1.472318649e-02 -2.031527681e+01 -2.031527681e+01 +3.9993e+00 +2.4281e+00 +1.9132e+00 +3.4599e+00 +2.0276e+00
% f evaluations | g evaluations | best noise-free fitness - Fopt (9.431000000000e+01) + sum g_i+ | measured fitness | best measured fitness or single-digit g-values | x1 | x2...
1 0 +4.280837524e+06 +4.280931834e+06 +4.280931834e+06 +5.9671e-01 -3.8264e-02 +7.4769e-01 +1.6230e+00 -1.3415e-01
2 0 +1.344197137e+04 +1.353628137e+04 +1.353628137e+04 -1.3414e-01 +1.6792e+00 +8.6743e-01 -3.6947e-01 +6.4256e-01
18 0 +5.170541366e+01 +1.460154137e+02 +1.460154137e+02 -4.0176e-01 +1.0154e+00 +4.2875e-01 -4.2976e-01 +6.1327e-01
627 0 +5.152067912e+01 +1.458306791e+02 +1.458306791e+02 +6.9765e-01 +2.1818e+00 +3.7191e-01 +7.5859e-01 +2.9144e-01
640 0 +4.909887579e+01 +1.434088758e+02 +1.434088758e+02 -9.9570e-02 +1.5887e+00 +1.9661e-01 +1.5331e-01 -1.3219e-01
656 0 +4.350034140e+01 +1.378103414e+02 +1.378103414e+02 +6.9673e-01 +1.9403e+00 +2.8840e-01 +8.9583e-01 +8.6085e-01
679 0 +4.324502508e+01 +1.375550251e+02 +1.375550251e+02 +5.7856e-01 +2.4236e+00 +6.4452e-01 +1.1810e+00 +7.5290e-01
703 0 +4.111854684e+01 +1.354285468e+02 +1.354285468e+02 +2.5517e-01 +2.8090e+00 +3.8201e-01 +2.4767e+00 +8.4371e-01
706 0 +3.084175096e+01 +1.251517510e+02 +1.251517510e+02 -5.3074e-01 +2.6487e+00 +5.8407e-01 +2.5318e+00 +1.0798e+00
751 0 +2.264555198e+01 +1.169555520e+02 +1.169555520e+02 -1.9274e+00 +3.9648e+00 +1.9141e+00 +3.4904e+00 +9.0699e-01
780 0 +1.713663782e+01 +1.114466378e+02 +1.114466378e+02 -2.1063e+00 +4.0896e+00 +1.9760e+00 +3.9919e+00 +1.2852e+00
802 0 +9.924233895e+00 +1.042342339e+02 +1.042342339e+02 -2.6662e+00 +3.7183e+00 +2.6212e+00 +3.2978e+00 +2.0342e+00
842 0 +7.299544334e+00 +1.016095443e+02 +1.016095443e+02 -3.4250e+00 +3.7825e+00 +3.0532e+00 +2.8571e+00 +1.5542e+00
881 0 +7.125059829e+00 +1.014350598e+02 +1.014350598e+02 -2.7701e+00 +3.2938e+00 +2.5883e+00 +2.5416e+00 +1.8338e+00
901 0 +4.415009433e+00 +9.872500943e+01 +9.872500943e+01 -3.6668e+00 +3.2209e+00 +3.6531e+00 +1.5943e+00 +2.1271e+00
904 0 +4.056538368e+00 +9.836653837e+01 +9.836653837e+01 -3.6022e+00 +3.8492e+00 +4.1371e+00 +2.5480e+00 +2.9901e+00
987 0 +3.223734660e+00 +9.753373466e+01 +9.753373466e+01 -4.0628e+00 +3.1464e+00 +3.4735e+00 +1.9985e+00 +2.1773e+00
991 0 +2.856271511e+00 +9.716627151e+01 +9.716627151e+01 -3.8768e+00 +3.2238e+00 +3.9015e+00 +1.4358e+00 +2.2380e+00
993 0 +1.637246858e+00 +9.594724686e+01 +9.594724686e+01 -4.8204e+00 +3.2968e+00 +3.9885e+00 +2.6860e+00 +3.1785e+00
1013 0 +1.063466621e+00 +9.537346662e+01 +9.537346662e+01 -3.6682e+00 +3.4376e+00 +3.7013e+00 +2.6218e+00 +3.1062e+00
1030 0 +8.707253513e-01 +9.518072535e+01 +9.518072535e+01 -3.8507e+00 +3.7146e+00 +4.0691e+00 +2.8731e+00 +3.3946e+00
1087 0 +8.526581914e-01 +9.516265819e+01 +9.516265819e+01 -4.3705e+00 +3.0659e+00 +4.1358e+00 +2.6215e+00 +4.2484e+00
1096 0 +8.395928613e-01 +9.514959286e+01 +9.514959286e+01 -3.6110e+00 +2.7602e+00 +4.1050e+00 +1.4930e+00 +3.9639e+00
1102 0 +7.306474922e-01 +9.504064749e+01 +9.504064749e+01 -3.4051e+00 +2.9031e+00 +3.6000e+00 +2.1275e+00 +3.6526e+00
1103 0 +5.297549580e-01 +9.483975496e+01 +9.483975496e+01 -3.8242e+00 +2.5536e+00 +3.5002e+00 +2.1341e+00 +3.9319e+00
1144 0 +1.451237213e-01 +9.445512372e+01 +9.445512372e+01 -3.5487e+00 +2.9227e+00 +3.7305e+00 +2.1671e+00 +3.8080e+00
1153 0 +1.038346881e-01 +9.441383469e+01 +9.441383469e+01 -3.7131e+00 +3.0812e+00 +3.9680e+00 +2.0879e+00 +3.6854e+00
1180 0 +7.424179094e-02 +9.438424179e+01 +9.438424179e+01 -3.7873e+00 +3.1949e+00 +3.9928e+00 +2.2109e+00 +3.5836e+00
