% f evaluations | g evaluations | best noise-free fitness - Fopt (7.627000000000e+01) + sum g_i+ | measured fitness | best measured fitness or single-digit g-values | x1 | x2...
1 0 +1.115344780e+07 +1.115352407e+07 +1.115352407e+07 +5.9671e-01 -3.8264e-02
3 0 +9.255980039e+06 +9.256056309e+06 +9.256056309e+06 -1.3415e-01 -1.3414e-01
6 0 +8.086475554e+06 +8.086551824e+06 +8.086551824e+06 -3.6342e-01 -3.6573e-01
7 0 +2.336013123e+06 +2.336089393e+06 +2.336089393e+06 +3.4196e-01 -1.8133e+00
12 0 +3.643104692e+05 +3.643867392e+05 +3.643867392e+05 -5.4552e-01 -3.9626e+00
13 0 +1.605715474e+04 +1.613342474e+04 +1.613342474e+04 +3.9580e-01 -3.7012e+00
35 0 +1.538082690e+03 +1.614352690e+03 +1.614352690e+03 -2.6801e+00 -2.6380e+00
53 0 +8.717497550e+02 +9.480197550e+02 +9.480197550e+02 +1.2124e-01 -3.5159e+00
63 0 +1.644550541e+02 +2.407250541e+02 +2.407250541e+02 +1.8643e-03 -3.4611e+00
108 0 +1.321805862e+02 +2.084505862e+02 +2.084505862e+02 +3.2462e-01 -3.5621e+00
125 0 +1.017340643e+02 +1.780040643e+02 +1.780040643e+02 -3.1827e+00 -2.4303e+00
131 0 +1.894696946e+00 +7.816469695e+01 +7.816469695e+01 -3.6440e-01 -3.3332e+00
164 0 +1.883415106e+00 +7.815341511e+01 +7.815341511e+01 -6.1467e-01 -3.2542e+00
216 0 +8.225921150e-01 +7.709259211e+01 +7.709259211e+01 -1.3314e+00 -3.0252e+00
217 0 +6.584598258e-01 +7.692845983e+01 +7.692845983e+01 -1.4042e+00 -3.0038e+00
226 0 +3.650754297e-01 +7.663507543e+01 +7.663507543e+01 -1.5199e+00 -2.9663e+00
236 0 +9.966447408e-02 +7.636966447e+01 +7.636966447e+01 -1.1580e+00 -3.0807e+00
244 0 +6.382074032e-02 +7.633382074e+01 +7.633382074e+01 -1.0605e+00 -3.1120e+00
281 0 +5.436257994e-02 +7.632436258e+01 +7.632436258e+01 -7.2737e-01 -3.2172e+00
285 0 +4.592852849e-03 +7.627459285e+01 +7.627459285e+01 -8.7361e-01 -3.1709e+00
306 0 +2.912096268e-03 +7.627291210e+01 +7.627291210e+01 -9.6065e-01 -3.1434e+00
351 0 +8.493241978e-04 +7.627084932e+01 +7.627084932e+01 -9.6468e-01 -3.1421e+00
369 0 +4.563392183e-05 +7.627004563e+01 +7.627004563e+01 -9.4357e-01 -3.1488e+00
432 0 +9.296460789e-06 +7.627000930e+01 +7.627000930e+01 -9.3969e-01 -3.1500e+00
447 0 +9.768897371e-07 +7.627000098e+01 +7.627000098e+01 -9.3756e-01 -3.1507e+00
479 0 +7.320625457e-07 +7.627000073e+01 +7.627000073e+01 -9.3759e-01 -3.1507e+00
% f evaluations | g evaluations | best noise-free fitness - Fopt (-2.255000000000e+01) + sum g_i+ | measured fitness | best measured fitness or single-digit g-values | x1 | x2...
1 0 +7.681858844e+06 +7.681836294e+06 +7.681836294e+06 +5.9671e-01 -3.8264e-02
2 0 +4.145031237e+06 +4.145008687e+06 +4.145008687e+06 +7.4769e-01 +1.6230e+00
4 0 +2.001558928e+06 +2.001536378e+06 +2.001536378e+06 +1.6792e+00 +8.6743e-01
11 0 +1.345013038e+05 +1.344787538e+05 +1.344787538e+05 +3.9323e+00 -3.4660e-01
12 0 +7.277377253e+01 +5.022377253e+01 +5.022377253e+01 +2.6086e+00 +2.4271e+00
42 0 +3.594455569e+00 -1.895554443e+01 -1.895554443e+01 +2.5245e+00 +2.6956e+00
140 0 +9.504887189e-01 -2.159951128e+01 -2.159951128e+01 +2.4161e+00 +3.0187e+00
157 0 +7.767629398e-02 -2.247232371e+01 -2.247232371e+01 +2.5315e+00 +2.6817e+00
300 0 +6.813875515e-02 -2.248186124e+01 -2.248186124e+01 +2.4917e+00 +2.7979e+00
316 0 +2.409332272e-02 -2.252590668e+01 -2.252590668e+01 +2.6110e+00 +2.4462e+00
331 0 +9.688831349e-03 -2.254031117e+01 -2.254031117e+01 +2.5981e+00 +2.4841e+00
336 0 +3.491913121e-03 -2.254650809e+01 -2.254650809e+01 +2.5493e+00 +2.6282e+00
346 0 +5.305758519e-04 -2.254946942e+01 -2.254946942e+01 +2.5665e+00 +2.5775e+00
420 0 +1.910256211e-04 -2.254980897e+01 -2.254980897e+01 +2.5692e+00 +2.5694e+00
% f evaluations | g evaluations | best noise-free fitness - Fopt (1.366000000000e+01) + sum g_i+ | measured fitness | best measured fitness or single-digit g-values | x1 | x2...
1 0 +1.945760603e+06 +1.945774263e+06 +1.945774263e+06 +5.9671e-01 -3.8264e-02
2 0 +4.028167691e+05 +4.028304291e+05 +4.028304291e+05 +7.4769e-01 +1.6230e+00
5 0 +1.639339977e+04 +1.640705977e+04 +1.640705977e+04 -3.6947e-01 +6.4256e-01
21 0 +1.006806341e+04 +1.008172341e+04 +1.008172341e+04 -1.1355e+00 -1.7280e-01
23 0 +2.134275769e+01 +3.500275769e+01 +3.500275769e+01 -3.2590e-01 +9.6449e-01
84 0 +1.133885406e+01 +2.499885406e+01 +2.499885406e+01 -7.0864e-01 +3.3111e-01
85 0 +5.586815176e+00 +1.924681518e+01 +1.924681518e+01 -5.9442e-01 +5.2372e-01
93 0 +4.277701333e+00 +1.793770133e+01 +1.793770133e+01 -6.3561e-01 +4.5741e-01
251 0 +4.249611561e+00 +1.790961156e+01 +1.790961156e+01 -6.3190e-01 +4.6390e-01
255 0 +4.228666985e+00 +1.788866698e+01 +1.788866698e+01 -5.9493e-01 +5.2600e-01
256 0 +4.165835448e+00 +1.782583545e+01 +1.782583545e+01 -5.8779e-01 +5.3631e-01
257 0 +3.947438764e+00 +1.760743876e+01 +1.760743876e+01 -5.6901e-01 +5.6782e-01
271 0 +3.621433019e+00 +1.728143302e+01 +1.728143302e+01 -4.7747e-01 +7.1953e-01
289 0 +3.616578327e+00 +1.727657833e+01 +1.727657833e+01 -5.1466e-01 +6.5841e-01
291 0 +3.584222461e+00 +1.724422246e+01 +1.724422246e+01 -3.2303e-01 +9.7520e-01
293 0 +2.987258302e+00 +1.664725830e+01 +1.664725830e+01 -3.9342e-01 +8.5978e-01
294 0 +2.982468472e+00 +1.664246847e+01 +1.664246847e+01 -3.9602e-01 +8.5551e-01
310 0 +2.179163564e+00 +1.583916356e+01 +1.583916356e+01 -2.6859e-01 +1.0678e+00
311 0 +3.784063714e-01 +1.403840637e+01 +1.403840637e+01 +1.0197e-01 +1.6839e+00
321 0 +1.435483672e-01 +1.380354837e+01 +1.380354837e+01 +5.3506e-01 +2.4027e+00
324 0 +9.564990890e-02 +1.375564991e+01 +1.375564991e+01 +2.7417e-01 +1.9695e+00
338 0 +7.639125724e-02 +1.373639126e+01 +1.373639126e+01 +2.9038e-01 +1.9967e+00
374 0 +1.754108613e-02 +1.367754109e+01 +1.367754109e+01 +3.6167e-01 +2.1151e+00
408 0 +1.015613411e-02 +1.367015613e+01 +1.367015613e+01 +3.8404e-01 +2.1524e+00
451 0 +9.982500763e-03 +1.366998250e+01 +1.366998250e+01 +3.7481e-01 +2.1370e+00
452 0 +9.747750990e-03 +1.366974775e+01 +1.366974775e+01 +3.7509e-01 +2.1374e+00
457 0 +7.870657697e-03 +1.366787066e+01 +1.366787066e+01 +3.8115e-01 +2.1474e+00
461 0 +7.457596008e-03 +1.366745760e+01 +1.366745760e+01 +3.8445e-01 +2.1529e+00
462 0 +6.829951449e-03 +1.366682995e+01 +1.366682995e+01 +3.8207e-01 +2.1490e+00
472 0 +4.811192365e-03 +1.366481119e+01 +1.366481119e+01 +3.8842e-01 +2.1595e+00
490 0 +4.527219467e-03 +1.366452722e+01 +1.366452722e+01 +3.8904e-01 +2.1606e+00
% f evaluations | g evaluations | best noise-free fitness - Fopt (9.378400000000e+02) + sum g_i+ | measured fitness | best measured fitness or single-digit g-values | x1 | x2...
1 0 +6.783826702e+06 +6.784764542e+06 +6.784764542e+06 +5.9671e-01 -3.8264e-02
2 0 +3.885469115e+06 +3.886406955e+06 +3.886406955e+06 +7.4769e-01 +1.6230e+00
5 0 +2.703263990e+06 +2.704201830e+06 +2.704201830e+06 -3.6947e-01 +6.4256e-01
8 0 +1.125672644e+06 +1.126610484e+06 +1.126610484e+06 -1.6249e+00 -4.6229e-01
12 0 +3.632966129e+05 +3.642344529e+05 +3.642344529e+05 -3.1031e+00 +2.0080e-01
13 0 +1.111466237e+05 +1.120844637e+05 +1.120844637e+05 -3.0730e+00 -1.8954e-01
14 0 +3.719879285e+03 +4.657719285e+03 +4.657719285e+03 -2.3461e+00 +2.2513e-01
31 0 +3.103133169e+03 +4.040973169e+03 +4.040973169e+03 -2.5554e+00 -8.8711e-02
51 0 +2.167029741e+03 +3.104869741e+03 +3.104869741e+03 -2.1046e+00 +6.4662e-01
64 0 +2.780685785e+01 +9.656468578e+02 +9.656468578e+02 -2.7897e+00 -3.4750e-01
72 0 +2.386693216e+01 +9.617069322e+02 +9.617069322e+02 -2.8485e+00 -4.4222e-01
354 0 +2.367935989e+01 +9.615193599e+02 +9.615193599e+02 -2.9527e+00 -6.0901e-01
383 0 +2.345769669e+01 +9.612976967e+02 +9.612976967e+02 -2.9378e+00 -5.8576e-01
391 0 +2.188591623e+01 +9.597259162e+02 +9.597259162e+02 -2.8275e+00 -4.1211e-01
401 0 +1.754164605e+01 +9.553816461e+02 +9.553816461e+02 -2.5329e+00 +5.3058e-02
411 0 +6.655905453e+00 +9.444959055e+02 +9.444959055e+02 -1.7230e+00 +1.3294e+00
433 0 +3.466477992e+00 +9.413064780e+02 +9.413064780e+02 +4.8141e-01 +4.8075e+00
442 0 +2.908783102e+00 +9.407487831e+02 +9.407487831e+02 -5.3274e-01 +3.2033e+00
446 0 +2.075969142e-01 +9.380475969e+02 +9.380475969e+02 -4.5251e-02 +3.9750e+00
451 0 +4.767051926e-02 +9.378876705e+02 +9.378876705e+02 -3.0099e-01 +3.5722e+00
471 0 +2.886747531e-02 +9.378688675e+02 +9.378688675e+02 -3.8246e-01 +3.4434e+00
% f evaluations | g evaluations | best noise-free fitness - Fopt (-7.872000000000e+01) + sum g_i+ | measured fitness | best measured fitness or single-digit g-values | x1 | x2...
1 0 +7.864662279e+06 +7.864583559e+06 +7.864583559e+06 +5.9671e-01 -3.8264e-02
7 0 +2.042818275e+06 +2.042739555e+06 +2.042739555e+06 +3.4196e-01 -1.8133e+00
11 0 +7.592415283e+02 +6.805215283e+02 +6.805215283e+02 +1.3106e+00 -2.9545e+00
51 0 +6.243908620e+02 +5.456708620e+02 +5.456708620e+02 +2.9596e+00 -1.7150e+00
83 0 +1.472426937e+02 +6.852269374e+01 +6.852269374e+01 +3.1475e+00 -1.5950e+00
127 0 +7.566080342e+00 -7.115391966e+01 -7.115391966e+01 +3.4173e+00 -1.4206e+00
171 0 +1.398902028e+00 -7.732109797e+01 -7.732109797e+01 +2.6754e+00 -1.9458e+00
192 0 +9.543172280e-01 -7.776568277e+01 -7.776568277e+01 +2.8561e+00 -1.8188e+00
226 0 +4.710799388e-01 -7.824892006e+01 -7.824892006e+01 +3.6046e+00 -1.2827e+00
227 0 +3.907579299e-01 -7.832924207e+01 -7.832924207e+01 +3.3920e+00 -1.4361e+00
270 0 +1.891877214e-01 -7.853081228e+01 -7.853081228e+01 +3.0666e+00 -1.6676e+00
287 0 +7.966720411e-02 -7.864033280e+01 -7.864033280e+01 +3.5355e+00 -1.3326e+00
291 0 +1.089944698e-02 -7.870910055e+01 -7.870910055e+01 +3.4901e+00 -1.3653e+00
335 0 +9.201096739e-03 -7.871079890e+01 -7.871079890e+01 +3.4152e+00 -1.4189e+00
354 0 +8.187579055e-03 -7.871181242e+01 -7.871181242e+01 +3.3496e+00 -1.4657e+00
355 0 +3.409264183e-03 -7.871659074e+01 -7.871659074e+01 +3.3875e+00 -1.4385e+00
363 0 +1.734119557e-03 -7.871826588e+01 -7.871826588e+01 +3.4017e+00 -1.4283e+00
364 0 +1.236768954e-03 -7.871876323e+01 -7.871876323e+01 +3.3951e+00 -1.4332e+00
386 0 +2.017948614e-04 -7.871979821e+01 -7.871979821e+01 +3.4087e+00 -1.4234e+00
395 0 +1.782732471e-04 -7.871982173e+01 -7.871982173e+01 +3.4217e+00 -1.4141e+00
416 0 +1.753786941e-04 -7.871982462e+01 -7.871982462e+01 +3.4218e+00 -1.4140e+00
418 0 +8.959215627e-05 -7.871991041e+01 -7.871991041e+01 +3.4185e+00 -1.4164e+00
427 0 +3.708793102e-05 -7.871996291e+01 -7.871996291e+01 +3.4070e+00 -1.4246e+00
428 0 +1.829614000e-05 -7.871998170e+01 -7.871998170e+01 +3.4087e+00 -1.4234e+00
454 0 +8.052899290e-06 -7.871999195e+01 -7.871999195e+01 +3.4136e+00 -1.4199e+00
478 0 +6.198455864e-06 -7.871999380e+01 -7.871999380e+01 +3.4131e+00 -1.4203e+00
480 0 +5.426349659e-06 -7.871999457e+01 -7.871999457e+01 +3.4122e+00 -1.4209e+00
% f evaluations | g evaluations | best noise-free fitness - Fopt (-4.151000000000e+01) + sum g_i+ | measured fitness | best measured fitness or single-digit g-values | x1 | x2...
1 0 +1.735179188e+06 +1.735137678e+06 +1.735137678e+06 +5.9671e-01 -3.8264e-02
2 0 +2.129546982e+05 +2.129131882e+05 +2.129131882e+05 +7.4769e-01 +1.6230e+00
4 0 +1.466118260e+04 +1.461967260e+04 +1.461967260e+04 +1.6792e+00 +8.6743e-01
18 0 +7.205471170e+03 +7.163961170e+03 +7.163961170e+03 +1.5592e+00 +1.0676e+00
24 0 +3.536202274e+03 +3.494692274e+03 +3.494692274e+03 +8.3275e-01 +2.7622e+00
45 0 +2.673409975e+03 +2.631899975e+03 +2.631899975e+03 +9.8073e-01 +2.3798e+00
71 0 +1.229853008e+03 +1.188343008e+03 +1.188343008e+03 +9.7166e-01 +2.1892e+00
72 0 +9.753743373e+02 +9.338643373e+02 +9.338643373e+02 +6.1800e-01 +3.2271e+00
74 0 +2.931728904e+01 -1.219271096e+01 -1.219271096e+01 +1.0717e+00 +2.0225e+00
172 0 +2.499314962e+01 -1.651685038e+01 -1.651685038e+01 +6.2602e-01 +3.1152e+00
180 0 +1.999369861e+01 -2.151630139e+01 -2.151630139e+01 +8.0349e-01 +2.6913e+00
182 0 +1.689750262e+01 -2.461249738e+01 -2.461249738e+01 +8.6059e-01 +2.5494e+00
194 0 +1.637950299e+01 -2.513049701e+01 -2.513049701e+01 +8.7051e-01 +2.5226e+00
234 0 +1.546771830e+01 -2.604228170e+01 -2.604228170e+01 +9.3350e-01 +2.3721e+00
241 0 +1.461294940e+01 -2.689705060e+01 -2.689705060e+01 +1.0034e+00 +2.2024e+00
243 0 +1.353298617e+01 -2.797701383e+01 -2.797701383e+01 +9.9741e-01 +2.2152e+00
244 0 +9.363555135e+00 -3.214644487e+01 -3.214644487e+01 +1.2102e+00 +1.6950e+00
268 0 +9.285846032e+00 -3.222415397e+01 -3.222415397e+01 +1.2153e+00 +1.6822e+00
308 0 +9.258372929e+00 -3.225162707e+01 -3.225162707e+01 +1.2705e+00 +1.5452e+00
310 0 +8.160134941e+00 -3.334986506e+01 -3.334986506e+01 +1.3193e+00 +1.4285e+00
338 0 +8.155628674e+00 -3.335437133e+01 -3.335437133e+01 +1.3213e+00 +1.4239e+00
370 0 +8.113617820e+00 -3.339638218e+01 -3.339638218e+01 +1.3312e+00 +1.3987e+00
371 0 +8.077761016e+00 -3.343223898e+01 -3.343223898e+01 +1.3285e+00 +1.4060e+00
381 0 +7.848161905e+00 -3.366183810e+01 -3.366183810e+01 +1.3555e+00 +1.3400e+00
391 0 +6.556146186e+00 -3.495385381e+01 -3.495385381e+01 +1.4849e+00 +1.0243e+00
401 0 +5.533742372e+00 -3.597625763e+01 -3.597625763e+01 +1.5813e+00 +7.8702e-01
402 0 +5.525244147e+00 -3.598475585e+01 -3.598475585e+01 +1.5541e+00 +8.5513e-01
411 0 +2.654785787e+00 -3.885521421e+01 -3.885521421e+01 +1.7381e+00 +4.0701e-01
412 0 +2.407411215e+00 -3.910258879e+01 -3.910258879e+01 +1.8257e+00 +1.9130e-01
421 0 +5.909141719e-03 -4.150409086e+01 -4.150409086e+01 +2.3696e+00 -1.1345e+00
% f evaluations | g evaluations | best noise-free fitness - Fopt (1.320700000000e+02) + sum g_i+ | measured fitness | best measured fitness or single-digit g-values | x1 | x2...
1 0 +1.181852231e+07 +1.181865438e+07 +1.181865438e+07 +5.9671e-01 -3.8264e-02
2 0 +1.164002270e+07 +1.164015477e+07 +1.164015477e+07 +7.4769e-01 +1.6230e+00
3 0 +7.056793733e+06 +7.056925803e+06 +7.056925803e+06 -1.3415e-01 -1.3414e-01
5 0 +5.556108651e+06 +5.556240721e+06 +5.556240721e+06 -3.6947e-01 +6.4256e-01
8 0 +1.982146298e+06 +1.982278368e+06 +1.982278368e+06 -1.6249e+00 -4.6229e-01
11 0 +2.234562264e+05 +2.235882964e+05 +2.235882964e+05 -3.1215e+00 +2.2923e+00
13 0 +1.270104587e+05 +1.271425287e+05 +1.271425287e+05 -3.3731e+00 -1.2465e+00
14 0 +5.134045166e+03 +5.266115166e+03 +5.266115166e+03 -2.9749e+00 -1.6718e+00
32 0 +6.091164110e+01 +1.929816411e+02 +1.929816411e+02 -2.9477e+00 -7.2320e-01
91 0 +5.966684293e+01 +1.917368429e+02 +1.917368429e+02 -2.8823e+00 +2.9127e-02
125 0 +2.519809616e+01 +1.572680962e+02 +1.572680962e+02 -3.0079e+00 -1.2378e+00
213 0 +2.518137556e+01 +1.572513756e+02 +1.572513756e+02 -2.8979e+00 -1.5355e-01
219 0 +2.394650603e+01 +1.560165060e+02 +1.560165060e+02 -2.9518e+00 -7.1728e-01
224 0 +2.322257030e+01 +1.552925703e+02 +1.552925703e+02 -2.9693e+00 -8.5130e-01
231 0 +2.070398395e+01 +1.527739840e+02 +1.527739840e+02 -2.9560e+00 -7.4205e-01
254 0 +1.996744938e+01 +1.520374494e+02 +1.520374494e+02 -2.9487e+00 -6.6886e-01
257 0 +1.851007101e+01 +1.505800710e+02 +1.505800710e+02 -2.9115e+00 -3.0211e-01
265 0 +1.828174911e+01 +1.503517491e+02 +1.503517491e+02 -2.9264e+00 -4.5389e-01
276 0 +1.585584466e+01 +1.479258447e+02 +1.479258447e+02 -2.8935e+00 -1.3715e-01
292 0 +1.572600029e+01 +1.477960003e+02 +1.477960003e+02 -2.8857e+00 -7.9410e-02
293 0 +1.179536870e+01 +1.438653687e+02 +1.438653687e+02 -2.8406e+00 +3.6788e-01
303 0 +1.096424557e+01 +1.430342456e+02 +1.430342456e+02 -2.8113e+00 +6.4993e-01
311 0 +7.026030983e+00 +1.390960310e+02 +1.390960310e+02 -2.5770e+00 +2.8897e+00
313 0 +6.565148543e+00 +1.386351485e+02 +1.386351485e+02 -2.7306e+00 +1.4105e+00
325 0 +2.178734839e+00 +1.342487348e+02 +1.342487348e+02 -2.6117e+00 +2.5430e+00
349 0 +1.962820041e+00 +1.340328200e+02 +1.340328200e+02 -2.4495e+00 +4.0946e+00
355 0 +4.039245198e-01 +1.324739245e+02 +1.324739245e+02 -2.4502e+00 +4.0792e+00
380 0 +5.445494342e-02 +1.321244549e+02 +1.321244549e+02 -2.4580e+00 +4.0005e+00
440 0 +1.424177720e-02 +1.320842418e+02 +1.320842418e+02 -2.4800e+00 +3.7916e+00
452 0 +4.850877843e-03 +1.320748509e+02 +1.320748509e+02 -2.4736e+00 +3.8514e+00
454 0 +3.013939369e-03 +1.320730139e+02 +1.320730139e+02 -2.4787e+00 +3.8030e+00
% f evaluations | g evaluations | best noise-free fitness - Fopt (9.725000000000e+01) + sum g_i+ | measured fitness | best measured fitness or single-digit g-values | x1 | x2...
1 0 +1.444075590e+06 +1.444172840e+06 +1.444172840e+06 +5.9671e-01 -3.8264e-02
2 0 +2.640309153e+05 +2.641281653e+05 +2.641281653e+05 +7.4769e-01 +1.6230e+00
4 0 +1.044638450e+05 +1.045610950e+05 +1.045610950e+05 +1.6792e+00 +8.6743e-01
13 0 +1.664411027e+04 +1.674136027e+04 +1.674136027e+04 +9.8028e-01 +9.8053e-01
17 0 +5.531950962e+03 +5.629200962e+03 +5.629200962e+03 -5.5664e-02 +1.0963e+00
21 0 +3.497322512e+03 +3.594572512e+03 +3.594572512e+03 -7.3013e-01 +8.9299e-01
24 0 +2.586186762e+03 +2.683436762e+03 +2.683436762e+03 +1.3078e+00 +1.1966e+00
31 0 +6.495356476e+01 +1.622035648e+02 +1.622035648e+02 +3.1731e-01 +1.0426e+00
51 0 +3.759059615e+01 +1.348405962e+02 +1.348405962e+02 +3.3808e-01 +1.0461e+00
92 0 +2.125367486e+01 +1.185036749e+02 +1.185036749e+02 +5.2629e-01 +1.0751e+00
109 0 +6.856510066e+00 +1.041065101e+02 +1.041065101e+02 +5.7727e-01 +1.0731e+00
117 0 +4.428114189e-01 +9.769281142e+01 +9.769281142e+01 +5.8370e-01 +1.0758e+00
145 0 +8.526576473e-02 +9.733526576e+01 +9.733526576e+01 +5.6546e-01 +1.0750e+00
168 0 +3.449658493e-02 +9.728449658e+01 +9.728449658e+01 +5.5561e-01 +1.0740e+00
189 0 +7.102549029e-03 +9.725710255e+01 +9.725710255e+01 +5.0206e-01 +1.0686e+00
200 0 +2.609886225e-03 +9.725260989e+01 +9.725260989e+01 +5.3350e-01 +1.0716e+00
482 0 +2.566948234e-03 +9.725256695e+01 +9.725256695e+01 +5.3095e-01 +1.0714e+00
484 0 +1.875844098e-03 +9.725187584e+01 +9.725187584e+01 +5.3830e-01 +1.0721e+00
488 0 +1.805971443e-03 +9.725180597e+01 +9.725180597e+01 +5.3904e-01 +1.0722e+00
491 0 +1.125037426e-03 +9.725112504e+01 +9.725112504e+01 +6.1165e-01 +1.0793e+00
492 0 +2.764100954e-05 +9.725002764e+01 +9.725002764e+01 +5.8376e-01 +1.0765e+00
% f evaluations | g evaluations | best noise-free fitness - Fopt (-2.033000000000e+01) + sum g_i+ | measured fitness | best measured fitness or single-digit g-values | x1 | x2...
1 0 +6.522503936e+06 +6.522483606e+06 +6.522483606e+06 +5.9671e-01 -3.8264e-02
4 0 +3.534507566e+06 +3.534487236e+06 +3.534487236e+06 +1.6792e+00 +8.6743e-01
11 0 +4.119112536e+05 +4.118909236e+05 +4.118909236e+05 +2.3783e+00 -9.1785e-01
24 0 +1.297812877e+05 +1.297609577e+05 +1.297609577e+05 +3.8535e+00 +6.2574e-01
25 0 +1.370271689e+01 -6.627283106e+00 -6.627283106e+00 +3.3253e+00 +9.5907e-04
126 0 +7.422823324e+00 -1.290717668e+01 -1.290717668e+01 +3.3134e+00 -3.6588e-02
154 0 +7.328763352e+00 -1.300123665e+01 -1.300123665e+01 +3.3168e+00 -2.3888e-02
241 0 +6.837049067e+00 -1.349295093e+01 -1.349295093e+01 +3.3486e+00 +1.0680e-01
251 0 +6.044910232e+00 -1.428508977e+01 -1.428508977e+01 +3.3828e+00 +2.4865e-01
291 0 +4.753266450e+00 -1.557673355e+01 -1.557673355e+01 +3.4316e+00 +4.5161e-01
311 0 +2.732228256e+00 -1.759777174e+01 -1.759777174e+01 +3.5660e+00 +1.0088e+00
326 0 +2.559002145e+00 -1.777099786e+01 -1.777099786e+01 +3.5229e+00 +8.2677e-01
328 0 +2.319557656e+00 -1.801044234e+01 -1.801044234e+01 +3.5494e+00 +9.3545e-01
331 0 +1.666838158e-01 -2.016331618e+01 -2.016331618e+01 +3.8289e+00 +2.0904e+00
349 0 +1.167244859e-01 -2.021327551e+01 -2.021327551e+01 +3.8715e+00 +2.2655e+00
350 0 +9.903463623e-02 -2.023096536e+01 -2.023096536e+01 +3.8665e+00 +2.2467e+00
367 0 +7.553190563e-04 -2.032924468e+01 -2.032924468e+01 +3.9328e+00 +2.5199e+00
% f evaluations | g evaluations | best noise-free fitness - Fopt (9.431000000000e+01) + sum g_i+ | measured fitness | best measured fitness or single-digit g-values | x1 | x2...
1 0 +3.195807244e+06 +3.195901554e+06 +3.195901554e+06 +5.9671e-01 -3.8264e-02
3 0 +1.106900917e+06 +1.106995227e+06 +1.106995227e+06 -1.3415e-01 -1.3414e-01
6 0 +4.263264329e+05 +4.264207429e+05 +4.264207429e+05 -3.6342e-01 -3.6573e-01
7 0 +1.769979543e+05 +1.770922643e+05 +1.770922643e+05 +3.4196e-01 -1.8133e+00
8 0 +1.232009021e+05 +1.232952121e+05 +1.232952121e+05 -1.6249e+00 -4.6229e-01
10 0 +4.477208532e+04 +4.486639532e+04 +4.486639532e+04 -8.0802e-01 -1.3123e+00
11 0 +2.303045003e+04 +2.312476003e+04 +2.312476003e+04 -1.4004e+00 +6.3415e-02
21 0 +1.901245186e+04 +1.910676186e+04 +1.910676186e+04 -1.2528e+00 -6.1052e-01
32 0 +1.320939296e+03 +1.415249296e+03 +1.415249296e+03 -1.3631e+00 -1.6728e-01
61 0 +7.039598955e+02 +7.982698955e+02 +7.982698955e+02 -1.0928e+00 -6.2430e-01
62 0 +6.180543734e+01 +1.561154373e+02 +1.561154373e+02 -1.0996e+00 -5.8575e-01
64 0 +4.509112227e+01 +1.394011223e+02 +1.394011223e+02 -1.4030e+00 -1.6265e-01
84 0 +2.038616475e+01 +1.146961647e+02 +1.146961647e+02 -1.2875e+00 -3.2211e-01
99 0 +1.975567792e+01 +1.140656779e+02 +1.140656779e+02 -1.2232e+00 -4.1179e-01
179 0 +1.908236647e+01 +1.133923665e+02 +1.133923665e+02 -1.2053e+00 -4.3397e-01
221 0 +1.852098608e+01 +1.128309861e+02 +1.128309861e+02 -1.2483e+00 -3.7642e-01
280 0 +1.847689054e+01 +1.127868905e+02 +1.127868905e+02 -1.2490e+00 -3.7574e-01
291 0 +1.847375084e+01 +1.127837508e+02 +1.127837508e+02 -1.2547e+00 -3.6780e-01
293 0 +1.846946184e+01 +1.127794618e+02 +1.127794618e+02 -1.2488e+00 -3.7614e-01
311 0 +1.809320276e+01 +1.124032028e+02 +1.124032028e+02 -1.2782e+00 -3.3675e-01
321 0 +1.785222787e+01 +1.121622279e+02 +1.121622279e+02 -1.3014e+00 -3.0563e-01
322 0 +1.780681553e+01 +1.121168155e+02 +1.121168155e+02 -1.2955e+00 -3.1412e-01
331 0 +1.695954464e+01 +1.112695446e+02 +1.112695446e+02 -1.3709e+00 -2.1302e-01
332 0 +1.685647590e+01 +1.111664759e+02 +1.111664759e+02 -1.3662e+00 -2.1955e-01
343 0 +1.652579923e+01 +1.108357992e+02 +1.108357992e+02 -1.3880e+00 -1.9054e-01
347 0 +1.642061553e+01 +1.107306155e+02 +1.107306155e+02 -1.3915e+00 -1.8649e-01
349 0 +1.620029511e+01 +1.105102951e+02 +1.105102951e+02 -1.4188e+00 -1.5074e-01
354 0 +1.563009629e+01 +1.099400963e+02 +1.099400963e+02 -1.4444e+00 -1.1577e-01
358 0 +1.523585048e+01 +1.095458505e+02 +1.095458505e+02 -1.4889e+00 -5.5971e-02
368 0 +1.501934338e+01 +1.093293434e+02 +1.093293434e+02 -1.5444e+00 +1.5543e-02
369 0 +1.459372995e+01 +1.089037299e+02 +1.089037299e+02 -1.5188e+00 -1.6511e-02
374 0 +1.309444947e+01 +1.074044495e+02 +1.074044495e+02 -1.6509e+00 +1.5761e-01
379 0 +1.250767448e+01 +1.068176745e+02 +1.068176745e+02 -1.6696e+00 +1.8420e-01
381 0 +1.226325130e+01 +1.065732513e+02 +1.065732513e+02 -1.7254e+00 +2.5923e-01
384 0 +1.124267840e+01 +1.055526784e+02 +1.055526784e+02 -1.7648e+00 +3.1072e-01
407 0 +1.051381988e+01 +1.048238199e+02 +1.048238199e+02 -1.8211e+00 +3.8519e-01
421 0 +8.615565396e+00 +1.029255654e+02 +1.029255654e+02 -2.0429e+00 +6.8045e-01
431 0 +6.537804088e+00 +1.008478041e+02 +1.008478041e+02 -2.4286e+00 +1.1944e+00
441 0 +2.255046671e+00 +9.656504667e+01 +9.656504667e+01 -3.1319e+00 +2.1303e+00
452 0 +1.655739650e+00 +9.596573965e+01 +9.596573965e+01 -3.3893e+00 +2.4696e+00
454 0 +9.489031190e-01 +9.525890312e+01 +9.525890312e+01 -3.4046e+00 +2.4928e+00
484 0 +6.428159584e-01 +9.495281596e+01 +9.495281596e+01 -3.6280e+00 +2.7876e+00
486 0 +5.003239176e-01 +9.481032392e+01 +9.481032392e+01 -3.3948e+00 +2.4786e+00
497 0 +4.629646127e-02 +9.435629646e+01 +9.435629646e+01 -3.7091e+00 +2.8969e+00
