% f evaluations | g evaluations | best noise-free fitness - Fopt (-9.210000000000e+00) + sum g_i+ | measured fitness | best measured fitness or single-digit g-values | x1 | x2...
1 0 +9.445828197e+01 +8.524828197e+01 +8.524828197e+01 +5.9671e-01 -3.8264e-02 +7.4769e-01 +1.6230e+00 -1.3415e-01
9 0 +9.389396990e+01 +8.468396990e+01 +8.468396990e+01 +8.3847e-01 +2.7137e-01 -1.5648e-02 -2.0110e-01 -1.3785e+00
10 0 +8.629682003e+01 +7.708682003e+01 +7.708682003e+01 -6.1984e-01 -3.6064e-01 +1.1571e+00 +4.4362e-01 -1.6630e+00
15 0 +6.968420319e+01 +6.047420319e+01 +6.047420319e+01 +4.6140e-01 +1.6380e+00 +6.4174e-02 +1.6646e+00 -2.5197e+00
26 0 +5.608978866e+01 +4.687978866e+01 +4.687978866e+01 -2.9241e-01 +3.1937e+00 +2.5978e+00 +1.4293e+00 -3.0090e+00
29 0 +5.587368376e+01 +4.666368376e+01 +4.666368376e+01 -8.1432e-01 +8.6456e-01 -6.1097e-01 +3.9822e+00 -3.0761e+00
40 0 +5.580290599e+01 +4.659290599e+01 +4.659290599e+01 -1.2929e+00 +9.2058e-01 +1.8471e+00 -1.7655e-01 -4.6825e+00
51 0 +2.193457385e+01 +1.272457385e+01 +1.272457385e+01 -1.7104e+00 +4.6190e+00 +1.5183e+00 +4.9031e+00 -4.7008e+00
126 0 +1.042805055e+01 +1.218050554e+00 +1.218050554e+00 +9.2467e-01 +2.9093e+00 +4.4817e+00 +4.8382e+00 -4.9914e+00
226 0 +9.516318889e+00 +3.063188893e-01 +3.063188893e-01 +1.0219e+00 +4.5497e+00 +4.8222e+00 +4.7315e+00 -4.7335e+00
278 0 +7.309212698e+00 -1.900787302e+00 -1.900787302e+00 +2.2031e+00 +4.6396e+00 +4.2541e+00 +4.8030e+00 -4.9595e+00
301 0 +7.012801378e+00 -2.197198622e+00 -2.197198622e+00 +2.5551e+00 +4.8533e+00 +4.0710e+00 +4.9734e+00 -4.8780e+00
326 0 +4.453869462e+00 -4.756130538e+00 -4.756130538e+00 +2.5545e+00 +4.8379e+00 +4.6642e+00 +4.9695e+00 -4.9513e+00
351 0 +3.589125272e+00 -5.620874728e+00 -5.620874728e+00 +3.0006e+00 +4.7011e+00 +4.9317e+00 +4.9596e+00 -4.9385e+00
476 0 +2.697666553e+00 -6.512333447e+00 -6.512333447e+00 +2.8542e+00 +4.9095e+00 +4.9613e+00 +4.9568e+00 -4.9974e+00
526 0 +2.464951138e+00 -6.745048862e+00 -6.745048862e+00 +3.5813e+00 +4.7497e+00 +4.9971e+00 +4.9879e+00 -4.9476e+00
551 0 +1.997017543e+00 -7.212982457e+00 -7.212982457e+00 +3.7952e+00 +4.9720e+00 +4.8651e+00 +4.9807e+00 -4.9793e+00
601 0 +1.869934472e+00 -7.340065528e+00 -7.340065528e+00 +4.3803e+00 +4.7598e+00 +4.8188e+00 +4.9854e+00 -4.9832e+00
701 0 +1.782138089e+00 -7.427861911e+00 -7.427861911e+00 +4.5284e+00 +4.8637e+00 +4.9287e+00 +4.9830e+00 -4.9253e+00
703 0 +1.369398673e+00 -7.840601327e+00 -7.840601327e+00 +4.4879e+00 +4.9254e+00 +4.8563e+00 +4.9711e+00 -4.9892e+00
704 0 +1.098381666e+00 -8.111618334e+00 -8.111618334e+00 +4.2517e+00 +4.8806e+00 +4.9961e+00 +4.9963e+00 -4.9895e+00
726 0 +5.756551573e-01 -8.634344843e+00 -8.634344843e+00 +4.9945e+00 +4.9310e+00 +4.9203e+00 +4.9944e+00 -4.9836e+00
833 0 +3.791203961e-01 -8.830879604e+00 -8.830879604e+00 +4.8708e+00 +4.9549e+00 +4.9752e+00 +4.9899e+00 -4.9965e+00
851 0 +3.180360212e-01 -8.891963979e+00 -8.891963979e+00 +4.9359e+00 +4.9754e+00 +4.9998e+00 +4.9992e+00 -4.9795e+00
923 0 +2.040671270e-01 -9.005932873e+00 -9.005932873e+00 +4.9771e+00 +4.9826e+00 +4.9930e+00 +4.9941e+00 -4.9905e+00
954 0 +1.241071734e-01 -9.085892827e+00 -9.085892827e+00 +4.9774e+00 +4.9774e+00 +4.9896e+00 +4.9988e+00 -4.9978e+00
1107 0 +8.633543983e-02 -9.123664560e+00 -9.123664560e+00 +4.9455e+00 +4.9945e+00 +5.0000e+00 +4.9986e+00 -4.9986e+00
1246 0 +8.146377584e-02 -9.128536224e+00 -9.128536224e+00 +4.9765e+00 +4.9857e+00 +4.9988e+00 +4.9963e+00 -4.9992e+00
