% f evaluations | g evaluations | best noise-free fitness - Fopt (7.627000000000e+01) + sum g_i+ | measured fitness | best measured fitness or single-digit g-values | x1 | x2...
1 0 +7.735598947e+06 +7.735675217e+06 +7.735675217e+06 +5.9671e-01 -3.8264e-02 +7.4769e-01 +1.6230e+00 -1.3415e-01
3 0 +6.089780784e+05 +6.090543484e+05 +6.090543484e+05 -3.6342e-01 -3.6573e-01 +3.4196e-01 -1.8133e+00 -1.6249e+00
4 0 +5.714869104e+05 +5.715631804e+05 +5.715631804e+05 -4.6229e-01 -9.1283e-01 +4.1425e-01 -8.0802e-01 -1.3123e+00
25 0 +4.762531333e+05 +4.763294033e+05 +4.763294033e+05 +8.9103e-01 -8.0939e-01 +1.5028e+00 -1.3019e+00 +6.8686e-01
26 0 +1.989583303e+05 +1.990346003e+05 +1.990346003e+05 +2.3747e+00 -1.8906e+00 +1.4492e-01 -2.6863e+00 -1.6158e+00
28 0 +2.747909263e+03 +2.824179263e+03 +2.824179263e+03 +1.0603e+00 -1.3542e+00 +2.4254e-02 -2.6248e+00 -1.3982e+00
77 0 +2.061097487e+03 +2.137367487e+03 +2.137367487e+03 +1.4490e+00 -1.8588e+00 -9.1217e-01 -2.4742e+00 -9.9783e-01
127 0 +6.031466668e+02 +6.794166668e+02 +6.794166668e+02 +6.7545e-01 -2.2379e+00 +7.3019e-01 -2.6012e-01 -1.5521e+00
165 0 +3.524639037e+02 +4.287339037e+02 +4.287339037e+02 +8.8990e-01 -4.0135e+00 -2.0597e+00 +1.5021e+00 -4.0476e+00
202 0 +6.592748704e+00 +8.286274870e+01 +8.286274870e+01 +4.5121e-01 -4.2109e+00 -2.5784e+00 +1.3696e+00 -2.2965e+00
615 0 +2.564574207e+00 +7.883457421e+01 +7.883457421e+01 -4.2503e-01 -2.4928e+00 -4.5982e-01 -3.6614e-01 -1.1235e+00
671 0 +1.302217518e+00 +7.757221752e+01 +7.757221752e+01 -1.0148e+00 -3.5805e+00 -2.3921e+00 +5.8415e-01 -1.8123e+00
680 0 +1.297972332e+00 +7.756797233e+01 +7.756797233e+01 -1.4341e+00 -2.5585e+00 -1.1848e+00 -3.7960e-01 -1.9049e+00
897 0 +1.089484465e+00 +7.735948446e+01 +7.735948446e+01 -6.2073e-01 -2.9322e+00 -6.1192e-01 +3.8408e-01 -9.7752e-01
943 0 +9.812633421e-01 +7.725126334e+01 +7.725126334e+01 -1.2679e+00 -3.4531e+00 -1.0173e+00 +1.3722e+00 -1.7371e+00
949 0 +8.212390256e-01 +7.709123903e+01 +7.709123903e+01 -6.5795e-01 -3.3173e+00 -1.0301e+00 +1.0232e+00 -2.1492e+00
989 0 +4.707225672e-01 +7.674072257e+01 +7.674072257e+01 -4.5114e-01 -3.0933e+00 -1.1097e+00 +4.7330e-01 -2.0640e+00
1000 0 +4.607050044e-01 +7.673070500e+01 +7.673070500e+01 -1.5089e+00 -3.2153e+00 -1.2990e+00 +8.1133e-01 -1.9358e+00
1032 0 +3.075347934e-01 +7.657753479e+01 +7.657753479e+01 -1.0212e+00 -3.3945e+00 -1.5845e+00 +7.5752e-01 -1.5112e+00
1050 0 +1.376652714e-01 +7.640766527e+01 +7.640766527e+01 -8.5458e-01 -3.2746e+00 -1.3497e+00 +7.3483e-01 -1.9889e+00
1193 0 +7.534594437e-02 +7.634534594e+01 +7.634534594e+01 -8.4537e-01 -3.1098e+00 -1.0392e+00 +5.7673e-01 -1.6019e+00
1198 0 +5.462112404e-02 +7.632462112e+01 +7.632462112e+01 -8.3476e-01 -3.1267e+00 -1.2175e+00 +4.7339e-01 -1.5675e+00
