% f evaluations | g evaluations | best noise-free fitness - Fopt (-5.465000000000e+02) + sum g_i+ | measured fitness | best measured fitness or single-digit g-values | x1 | x2...
1 0 +2.193118842e+04 +2.138468842e+04 +2.138468842e+04 +5.9671e-01 -3.8264e-02 +7.4769e-01 +1.6230e+00 -1.3415e-01
2 0 +8.016224912e+02 +2.551224912e+02 +2.551224912e+02 -1.3414e-01 +1.6792e+00 +8.6743e-01 -3.6947e-01 +6.4256e-01
7 0 +4.387294818e+00 -5.421127052e+02 -5.421127052e+02 -5.0171e-01 +1.9523e+00 +8.6503e-02 -9.5771e-01 +9.2254e-01
26 0 +4.268648125e+00 -5.422313519e+02 -5.422313519e+02 +7.3312e-01 +1.8896e+00 +7.8254e-01 -1.7508e+00 +2.0704e+00
34 0 +2.966548959e+00 -5.435334510e+02 -5.435334510e+02 -3.9548e-01 +1.7472e+00 +1.4392e+00 -7.4275e-01 +1.5981e+00
62 0 +2.939029980e+00 -5.435609700e+02 -5.435609700e+02 +1.7501e+00 -3.8762e-01 +7.6758e-01 -2.3766e+00 +1.7901e+00
83 0 +2.803737142e+00 -5.436962629e+02 -5.436962629e+02 +1.3103e+00 +2.9844e+00 +6.1002e-01 -1.1507e+00 +2.3834e+00
221 0 +2.729370536e+00 -5.437706295e+02 -5.437706295e+02 +1.5139e+00 +2.4812e-01 +1.7175e+00 -1.3828e+00 +1.1240e+00
493 0 +2.723567098e+00 -5.437764329e+02 -5.437764329e+02 +1.6093e+00 +9.6817e-01 +2.4670e+00 -9.5164e-01 +1.8235e+00
555 0 +2.492402030e+00 -5.440075980e+02 -5.440075980e+02 +1.3134e+00 +1.2920e+00 +2.3078e+00 -1.5581e+00 +1.3880e+00
579 0 +2.152123059e+00 -5.443478769e+02 -5.443478769e+02 +1.4070e+00 +3.1308e-01 +2.4947e+00 -8.6514e-01 +1.6085e+00
652 0 +2.147965982e+00 -5.443520340e+02 -5.443520340e+02 +1.4299e+00 +1.8272e-01 +2.5814e+00 -8.9040e-01 +1.8442e+00
657 0 +1.988292426e+00 -5.445117076e+02 -5.445117076e+02 +1.5323e+00 +2.9292e-01 +2.5642e+00 -1.1497e+00 +1.4627e+00
697 0 +1.744081374e+00 -5.447559186e+02 -5.447559186e+02 +1.5996e+00 +2.3214e-01 +2.4894e+00 -4.9071e-01 +2.1207e+00
834 0 +1.020908801e+00 -5.454790912e+02 -5.454790912e+02 +1.4688e+00 +3.6126e-01 +2.6029e+00 -2.0030e+00 +1.0068e+00
1051 0 +9.570154599e-01 -5.455429845e+02 -5.455429845e+02 +1.4300e+00 +2.0098e-01 +2.6015e+00 -2.0043e+00 +1.0046e+00
1052 0 +9.301992520e-01 -5.455698007e+02 -5.455698007e+02 +1.4465e+00 +1.8123e-01 +2.5810e+00 -1.9791e+00 +9.8687e-01
1053 0 +8.284270028e-01 -5.456715730e+02 -5.456715730e+02 +1.4874e+00 +3.2499e-01 +2.5678e+00 -2.0236e+00 +9.9226e-01
1151 0 +7.591105757e-01 -5.457408894e+02 -5.457408894e+02 +1.5479e+00 +2.9704e-01 +2.5565e+00 -1.9700e+00 +1.0033e+00
1233 0 +7.424398532e-01 -5.457575601e+02 -5.457575601e+02 +1.5410e+00 +2.8839e-01 +2.5645e+00 -1.9718e+00 +9.9425e-01
% f evaluations | g evaluations | best noise-free fitness - Fopt (1.000000000000e+03) + sum g_i+ | measured fitness | best measured fitness or single-digit g-values | x1 | x2...
1 0 +2.322846490e+04 +2.422846490e+04 +2.422846490e+04 +5.9671e-01 -3.8264e-02 +7.4769e-01 +1.6230e+00 -1.3415e-01
2 0 +1.286247439e+04 +1.386247439e+04 +1.386247439e+04 -1.3414e-01 +1.6792e+00 +8.6743e-01 -3.6947e-01 +6.4256e-01
3 0 +2.901750871e+02 +1.290175087e+03 +1.290175087e+03 -3.6342e-01 -3.6573e-01 +3.4196e-01 -1.8133e+00 -1.6249e+00
27 0 +4.555410372e+00 +1.004555410e+03 +1.004555410e+03 +5.6146e-01 +3.3034e-01 -9.0851e-01 -1.7694e+00 -1.5556e+00
45 0 +4.000107752e+00 +1.004000108e+03 +1.004000108e+03 -1.5206e+00 -3.8148e-01 -1.8503e+00 -1.6741e+00 -1.3802e+00
81 0 +3.480540825e+00 +1.003480541e+03 +1.003480541e+03 +5.5971e-01 +7.6183e-01 -1.5552e+00 -2.0593e+00 -2.1340e+00
153 0 +2.716761584e+00 +1.002716762e+03 +1.002716762e+03 -3.3569e-01 -1.5874e-01 -1.6884e+00 -1.0703e+00 -2.4326e+00
228 0 +2.323791865e+00 +1.002323792e+03 +1.002323792e+03 -8.1721e-02 -6.0513e-02 -1.6337e+00 -7.6495e-01 -2.4368e+00
448 0 +2.170712982e+00 +1.002170713e+03 +1.002170713e+03 -2.0318e-01 -1.9897e-02 -2.0660e+00 -2.1312e+00 -2.0326e+00
567 0 +2.132174044e+00 +1.002132174e+03 +1.002132174e+03 -2.4017e-01 -1.4729e-01 -1.2113e+00 -2.2657e+00 -2.1033e+00
585 0 +1.708976486e+00 +1.001708976e+03 +1.001708976e+03 +2.4912e-01 +1.5192e-03 -2.0014e+00 -2.1502e+00 -2.0633e+00
933 0 +1.706499614e+00 +1.001706500e+03 +1.001706500e+03 -3.6469e-01 -2.0671e-01 -1.6713e+00 -2.2244e+00 -2.0714e+00
957 0 +1.697849875e+00 +1.001697850e+03 +1.001697850e+03 -2.9888e-01 -1.7661e-01 -1.6616e+00 -2.2065e+00 -2.0684e+00
1002 0 +1.683898109e+00 +1.001683898e+03 +1.001683898e+03 -2.9394e-01 -1.4143e-01 -1.6703e+00 -2.2200e+00 -2.0673e+00
1004 0 +1.682884516e+00 +1.001682885e+03 +1.001682885e+03 -3.0550e-01 -1.7528e-01 -1.6706e+00 -2.2058e+00 -2.0696e+00
1008 0 +1.672363546e+00 +1.001672364e+03 +1.001672364e+03 -3.3725e-01 -1.8960e-01 -1.6856e+00 -2.2142e+00 -2.0752e+00
1031 0 +1.662325430e+00 +1.001662325e+03 +1.001662325e+03 -3.2509e-01 -1.5948e-01 -1.6780e+00 -2.2125e+00 -2.0731e+00
1126 0 +1.660471627e+00 +1.001660472e+03 +1.001660472e+03 -3.2241e-01 -1.6717e-01 -1.6760e+00 -2.2080e+00 -2.0772e+00
1201 0 +1.659805074e+00 +1.001659805e+03 +1.001659805e+03 -3.2225e-01 -1.6361e-01 -1.6759e+00 -2.2152e+00 -2.0756e+00
1202 0 +1.659645980e+00 +1.001659646e+03 +1.001659646e+03 -3.2302e-01 -1.6427e-01 -1.6700e+00 -2.2173e+00 -2.0774e+00
% f evaluations | g evaluations | best noise-free fitness - Fopt (2.083800000000e+02) + sum g_i+ | measured fitness | best measured fitness or single-digit g-values | x1 | x2...
1 0 +3.269163166e+03 +3.477543166e+03 +3.477543166e+03 +5.9671e-01 -3.8264e-02 +7.4769e-01 +1.6230e+00 -1.3415e-01
2 0 +3.155524430e+03 +3.363904430e+03 +3.363904430e+03 -1.3414e-01 +1.6792e+00 +8.6743e-01 -3.6947e-01 +6.4256e-01
11 0 +6.408555090e+02 +8.492355090e+02 +8.492355090e+02 +4.2408e-01 -2.8508e-01 -5.7692e-01 +7.1168e-01 +1.1310e+00
12 0 +4.825117646e+02 +6.908917646e+02 +6.908917646e+02 +1.0313e+00 -7.3922e-01 -2.0921e-01 +4.3126e-01 +1.0755e+00
27 0 +3.860166905e+02 +5.943966905e+02 +5.943966905e+02 +7.6889e-01 -7.4094e-01 -2.7157e-01 +5.9422e-01 +1.0625e+00
29 0 +8.002713473e+01 +2.884071347e+02 +2.884071347e+02 +1.1755e+00 +2.2986e-01 -2.6363e-01 +1.2490e+00 +1.1053e+00
34 0 +4.865175489e+00 +2.132451755e+02 +2.132451755e+02 -3.1088e-01 -7.0900e-01 +1.7321e+00 +1.8554e+00 +1.4515e+00
57 0 +3.917897849e+00 +2.122978978e+02 +2.122978978e+02 +1.6818e+00 +5.1889e-01 +1.0293e+00 +4.1854e-01 +2.2935e+00
58 0 +3.791682677e+00 +2.121716827e+02 +2.121716827e+02 +4.3467e-01 +1.8131e-01 +9.6697e-01 +1.2142e+00 +1.4040e+00
94 0 +3.599421221e+00 +2.119794212e+02 +2.119794212e+02 +5.6539e-01 +1.7032e+00 -3.8857e-01 +2.6120e+00 +1.2877e+00
109 0 +2.875381411e+00 +2.112553814e+02 +2.112553814e+02 +1.5258e+00 +9.1929e-01 +8.1289e-01 +8.9632e-01 +1.9413e+00
251 0 +2.755255598e+00 +2.111352556e+02 +2.111352556e+02 +1.6208e+00 +9.8270e-01 +1.1268e+00 +8.4724e-01 +2.3226e+00
351 0 +2.609498662e+00 +2.109894987e+02 +2.109894987e+02 +1.5476e+00 +1.7007e-01 +1.1750e+00 +1.4454e+00 +2.2421e+00
354 0 +2.554500376e+00 +2.109345004e+02 +2.109345004e+02 +1.6949e+00 +2.9311e-01 +1.3791e+00 +1.5823e+00 +2.2093e+00
408 0 +2.297549061e+00 +2.106775491e+02 +2.106775491e+02 +1.4330e+00 +1.0100e+00 +8.7091e-01 +8.7261e-01 +2.0868e+00
626 0 +1.670176650e+00 +2.100501766e+02 +2.100501766e+02 +1.5478e+00 +2.6498e-01 +4.9874e-01 +2.0557e+00 +1.7620e+00
801 0 +1.661574584e+00 +2.100415746e+02 +2.100415746e+02 +1.4483e+00 +2.5277e-01 +5.2690e-01 +2.0513e+00 +1.7891e+00
827 0 +1.612963743e+00 +2.099929637e+02 +2.099929637e+02 +1.5645e+00 +3.0416e-01 +5.1571e-01 +2.0485e+00 +1.7820e+00
885 0 +1.610240126e+00 +2.099902401e+02 +2.099902401e+02 +1.5277e+00 +2.9548e-01 +5.4344e-01 +2.0306e+00 +1.7911e+00
902 0 +1.601381507e+00 +2.099813815e+02 +2.099813815e+02 +1.5038e+00 +3.1297e-01 +5.2913e-01 +2.0436e+00 +1.7873e+00
907 0 +1.598997122e+00 +2.099789971e+02 +2.099789971e+02 +1.4970e+00 +2.7518e-01 +5.1409e-01 +2.0458e+00 +1.7688e+00
927 0 +1.596614840e+00 +2.099766148e+02 +2.099766148e+02 +1.4939e+00 +3.1389e-01 +5.2844e-01 +2.0464e+00 +1.7777e+00
951 0 +1.592111894e+00 +2.099721119e+02 +2.099721119e+02 +1.5098e+00 +3.0287e-01 +5.2789e-01 +2.0542e+00 +1.7770e+00
957 0 +1.592087545e+00 +2.099720875e+02 +2.099720875e+02 +1.5131e+00 +3.0078e-01 +5.3288e-01 +2.0319e+00 +1.7866e+00
1001 0 +1.586653396e+00 +2.099666534e+02 +2.099666534e+02 +1.5176e+00 +3.0919e-01 +5.2427e-01 +2.0453e+00 +1.7705e+00
1002 0 +1.584130506e+00 +2.099641305e+02 +2.099641305e+02 +1.5282e+00 +3.0115e-01 +5.1835e-01 +2.0487e+00 +1.7730e+00
1032 0 +1.581571114e+00 +2.099615711e+02 +2.099615711e+02 +1.5127e+00 +2.8684e-01 +5.2950e-01 +2.0397e+00 +1.7780e+00
1083 0 +1.580442977e+00 +2.099604430e+02 +2.099604430e+02 +1.5124e+00 +2.9486e-01 +5.2112e-01 +2.0450e+00 +1.7736e+00
1101 0 +1.579740306e+00 +2.099597403e+02 +2.099597403e+02 +1.5166e+00 +2.9867e-01 +5.2436e-01 +2.0439e+00 +1.7762e+00
1104 0 +1.579570591e+00 +2.099595706e+02 +2.099595706e+02 +1.5111e+00 +2.9963e-01 +5.2275e-01 +2.0418e+00 +1.7781e+00
1110 0 +1.579506783e+00 +2.099595068e+02 +2.099595068e+02 +1.5079e+00 +2.9510e-01 +5.2363e-01 +2.0411e+00 +1.7777e+00
1129 0 +1.579466153e+00 +2.099594662e+02 +2.099594662e+02 +1.5147e+00 +2.9847e-01 +5.2437e-01 +2.0413e+00 +1.7772e+00
1178 0 +1.579313723e+00 +2.099593137e+02 +2.099593137e+02 +1.5140e+00 +2.9755e-01 +5.2214e-01 +2.0414e+00 +1.7774e+00
% f evaluations | g evaluations | best noise-free fitness - Fopt (-1.449600000000e+02) + sum g_i+ | measured fitness | best measured fitness or single-digit g-values | x1 | x2...
1 0 +2.319026125e+04 +2.304530125e+04 +2.304530125e+04 +5.9671e-01 -3.8264e-02 +7.4769e-01 +1.6230e+00 -1.3415e-01
2 0 +1.527593103e+04 +1.513097103e+04 +1.513097103e+04 -1.3414e-01 +1.6792e+00 +8.6743e-01 -3.6947e-01 +6.4256e-01
3 0 +1.112550837e+02 -3.370491633e+01 -3.370491633e+01 -3.6342e-01 -3.6573e-01 +3.4196e-01 -1.8133e+00 -1.6249e+00
4 0 +6.802982634e+01 -7.693017366e+01 -7.693017366e+01 -4.6229e-01 -9.1283e-01 +4.1425e-01 -8.0802e-01 -1.3123e+00
27 0 +2.425507597e+01 -1.207049240e+02 -1.207049240e+02 +3.0211e-01 +3.2287e-01 +4.5281e-03 -2.1004e+00 -1.6315e+00
28 0 +4.155770149e+00 -1.408042299e+02 -1.408042299e+02 +3.4272e-01 +4.0533e-02 -1.2469e+00 -1.9917e+00 -1.4575e+00
38 0 +4.137721337e+00 -1.408222787e+02 -1.408222787e+02 -6.0934e-01 -1.3301e+00 -1.0102e+00 -1.8067e+00 -2.2290e+00
51 0 +3.302380657e+00 -1.416576193e+02 -1.416576193e+02 -9.7803e-01 -6.8155e-01 -9.3125e-01 -1.9083e+00 -1.3921e+00
83 0 +2.596988324e+00 -1.423630117e+02 -1.423630117e+02 -2.1624e+00 -2.2787e+00 -5.4641e-01 -2.4192e+00 -6.1462e-01
228 0 +2.299289474e+00 -1.426607105e+02 -1.426607105e+02 -1.0026e+00 -2.3646e+00 -3.6289e-02 -2.2603e+00 -1.5054e+00
463 0 +2.026890630e+00 -1.429331094e+02 -1.429331094e+02 -1.0401e+00 -2.4788e+00 -2.0418e+00 -1.6901e+00 -1.2881e+00
496 0 +2.015099861e+00 -1.429449001e+02 -1.429449001e+02 -8.6523e-01 -2.5070e+00 -2.0255e+00 -9.8984e-01 -1.5285e+00
511 0 +1.669460568e+00 -1.432905394e+02 -1.432905394e+02 -1.0450e+00 -2.3669e+00 -2.1042e+00 -6.9423e-01 -1.3344e+00
727 0 +1.637831134e+00 -1.433221689e+02 -1.433221689e+02 -1.0359e+00 -2.3375e+00 -2.1235e+00 -1.3625e+00 -1.1266e+00
751 0 +1.470252466e+00 -1.434897475e+02 -1.434897475e+02 -1.0500e+00 -2.3591e+00 -2.0721e+00 -1.3914e+00 -1.1440e+00
851 0 +1.425334445e+00 -1.435346656e+02 -1.435346656e+02 -1.0317e+00 -2.3381e+00 -2.0700e+00 -1.3584e+00 -1.1496e+00
888 0 +1.412466432e+00 -1.435475336e+02 -1.435475336e+02 -1.0189e+00 -2.3797e+00 -2.0277e+00 -1.3739e+00 -1.1604e+00
904 0 +1.400119487e+00 -1.435598805e+02 -1.435598805e+02 -1.0291e+00 -2.3968e+00 -2.0363e+00 -1.3616e+00 -1.1479e+00
928 0 +1.398738323e+00 -1.435612617e+02 -1.435612617e+02 -1.0250e+00 -2.3783e+00 -2.0190e+00 -1.3833e+00 -1.1477e+00
930 0 +1.397416577e+00 -1.435625834e+02 -1.435625834e+02 -9.9234e-01 -2.3680e+00 -2.0331e+00 -1.3665e+00 -1.1474e+00
977 0 +1.387287557e+00 -1.435727124e+02 -1.435727124e+02 -1.0054e+00 -2.3810e+00 -2.0262e+00 -1.3733e+00 -1.1457e+00
1002 0 +1.385867996e+00 -1.435741320e+02 -1.435741320e+02 -1.0244e+00 -2.3666e+00 -2.0342e+00 -1.3776e+00 -1.1407e+00
1026 0 +1.385238515e+00 -1.435747615e+02 -1.435747615e+02 -1.0166e+00 -2.3754e+00 -2.0300e+00 -1.3695e+00 -1.1429e+00
1076 0 +1.384422112e+00 -1.435755779e+02 -1.435755779e+02 -1.0168e+00 -2.3725e+00 -2.0366e+00 -1.3776e+00 -1.1403e+00
1101 0 +1.383344622e+00 -1.435766554e+02 -1.435766554e+02 -1.0180e+00 -2.3730e+00 -2.0394e+00 -1.3758e+00 -1.1417e+00
1127 0 +1.383291078e+00 -1.435767089e+02 -1.435767089e+02 -1.0160e+00 -2.3746e+00 -2.0339e+00 -1.3767e+00 -1.1419e+00
1128 0 +1.382872684e+00 -1.435771273e+02 -1.435771273e+02 -1.0199e+00 -2.3752e+00 -2.0425e+00 -1.3722e+00 -1.1434e+00
1151 0 +1.382438687e+00 -1.435775613e+02 -1.435775613e+02 -1.0174e+00 -2.3739e+00 -2.0391e+00 -1.3735e+00 -1.1424e+00
1180 0 +1.382398431e+00 -1.435776016e+02 -1.435776016e+02 -1.0194e+00 -2.3779e+00 -2.0379e+00 -1.3738e+00 -1.1420e+00
1201 0 +1.381898225e+00 -1.435781018e+02 -1.435781018e+02 -1.0198e+00 -2.3761e+00 -2.0381e+00 -1.3719e+00 -1.1440e+00
% f evaluations | g evaluations | best noise-free fitness - Fopt (-6.300000000000e+00) + sum g_i+ | measured fitness | best measured fitness or single-digit g-values | x1 | x2...
1 0 +2.385007670e+03 +2.378707670e+03 +2.378707670e+03 +5.9671e-01 -3.8264e-02 +7.4769e-01 +1.6230e+00 -1.3415e-01
9 0 +1.780110091e+03 +1.773810091e+03 +1.773810091e+03 +8.3847e-01 +2.7137e-01 -1.5648e-02 -2.0110e-01 -1.3785e+00
15 0 +8.214389689e+02 +8.151389689e+02 +8.151389689e+02 +4.6140e-01 +1.6380e+00 +6.4174e-02 +1.6646e+00 -2.5197e+00
16 0 +4.562281076e+02 +4.499281076e+02 +4.499281076e+02 +9.2190e-01 +1.8705e-01 -1.9901e-01 +1.9176e-01 -1.8876e+00
26 0 +4.523065497e+00 -1.776934503e+00 -1.776934503e+00 +1.8266e+00 +5.1238e-02 -1.2999e+00 +1.8116e+00 -1.9701e+00
29 0 +3.203329352e+00 -3.096670648e+00 -3.096670648e+00 +9.5238e-01 +3.2399e-01 -8.8741e-01 +1.2026e+00 -2.0323e+00
58 0 +3.032801794e+00 -3.267198206e+00 -3.267198206e+00 +7.8187e-01 +3.1453e-01 -7.0664e-01 +1.6579e+00 -2.3153e+00
99 0 +2.293119106e+00 -4.006880894e+00 -4.006880894e+00 +2.1468e+00 -1.9106e+00 +4.4010e-01 +2.6555e+00 -1.4538e+00
395 0 +2.259990682e+00 -4.040009318e+00 -4.040009318e+00 +2.0039e+00 -1.8835e+00 -2.1043e+00 +1.7752e+00 -2.1544e+00
831 0 +2.212827210e+00 -4.087172790e+00 -4.087172790e+00 +1.8769e+00 -7.6735e-01 -3.6492e-01 +9.9621e-01 -2.0403e+00
962 0 +1.906132461e+00 -4.393867539e+00 -4.393867539e+00 +2.2543e+00 -1.3399e+00 -2.7629e-01 +1.0363e+00 -1.9805e+00
1127 0 +1.758883041e+00 -4.541116959e+00 -4.541116959e+00 +2.1737e+00 -1.1917e+00 -2.6549e-01 +1.0231e+00 -2.0783e+00
1151 0 +1.604503378e+00 -4.695496622e+00 -4.695496622e+00 +2.2042e+00 -1.2334e+00 -2.9783e-01 +1.0644e+00 -1.9927e+00
% f evaluations | g evaluations | best noise-free fitness - Fopt (-1.367600000000e+02) + sum g_i+ | measured fitness | best measured fitness or single-digit g-values | x1 | x2...
1 0 +2.385007670e+03 +2.248247670e+03 +2.248247670e+03 +5.9671e-01 -3.8264e-02 +7.4769e-01 +1.6230e+00 -1.3415e-01
9 0 +1.780110091e+03 +1.643350091e+03 +1.643350091e+03 +8.3847e-01 +2.7137e-01 -1.5648e-02 -2.0110e-01 -1.3785e+00
15 0 +8.214389689e+02 +6.846789689e+02 +6.846789689e+02 +4.6140e-01 +1.6380e+00 +6.4174e-02 +1.6646e+00 -2.5197e+00
16 0 +4.562281076e+02 +3.194681076e+02 +3.194681076e+02 +9.2190e-01 +1.8705e-01 -1.9901e-01 +1.9176e-01 -1.8876e+00
26 0 +4.523065497e+00 -1.322369345e+02 -1.322369345e+02 +1.8266e+00 +5.1238e-02 -1.2999e+00 +1.8116e+00 -1.9701e+00
29 0 +3.203329352e+00 -1.335566706e+02 -1.335566706e+02 +9.5238e-01 +3.2399e-01 -8.8741e-01 +1.2026e+00 -2.0323e+00
58 0 +3.032801794e+00 -1.337271982e+02 -1.337271982e+02 +7.8187e-01 +3.1453e-01 -7.0664e-01 +1.6579e+00 -2.3153e+00
99 0 +2.293119106e+00 -1.344668809e+02 -1.344668809e+02 +2.1468e+00 -1.9106e+00 +4.4010e-01 +2.6555e+00 -1.4538e+00
276 0 +1.896975422e+00 -1.348630246e+02 -1.348630246e+02 +2.0515e+00 -4.0643e-02 -5.3993e-01 +2.4177e+00 -1.1840e+00
483 0 +1.749027927e+00 -1.350109721e+02 -1.350109721e+02 +2.0779e+00 +6.4285e-01 -7.6942e-01 +1.7222e+00 -1.8411e+00
651 0 +1.617807696e+00 -1.351421923e+02 -1.351421923e+02 +2.2509e+00 +4.9727e-01 -7.7528e-01 +8.9972e-01 -1.2771e+00
653 0 +1.577326328e+00 -1.351826737e+02 -1.351826737e+02 +2.2288e+00 +6.1589e-01 -7.9508e-01 +9.0665e-01 -1.5188e+00
721 0 +1.377563841e+00 -1.353824362e+02 -1.353824362e+02 +2.1628e+00 +7.1269e-01 -7.2604e-01 +9.3647e-01 -1.2952e+00
726 0 +1.253774691e+00 -1.355062253e+02 -1.355062253e+02 +2.0507e+00 +5.0949e-01 -6.8829e-01 +9.5474e-01 -1.2783e+00
753 0 +1.195811173e+00 -1.355641888e+02 -1.355641888e+02 +2.1312e+00 +5.1485e-01 -7.1379e-01 +9.2846e-01 -1.2816e+00
776 0 +1.068557779e+00 -1.356914422e+02 -1.356914422e+02 +2.0261e+00 +5.9775e-01 -7.3687e-01 +9.4501e-01 -1.2355e+00
853 0 +1.014210353e+00 -1.357457896e+02 -1.357457896e+02 +2.0861e+00 +5.7866e-01 -7.4691e-01 +9.1788e-01 -1.2350e+00
927 0 +9.810595869e-01 -1.357789404e+02 -1.357789404e+02 +2.1380e+00 +5.9768e-01 -7.5743e-01 +9.1545e-01 -1.2472e+00
952 0 +9.746583341e-01 -1.357853417e+02 -1.357853417e+02 +2.1176e+00 +6.0181e-01 -7.6902e-01 +9.0905e-01 -1.2687e+00
954 0 +9.660595156e-01 -1.357939405e+02 -1.357939405e+02 +2.1134e+00 +5.8336e-01 -7.3282e-01 +9.2712e-01 -1.2526e+00
1002 0 +9.588691300e-01 -1.358011309e+02 -1.358011309e+02 +2.1086e+00 +5.9352e-01 -7.4270e-01 +9.2636e-01 -1.2489e+00
1029 0 +9.541697856e-01 -1.358058302e+02 -1.358058302e+02 +2.1056e+00 +5.9438e-01 -7.4946e-01 +9.2476e-01 -1.2577e+00
1051 0 +9.502497615e-01 -1.358097502e+02 -1.358097502e+02 +2.0908e+00 +6.0015e-01 -7.4903e-01 +9.1617e-01 -1.2578e+00
1055 0 +9.487197621e-01 -1.358112802e+02 -1.358112802e+02 +2.0993e+00 +6.0917e-01 -7.4919e-01 +9.1578e-01 -1.2602e+00
1153 0 +9.482024705e-01 -1.358117975e+02 -1.358117975e+02 +2.1043e+00 +6.0817e-01 -7.5086e-01 +9.1513e-01 -1.2595e+00
1176 0 +9.480706724e-01 -1.358119293e+02 -1.358119293e+02 +2.1061e+00 +6.1162e-01 -7.4840e-01 +9.1875e-01 -1.2591e+00
1201 0 +9.477766097e-01 -1.358122234e+02 -1.358122234e+02 +2.1069e+00 +6.1031e-01 -7.4781e-01 +9.1972e-01 -1.2568e+00
1227 0 +9.475676843e-01 -1.358124323e+02 -1.358124323e+02 +2.1042e+00 +6.0691e-01 -7.4958e-01 +9.1846e-01 -1.2573e+00
% f evaluations | g evaluations | best noise-free fitness - Fopt (3.667500000000e+02) + sum g_i+ | measured fitness | best measured fitness or single-digit g-values | x1 | x2...
1 0 +3.269092622e+03 +3.635842622e+03 +3.635842622e+03 +5.9671e-01 -3.8264e-02 +7.4769e-01 +1.6230e+00 -1.3415e-01
11 0 +4.175637571e+02 +7.843137571e+02 +7.843137571e+02 +4.2408e-01 -2.8508e-01 -5.7692e-01 +7.1168e-01 +1.1310e+00
12 0 +2.258729696e+02 +5.926229696e+02 +5.926229696e+02 +1.0313e+00 -7.3922e-01 -2.0921e-01 +4.3126e-01 +1.0755e+00
28 0 +4.444883499e+00 +3.711948835e+02 +3.711948835e+02 +8.4195e-01 +7.9475e-02 +1.3871e-01 +1.1971e+00 +8.8496e-01
37 0 +3.994345483e+00 +3.707443455e+02 +3.707443455e+02 -4.4967e-01 -2.2928e+00 +5.4681e-01 +1.6375e+00 +1.4385e+00
41 0 +3.428115798e+00 +3.701781158e+02 +3.701781158e+02 -8.5765e-02 -8.9682e-01 +1.5227e+00 +2.2941e+00 +1.1746e+00
66 0 +2.852401158e+00 +3.696024012e+02 +3.696024012e+02 -2.0455e+00 -1.7237e+00 +2.1846e+00 +1.1861e+00 +1.1314e+00
80 0 +2.610502395e+00 +3.693605024e+02 +3.693605024e+02 +1.6453e+00 -2.2191e+00 +1.3932e+00 +2.3287e+00 +1.5650e+00
180 0 +2.482079736e+00 +3.692320797e+02 +3.692320797e+02 +4.8479e-01 -2.7107e+00 +3.9774e-01 +9.7602e-01 +1.6892e+00
355 0 +2.424037111e+00 +3.691740371e+02 +3.691740371e+02 -1.1057e+00 -6.9260e-01 +9.7598e-01 +2.3876e+00 +1.6800e+00
498 0 +2.379017516e+00 +3.691290175e+02 +3.691290175e+02 +9.9228e-02 +1.2177e-01 +1.7918e+00 +2.2375e+00 +2.0966e+00
557 0 +2.071698679e+00 +3.688216987e+02 +3.688216987e+02 -2.2988e+00 +5.1210e-01 +2.6945e+00 +5.0380e-01 +2.1324e+00
771 0 +1.784619461e+00 +3.685346195e+02 +3.685346195e+02 -2.2361e+00 +7.1156e-01 +1.7464e+00 +1.7511e+00 +2.1765e+00
797 0 +1.710564285e+00 +3.684605643e+02 +3.684605643e+02 -1.9951e+00 +5.4027e-01 +2.6506e+00 +1.3972e+00 +2.2708e+00
855 0 +1.702301348e+00 +3.684523013e+02 +3.684523013e+02 -2.0821e+00 +5.4089e-01 +2.1152e+00 +1.7411e+00 +2.1800e+00
856 0 +1.383190870e+00 +3.681331909e+02 +3.681331909e+02 -2.0005e+00 +5.8163e-01 +2.1673e+00 +1.6874e+00 +2.2093e+00
921 0 +1.375852630e+00 +3.681258526e+02 +3.681258526e+02 -2.1195e+00 +6.8143e-01 +1.4345e+00 +2.2345e+00 +2.0652e+00
932 0 +1.206787892e+00 +3.679567879e+02 +3.679567879e+02 -2.1982e+00 +5.8785e-01 +1.5341e+00 +2.2316e+00 +2.0531e+00
980 0 +1.186883116e+00 +3.679368831e+02 +3.679368831e+02 -2.0548e+00 +6.5137e-01 +1.5697e+00 +2.2435e+00 +2.0484e+00
1038 0 +1.095629274e+00 +3.678456293e+02 +3.678456293e+02 -2.0300e+00 +5.7074e-01 +1.7385e+00 +2.2248e+00 +2.0784e+00
1104 0 +1.091825754e+00 +3.678418258e+02 +3.678418258e+02 -2.1461e+00 +6.1421e-01 +1.7567e+00 +2.2343e+00 +2.0742e+00
1113 0 +1.080430994e+00 +3.678304310e+02 +3.678304310e+02 -2.1438e+00 +6.0415e-01 +1.5053e+00 +2.2693e+00 +2.0728e+00
1128 0 +1.016226209e+00 +3.677662262e+02 +3.677662262e+02 -2.1468e+00 +5.9756e-01 +1.7774e+00 +2.1591e+00 +2.0911e+00
1151 0 +1.007275344e+00 +3.677572753e+02 +3.677572753e+02 -2.1438e+00 +5.9195e-01 +1.7595e+00 +2.1809e+00 +2.0974e+00
1176 0 +9.982889344e-01 +3.677482889e+02 +3.677482889e+02 -2.1088e+00 +5.9915e-01 +1.8146e+00 +2.1825e+00 +2.0961e+00
1200 0 +8.898883255e-01 +3.676398883e+02 +3.676398883e+02 -2.1646e+00 +6.3159e-01 +1.2387e+00 +2.3378e+00 +2.0457e+00
% f evaluations | g evaluations | best noise-free fitness - Fopt (-2.486900000000e+02) + sum g_i+ | measured fitness | best measured fitness or single-digit g-values | x1 | x2...
1 0 +1.615660684e+03 +1.366970684e+03 +1.366970684e+03 +5.9671e-01 -3.8264e-02 +7.4769e-01 +1.6230e+00 -1.3415e-01
10 0 +4.198872331e+00 -2.444911277e+02 -2.444911277e+02 -6.1984e-01 -3.6064e-01 +1.1571e+00 +4.4362e-01 -1.6630e+00
35 0 +3.091037965e+00 -2.455989620e+02 -2.455989620e+02 +9.5979e-01 +1.4313e-01 +1.6546e+00 +1.4816e+00 -1.8967e+00
197 0 +2.884455785e+00 -2.458055442e+02 -2.458055442e+02 +2.3507e+00 -1.2701e+00 +1.0722e+00 +8.1944e-01 -1.7356e+00
227 0 +2.632641991e+00 -2.460573580e+02 -2.460573580e+02 -1.5015e+00 -2.1099e+00 +4.1048e-01 +2.0960e+00 -9.5013e-01
378 0 +2.394202005e+00 -2.462957980e+02 -2.462957980e+02 -1.3896e+00 -9.3370e-01 +3.9360e-01 +1.0703e+00 -1.4660e+00
526 0 +2.263751676e+00 -2.464262483e+02 -2.464262483e+02 -1.4422e+00 -1.3644e+00 +7.9574e-01 +8.6704e-01 -2.3705e+00
602 0 +1.957428176e+00 -2.467325718e+02 -2.467325718e+02 -1.4427e+00 -2.0184e-01 +5.3080e-01 +1.3824e+00 -1.0973e+00
907 0 +1.780460953e+00 -2.469095390e+02 -2.469095390e+02 -1.6530e+00 -3.6389e-01 +5.7206e-01 +2.4236e+00 -9.3535e-01
976 0 +1.156759371e+00 -2.475332406e+02 -2.475332406e+02 -1.4981e+00 -3.4559e-01 +5.5025e-01 +2.5294e+00 -8.3598e-01
1076 0 +1.106839326e+00 -2.475831607e+02 -2.475831607e+02 -1.4614e+00 -3.0331e-01 +5.6536e-01 +2.4567e+00 -8.6687e-01
1102 0 +1.017529385e+00 -2.476724706e+02 -2.476724706e+02 -1.4766e+00 -3.0833e-01 +5.3132e-01 +2.4818e+00 -8.8390e-01
1201 0 +9.865388155e-01 -2.477034612e+02 -2.477034612e+02 -1.4580e+00 -2.9847e-01 +5.2651e-01 +2.5020e+00 -8.6778e-01
1226 0 +9.655655990e-01 -2.477244344e+02 -2.477244344e+02 -1.5151e+00 -3.0856e-01 +5.3397e-01 +2.4911e+00 -8.5620e-01
% f evaluations | g evaluations | best noise-free fitness - Fopt (-6.786000000000e+01) + sum g_i+ | measured fitness | best measured fitness or single-digit g-values | x1 | x2...
1 0 +1.614441115e+03 +1.546581115e+03 +1.546581115e+03 +5.9671e-01 -3.8264e-02 +7.4769e-01 +1.6230e+00 -1.3415e-01
10 0 +3.730635896e+00 -6.412936410e+01 -6.412936410e+01 -6.1984e-01 -3.6064e-01 +1.1571e+00 +4.4362e-01 -1.6630e+00
40 0 +3.498322266e+00 -6.436167773e+01 -6.436167773e+01 +9.5277e-01 +1.5595e-01 +1.6683e+00 +1.4698e+00 -1.8992e+00
54 0 +2.964406985e+00 -6.489559302e+01 -6.489559302e+01 -3.7123e-01 +4.7262e-01 +1.9797e+00 +5.6512e-01 -2.0952e+00
123 0 +2.805408266e+00 -6.505459173e+01 -6.505459173e+01 -4.4275e-01 +2.4894e+00 +1.2293e+00 +2.3341e+00 -1.2895e+00
133 0 +2.690008126e+00 -6.516999187e+01 -6.516999187e+01 +1.4186e+00 +2.1244e+00 +1.8912e+00 +6.9575e-01 -2.1001e+00
296 0 +2.537722960e+00 -6.532227704e+01 -6.532227704e+01 -4.8899e-01 +1.2242e+00 +2.2906e+00 +1.6295e+00 -2.1629e+00
377 0 +2.301279288e+00 -6.555872071e+01 -6.555872071e+01 -3.4877e-01 +5.1219e-01 +2.4691e+00 +8.3749e-01 -2.3625e+00
458 0 +2.185675685e+00 -6.567432431e+01 -6.567432431e+01 +8.5061e-02 +6.2283e-01 +2.4457e+00 +4.9642e-01 -2.1350e+00
658 0 +2.169747590e+00 -6.569025241e+01 -6.569025241e+01 -8.9798e-02 +5.7665e-01 +2.5459e+00 +4.9870e-01 -2.4487e+00
678 0 +1.796845594e+00 -6.606315441e+01 -6.606315441e+01 -2.5246e-01 +5.5742e-01 +2.5420e+00 +5.0866e-01 -2.4903e+00
701 0 +1.711292694e+00 -6.614870731e+01 -6.614870731e+01 -3.0949e-01 +5.5060e-01 +2.4958e+00 +5.1648e-01 -2.5279e+00
834 0 +1.679723513e+00 -6.618027649e+01 -6.618027649e+01 +1.8521e-01 +6.5327e-01 +2.4682e+00 +4.9339e-01 -2.5206e+00
877 0 +1.642923838e+00 -6.621707616e+01 -6.621707616e+01 +9.5547e-02 +6.1753e-01 +2.4614e+00 +4.9305e-01 -2.5028e+00
929 0 +1.639450975e+00 -6.622054902e+01 -6.622054902e+01 +1.5497e-01 +6.2842e-01 +2.4578e+00 +4.8757e-01 -2.5151e+00
954 0 +1.633372601e+00 -6.622662740e+01 -6.622662740e+01 +1.4044e-01 +6.3764e-01 +2.4616e+00 +4.9329e-01 -2.5019e+00
1006 0 +1.620698492e+00 -6.623930151e+01 -6.623930151e+01 +1.2570e-01 +6.0988e-01 +2.4826e+00 +4.8770e-01 -2.5096e+00
1127 0 +1.619205356e+00 -6.624079464e+01 -6.624079464e+01 +1.2972e-01 +6.1815e-01 +2.4761e+00 +4.8432e-01 -2.5100e+00
1176 0 +1.619072579e+00 -6.624092742e+01 -6.624092742e+01 +1.2700e-01 +6.1703e-01 +2.4752e+00 +4.8610e-01 -2.5095e+00
1201 0 +1.619035964e+00 -6.624096404e+01 -6.624096404e+01 +1.3138e-01 +6.1670e-01 +2.4764e+00 +4.8671e-01 -2.5085e+00
1202 0 +1.618933445e+00 -6.624106656e+01 -6.624106656e+01 +1.2946e-01 +6.1732e-01 +2.4767e+00 +4.8637e-01 -2.5088e+00
% f evaluations | g evaluations | best noise-free fitness - Fopt (-2.329000000000e+01) + sum g_i+ | measured fitness | best measured fitness or single-digit g-values | x1 | x2...
1 0 +1.853628233e+04 +1.851299233e+04 +1.851299233e+04 +5.9671e-01 -3.8264e-02 +7.4769e-01 +1.6230e+00 -1.3415e-01
2 0 +1.193297948e+04 +1.190968948e+04 +1.190968948e+04 -1.3414e-01 +1.6792e+00 +8.6743e-01 -3.6947e-01 +6.4256e-01
3 0 +5.661851021e+00 -1.762814898e+01 -1.762814898e+01 -3.6342e-01 -3.6573e-01 +3.4196e-01 -1.8133e+00 -1.6249e+00
29 0 +4.939149286e+00 -1.835085071e+01 -1.835085071e+01 +3.4840e-01 -4.9226e-01 +1.4579e+00 -2.4271e+00 -1.3028e+00
47 0 +2.967014007e+00 -2.032298599e+01 -2.032298599e+01 +1.1255e+00 -4.5724e-01 +1.4287e+00 -7.3242e-01 -1.8237e+00
178 0 +2.515230394e+00 -2.077476961e+01 -2.077476961e+01 +1.7415e-01 +1.7824e+00 +1.9455e-01 -1.6970e+00 -2.1776e+00
321 0 +2.058060079e+00 -2.123193992e+01 -2.123193992e+01 +2.5827e-01 -7.0498e-02 +5.7336e-01 -2.0237e+00 -9.7765e-01
901 0 +1.689308883e+00 -2.160069112e+01 -2.160069112e+01 +1.0462e+00 -2.3150e-01 +6.6588e-01 -2.4162e+00 -1.6823e+00
1010 0 +1.611356631e+00 -2.167864337e+01 -2.167864337e+01 +1.0217e+00 -3.0341e-01 +6.4595e-01 -2.4402e+00 -1.1442e+00
1123 0 +1.494851818e+00 -2.179514818e+01 -2.179514818e+01 +9.8714e-01 -3.7026e-01 +6.7394e-01 -2.4573e+00 -1.6408e+00
1177 0 +1.482919700e+00 -2.180708030e+01 -2.180708030e+01 +1.0251e+00 -3.5807e-01 +6.3156e-01 -2.4738e+00 -1.6496e+00
1178 0 +1.423187777e+00 -2.186681222e+01 -2.186681222e+01 +1.0197e+00 -3.4026e-01 +6.5070e-01 -2.4819e+00 -1.6474e+00
