% f evaluations | g evaluations | best noise-free fitness - Fopt (2.997000000000e+01) + sum g_i+ | measured fitness | best measured fitness or single-digit g-values | x1 | x2...
1 0 +1.462433005e+03 +1.492403005e+03 +1.492403005e+03 +5.9671e-01 -3.8264e-02 +7.4769e-01 +1.6230e+00 -1.3415e-01
2 0 +1.061073956e+03 +1.091043956e+03 +1.091043956e+03 -1.3414e-01 +1.6792e+00 +8.6743e-01 -3.6947e-01 +6.4256e-01
3 0 +9.472936951e+02 +9.772636951e+02 +9.772636951e+02 -3.6342e-01 -3.6573e-01 +3.4196e-01 -1.8133e+00 -1.6249e+00
5 0 +8.776131466e+02 +9.075831466e+02 +9.075831466e+02 +1.5656e+00 -1.2578e-01 +1.6753e-01 -1.3247e+00 -4.4438e-01
7 0 +8.010567977e+02 +8.310267977e+02 +8.310267977e+02 -5.0171e-01 +1.9523e+00 +8.6503e-02 -9.5771e-01 +9.2254e-01
8 0 +5.991701095e+02 +6.291401095e+02 +6.291401095e+02 -1.1208e+00 +3.0886e-01 -1.8597e+00 -1.2282e+00 +2.9686e-01
52 0 +4.950270883e+02 +5.249970883e+02 +5.249970883e+02 +8.6009e-01 -1.7902e+00 -1.9975e+00 -3.2440e+00 -1.4965e+00
87 0 +4.292931697e+02 +4.592631697e+02 +4.592631697e+02 +2.1408e+00 -1.1403e+00 -2.1756e+00 -2.9637e+00 +1.3831e-01
126 0 +3.700891415e+02 +4.000591415e+02 +4.000591415e+02 -4.5872e-01 -2.5585e+00 -3.8396e+00 -2.7079e+00 +8.2764e-01
204 0 +3.351657672e+02 +3.651357672e+02 +3.651357672e+02 +1.3958e+00 -9.3488e-01 -4.2930e+00 -1.2054e+00 +2.5039e+00
210 0 +2.437817733e+02 +2.737517733e+02 +2.737517733e+02 +5.2334e-01 +1.1991e+00 -3.1273e+00 -1.0319e+00 +3.3447e+00
273 0 +1.932881641e+02 +2.232581641e+02 +2.232581641e+02 +8.2310e-01 -3.4457e+00 -3.6900e+00 -2.7864e+00 +2.4721e+00
275 0 +1.710085485e+02 +2.009785485e+02 +2.009785485e+02 +5.8702e-01 -2.8758e+00 -3.9594e+00 -2.7185e+00 +2.2769e+00
285 0 +1.435683790e+02 +1.735383790e+02 +1.735383790e+02 +2.2079e+00 -3.3023e+00 -3.8449e+00 -1.9807e+00 +2.5399e+00
297 0 +1.078666768e+02 +1.378366768e+02 +1.378366768e+02 +7.1571e-01 -2.0806e+00 -3.7735e+00 -2.3404e+00 +2.3675e+00
312 0 +7.062725836e+01 +1.005972584e+02 +1.005972584e+02 +1.2391e-02 -3.9417e-01 -3.3504e+00 -1.8139e+00 +3.5320e+00
388 0 +5.838858484e+01 +8.835858484e+01 +8.835858484e+01 +1.3677e+00 -2.8354e+00 -4.0897e+00 -1.8197e+00 +3.1250e+00
418 0 +5.230283113e+01 +8.227283113e+01 +8.227283113e+01 +1.0996e+00 -2.2972e+00 -3.6228e+00 -1.9824e+00 +2.8576e+00
438 0 +3.709188280e+01 +6.706188280e+01 +6.706188280e+01 +4.4645e-01 -6.5222e-01 -3.5348e+00 -1.7400e+00 +3.6456e+00
566 0 +3.383185461e+01 +6.380185461e+01 +6.380185461e+01 +1.3870e+00 -2.9772e+00 -4.1014e+00 -1.9716e+00 +2.8348e+00
592 0 +1.602802616e+01 +4.599802616e+01 +4.599802616e+01 +7.0030e-01 -1.2050e+00 -3.5882e+00 -1.9065e+00 +3.3184e+00
784 0 +1.119296930e+01 +4.116296930e+01 +4.116296930e+01 +4.5909e-01 -5.2955e-01 -3.3715e+00 -1.8462e+00 +3.5639e+00
915 0 +1.080531704e+01 +4.077531704e+01 +4.077531704e+01 +8.7696e-01 -1.8031e+00 -3.6605e+00 -1.9369e+00 +3.0548e+00
966 0 +6.970558240e+00 +3.694055824e+01 +3.694055824e+01 +9.9206e-01 -1.9569e+00 -3.7008e+00 -1.9630e+00 +2.9681e+00
985 0 +6.077429077e+00 +3.604742908e+01 +3.604742908e+01 +7.7700e-01 -1.4178e+00 -3.5943e+00 -1.9070e+00 +3.1884e+00
1057 0 +5.363800302e+00 +3.533380030e+01 +3.533380030e+01 +6.1307e-01 -1.0458e+00 -3.5119e+00 -1.8773e+00 +3.3831e+00
1058 0 +3.846667063e+00 +3.381666706e+01 +3.381666706e+01 +6.5467e-01 -1.1513e+00 -3.5141e+00 -1.9044e+00 +3.3128e+00
1065 0 +3.826023798e+00 +3.379602380e+01 +3.379602380e+01 +7.0874e-01 -1.2507e+00 -3.5444e+00 -1.8880e+00 +3.2801e+00
1103 0 +3.769218202e+00 +3.373921820e+01 +3.373921820e+01 +8.3290e-01 -1.6502e+00 -3.6413e+00 -1.9464e+00 +3.1208e+00
1118 0 +2.209613482e+00 +3.217961348e+01 +3.217961348e+01 +8.3944e-01 -1.6309e+00 -3.6472e+00 -1.9373e+00 +3.1557e+00
1195 0 +1.983818669e+00 +3.195381867e+01 +3.195381867e+01 +8.3328e-01 -1.5713e+00 -3.6267e+00 -1.9241e+00 +3.1564e+00
1206 0 +1.152457158e+00 +3.112245716e+01 +3.112245716e+01 +8.1456e-01 -1.5530e+00 -3.6270e+00 -1.9262e+00 +3.1789e+00
