% f evaluations | g evaluations | best noise-free fitness - Fopt (2.997000000000e+01) + sum g_i+ | measured fitness | best measured fitness or single-digit g-values | x1 | x2...
1 0 +1.462433005e+03 +1.492403005e+03 +1.492403005e+03 +5.9671e-01 -3.8264e-02 +7.4769e-01 +1.6230e+00 -1.3415e-01
2 0 +1.061073956e+03 +1.091043956e+03 +1.091043956e+03 -1.3414e-01 +1.6792e+00 +8.6743e-01 -3.6947e-01 +6.4256e-01
3 0 +9.472936951e+02 +9.772636951e+02 +9.772636951e+02 -3.6342e-01 -3.6573e-01 +3.4196e-01 -1.8133e+00 -1.6249e+00
5 0 +8.776131466e+02 +9.075831466e+02 +9.075831466e+02 +1.5656e+00 -1.2578e-01 +1.6753e-01 -1.3247e+00 -4.4438e-01
7 0 +8.010567977e+02 +8.310267977e+02 +8.310267977e+02 -5.0171e-01 +1.9523e+00 +8.6503e-02 -9.5771e-01 +9.2254e-01
8 0 +5.991701095e+02 +6.291401095e+02 +6.291401095e+02 -1.1208e+00 +3.0886e-01 -1.8597e+00 -1.2282e+00 +2.9686e-01
27 0 +3.722060672e+02 +4.021760672e+02 +4.021760672e+02 -1.1217e+00 +1.2412e+00 -1.7920e+00 -2.3872e+00 +1.5156e+00
30 0 +3.595716401e+02 +3.895416401e+02 +3.895416401e+02 -9.7490e-01 +2.4437e+00 -2.2012e+00 -1.9968e+00 +1.8852e+00
32 0 +3.503008417e+02 +3.802708417e+02 +3.802708417e+02 +3.4244e-01 +2.0661e+00 -1.7893e+00 -2.5988e+00 +1.9049e+00
33 0 +2.939783315e+02 +3.239483315e+02 +3.239483315e+02 +6.3812e-01 +1.2126e+00 -2.5098e+00 -1.8141e+00 +1.8443e+00
64 0 +1.435688885e+02 +1.735388885e+02 +1.735388885e+02 -5.0060e-02 +1.7621e+00 -2.4691e+00 -1.9833e+00 +3.7193e+00
301 0 +1.239070348e+02 +1.538770348e+02 +1.538770348e+02 +1.0354e+00 -3.4337e+00 -3.8233e+00 -2.0621e+00 +2.3360e+00
309 0 +1.091698374e+02 +1.391398374e+02 +1.391398374e+02 +7.2005e-01 -2.0396e+00 -3.3411e+00 -2.3421e+00 +2.6689e+00
326 0 +1.079770058e+02 +1.379470058e+02 +1.379470058e+02 +7.4777e-01 -2.0373e+00 -3.6306e+00 -2.1861e+00 +2.1030e+00
338 0 +8.739766553e+01 +1.173676655e+02 +1.173676655e+02 +1.4593e+00 -3.4433e+00 -4.2025e+00 -2.2776e+00 +2.0449e+00
366 0 +6.465380404e+01 +9.462380404e+01 +9.462380404e+01 +1.5947e+00 -2.8932e+00 -3.7793e+00 -2.1341e+00 +2.4725e+00
378 0 +4.145630584e+01 +7.142630584e+01 +7.142630584e+01 +1.2709e+00 -2.3506e+00 -3.6812e+00 -2.0841e+00 +2.6507e+00
383 0 +1.969262089e+01 +4.966262089e+01 +4.966262089e+01 +1.4104e+00 -3.1479e+00 -4.0456e+00 -2.1081e+00 +2.5034e+00
608 0 +1.927370793e+01 +4.924370793e+01 +4.924370793e+01 +8.8246e-01 -1.9861e+00 -3.7341e+00 -2.0218e+00 +2.9438e+00
657 0 +1.145890974e+01 +4.142890974e+01 +4.142890974e+01 +1.2214e+00 -2.5170e+00 -3.8614e+00 -2.0107e+00 +2.7324e+00
696 0 +7.772584459e+00 +3.774258446e+01 +3.774258446e+01 +9.7649e-01 -1.9302e+00 -3.6955e+00 -1.9650e+00 +2.9563e+00
746 0 +7.310091960e+00 +3.728009196e+01 +3.728009196e+01 +1.2087e+00 -2.5840e+00 -3.8910e+00 -2.0261e+00 +2.7458e+00
753 0 +5.591554007e+00 +3.556155401e+01 +3.556155401e+01 +1.2771e+00 -2.7719e+00 -3.9223e+00 -2.0382e+00 +2.6875e+00
826 0 +3.533307332e+00 +3.350330733e+01 +3.350330733e+01 +9.5491e-01 -1.8696e+00 -3.6929e+00 -1.9600e+00 +3.0290e+00
953 0 +3.094184260e+00 +3.306418426e+01 +3.306418426e+01 +7.3869e-01 -1.3863e+00 -3.5868e+00 -1.9123e+00 +3.2358e+00
954 0 +2.856575695e+00 +3.282657569e+01 +3.282657569e+01 +7.5811e-01 -1.4365e+00 -3.5989e+00 -1.9190e+00 +3.2169e+00
960 0 +1.754815259e+00 +3.172481526e+01 +3.172481526e+01 +7.6525e-01 -1.4092e+00 -3.5901e+00 -1.9100e+00 +3.2384e+00
966 0 +1.310592905e+00 +3.128059290e+01 +3.128059290e+01 +7.9477e-01 -1.4882e+00 -3.6106e+00 -1.9174e+00 +3.1976e+00
1039 0 +1.292754617e+00 +3.126275462e+01 +3.126275462e+01 +7.7322e-01 -1.4511e+00 -3.5968e+00 -1.9178e+00 +3.2151e+00
1042 0 +1.065039081e+00 +3.103503908e+01 +3.103503908e+01 +7.9797e-01 -1.5118e+00 -3.6094e+00 -1.9252e+00 +3.1854e+00
1069 0 +8.595454425e-01 +3.082954544e+01 +3.082954544e+01 +7.8446e-01 -1.4638e+00 -3.6014e+00 -1.9176e+00 +3.2100e+00
1114 0 +3.956989325e-01 +3.036569893e+01 +3.036569893e+01 +8.0134e-01 -1.5128e+00 -3.6131e+00 -1.9250e+00 +3.1870e+00
1166 0 +3.907061456e-01 +3.036070615e+01 +3.036070615e+01 +8.4236e-01 -1.6217e+00 -3.6410e+00 -1.9338e+00 +3.1466e+00
1173 0 +2.983373518e-01 +3.026833735e+01 +3.026833735e+01 +8.4516e-01 -1.6306e+00 -3.6415e+00 -1.9355e+00 +3.1385e+00
