% f evaluations | g evaluations | best noise-free fitness - Fopt (3.590000000000e+01) + sum g_i+ | measured fitness | best measured fitness or single-digit g-values | x1 | x2...
1 0 +3.391355936e+04 +3.394945936e+04 +3.394945936e+04 +5.9671e-01 -3.8264e-02 +7.4769e-01 +1.6230e+00 -1.3415e-01
10 0 +1.809916825e+04 +1.813506825e+04 +1.813506825e+04 -6.1984e-01 -3.6064e-01 +1.1571e+00 +4.4362e-01 -1.6630e+00
15 0 +3.090526178e+03 +3.126426178e+03 +3.126426178e+03 +4.6140e-01 +1.6380e+00 +6.4174e-02 +1.6646e+00 -2.5197e+00
27 0 +5.758062986e+01 +9.348062986e+01 +9.348062986e+01 -9.5479e-02 +2.5622e+00 +2.6140e-03 +3.4515e+00 -3.3791e+00
35 0 +4.096517880e+01 +7.686517880e+01 +7.686517880e+01 +8.7679e-02 +6.3267e-01 +2.1334e+00 +3.5524e+00 -3.3568e+00
45 0 +2.367015928e+01 +5.957015928e+01 +5.957015928e+01 +1.3564e+00 +1.3324e-01 +1.0766e+00 +2.8427e+00 -2.2848e+00
107 0 +1.244611088e+01 +4.834611088e+01 +4.834611088e+01 +1.8521e+00 +1.8586e+00 +3.0604e+00 +4.5135e+00 -2.7418e+00
193 0 +1.172445847e+01 +4.762445847e+01 +4.762445847e+01 +2.0710e+00 +2.3446e+00 +2.2144e+00 +4.4439e+00 -2.7502e+00
280 0 +2.510919056e+00 +3.841091906e+01 +3.841091906e+01 +2.1949e+00 +1.5320e+00 +2.3951e+00 +3.2959e+00 -1.9670e+00
348 0 +2.192183953e+00 +3.809218395e+01 +3.809218395e+01 +2.1755e+00 +1.3440e+00 +2.3018e+00 +3.1511e+00 -1.7884e+00
488 0 +1.334742808e+00 +3.723474281e+01 +3.723474281e+01 +2.4235e+00 +1.3610e+00 +2.7337e+00 +3.5405e+00 -1.8107e+00
808 0 +4.776733518e-01 +3.637767335e+01 +3.637767335e+01 +2.5666e+00 +1.0808e+00 +2.5906e+00 +3.2844e+00 -1.7345e+00
1124 0 +4.232542430e-01 +3.632325424e+01 +3.632325424e+01 +2.8448e+00 +1.3164e+00 +2.5055e+00 +3.6556e+00 -1.6931e+00
1138 0 +4.158036093e-01 +3.631580361e+01 +3.631580361e+01 +2.5755e+00 +1.1556e+00 +2.6023e+00 +3.3892e+00 -1.7003e+00
1140 0 +3.047739288e-01 +3.620477393e+01 +3.620477393e+01 +2.6016e+00 +1.0333e+00 +2.6084e+00 +3.2806e+00 -1.6509e+00
1189 0 +2.217775690e-01 +3.612177757e+01 +3.612177757e+01 +2.6850e+00 +1.1414e+00 +2.6613e+00 +3.4746e+00 -1.6301e+00
