% f evaluations | g evaluations | best noise-free fitness - Fopt (-6.211100000000e+02) + sum g_i+ | measured fitness | best measured fitness or single-digit g-values | x1 | x2...
1 0 +6.295856703e+07 +6.295794592e+07 +6.295794592e+07 +5.9671e-01 -3.8264e-02 +7.4769e-01 +1.6230e+00 -1.3415e-01
2 0 +2.089017495e+07 +2.088955384e+07 +2.088955384e+07 -1.3414e-01 +1.6792e+00 +8.6743e-01 -3.6947e-01 +6.4256e-01
7 0 +1.510354235e+07 +1.510292124e+07 +1.510292124e+07 -5.0171e-01 +1.9523e+00 +8.6503e-02 -9.5771e-01 +9.2254e-01
29 0 +1.181551984e+06 +1.180930874e+06 +1.180930874e+06 -2.0573e+00 +3.9456e+00 -2.3713e-01 -3.9214e+00 -7.2076e-01
54 0 +3.519769710e+05 +3.513558610e+05 +3.513558610e+05 -8.7986e-01 +4.1360e+00 -5.3240e-01 -3.5761e+00 -1.6897e-01
297 0 +1.005871138e+05 +9.996600376e+04 +9.996600376e+04 -9.5660e-01 +4.1034e+00 -9.3706e-01 -3.6763e+00 -7.6365e-01
347 0 +7.446706132e+04 +7.384595132e+04 +7.384595132e+04 -1.1998e+00 +4.1399e+00 +9.7719e-02 -3.8383e+00 -5.8772e-01
470 0 +2.351560134e+04 +2.289449134e+04 +2.289449134e+04 -1.1549e+00 +4.3739e+00 -2.2452e+00 -3.1662e+00 -1.6203e+00
575 0 +4.007019718e+03 +3.385909718e+03 +3.385909718e+03 -9.5524e-01 +4.0430e+00 -1.4405e-01 -3.6463e+00 -6.1321e-01
678 0 +3.351768755e+03 +2.730658755e+03 +2.730658755e+03 -1.0130e+00 +4.0914e+00 -2.2246e-01 -3.6955e+00 -6.7693e-01
695 0 +3.329604195e+03 +2.708494195e+03 +2.708494195e+03 -9.1979e-01 +3.9271e+00 +3.5287e-01 -3.8139e+00 -4.1555e-01
701 0 +1.749402790e+03 +1.128292790e+03 +1.128292790e+03 -1.0892e+00 +4.2408e+00 -1.1920e+00 -3.3677e+00 -1.1826e+00
718 0 +1.226585341e+03 +6.054753411e+02 +6.054753411e+02 -9.8841e-01 +4.1248e+00 -3.7492e-01 -3.6045e+00 -7.7978e-01
930 0 +5.077833839e+02 -1.133266161e+02 -1.133266161e+02 -8.9738e-01 +3.9379e+00 +3.4547e-01 -3.8606e+00 -3.7773e-01
1003 0 +4.561781133e+02 -1.649318867e+02 -1.649318867e+02 -1.0584e+00 +4.2042e+00 -9.6474e-01 -3.4516e+00 -1.0693e+00
1028 0 +4.473809296e+02 -1.737290704e+02 -1.737290704e+02 -1.1513e+00 +4.4471e+00 -2.1670e+00 -3.1210e+00 -1.7570e+00
1045 0 +3.188563483e+02 -3.022536517e+02 -3.022536517e+02 -1.0348e+00 +4.1885e+00 -9.1406e-01 -3.4871e+00 -1.0455e+00
1046 0 +3.136419970e+02 -3.074680030e+02 -3.074680030e+02 -8.7586e-01 +3.9178e+00 +4.9870e-01 -3.8952e+00 -2.7164e-01
1063 0 +2.460839111e+02 -3.750260889e+02 -3.750260889e+02 -1.0805e+00 +4.2811e+00 -1.3500e+00 -3.3674e+00 -1.2639e+00
1111 0 +1.504574966e+02 -4.706525034e+02 -4.706525034e+02 -1.0918e+00 +4.3011e+00 -1.4501e+00 -3.3123e+00 -1.3500e+00
1116 0 +1.049908444e+02 -5.161191556e+02 -5.161191556e+02 -9.9634e-01 +4.1455e+00 -5.5440e-01 -3.5886e+00 -8.5558e-01
1141 0 +7.895899415e+01 -5.421510059e+02 -5.421510059e+02 -1.0746e+00 +4.2602e+00 -1.2527e+00 -3.3791e+00 -1.2273e+00
1175 0 +6.838232809e+01 -5.527276719e+02 -5.527276719e+02 -1.0304e+00 +4.1913e+00 -8.7120e-01 -3.4876e+00 -1.0250e+00
1184 0 +5.192559350e+01 -5.691844065e+02 -5.691844065e+02 -1.0149e+00 +4.1672e+00 -7.3128e-01 -3.5399e+00 -9.3828e-01
1226 0 +4.299554029e+01 -5.781144597e+02 -5.781144597e+02 -1.0659e+00 +4.2532e+00 -1.1717e+00 -3.3976e+00 -1.1871e+00
1239 0 +2.772246458e+01 -5.933875354e+02 -5.933875354e+02 -1.0283e+00 +4.1862e+00 -8.0174e-01 -3.5162e+00 -9.8009e-01
