% f evaluations | g evaluations | best noise-free fitness - Fopt (7.948000000000e+01) + sum g_i+ | measured fitness | best measured fitness or single-digit g-values | x1 | x2...
1 0 +1.011270869e+01 +8.959270869e+01 +8.959270869e+01 +5.9671e-01 -3.8264e-02 +7.4769e-01 +1.6230e+00 -1.3415e-01
9 0 +9.106632127e+00 +8.858663213e+01 +8.858663213e+01 +8.3847e-01 +2.7137e-01 -1.5648e-02 -2.0110e-01 -1.3785e+00
10 0 +8.168478149e+00 +8.764847815e+01 +8.764847815e+01 -6.1984e-01 -3.6064e-01 +1.1571e+00 +4.4362e-01 -1.6630e+00
16 0 +6.167429177e+00 +8.564742918e+01 +8.564742918e+01 +9.2190e-01 +1.8705e-01 -1.9901e-01 +1.9176e-01 -1.8876e+00
26 0 +2.677079536e+00 +8.215707954e+01 +8.215707954e+01 -4.2051e-01 +2.1840e-01 -6.8944e-01 +1.5945e+00 -2.2105e+00
61 0 +2.530009513e+00 +8.201000951e+01 +8.201000951e+01 -1.0107e+00 -1.6784e+00 -3.4176e-01 +2.0211e+00 -1.9693e+00
82 0 +3.042999206e-01 +7.978429992e+01 +7.978429992e+01 +3.0840e-01 -1.0439e+00 -9.6880e-01 +1.8707e+00 -2.2060e+00
313 0 +1.612712548e-01 +7.964127125e+01 +7.964127125e+01 +3.8340e-01 -1.2825e+00 -8.6073e-01 +2.2123e+00 -2.8481e+00
381 0 +5.394352573e-02 +7.953394353e+01 +7.953394353e+01 +8.3034e-02 -1.1997e+00 -7.8644e-01 +1.8127e+00 -2.6005e+00
425 0 +1.895885703e-02 +7.949895886e+01 +7.949895886e+01 +2.7479e-01 -1.1284e+00 -6.6888e-01 +1.8180e+00 -2.6271e+00
537 0 +9.945133607e-03 +7.948994513e+01 +7.948994513e+01 +2.6645e-01 -1.1099e+00 -7.1224e-01 +1.8493e+00 -2.7193e+00
651 0 +2.838019607e-03 +7.948283802e+01 +7.948283802e+01 +2.5994e-01 -1.2003e+00 -7.4711e-01 +1.9355e+00 -2.6641e+00
780 0 +1.804848906e-03 +7.948180485e+01 +7.948180485e+01 +2.5524e-01 -1.1691e+00 -6.9303e-01 +1.9212e+00 -2.6551e+00
803 0 +1.792387510e-03 +7.948179239e+01 +7.948179239e+01 +2.7322e-01 -1.1576e+00 -6.9613e-01 +1.9485e+00 -2.6703e+00
805 0 +1.246302259e-03 +7.948124630e+01 +7.948124630e+01 +2.2605e-01 -1.1481e+00 -7.0441e-01 +1.9324e+00 -2.6748e+00
820 0 +6.270826656e-04 +7.948062708e+01 +7.948062708e+01 +2.6011e-01 -1.1718e+00 -7.2149e-01 +1.9082e+00 -2.6839e+00
823 0 +4.151148538e-04 +7.948041511e+01 +7.948041511e+01 +2.5104e-01 -1.1559e+00 -7.3394e-01 +1.9098e+00 -2.6747e+00
955 0 +3.122708789e-04 +7.948031227e+01 +7.948031227e+01 +2.5354e-01 -1.1482e+00 -7.2642e-01 +1.9156e+00 -2.6701e+00
967 0 +1.308132639e-04 +7.948013081e+01 +7.948013081e+01 +2.5399e-01 -1.1538e+00 -7.3485e-01 +1.9279e+00 -2.6815e+00
1091 0 +7.524346962e-05 +7.948007524e+01 +7.948007524e+01 +2.5620e-01 -1.1636e+00 -7.2107e-01 +1.9243e+00 -2.6829e+00
1120 0 +5.920429074e-05 +7.948005920e+01 +7.948005920e+01 +2.5567e-01 -1.1520e+00 -7.2001e-01 +1.9279e+00 -2.6838e+00
1135 0 +5.562003874e-05 +7.948005562e+01 +7.948005562e+01 +2.5888e-01 -1.1563e+00 -7.2480e-01 +1.9279e+00 -2.6847e+00
1208 0 +3.585952709e-05 +7.948003586e+01 +7.948003586e+01 +2.5286e-01 -1.1586e+00 -7.2153e-01 +1.9309e+00 -2.6783e+00
1215 0 +3.328787734e-05 +7.948003329e+01 +7.948003329e+01 +2.5379e-01 -1.1529e+00 -7.2724e-01 +1.9258e+00 -2.6834e+00
1237 0 +1.545381180e-05 +7.948001545e+01 +7.948001545e+01 +2.5358e-01 -1.1596e+00 -7.2543e-01 +1.9280e+00 -2.6822e+00
