% f evaluations | g evaluations | best noise-free fitness - Fopt (-1.694000000000e+01) + sum g_i+ | measured fitness | best measured fitness or single-digit g-values | x1 | x2...
1 0 +2.177673175e+01 +4.836731750e+00 +4.836731750e+00 +5.9671e-01 -3.8264e-02 +7.4769e-01 +1.6230e+00 -1.3415e-01 -1.3414e-01 +1.6792e+00 +8.6743e-01 -3.6947e-01 +6.4256e-01
10 0 +1.911425818e+01 +2.174258178e+00 +2.174258178e+00 +1.9708e-01 +1.0686e+00 -6.0205e-01 -2.2766e-01 -2.9211e-01 -1.3635e+00 +3.9612e-01 +3.6106e-01 +1.0511e-01 -1.3459e-01
29 0 +1.747590434e+01 +5.359043438e-01 +5.359043438e-01 +2.1352e-01 +7.6213e-01 +1.6860e+00 -1.1378e+00 +2.2330e+00 -1.8521e+00 -5.1785e-02 +6.8832e-01 +3.8099e-01 -5.2270e-01
33 0 +1.688990874e+01 -5.009125803e-02 -5.009125803e-02 +1.9700e-01 +6.9516e-01 -7.1822e-01 +2.1924e+00 -9.0602e-01 -1.1142e+00 +1.2581e+00 +8.9166e-01 +7.2412e-01 +7.2835e-01
36 0 +1.530616351e+01 -1.633836493e+00 -1.633836493e+00 +4.1091e-01 +1.5754e+00 +9.5766e-01 -5.9939e-02 +8.0984e-02 -9.0253e-01 +8.1487e-02 -1.8866e-01 +4.2272e-01 -7.2723e-01
37 0 +1.289055691e+01 -4.049443093e+00 -4.049443093e+00 +6.1935e-01 +1.6327e+00 -8.7601e-03 +5.0171e-01 +7.9014e-01 -3.0122e-01 +3.2409e-01 +1.1259e-01 +1.9768e-01 -6.7301e-01
51 0 +1.009208045e+01 -6.847919547e+00 -6.847919547e+00 +1.2037e+00 -8.3083e-02 -3.7780e-01 +2.2496e+00 +8.7417e-01 -2.6544e+00 +2.1000e-01 -1.2192e+00 +1.2042e+00 -3.0049e+00
60 0 +8.174373053e+00 -8.765626947e+00 -8.765626947e+00 +2.3186e+00 +2.9387e+00 -1.7373e+00 +1.5906e+00 +8.2158e-01 +1.1691e+00 +6.2173e-02 +1.3603e+00 +3.7044e-01 -2.9001e+00
102 0 +4.739927082e+00 -1.220007292e+01 -1.220007292e+01 +2.5362e+00 +4.5083e+00 -4.7436e-01 +1.6388e+00 +3.9909e-01 -3.1196e+00 +2.9270e+00 -9.7466e-01 -1.3871e-02 -1.2019e+00
109 0 +4.708472363e+00 -1.223152764e+01 -1.223152764e+01 +2.7364e+00 +2.4604e+00 -3.0564e-01 +4.7223e-01 -8.9055e-01 -1.5678e+00 +2.6342e+00 -3.8503e-01 -1.0649e+00 -1.6197e+00
170 0 +4.024874636e+00 -1.291512536e+01 -1.291512536e+01 +2.4235e+00 +3.0469e+00 -3.3635e+00 +1.3922e+00 +3.1494e+00 -7.9462e-01 +3.1483e+00 -4.0717e+00 +8.3044e-01 -2.5767e+00
351 0 +2.723406572e+00 -1.421659343e+01 -1.421659343e+01 +4.7406e+00 +1.2262e+00 -2.3125e+00 +1.8053e+00 +1.7920e+00 -1.6262e+00 +3.1290e+00 -2.3717e+00 -3.0589e-01 -3.2357e+00
406 0 +2.685033784e+00 -1.425496622e+01 -1.425496622e+01 +3.9520e+00 +1.9571e+00 -1.9839e+00 +1.7208e+00 +1.3610e+00 -1.0941e+00 +2.6735e+00 -2.4993e+00 +1.1500e-02 -2.2201e+00
502 0 +2.257467447e+00 -1.468253255e+01 -1.468253255e+01 +4.4898e+00 +2.6829e+00 -1.1135e+00 +1.3958e+00 +1.8251e+00 -1.8964e+00 +3.6252e+00 -2.1921e+00 -9.5315e-01 -1.9354e+00
520 0 +2.191414805e+00 -1.474858520e+01 -1.474858520e+01 +3.8300e+00 +3.3352e+00 -1.8983e+00 +1.7382e+00 +1.2853e+00 -2.4855e+00 +2.7926e+00 -3.5479e+00 -7.6769e-01 -1.9276e+00
553 0 +2.047691300e+00 -1.489230870e+01 -1.489230870e+01 +4.4314e+00 +2.0430e+00 -1.3752e+00 +1.4043e+00 +2.1586e+00 -2.1065e+00 +4.0420e+00 -3.4830e+00 -2.6840e-01 -2.8169e+00
566 0 +1.546615617e+00 -1.539338438e+01 -1.539338438e+01 +3.5799e+00 +1.8547e+00 -2.2806e+00 +6.5303e-01 +2.4695e+00 -1.5694e+00 +4.2097e+00 -2.3310e+00 +8.1838e-02 -1.5827e+00
753 0 +1.434227470e+00 -1.550577253e+01 -1.550577253e+01 +3.4571e+00 +2.0374e+00 -1.7163e+00 +1.6989e+00 +1.4564e+00 -1.9050e+00 +3.8914e+00 -3.3327e+00 +9.4512e-03 -2.0346e+00
754 0 +1.356920828e+00 -1.558307917e+01 -1.558307917e+01 +3.8140e+00 +2.4544e+00 -1.8904e+00 +1.2846e+00 +1.1096e+00 -2.2357e+00 +3.6908e+00 -2.8172e+00 +7.3856e-02 -1.8981e+00
772 0 +1.144669563e+00 -1.579533044e+01 -1.579533044e+01 +3.0651e+00 +2.4697e+00 -1.4622e+00 +1.6829e+00 +1.6777e+00 -2.2639e+00 +3.8936e+00 -2.4827e+00 +2.7674e-01 -2.1588e+00
820 0 +1.103755399e+00 -1.583624460e+01 -1.583624460e+01 +4.0087e+00 +2.2467e+00 -1.8349e+00 +1.8692e+00 +1.2459e+00 -1.9173e+00 +3.6747e+00 -2.0102e+00 -3.3457e-01 -1.6632e+00
869 0 +1.087979189e+00 -1.585202081e+01 -1.585202081e+01 +4.0785e+00 +2.3680e+00 -1.9207e+00 +1.8620e+00 +1.3339e+00 -2.1427e+00 +3.4287e+00 -2.3872e+00 -1.9651e-01 -2.0650e+00
873 0 +1.038786946e+00 -1.590121305e+01 -1.590121305e+01 +3.6153e+00 +2.2124e+00 -1.6456e+00 +1.4965e+00 +1.3175e+00 -2.3181e+00 +3.1191e+00 -2.1450e+00 +2.3836e-01 -2.2518e+00
905 0 +8.103135073e-01 -1.612968649e+01 -1.612968649e+01 +3.8345e+00 +2.5602e+00 -1.8603e+00 +7.9544e-01 +1.5171e+00 -1.5723e+00 +3.4507e+00 -2.4357e+00 -2.7346e-01 -2.2131e+00
1032 0 +6.032112420e-01 -1.633678876e+01 -1.633678876e+01 +3.8589e+00 +2.6014e+00 -1.1209e+00 +1.3000e+00 +8.9259e-01 -1.9296e+00 +3.2026e+00 -2.5241e+00 -5.6282e-01 -1.8964e+00
1055 0 +5.814958190e-01 -1.635850418e+01 -1.635850418e+01 +3.8451e+00 +2.4801e+00 -1.6935e+00 +1.6348e+00 +1.3122e+00 -2.0602e+00 +3.3698e+00 -2.6748e+00 -7.7033e-01 -1.9217e+00
1108 0 +4.635348843e-01 -1.647646512e+01 -1.647646512e+01 +3.7895e+00 +2.5969e+00 -1.3566e+00 +1.4625e+00 +1.3971e+00 -1.7679e+00 +3.4853e+00 -2.1088e+00 -5.7265e-01 -2.0112e+00
1251 0 +3.250444430e-01 -1.661495556e+01 -1.661495556e+01 +3.7462e+00 +2.6251e+00 -1.4298e+00 +1.5736e+00 +1.4222e+00 -1.8636e+00 +3.3388e+00 -2.2836e+00 -4.5620e-01 -1.9247e+00
1293 0 +3.119759834e-01 -1.662802402e+01 -1.662802402e+01 +3.8063e+00 +2.6083e+00 -1.3772e+00 +1.4063e+00 +1.0681e+00 -1.7811e+00 +3.3322e+00 -2.0338e+00 -4.1957e-01 -2.0071e+00
1301 0 +3.051962490e-01 -1.663480375e+01 -1.663480375e+01 +3.8400e+00 +2.4294e+00 -1.5312e+00 +1.5700e+00 +1.4609e+00 -1.8821e+00 +3.4553e+00 -2.3039e+00 -4.1763e-01 -1.9440e+00
1303 0 +2.792440458e-01 -1.666075595e+01 -1.666075595e+01 +3.7143e+00 +2.5228e+00 -1.4552e+00 +1.5276e+00 +1.3412e+00 -1.8999e+00 +3.3974e+00 -2.3093e+00 -2.2227e-01 -1.9011e+00
1404 0 +1.626045860e-01 -1.677739541e+01 -1.677739541e+01 +3.6395e+00 +2.4920e+00 -1.4936e+00 +1.5163e+00 +1.2972e+00 -2.0007e+00 +3.5120e+00 -2.3969e+00 -3.6123e-01 -2.0551e+00
1506 0 +1.468624041e-01 -1.679313760e+01 -1.679313760e+01 +3.6598e+00 +2.5573e+00 -1.5240e+00 +1.3822e+00 +1.3958e+00 -1.9138e+00 +3.5169e+00 -2.4107e+00 -3.6195e-01 -1.9869e+00
1569 0 +1.272968877e-01 -1.681270311e+01 -1.681270311e+01 +3.6878e+00 +2.5418e+00 -1.6234e+00 +1.3870e+00 +1.3647e+00 -1.9471e+00 +3.4114e+00 -2.4489e+00 -4.1912e-01 -1.9143e+00
% f evaluations | g evaluations | best noise-free fitness - Fopt (1.881000000000e+01) + sum g_i+ | measured fitness | best measured fitness or single-digit g-values | x1 | x2...
1 0 +7.718256523e+00 +2.652825652e+01 +2.652825652e+01 +5.9671e-01 -3.8264e-02 +7.4769e-01 +1.6230e+00 -1.3415e-01 -1.3414e-01 +1.6792e+00 +8.6743e-01 -3.6947e-01 +6.4256e-01
4 0 +7.091760746e+00 +2.590176075e+01 +2.590176075e+01 -5.0171e-01 +1.9523e+00 +8.6503e-02 -9.5771e-01 +9.2254e-01 -1.1208e+00 +3.0886e-01 -1.8597e+00 -1.2282e+00 +2.9686e-01
10 0 +5.699832810e+00 +2.450983281e+01 +2.450983281e+01 +1.9708e-01 +1.0686e+00 -6.0205e-01 -2.2766e-01 -2.9211e-01 -1.3635e+00 +3.9612e-01 +3.6106e-01 +1.0511e-01 -1.3459e-01
29 0 +4.549808231e+00 +2.335980823e+01 +2.335980823e+01 +2.1352e-01 +7.6213e-01 +1.6860e+00 -1.1378e+00 +2.2330e+00 -1.8521e+00 -5.1785e-02 +6.8832e-01 +3.8099e-01 -5.2270e-01
62 0 +4.401380786e+00 +2.321138079e+01 +2.321138079e+01 +1.8089e-01 +7.6436e-01 -1.6832e+00 +1.7666e+00 -2.3044e-02 -2.8468e-01 +1.3006e+00 +7.5936e-01 -1.8414e-01 +9.5605e-01
101 0 +3.878837958e+00 +2.268883796e+01 +2.268883796e+01 +6.0508e-01 +3.4006e-01 -7.2857e-01 +9.2193e-01 +1.1937e+00 -1.1135e+00 +4.6046e-01 +4.0609e-01 -1.0648e+00 +1.6212e+00
133 0 +3.818690355e+00 +2.262869035e+01 +2.262869035e+01 +4.6639e-01 +1.0826e-01 +3.3028e-01 +5.8063e-01 +1.7362e+00 -7.2171e-02 -6.3127e-01 +2.1824e+00 -4.7513e-02 +1.1776e+00
201 0 +3.130226681e+00 +2.194022668e+01 +2.194022668e+01 +4.4510e-01 +1.6948e+00 +4.2621e-01 +1.2233e+00 +5.8218e-01 -2.9058e+00 +8.4074e-01 -9.9366e-02 -3.1105e-01 +2.3628e+00
261 0 +3.114761857e+00 +2.192476186e+01 +2.192476186e+01 +2.7899e-01 +3.5742e+00 -9.5085e-01 -8.8142e-01 +1.3948e+00 -3.7932e+00 +1.0836e+00 +3.3836e-01 +7.6268e-01 +3.0720e+00
265 0 +2.969958309e+00 +2.177995831e+01 +2.177995831e+01 +2.5397e-01 +2.6811e+00 +2.5178e-01 +1.5153e-02 +1.8702e+00 -2.5889e+00 -4.4980e-01 -1.3057e-01 +2.7897e-01 +1.5685e+00
307 0 +2.953870705e+00 +2.176387070e+01 +2.176387070e+01 +7.2009e-01 +2.2919e+00 +5.3084e-01 +4.7940e-01 +1.9172e+00 -4.1896e+00 +2.1992e-01 -3.6678e-02 -1.4605e-01 +3.5288e+00
355 0 +2.059825826e+00 +2.086982583e+01 +2.086982583e+01 -2.1605e-01 +1.6310e+00 -2.2508e-01 +4.6304e-01 +1.8607e+00 -2.7179e+00 +8.7057e-01 +1.7402e-01 -5.0605e-01 +2.3869e+00
415 0 +1.938580724e+00 +2.074858072e+01 +2.074858072e+01 +3.7115e-01 +2.3899e+00 -3.2365e-01 +6.8940e-01 +1.7550e+00 -3.1204e+00 +7.0292e-01 +6.5295e-01 +8.9530e-01 +2.7418e+00
470 0 +1.462675330e+00 +2.027267533e+01 +2.027267533e+01 -1.0280e+00 +1.4177e+00 -1.1946e+00 -5.5597e-01 +1.8996e+00 -3.1999e+00 +8.0848e-01 +5.4442e-01 +6.6483e-01 +2.7954e+00
497 0 +1.430905697e+00 +2.024090570e+01 +2.024090570e+01 +7.5441e-02 +2.1251e+00 -1.6636e+00 +4.9951e-01 +1.7704e+00 -3.7535e+00 +1.6393e-01 +7.5108e-01 +4.9056e-01 +2.8820e+00
504 0 +1.392681851e+00 +2.020268185e+01 +2.020268185e+01 -8.7611e-01 +1.3794e+00 -1.2067e+00 -1.2647e-01 +1.9909e+00 -3.4124e+00 -4.7508e-02 +4.5377e-01 +8.7761e-01 +2.1310e+00
565 0 +8.864732072e-01 +1.969647321e+01 +1.969647321e+01 +4.8009e-01 +1.6831e+00 -1.0936e+00 -1.9874e-01 +2.3793e+00 -2.8526e+00 +2.9742e-01 +5.6021e-01 +7.7103e-01 +2.7160e+00
762 0 +6.680943287e-01 +1.947809433e+01 +1.947809433e+01 -1.1273e-01 +1.6672e+00 -1.0518e+00 -1.0439e-01 +1.9983e+00 -2.8934e+00 +2.9824e-01 +5.1709e-01 +4.9412e-01 +2.4744e+00
869 0 +5.381575996e-01 +1.934815760e+01 +1.934815760e+01 -7.0761e-01 +1.7612e+00 -8.4284e-01 -1.9527e-01 +1.7818e+00 -3.3518e+00 +4.6150e-01 +3.9620e-01 +4.9442e-01 +2.5701e+00
925 0 +3.197583156e-01 +1.912975832e+01 +1.912975832e+01 -3.7814e-01 +1.8027e+00 -9.8390e-01 -1.6997e-01 +1.5999e+00 -3.1955e+00 +5.2456e-01 +1.8915e-01 +4.2062e-01 +2.8024e+00
968 0 +2.703692834e-01 +1.908036928e+01 +1.908036928e+01 -3.5809e-01 +1.5690e+00 -1.0575e+00 +1.9693e-02 +1.5251e+00 -3.2162e+00 +2.6773e-01 +2.9992e-01 +5.7628e-01 +2.7229e+00
1159 0 +2.262369146e-01 +1.903623691e+01 +1.903623691e+01 -1.7712e-01 +1.9326e+00 -8.1831e-01 -1.1725e-01 +1.6569e+00 -3.2090e+00 +3.1691e-01 +3.2579e-01 +4.6038e-01 +2.6942e+00
1170 0 +2.247968165e-01 +1.903479682e+01 +1.903479682e+01 -1.7994e-01 +1.9848e+00 -8.4450e-01 +4.5768e-02 +1.6795e+00 -3.2433e+00 +3.5121e-01 +5.4598e-01 +3.4004e-01 +2.6452e+00
1253 0 +2.211160040e-01 +1.903111600e+01 +1.903111600e+01 -2.5939e-01 +1.7341e+00 -8.5601e-01 -6.4977e-02 +1.6684e+00 -3.1823e+00 +2.0205e-01 +2.7672e-01 +3.7054e-01 +2.8181e+00
1258 0 +1.160581715e-01 +1.892605817e+01 +1.892605817e+01 -2.2649e-01 +1.8315e+00 -8.0409e-01 -2.4943e-02 +1.6560e+00 -3.2073e+00 +2.0311e-01 +3.8522e-01 +3.9693e-01 +2.6313e+00
1362 0 +1.156428085e-01 +1.892564281e+01 +1.892564281e+01 -1.4000e-01 +1.7909e+00 -7.9590e-01 -1.8703e-02 +1.7219e+00 -3.2580e+00 +1.3585e-01 +3.7829e-01 +4.2796e-01 +2.6548e+00
1545 0 +9.678158715e-02 +1.890678159e+01 +1.890678159e+01 -1.5202e-01 +1.8155e+00 -8.3652e-01 +1.2577e-02 +1.7251e+00 -3.2386e+00 +1.9449e-01 +3.7621e-01 +4.3189e-01 +2.6416e+00
1737 0 +9.568994619e-02 +1.890568995e+01 +1.890568995e+01 -2.4496e-01 +1.7946e+00 -8.4588e-01 -6.6582e-02 +1.6686e+00 -3.2332e+00 +2.3450e-01 +3.7705e-01 +4.2442e-01 +2.6911e+00
2196 0 +8.173166411e-02 +1.889173166e+01 +1.889173166e+01 -2.3672e-01 +1.7420e+00 -8.0865e-01 -7.3501e-02 +1.6494e+00 -3.2654e+00 +1.7326e-01 +3.8504e-01 +3.8521e-01 +2.6968e+00
2469 0 +8.109592183e-02 +1.889109592e+01 +1.889109592e+01 -1.4960e-01 +1.7912e+00 -8.4509e-01 +1.3004e-02 +1.6467e+00 -3.2423e+00 +1.9294e-01 +4.0707e-01 +3.4847e-01 +2.7171e+00
% f evaluations | g evaluations | best noise-free fitness - Fopt (2.731500000000e+02) + sum g_i+ | measured fitness | best measured fitness or single-digit g-values | x1 | x2...
1 0 +2.250066945e+01 +2.956506694e+02 +2.956506694e+02 +5.9671e-01 -3.8264e-02 +7.4769e-01 +1.6230e+00 -1.3415e-01 -1.3414e-01 +1.6792e+00 +8.6743e-01 -3.6947e-01 +6.4256e-01
4 0 +1.478898579e+01 +2.879389858e+02 +2.879389858e+02 -5.0171e-01 +1.9523e+00 +8.6503e-02 -9.5771e-01 +9.2254e-01 -1.1208e+00 +3.0886e-01 -1.8597e+00 -1.2282e+00 +2.9686e-01
16 0 +1.355324968e+01 +2.867032497e+02 +2.867032497e+02 +3.5049e-01 +4.4645e-01 -5.8002e-01 +3.3225e-01 +3.9307e-01 -6.1435e-01 +1.9658e+00 +5.7383e-01 -1.0913e+00 +7.5655e-01
27 0 +9.165549994e+00 +2.823155500e+02 +2.823155500e+02 -8.2693e-01 +4.0475e-02 -3.1413e+00 -9.2439e-01 -1.5257e-01 -1.1478e+00 +1.7324e+00 -1.3301e+00 -3.4004e-01 +2.3074e-01
59 0 +9.099227467e+00 +2.822492275e+02 +2.822492275e+02 -1.0651e+00 +2.2841e+00 -1.2481e+00 +1.1892e+00 +8.3699e-01 -2.0489e+00 -3.7200e-01 -3.2204e-01 -2.2797e+00 +9.3147e-01
106 0 +8.247336477e+00 +2.813973365e+02 +2.813973365e+02 -1.2752e+00 +1.3985e+00 -9.0552e-01 +3.1794e+00 +1.3366e+00 -2.5946e-01 +1.1120e+00 -3.3183e+00 -1.1832e+00 +2.5190e+00
107 0 +5.114245657e+00 +2.782642457e+02 +2.782642457e+02 -9.3883e-01 +2.7320e+00 -1.4608e+00 +3.1341e+00 +1.0759e+00 -2.0869e+00 -4.9720e-01 -9.2400e-01 -3.1690e+00 +6.1202e-01
112 0 +4.928408438e+00 +2.780784084e+02 +2.780784084e+02 -1.6782e+00 +3.1587e+00 -1.0510e+00 +1.6688e+00 +3.2563e-01 -4.1366e+00 +2.6247e-01 -1.5085e+00 -2.6757e+00 +1.7355e+00
225 0 +4.827248805e+00 +2.779772488e+02 +2.779772488e+02 -2.9655e+00 +4.4266e+00 -1.6864e+00 +3.2735e+00 +1.8404e+00 -3.0660e+00 +1.1380e+00 +5.7315e-01 -1.2253e+00 +4.1749e+00
237 0 +4.531051774e+00 +2.776810518e+02 +2.776810518e+02 -4.3571e+00 +2.8291e+00 +2.1314e-01 +4.2186e+00 +3.4662e+00 -4.3753e+00 +1.6604e-01 -2.2344e+00 -1.9936e+00 +3.3291e+00
415 0 +4.427130924e+00 +2.775771309e+02 +2.775771309e+02 -4.5708e-01 +2.0314e+00 -1.4685e+00 +2.6694e+00 -5.1048e-01 -3.1050e+00 +1.3486e+00 -1.8803e+00 -3.1246e+00 +3.6285e+00
434 0 +4.324946307e+00 +2.774749463e+02 +2.774749463e+02 -3.7887e-01 +3.1535e+00 -6.2140e-01 +4.6399e+00 +8.4494e-01 -3.1685e+00 +1.8872e+00 -2.5094e+00 -1.8915e+00 +2.2144e+00
438 0 +3.377110374e+00 +2.765271104e+02 +2.765271104e+02 -1.8045e+00 +3.1783e+00 -2.1028e+00 +3.0315e+00 +1.7880e+00 -4.3367e+00 +5.0457e-01 -1.4085e+00 -2.0293e+00 +4.0788e+00
470 0 +2.975888924e+00 +2.761258889e+02 +2.761258889e+02 -4.2170e+00 +3.0214e+00 -7.2225e-01 +4.3817e+00 +1.3033e+00 -3.8691e+00 -7.4040e-01 -1.8416e+00 -2.9310e+00 +2.5879e+00
529 0 +2.779974584e+00 +2.759299746e+02 +2.759299746e+02 -4.2650e+00 +1.7854e+00 -4.3045e-01 +3.6280e+00 +2.0670e+00 -4.9378e+00 +7.9453e-01 -1.5632e+00 -2.9623e+00 +2.9872e+00
532 0 +2.405476819e+00 +2.755554768e+02 +2.755554768e+02 -3.1407e+00 +3.0567e+00 -7.4197e-02 +3.4777e+00 +1.3106e+00 -4.0231e+00 -2.7331e-01 -2.1468e+00 -2.3335e+00 +3.2832e+00
620 0 +2.010059070e+00 +2.751600591e+02 +2.751600591e+02 -3.2844e+00 +3.8396e+00 -8.1472e-01 +2.5998e+00 +2.6164e+00 -3.0887e+00 -3.5509e-01 -1.0759e+00 -2.3363e+00 +3.5343e+00
706 0 +1.829566600e+00 +2.749795666e+02 +2.749795666e+02 -2.6814e+00 +2.9773e+00 -7.1400e-01 +2.4487e+00 +2.1967e+00 -4.0024e+00 -2.7067e-01 -1.9574e+00 -2.1651e+00 +3.1104e+00
713 0 +1.491314392e+00 +2.746413144e+02 +2.746413144e+02 -3.8401e+00 +2.7773e+00 -5.5387e-01 +2.9171e+00 +1.4634e+00 -3.8126e+00 -3.1355e-01 -8.4122e-01 -2.2846e+00 +2.9941e+00
770 0 +9.984013410e-01 +2.741484013e+02 +2.741484013e+02 -3.9539e+00 +3.3403e+00 +6.5287e-02 +2.9753e+00 +1.0956e+00 -3.7603e+00 -1.3472e+00 -1.4789e+00 -2.3218e+00 +2.8300e+00
884 0 +9.460298244e-01 +2.740960298e+02 +2.740960298e+02 -3.0738e+00 +3.3493e+00 -5.6816e-01 +2.6011e+00 +1.5169e+00 -3.7761e+00 -1.2385e+00 -1.3705e+00 -2.3460e+00 +2.8791e+00
1001 0 +9.173455642e-01 +2.740673456e+02 +2.740673456e+02 -3.9881e+00 +3.5784e+00 -4.2695e-01 +2.2993e+00 +2.0959e+00 -4.0335e+00 -1.3554e+00 -1.1413e+00 -1.6584e+00 +3.0554e+00
1042 0 +8.868118618e-01 +2.740368119e+02 +2.740368119e+02 -3.5605e+00 +3.1632e+00 -1.0346e-01 +2.7105e+00 +1.2223e+00 -4.0680e+00 -8.7719e-01 -1.2789e+00 -2.3274e+00 +3.3208e+00
1054 0 +6.158362908e-01 +2.737658363e+02 +2.737658363e+02 -3.8311e+00 +3.7924e+00 -4.7314e-01 +2.5929e+00 +2.0124e+00 -4.1407e+00 -9.7573e-01 -1.1105e+00 -2.1970e+00 +2.6964e+00
1167 0 +5.325353512e-01 +2.736825354e+02 +2.736825354e+02 -3.5205e+00 +3.6180e+00 -5.8004e-01 +2.6479e+00 +2.0336e+00 -3.8983e+00 -1.2116e+00 -1.3165e+00 -2.2277e+00 +3.2295e+00
1287 0 +4.442302718e-01 +2.735942303e+02 +2.735942303e+02 -3.4637e+00 +3.6804e+00 -2.7558e-01 +2.8539e+00 +1.6107e+00 -4.0434e+00 -1.0344e+00 -1.1235e+00 -2.2996e+00 +3.0495e+00
1331 0 +4.404813208e-01 +2.735904813e+02 +2.735904813e+02 -3.6230e+00 +3.7126e+00 -6.4030e-01 +2.5866e+00 +1.8183e+00 -3.9755e+00 -1.0187e+00 -1.1823e+00 -2.1868e+00 +2.9160e+00
1425 0 +3.788274827e-01 +2.735288275e+02 +2.735288275e+02 -3.5694e+00 +3.8010e+00 -3.7404e-01 +2.3554e+00 +2.0039e+00 -3.5976e+00 -9.6973e-01 -1.1701e+00 -1.8542e+00 +3.1152e+00
1428 0 +3.719621709e-01 +2.735219622e+02 +2.735219622e+02 -3.6478e+00 +3.9053e+00 -4.5202e-01 +2.5508e+00 +2.2228e+00 -3.8046e+00 -9.2021e-01 -1.0264e+00 -1.9238e+00 +3.1846e+00
1510 0 +3.242805226e-01 +2.734742805e+02 +2.734742805e+02 -3.5267e+00 +3.6632e+00 -3.0156e-01 +2.3449e+00 +1.9931e+00 -3.9860e+00 -1.1021e+00 -1.0866e+00 -1.9066e+00 +3.1469e+00
1515 0 +3.234282012e-01 +2.734734282e+02 +2.734734282e+02 -3.5891e+00 +3.6771e+00 -3.9713e-01 +2.4951e+00 +2.0045e+00 -3.8601e+00 -1.0802e+00 -1.0453e+00 -2.0191e+00 +3.1050e+00
1586 0 +2.209167017e-01 +2.733709167e+02 +2.733709167e+02 -3.5754e+00 +3.6644e+00 -3.0971e-01 +2.6952e+00 +1.9043e+00 -4.0082e+00 -1.0700e+00 -1.2027e+00 -2.0483e+00 +3.1157e+00
1936 0 +1.934905528e-01 +2.733434906e+02 +2.733434906e+02 -3.4289e+00 +3.6708e+00 -3.4296e-01 +2.4819e+00 +1.9297e+00 -4.0331e+00 -9.8233e-01 -1.0701e+00 -2.0090e+00 +3.0334e+00
% f evaluations | g evaluations | best noise-free fitness - Fopt (3.718000000000e+01) + sum g_i+ | measured fitness | best measured fitness or single-digit g-values | x1 | x2...
1 0 +1.658221212e+01 +5.376221212e+01 +5.376221212e+01 +5.9671e-01 -3.8264e-02 +7.4769e-01 +1.6230e+00 -1.3415e-01 -1.3414e-01 +1.6792e+00 +8.6743e-01 -3.6947e-01 +6.4256e-01
3 0 +1.626243604e+01 +5.344243604e+01 +5.344243604e+01 +1.5656e+00 -1.2578e-01 +1.6753e-01 -1.3247e+00 -4.4438e-01 +2.1092e-01 -1.0510e+00 +4.7570e-01 -5.0064e-01 -1.9169e-01
4 0 +1.230304930e+01 +4.948304930e+01 +4.948304930e+01 -5.0171e-01 +1.9523e+00 +8.6503e-02 -9.5771e-01 +9.2254e-01 -1.1208e+00 +3.0886e-01 -1.8597e+00 -1.2282e+00 +2.9686e-01
10 0 +1.201440565e+01 +4.919440565e+01 +4.919440565e+01 +1.9708e-01 +1.0686e+00 -6.0205e-01 -2.2766e-01 -2.9211e-01 -1.3635e+00 +3.9612e-01 +3.6106e-01 +1.0511e-01 -1.3459e-01
12 0 +1.075236747e+01 +4.793236747e+01 +4.793236747e+01 -1.8188e+00 +7.3486e-02 +1.6023e-01 +2.5632e+00 -9.2361e-02 +4.0155e-01 +6.5288e-02 -1.0687e+00 +1.2428e+00 +8.5193e-01
25 0 +1.038529648e+01 +4.756529648e+01 +4.756529648e+01 -6.9252e-01 -1.4736e-02 +6.0499e-01 +9.6576e-01 -1.1003e+00 -2.3450e-01 -3.7495e-01 -5.5333e-01 +1.8655e+00 +5.0498e-01
26 0 +6.758847266e+00 +4.393884727e+01 +4.393884727e+01 -1.1609e+00 +1.0179e+00 +2.2222e+00 +1.1325e+00 -1.4194e+00 -3.8423e-01 +1.3669e+00 -6.0767e-01 +5.4382e-01 +8.7463e-01
66 0 +6.508861866e+00 +4.368886187e+01 +4.368886187e+01 -1.7157e+00 +4.6070e-01 +9.1087e-01 +1.4254e+00 -1.4739e+00 +1.1740e+00 -7.4908e-01 -2.0337e+00 -4.3662e-01 +1.7446e+00
106 0 +5.824286929e+00 +4.300428693e+01 +4.300428693e+01 -3.9495e+00 +2.9219e+00 -4.4273e-01 +1.4233e+00 -2.5332e+00 -1.7502e+00 -6.3911e-01 -1.8463e+00 +8.1047e-01 +9.0140e-01
109 0 +5.047592486e+00 +4.222759249e+01 +4.222759249e+01 -2.4155e+00 +9.7154e-01 +1.3570e+00 +3.1047e+00 -2.7057e+00 -2.1337e+00 -4.1349e-01 -2.4099e+00 +1.5348e+00 +8.9249e-01
251 0 +4.292080330e+00 +4.147208033e+01 +4.147208033e+01 -2.4171e+00 +2.5535e+00 +2.1723e+00 +3.7755e+00 -4.7010e+00 -1.7830e+00 -2.0956e-01 -2.5218e+00 -2.2677e+00 +2.0106e+00
254 0 +3.346367920e+00 +4.052636792e+01 +4.052636792e+01 -3.3565e+00 +3.2574e+00 +7.9182e-01 +2.2407e+00 -3.1575e+00 -2.1526e+00 -5.4003e-01 -2.2715e+00 -7.8896e-01 +1.8955e+00
401 0 +2.287971708e+00 +3.946797171e+01 +3.946797171e+01 -3.2573e+00 +2.0187e+00 +2.5688e+00 +1.0470e+00 -2.4645e+00 -1.1589e+00 +1.5278e-01 -3.6962e+00 -2.3867e+00 +3.8435e+00
504 0 +2.215447631e+00 +3.939544763e+01 +3.939544763e+01 -4.1715e+00 +1.8119e+00 +2.0708e+00 +2.0727e+00 -4.3254e+00 -9.6245e-01 +7.1718e-01 -3.2003e+00 -1.6593e+00 +2.8127e+00
507 0 +2.075803042e+00 +3.925580304e+01 +3.925580304e+01 -3.7748e+00 +2.8114e+00 +2.3993e+00 +1.8064e+00 -3.0246e+00 -1.4492e+00 -2.0949e-01 -3.0452e+00 -1.8829e+00 +2.2373e+00
509 0 +1.944841360e+00 +3.912484136e+01 +3.912484136e+01 -3.9604e+00 +3.3020e+00 +2.0340e+00 +2.1764e+00 -3.4305e+00 -1.9402e+00 -1.1411e-02 -3.5975e+00 -2.0418e+00 +3.0748e+00
551 0 +1.912662570e+00 +3.909266257e+01 +3.909266257e+01 -3.3080e+00 +2.2754e+00 +2.7503e+00 +1.4679e+00 -3.9898e+00 -1.7344e+00 +4.5616e-01 -2.7764e+00 -1.0261e+00 +3.9600e+00
704 0 +1.885471099e+00 +3.906547110e+01 +3.906547110e+01 -4.3906e+00 +2.7013e+00 +1.4510e+00 +1.5082e+00 -3.0481e+00 -1.0404e+00 +1.6471e-01 -3.2943e+00 -2.0017e+00 +3.3465e+00
711 0 +1.819311049e+00 +3.899931105e+01 +3.899931105e+01 -4.1631e+00 +1.5932e+00 +1.6090e+00 +1.8533e+00 -3.9019e+00 -2.1063e+00 -2.1060e-02 -3.4747e+00 -2.1385e+00 +2.7379e+00
745 0 +1.443020673e+00 +3.862302067e+01 +3.862302067e+01 -3.9966e+00 +2.0668e+00 +1.7789e+00 +4.4176e-01 -3.9782e+00 -8.8702e-01 +1.7998e-02 -3.5119e+00 -1.4926e+00 +2.9664e+00
761 0 +1.382346778e+00 +3.856234678e+01 +3.856234678e+01 -4.0618e+00 +2.3710e+00 +1.9407e+00 +2.2914e+00 -3.4199e+00 -2.1366e+00 +1.8270e-01 -3.4595e+00 -2.6398e+00 +3.1792e+00
851 0 +1.065030003e+00 +3.824503000e+01 +3.824503000e+01 -3.7045e+00 +1.9825e+00 +2.0034e+00 +1.2200e+00 -3.7372e+00 -1.4271e+00 +2.8886e-03 -2.9980e+00 -1.8683e+00 +2.7420e+00
882 0 +9.153405058e-01 +3.809534051e+01 +3.809534051e+01 -3.8672e+00 +1.8520e+00 +1.6828e+00 +1.5098e+00 -2.9961e+00 -1.3107e+00 +7.1097e-01 -3.3861e+00 -1.9393e+00 +2.4465e+00
907 0 +8.995162459e-01 +3.807951625e+01 +3.807951625e+01 -3.8753e+00 +1.8313e+00 +1.7629e+00 +1.5079e+00 -3.2141e+00 -1.4987e+00 +6.2093e-01 -3.0977e+00 -1.2575e+00 +2.7111e+00
908 0 +8.747224193e-01 +3.805472242e+01 +3.805472242e+01 -4.2420e+00 +2.3224e+00 +2.0858e+00 +1.5332e+00 -3.5267e+00 -1.4981e+00 +7.4585e-01 -3.3146e+00 -1.4157e+00 +3.1129e+00
957 0 +7.657544094e-01 +3.794575441e+01 +3.794575441e+01 -3.7758e+00 +2.2498e+00 +2.2550e+00 +1.5652e+00 -3.1623e+00 -1.1869e+00 +4.8797e-01 -3.5395e+00 -1.8386e+00 +2.9718e+00
1001 0 +7.217682695e-01 +3.790176827e+01 +3.790176827e+01 -3.8861e+00 +2.2699e+00 +2.2583e+00 +1.4488e+00 -3.2671e+00 -1.5505e+00 +3.6466e-01 -3.4304e+00 -1.9108e+00 +2.9503e+00
1011 0 +7.137585052e-01 +3.789375851e+01 +3.789375851e+01 -4.1270e+00 +2.0149e+00 +1.9869e+00 +1.2333e+00 -3.3466e+00 -1.5231e+00 +3.7572e-01 -3.3744e+00 -1.7181e+00 +2.8862e+00
1043 0 +6.037038575e-01 +3.778370386e+01 +3.778370386e+01 -3.8327e+00 +2.0427e+00 +2.1414e+00 +1.3896e+00 -3.6241e+00 -1.6850e+00 +4.1710e-01 -3.5477e+00 -1.6327e+00 +2.5943e+00
1055 0 +5.276818263e-01 +3.770768183e+01 +3.770768183e+01 -3.9901e+00 +2.1052e+00 +2.3364e+00 +1.4858e+00 -3.6412e+00 -1.4446e+00 +4.2203e-01 -3.5947e+00 -1.9537e+00 +3.2643e+00
1101 0 +4.784120577e-01 +3.765841206e+01 +3.765841206e+01 -3.8379e+00 +2.0926e+00 +2.4335e+00 +1.6657e+00 -3.6243e+00 -1.2049e+00 +5.0540e-01 -3.4178e+00 -1.8113e+00 +3.2516e+00
1107 0 +4.242104156e-01 +3.760421042e+01 +3.760421042e+01 -4.0468e+00 +2.0169e+00 +1.9466e+00 +1.7091e+00 -3.5491e+00 -1.4238e+00 +5.8208e-01 -3.5012e+00 -1.8792e+00 +2.9376e+00
1157 0 +3.950509115e-01 +3.757505091e+01 +3.757505091e+01 -3.9226e+00 +2.0256e+00 +1.8245e+00 +1.5573e+00 -3.6122e+00 -1.4728e+00 +5.2383e-01 -3.2613e+00 -1.8023e+00 +2.8095e+00
1203 0 +3.478841079e-01 +3.752788411e+01 +3.752788411e+01 -3.9031e+00 +2.0735e+00 +2.2249e+00 +1.4736e+00 -3.5614e+00 -1.4025e+00 +3.3269e-01 -3.3064e+00 -1.8137e+00 +3.0986e+00
1257 0 +3.205659909e-01 +3.750056599e+01 +3.750056599e+01 -3.9533e+00 +1.9601e+00 +2.2059e+00 +1.5267e+00 -3.5972e+00 -1.4089e+00 +4.9591e-01 -3.4264e+00 -1.8403e+00 +3.0646e+00
1301 0 +2.500374403e-01 +3.743003744e+01 +3.743003744e+01 -3.9156e+00 +2.1369e+00 +2.0288e+00 +1.6566e+00 -3.4313e+00 -1.2656e+00 +4.3807e-01 -3.3639e+00 -1.7873e+00 +2.9311e+00
1303 0 +2.025133552e-01 +3.738251336e+01 +3.738251336e+01 -3.9606e+00 +2.1232e+00 +2.1593e+00 +1.6191e+00 -3.5704e+00 -1.3012e+00 +2.8009e-01 -3.4349e+00 -1.7247e+00 +3.0863e+00
1406 0 +1.772976141e-01 +3.735729761e+01 +3.735729761e+01 -4.0185e+00 +2.0288e+00 +2.0694e+00 +1.5813e+00 -3.5884e+00 -1.2528e+00 +3.9230e-01 -3.3810e+00 -1.8094e+00 +3.1925e+00
1552 0 +1.275603459e-01 +3.730756035e+01 +3.730756035e+01 -3.9672e+00 +2.0393e+00 +2.0371e+00 +1.5835e+00 -3.5851e+00 -1.3219e+00 +3.7212e-01 -3.3676e+00 -1.8348e+00 +3.0339e+00
1657 0 +1.158007552e-01 +3.729580076e+01 +3.729580076e+01 -3.8723e+00 +1.9004e+00 +1.9176e+00 +1.7254e+00 -3.4680e+00 -1.3238e+00 +3.7346e-01 -3.3995e+00 -1.7909e+00 +2.9676e+00
% f evaluations | g evaluations | best noise-free fitness - Fopt (-1.479000000000e+02) + sum g_i+ | measured fitness | best measured fitness or single-digit g-values | x1 | x2...
1 0 +9.805217071e+00 -1.380947829e+02 -1.380947829e+02 +5.9671e-01 -3.8264e-02 +7.4769e-01 +1.6230e+00 -1.3415e-01 -1.3414e-01 +1.6792e+00 +8.6743e-01 -3.6947e-01 +6.4256e-01
2 0 +5.373338012e+00 -1.425266620e+02 -1.425266620e+02 -3.6342e-01 -3.6573e-01 +3.4196e-01 -1.8133e+00 -1.6249e+00 -4.6229e-01 -9.1283e-01 +4.1425e-01 -8.0802e-01 -1.3123e+00
20 0 +4.605621586e+00 -1.432943784e+02 -1.432943784e+02 -3.4651e-01 +9.5640e-01 +3.1409e-01 -1.1457e+00 +2.7318e-01 +4.8532e-01 -7.8386e-01 +2.5373e-01 +1.5821e-01 -1.0430e+00
69 0 +4.491080240e+00 -1.434089198e+02 -1.434089198e+02 +2.8668e-01 +2.5017e+00 +1.6998e+00 -1.5964e+00 -6.9409e-01 -3.0034e-02 +3.7439e-01 -3.0814e-01 -1.8177e+00 -7.4333e-01
138 0 +4.386928632e+00 -1.435130714e+02 -1.435130714e+02 -2.3403e+00 +1.6684e+00 +2.0723e+00 -9.7164e-01 -6.2175e-01 +1.7986e+00 -3.6267e-01 -1.8912e+00 -3.5220e-02 -6.3470e-01
219 0 +4.042925195e+00 -1.438570748e+02 -1.438570748e+02 -1.2110e+00 +2.5244e+00 +1.9569e+00 -1.0697e+00 +1.0337e-01 +3.7360e+00 -5.0431e-01 -3.0801e+00 -1.0885e+00 +2.5202e-01
318 0 +3.648211487e+00 -1.442517885e+02 -1.442517885e+02 -2.7874e+00 +3.6906e-01 +1.1534e+00 -1.4198e+00 -2.1424e+00 +1.5934e+00 -5.9995e-01 -2.6863e+00 -1.6883e+00 +6.8514e-01
411 0 +3.188390895e+00 -1.447116091e+02 -1.447116091e+02 -4.0280e-01 +5.4964e-01 +1.3189e+00 -1.2837e+00 -1.8891e+00 +2.3857e+00 -1.1941e+00 -2.9717e+00 -3.1500e+00 +2.0437e+00
453 0 +3.089248504e+00 -1.448107515e+02 -1.448107515e+02 -1.0424e+00 +1.0049e+00 +1.4497e+00 -2.2153e+00 -1.6522e+00 +1.6591e+00 -4.5777e-01 -1.0987e+00 -2.3603e+00 +1.4558e+00
514 0 +2.818479974e+00 -1.450815200e+02 -1.450815200e+02 -6.4895e-01 -4.7568e-01 +2.2479e+00 -2.9376e+00 -2.0603e+00 +1.5218e+00 -9.4809e-01 -2.1005e+00 -3.4953e+00 +2.1063e+00
563 0 +2.089531685e+00 -1.458104683e+02 -1.458104683e+02 -9.6126e-01 -5.5988e-01 +6.3571e-01 -2.3816e+00 -3.4081e+00 +9.2198e-01 -1.7054e+00 -1.0461e+00 -4.8071e+00 +1.9151e+00
672 0 +1.944431246e+00 -1.459555688e+02 -1.459555688e+02 -2.1863e+00 +4.6267e-01 +1.0670e+00 -1.3233e+00 -2.4887e+00 +4.2726e-01 -2.0405e+00 -1.8423e+00 -2.8002e+00 +1.2808e+00
754 0 +1.837415834e+00 -1.460625842e+02 -1.460625842e+02 -2.2386e+00 -1.5179e-01 +1.8899e+00 -1.3407e+00 -2.3787e+00 +1.3582e+00 -1.5036e+00 -2.3178e+00 -4.0798e+00 +1.4982e+00
774 0 +9.471661361e-01 -1.469528339e+02 -1.469528339e+02 -1.9379e+00 +4.5522e-01 +1.3747e+00 -1.4448e+00 -3.2044e+00 +1.0683e+00 -2.2146e+00 -1.7024e+00 -3.8870e+00 +1.5048e+00
1002 0 +8.534096189e-01 -1.470465904e+02 -1.470465904e+02 -1.4674e+00 +1.7488e-01 +1.2697e+00 -2.3364e+00 -3.0612e+00 +1.6057e+00 -2.0146e+00 -2.4286e+00 -4.0307e+00 +1.9476e+00
1101 0 +5.292122839e-01 -1.473707877e+02 -1.473707877e+02 -1.7673e+00 +1.7327e-02 +1.2081e+00 -2.3059e+00 -3.4446e+00 +1.4107e+00 -1.9016e+00 -2.4142e+00 -4.0592e+00 +1.5919e+00
1153 0 +4.720156812e-01 -1.474279843e+02 -1.474279843e+02 -1.7259e+00 -1.9171e-03 +1.1185e+00 -2.0338e+00 -2.9178e+00 +1.4304e+00 -1.7964e+00 -2.1188e+00 -3.7003e+00 +1.7194e+00
1226 0 +4.610212123e-01 -1.474389788e+02 -1.474389788e+02 -1.9532e+00 -1.7656e-02 +1.3575e+00 -1.8682e+00 -2.9365e+00 +1.5207e+00 -1.7776e+00 -2.4842e+00 -3.6855e+00 +1.7035e+00
1262 0 +4.286020289e-01 -1.474713980e+02 -1.474713980e+02 -1.6664e+00 +1.4310e-01 +1.0819e+00 -1.7612e+00 -3.0848e+00 +1.4064e+00 -1.5869e+00 -2.2565e+00 -3.8415e+00 +1.6044e+00
1263 0 +2.768824897e-01 -1.476231175e+02 -1.476231175e+02 -1.7020e+00 +1.9419e-01 +1.3600e+00 -1.9350e+00 -3.0727e+00 +1.6415e+00 -1.6570e+00 -2.3266e+00 -3.7066e+00 +1.7733e+00
1293 0 +2.462163717e-01 -1.476537836e+02 -1.476537836e+02 -1.8798e+00 +9.0673e-02 +1.3107e+00 -1.7960e+00 -3.1662e+00 +1.4852e+00 -1.7758e+00 -2.2894e+00 -3.7365e+00 +1.8991e+00
1307 0 +2.240212716e-01 -1.476759787e+02 -1.476759787e+02 -1.7798e+00 +1.3951e-01 +1.1172e+00 -2.0197e+00 -3.1146e+00 +1.5045e+00 -1.6433e+00 -2.3254e+00 -3.7883e+00 +1.8152e+00
1356 0 +2.230539085e-01 -1.476769461e+02 -1.476769461e+02 -1.7514e+00 +8.3771e-02 +1.2230e+00 -1.9790e+00 -2.9527e+00 +1.4137e+00 -1.6791e+00 -2.2210e+00 -3.8199e+00 +1.8471e+00
1453 0 +2.009379617e-01 -1.476990620e+02 -1.476990620e+02 -1.7287e+00 +1.7487e-01 +1.2654e+00 -1.9775e+00 -3.0827e+00 +1.4648e+00 -1.5335e+00 -2.2870e+00 -3.7589e+00 +1.5991e+00
1454 0 +2.007540361e-01 -1.476992460e+02 -1.476992460e+02 -1.7200e+00 +2.8085e-01 +1.1641e+00 -1.9074e+00 -3.0356e+00 +1.4516e+00 -1.5489e+00 -2.2880e+00 -3.5687e+00 +1.7254e+00
1472 0 +1.940011897e-01 -1.477059988e+02 -1.477059988e+02 -1.6344e+00 +6.9241e-02 +1.1054e+00 -2.0680e+00 -3.1985e+00 +1.3926e+00 -1.5999e+00 -2.3185e+00 -3.8364e+00 +1.6721e+00
1475 0 +1.859362667e-01 -1.477140637e+02 -1.477140637e+02 -1.7227e+00 +1.5753e-01 +1.1462e+00 -2.1108e+00 -3.1528e+00 +1.5168e+00 -1.5621e+00 -2.2482e+00 -3.7999e+00 +1.7966e+00
1496 0 +1.133100099e-01 -1.477866900e+02 -1.477866900e+02 -1.6726e+00 +6.1003e-02 +1.0640e+00 -2.1464e+00 -3.1569e+00 +1.4398e+00 -1.5193e+00 -2.3080e+00 -3.8309e+00 +1.7678e+00
1596 0 +1.084984642e-01 -1.477915015e+02 -1.477915015e+02 -1.6010e+00 +1.4258e-01 +1.0710e+00 -2.0011e+00 -3.0568e+00 +1.4799e+00 -1.5685e+00 -2.3014e+00 -3.7550e+00 +1.7376e+00
2064 0 +9.000936265e-02 -1.478099906e+02 -1.478099906e+02 -1.6455e+00 +2.0241e-01 +1.1787e+00 -1.9758e+00 -3.0372e+00 +1.4570e+00 -1.5899e+00 -2.2824e+00 -3.6616e+00 +1.6324e+00
2169 0 +8.116015836e-02 -1.478188398e+02 -1.478188398e+02 -1.6742e+00 +7.9928e-02 +1.0797e+00 -2.0449e+00 -3.2895e+00 +1.4358e+00 -1.6347e+00 -2.2665e+00 -3.8534e+00 +1.8099e+00
2344 0 +8.063993106e-02 -1.478193601e+02 -1.478193601e+02 -1.6660e+00 +1.2351e-01 +1.1038e+00 -1.9817e+00 -3.1224e+00 +1.4624e+00 -1.5938e+00 -2.2217e+00 -3.7775e+00 +1.7567e+00
2359 0 +5.466171296e-02 -1.478453383e+02 -1.478453383e+02 -1.6848e+00 +1.2104e-01 +1.1295e+00 -2.0361e+00 -3.1007e+00 +1.4744e+00 -1.6032e+00 -2.2715e+00 -3.7485e+00 +1.7540e+00
% f evaluations | g evaluations | best noise-free fitness - Fopt (4.817100000000e+02) + sum g_i+ | measured fitness | best measured fitness or single-digit g-values | x1 | x2...
1 0 +1.977099023e+01 +5.014809902e+02 +5.014809902e+02 +5.9671e-01 -3.8264e-02 +7.4769e-01 +1.6230e+00 -1.3415e-01 -1.3414e-01 +1.6792e+00 +8.6743e-01 -3.6947e-01 +6.4256e-01
3 0 +1.832402573e+01 +5.000340257e+02 +5.000340257e+02 +1.5656e+00 -1.2578e-01 +1.6753e-01 -1.3247e+00 -4.4438e-01 +2.1092e-01 -1.0510e+00 +4.7570e-01 -5.0064e-01 -1.9169e-01
6 0 +1.187699064e+01 +4.935869906e+02 +4.935869906e+02 +4.2408e-01 -2.8508e-01 -5.7692e-01 +7.1168e-01 +1.1310e+00 +1.0313e+00 -7.3922e-01 -2.0921e-01 +4.3126e-01 +1.0755e+00
70 0 +1.117615888e+01 +4.928861589e+02 +4.928861589e+02 +1.7299e+00 -3.5336e-01 -6.9178e-01 +1.1847e+00 -2.6537e-01 +2.4942e-01 +1.1205e+00 -7.1540e-03 +3.1210e-01 -1.6020e-01
79 0 +9.019091282e+00 +4.907290913e+02 +4.907290913e+02 -7.4988e-01 -7.0941e-01 -1.5139e+00 +1.3494e+00 +2.6683e-01 -1.2846e+00 -2.3314e-02 -3.4457e-01 -1.4155e-01 -3.8203e-01
92 0 +7.381924456e+00 +4.890919245e+02 +4.890919245e+02 +1.2390e+00 -6.8544e-01 -9.0417e-01 +1.3136e+00 +8.9537e-01 -9.6467e-01 -3.7688e-01 +6.7304e-01 +1.3801e+00 -1.0881e+00
153 0 +5.781574118e+00 +4.874915741e+02 +4.874915741e+02 +1.5200e+00 -2.5732e+00 -8.8996e-01 +3.9146e+00 -5.0929e-02 +1.6758e+00 -8.6775e-01 -3.9229e-01 +1.6274e+00 -1.8476e+00
208 0 +4.803534186e+00 +4.865135342e+02 +4.865135342e+02 +1.3105e+00 -1.7171e+00 -1.3709e+00 +4.1265e+00 +2.4897e-02 -1.3518e+00 -6.6484e-01 -9.7583e-01 -2.7505e+00 -2.0075e-01
252 0 +3.848270824e+00 +4.855582708e+02 +4.855582708e+02 +8.8141e-01 -3.0415e+00 -3.7679e+00 +4.3031e+00 +7.7440e-01 +2.7570e-01 -7.2210e-01 -1.3712e+00 -1.3685e+00 +1.4813e+00
345 0 +3.108126254e+00 +4.848181263e+02 +4.848181263e+02 +7.4098e-01 -9.7558e-01 -3.1771e+00 +3.5909e+00 -1.2259e+00 -2.3603e+00 +5.9626e-01 -1.8709e+00 -6.9913e-01 +2.0277e+00
469 0 +2.844585347e+00 +4.845545853e+02 +4.845545853e+02 +1.0382e+00 -2.2846e+00 -2.2853e+00 +1.7173e+00 -2.4307e-01 -1.0135e+00 -2.8174e-01 -1.0632e+00 -9.6621e-01 -3.9891e-01
574 0 +2.572941655e+00 +4.842829417e+02 +4.842829417e+02 +2.6463e+00 -3.0084e+00 -3.5964e+00 +3.1695e+00 +2.0784e-01 -2.1281e+00 +5.4589e-01 -7.0615e-01 -3.1631e-01 +2.1066e+00
594 0 +2.059213952e+00 +4.837692140e+02 +4.837692140e+02 +1.3916e+00 -2.8493e+00 -2.9493e+00 +2.4957e+00 -1.3812e+00 -2.1334e+00 +1.1117e+00 -1.7105e+00 -1.4119e+00 +3.1119e-01
614 0 +1.822013256e+00 +4.835320133e+02 +4.835320133e+02 +1.4599e+00 -2.7571e+00 -2.6112e+00 +1.5232e+00 -1.7089e-01 -9.6141e-01 +1.2464e+00 -1.7540e+00 -6.4468e-01 +9.9169e-01
732 0 +1.697835500e+00 +4.834078355e+02 +4.834078355e+02 +8.3815e-01 -3.2781e+00 -3.0800e+00 +3.6595e+00 +2.6370e-01 +1.6511e-01 -2.9268e-01 -2.0600e+00 -1.0692e+00 +4.8489e-01
798 0 +1.619863442e+00 +4.833298634e+02 +4.833298634e+02 +1.5511e+00 -2.8854e+00 -2.6096e+00 +3.3875e+00 -2.1270e-01 +8.3114e-02 +1.1049e+00 -2.2624e+00 -1.0486e+00 +2.3949e-01
930 0 +1.428051876e+00 +4.831380519e+02 +4.831380519e+02 +1.1435e+00 -2.7966e+00 -3.0521e+00 +3.5494e+00 -5.1367e-01 -2.0644e+00 +2.0475e-01 -1.3465e+00 -1.4850e+00 +1.8110e-01
1018 0 +1.125344802e+00 +4.828353448e+02 +4.828353448e+02 +1.3661e+00 -3.2729e+00 -2.3669e+00 +3.3413e+00 -4.0644e-01 -1.1504e+00 +6.4133e-01 -1.7408e+00 -1.8138e+00 +8.5564e-01
1060 0 +9.242094568e-01 +4.826342095e+02 +4.826342095e+02 +1.2992e+00 -3.1419e+00 -3.0169e+00 +3.6034e+00 -5.4202e-01 -8.7351e-01 +7.8714e-01 -1.5774e+00 -1.6308e+00 +3.2593e-01
1105 0 +8.824581424e-01 +4.825924581e+02 +4.825924581e+02 +8.9824e-01 -3.3474e+00 -2.9774e+00 +3.6257e+00 -5.0167e-01 -1.0199e+00 +6.7596e-01 -1.8414e+00 -1.6547e+00 +3.9611e-01
1131 0 +5.105072983e-01 +4.822205073e+02 +4.822205073e+02 +1.1008e+00 -3.1291e+00 -2.7738e+00 +2.9303e+00 -5.9836e-01 -5.8243e-01 +9.2368e-01 -1.3714e+00 -1.8730e+00 +4.6616e-01
1238 0 +4.329956425e-01 +4.821429956e+02 +4.821429956e+02 +7.8491e-01 -2.9109e+00 -2.9301e+00 +3.1364e+00 -4.9332e-01 -1.0314e+00 +6.9912e-01 -1.6220e+00 -2.0640e+00 +4.4522e-01
1457 0 +3.266521776e-01 +4.820366522e+02 +4.820366522e+02 +1.1395e+00 -3.0137e+00 -2.8670e+00 +3.0782e+00 -4.3044e-01 -5.8962e-01 +7.8001e-01 -1.6519e+00 -1.8898e+00 +7.9684e-01
1587 0 +2.709933558e-01 +4.819809934e+02 +4.819809934e+02 +1.1144e+00 -3.0825e+00 -2.9522e+00 +2.8658e+00 -4.0852e-01 -8.6435e-01 +5.6555e-01 -1.3984e+00 -1.9285e+00 +4.4837e-01
1667 0 +2.552573416e-01 +4.819652573e+02 +4.819652573e+02 +1.0551e+00 -3.0652e+00 -2.9627e+00 +2.9752e+00 -4.8173e-01 -9.1679e-01 +4.9970e-01 -1.6603e+00 -1.9283e+00 +5.0681e-01
1730 0 +2.471816235e-01 +4.819571816e+02 +4.819571816e+02 +1.0535e+00 -3.0609e+00 -2.9186e+00 +3.0440e+00 -3.1373e-01 -8.1844e-01 +4.9683e-01 -1.4664e+00 -1.9580e+00 +5.6750e-01
1741 0 +2.191315092e-01 +4.819291315e+02 +4.819291315e+02 +9.8823e-01 -3.0338e+00 -2.9658e+00 +2.9424e+00 -4.3266e-01 -9.6379e-01 +6.2321e-01 -1.4191e+00 -1.8585e+00 +5.4235e-01
1808 0 +2.107901017e-01 +4.819207901e+02 +4.819207901e+02 +1.0064e+00 -2.9567e+00 -2.8425e+00 +3.0411e+00 -4.3704e-01 -8.8459e-01 +6.2900e-01 -1.5139e+00 -1.9077e+00 +4.7972e-01
1813 0 +1.903258068e-01 +4.819003258e+02 +4.819003258e+02 +1.0247e+00 -2.9609e+00 -2.9822e+00 +3.0854e+00 -4.2996e-01 -1.0003e+00 +6.6945e-01 -1.5698e+00 -1.8478e+00 +5.1483e-01
1889 0 +1.550478436e-01 +4.818650478e+02 +4.818650478e+02 +1.0325e+00 -2.9122e+00 -2.8768e+00 +2.9435e+00 -3.7743e-01 -8.2023e-01 +7.2176e-01 -1.4716e+00 -1.8924e+00 +5.7899e-01
1924 0 +1.386136830e-01 +4.818486137e+02 +4.818486137e+02 +1.0019e+00 -2.9984e+00 -2.8736e+00 +3.0499e+00 -3.9691e-01 -9.0859e-01 +6.5751e-01 -1.5104e+00 -1.9070e+00 +4.6924e-01
1997 0 +1.216958270e-01 +4.818316958e+02 +4.818316958e+02 +1.0318e+00 -2.9044e+00 -2.9369e+00 +3.0132e+00 -4.0790e-01 -8.8725e-01 +6.7263e-01 -1.5634e+00 -1.9049e+00 +5.9040e-01
2115 0 +1.205137916e-01 +4.818305138e+02 +4.818305138e+02 +1.0193e+00 -2.9287e+00 -2.8778e+00 +3.0523e+00 -4.3734e-01 -8.6697e-01 +6.5167e-01 -1.5830e+00 -1.8645e+00 +5.2066e-01
2118 0 +1.193431703e-01 +4.818293432e+02 +4.818293432e+02 +9.6535e-01 -2.9840e+00 -2.8988e+00 +3.0073e+00 -3.7562e-01 -8.5923e-01 +6.7825e-01 -1.5802e+00 -1.8801e+00 +5.2151e-01
2130 0 +8.990690361e-02 +4.817999069e+02 +4.817999069e+02 +9.8233e-01 -2.9514e+00 -2.9242e+00 +3.0733e+00 -3.6819e-01 -8.7269e-01 +6.3854e-01 -1.5797e+00 -1.8943e+00 +5.1950e-01
2131 0 +8.943117716e-02 +4.817994312e+02 +4.817994312e+02 +9.8126e-01 -2.9330e+00 -2.9026e+00 +3.0418e+00 -3.2181e-01 -9.0746e-01 +7.0067e-01 -1.5755e+00 -1.8886e+00 +5.4086e-01
2136 0 +7.448690254e-02 +4.817844869e+02 +4.817844869e+02 +1.0168e+00 -2.9729e+00 -2.9228e+00 +3.0327e+00 -3.9639e-01 -8.6873e-01 +6.5574e-01 -1.5628e+00 -1.9047e+00 +5.5853e-01
2153 0 +5.791771281e-02 +4.817679177e+02 +4.817679177e+02 +1.0440e+00 -2.9847e+00 -2.8640e+00 +3.0022e+00 -3.6715e-01 -8.8790e-01 +6.2749e-01 -1.5702e+00 -1.8697e+00 +5.4818e-01
% f evaluations | g evaluations | best noise-free fitness - Fopt (-3.646000000000e+01) + sum g_i+ | measured fitness | best measured fitness or single-digit g-values | x1 | x2...
1 0 +3.444532106e+01 -2.014678938e+00 -2.014678938e+00 +5.9671e-01 -3.8264e-02 +7.4769e-01 +1.6230e+00 -1.3415e-01 -1.3414e-01 +1.6792e+00 +8.6743e-01 -3.6947e-01 +6.4256e-01
5 0 +3.402783365e+01 -2.432166345e+00 -2.432166345e+00 +8.3847e-01 +2.7137e-01 -1.5648e-02 -2.0110e-01 -1.3785e+00 -6.1984e-01 -3.6064e-01 +1.1571e+00 +4.4362e-01 -1.6630e+00
7 0 +3.343258054e+01 -3.027419464e+00 -3.027419464e+00 -3.7917e-01 -8.5659e-02 -1.0063e+00 -1.0962e+00 +9.1253e-01 +1.4562e+00 +2.7990e-02 +1.1035e+00 +4.6164e-01 -5.4512e-01
8 0 +3.241096746e+01 -4.049032536e+00 -4.049032536e+00 +4.6140e-01 +1.6380e+00 +6.4174e-02 +1.6646e+00 -2.5197e+00 +9.2190e-01 +1.8705e-01 -1.9901e-01 +1.9176e-01 -1.8876e+00
14 0 +2.580521189e+01 -1.065478811e+01 -1.065478811e+01 -1.4507e+00 +1.6856e-01 -9.6230e-01 +5.7359e-01 -8.1942e-01 +1.6499e+00 -6.8325e-01 -2.2206e-01 +9.1352e-01 -1.1309e+00
30 0 +2.554412259e+01 -1.091587741e+01 -1.091587741e+01 -1.0812e-01 -3.9300e-01 -4.8936e-01 +9.4960e-01 +4.5702e-01 -5.9291e-01 +9.9960e-01 +4.0730e-01 +9.1286e-01 +7.2963e-01
39 0 +2.507843633e+01 -1.138156367e+01 -1.138156367e+01 -7.3972e-01 -4.9939e-01 -2.0239e+00 -4.2576e-01 -6.5913e-01 +2.5039e-01 +4.4176e-01 +1.9762e+00 +1.0504e+00 -4.7690e-01
42 0 +1.860568386e+01 -1.785431614e+01 -1.785431614e+01 +8.1161e-01 -1.0246e+00 -1.4341e+00 +1.3777e+00 +4.3231e-01 -6.4849e-01 +1.6512e+00 +2.1567e-01 +1.2793e+00 +1.6752e-01
52 0 +1.387134947e+01 -2.258865053e+01 -2.258865053e+01 -1.2975e+00 -1.8594e+00 -2.1215e+00 +1.5612e+00 +1.5819e+00 +1.5773e+00 +1.0337e+00 +3.4237e-02 +6.0350e-01 -2.6226e+00
77 0 +1.267606951e+01 -2.378393049e+01 -2.378393049e+01 +1.2661e+00 -2.5218e+00 -4.4977e+00 +1.9582e-01 +2.0138e+00 +2.5847e-01 +1.5959e+00 +1.0738e+00 +3.6531e+00 -2.8097e-01
116 0 +7.381274141e+00 -2.907872586e+01 -2.907872586e+01 +1.7851e+00 -1.3872e+00 -3.2364e+00 +1.7688e+00 +2.3875e+00 +1.0532e+00 +3.5858e+00 +2.8899e+00 +2.4479e+00 -9.5401e-01
156 0 +6.861015548e+00 -2.959898445e+01 -2.959898445e+01 +1.8612e+00 -3.1954e+00 -2.8750e+00 +3.1252e+00 +3.6697e+00 +1.6812e+00 +2.9784e+00 +2.7584e+00 -6.8570e-01 +1.5901e+00
201 0 +4.887169719e+00 -3.157283028e+01 -3.157283028e+01 +8.5273e-02 -4.4750e+00 -2.9484e+00 +3.3166e-01 +4.7488e+00 +1.0502e+00 +4.9813e+00 +3.0813e+00 -1.8817e-01 -1.3080e+00
302 0 +3.870622529e+00 -3.258937747e+01 -3.258937747e+01 +1.7242e+00 -3.2744e+00 -3.1335e+00 +3.1412e+00 +4.7795e+00 +2.4711e+00 +3.6418e+00 +3.1967e+00 -2.5632e+00 +4.1207e-01
361 0 +3.659857228e+00 -3.280014277e+01 -3.280014277e+01 +1.8182e+00 -2.7970e+00 -8.6504e-01 +2.3222e+00 +2.7068e+00 +3.0419e+00 +2.8984e+00 +2.4436e+00 -3.3123e+00 -1.8359e+00
454 0 +2.001400991e+00 -3.445859901e+01 -3.445859901e+01 +2.9565e+00 -4.1101e+00 -3.3860e+00 +1.6339e+00 +4.0174e+00 +3.9871e+00 +2.3266e+00 +3.6493e+00 -3.0342e+00 -2.5319e+00
501 0 +1.939856881e+00 -3.452014312e+01 -3.452014312e+01 +1.5603e+00 -2.8851e+00 -2.2319e+00 +5.4679e-01 +3.7897e+00 +3.0971e+00 +1.8782e+00 +3.7875e+00 -4.0018e+00 -3.6906e+00
651 0 +1.050155191e+00 -3.540984481e+01 -3.540984481e+01 +2.1573e+00 -2.9206e+00 -2.4749e+00 +5.9903e-01 +3.7091e+00 +3.5514e+00 +2.0661e+00 +3.3793e+00 -3.8427e+00 -3.9010e+00
855 0 +9.120390236e-01 -3.554796098e+01 -3.554796098e+01 +2.1019e+00 -2.6942e+00 -2.3753e+00 +3.4991e-01 +4.1730e+00 +3.3563e+00 +1.6116e+00 +3.2760e+00 -4.1225e+00 -4.0038e+00
920 0 +7.646718830e-01 -3.569532812e+01 -3.569532812e+01 +2.1080e+00 -3.0813e+00 -2.2587e+00 +7.8309e-01 +4.0168e+00 +4.0903e+00 +2.1129e+00 +3.1404e+00 -3.6703e+00 -3.2854e+00
1051 0 +7.546148972e-01 -3.570538510e+01 -3.570538510e+01 +2.2827e+00 -3.2162e+00 -2.2689e+00 +9.6062e-01 +4.2020e+00 +3.6875e+00 +2.3681e+00 +3.4454e+00 -4.0179e+00 -3.8533e+00
1052 0 +6.522777138e-01 -3.580772229e+01 -3.580772229e+01 +2.3267e+00 -2.8329e+00 -2.2319e+00 +9.5591e-01 +3.7624e+00 +3.5513e+00 +2.1897e+00 +3.2446e+00 -3.5769e+00 -3.6329e+00
1056 0 +6.341152345e-01 -3.582588477e+01 -3.582588477e+01 +2.2715e+00 -2.6935e+00 -2.4607e+00 +4.6293e-01 +4.0641e+00 +3.6822e+00 +1.7765e+00 +3.2329e+00 -4.0600e+00 -3.9358e+00
1101 0 +5.835306398e-01 -3.587646936e+01 -3.587646936e+01 +2.1670e+00 -2.7703e+00 -1.8947e+00 +7.8048e-01 +3.8484e+00 +3.4554e+00 +1.9723e+00 +2.9247e+00 -3.7907e+00 -3.6628e+00
1211 0 +4.799828929e-01 -3.598001711e+01 -3.598001711e+01 +2.0615e+00 -2.8861e+00 -2.1648e+00 +7.9023e-01 +4.0001e+00 +3.4696e+00 +2.4092e+00 +3.1291e+00 -3.9325e+00 -3.8341e+00
1235 0 +4.280811482e-01 -3.603191885e+01 -3.603191885e+01 +1.9891e+00 -2.8839e+00 -2.2400e+00 +9.5070e-01 +3.9442e+00 +3.6487e+00 +1.8660e+00 +3.2936e+00 -3.5949e+00 -3.9218e+00
1264 0 +3.702061259e-01 -3.608979387e+01 -3.608979387e+01 +2.1253e+00 -2.7977e+00 -2.1177e+00 +9.1552e-01 +3.9668e+00 +3.8330e+00 +2.0832e+00 +3.2355e+00 -4.1286e+00 -3.7942e+00
1310 0 +3.285797509e-01 -3.613142025e+01 -3.613142025e+01 +2.0205e+00 -2.7688e+00 -2.3427e+00 +9.6800e-01 +3.8719e+00 +3.8011e+00 +2.0128e+00 +3.3651e+00 -3.8082e+00 -3.4711e+00
1313 0 +2.495909918e-01 -3.621040901e+01 -3.621040901e+01 +2.0244e+00 -2.9028e+00 -2.1590e+00 +1.0160e+00 +4.0326e+00 +3.6442e+00 +2.2766e+00 +3.4028e+00 -3.8222e+00 -3.4626e+00
1543 0 +1.865184610e-01 -3.627348154e+01 -3.627348154e+01 +2.1326e+00 -2.8422e+00 -2.0961e+00 +8.4904e-01 +3.9982e+00 +3.6086e+00 +2.1257e+00 +3.2910e+00 -3.7392e+00 -3.5973e+00
1574 0 +1.546419104e-01 -3.630535809e+01 -3.630535809e+01 +2.0584e+00 -2.7867e+00 -2.2147e+00 +8.5879e-01 +3.9974e+00 +3.6533e+00 +2.1930e+00 +3.2083e+00 -3.8540e+00 -3.6450e+00
1615 0 +1.375975797e-01 -3.632240242e+01 -3.632240242e+01 +2.1200e+00 -2.8427e+00 -2.1810e+00 +9.2773e-01 +3.9705e+00 +3.6826e+00 +2.1184e+00 +3.2072e+00 -3.9151e+00 -3.6675e+00
1651 0 +1.279307808e-01 -3.633206922e+01 -3.633206922e+01 +2.2346e+00 -2.8846e+00 -2.1491e+00 +8.9041e-01 +3.9804e+00 +3.6716e+00 +2.2542e+00 +3.2501e+00 -4.0245e+00 -3.7113e+00
% f evaluations | g evaluations | best noise-free fitness - Fopt (3.920000000000e+01) + sum g_i+ | measured fitness | best measured fitness or single-digit g-values | x1 | x2...
1 0 +2.081866044e+01 +6.001866044e+01 +6.001866044e+01 +5.9671e-01 -3.8264e-02 +7.4769e-01 +1.6230e+00 -1.3415e-01 -1.3414e-01 +1.6792e+00 +8.6743e-01 -3.6947e-01 +6.4256e-01
4 0 +1.860684948e+01 +5.780684948e+01 +5.780684948e+01 -5.0171e-01 +1.9523e+00 +8.6503e-02 -9.5771e-01 +9.2254e-01 -1.1208e+00 +3.0886e-01 -1.8597e+00 -1.2282e+00 +2.9686e-01
5 0 +1.367262055e+01 +5.287262055e+01 +5.287262055e+01 +8.3847e-01 +2.7137e-01 -1.5648e-02 -2.0110e-01 -1.3785e+00 -6.1984e-01 -3.6064e-01 +1.1571e+00 +4.4362e-01 -1.6630e+00
8 0 +1.343795310e+01 +5.263795310e+01 +5.263795310e+01 +4.6140e-01 +1.6380e+00 +6.4174e-02 +1.6646e+00 -2.5197e+00 +9.2190e-01 +1.8705e-01 -1.9901e-01 +1.9176e-01 -1.8876e+00
31 0 +1.242979035e+01 +5.162979035e+01 +5.162979035e+01 -7.2900e-01 -4.6018e-01 +8.4729e-01 +7.1037e-01 +7.9098e-02 +2.1733e-01 +1.3777e+00 -4.9157e-01 +6.4710e-01 -1.0219e-01
38 0 +7.981194331e+00 +4.718119433e+01 +4.718119433e+01 +1.2451e-01 +5.9800e-01 +1.5511e+00 +1.0593e+00 +2.2532e+00 -6.6735e-01 +9.7232e-01 +2.8334e-01 +2.2898e+00 -7.0830e-01
151 0 +6.548908418e+00 +4.574890842e+01 +4.574890842e+01 +2.5896e+00 +4.1843e+00 +1.4901e+00 +2.6237e+00 +4.0283e+00 +1.3930e+00 +5.2448e-02 -1.0614e+00 -1.8335e+00 -6.9858e-01
159 0 +4.537775358e+00 +4.373777536e+01 +4.373777536e+01 +2.1816e+00 +1.2695e+00 +1.0523e+00 +3.1953e+00 +9.7613e-01 +1.4728e+00 +3.3162e+00 -2.4709e+00 -1.7713e-01 -4.3845e+00
253 0 +4.391974794e+00 +4.359197479e+01 +4.359197479e+01 +2.5586e+00 +2.2474e+00 +2.8557e+00 +2.4841e+00 +2.4711e+00 +3.7328e-01 +1.3784e+00 -1.6566e+00 +1.9902e-01 -8.8976e-01
305 0 +4.144811617e+00 +4.334481162e+01 +4.334481162e+01 +3.8045e+00 +2.0958e+00 +3.8134e+00 +3.1741e+00 +1.8234e+00 +1.2858e-01 +3.3860e+00 -4.5186e+00 +7.7187e-01 -1.6097e+00
314 0 +3.571420725e+00 +4.277142072e+01 +4.277142072e+01 +3.7789e+00 +5.2798e-01 +2.9658e-01 +1.7129e+00 +3.3105e+00 +1.2008e+00 +3.1115e+00 -2.5524e+00 -2.1530e+00 -2.7781e+00
451 0 +2.763791514e+00 +4.196379151e+01 +4.196379151e+01 +2.8125e+00 +1.5826e+00 +9.6812e-01 +4.5038e+00 +1.5831e+00 +1.3874e+00 +1.2705e+00 -3.4248e+00 +2.6888e-01 -2.6715e+00
501 0 +2.760779552e+00 +4.196077955e+01 +4.196077955e+01 +4.3269e+00 +1.3420e+00 +1.2370e+00 +2.4897e+00 +8.2418e-01 +4.6981e-01 +2.0285e+00 -2.6946e+00 -3.5953e-02 -3.4542e+00
511 0 +2.597015911e+00 +4.179701591e+01 +4.179701591e+01 +3.5747e+00 +5.4003e-01 +7.0447e-01 +3.9312e+00 +2.9152e+00 +1.1611e+00 +3.2768e+00 -2.2349e+00 +6.9754e-01 -2.8517e+00
555 0 +2.571943114e+00 +4.177194311e+01 +4.177194311e+01 +4.1186e+00 +6.8261e-01 +2.2827e+00 +3.6636e+00 +1.4860e+00 -4.8380e-02 +1.9825e+00 -3.1180e+00 -4.8823e-01 -3.5064e+00
565 0 +2.018662616e+00 +4.121866262e+01 +4.121866262e+01 +3.4351e+00 +7.3157e-01 +1.5039e+00 +2.6590e+00 +2.5857e+00 +8.7735e-01 +3.2831e+00 -2.6706e+00 -8.1719e-01 -3.0364e+00
606 0 +1.392247290e+00 +4.059224729e+01 +4.059224729e+01 +3.9263e+00 +1.7169e+00 +2.0221e+00 +3.6186e+00 +2.6157e+00 +1.1659e+00 +2.5915e+00 -2.3777e+00 +1.0524e+00 -3.5622e+00
777 0 +1.107778061e+00 +4.030777806e+01 +4.030777806e+01 +4.0066e+00 +2.0363e+00 +2.0077e+00 +3.0586e+00 +2.7502e+00 +4.7097e-01 +9.6787e-01 -2.6462e+00 +8.8340e-01 -3.5360e+00
808 0 +1.005254558e+00 +4.020525456e+01 +4.020525456e+01 +3.8041e+00 +1.8152e+00 +2.3589e+00 +3.0506e+00 +2.3635e+00 +1.4351e+00 +2.3556e+00 -2.8958e+00 +4.3904e-01 -3.1262e+00
821 0 +9.790738245e-01 +4.017907382e+01 +4.017907382e+01 +3.2849e+00 +1.6780e+00 +2.3887e+00 +3.6921e+00 +2.2009e+00 +7.0860e-01 +1.6355e+00 -3.1218e+00 +8.4424e-01 -3.2112e+00
853 0 +9.753157345e-01 +4.017531573e+01 +4.017531573e+01 +3.5471e+00 +1.7159e+00 +1.8304e+00 +3.2665e+00 +2.2252e+00 +7.2294e-01 +1.6307e+00 -3.0969e+00 +6.7916e-01 -3.2148e+00
951 0 +8.100128886e-01 +4.001001289e+01 +4.001001289e+01 +3.6257e+00 +1.6568e+00 +2.4252e+00 +3.2715e+00 +2.4136e+00 +6.9653e-01 +1.1349e+00 -2.5562e+00 +7.1810e-01 -3.4151e+00
1020 0 +7.728947231e-01 +3.997289472e+01 +3.997289472e+01 +3.1986e+00 +1.7224e+00 +2.5129e+00 +2.9727e+00 +2.3640e+00 +7.3157e-01 +1.9188e+00 -2.8637e+00 +6.7141e-01 -3.5707e+00
1051 0 +7.094568149e-01 +3.990945681e+01 +3.990945681e+01 +3.4035e+00 +1.6475e+00 +2.3392e+00 +2.9652e+00 +2.2102e+00 +5.4661e-01 +2.0735e+00 -2.7005e+00 +4.6602e-01 -3.2635e+00
1053 0 +4.862333330e-01 +3.968623333e+01 +3.968623333e+01 +3.8073e+00 +1.5616e+00 +2.4996e+00 +2.8206e+00 +2.3015e+00 +7.4896e-01 +1.9052e+00 -2.9043e+00 +4.0496e-01 -3.1940e+00
1255 0 +4.831740162e-01 +3.968317402e+01 +3.968317402e+01 +3.7479e+00 +1.6797e+00 +2.5038e+00 +3.2438e+00 +2.4622e+00 +3.4269e-01 +1.9994e+00 -2.7066e+00 +5.5742e-01 -3.4713e+00
1264 0 +3.423147797e-01 +3.954231478e+01 +3.954231478e+01 +3.6163e+00 +1.4391e+00 +2.5790e+00 +3.3305e+00 +2.1008e+00 +7.4847e-01 +1.8192e+00 -2.9823e+00 +5.3369e-01 -3.2092e+00
1307 0 +3.251092499e-01 +3.952510925e+01 +3.952510925e+01 +3.5010e+00 +1.6716e+00 +2.3196e+00 +3.1435e+00 +2.0613e+00 +7.0732e-01 +1.9185e+00 -3.0226e+00 +6.4917e-01 -3.3294e+00
1402 0 +2.798631720e-01 +3.947986317e+01 +3.947986317e+01 +3.6221e+00 +1.5618e+00 +2.5840e+00 +3.1519e+00 +2.2750e+00 +5.4164e-01 +2.0171e+00 -2.9204e+00 +4.3382e-01 -3.2273e+00
1405 0 +2.360870205e-01 +3.943608702e+01 +3.943608702e+01 +3.5811e+00 +1.6213e+00 +2.4325e+00 +3.1726e+00 +2.3613e+00 +5.5650e-01 +1.8596e+00 -2.7732e+00 +4.9199e-01 -3.3927e+00
1416 0 +2.232915104e-01 +3.942329151e+01 +3.942329151e+01 +3.6634e+00 +1.6516e+00 +2.5755e+00 +3.2787e+00 +2.2732e+00 +5.2278e-01 +2.0229e+00 -2.7212e+00 +4.9228e-01 -3.2569e+00
1501 0 +2.163203171e-01 +3.941632032e+01 +3.941632032e+01 +3.7084e+00 +1.6187e+00 +2.3890e+00 +3.2479e+00 +2.1402e+00 +5.1056e-01 +2.0485e+00 -2.8703e+00 +5.4507e-01 -3.3801e+00
1517 0 +2.146851500e-01 +3.941468515e+01 +3.941468515e+01 +3.6602e+00 +1.6657e+00 +2.5280e+00 +3.2147e+00 +2.1719e+00 +4.1405e-01 +1.9728e+00 -2.9575e+00 +5.0661e-01 -3.3748e+00
1524 0 +2.143958310e-01 +3.941439583e+01 +3.941439583e+01 +3.6996e+00 +1.7314e+00 +2.3573e+00 +3.2579e+00 +2.3108e+00 +5.2533e-01 +2.0527e+00 -2.8624e+00 +4.8222e-01 -3.4633e+00
1539 0 +1.832439559e-01 +3.938324396e+01 +3.938324396e+01 +3.6600e+00 +1.7653e+00 +2.5255e+00 +3.3563e+00 +2.1706e+00 +5.2104e-01 +1.9434e+00 -2.7824e+00 +6.5603e-01 -3.3394e+00
1613 0 +1.675341225e-01 +3.936753412e+01 +3.936753412e+01 +3.7510e+00 +1.6043e+00 +2.3951e+00 +3.2227e+00 +2.2386e+00 +4.6529e-01 +1.9875e+00 -2.8111e+00 +5.8251e-01 -3.3720e+00
1614 0 +1.311144371e-01 +3.933111444e+01 +3.933111444e+01 +3.7455e+00 +1.6658e+00 +2.5465e+00 +3.2004e+00 +2.1749e+00 +4.6876e-01 +2.0131e+00 -2.8195e+00 +5.4498e-01 -3.3568e+00
1716 0 +1.028961467e-01 +3.930289615e+01 +3.930289615e+01 +3.7213e+00 +1.6682e+00 +2.4429e+00 +3.2649e+00 +2.2187e+00 +5.5216e-01 +2.0387e+00 -2.8019e+00 +5.1433e-01 -3.3545e+00
% f evaluations | g evaluations | best noise-free fitness - Fopt (-3.225000000000e+01) + sum g_i+ | measured fitness | best measured fitness or single-digit g-values | x1 | x2...
1 0 +1.103740088e+02 +7.812400884e+01 +7.812400884e+01 +5.9671e-01 -3.8264e-02 +7.4769e-01 +1.6230e+00 -1.3415e-01 -1.3414e-01 +1.6792e+00 +8.6743e-01 -3.6947e-01 +6.4256e-01
2 0 +5.203201018e+01 +1.978201018e+01 +1.978201018e+01 -3.6342e-01 -3.6573e-01 +3.4196e-01 -1.8133e+00 -1.6249e+00 -4.6229e-01 -9.1283e-01 +4.1425e-01 -8.0802e-01 -1.3123e+00
3 0 +4.256385727e+01 +1.031385727e+01 +1.031385727e+01 +1.5656e+00 -1.2578e-01 +1.6753e-01 -1.3247e+00 -4.4438e-01 +2.1092e-01 -1.0510e+00 +4.7570e-01 -5.0064e-01 -1.9169e-01
4 0 +2.972142518e+01 -2.528574820e+00 -2.528574820e+00 -5.0171e-01 +1.9523e+00 +8.6503e-02 -9.5771e-01 +9.2254e-01 -1.1208e+00 +3.0886e-01 -1.8597e+00 -1.2282e+00 +2.9686e-01
24 0 +1.920799982e+01 -1.304200018e+01 -1.304200018e+01 -6.3037e-01 +3.1646e-01 +1.4557e-01 -5.5160e-01 +2.2439e+00 +7.3392e-01 -1.9251e+00 +2.8645e-01 -5.6179e-01 +9.5243e-01
29 0 +1.920123176e+01 -1.304876824e+01 -1.304876824e+01 +2.1352e-01 +7.6213e-01 +1.6860e+00 -1.1378e+00 +2.2330e+00 -1.8521e+00 -5.1785e-02 +6.8832e-01 +3.8099e-01 -5.2270e-01
51 0 +1.264232020e+01 -1.960767980e+01 -1.960767980e+01 +1.3666e+00 +2.0357e+00 +1.2711e+00 -1.1964e+00 +2.1702e+00 -2.4043e+00 -8.3675e-01 +1.2366e+00 -3.4619e-01 +1.7590e+00
101 0 +1.111489462e+01 -2.113510538e+01 -2.113510538e+01 +1.8024e+00 +3.3626e-01 +1.9528e+00 -3.3886e+00 +3.3500e+00 -3.0198e+00 -4.1672e+00 +9.8779e-01 -2.3882e+00 +1.4841e+00
103 0 +9.203719487e+00 -2.304628051e+01 -2.304628051e+01 +2.4217e+00 -2.6881e+00 -2.6635e+00 -3.4317e+00 +1.2365e+00 -2.8858e+00 +2.3053e-01 -9.6607e-01 +2.1126e-01 +6.9389e-01
153 0 +8.110796700e+00 -2.413920330e+01 -2.413920330e+01 +4.2611e+00 +3.4079e-01 -1.4361e+00 -1.5771e+00 +3.8124e+00 -4.3355e+00 -6.2086e-01 -1.6347e+00 +2.6945e-01 +3.9416e+00
160 0 +5.202670232e+00 -2.704732977e+01 -2.704732977e+01 +3.8142e+00 +5.5847e-01 +2.0952e-02 -3.0128e+00 +3.6226e+00 -2.2457e+00 -1.9399e+00 +2.5208e+00 +6.4580e-01 +1.9470e+00
165 0 +4.251926149e+00 -2.799807385e+01 -2.799807385e+01 +2.6386e+00 -8.3774e-01 -1.3610e+00 -1.5144e+00 +3.2767e+00 -2.6237e+00 +9.7599e-01 +3.2244e+00 +1.7052e+00 +3.1954e+00
359 0 +4.209318009e+00 -2.804068199e+01 -2.804068199e+01 +3.5387e+00 +7.0830e-01 +6.1644e-01 -2.6408e+00 +3.3024e+00 -2.3005e+00 -8.7720e-02 +1.4228e+00 +1.9890e+00 +2.0282e+00
403 0 +3.866111805e+00 -2.838388820e+01 -2.838388820e+01 +4.2562e+00 +4.4009e-01 -8.2522e-01 -2.4641e+00 +2.4053e+00 -2.6353e+00 -2.8274e-01 +2.5699e+00 +2.6495e+00 +1.8952e+00
411 0 +3.091335833e+00 -2.915866417e+01 -2.915866417e+01 +2.9088e+00 +4.8411e-01 -9.3183e-01 -2.5223e+00 +3.1531e+00 -1.3182e+00 +3.2861e-01 +1.8703e+00 +4.5839e+00 +3.1704e+00
415 0 +2.933185403e+00 -2.931681460e+01 -2.931681460e+01 +3.8151e+00 +1.1821e+00 -2.7132e+00 -3.7475e+00 +3.3653e+00 -2.4894e+00 -7.2658e-01 +3.1917e+00 +4.0465e+00 +3.2283e+00
439 0 +2.725650556e+00 -2.952434944e+01 -2.952434944e+01 +1.6903e+00 +1.1481e+00 -1.2058e+00 -4.7410e+00 +3.3360e+00 -1.8093e+00 -5.8987e-01 +1.5808e+00 +3.2365e+00 +4.4656e+00
601 0 +2.441288333e+00 -2.980871167e+01 -2.980871167e+01 +3.4102e+00 +1.5041e+00 -1.6082e-01 -1.7158e+00 +3.2148e+00 -2.6943e+00 -2.3584e-01 +2.4196e+00 +4.5400e+00 +3.5585e+00
659 0 +2.358077254e+00 -2.989192275e+01 -2.989192275e+01 +3.0673e+00 +2.2264e+00 +3.2874e-02 -3.4354e+00 +3.6955e+00 -2.7164e+00 +1.0924e+00 +2.2319e+00 +3.1788e+00 +4.1830e+00
665 0 +1.951729825e+00 -3.029827018e+01 -3.029827018e+01 +3.7182e+00 +2.2472e+00 -5.4898e-01 -1.9686e+00 +3.9388e+00 -3.3700e+00 -3.3721e-01 +2.1612e+00 +3.5039e+00 +3.0824e+00
671 0 +1.413871560e+00 -3.083612844e+01 -3.083612844e+01 +4.1982e+00 +1.6391e+00 -9.7722e-01 -3.4880e+00 +3.4715e+00 -3.4001e+00 +3.7791e-01 +2.4716e+00 +3.5966e+00 +3.1923e+00
709 0 +1.399292400e+00 -3.085070760e+01 -3.085070760e+01 +2.6898e+00 +1.6274e+00 -5.2947e-01 -2.5367e+00 +3.1739e+00 -3.5646e+00 -8.6077e-02 +2.7593e+00 +3.6251e+00 +2.9051e+00
807 0 +1.022241858e+00 -3.122775814e+01 -3.122775814e+01 +3.0483e+00 +5.0424e-01 -7.6474e-01 -2.8204e+00 +3.0744e+00 -2.8184e+00 +5.4942e-01 +2.4956e+00 +3.4818e+00 +2.6975e+00
958 0 +7.685026705e-01 -3.148149733e+01 -3.148149733e+01 +3.3619e+00 +1.0211e+00 -1.1366e+00 -2.9669e+00 +3.4023e+00 -3.3531e+00 +4.2469e-01 +2.5050e+00 +4.0729e+00 +3.0517e+00
1017 0 +4.781757973e-01 -3.177182420e+01 -3.177182420e+01 +3.4273e+00 +1.3320e+00 -1.2514e+00 -3.0020e+00 +3.1332e+00 -3.8599e+00 +6.0579e-02 +2.7941e+00 +4.0342e+00 +2.9659e+00
1101 0 +4.253422464e-01 -3.182465775e+01 -3.182465775e+01 +3.4170e+00 +1.1309e+00 -1.1067e+00 -2.8469e+00 +3.5365e+00 -3.8245e+00 +1.8631e-01 +2.7162e+00 +3.7949e+00 +2.9717e+00
1161 0 +4.187219802e-01 -3.183127802e+01 -3.183127802e+01 +3.5880e+00 +1.1955e+00 -7.5979e-01 -2.6471e+00 +3.3687e+00 -3.3956e+00 +1.1638e-01 +2.5369e+00 +4.1389e+00 +3.0033e+00
1204 0 +4.032810430e-01 -3.184671896e+01 -3.184671896e+01 +3.7644e+00 +9.7389e-01 -9.9958e-01 -2.8456e+00 +3.2179e+00 -3.7944e+00 +1.8954e-01 +2.5968e+00 +3.9551e+00 +3.0238e+00
1218 0 +3.484251025e-01 -3.190157490e+01 -3.190157490e+01 +3.5097e+00 +1.0872e+00 -8.4179e-01 -2.8152e+00 +3.1540e+00 -3.6244e+00 +3.2631e-01 +2.5314e+00 +3.7606e+00 +3.2262e+00
1267 0 +2.755289553e-01 -3.197447104e+01 -3.197447104e+01 +3.6690e+00 +8.9132e-01 -8.5707e-01 -2.6403e+00 +3.1911e+00 -3.3150e+00 +1.4679e-01 +2.5645e+00 +3.9316e+00 +3.0378e+00
1362 0 +2.711537143e-01 -3.197884629e+01 -3.197884629e+01 +3.5396e+00 +1.1099e+00 -8.3388e-01 -2.7770e+00 +3.3751e+00 -3.5569e+00 +1.3910e-01 +2.7651e+00 +3.9744e+00 +3.1264e+00
1404 0 +2.056554398e-01 -3.204434456e+01 -3.204434456e+01 +3.6413e+00 +1.0657e+00 -8.6650e-01 -2.8325e+00 +3.2192e+00 -3.6835e+00 +8.1404e-02 +2.6929e+00 +3.8684e+00 +3.1886e+00
1502 0 +2.025956579e-01 -3.204740434e+01 -3.204740434e+01 +3.5536e+00 +1.2156e+00 -9.1180e-01 -2.8303e+00 +3.3174e+00 -3.6213e+00 +1.3422e-01 +2.6241e+00 +3.7561e+00 +3.0821e+00
1657 0 +1.851406907e-01 -3.206485931e+01 -3.206485931e+01 +3.6416e+00 +1.1257e+00 -8.7874e-01 -2.8282e+00 +3.2693e+00 -3.6060e+00 +4.9390e-02 +2.4549e+00 +3.8400e+00 +3.0651e+00
1658 0 +1.162359326e-01 -3.213376407e+01 -3.213376407e+01 +3.5756e+00 +1.1331e+00 -9.7460e-01 -2.7732e+00 +3.2782e+00 -3.6886e+00 +6.3574e-02 +2.6501e+00 +3.8473e+00 +3.0665e+00
% f evaluations | g evaluations | best noise-free fitness - Fopt (3.681200000000e+02) + sum g_i+ | measured fitness | best measured fitness or single-digit g-values | x1 | x2...
1 0 +1.732075417e+01 +3.854407542e+02 +3.854407542e+02 +5.9671e-01 -3.8264e-02 +7.4769e-01 +1.6230e+00 -1.3415e-01 -1.3414e-01 +1.6792e+00 +8.6743e-01 -3.6947e-01 +6.4256e-01
2 0 +1.178919164e+01 +3.799091916e+02 +3.799091916e+02 -3.6342e-01 -3.6573e-01 +3.4196e-01 -1.8133e+00 -1.6249e+00 -4.6229e-01 -9.1283e-01 +4.1425e-01 -8.0802e-01 -1.3123e+00
4 0 +9.863718409e+00 +3.779837184e+02 +3.779837184e+02 -5.0171e-01 +1.9523e+00 +8.6503e-02 -9.5771e-01 +9.2254e-01 -1.1208e+00 +3.0886e-01 -1.8597e+00 -1.2282e+00 +2.9686e-01
54 0 +7.801624531e+00 +3.759216245e+02 +3.759216245e+02 -2.0074e+00 -1.2409e+00 -1.3991e+00 -9.3395e-01 -4.7573e-01 -1.5353e+00 +1.9271e-01 -1.8172e+00 -1.6804e+00 -8.6702e-02
80 0 +6.894052153e+00 +3.750140522e+02 +3.750140522e+02 -3.3915e+00 +4.2731e-01 +8.1879e-01 -1.8355e+00 +6.1910e-01 -1.9884e+00 -9.7464e-01 -4.5578e-01 -1.9849e+00 +4.4880e-03
127 0 +6.855593969e+00 +3.749755940e+02 +3.749755940e+02 -2.6095e+00 +4.9395e-01 -6.9059e-01 -1.3042e+00 +2.2738e+00 -8.5497e-01 -5.4476e-01 -1.2172e+00 -4.8575e-01 +5.2082e-01
155 0 +6.802448415e+00 +3.749224484e+02 +3.749224484e+02 -1.7252e+00 -1.0417e+00 -2.0493e+00 -2.7553e+00 -1.7750e-01 +7.4255e-01 -1.6724e+00 -2.5933e+00 -2.8516e+00 -9.7537e-01
190 0 +5.976353823e+00 +3.740963538e+02 +3.740963538e+02 -1.9568e+00 -2.9222e-01 +6.4405e-01 -2.9707e+00 -4.9456e-01 -2.9966e+00 -1.9083e+00 -1.3179e+00 -2.8532e+00 +8.3723e-01
212 0 +4.430998904e+00 +3.725509989e+02 +3.725509989e+02 -2.0290e+00 -7.5934e-01 -6.1452e-01 -3.8569e+00 -3.4809e+00 -2.4082e+00 +1.3544e+00 -2.9471e+00 -3.3373e+00 +9.3832e-01
222 0 +3.592900196e+00 +3.717129002e+02 +3.717129002e+02 -2.2366e+00 -8.6217e-01 +1.4257e-01 -2.2082e+00 +1.2882e-02 -3.2706e-01 -1.7727e+00 -3.8513e+00 -2.4885e+00 +1.9577e-01
387 0 +3.079275022e+00 +3.711992750e+02 +3.711992750e+02 -1.7801e+00 -1.2805e+00 +2.2713e-01 -2.7215e+00 +4.2565e-01 -1.7735e+00 -2.2463e+00 -4.0451e+00 +2.9437e-01 -1.8864e-01
463 0 +3.010127717e+00 +3.711301277e+02 +3.711301277e+02 -4.0195e+00 -2.3818e+00 -1.5050e-01 -2.1357e+00 -1.0414e+00 -2.3991e+00 -4.2379e+00 -3.2537e+00 -1.6589e+00 +4.1176e-01
561 0 +2.643484371e+00 +3.707634844e+02 +3.707634844e+02 -1.6563e+00 -6.0225e-01 -1.4655e-02 -1.8242e+00 -8.2746e-01 -2.0700e+00 -3.2583e+00 -3.5011e+00 -2.7560e+00 -6.7204e-01
608 0 +2.484552984e+00 +3.706045530e+02 +3.706045530e+02 -9.3641e-01 -1.0093e+00 +1.1482e+00 -2.5257e+00 -1.7837e+00 -2.7229e+00 -2.2431e+00 -4.3705e+00 -4.5491e+00 -8.3454e-01
664 0 +1.819799800e+00 +3.699397998e+02 +3.699397998e+02 -2.4667e+00 -1.4648e+00 +4.4973e-01 -2.5066e+00 -1.3047e+00 -1.9109e+00 -2.5098e+00 -3.6429e+00 -1.7651e+00 +1.6203e-01
696 0 +1.546749437e+00 +3.696667494e+02 +3.696667494e+02 -1.9976e+00 -8.6912e-01 +4.4172e-01 -2.7638e+00 -1.0837e+00 -2.6557e+00 -2.4110e+00 -3.4865e+00 -1.6821e+00 -1.3872e+00
874 0 +1.035536084e+00 +3.691555361e+02 +3.691555361e+02 -2.7779e+00 -1.0761e+00 +1.0720e+00 -1.8250e+00 -4.6556e-01 -1.9532e+00 -2.2370e+00 -3.6507e+00 -1.8915e+00 -7.9744e-01
942 0 +9.346788789e-01 +3.690546789e+02 +3.690546789e+02 -2.4958e+00 -1.2570e+00 +5.0141e-01 -3.0843e+00 -7.0463e-01 -2.1010e+00 -2.8273e+00 -3.3968e+00 -1.8298e+00 -3.9435e-01
1046 0 +6.323669191e-01 +3.687523669e+02 +3.687523669e+02 -2.4806e+00 -1.1758e+00 +6.6898e-01 -2.3234e+00 -4.0971e-01 -2.0609e+00 -2.5727e+00 -3.6605e+00 -2.1125e+00 -8.3939e-01
1153 0 +4.329824155e-01 +3.685529824e+02 +3.685529824e+02 -2.2751e+00 -9.2749e-01 +7.6471e-01 -2.0578e+00 -6.6350e-01 -2.2390e+00 -2.3205e+00 -3.9726e+00 -2.2994e+00 -1.1667e+00
1334 0 +4.069451224e-01 +3.685269451e+02 +3.685269451e+02 -2.3700e+00 -9.6707e-01 +8.6946e-01 -2.2662e+00 -5.8083e-01 -2.0745e+00 -2.4196e+00 -3.9783e+00 -2.2763e+00 -9.9775e-01
1343 0 +3.907117223e-01 +3.685107117e+02 +3.685107117e+02 -2.4063e+00 -1.2317e+00 +9.7074e-01 -2.2427e+00 -9.3856e-01 -2.3428e+00 -2.2086e+00 -4.0400e+00 -2.3434e+00 -9.1423e-01
1414 0 +3.219480080e-01 +3.684419480e+02 +3.684419480e+02 -2.2113e+00 -7.8474e-01 +7.9057e-01 -2.2491e+00 -5.0178e-01 -2.0086e+00 -2.2603e+00 -3.9577e+00 -2.0179e+00 -9.7472e-01
1588 0 +3.177762372e-01 +3.684377762e+02 +3.684377762e+02 -2.3952e+00 -1.0899e+00 +6.5980e-01 -2.3968e+00 -5.9849e-01 -2.1761e+00 -2.2444e+00 -3.9755e+00 -2.1791e+00 -6.6711e-01
1616 0 +2.520268797e-01 +3.683720269e+02 +3.683720269e+02 -2.2915e+00 -1.0192e+00 +8.2256e-01 -2.3807e+00 -6.4417e-01 -2.1169e+00 -2.2197e+00 -3.8871e+00 -2.2182e+00 -9.6750e-01
1645 0 +2.081510443e-01 +3.683281510e+02 +3.683281510e+02 -2.3485e+00 -1.1189e+00 +6.5777e-01 -2.3976e+00 -6.3539e-01 -2.1304e+00 -2.4052e+00 -3.9696e+00 -2.3331e+00 -9.1625e-01
1764 0 +1.772275054e-01 +3.682972275e+02 +3.682972275e+02 -2.3927e+00 -1.1573e+00 +7.8991e-01 -2.2578e+00 -8.3313e-01 -2.2299e+00 -2.3772e+00 -3.8281e+00 -2.2423e+00 -9.7889e-01
1841 0 +1.471815147e-01 +3.682671815e+02 +3.682671815e+02 -2.3845e+00 -1.0883e+00 +7.9678e-01 -2.2269e+00 -7.5591e-01 -2.1425e+00 -2.2661e+00 -3.9510e+00 -2.2814e+00 -9.5411e-01
1982 0 +1.306408885e-01 +3.682506409e+02 +3.682506409e+02 -2.4036e+00 -1.2099e+00 +7.2722e-01 -2.3319e+00 -7.0387e-01 -2.1306e+00 -2.3625e+00 -3.9250e+00 -2.3440e+00 -8.9819e-01
