% f evaluations | g evaluations | best noise-free fitness - Fopt (2.997000000000e+01) + sum g_i+ | measured fitness | best measured fitness or single-digit g-values | x1 | x2...
1 0 +1.462433005e+03 +1.492403005e+03 +1.492403005e+03 +5.9671e-01 -3.8264e-02 +7.4769e-01 +1.6230e+00 -1.3415e-01
2 0 +1.061073956e+03 +1.091043956e+03 +1.091043956e+03 -1.3414e-01 +1.6792e+00 +8.6743e-01 -3.6947e-01 +6.4256e-01
3 0 +9.472936951e+02 +9.772636951e+02 +9.772636951e+02 -3.6342e-01 -3.6573e-01 +3.4196e-01 -1.8133e+00 -1.6249e+00
5 0 +8.776131466e+02 +9.075831466e+02 +9.075831466e+02 +1.5656e+00 -1.2578e-01 +1.6753e-01 -1.3247e+00 -4.4438e-01
7 0 +8.010567977e+02 +8.310267977e+02 +8.310267977e+02 -5.0171e-01 +1.9523e+00 +8.6503e-02 -9.5771e-01 +9.2254e-01
8 0 +5.991701095e+02 +6.291401095e+02 +6.291401095e+02 -1.1208e+00 +3.0886e-01 -1.8597e+00 -1.2282e+00 +2.9686e-01
26 0 +3.347461501e+02 +3.647161501e+02 +3.647161501e+02 +3.4457e-02 -3.4902e-01 -2.0428e+00 -1.9223e+00 +1.5623e+00
64 0 +3.106535932e+02 +3.406235932e+02 +3.406235932e+02 -5.1548e-01 -1.8994e+00 -4.3507e+00 -2.5622e+00 +3.0588e+00
82 0 +2.934176504e+02 +3.233876504e+02 +3.233876504e+02 +9.9098e-01 -3.4533e+00 -3.2098e+00 -2.3717e+00 +2.8861e+00
90 0 +1.645703865e+02 +1.945403865e+02 +1.945403865e+02 +6.7008e-01 -1.8781e+00 -2.9963e+00 -2.2983e+00 +2.2064e+00
130 0 +1.373459659e+02 +1.673159659e+02 +1.673159659e+02 +7.2501e-01 -1.4587e+00 -3.4001e+00 -2.3248e+00 +1.9817e+00
258 0 +1.321674988e+02 +1.621374988e+02 +1.621374988e+02 +1.0434e+00 -1.4914e+00 -3.4792e+00 -1.9694e+00 +2.0497e+00
273 0 +5.088400743e+01 +8.085400743e+01 +8.085400743e+01 +1.2582e+00 -3.3137e+00 -3.9944e+00 -2.2000e+00 +2.2997e+00
281 0 +4.303741590e+01 +7.300741590e+01 +7.300741590e+01 +1.2054e+00 -2.3584e+00 -3.9920e+00 -1.8502e+00 +3.1024e+00
399 0 +4.248086169e+01 +7.245086169e+01 +7.245086169e+01 +1.1601e+00 -2.6567e+00 -3.8278e+00 -2.0777e+00 +2.9251e+00
403 0 +3.481615193e+01 +6.478615193e+01 +6.478615193e+01 +1.2310e+00 -2.3084e+00 -3.8669e+00 -1.9865e+00 +3.0822e+00
470 0 +2.941279086e+01 +5.938279086e+01 +5.938279086e+01 +9.8258e-01 -2.2376e+00 -3.7347e+00 -2.0059e+00 +2.7094e+00
475 0 +2.938754120e+01 +5.935754120e+01 +5.935754120e+01 +1.0169e+00 -1.9245e+00 -3.8056e+00 -1.8966e+00 +2.9881e+00
494 0 +2.721033690e+01 +5.718033690e+01 +5.718033690e+01 +1.0770e+00 -1.9948e+00 -3.8307e+00 -1.9167e+00 +3.0710e+00
517 0 +2.424391642e+01 +5.421391642e+01 +5.421391642e+01 +9.0796e-01 -1.8861e+00 -3.8127e+00 -1.9064e+00 +3.2076e+00
529 0 +2.309699174e+01 +5.306699174e+01 +5.306699174e+01 +9.4034e-01 -1.9761e+00 -3.7902e+00 -1.8645e+00 +3.1333e+00
530 0 +1.798950444e+01 +4.795950444e+01 +4.795950444e+01 +9.5060e-01 -1.8143e+00 -3.7218e+00 -1.8607e+00 +3.1231e+00
546 0 +1.436418233e+01 +4.433418233e+01 +4.433418233e+01 +1.1126e+00 -2.3715e+00 -3.8740e+00 -1.9478e+00 +2.9365e+00
591 0 +1.120207259e+01 +4.117207259e+01 +4.117207259e+01 +9.7753e-01 -2.1018e+00 -3.7436e+00 -1.9749e+00 +2.9837e+00
623 0 +8.506048427e+00 +3.847604843e+01 +3.847604843e+01 +9.6525e-01 -1.9834e+00 -3.7318e+00 -1.9414e+00 +3.0549e+00
630 0 +6.997006189e+00 +3.696700619e+01 +3.696700619e+01 +1.0503e+00 -2.0644e+00 -3.7554e+00 -1.9564e+00 +2.9723e+00
648 0 +4.747127457e+00 +3.471712746e+01 +3.471712746e+01 +9.0756e-01 -1.8476e+00 -3.6897e+00 -1.9655e+00 +3.0670e+00
689 0 +3.819156306e+00 +3.378915631e+01 +3.378915631e+01 +9.7218e-01 -1.9648e+00 -3.7324e+00 -1.9516e+00 +3.0046e+00
757 0 +2.952839012e+00 +3.292283901e+01 +3.292283901e+01 +9.0429e-01 -1.7778e+00 -3.6892e+00 -1.9408e+00 +3.1097e+00
760 0 +2.336157623e+00 +3.230615762e+01 +3.230615762e+01 +8.5659e-01 -1.6937e+00 -3.6565e+00 -1.9426e+00 +3.1191e+00
787 0 +9.856483599e-01 +3.095564836e+01 +3.095564836e+01 +9.2179e-01 -1.8300e+00 -3.6889e+00 -1.9570e+00 +3.0561e+00
902 0 +9.364931830e-01 +3.090649318e+01 +3.090649318e+01 +8.8653e-01 -1.7448e+00 -3.6744e+00 -1.9431e+00 +3.1008e+00
923 0 +4.321122293e-01 +3.040211223e+01 +3.040211223e+01 +9.1791e-01 -1.8145e+00 -3.6896e+00 -1.9508e+00 +3.0711e+00
1020 0 +3.893231867e-01 +3.035932319e+01 +3.035932319e+01 +8.8821e-01 -1.7403e+00 -3.6716e+00 -1.9441e+00 +3.0982e+00
1029 0 +2.946382443e-01 +3.026463824e+01 +3.026463824e+01 +8.8836e-01 -1.7448e+00 -3.6717e+00 -1.9456e+00 +3.0959e+00
1063 0 +2.940257645e-01 +3.026402576e+01 +3.026402576e+01 +8.8868e-01 -1.7433e+00 -3.6703e+00 -1.9446e+00 +3.0971e+00
1083 0 +2.716425416e-01 +3.024164254e+01 +3.024164254e+01 +9.0791e-01 -1.7918e+00 -3.6832e+00 -1.9500e+00 +3.0758e+00
1145 0 +1.808512623e-01 +3.015085126e+01 +3.015085126e+01 +8.8779e-01 -1.7389e+00 -3.6700e+00 -1.9439e+00 +3.0989e+00
1160 0 +1.506317538e-01 +3.012063175e+01 +3.012063175e+01 +8.7941e-01 -1.7182e+00 -3.6644e+00 -1.9432e+00 +3.1066e+00
1221 0 +1.449964591e-01 +3.011499646e+01 +3.011499646e+01 +9.0377e-01 -1.7794e+00 -3.6795e+00 -1.9483e+00 +3.0812e+00
1243 0 +1.310929078e-01 +3.010109291e+01 +3.010109291e+01 +8.9419e-01 -1.7563e+00 -3.6738e+00 -1.9468e+00 +3.0898e+00
1247 0 +1.106318018e-01 +3.008063180e+01 +3.008063180e+01 +8.8847e-01 -1.7405e+00 -3.6700e+00 -1.9453e+00 +3.0964e+00
% f evaluations | g evaluations | best noise-free fitness - Fopt (-5.171000000000e+01) + sum g_i+ | measured fitness | best measured fitness or single-digit g-values | x1 | x2...
1 0 +1.411116050e+03 +1.359406050e+03 +1.359406050e+03 +5.9671e-01 -3.8264e-02 +7.4769e-01 +1.6230e+00 -1.3415e-01
2 0 +1.255469916e+03 +1.203759916e+03 +1.203759916e+03 -1.3414e-01 +1.6792e+00 +8.6743e-01 -3.6947e-01 +6.4256e-01
5 0 +1.027844135e+03 +9.761341354e+02 +9.761341354e+02 +1.5656e+00 -1.2578e-01 +1.6753e-01 -1.3247e+00 -4.4438e-01
26 0 +7.931988649e+02 +7.414888649e+02 +7.414888649e+02 +1.2999e+00 +3.1029e+00 -7.5739e-01 -3.9736e-01 +3.9406e-01
27 0 +7.881169004e+02 +7.364069004e+02 +7.364069004e+02 +1.3696e+00 +1.3403e+00 -1.8073e+00 -9.0328e-01 -4.6785e-01
28 0 +7.697712967e+02 +7.180612967e+02 +7.180612967e+02 +8.7416e-01 +3.8211e+00 -9.4939e-01 -8.6666e-01 +1.2032e-01
51 0 +5.076282546e+02 +4.559182546e+02 +4.559182546e+02 +2.0227e+00 +3.5589e+00 -3.6154e+00 -2.0166e+00 -8.6473e-01
52 0 +4.050239039e+02 +3.533139039e+02 +3.533139039e+02 +2.2744e+00 +4.7698e+00 -2.9211e+00 -1.4244e+00 +1.8524e+00
53 0 +2.092755585e+02 +1.575655585e+02 +1.575655585e+02 +1.8734e+00 +2.6618e+00 -3.4921e+00 -2.6388e+00 +1.2948e+00
130 0 +6.245125563e+01 +1.074125563e+01 +1.074125563e+01 +2.8291e+00 +3.2281e+00 -3.5397e+00 -3.5399e+00 +1.0122e+00
358 0 +5.628076077e+01 +4.570760769e+00 +4.570760769e+00 +2.5354e+00 +3.3390e+00 -3.3241e+00 -3.9435e+00 +6.5601e-01
370 0 +3.735922677e+01 -1.435077323e+01 -1.435077323e+01 +3.2122e+00 +4.4799e+00 -2.6558e+00 -3.7053e+00 -2.3088e-01
414 0 +1.861500633e+01 -3.309499367e+01 -3.309499367e+01 +2.6210e+00 +3.4471e+00 -3.2534e+00 -3.6738e+00 +8.3394e-01
603 0 +1.007726412e+01 -4.163273588e+01 -4.163273588e+01 +2.5563e+00 +3.0585e+00 -3.3883e+00 -3.6382e+00 +1.1641e+00
608 0 +5.110100117e+00 -4.659989988e+01 -4.659989988e+01 +2.5657e+00 +3.0533e+00 -3.4275e+00 -3.6849e+00 +1.1338e+00
727 0 +4.685711080e+00 -4.702428892e+01 -4.702428892e+01 +2.4911e+00 +2.9260e+00 -3.4880e+00 -3.6572e+00 +1.2419e+00
731 0 +4.018005784e+00 -4.769199422e+01 -4.769199422e+01 +2.5969e+00 +3.1271e+00 -3.3511e+00 -3.6492e+00 +1.0349e+00
767 0 +3.869387126e+00 -4.784061287e+01 -4.784061287e+01 +2.6030e+00 +3.1544e+00 -3.3445e+00 -3.6841e+00 +1.0153e+00
770 0 +3.450691162e+00 -4.825930884e+01 -4.825930884e+01 +2.5421e+00 +3.0362e+00 -3.4397e+00 -3.6516e+00 +1.1639e+00
804 0 +3.131976581e+00 -4.857802342e+01 -4.857802342e+01 +2.4728e+00 +2.8549e+00 -3.5362e+00 -3.6698e+00 +1.3227e+00
819 0 +2.962449279e+00 -4.874755072e+01 -4.874755072e+01 +2.4891e+00 +2.8973e+00 -3.5009e+00 -3.6456e+00 +1.2797e+00
832 0 +1.253689805e+00 -5.045631019e+01 -5.045631019e+01 +2.5996e+00 +3.1134e+00 -3.3663e+00 -3.6512e+00 +1.0658e+00
880 0 +6.825951808e-01 -5.102740482e+01 -5.102740482e+01 +2.5647e+00 +3.0414e+00 -3.4143e+00 -3.6525e+00 +1.1353e+00
1006 0 +4.299232602e-01 -5.128007674e+01 -5.128007674e+01 +2.5654e+00 +3.0432e+00 -3.4143e+00 -3.6569e+00 +1.1338e+00
1032 0 +2.099501271e-01 -5.150004987e+01 -5.150004987e+01 +2.5803e+00 +3.0813e+00 -3.3920e+00 -3.6553e+00 +1.0994e+00
1143 0 +1.458757423e-01 -5.156412426e+01 -5.156412426e+01 +2.5774e+00 +3.0744e+00 -3.3962e+00 -3.6570e+00 +1.1050e+00
1205 0 +1.254271237e-01 -5.158457288e+01 -5.158457288e+01 +2.5950e+00 +3.1126e+00 -3.3728e+00 -3.6561e+00 +1.0677e+00
% f evaluations | g evaluations | best noise-free fitness - Fopt (-2.799500000000e+02) + sum g_i+ | measured fitness | best measured fitness or single-digit g-values | x1 | x2...
1 0 +1.963968683e+03 +1.684018683e+03 +1.684018683e+03 +5.9671e-01 -3.8264e-02 +7.4769e-01 +1.6230e+00 -1.3415e-01
3 0 +1.700153570e+03 +1.420203570e+03 +1.420203570e+03 -3.6342e-01 -3.6573e-01 +3.4196e-01 -1.8133e+00 -1.6249e+00
4 0 +1.537194153e+03 +1.257244153e+03 +1.257244153e+03 -4.6229e-01 -9.1283e-01 +4.1425e-01 -8.0802e-01 -1.3123e+00
27 0 +1.196659649e+03 +9.167096494e+02 +9.167096494e+02 -1.3172e+00 -1.5460e+00 -1.5350e-01 +8.1999e-01 -3.7443e+00
36 0 +9.438094967e+02 +6.638594967e+02 +6.638594967e+02 -1.8494e+00 -1.7824e+00 +3.1717e+00 +1.0964e+00 -2.1962e+00
55 0 +4.316066063e+02 +1.516566063e+02 +1.516566063e+02 -2.5337e+00 -3.3802e+00 +2.9135e+00 +1.1529e-01 -4.9156e+00
70 0 +2.103280011e+02 -6.962199894e+01 -6.962199894e+01 -3.6038e+00 -4.6281e+00 +3.6751e+00 -9.1008e-01 -2.3946e+00
192 0 +1.792448804e+02 -1.007051196e+02 -1.007051196e+02 -2.8664e+00 -4.9214e+00 +1.4543e+00 +1.5416e-01 -1.7827e+00
226 0 +1.610129249e+02 -1.189370751e+02 -1.189370751e+02 -3.9710e+00 -4.2832e+00 +2.8305e+00 -1.3451e+00 -3.7635e+00
228 0 +7.894338372e+01 -2.010066163e+02 -2.010066163e+02 -3.0752e+00 -4.6631e+00 +2.5979e+00 -8.7559e-01 -3.4840e+00
335 0 +5.902289620e+01 -2.209271038e+02 -2.209271038e+02 -3.1170e+00 -4.6877e+00 +2.2082e+00 -4.9069e-01 -2.8861e+00
347 0 +3.776191830e+01 -2.421880817e+02 -2.421880817e+02 -3.4581e+00 -3.9991e+00 +3.2332e+00 -7.4747e-01 -3.2725e+00
426 0 +3.143504609e+01 -2.485149539e+02 -2.485149539e+02 -3.4142e+00 -4.1001e+00 +3.2793e+00 -8.4490e-01 -3.2821e+00
431 0 +2.664557387e+01 -2.533044261e+02 -2.533044261e+02 -3.5060e+00 -3.9906e+00 +3.2448e+00 -8.0384e-01 -3.3818e+00
459 0 +1.268839906e+01 -2.672616009e+02 -2.672616009e+02 -3.4303e+00 -4.1202e+00 +3.1483e+00 -8.1521e-01 -3.3384e+00
529 0 +9.061381143e+00 -2.708886189e+02 -2.708886189e+02 -3.5037e+00 -4.0836e+00 +3.1567e+00 -8.2911e-01 -3.3276e+00
635 0 +8.197769499e+00 -2.717522305e+02 -2.717522305e+02 -3.6984e+00 -3.8772e+00 +3.3722e+00 -1.0711e+00 -3.4526e+00
651 0 +7.716471009e+00 -2.722335290e+02 -2.722335290e+02 -3.6944e+00 -3.8829e+00 +3.3497e+00 -1.0455e+00 -3.4278e+00
678 0 +4.674453800e+00 -2.752755462e+02 -2.752755462e+02 -3.7060e+00 -3.8845e+00 +3.3552e+00 -1.0532e+00 -3.4713e+00
740 0 +3.530064859e+00 -2.764199351e+02 -2.764199351e+02 -3.6397e+00 -3.9391e+00 +3.2819e+00 -9.8138e-01 -3.4530e+00
759 0 +2.989266680e+00 -2.769607333e+02 -2.769607333e+02 -3.6299e+00 -3.9536e+00 +3.2722e+00 -9.9676e-01 -3.4555e+00
841 0 +2.645341825e+00 -2.773046582e+02 -2.773046582e+02 -3.5219e+00 -4.0606e+00 +3.1543e+00 -9.1116e-01 -3.4073e+00
848 0 +2.039765262e+00 -2.779102347e+02 -2.779102347e+02 -3.6233e+00 -3.9471e+00 +3.2802e+00 -9.9124e-01 -3.4540e+00
857 0 +1.768636569e+00 -2.781813634e+02 -2.781813634e+02 -3.7089e+00 -3.8619e+00 +3.3988e+00 -1.0625e+00 -3.4994e+00
859 0 +1.648426663e+00 -2.783015733e+02 -2.783015733e+02 -3.5814e+00 -3.9958e+00 +3.2228e+00 -9.4135e-01 -3.4172e+00
900 0 +1.385236908e+00 -2.785647631e+02 -2.785647631e+02 -3.5749e+00 -4.0035e+00 +3.2254e+00 -9.3367e-01 -3.4123e+00
912 0 +8.556647742e-01 -2.790943352e+02 -2.790943352e+02 -3.5702e+00 -4.0105e+00 +3.2093e+00 -9.3738e-01 -3.4218e+00
1024 0 +3.578917895e-01 -2.795921082e+02 -2.795921082e+02 -3.6454e+00 -3.9294e+00 +3.3133e+00 -1.0014e+00 -3.4560e+00
1097 0 +3.332821387e-01 -2.796167179e+02 -2.796167179e+02 -3.5806e+00 -3.9994e+00 +3.2260e+00 -9.4478e-01 -3.4232e+00
1123 0 +3.309410277e-01 -2.796190590e+02 -2.796190590e+02 -3.5841e+00 -3.9953e+00 +3.2315e+00 -9.4883e-01 -3.4252e+00
1128 0 +2.262827143e-01 -2.797237173e+02 -2.797237173e+02 -3.6278e+00 -3.9500e+00 +3.2891e+00 -9.8346e-01 -3.4450e+00
1191 0 +2.050729002e-01 -2.797449271e+02 -2.797449271e+02 -3.6032e+00 -3.9759e+00 +3.2582e+00 -9.6325e-01 -3.4329e+00
1243 0 +1.361043530e-01 -2.798138956e+02 -2.798138956e+02 -3.5825e+00 -3.9977e+00 +3.2315e+00 -9.4651e-01 -3.4243e+00
% f evaluations | g evaluations | best noise-free fitness - Fopt (9.319900000000e+02) + sum g_i+ | measured fitness | best measured fitness or single-digit g-values | x1 | x2...
1 0 +8.100504528e+02 +1.742040453e+03 +1.742040453e+03 +5.9671e-01 -3.8264e-02 +7.4769e-01 +1.6230e+00 -1.3415e-01
2 0 +5.567058285e+02 +1.488695828e+03 +1.488695828e+03 -1.3414e-01 +1.6792e+00 +8.6743e-01 -3.6947e-01 +6.4256e-01
26 0 +3.578160124e+02 +1.289806012e+03 +1.289806012e+03 -5.8249e-01 +7.1443e-01 +2.6474e+00 -6.7801e-01 +2.5647e+00
65 0 +3.561035286e+02 +1.288093529e+03 +1.288093529e+03 -9.1441e-01 +9.0258e-01 +1.4425e+00 -1.8817e+00 +1.1253e+00
67 0 +2.248444661e+02 +1.156834466e+03 +1.156834466e+03 +8.9039e-01 +1.1302e+00 +4.8961e+00 +8.2189e-01 +1.2496e+00
124 0 +2.012635623e+02 +1.133253562e+03 +1.133253562e+03 +7.6454e-01 +1.8079e+00 +3.0088e+00 -8.7497e-01 +1.3862e+00
125 0 +1.861766987e+02 +1.118166699e+03 +1.118166699e+03 +1.2703e+00 -6.2588e-01 +1.9269e+00 -1.5628e+00 +2.7824e+00
151 0 +1.077561568e+02 +1.039746157e+03 +1.039746157e+03 +2.0047e+00 +1.1751e+00 +3.6833e+00 -2.9364e-01 +2.0764e+00
283 0 +9.082086355e+01 +1.022810864e+03 +1.022810864e+03 +5.2935e-01 +1.0078e-01 +2.0054e+00 -1.8361e+00 +2.7880e+00
306 0 +6.627274095e+01 +9.982627409e+02 +9.982627409e+02 +1.5944e+00 +8.5753e-01 +3.5130e+00 +1.1249e-01 +2.1667e+00
315 0 +5.658045925e+01 +9.885704592e+02 +9.885704592e+02 +1.3605e+00 +4.5435e-01 +2.6350e+00 -7.0399e-01 +2.4893e+00
335 0 +4.803353624e+01 +9.800235362e+02 +9.800235362e+02 +9.8055e-01 +2.0599e-01 +2.2410e+00 -1.2418e+00 +2.5445e+00
378 0 +4.519772665e+01 +9.771877267e+02 +9.771877267e+02 +1.3217e+00 +1.0045e+00 +3.3833e+00 -3.1624e-02 +2.1301e+00
404 0 +4.330961733e+01 +9.752996173e+02 +9.752996173e+02 +1.4078e+00 +1.2784e+00 +3.6030e+00 -1.2594e-01 +2.0773e+00
428 0 +3.334280410e+01 +9.653328041e+02 +9.653328041e+02 +1.2850e+00 +1.1319e+00 +3.2776e+00 -2.4296e-01 +1.9608e+00
438 0 +2.788699742e+01 +9.598769974e+02 +9.598769974e+02 +1.3320e+00 +7.4213e-01 +2.9019e+00 -6.5346e-01 +2.2817e+00
474 0 +8.912441892e+00 +9.409024419e+02 +9.409024419e+02 +1.1412e+00 +4.8663e-01 +2.3131e+00 -1.3197e+00 +2.6654e+00
565 0 +8.104315893e+00 +9.400943159e+02 +9.400943159e+02 +1.3659e+00 +9.5360e-01 +3.0547e+00 -5.3222e-01 +2.2279e+00
624 0 +6.410982341e+00 +9.384009823e+02 +9.384009823e+02 +1.3796e+00 +9.3992e-01 +3.0667e+00 -4.9312e-01 +2.2617e+00
681 0 +5.037867918e+00 +9.370278679e+02 +9.370278679e+02 +1.3145e+00 +8.6735e-01 +2.9116e+00 -6.9559e-01 +2.3145e+00
702 0 +2.834083232e+00 +9.348240832e+02 +9.348240832e+02 +1.4139e+00 +9.9322e-01 +3.0921e+00 -5.1125e-01 +2.2603e+00
714 0 +2.140725231e+00 +9.341307252e+02 +9.341307252e+02 +1.3034e+00 +8.1312e-01 +2.8233e+00 -7.7370e-01 +2.3889e+00
777 0 +1.465336418e+00 +9.334553364e+02 +9.334553364e+02 +1.2659e+00 +7.4212e-01 +2.7145e+00 -8.8388e-01 +2.4352e+00
817 0 +1.330477491e+00 +9.333204775e+02 +9.333204775e+02 +1.2983e+00 +8.0329e-01 +2.7954e+00 -8.0600e-01 +2.3936e+00
913 0 +9.569239454e-01 +9.329469239e+02 +9.329469239e+02 +1.3530e+00 +8.9957e-01 +2.9580e+00 -6.4445e-01 +2.3177e+00
922 0 +9.354214003e-01 +9.329254214e+02 +9.329254214e+02 +1.3393e+00 +8.9693e-01 +2.9473e+00 -6.5300e-01 +2.3183e+00
931 0 +9.026786517e-01 +9.328926787e+02 +9.328926787e+02 +1.3206e+00 +8.5519e-01 +2.8763e+00 -7.2438e-01 +2.3530e+00
934 0 +8.086125191e-01 +9.327986125e+02 +9.327986125e+02 +1.3493e+00 +8.9649e-01 +2.9514e+00 -6.4336e-01 +2.3201e+00
950 0 +7.613365605e-01 +9.327513366e+02 +9.327513366e+02 +1.3407e+00 +8.8783e-01 +2.9296e+00 -6.6863e-01 +2.3294e+00
961 0 +6.777962152e-01 +9.326677962e+02 +9.326677962e+02 +1.3511e+00 +9.0975e-01 +2.9675e+00 -6.3488e-01 +2.3099e+00
970 0 +6.376145097e-01 +9.326276145e+02 +9.326276145e+02 +1.3305e+00 +8.6494e-01 +2.9075e+00 -6.9152e-01 +2.3399e+00
986 0 +5.950668196e-01 +9.325850668e+02 +9.325850668e+02 +1.3321e+00 +8.7090e-01 +2.9124e+00 -6.8365e-01 +2.3351e+00
990 0 +5.556718066e-01 +9.325456718e+02 +9.325456718e+02 +1.3433e+00 +8.8678e-01 +2.9395e+00 -6.5826e-01 +2.3242e+00
998 0 +4.150314435e-01 +9.324050314e+02 +9.324050314e+02 +1.3317e+00 +8.7112e-01 +2.9104e+00 -6.9188e-01 +2.3380e+00
1002 0 +3.661961525e-01 +9.323561962e+02 +9.323561962e+02 +1.3437e+00 +8.9694e-01 +2.9486e+00 -6.5021e-01 +2.3177e+00
1110 0 +2.989186350e-01 +9.322889186e+02 +9.322889186e+02 +1.3467e+00 +8.9920e-01 +2.9528e+00 -6.4435e-01 +2.3167e+00
1130 0 +1.933082123e-01 +9.321833082e+02 +9.321833082e+02 +1.3221e+00 +8.5428e-01 +2.8853e+00 -7.1413e-01 +2.3498e+00
1163 0 +8.682068284e-02 +9.320768207e+02 +9.320768207e+02 +1.3291e+00 +8.6664e-01 +2.9036e+00 -6.9575e-01 +2.3412e+00
1181 0 +6.950280779e-02 +9.320595028e+02 +9.320595028e+02 +1.3371e+00 +8.8095e-01 +2.9263e+00 -6.7266e-01 +2.3301e+00
1249 0 +6.498424614e-02 +9.320549842e+02 +9.320549842e+02 +1.3320e+00 +8.7099e-01 +2.9110e+00 -6.8863e-01 +2.3379e+00
1250 0 +3.778863595e-02 +9.320277886e+02 +9.320277886e+02 +1.3274e+00 +8.6256e-01 +2.8973e+00 -7.0261e-01 +2.3447e+00
% f evaluations | g evaluations | best noise-free fitness - Fopt (1.133100000000e+02) + sum g_i+ | measured fitness | best measured fitness or single-digit g-values | x1 | x2...
1 0 +7.273805430e+02 +8.406905430e+02 +8.406905430e+02 +5.9671e-01 -3.8264e-02 +7.4769e-01 +1.6230e+00 -1.3415e-01
2 0 +4.123497099e+02 +5.256597099e+02 +5.256597099e+02 -1.3414e-01 +1.6792e+00 +8.6743e-01 -3.6947e-01 +6.4256e-01
22 0 +3.401513844e+02 +4.534613844e+02 +4.534613844e+02 +5.0405e-01 +1.9862e+00 +2.7458e-01 +3.5755e-01 +2.5554e-02
35 0 +3.282870285e+02 +4.415970285e+02 +4.415970285e+02 +1.2489e+00 -4.8113e-02 -8.9575e-01 -9.5622e-01 +1.0619e+00
46 0 +1.134742948e+02 +2.267842948e+02 +2.267842948e+02 +1.8894e+00 +1.5420e+00 -7.2524e-01 +1.3815e-01 +1.0281e+00
193 0 +1.034052773e+02 +2.167152773e+02 +2.167152773e+02 +2.5637e+00 +2.7746e+00 +2.3601e-02 +1.0034e+00 +1.2292e+00
196 0 +1.003150133e+02 +2.136250133e+02 +2.136250133e+02 +2.1957e+00 +1.4807e+00 -1.2214e+00 +8.7274e-01 +1.2021e+00
206 0 +6.696025609e+01 +1.802702561e+02 +1.802702561e+02 +2.4886e+00 +3.2258e+00 +4.3865e-01 +6.3063e-01 +5.3426e-01
304 0 +3.941149371e+01 +1.527214937e+02 +1.527214937e+02 +2.0497e+00 +2.7504e+00 +3.1389e-01 +3.1837e-01 +8.8735e-01
336 0 +2.711854256e+01 +1.404285426e+02 +1.404285426e+02 +2.3672e+00 +2.9159e+00 +2.0364e-01 +7.1568e-01 +8.4362e-01
401 0 +2.623723421e+01 +1.395472342e+02 +1.395472342e+02 +2.3005e+00 +2.8281e+00 +2.0710e-01 +4.8381e-01 +7.3486e-01
405 0 +2.610567914e+01 +1.394156791e+02 +1.394156791e+02 +2.0587e+00 +2.8519e+00 +3.2492e-01 +3.6988e-01 +7.8417e-01
414 0 +2.270048691e+01 +1.360104869e+02 +1.360104869e+02 +2.2839e+00 +2.5537e+00 -1.5710e-01 +6.1401e-01 +9.3972e-01
430 0 +2.157818817e+01 +1.348881882e+02 +1.348881882e+02 +2.3221e+00 +3.0480e+00 +3.5754e-01 +6.4302e-01 +7.3204e-01
434 0 +2.139009261e+01 +1.347000926e+02 +1.347000926e+02 +2.3076e+00 +2.6970e+00 -2.8635e-02 +6.7316e-01 +8.1550e-01
458 0 +1.886785281e+01 +1.321778528e+02 +1.321778528e+02 +2.2343e+00 +2.7277e+00 +1.6625e-01 +5.1792e-01 +7.2884e-01
463 0 +1.759607223e+01 +1.309060722e+02 +1.309060722e+02 +2.3058e+00 +2.7373e+00 +8.0350e-02 +7.0008e-01 +7.6442e-01
479 0 +1.492220221e+01 +1.282322022e+02 +1.282322022e+02 +2.2671e+00 +2.5805e+00 -2.5232e-02 +5.2673e-01 +9.1571e-01
487 0 +1.248850161e+01 +1.257985016e+02 +1.257985016e+02 +2.3278e+00 +2.4397e+00 -2.1717e-01 +6.1615e-01 +9.2893e-01
522 0 +9.139048604e+00 +1.224490486e+02 +1.224490486e+02 +2.2657e+00 +2.6645e+00 +5.8898e-02 +5.3852e-01 +8.5967e-01
621 0 +8.842593701e+00 +1.221525937e+02 +1.221525937e+02 +2.2737e+00 +2.6833e+00 +1.0556e-01 +5.6343e-01 +8.4024e-01
627 0 +7.993403606e+00 +1.213034036e+02 +1.213034036e+02 +2.1842e+00 +3.0006e+00 +3.8437e-01 +5.6056e-01 +7.7244e-01
633 0 +7.156238237e+00 +1.204662382e+02 +1.204662382e+02 +2.3256e+00 +2.5432e+00 -6.8748e-02 +6.1981e-01 +8.9376e-01
641 0 +4.020532149e+00 +1.173305321e+02 +1.173305321e+02 +2.2535e+00 +2.7145e+00 +1.0204e-01 +5.9161e-01 +8.1919e-01
705 0 +2.789054640e+00 +1.160990546e+02 +1.160990546e+02 +2.1903e+00 +3.0200e+00 +4.0375e-01 +5.3654e-01 +7.3533e-01
763 0 +1.900791747e+00 +1.152107917e+02 +1.152107917e+02 +2.1803e+00 +3.0407e+00 +4.3137e-01 +5.3841e-01 +7.1719e-01
826 0 +1.728828197e+00 +1.150388282e+02 +1.150388282e+02 +2.1955e+00 +2.9712e+00 +3.6971e-01 +5.4975e-01 +7.3778e-01
828 0 +1.663636095e+00 +1.149736361e+02 +1.149736361e+02 +2.1830e+00 +2.9868e+00 +3.9000e-01 +5.4108e-01 +7.3249e-01
858 0 +1.232370991e+00 +1.145423710e+02 +1.145423710e+02 +2.2009e+00 +2.9454e+00 +3.4050e-01 +5.5060e-01 +7.4670e-01
864 0 +1.228325512e+00 +1.145383255e+02 +1.145383255e+02 +2.1691e+00 +3.0533e+00 +4.5006e-01 +5.3740e-01 +7.1611e-01
874 0 +9.122272863e-01 +1.142222273e+02 +1.142222273e+02 +2.1622e+00 +3.0661e+00 +4.6292e-01 +5.2649e-01 +7.1169e-01
899 0 +6.304657162e-01 +1.139404657e+02 +1.139404657e+02 +2.1380e+00 +3.1646e+00 +5.6637e-01 +5.0852e-01 +6.8090e-01
924 0 +6.177695956e-01 +1.139277696e+02 +1.139277696e+02 +2.1331e+00 +3.1765e+00 +5.8018e-01 +5.1063e-01 +6.7812e-01
987 0 +3.425468473e-01 +1.136525468e+02 +1.136525468e+02 +2.1745e+00 +3.0296e+00 +4.2829e-01 +5.3205e-01 +7.2552e-01
1029 0 +3.312945969e-01 +1.136412946e+02 +1.136412946e+02 +2.1148e+00 +3.2345e+00 +6.3821e-01 +4.9569e-01 +6.6127e-01
1069 0 +2.873252893e-01 +1.135973253e+02 +1.135973253e+02 +2.1674e+00 +3.0566e+00 +4.5403e-01 +5.2901e-01 +7.1644e-01
1088 0 +2.548465599e-01 +1.135648466e+02 +1.135648466e+02 +2.1243e+00 +3.2073e+00 +6.1003e-01 +5.0300e-01 +6.6877e-01
1135 0 +2.509580005e-01 +1.135609580e+02 +1.135609580e+02 +2.1428e+00 +3.1413e+00 +5.4331e-01 +5.1413e-01 +6.8892e-01
1147 0 +2.369665007e-01 +1.135469665e+02 +1.135469665e+02 +2.1178e+00 +3.2226e+00 +6.2789e-01 +4.9794e-01 +6.6341e-01
1164 0 +2.332749693e-01 +1.135432750e+02 +1.135432750e+02 +2.1145e+00 +3.2351e+00 +6.4105e-01 +4.9568e-01 +6.5970e-01
1176 0 +1.173521035e-01 +1.134273521e+02 +1.134273521e+02 +2.1504e+00 +3.1120e+00 +5.1298e-01 +5.1812e-01 +6.9883e-01
1204 0 +7.569901146e-02 +1.133856990e+02 +1.133856990e+02 +2.1432e+00 +3.1384e+00 +5.4012e-01 +5.1359e-01 +6.9058e-01
% f evaluations | g evaluations | best noise-free fitness - Fopt (2.849000000000e+01) + sum g_i+ | measured fitness | best measured fitness or single-digit g-values | x1 | x2...
1 0 +1.335442911e+03 +1.363932911e+03 +1.363932911e+03 +5.9671e-01 -3.8264e-02 +7.4769e-01 +1.6230e+00 -1.3415e-01
2 0 +9.069835536e+02 +9.354735536e+02 +9.354735536e+02 -1.3414e-01 +1.6792e+00 +8.6743e-01 -3.6947e-01 +6.4256e-01
3 0 +4.708342661e+02 +4.993242661e+02 +4.993242661e+02 -3.6342e-01 -3.6573e-01 +3.4196e-01 -1.8133e+00 -1.6249e+00
35 0 +4.439492339e+02 +4.724392339e+02 +4.724392339e+02 -1.4202e-01 -2.4745e-01 -2.7920e-02 -2.4658e+00 -3.9814e-01
38 0 +2.761606777e+02 +3.046506777e+02 +3.046506777e+02 -1.3926e+00 +9.3703e-02 +2.6363e-01 -2.5744e+00 -9.2227e-01
54 0 +2.092809594e+02 +2.377709594e+02 +2.377709594e+02 -1.7275e+00 -1.0628e-01 +1.5226e+00 -4.0287e+00 -3.6127e-01
65 0 +1.380698036e+02 +1.665598036e+02 +1.665598036e+02 -2.1292e+00 +1.0621e+00 +1.8672e+00 -3.3673e+00 -4.5726e-01
153 0 +9.402617954e+01 +1.225161795e+02 +1.225161795e+02 -1.8192e+00 +3.6268e-01 +1.5004e+00 -3.1077e+00 -1.9478e+00
232 0 +5.775177546e+01 +8.624177546e+01 +8.624177546e+01 -1.2926e+00 -8.3154e-01 +7.1096e-01 -3.5546e+00 -1.6222e+00
354 0 +4.165146265e+01 +7.014146265e+01 +7.014146265e+01 -8.8591e-01 -1.4973e+00 +2.1928e-01 -3.8040e+00 -2.4572e+00
410 0 +1.139171674e+01 +3.988171674e+01 +3.988171674e+01 -9.4854e-01 -1.3304e+00 +4.9316e-01 -3.7505e+00 -2.1838e+00
589 0 +8.710599444e+00 +3.720059944e+01 +3.720059944e+01 -8.6410e-01 -1.4271e+00 +4.0701e-01 -3.8033e+00 -2.1134e+00
635 0 +8.402810958e+00 +3.689281096e+01 +3.689281096e+01 -7.8356e-01 -1.5862e+00 +3.3000e-01 -3.8735e+00 -2.2808e+00
639 0 +7.964090671e+00 +3.645409067e+01 +3.645409067e+01 -9.0870e-01 -1.3975e+00 +4.1892e-01 -3.7863e+00 -2.1432e+00
653 0 +7.555645105e+00 +3.604564510e+01 +3.604564510e+01 -6.5405e-01 -1.7989e+00 +1.8145e-01 -3.9505e+00 -2.3768e+00
659 0 +6.945077071e+00 +3.543507707e+01 +3.543507707e+01 -8.7785e-01 -1.4401e+00 +4.1531e-01 -3.7896e+00 -2.1711e+00
663 0 +2.702258058e+00 +3.119225806e+01 +3.119225806e+01 -8.6307e-01 -1.4426e+00 +3.8908e-01 -3.8080e+00 -2.1924e+00
762 0 +2.324252960e+00 +3.081425296e+01 +3.081425296e+01 -7.9423e-01 -1.5576e+00 +3.1424e-01 -3.8520e+00 -2.2263e+00
786 0 +1.969149730e+00 +3.045914973e+01 +3.045914973e+01 -8.3735e-01 -1.4755e+00 +3.6518e-01 -3.8208e+00 -2.1954e+00
801 0 +1.832385463e+00 +3.032238546e+01 +3.032238546e+01 -8.0585e-01 -1.5286e+00 +3.3131e-01 -3.8438e+00 -2.2198e+00
814 0 +1.592806026e+00 +3.008280603e+01 +3.008280603e+01 -8.0376e-01 -1.5387e+00 +3.2783e-01 -3.8448e+00 -2.2289e+00
819 0 +1.056287492e+00 +2.954628749e+01 +2.954628749e+01 -8.0327e-01 -1.5320e+00 +3.3551e-01 -3.8445e+00 -2.2217e+00
878 0 +7.856380083e-01 +2.927563801e+01 +2.927563801e+01 -7.8494e-01 -1.5718e+00 +3.0994e-01 -3.8529e+00 -2.2383e+00
901 0 +6.966424331e-01 +2.918664243e+01 +2.918664243e+01 -7.6671e-01 -1.6054e+00 +2.9046e-01 -3.8659e+00 -2.2512e+00
913 0 +6.480692865e-01 +2.913806929e+01 +2.913806929e+01 -7.7354e-01 -1.5908e+00 +2.9953e-01 -3.8599e+00 -2.2435e+00
969 0 +6.222539020e-01 +2.911225390e+01 +2.911225390e+01 -7.5770e-01 -1.6180e+00 +2.8298e-01 -3.8712e+00 -2.2566e+00
974 0 +5.450839261e-01 +2.903508393e+01 +2.903508393e+01 -7.2018e-01 -1.6863e+00 +2.4129e-01 -3.8922e+00 -2.2833e+00
975 0 +5.297253568e-01 +2.901972536e+01 +2.901972536e+01 -7.1720e-01 -1.6924e+00 +2.3462e-01 -3.8942e+00 -2.2864e+00
1001 0 +3.297618209e-01 +2.881976182e+01 +2.881976182e+01 -6.7605e-01 -1.7668e+00 +1.9037e-01 -3.9178e+00 -2.3165e+00
1070 0 +3.285755413e-01 +2.881857554e+01 +2.881857554e+01 -7.2177e-01 -1.6845e+00 +2.4142e-01 -3.8903e+00 -2.2841e+00
1077 0 +2.983349295e-01 +2.878833493e+01 +2.878833493e+01 -6.3519e-01 -1.8424e+00 +1.4191e-01 -3.9401e+00 -2.3508e+00
1121 0 +2.754973990e-01 +2.876549740e+01 +2.876549740e+01 -6.3460e-01 -1.8418e+00 +1.4201e-01 -3.9397e+00 -2.3510e+00
1127 0 +2.534024716e-01 +2.874340247e+01 +2.874340247e+01 -6.3651e-01 -1.8400e+00 +1.4352e-01 -3.9380e+00 -2.3484e+00
1155 0 +2.053172564e-01 +2.869531726e+01 +2.869531726e+01 -5.8944e-01 -1.9246e+00 +9.2387e-02 -3.9657e+00 -2.3832e+00
1173 0 +1.422524284e-01 +2.863225243e+01 +2.863225243e+01 -6.4385e-01 -1.8250e+00 +1.5308e-01 -3.9341e+00 -2.3420e+00
1215 0 +9.991378232e-02 +2.858991378e+01 +2.858991378e+01 -6.2455e-01 -1.8596e+00 +1.3208e-01 -3.9458e+00 -2.3565e+00
1250 0 +8.697781429e-02 +2.857697781e+01 +2.857697781e+01 -6.6794e-01 -1.7812e+00 +1.8046e-01 -3.9209e+00 -2.3235e+00
% f evaluations | g evaluations | best noise-free fitness - Fopt (-7.405800000000e+02) + sum g_i+ | measured fitness | best measured fitness or single-digit g-values | x1 | x2...
1 0 +5.005784116e+02 -2.400015884e+02 -2.400015884e+02 +5.9671e-01 -3.8264e-02 +7.4769e-01 +1.6230e+00 -1.3415e-01
2 0 +4.804966425e+02 -2.600833575e+02 -2.600833575e+02 -1.3414e-01 +1.6792e+00 +8.6743e-01 -3.6947e-01 +6.4256e-01
7 0 +4.307350884e+02 -3.098449116e+02 -3.098449116e+02 -5.0171e-01 +1.9523e+00 +8.6503e-02 -9.5771e-01 +9.2254e-01
8 0 +2.665779677e+02 -4.740020323e+02 -4.740020323e+02 -1.1208e+00 +3.0886e-01 -1.8597e+00 -1.2282e+00 +2.9686e-01
39 0 +1.480654523e+02 -5.925145477e+02 -5.925145477e+02 -1.8392e+00 +3.7710e-01 -2.1937e+00 -1.9706e-01 -9.9100e-01
170 0 +1.258022552e+02 -6.147777448e+02 -6.147777448e+02 -2.2485e+00 -6.0994e-01 -2.4072e+00 +7.1010e-01 -1.4237e+00
209 0 +7.288922329e+01 -6.676907767e+02 -6.676907767e+02 -2.2287e+00 -6.5080e-01 -2.9163e+00 +5.5906e-01 -2.2353e+00
228 0 +6.973264177e+01 -6.708473582e+02 -6.708473582e+02 -2.1385e+00 -4.0653e-01 -2.3011e+00 +6.0720e-01 -1.7068e+00
271 0 +5.399247337e+01 -6.865875266e+02 -6.865875266e+02 -1.8158e+00 -3.0933e-01 -2.4704e+00 +6.7323e-01 -1.7234e+00
307 0 +2.881259936e+01 -7.117674006e+02 -7.117674006e+02 -1.6127e+00 +1.0765e-02 -2.6332e+00 +1.2102e-01 -9.9349e-01
351 0 +2.873731370e+01 -7.118426863e+02 -7.118426863e+02 -1.4080e+00 +1.8272e-01 -2.5476e+00 -5.8686e-03 -5.7688e-01
363 0 +2.347892007e+01 -7.171010799e+02 -7.171010799e+02 -1.6584e+00 +1.6211e-01 -2.6875e+00 +1.4384e-01 -9.1997e-01
434 0 +2.165247843e+01 -7.189275216e+02 -7.189275216e+02 -1.8708e+00 -4.7866e-02 -2.8431e+00 +2.8011e-01 -1.1562e+00
435 0 +2.132936458e+01 -7.192506354e+02 -7.192506354e+02 -2.0088e+00 -3.1393e-01 -2.6415e+00 +4.4414e-01 -1.4395e+00
443 0 +1.902353619e+01 -7.215564638e+02 -7.215564638e+02 -1.8752e+00 -1.7787e-01 -2.8515e+00 +3.1662e-01 -1.2406e+00
450 0 +1.694391736e+01 -7.236360826e+02 -7.236360826e+02 -1.9644e+00 -4.0109e-01 -2.7629e+00 +4.1136e-01 -1.4860e+00
457 0 +1.564917097e+01 -7.249308290e+02 -7.249308290e+02 -1.7782e+00 +2.7430e-02 -2.6400e+00 +1.6485e-01 -9.5595e-01
459 0 +8.207216639e+00 -7.323727834e+02 -7.323727834e+02 -1.9109e+00 -1.5759e-01 -2.7689e+00 +2.9856e-01 -1.2380e+00
506 0 +5.955340689e+00 -7.346246593e+02 -7.346246593e+02 -1.7129e+00 +2.0589e-02 -2.6948e+00 +1.6948e-01 -9.7952e-01
515 0 +5.115131072e+00 -7.354648689e+02 -7.354648689e+02 -1.8425e+00 -1.8700e-01 -2.7075e+00 +3.3989e-01 -1.2807e+00
526 0 +4.508619202e+00 -7.360713808e+02 -7.360713808e+02 -1.8853e+00 -1.9059e-01 -2.6965e+00 +3.3284e-01 -1.2865e+00
619 0 +2.143068651e+00 -7.384369313e+02 -7.384369313e+02 -1.8690e+00 -1.7108e-01 -2.7211e+00 +3.0445e-01 -1.2502e+00
659 0 +1.551573474e+00 -7.390284265e+02 -7.390284265e+02 -1.8523e+00 -1.4742e-01 -2.7273e+00 +2.9824e-01 -1.2252e+00
694 0 +1.404488642e+00 -7.391755114e+02 -7.391755114e+02 -1.8765e+00 -1.9691e-01 -2.7215e+00 +3.3181e-01 -1.2882e+00
727 0 +1.372894068e+00 -7.392071059e+02 -7.392071059e+02 -1.8733e+00 -1.8552e-01 -2.7192e+00 +3.2897e-01 -1.2748e+00
752 0 +1.369155184e+00 -7.392108448e+02 -7.392108448e+02 -1.8749e+00 -1.8783e-01 -2.7202e+00 +3.3103e-01 -1.2790e+00
754 0 +8.379906052e-01 -7.397420094e+02 -7.397420094e+02 -1.8682e+00 -1.7110e-01 -2.7238e+00 +3.1299e-01 -1.2525e+00
757 0 +8.114803623e-01 -7.397685196e+02 -7.397685196e+02 -1.8621e+00 -1.6941e-01 -2.7193e+00 +3.1314e-01 -1.2530e+00
809 0 +8.086091877e-01 -7.397713908e+02 -7.397713908e+02 -1.8642e+00 -1.7000e-01 -2.7244e+00 +3.1076e-01 -1.2490e+00
810 0 +5.969010917e-01 -7.399830989e+02 -7.399830989e+02 -1.8555e+00 -1.5821e-01 -2.7222e+00 +3.0430e-01 -1.2354e+00
828 0 +3.791901125e-01 -7.402008099e+02 -7.402008099e+02 -1.8301e+00 -1.2636e-01 -2.7185e+00 +2.8290e-01 -1.1852e+00
959 0 +3.559532665e-01 -7.402240467e+02 -7.402240467e+02 -1.8289e+00 -1.2246e-01 -2.7194e+00 +2.7952e-01 -1.1801e+00
972 0 +3.211322226e-01 -7.402588678e+02 -7.402588678e+02 -1.8367e+00 -1.3377e-01 -2.7180e+00 +2.8682e-01 -1.1960e+00
977 0 +2.722357678e-01 -7.403077642e+02 -7.403077642e+02 -1.8379e+00 -1.3537e-01 -2.7184e+00 +2.8895e-01 -1.1990e+00
988 0 +1.454983638e-01 -7.404345016e+02 -7.404345016e+02 -1.8170e+00 -1.0777e-01 -2.7169e+00 +2.6845e-01 -1.1565e+00
1084 0 +1.353250210e-01 -7.404446750e+02 -7.404446750e+02 -1.8032e+00 -8.9720e-02 -2.7146e+00 +2.5561e-01 -1.1287e+00
1155 0 +1.329237559e-01 -7.404470762e+02 -7.404470762e+02 -1.8131e+00 -1.0247e-01 -2.7164e+00 +2.6491e-01 -1.1485e+00
1183 0 +1.187339729e-01 -7.404612660e+02 -7.404612660e+02 -1.8019e+00 -8.7694e-02 -2.7149e+00 +2.5439e-01 -1.1257e+00
1184 0 +8.991517369e-02 -7.404900848e+02 -7.404900848e+02 -1.8021e+00 -8.7823e-02 -2.7152e+00 +2.5412e-01 -1.1257e+00
1206 0 +8.532178441e-02 -7.404946782e+02 -7.404946782e+02 -1.7991e+00 -8.4191e-02 -2.7146e+00 +2.5152e-01 -1.1198e+00
1246 0 +7.116827873e-02 -7.405088317e+02 -7.405088317e+02 -1.7965e+00 -8.0811e-02 -2.7144e+00 +2.4909e-01 -1.1146e+00
% f evaluations | g evaluations | best noise-free fitness - Fopt (-5.177000000000e+01) + sum g_i+ | measured fitness | best measured fitness or single-digit g-values | x1 | x2...
1 0 +1.215753571e+03 +1.163983571e+03 +1.163983571e+03 +5.9671e-01 -3.8264e-02 +7.4769e-01 +1.6230e+00 -1.3415e-01
2 0 +7.485873643e+02 +6.968173643e+02 +6.968173643e+02 -1.3414e-01 +1.6792e+00 +8.6743e-01 -3.6947e-01 +6.4256e-01
7 0 +6.443022971e+02 +5.925322971e+02 +5.925322971e+02 -5.0171e-01 +1.9523e+00 +8.6503e-02 -9.5771e-01 +9.2254e-01
32 0 +3.636369328e+02 +3.118669328e+02 +3.118669328e+02 -1.4962e+00 +1.5547e+00 +1.6681e+00 -2.7566e+00 +1.4426e+00
78 0 +3.582605576e+02 +3.064905576e+02 +3.064905576e+02 -3.0650e+00 +1.8848e+00 +3.3831e+00 -3.9834e+00 +2.3626e+00
95 0 +3.236386981e+02 +2.718686981e+02 +2.718686981e+02 -2.4719e+00 +2.7207e+00 +1.7222e-01 -4.5153e+00 +2.8671e+00
105 0 +1.890787290e+02 +1.373087290e+02 +1.373087290e+02 -1.0393e+00 +2.3431e+00 +2.1718e+00 -4.1276e+00 +2.8044e+00
125 0 +1.485093196e+02 +9.673931962e+01 +9.673931962e+01 -3.0096e+00 +1.2677e+00 +1.5829e+00 -3.2263e+00 +2.7964e+00
228 0 +1.193830290e+02 +6.761302904e+01 +6.761302904e+01 -1.5467e+00 +1.9296e+00 +1.7790e+00 -3.6397e+00 +3.6298e+00
260 0 +6.079572776e+01 +9.025727758e+00 +9.025727758e+00 -3.0960e+00 +9.0030e-01 +2.3615e+00 -3.7989e+00 +4.0751e+00
371 0 +4.973033740e+01 -2.039662602e+00 -2.039662602e+00 -2.0943e+00 +1.9907e+00 +1.9279e+00 -3.8636e+00 +4.0586e+00
379 0 +3.689197558e+01 -1.487802442e+01 -1.487802442e+01 -1.6154e+00 +2.2208e+00 +2.4292e+00 -3.9877e+00 +3.9552e+00
397 0 +3.562188409e+01 -1.614811591e+01 -1.614811591e+01 -2.2269e+00 +1.9676e+00 +2.0170e+00 -3.8632e+00 +3.7403e+00
435 0 +3.433108121e+01 -1.743891879e+01 -1.743891879e+01 -2.1722e+00 +1.8371e+00 +2.1841e+00 -3.9540e+00 +4.0279e+00
460 0 +3.125413392e+01 -2.051586608e+01 -2.051586608e+01 -2.0871e+00 +1.9402e+00 +2.1909e+00 -3.9563e+00 +4.0316e+00
471 0 +1.852759665e+01 -3.324240335e+01 -3.324240335e+01 -1.4760e+00 +2.4204e+00 +2.1137e+00 -3.9173e+00 +3.8387e+00
512 0 +1.365145522e+01 -3.811854478e+01 -3.811854478e+01 -1.9836e+00 +1.9411e+00 +2.1803e+00 -3.8043e+00 +3.8578e+00
514 0 +8.944046185e+00 -4.282595382e+01 -4.282595382e+01 -2.0578e+00 +1.9691e+00 +2.2084e+00 -3.8638e+00 +3.8758e+00
532 0 +8.545241861e+00 -4.322475814e+01 -4.322475814e+01 -2.2469e+00 +1.7510e+00 +2.2027e+00 -3.8245e+00 +3.8224e+00
584 0 +6.494957395e+00 -4.527504260e+01 -4.527504260e+01 -2.1734e+00 +1.8245e+00 +2.2499e+00 -3.8131e+00 +3.8744e+00
627 0 +6.253155551e+00 -4.551684445e+01 -4.551684445e+01 -2.3446e+00 +1.7024e+00 +2.1942e+00 -3.8001e+00 +3.8702e+00
633 0 +5.274770166e+00 -4.649522983e+01 -4.649522983e+01 -2.5708e+00 +1.5053e+00 +2.1795e+00 -3.7392e+00 +3.7979e+00
685 0 +5.094386971e+00 -4.667561303e+01 -4.667561303e+01 -2.3125e+00 +1.7387e+00 +2.2123e+00 -3.7759e+00 +3.8449e+00
694 0 +3.976851886e+00 -4.779314811e+01 -4.779314811e+01 -2.4034e+00 +1.6367e+00 +2.2114e+00 -3.7882e+00 +3.8399e+00
708 0 +3.147210442e+00 -4.862278956e+01 -4.862278956e+01 -2.1273e+00 +1.8886e+00 +2.1865e+00 -3.8124e+00 +3.8456e+00
711 0 +1.983933463e+00 -4.978606654e+01 -4.978606654e+01 -2.3039e+00 +1.7383e+00 +2.2006e+00 -3.7937e+00 +3.8425e+00
731 0 +1.812200296e+00 -4.995779970e+01 -4.995779970e+01 -2.3871e+00 +1.6525e+00 +2.2131e+00 -3.7719e+00 +3.8381e+00
742 0 +1.584429982e+00 -5.018557002e+01 -5.018557002e+01 -2.2966e+00 +1.7386e+00 +2.2144e+00 -3.7899e+00 +3.8361e+00
850 0 +1.536080495e+00 -5.023391951e+01 -5.023391951e+01 -2.4290e+00 +1.6233e+00 +2.2072e+00 -3.7661e+00 +3.8344e+00
863 0 +1.449511747e+00 -5.032048825e+01 -5.032048825e+01 -2.3099e+00 +1.7180e+00 +2.2146e+00 -3.7885e+00 +3.8296e+00
864 0 +1.147298718e+00 -5.062270128e+01 -5.062270128e+01 -2.3321e+00 +1.7043e+00 +2.2095e+00 -3.7875e+00 +3.8412e+00
886 0 +7.532879601e-01 -5.101671204e+01 -5.101671204e+01 -2.3629e+00 +1.6784e+00 +2.2103e+00 -3.7816e+00 +3.8354e+00
954 0 +5.622595940e-01 -5.120774041e+01 -5.120774041e+01 -2.3615e+00 +1.6822e+00 +2.2053e+00 -3.7812e+00 +3.8308e+00
956 0 +5.532315752e-01 -5.121676842e+01 -5.121676842e+01 -2.3068e+00 +1.7261e+00 +2.2079e+00 -3.7893e+00 +3.8391e+00
960 0 +4.674603703e-01 -5.130253963e+01 -5.130253963e+01 -2.3927e+00 +1.6542e+00 +2.2065e+00 -3.7732e+00 +3.8258e+00
996 0 +4.301288214e-01 -5.133987118e+01 -5.133987118e+01 -2.3504e+00 +1.6908e+00 +2.2075e+00 -3.7833e+00 +3.8332e+00
1006 0 +3.304878877e-01 -5.143951211e+01 -5.143951211e+01 -2.3158e+00 +1.7191e+00 +2.2074e+00 -3.7888e+00 +3.8355e+00
1008 0 +2.669998607e-01 -5.150300014e+01 -5.150300014e+01 -2.3519e+00 +1.6876e+00 +2.2102e+00 -3.7809e+00 +3.8321e+00
1051 0 +1.368841260e-01 -5.163311587e+01 -5.163311587e+01 -2.3135e+00 +1.7211e+00 +2.2076e+00 -3.7882e+00 +3.8345e+00
1092 0 +1.300354773e-01 -5.163996452e+01 -5.163996452e+01 -2.3349e+00 +1.7035e+00 +2.2074e+00 -3.7843e+00 +3.8327e+00
1130 0 +6.601250155e-02 -5.170398750e+01 -5.170398750e+01 -2.3988e+00 +1.6496e+00 +2.2094e+00 -3.7730e+00 +3.8276e+00
% f evaluations | g evaluations | best noise-free fitness - Fopt (-2.229800000000e+02) + sum g_i+ | measured fitness | best measured fitness or single-digit g-values | x1 | x2...
1 0 +1.618134889e+03 +1.395154889e+03 +1.395154889e+03 +5.9671e-01 -3.8264e-02 +7.4769e-01 +1.6230e+00 -1.3415e-01
9 0 +1.500900101e+03 +1.277920101e+03 +1.277920101e+03 +8.3847e-01 +2.7137e-01 -1.5648e-02 -2.0110e-01 -1.3785e+00
15 0 +1.128744425e+03 +9.057644253e+02 +9.057644253e+02 +4.6140e-01 +1.6380e+00 +6.4174e-02 +1.6646e+00 -2.5197e+00
26 0 +3.829230032e+02 +1.599430032e+02 +1.599430032e+02 +3.3434e+00 +5.3050e-02 -2.3070e+00 +4.8567e-01 -3.7147e+00
52 0 +2.876930221e+02 +6.471302210e+01 +6.471302210e+01 +3.9129e+00 -1.6142e+00 -2.7768e+00 +2.1298e+00 -4.2562e+00
102 0 +2.571289281e+02 +3.414892812e+01 +3.414892812e+01 +2.6687e+00 +1.7983e+00 -3.7210e+00 +1.6017e+00 -4.6880e+00
112 0 +2.368371544e+02 +1.385715439e+01 +1.385715439e+01 +2.9005e+00 +3.2557e+00 -2.5812e+00 +3.9539e+00 -3.1422e+00
156 0 +2.159548103e+02 -7.025189669e+00 -7.025189669e+00 +3.7052e+00 -5.5751e-01 -3.3739e+00 +2.6842e-01 -4.8955e+00
172 0 +1.447875606e+02 -7.819243942e+01 -7.819243942e+01 +3.4486e+00 +1.0847e+00 -2.9106e+00 +3.2482e+00 -3.6565e+00
190 0 +9.597906925e+01 -1.270009307e+02 -1.270009307e+02 +4.0867e+00 -9.4748e-01 -3.7876e+00 +1.3204e+00 -3.8379e+00
243 0 +9.017993984e+01 -1.328000602e+02 -1.328000602e+02 +3.5671e+00 -6.7514e-01 -3.1666e+00 +1.9227e+00 -3.4306e+00
281 0 +8.353196977e+01 -1.394480302e+02 -1.394480302e+02 +3.6024e+00 -5.7451e-01 -3.5752e+00 +1.4479e+00 -3.6492e+00
306 0 +7.559735538e+01 -1.473826446e+02 -1.473826446e+02 +3.4622e+00 +9.6482e-02 -3.0835e+00 +1.5867e+00 -4.2437e+00
310 0 +4.745309591e+01 -1.755269041e+02 -1.755269041e+02 +3.1943e+00 +7.5701e-01 -2.8592e+00 +2.5818e+00 -3.7230e+00
331 0 +3.180560959e+01 -1.911743904e+02 -1.911743904e+02 +3.2132e+00 +3.6717e-01 -3.2130e+00 +2.1239e+00 -3.9248e+00
365 0 +1.775934914e+01 -2.052206509e+02 -2.052206509e+02 +3.2995e+00 +4.8145e-01 -3.0346e+00 +2.3278e+00 -3.8590e+00
477 0 +1.600883813e+01 -2.069711619e+02 -2.069711619e+02 +3.4318e+00 +2.9533e-01 -3.1959e+00 +2.2055e+00 -3.8020e+00
481 0 +1.417352610e+01 -2.088064739e+02 -2.088064739e+02 +3.2881e+00 +4.0795e-01 -3.0595e+00 +2.2578e+00 -3.8673e+00
501 0 +1.248142419e+01 -2.104985758e+02 -2.104985758e+02 +3.2674e+00 +5.8860e-01 -3.0559e+00 +2.2216e+00 -3.9027e+00
515 0 +1.139015297e+01 -2.115898470e+02 -2.115898470e+02 +3.4222e+00 +1.7265e-01 -3.1515e+00 +2.1635e+00 -3.7907e+00
527 0 +9.062395317e+00 -2.139176047e+02 -2.139176047e+02 +3.3242e+00 +5.2797e-01 -3.1104e+00 +2.2865e+00 -3.7954e+00
552 0 +7.826231025e+00 -2.151537690e+02 -2.151537690e+02 +3.3540e+00 +4.1948e-01 -3.1622e+00 +2.2161e+00 -3.8006e+00
560 0 +5.545717911e+00 -2.174342821e+02 -2.174342821e+02 +3.2920e+00 +4.9802e-01 -3.0931e+00 +2.2433e+00 -3.8804e+00
561 0 +4.783524995e+00 -2.181964750e+02 -2.181964750e+02 +3.3482e+00 +3.6783e-01 -3.1308e+00 +2.2329e+00 -3.8040e+00
587 0 +2.554680931e+00 -2.204253191e+02 -2.204253191e+02 +3.3752e+00 +3.5881e-01 -3.1346e+00 +2.1905e+00 -3.8187e+00
642 0 +2.355704894e+00 -2.206242951e+02 -2.206242951e+02 +3.3318e+00 +4.3118e-01 -3.1083e+00 +2.2357e+00 -3.8318e+00
657 0 +1.853806121e+00 -2.211261939e+02 -2.211261939e+02 +3.2993e+00 +4.8248e-01 -3.1046e+00 +2.2463e+00 -3.8473e+00
682 0 +1.796958207e+00 -2.211830418e+02 -2.211830418e+02 +3.3444e+00 +4.0476e-01 -3.1198e+00 +2.2090e+00 -3.8305e+00
690 0 +1.750150159e+00 -2.212298498e+02 -2.212298498e+02 +3.3129e+00 +4.6553e-01 -3.1019e+00 +2.2519e+00 -3.8366e+00
716 0 +9.445497382e-01 -2.220354503e+02 -2.220354503e+02 +3.3537e+00 +3.8137e-01 -3.1308e+00 +2.2098e+00 -3.8191e+00
774 0 +8.804386038e-01 -2.220995614e+02 -2.220995614e+02 +3.3736e+00 +3.4188e-01 -3.1411e+00 +2.1880e+00 -3.8120e+00
799 0 +6.678941593e-01 -2.223121058e+02 -2.223121058e+02 +3.3945e+00 +2.9928e-01 -3.1547e+00 +2.1691e+00 -3.7958e+00
863 0 +2.106044222e-01 -2.227693956e+02 -2.227693956e+02 +3.3835e+00 +3.2475e-01 -3.1467e+00 +2.1815e+00 -3.8025e+00
1021 0 +1.918775801e-01 -2.227881224e+02 -2.227881224e+02 +3.3998e+00 +2.9313e-01 -3.1557e+00 +2.1677e+00 -3.7944e+00
1077 0 +1.852651784e-01 -2.227947348e+02 -2.227947348e+02 +3.3826e+00 +3.2717e-01 -3.1460e+00 +2.1825e+00 -3.8031e+00
1096 0 +1.598873628e-01 -2.228201126e+02 -2.228201126e+02 +3.3920e+00 +3.0837e-01 -3.1510e+00 +2.1741e+00 -3.7987e+00
1174 0 +1.395513785e-01 -2.228404486e+02 -2.228404486e+02 +3.4072e+00 +2.7817e-01 -3.1598e+00 +2.1604e+00 -3.7912e+00
1178 0 +1.050888927e-01 -2.228749111e+02 -2.228749111e+02 +3.4316e+00 +2.3110e-01 -3.1734e+00 +2.1383e+00 -3.7790e+00
% f evaluations | g evaluations | best noise-free fitness - Fopt (5.860000000000e+00) + sum g_i+ | measured fitness | best measured fitness or single-digit g-values | x1 | x2...
1 0 +1.155300555e+03 +1.161160555e+03 +1.161160555e+03 +5.9671e-01 -3.8264e-02 +7.4769e-01 +1.6230e+00 -1.3415e-01
2 0 +1.017084860e+03 +1.022944860e+03 +1.022944860e+03 -1.3414e-01 +1.6792e+00 +8.6743e-01 -3.6947e-01 +6.4256e-01
7 0 +9.041528243e+02 +9.100128243e+02 +9.100128243e+02 -5.0171e-01 +1.9523e+00 +8.6503e-02 -9.5771e-01 +9.2254e-01
23 0 +7.350601760e+02 +7.409201760e+02 +7.409201760e+02 -1.8188e+00 +7.3486e-02 +1.6023e-01 +2.5632e+00 -9.2361e-02
26 0 +6.121093801e+02 +6.179693801e+02 +6.179693801e+02 -9.0821e-01 +1.2869e+00 -2.2927e+00 +2.2553e+00 +5.7655e-01
27 0 +6.014606337e+02 +6.073206337e+02 +6.073206337e+02 -3.1135e+00 +2.3752e-01 -8.4247e-01 +3.2596e+00 -1.6246e+00
28 0 +5.491551147e+02 +5.550151147e+02 +5.550151147e+02 -3.0208e-01 +2.5720e+00 -4.2642e-01 +2.1589e+00 -3.7516e-01
55 0 +3.525725520e+02 +3.584325520e+02 +3.584325520e+02 -1.8863e+00 +2.9378e+00 +3.1940e-01 +2.3628e+00 +3.2662e-01
57 0 +2.411316339e+02 +2.469916339e+02 +2.469916339e+02 -2.6754e+00 +2.3612e+00 +5.8988e-01 +4.8633e+00 +9.8341e-01
164 0 +1.451494825e+02 +1.510094825e+02 +1.510094825e+02 -2.8883e+00 +2.2382e+00 +3.4804e-01 +4.9901e+00 +6.1428e-02
227 0 +6.413810072e+01 +6.999810072e+01 +6.999810072e+01 -2.4527e+00 +2.2502e+00 +2.7756e-01 +4.6038e+00 -1.2022e-01
341 0 +5.298364447e+01 +5.884364447e+01 +5.884364447e+01 -2.7900e+00 +2.1722e+00 -2.1675e-01 +3.3063e+00 +8.9584e-01
354 0 +4.326618979e+01 +4.912618979e+01 +4.912618979e+01 -2.9998e+00 +2.1936e+00 -5.5986e-01 +2.7139e+00 +1.4481e+00
367 0 +3.598200608e+01 +4.184200608e+01 +4.184200608e+01 -3.2981e+00 +2.0271e+00 -4.9265e-01 +2.8907e+00 +1.4571e+00
376 0 +3.195699489e+01 +3.781699489e+01 +3.781699489e+01 -3.5716e+00 +1.9511e+00 -6.5485e-01 +2.5653e+00 +1.4823e+00
415 0 +2.771993959e+01 +3.357993959e+01 +3.357993959e+01 -3.2719e+00 +2.1539e+00 -7.1073e-01 +2.4268e+00 +1.7198e+00
466 0 +2.394748063e+01 +2.980748063e+01 +2.980748063e+01 -3.2725e+00 +2.0310e+00 -7.1077e-01 +2.4955e+00 +1.5841e+00
483 0 +1.669822260e+01 +2.255822260e+01 +2.255822260e+01 -3.4051e+00 +2.0824e+00 -5.8769e-01 +2.7057e+00 +1.4245e+00
506 0 +1.531654158e+01 +2.117654158e+01 +2.117654158e+01 -3.4442e+00 +2.0669e+00 -7.4386e-01 +2.3039e+00 +1.6435e+00
532 0 +1.452073494e+01 +2.038073494e+01 +2.038073494e+01 -3.3668e+00 +2.0280e+00 -6.3819e-01 +2.5785e+00 +1.5405e+00
551 0 +1.166541675e+01 +1.752541675e+01 +1.752541675e+01 -3.4003e+00 +2.0655e+00 -6.6909e-01 +2.6056e+00 +1.5221e+00
579 0 +1.070844599e+01 +1.656844599e+01 +1.656844599e+01 -3.4987e+00 +2.0708e+00 -7.3894e-01 +2.3982e+00 +1.6761e+00
602 0 +4.687641727e+00 +1.054764173e+01 +1.054764173e+01 -3.4127e+00 +2.0634e+00 -6.9948e-01 +2.4724e+00 +1.6247e+00
605 0 +4.596241180e+00 +1.045624118e+01 +1.045624118e+01 -3.4786e+00 +2.0588e+00 -7.4528e-01 +2.3363e+00 +1.6856e+00
727 0 +2.448789910e+00 +8.308789910e+00 +8.308789910e+00 -3.6282e+00 +2.0424e+00 -8.7867e-01 +2.0430e+00 +1.9153e+00
740 0 +2.354909812e+00 +8.214909812e+00 +8.214909812e+00 -3.7232e+00 +2.0237e+00 -9.5694e-01 +1.8654e+00 +2.0252e+00
857 0 +1.944097186e+00 +7.804097186e+00 +7.804097186e+00 -3.5727e+00 +2.0438e+00 -8.2689e-01 +2.1692e+00 +1.8167e+00
878 0 +1.896972177e+00 +7.756972177e+00 +7.756972177e+00 -3.6088e+00 +2.0394e+00 -8.5544e-01 +2.0995e+00 +1.8677e+00
902 0 +1.652053424e+00 +7.512053424e+00 +7.512053424e+00 -3.6715e+00 +2.0302e+00 -9.1968e-01 +1.9507e+00 +1.9897e+00
908 0 +1.043166857e+00 +6.903166857e+00 +6.903166857e+00 -3.6584e+00 +2.0315e+00 -9.0723e-01 +1.9805e+00 +1.9522e+00
929 0 +9.646970996e-01 +6.824697100e+00 +6.824697100e+00 -3.7093e+00 +2.0220e+00 -9.5542e-01 +1.8671e+00 +2.0417e+00
930 0 +7.445841565e-01 +6.604584157e+00 +6.604584157e+00 -3.7045e+00 +2.0234e+00 -9.5684e-01 +1.8710e+00 +2.0427e+00
981 0 +6.700494087e-01 +6.530049409e+00 +6.530049409e+00 -3.7535e+00 +2.0181e+00 -9.9484e-01 +1.7744e+00 +2.1072e+00
1006 0 +6.175386284e-01 +6.477538628e+00 +6.477538628e+00 -3.6930e+00 +2.0244e+00 -9.4047e-01 +1.9089e+00 +2.0088e+00
1012 0 +3.667444375e-01 +6.226744438e+00 +6.226744438e+00 -3.6943e+00 +2.0254e+00 -9.4389e-01 +1.8977e+00 +2.0199e+00
1053 0 +3.004612089e-01 +6.160461209e+00 +6.160461209e+00 -3.6996e+00 +2.0253e+00 -9.4924e-01 +1.8867e+00 +2.0257e+00
1137 0 +2.799222710e-01 +6.139922271e+00 +6.139922271e+00 -3.8044e+00 +2.0133e+00 -1.0413e+00 +1.6703e+00 +2.1812e+00
1152 0 +2.622092719e-01 +6.122209272e+00 +6.122209272e+00 -3.8200e+00 +2.0106e+00 -1.0555e+00 +1.6386e+00 +2.2059e+00
1176 0 +1.950459033e-01 +6.055045903e+00 +6.055045903e+00 -3.7420e+00 +2.0211e+00 -9.8543e-01 +1.8007e+00 +2.0883e+00
1230 0 +1.935298931e-01 +6.053529893e+00 +6.053529893e+00 -3.7676e+00 +2.0176e+00 -1.0104e+00 +1.7437e+00 +2.1296e+00
1242 0 +1.376943164e-01 +5.997694316e+00 +5.997694316e+00 -3.7752e+00 +2.0160e+00 -1.0162e+00 +1.7296e+00 +2.1405e+00
