% f evaluations | g evaluations | best noise-free fitness - Fopt (-5.465000000000e+02) + sum g_i+ | measured fitness | best measured fitness or single-digit g-values | x1 | x2...
1 0 +7.422356741e+03 +6.875856741e+03 +6.875856741e+03 +5.9671e-01 -3.8264e-02
2 0 +3.063524971e+00 -5.434364750e+02 -5.434364750e+02 +7.4769e-01 +1.6230e+00
19 0 +2.838962836e+00 -5.436610372e+02 -5.436610372e+02 +7.2942e-01 +1.6244e+00
41 0 +2.347193028e+00 -5.441528070e+02 -5.441528070e+02 -1.1101e+00 +1.1661e+00
54 0 +1.376996395e+00 -5.451230036e+02 -5.451230036e+02 -1.1251e+00 +2.3571e+00
% f evaluations | g evaluations | best noise-free fitness - Fopt (1.000000000000e+03) + sum g_i+ | measured fitness | best measured fitness or single-digit g-values | x1 | x2...
1 0 +7.422356741e+03 +8.422356741e+03 +8.422356741e+03 +5.9671e-01 -3.8264e-02
2 0 +3.063524971e+00 +1.003063525e+03 +1.003063525e+03 +7.4769e-01 +1.6230e+00
19 0 +2.838962836e+00 +1.002838963e+03 +1.002838963e+03 +7.2942e-01 +1.6244e+00
41 0 +2.347193028e+00 +1.002347193e+03 +1.002347193e+03 -1.1101e+00 +1.1661e+00
111 0 +2.317051126e+00 +1.002317051e+03 +1.002317051e+03 +5.2486e-01 +1.6109e+00
151 0 +2.238803548e+00 +1.002238804e+03 +1.002238804e+03 +6.7763e-01 +1.6373e+00
154 0 +2.081662647e+00 +1.002081663e+03 +1.002081663e+03 +6.0718e-01 +1.6364e+00
202 0 +2.074469492e+00 +1.002074469e+03 +1.002074469e+03 +6.1762e-01 +1.6431e+00
210 0 +2.073559945e+00 +1.002073560e+03 +1.002073560e+03 +6.2001e-01 +1.6434e+00
241 0 +2.073260036e+00 +1.002073260e+03 +1.002073260e+03 +6.2005e-01 +1.6428e+00
260 0 +2.073132465e+00 +1.002073132e+03 +1.002073132e+03 +6.2330e-01 +1.6417e+00
273 0 +2.073020363e+00 +1.002073020e+03 +1.002073020e+03 +6.2168e-01 +1.6418e+00
288 0 +2.072957585e+00 +1.002072958e+03 +1.002072958e+03 +6.2116e-01 +1.6425e+00
319 0 +2.072927949e+00 +1.002072928e+03 +1.002072928e+03 +6.2182e-01 +1.6421e+00
323 0 +2.072781719e+00 +1.002072782e+03 +1.002072782e+03 +6.2528e-01 +1.6431e+00
325 0 +2.072738835e+00 +1.002072739e+03 +1.002072739e+03 +6.2356e-01 +1.6429e+00
377 0 +2.072729102e+00 +1.002072729e+03 +1.002072729e+03 +6.2393e-01 +1.6430e+00
% f evaluations | g evaluations | best noise-free fitness - Fopt (2.083800000000e+02) + sum g_i+ | measured fitness | best measured fitness or single-digit g-values | x1 | x2...
1 0 +7.422356741e+03 +7.630736741e+03 +7.630736741e+03 +5.9671e-01 -3.8264e-02
2 0 +3.063524971e+00 +2.114435250e+02 +2.114435250e+02 +7.4769e-01 +1.6230e+00
19 0 +2.838962836e+00 +2.112189628e+02 +2.112189628e+02 +7.2942e-01 +1.6244e+00
41 0 +2.347193028e+00 +2.107271930e+02 +2.107271930e+02 -1.1101e+00 +1.1661e+00
136 0 +1.967191143e+00 +2.103471911e+02 +2.103471911e+02 -9.6077e-01 +1.2758e+00
% f evaluations | g evaluations | best noise-free fitness - Fopt (-1.449600000000e+02) + sum g_i+ | measured fitness | best measured fitness or single-digit g-values | x1 | x2...
1 0 +6.610086276e+03 +6.465126276e+03 +6.465126276e+03 +5.9671e-01 -3.8264e-02
3 0 +4.066341843e+03 +3.921381843e+03 +3.921381843e+03 -1.3415e-01 -1.3414e-01
6 0 +2.065284413e+03 +1.920324413e+03 +1.920324413e+03 -3.6342e-01 -3.6573e-01
7 0 +4.275924218e+00 -1.406840758e+02 -1.406840758e+02 +3.4196e-01 -1.8133e+00
10 0 +2.751292459e+00 -1.422087075e+02 -1.422087075e+02 -8.0802e-01 -1.3123e+00
81 0 +2.584583032e+00 -1.423754170e+02 -1.423754170e+02 -7.0819e-01 -2.4684e+00
82 0 +2.427206168e+00 -1.425327938e+02 -1.425327938e+02 -7.3181e-01 -2.4453e+00
83 0 +1.892540009e+00 -1.430674600e+02 -1.430674600e+02 -2.0457e+00 -1.2201e+00
84 0 +1.527558826e+00 -1.434324412e+02 -1.434324412e+02 -2.1112e+00 -1.2538e+00
95 0 +1.074542769e-01 -1.448525457e+02 -1.448525457e+02 -2.0459e+00 -2.1105e+00
% f evaluations | g evaluations | best noise-free fitness - Fopt (-6.300000000000e+00) + sum g_i+ | measured fitness | best measured fitness or single-digit g-values | x1 | x2...
1 0 +3.909678144e+03 +3.903378144e+03 +3.903378144e+03 +5.9671e-01 -3.8264e-02
6 0 +3.249599490e+03 +3.243299490e+03 +3.243299490e+03 -3.6342e-01 -3.6573e-01
7 0 +3.921089900e+00 -2.378910100e+00 -2.378910100e+00 +3.4196e-01 -1.8133e+00
19 0 +3.909859966e+00 -2.390140034e+00 -2.390140034e+00 -5.9011e-01 -2.2733e+00
20 0 +2.594223678e+00 -3.705776322e+00 -3.705776322e+00 -1.7649e+00 -1.9203e+00
51 0 +2.330532166e+00 -3.969467834e+00 -3.969467834e+00 -1.6277e+00 -1.5882e+00
74 0 +2.212899401e+00 -4.087100599e+00 -4.087100599e+00 -1.4947e+00 -2.1651e+00
213 0 +1.705009353e+00 -4.594990647e+00 -4.594990647e+00 -6.1027e-01 -2.8133e+00
221 0 +1.486438645e+00 -4.813561355e+00 -4.813561355e+00 -6.1302e-01 -2.7810e+00
227 0 +6.208667011e-01 -5.679133299e+00 -5.679133299e+00 -1.5131e+00 -3.0200e+00
% f evaluations | g evaluations | best noise-free fitness - Fopt (-1.367600000000e+02) + sum g_i+ | measured fitness | best measured fitness or single-digit g-values | x1 | x2...
1 0 +3.909678144e+03 +3.772918144e+03 +3.772918144e+03 +5.9671e-01 -3.8264e-02
6 0 +3.249599490e+03 +3.112839490e+03 +3.112839490e+03 -3.6342e-01 -3.6573e-01
7 0 +3.921089900e+00 -1.328389101e+02 -1.328389101e+02 +3.4196e-01 -1.8133e+00
19 0 +3.909859966e+00 -1.328501400e+02 -1.328501400e+02 -5.9011e-01 -2.2733e+00
20 0 +2.594223678e+00 -1.341657763e+02 -1.341657763e+02 -1.7649e+00 -1.9203e+00
51 0 +2.330532166e+00 -1.344294678e+02 -1.344294678e+02 -1.6277e+00 -1.5882e+00
74 0 +2.212899401e+00 -1.345471006e+02 -1.345471006e+02 -1.4947e+00 -2.1651e+00
% f evaluations | g evaluations | best noise-free fitness - Fopt (3.667500000000e+02) + sum g_i+ | measured fitness | best measured fitness or single-digit g-values | x1 | x2...
1 0 +6.610086276e+03 +6.976836276e+03 +6.976836276e+03 +5.9671e-01 -3.8264e-02
3 0 +4.066341843e+03 +4.433091843e+03 +4.433091843e+03 -1.3415e-01 -1.3414e-01
6 0 +2.065284413e+03 +2.432034413e+03 +2.432034413e+03 -3.6342e-01 -3.6573e-01
7 0 +4.275924218e+00 +3.710259242e+02 +3.710259242e+02 +3.4196e-01 -1.8133e+00
10 0 +2.751292459e+00 +3.695012925e+02 +3.695012925e+02 -8.0802e-01 -1.3123e+00
81 0 +2.584583032e+00 +3.693345830e+02 +3.693345830e+02 -7.0819e-01 -2.4684e+00
82 0 +2.427206168e+00 +3.691772062e+02 +3.691772062e+02 -7.3181e-01 -2.4453e+00
83 0 +1.892540009e+00 +3.686425400e+02 +3.686425400e+02 -2.0457e+00 -1.2201e+00
84 0 +1.527558826e+00 +3.682775588e+02 +3.682775588e+02 -2.1112e+00 -1.2538e+00
95 0 +1.074542769e-01 +3.668574543e+02 +3.668574543e+02 -2.0459e+00 -2.1105e+00
% f evaluations | g evaluations | best noise-free fitness - Fopt (-2.486900000000e+02) + sum g_i+ | measured fitness | best measured fitness or single-digit g-values | x1 | x2...
1 0 +3.909678144e+03 +3.660988144e+03 +3.660988144e+03 +5.9671e-01 -3.8264e-02
6 0 +3.249599490e+03 +3.000909490e+03 +3.000909490e+03 -3.6342e-01 -3.6573e-01
7 0 +3.921089900e+00 -2.447689101e+02 -2.447689101e+02 +3.4196e-01 -1.8133e+00
19 0 +3.909859966e+00 -2.447801400e+02 -2.447801400e+02 -5.9011e-01 -2.2733e+00
20 0 +2.594223678e+00 -2.460957763e+02 -2.460957763e+02 -1.7649e+00 -1.9203e+00
51 0 +2.330532166e+00 -2.463594678e+02 -2.463594678e+02 -1.6277e+00 -1.5882e+00
74 0 +2.212899401e+00 -2.464771006e+02 -2.464771006e+02 -1.4947e+00 -2.1651e+00
327 0 +2.184107198e+00 -2.465058928e+02 -2.465058928e+02 +2.1458e-01 -2.5531e+00
341 0 +1.864025543e+00 -2.468259745e+02 -2.468259745e+02 -5.5472e-01 -2.7368e+00
351 0 +1.389421952e+00 -2.473005780e+02 -2.473005780e+02 -1.5326e+00 -2.9559e+00
355 0 +9.628963382e-01 -2.477271037e+02 -2.477271037e+02 -1.4628e+00 -2.9612e+00
383 0 +7.849836250e-01 -2.479050164e+02 -2.479050164e+02 -1.5741e+00 -3.0048e+00
398 0 +6.226694635e-01 -2.480673305e+02 -2.480673305e+02 -1.4779e+00 -2.9998e+00
401 0 +6.067351693e-01 -2.480832648e+02 -2.480832648e+02 -1.4960e+00 -2.9996e+00
402 0 +5.931243933e-01 -2.480968756e+02 -2.480968756e+02 -1.5153e+00 -3.0116e+00
484 0 +5.926328340e-01 -2.480973672e+02 -2.480973672e+02 -1.5168e+00 -3.0102e+00
% f evaluations | g evaluations | best noise-free fitness - Fopt (-6.786000000000e+01) + sum g_i+ | measured fitness | best measured fitness or single-digit g-values | x1 | x2...
1 0 +7.422356741e+03 +7.354496741e+03 +7.354496741e+03 +5.9671e-01 -3.8264e-02
2 0 +3.063524971e+00 -6.479647503e+01 -6.479647503e+01 +7.4769e-01 +1.6230e+00
19 0 +2.838962836e+00 -6.502103716e+01 -6.502103716e+01 +7.2942e-01 +1.6244e+00
41 0 +2.347193028e+00 -6.551280697e+01 -6.551280697e+01 -1.1101e+00 +1.1661e+00
70 0 +1.998757635e+00 -6.586124237e+01 -6.586124237e+01 -2.3009e+00 +1.7118e+00
105 0 +1.735037031e+00 -6.612496297e+01 -6.612496297e+01 -2.0555e+00 +2.0274e+00
106 0 +8.408220328e-01 -6.701917797e+01 -6.701917797e+01 -2.0246e+00 +2.0710e+00
122 0 +2.956592260e-01 -6.756434077e+01 -6.756434077e+01 -2.0804e+00 +2.0771e+00
150 0 +2.010202653e-01 -6.765897973e+01 -6.765897973e+01 -2.0851e+00 +2.0820e+00
158 0 +7.801001356e-02 -6.778198999e+01 -6.778198999e+01 -2.0793e+00 +2.0956e+00
173 0 +1.917450258e-02 -6.784082550e+01 -6.784082550e+01 -2.0774e+00 +2.1108e+00
226 0 +1.738228586e-03 -6.785826177e+01 -6.785826177e+01 -2.1112e+00 +2.1049e+00
256 0 +1.713480355e-03 -6.785828652e+01 -6.785828652e+01 -2.1128e+00 +2.1022e+00
262 0 +7.179545371e-04 -6.785928205e+01 -6.785928205e+01 -2.1046e+00 +2.1032e+00
324 0 +4.972113152e-04 -6.785950279e+01 -6.785950279e+01 -2.1028e+00 +2.1041e+00
326 0 +2.374719831e-04 -6.785976253e+01 -6.785976253e+01 -2.1024e+00 +2.1049e+00
337 0 +1.775875186e-04 -6.785982241e+01 -6.785982241e+01 -2.1052e+00 +2.1056e+00
356 0 +1.091053411e-04 -6.785989089e+01 -6.785989089e+01 -2.1028e+00 +2.1053e+00
367 0 +1.922374926e-05 -6.785998078e+01 -6.785998078e+01 -2.1041e+00 +2.1049e+00
386 0 +5.133839693e-06 -6.785999487e+01 -6.785999487e+01 -2.1044e+00 +2.1049e+00
410 0 +2.701902915e-06 -6.785999730e+01 -6.785999730e+01 -2.1049e+00 +2.1047e+00
418 0 +2.514230601e-07 -6.785999975e+01 -6.785999975e+01 -2.1048e+00 +2.1049e+00
475 0 +2.732606674e-08 -6.785999997e+01 -6.785999997e+01 -2.1048e+00 +2.1049e+00
% f evaluations | g evaluations | best noise-free fitness - Fopt (-2.329000000000e+01) + sum g_i+ | measured fitness | best measured fitness or single-digit g-values | x1 | x2...
1 0 +4.534624684e+03 +4.511334684e+03 +4.511334684e+03 +5.9671e-01 -3.8264e-02
2 0 +4.205356173e+00 -1.908464383e+01 -1.908464383e+01 +7.4769e-01 +1.6230e+00
22 0 +3.779068144e+00 -1.951093186e+01 -1.951093186e+01 +8.5953e-01 +2.5162e+00
30 0 +3.240019648e+00 -2.004998035e+01 -2.004998035e+01 +1.7947e+00 +7.1504e-01
36 0 +2.891243427e+00 -2.039875657e+01 -2.039875657e+01 +9.2753e-01 +1.5585e+00
38 0 +2.143249722e+00 -2.114675028e+01 -2.114675028e+01 +9.3912e-01 +1.2170e+00
44 0 +2.318717474e-01 -2.305812825e+01 -2.305812825e+01 +2.1998e+00 +2.0759e+00
112 0 +7.325383337e-02 -2.321674617e+01 -2.321674617e+01 +2.0507e+00 +2.1187e+00
173 0 +4.041905901e-02 -2.324958094e+01 -2.324958094e+01 +2.1449e+00 +2.0949e+00
214 0 +7.693034548e-03 -2.328230697e+01 -2.328230697e+01 +2.0890e+00 +2.1065e+00
227 0 +4.609721804e-03 -2.328539028e+01 -2.328539028e+01 +2.1120e+00 +2.0994e+00
228 0 +2.601915253e-03 -2.328739808e+01 -2.328739808e+01 +2.1150e+00 +2.1025e+00
231 0 +1.445024847e-03 -2.328855498e+01 -2.328855498e+01 +2.1038e+00 +2.1075e+00
235 0 +1.328874900e-04 -2.328986711e+01 -2.328986711e+01 +2.1062e+00 +2.1039e+00
276 0 +4.665362492e-05 -2.328995335e+01 -2.328995335e+01 +2.1035e+00 +2.1051e+00
292 0 +1.841966142e-05 -2.328998158e+01 -2.328998158e+01 +2.1053e+00 +2.1049e+00
325 0 +4.136956413e-07 -2.328999959e+01 -2.328999959e+01 +2.1050e+00 +2.1048e+00
362 0 +2.185815688e-07 -2.328999978e+01 -2.328999978e+01 +2.1049e+00 +2.1049e+00
416 0 +1.414335422e-07 -2.328999986e+01 -2.328999986e+01 +2.1049e+00 +2.1048e+00
425 0 +2.617802863e-08 -2.328999997e+01 -2.328999997e+01 +2.1049e+00 +2.1048e+00
460 0 +1.794858662e-08 -2.328999998e+01 -2.328999998e+01 +2.1049e+00 +2.1048e+00
474 0 +7.708077732e-09 -2.328999999e+01 -2.328999999e+01 +2.1049e+00 +2.1048e+00
