% f evaluations | g evaluations | best noise-free fitness - Fopt (-1.000000000000e+03) + sum g_i+ | measured fitness | best measured fitness or single-digit g-values | x1 | x2...
1 0 +2.230668134e+01 -9.776933187e+02 -9.776933187e+02 +5.9671e-01 -3.8264e-02 +7.4769e-01 +1.6230e+00 -1.3415e-01
9 0 +2.156985621e+01 -9.784301438e+02 -9.784301438e+02 +8.3847e-01 +2.7137e-01 -1.5648e-02 -2.0110e-01 -1.3785e+00
14 0 +2.196735054e+00 -9.978032649e+02 -9.978032649e+02 +1.4562e+00 +2.7990e-02 +1.1035e+00 +4.6164e-01 -5.4512e-01
472 0 +1.701519870e+00 -9.982984801e+02 -9.982984801e+02 +1.6031e+00 +5.2984e-02 +1.8542e+00 +5.8736e-01 -8.3931e-01
606 0 +1.496187123e+00 -9.985038129e+02 -9.985038129e+02 +2.7656e+00 +4.3726e-01 +1.2386e+00 +9.5510e-01 -1.9091e-01
669 0 +9.822280860e-01 -9.990177719e+02 -9.990177719e+02 +1.1615e+00 +9.8234e-01 +2.1190e+00 +1.8259e+00 -7.7664e-01
688 0 +5.319497741e-01 -9.994680502e+02 -9.994680502e+02 +2.5414e+00 +1.0283e+00 +2.1156e+00 +3.2315e-01 -9.5279e-01
706 0 +2.495722150e-01 -9.997504278e+02 -9.997504278e+02 +1.8740e+00 +6.9602e-01 +2.0428e+00 +6.0585e-01 -7.5692e-01
730 0 +2.209391183e-01 -9.997790609e+02 -9.997790609e+02 +1.4201e+00 +9.4927e-01 +3.0120e+00 +4.7481e-01 -1.3712e+00
796 0 +1.451109511e-01 -9.998548890e+02 -9.998548890e+02 +1.3371e+00 +5.4184e-01 +1.9333e+00 +6.0073e-01 -1.0871e+00
797 0 +4.241452531e-02 -9.999575855e+02 -9.999575855e+02 +1.4216e+00 +6.9651e-01 +2.5461e+00 +6.3643e-01 -1.1991e+00
798 0 +3.787786427e-02 -9.999621221e+02 -9.999621221e+02 +1.7800e+00 +5.6441e-01 +2.1456e+00 +5.9815e-01 -9.2708e-01
823 0 +3.264408018e-03 -9.999967356e+02 -9.999967356e+02 +1.6293e+00 +7.9350e-01 +2.3054e+00 +6.7157e-01 -1.0681e+00
1011 0 +2.278212022e-03 -9.999977218e+02 -9.999977218e+02 +1.4235e+00 +1.0023e+00 +2.8149e+00 +1.5414e-01 -1.6607e+00
1036 0 +8.934696764e-04 -9.999991065e+02 -9.999991065e+02 +1.4453e+00 +8.4767e-01 +2.5304e+00 +4.1012e-01 -1.3604e+00
1041 0 +2.978571391e-04 -9.999997021e+02 -9.999997021e+02 +1.4884e+00 +7.3131e-01 +2.5308e+00 +1.6148e-01 -1.4553e+00
1096 0 +2.502051099e-04 -9.999997498e+02 -9.999997498e+02 +1.5309e+00 +7.6480e-01 +2.4612e+00 +3.0098e-01 -1.3379e+00
1126 0 +5.195159815e-05 -9.999999480e+02 -9.999999480e+02 +1.4775e+00 +7.6062e-01 +2.5297e+00 +1.6787e-01 -1.4523e+00
