% f evaluations | g evaluations | best noise-free fitness - Fopt (1.026100000000e+02) + sum g_i+ | measured fitness | best measured fitness or single-digit g-values | x1 | x2...
1 0 +8.499088232e+01 +1.876008823e+02 +1.876008823e+02 +5.9671e-01 -3.8264e-02 +7.4769e-01 +1.6230e+00 -1.3415e-01
3 0 +7.334857351e+01 +1.759585735e+02 +1.759585735e+02 -3.6342e-01 -3.6573e-01 +3.4196e-01 -1.8133e+00 -1.6249e+00
5 0 +6.580041802e+01 +1.684104180e+02 +1.684104180e+02 +1.5656e+00 -1.2578e-01 +1.6753e-01 -1.3247e+00 -4.4438e-01
9 0 +6.386104831e+01 +1.664710483e+02 +1.664710483e+02 +8.3847e-01 +2.7137e-01 -1.5648e-02 -2.0110e-01 -1.3785e+00
12 0 +4.633366536e+01 +1.489436654e+02 +1.489436654e+02 +1.0313e+00 -7.3922e-01 -2.0921e-01 +4.3126e-01 +1.0755e+00
32 0 +4.503576214e+01 +1.476457621e+02 +1.476457621e+02 -7.0199e-01 +4.0030e-01 -2.0492e-01 +2.5039e-01 -1.5488e+00
47 0 +3.772261074e+01 +1.403326107e+02 +1.403326107e+02 +1.3778e+00 +1.2660e+00 -1.1202e+00 -1.8980e-01 -8.0191e-01
146 0 +2.559912335e+01 +1.282091234e+02 +1.282091234e+02 +9.6234e-01 +1.0586e+00 -2.0312e-01 -1.5840e+00 -1.9004e+00
246 0 +1.500621884e+01 +1.176162188e+02 +1.176162188e+02 +1.4729e+00 +9.3115e-01 -6.3317e-01 -1.2719e+00 -2.3982e+00
1193 0 +8.705895337e+00 +1.113158953e+02 +1.113158953e+02 +1.3188e+00 +1.3829e+00 -1.5846e+00 -1.1038e+00 -1.4267e+00
