% f evaluations | g evaluations | best noise-free fitness - Fopt (4.078000000000e+01) + sum g_i+ | measured fitness | best measured fitness or single-digit g-values | x1 | x2...
1 0 +6.971655738e+01 +1.104965574e+02 +1.104965574e+02 +5.9671e-01 -3.8264e-02 +7.4769e-01 +1.6230e+00 -1.3415e-01
2 0 +1.678455227e+01 +5.756455227e+01 +5.756455227e+01 -1.3414e-01 +1.6792e+00 +8.6743e-01 -3.6947e-01 +6.4256e-01
7 0 +9.459257437e+00 +5.023925744e+01 +5.023925744e+01 -5.0171e-01 +1.9523e+00 +8.6503e-02 -9.5771e-01 +9.2254e-01
43 0 +4.059874419e+00 +4.483987442e+01 +4.483987442e+01 -1.9184e+00 +1.1010e+00 +1.0488e-01 -2.3298e+00 +9.6442e-02
77 0 +2.631723279e+00 +4.341172328e+01 +4.341172328e+01 -1.9284e+00 +1.1520e+00 +3.7226e-01 -1.9027e+00 -2.0410e-01
186 0 +2.115439214e+00 +4.289543921e+01 +4.289543921e+01 -1.6253e+00 +1.3476e+00 +1.0497e+00 -1.6970e+00 +4.1566e-02
188 0 +1.977955341e+00 +4.275795534e+01 +4.275795534e+01 -1.2425e+00 +1.0151e+00 +4.5012e-01 -1.3841e+00 +4.7732e-01
236 0 +1.961878972e+00 +4.274187897e+01 +4.274187897e+01 -1.5229e+00 +1.6515e+00 +3.2066e-01 -1.4472e+00 +3.0171e-01
244 0 +1.769417271e+00 +4.254941727e+01 +4.254941727e+01 -1.7416e+00 +9.8474e-01 +6.5208e-01 -1.6936e+00 +3.3297e-01
306 0 +1.710232796e+00 +4.249023280e+01 +4.249023280e+01 -1.5072e+00 +1.2565e+00 +7.1557e-01 -1.3598e+00 +7.4213e-01
346 0 +1.545829940e+00 +4.232582994e+01 +4.232582994e+01 -1.5461e+00 +1.2709e+00 +4.7972e-01 -1.2920e+00 +5.3918e-01
398 0 +1.508330608e+00 +4.228833061e+01 +4.228833061e+01 -1.6521e+00 +1.3675e+00 +4.7316e-01 -1.4353e+00 +3.2361e-01
402 0 +1.484517305e+00 +4.226451731e+01 +4.226451731e+01 -1.6149e+00 +1.0872e+00 +6.5149e-01 -1.4129e+00 +5.4578e-01
452 0 +1.455105177e+00 +4.223510518e+01 +4.223510518e+01 -1.5906e+00 +1.3459e+00 +4.2320e-01 -1.4986e+00 +6.7927e-01
519 0 +1.321437260e+00 +4.210143726e+01 +4.210143726e+01 -1.8394e+00 +1.2814e+00 +5.9092e-01 -1.4709e+00 +5.1679e-01
580 0 +1.253651077e+00 +4.203365108e+01 +4.203365108e+01 -1.7281e+00 +1.2564e+00 +5.8712e-01 -1.5243e+00 +5.4727e-01
683 0 +1.252857798e+00 +4.203285780e+01 +4.203285780e+01 -1.7312e+00 +1.2652e+00 +5.3611e-01 -1.4963e+00 +5.0632e-01
686 0 +1.246921440e+00 +4.202692144e+01 +4.202692144e+01 -1.7376e+00 +1.2642e+00 +5.4087e-01 -1.5095e+00 +5.4479e-01
726 0 +1.245906366e+00 +4.202590637e+01 +4.202590637e+01 -1.7149e+00 +1.2690e+00 +5.4859e-01 -1.5132e+00 +5.4218e-01
939 0 +1.245335368e+00 +4.202533537e+01 +4.202533537e+01 -1.7181e+00 +1.2565e+00 +5.4016e-01 -1.5137e+00 +5.4295e-01
1148 0 +1.245284573e+00 +4.202528457e+01 +4.202528457e+01 -1.7182e+00 +1.2576e+00 +5.4263e-01 -1.5155e+00 +5.4475e-01
