% f evaluations | g evaluations | best noise-free fitness - Fopt (7.948000000000e+01) + sum g_i+ | measured fitness | best measured fitness or single-digit g-values | x1 | x2...
1 0 +1.011270869e+01 +8.959270869e+01 +8.959270869e+01 +5.9671e-01 -3.8264e-02 +7.4769e-01 +1.6230e+00 -1.3415e-01
9 0 +9.106632127e+00 +8.858663213e+01 +8.858663213e+01 +8.3847e-01 +2.7137e-01 -1.5648e-02 -2.0110e-01 -1.3785e+00
10 0 +8.168478149e+00 +8.764847815e+01 +8.764847815e+01 -6.1984e-01 -3.6064e-01 +1.1571e+00 +4.4362e-01 -1.6630e+00
16 0 +6.167429177e+00 +8.564742918e+01 +8.564742918e+01 +9.2190e-01 +1.8705e-01 -1.9901e-01 +1.9176e-01 -1.8876e+00
27 0 +4.499136350e+00 +8.397913635e+01 +8.397913635e+01 +6.2735e-01 -1.6364e+00 +2.5453e-01 +2.4890e-01 -3.2786e+00
35 0 +4.225774941e+00 +8.370577494e+01 +8.370577494e+01 -3.6369e-01 -8.3278e-01 -5.5419e-01 +6.5907e-01 -1.2297e+00
49 0 +2.894041555e+00 +8.237404155e+01 +8.237404155e+01 -2.6509e-01 -3.0337e-01 +5.1529e-01 +1.8350e+00 -3.2752e+00
73 0 +1.580651193e+00 +8.106065119e+01 +8.106065119e+01 -7.2635e-01 -7.7686e-01 -7.9700e-01 +1.2680e+00 -2.8775e+00
203 0 +6.540988980e-01 +8.013409890e+01 +8.013409890e+01 +1.9847e-01 -6.1724e-01 -8.6554e-01 +1.3910e+00 -2.4498e+00
376 0 +4.776058420e-01 +7.995760584e+01 +7.995760584e+01 +4.9375e-01 -1.7923e+00 -6.4036e-01 +1.9612e+00 -2.7675e+00
384 0 +4.411416488e-01 +7.992114165e+01 +7.992114165e+01 +7.5529e-03 -8.7081e-01 -1.2137e+00 +1.8713e+00 -2.4433e+00
408 0 +4.017580543e-01 +7.988175805e+01 +7.988175805e+01 +3.1515e-01 -9.2178e-01 -6.8264e-01 +1.9287e+00 -2.0969e+00
414 0 +1.351441577e-01 +7.961514416e+01 +7.961514416e+01 +2.6625e-01 -1.3006e+00 -1.0491e+00 +1.8484e+00 -2.6307e+00
454 0 +1.124446084e-01 +7.959244461e+01 +7.959244461e+01 +2.9611e-01 -1.0352e+00 -5.1992e-01 +1.8263e+00 -2.8909e+00
482 0 +8.517399005e-02 +7.956517399e+01 +7.956517399e+01 +3.3877e-01 -1.1592e+00 -6.3256e-01 +1.7264e+00 -2.8523e+00
502 0 +8.449428457e-02 +7.956449428e+01 +7.956449428e+01 +2.2030e-01 -9.5255e-01 -7.0228e-01 +2.1009e+00 -2.5769e+00
553 0 +5.997676584e-02 +7.953997677e+01 +7.953997677e+01 +2.0059e-01 -1.2795e+00 -7.4085e-01 +1.8341e+00 -2.4981e+00
556 0 +4.355850363e-02 +7.952355850e+01 +7.952355850e+01 +1.8301e-01 -1.2215e+00 -8.7523e-01 +1.8250e+00 -2.6441e+00
566 0 +2.253655490e-02 +7.950253655e+01 +7.950253655e+01 +1.9961e-01 -1.2025e+00 -6.8692e-01 +1.8805e+00 -2.5619e+00
671 0 +1.575768334e-02 +7.949575768e+01 +7.949575768e+01 +2.2339e-01 -1.1305e+00 -7.7278e-01 +2.0128e+00 -2.7469e+00
674 0 +1.520306852e-02 +7.949520307e+01 +7.949520307e+01 +2.6505e-01 -1.2250e+00 -6.5179e-01 +1.8769e+00 -2.7331e+00
679 0 +1.173647750e-02 +7.949173648e+01 +7.949173648e+01 +2.1796e-01 -1.2341e+00 -6.9549e-01 +1.9866e+00 -2.6700e+00
704 0 +1.089386868e-02 +7.949089387e+01 +7.949089387e+01 +2.8781e-01 -1.1231e+00 -8.0025e-01 +1.9265e+00 -2.7330e+00
727 0 +6.210184043e-03 +7.948621018e+01 +7.948621018e+01 +2.6083e-01 -1.1196e+00 -6.9636e-01 +1.8694e+00 -2.7081e+00
742 0 +2.759061428e-03 +7.948275906e+01 +7.948275906e+01 +2.1123e-01 -1.1591e+00 -7.1049e-01 +1.9014e+00 -2.6660e+00
831 0 +2.669021209e-03 +7.948266902e+01 +7.948266902e+01 +2.1434e-01 -1.1604e+00 -7.2546e-01 +1.8970e+00 -2.6633e+00
841 0 +2.658046501e-03 +7.948265805e+01 +7.948265805e+01 +2.1074e-01 -1.1841e+00 -7.3262e-01 +1.9348e+00 -2.6799e+00
856 0 +1.463861320e-03 +7.948146386e+01 +7.948146386e+01 +2.6673e-01 -1.1434e+00 -7.0465e-01 +1.9187e+00 -2.6552e+00
874 0 +2.611034290e-04 +7.948026110e+01 +7.948026110e+01 +2.6459e-01 -1.1485e+00 -7.1807e-01 +1.9223e+00 -2.6794e+00
1000 0 +2.270833501e-04 +7.948022708e+01 +7.948022708e+01 +2.5176e-01 -1.1424e+00 -7.2002e-01 +1.9250e+00 -2.6796e+00
1033 0 +2.056265870e-04 +7.948020563e+01 +7.948020563e+01 +2.5558e-01 -1.1696e+00 -7.2172e-01 +1.9317e+00 -2.6805e+00
1037 0 +1.393250429e-04 +7.948013933e+01 +7.948013933e+01 +2.4732e-01 -1.1535e+00 -7.2742e-01 +1.9323e+00 -2.6880e+00
1039 0 +1.330306239e-04 +7.948013303e+01 +7.948013303e+01 +2.4351e-01 -1.1548e+00 -7.2674e-01 +1.9323e+00 -2.6806e+00
1088 0 +8.667154167e-05 +7.948008667e+01 +7.948008667e+01 +2.4609e-01 -1.1584e+00 -7.1885e-01 +1.9239e+00 -2.6833e+00
1126 0 +4.213867642e-05 +7.948004214e+01 +7.948004214e+01 +2.5512e-01 -1.1608e+00 -7.2493e-01 +1.9221e+00 -2.6797e+00
1130 0 +5.419058894e-06 +7.948000542e+01 +7.948000542e+01 +2.5170e-01 -1.1584e+00 -7.2326e-01 +1.9256e+00 -2.6801e+00
1218 0 +2.317523652e-06 +7.948000232e+01 +7.948000232e+01 +2.5256e-01 -1.1567e+00 -7.2516e-01 +1.9259e+00 -2.6816e+00
1238 0 +1.448408668e-06 +7.948000145e+01 +7.948000145e+01 +2.5237e-01 -1.1563e+00 -7.2417e-01 +1.9262e+00 -2.6817e+00
