% f evaluations | g evaluations | best noise-free fitness - Fopt (1.238300000000e+02) + sum g_i+ | measured fitness | best measured fitness or single-digit g-values | x1 | x2...
1 0 +7.736152776e+01 +2.011915278e+02 +2.011915278e+02 +5.9671e-01 -3.8264e-02
3 0 +5.157291611e-01 +1.243457292e+02 +1.243457292e+02 -1.3415e-01 -1.3414e-01
14 0 +3.354474981e-01 +1.241654475e+02 +1.241654475e+02 -1.5466e-01 -2.7207e-01
31 0 +2.814667507e-01 +1.241114668e+02 +1.241114668e+02 -1.6001e-01 -2.0061e-01
39 0 +4.105182432e-03 +1.238341052e+02 +1.238341052e+02 -6.7021e-02 +5.7279e-01
134 0 +1.212387145e-03 +1.238312124e+02 +1.238312124e+02 -4.7631e-02 +6.4111e-01
193 0 +2.320058102e-04 +1.238302320e+02 +1.238302320e+02 -2.6512e-02 +7.2094e-01
206 0 +1.664035929e-04 +1.238301664e+02 +1.238301664e+02 -2.3855e-02 +7.2909e-01
244 0 +7.479350870e-06 +1.238300075e+02 +1.238300075e+02 -2.8918e-02 +7.1074e-01
471 0 +6.477513892e-06 +1.238300065e+02 +1.238300065e+02 -2.9244e-02 +7.0964e-01
% f evaluations | g evaluations | best noise-free fitness - Fopt (4.751000000000e+01) + sum g_i+ | measured fitness | best measured fitness or single-digit g-values | x1 | x2...
1 0 +1.601969008e-01 +4.767019690e+01 +4.767019690e+01 +5.9671e-01 -3.8264e-02
31 0 +1.344571702e-01 +4.764445717e+01 +4.764445717e+01 +6.9499e-02 +1.6288e-01
129 0 +1.296278490e-01 +4.763962785e+01 +4.763962785e+01 +5.0597e-02 +1.6141e-01
131 0 +1.063402556e-01 +4.761634026e+01 +4.761634026e+01 +2.2804e-01 +1.0180e-01
142 0 +8.435152900e-02 +4.759435153e+01 +4.759435153e+01 +3.4022e-01 +6.6019e-02
182 0 +5.851691208e-02 +4.756851691e+01 +4.756851691e+01 +2.7851e-01 +9.3089e-02
192 0 +5.546380523e-02 +4.756546381e+01 +4.756546381e+01 +2.7146e-01 +9.7068e-02
193 0 +5.418949761e-02 +4.756418950e+01 +4.756418950e+01 +2.7044e-01 +1.0363e-01
200 0 +4.751130667e-02 +4.755751131e+01 +4.755751131e+01 +3.3352e-01 +8.6180e-02
222 0 +4.597651141e-02 +4.755597651e+01 +4.755597651e+01 +3.0673e-01 +8.6277e-02
223 0 +4.151565622e-02 +4.755151566e+01 +4.755151566e+01 +3.1418e-01 +8.6046e-02
252 0 +3.908863327e-02 +4.754908863e+01 +4.754908863e+01 +3.2403e-01 +8.3884e-02
307 0 +3.876648045e-02 +4.754876648e+01 +4.754876648e+01 +3.2543e-01 +8.3268e-02
313 0 +3.637037706e-02 +4.754637038e+01 +4.754637038e+01 +3.4632e-01 +7.8683e-02
316 0 +3.611183324e-02 +4.754611183e+01 +4.754611183e+01 +3.3868e-01 +7.9533e-02
332 0 +3.565561136e-02 +4.754565561e+01 +4.754565561e+01 +3.5082e-01 +7.7270e-02
334 0 +3.531780762e-02 +4.754531781e+01 +4.754531781e+01 +3.5134e-01 +7.6952e-02
350 0 +3.520613931e-02 +4.754520614e+01 +4.754520614e+01 +3.4241e-01 +7.7944e-02
371 0 +3.365398259e-02 +4.754365398e+01 +4.754365398e+01 +3.5034e-01 +7.5457e-02
381 0 +3.158970703e-02 +4.754158971e+01 +4.754158971e+01 +3.6056e-01 +7.0830e-02
383 0 +3.070330836e-02 +4.754070331e+01 +4.754070331e+01 +3.6688e-01 +7.0288e-02
387 0 +3.009231355e-02 +4.754009231e+01 +4.754009231e+01 +3.7480e-01 +6.8384e-02
391 0 +3.001715698e-02 +4.754001716e+01 +4.754001716e+01 +3.6985e-01 +6.7199e-02
392 0 +2.728557107e-02 +4.753728557e+01 +4.753728557e+01 +3.8736e-01 +6.3524e-02
406 0 +2.711655130e-02 +4.753711655e+01 +4.753711655e+01 +4.1603e-01 +4.7850e-02
407 0 +2.370419824e-02 +4.753370420e+01 +4.753370420e+01 +4.0482e-01 +5.5127e-02
431 0 +1.799335590e-02 +4.752799336e+01 +4.752799336e+01 +4.4569e-01 +4.2361e-02
443 0 +1.348288011e-02 +4.752348288e+01 +4.752348288e+01 +5.0381e-01 +2.1942e-02
466 0 +1.134742299e-02 +4.752134742e+01 +4.752134742e+01 +4.9450e-01 +2.1901e-02
480 0 +9.400010368e-03 +4.751940001e+01 +4.751940001e+01 +5.1375e-01 +1.4316e-02
490 0 +8.802068001e-03 +4.751880207e+01 +4.751880207e+01 +5.1928e-01 +1.2267e-02
492 0 +6.449896901e-03 +4.751644990e+01 +4.751644990e+01 +5.4919e-01 +2.1942e-03
493 0 +6.063573154e-03 +4.751606357e+01 +4.751606357e+01 +5.5291e-01 +5.8189e-04
495 0 +5.948828696e-03 +4.751594883e+01 +4.751594883e+01 +5.5635e-01 -6.1141e-04
% f evaluations | g evaluations | best noise-free fitness - Fopt (5.534000000000e+01) + sum g_i+ | measured fitness | best measured fitness or single-digit g-values | x1 | x2...
1 0 +1.641795000e+00 +5.698179500e+01 +5.698179500e+01 +5.9671e-01 -3.8264e-02
3 0 +8.841254452e-01 +5.622412545e+01 +5.622412545e+01 -1.3415e-01 -1.3414e-01
19 0 +2.708425915e-01 +5.561084259e+01 +5.561084259e+01 +2.4165e-01 -1.2088e-01
22 0 +2.171089846e-01 +5.555710898e+01 +5.555710898e+01 -7.5605e-01 -2.1646e-01
63 0 +1.446082938e-01 +5.548460829e+01 +5.548460829e+01 +2.4549e-02 -1.7162e-01
71 0 +1.026261139e-01 +5.544262611e+01 +5.544262611e+01 -1.5679e-01 -1.7809e-01
86 0 +7.345911343e-02 +5.541345911e+01 +5.541345911e+01 -1.3665e-01 -1.8642e-01
91 0 +1.031339345e-02 +5.535031339e+01 +5.535031339e+01 -4.6835e-01 -2.0443e-01
191 0 +3.857125859e-03 +5.534385713e+01 +5.534385713e+01 -5.5205e-01 -2.0172e-01
202 0 +2.373117826e-03 +5.534237312e+01 +5.534237312e+01 -5.8753e-01 -2.0343e-01
203 0 +1.854118411e-03 +5.534185412e+01 +5.534185412e+01 -5.8365e-01 -2.0229e-01
228 0 +1.808942734e-03 +5.534180894e+01 +5.534180894e+01 -6.3401e-01 -1.9942e-01
230 0 +1.608474776e-03 +5.534160847e+01 +5.534160847e+01 -5.9497e-01 -2.0270e-01
236 0 +7.456046121e-04 +5.534074560e+01 +5.534074560e+01 -6.2521e-01 -2.0196e-01
241 0 +4.309256512e-04 +5.534043093e+01 +5.534043093e+01 -6.5070e-01 -1.9988e-01
242 0 +1.699700935e-04 +5.534016997e+01 +5.534016997e+01 -6.9692e-01 -1.9944e-01
264 0 +5.169785361e-06 +5.534000517e+01 +5.534000517e+01 -6.8296e-01 -1.9949e-01
320 0 +1.653594012e-06 +5.534000165e+01 +5.534000165e+01 -6.8072e-01 -1.9964e-01
374 0 +5.226521509e-07 +5.534000052e+01 +5.534000052e+01 -6.7919e-01 -1.9970e-01
399 0 +3.786372034e-07 +5.534000038e+01 +5.534000038e+01 -6.7912e-01 -1.9965e-01
406 0 +1.503299458e-07 +5.534000015e+01 +5.534000015e+01 -6.7832e-01 -1.9968e-01
407 0 +4.276590460e-08 +5.534000004e+01 +5.534000004e+01 -6.7873e-01 -1.9968e-01
% f evaluations | g evaluations | best noise-free fitness - Fopt (-9.033000000000e+01) + sum g_i+ | measured fitness | best measured fitness or single-digit g-values | x1 | x2...
1 0 +1.456295539e+01 -7.576704461e+01 -7.576704461e+01 +5.9671e-01 -3.8264e-02
5 0 +6.761083068e+00 -8.356891693e+01 -8.356891693e+01 -3.6947e-01 +6.4256e-01
11 0 +1.976549774e+00 -8.835345023e+01 -8.835345023e+01 -2.8057e-01 +3.5963e-01
16 0 +1.343898228e+00 -8.898610177e+01 -8.898610177e+01 +1.3848e-01 +1.8987e-01
26 0 +9.450522014e-01 -8.938494780e+01 -8.938494780e+01 +2.7656e-01 -1.6919e-01
32 0 +2.975516224e-03 -9.032702448e+01 -9.032702448e+01 -3.5652e-01 +5.0093e-01
41 0 +1.873207541e-03 -9.032812679e+01 -9.032812679e+01 -4.7559e-01 +5.7571e-01
141 0 +1.022234287e-04 -9.032989778e+01 -9.032989778e+01 -4.2111e-01 +5.4221e-01
199 0 +7.786078588e-05 -9.032992214e+01 -9.032992214e+01 -4.3871e-01 +5.5436e-01
216 0 +6.209202436e-05 -9.032993791e+01 -9.032993791e+01 -4.2655e-01 +5.4616e-01
225 0 +1.816705716e-05 -9.032998183e+01 -9.032998183e+01 -4.4480e-01 +5.5802e-01
230 0 +7.584155043e-06 -9.032999242e+01 -9.032999242e+01 -4.3923e-01 +5.5408e-01
243 0 +7.154059645e-06 -9.032999285e+01 -9.032999285e+01 -4.3461e-01 +5.5127e-01
244 0 +5.292896375e-06 -9.032999471e+01 -9.032999471e+01 -4.3502e-01 +5.5145e-01
250 0 +3.591205953e-06 -9.032999641e+01 -9.032999641e+01 -4.4207e-01 +5.5614e-01
260 0 +3.167670997e-07 -9.032999968e+01 -9.032999968e+01 -4.3916e-01 +5.5421e-01
274 0 +2.486612516e-08 -9.032999998e+01 -9.032999998e+01 -4.3892e-01 +5.5402e-01
329 0 +1.826899165e-08 -9.032999998e+01 -9.032999998e+01 -4.3894e-01 +5.5404e-01
345 0 +4.936552500e-09 -9.033000000e+01 -9.033000000e+01 -4.3908e-01 +5.5413e-01
% f evaluations | g evaluations | best noise-free fitness - Fopt (6.561000000000e+01) + sum g_i+ | measured fitness | best measured fitness or single-digit g-values | x1 | x2...
1 0 +4.209695466e+01 +1.077069547e+02 +1.077069547e+02 +5.9671e-01 -3.8264e-02
3 0 +3.242565344e+00 +6.885256534e+01 +6.885256534e+01 -1.3415e-01 -1.3414e-01
6 0 +3.656765691e-01 +6.597567657e+01 +6.597567657e+01 -3.6342e-01 -3.6573e-01
22 0 +4.803700897e-02 +6.565803701e+01 +6.565803701e+01 -2.6445e-01 -1.9045e-01
123 0 +2.820531645e-02 +6.563820532e+01 +6.563820532e+01 -2.9236e-01 -2.5534e-01
146 0 +1.665862359e-02 +6.562665862e+01 +6.562665862e+01 -3.1948e-01 -3.2324e-01
154 0 +5.436761630e-03 +6.561543676e+01 +6.561543676e+01 -3.6384e-01 -4.5347e-01
180 0 +6.551663219e-05 +6.561006552e+01 +6.561006552e+01 -4.0537e-01 -5.9821e-01
290 0 +1.635297022e-05 +6.561001635e+01 +6.561001635e+01 -3.9826e-01 -5.7394e-01
361 0 +1.078474833e-05 +6.561001078e+01 +6.561001078e+01 -4.0095e-01 -5.8282e-01
371 0 +1.065904183e-05 +6.561001066e+01 +6.561001066e+01 -4.0003e-01 -5.8066e-01
373 0 +3.211036670e-06 +6.561000321e+01 +6.561000321e+01 -3.9987e-01 -5.7944e-01
399 0 +1.884800255e-06 +6.561000188e+01 +6.561000188e+01 -3.9999e-01 -5.8014e-01
474 0 +1.385019729e-06 +6.561000139e+01 +6.561000139e+01 -4.0001e-01 -5.8011e-01
493 0 +1.259054855e-06 +6.561000126e+01 +6.561000126e+01 -4.0039e-01 -5.8124e-01
495 0 +4.182879394e-07 +6.561000042e+01 +6.561000042e+01 -4.0071e-01 -5.8239e-01
% f evaluations | g evaluations | best noise-free fitness - Fopt (9.348200000000e+02) + sum g_i+ | measured fitness | best measured fitness or single-digit g-values | x1 | x2...
1 0 +2.688011283e+01 +9.617001128e+02 +9.617001128e+02 +5.9671e-01 -3.8264e-02
3 0 +2.436735683e+01 +9.591873568e+02 +9.591873568e+02 -1.3415e-01 -1.3414e-01
5 0 +7.540128032e+00 +9.423601280e+02 +9.423601280e+02 -3.6947e-01 +6.4256e-01
9 0 +4.911948120e+00 +9.397319481e+02 +9.397319481e+02 -9.1283e-01 +4.1425e-01
20 0 +1.683280998e+00 +9.365032810e+02 +9.365032810e+02 -8.5871e-01 +2.6794e-01
31 0 +1.289800398e+00 +9.361098004e+02 +9.361098004e+02 -6.9075e-01 +3.9407e-01
36 0 +5.040397950e-01 +9.353240398e+02 +9.353240398e+02 -9.5831e-03 +1.7539e-01
51 0 +3.608059078e-01 +9.351808059e+02 +9.351808059e+02 -1.0967e-01 +2.6764e-01
71 0 +2.607211331e-01 +9.350807211e+02 +9.350807211e+02 -5.7285e-02 +2.5165e-01
82 0 +2.220724777e-01 +9.350420725e+02 +9.350420725e+02 +3.5408e-02 +1.7055e-01
112 0 +9.758664740e-02 +9.349175866e+02 +9.349175866e+02 +2.0181e-01 +4.8501e-02
122 0 +5.003510575e-02 +9.348700351e+02 +9.348700351e+02 +3.5241e-01 -1.0670e-01
140 0 +4.210239335e-02 +9.348621024e+02 +9.348621024e+02 +3.5191e-01 -1.2523e-01
141 0 +1.149145530e-02 +9.348314915e+02 +9.348314915e+02 +4.4475e-01 -2.2286e-01
171 0 +1.057268936e-02 +9.348305727e+02 +9.348305727e+02 +4.4897e-01 -2.2839e-01
184 0 +8.301513378e-03 +9.348283015e+02 +9.348283015e+02 +4.7915e-01 -2.6320e-01
194 0 +6.054774815e-03 +9.348260548e+02 +9.348260548e+02 +4.8330e-01 -2.7027e-01
251 0 +4.756852134e-03 +9.348247569e+02 +9.348247569e+02 +4.9099e-01 -2.8146e-01
253 0 +3.478565290e-03 +9.348234786e+02 +9.348234786e+02 +5.0582e-01 -2.9910e-01
263 0 +3.138470170e-04 +9.348203138e+02 +9.348203138e+02 +5.6181e-01 -3.7110e-01
301 0 +1.179876176e-05 +9.348200118e+02 +9.348200118e+02 +5.8306e-01 -3.9982e-01
427 0 +4.622685651e-06 +9.348200046e+02 +9.348200046e+02 +5.8253e-01 -3.9902e-01
435 0 +1.081744927e-06 +9.348200011e+02 +9.348200011e+02 +5.8464e-01 -4.0166e-01
436 0 +2.764840019e-07 +9.348200003e+02 +9.348200003e+02 +5.8252e-01 -3.9886e-01
500 0 +7.687128800e-08 +9.348200001e+02 +9.348200001e+02 +5.8294e-01 -3.9943e-01
% f evaluations | g evaluations | best noise-free fitness - Fopt (-6.371000000000e+01) + sum g_i+ | measured fitness | best measured fitness or single-digit g-values | x1 | x2...
1 0 +5.828919543e+00 -5.788108046e+01 -5.788108046e+01 +5.9671e-01 -3.8264e-02
12 0 +3.780354310e+00 -5.992964569e+01 -5.992964569e+01 +9.5208e-02 +6.4106e-03
13 0 +1.211811892e+00 -6.249818811e+01 -6.249818811e+01 +8.4045e-02 +7.2593e-02
22 0 +1.397496856e-01 -6.357025031e+01 -6.357025031e+01 +4.3986e-01 -8.5081e-02
128 0 +1.132726769e-01 -6.359672732e+01 -6.359672732e+01 +1.2022e-01 +1.2632e-01
146 0 +7.734684150e-02 -6.363265316e+01 -6.363265316e+01 +2.5994e-01 +4.1237e-02
153 0 +7.000276209e-02 -6.363999724e+01 -6.363999724e+01 +2.3217e-01 +6.3750e-02
156 0 +6.321231280e-02 -6.364678769e+01 -6.364678769e+01 +2.5482e-01 +5.0075e-02
161 0 +2.371900997e-02 -6.368628099e+01 -6.368628099e+01 +5.1554e-01 -1.0877e-01
192 0 +2.203188076e-02 -6.368796812e+01 -6.368796812e+01 +4.6245e-01 -8.4575e-02
218 0 +1.652189590e-02 -6.369347810e+01 -6.369347810e+01 +4.7152e-01 -8.2029e-02
222 0 +6.219604047e-03 -6.370378040e+01 -6.370378040e+01 +5.4540e-01 -1.3945e-01
250 0 +5.840086482e-03 -6.370415991e+01 -6.370415991e+01 +5.3758e-01 -1.3259e-01
477 0 +5.362788400e-03 -6.370463721e+01 -6.370463721e+01 +5.4638e-01 -1.3690e-01
493 0 +4.969292044e-03 -6.370503071e+01 -6.370503071e+01 +5.4701e-01 -1.3800e-01
% f evaluations | g evaluations | best noise-free fitness - Fopt (1.000000000000e+03) + sum g_i+ | measured fitness | best measured fitness or single-digit g-values | x1 | x2...
1 0 +8.893015042e+00 +1.008893015e+03 +1.008893015e+03 +5.9671e-01 -3.8264e-02
11 0 +2.038906282e+00 +1.002038906e+03 +1.002038906e+03 +4.4028e-01 +1.8222e-01
14 0 +8.501584994e-01 +1.000850158e+03 +1.000850158e+03 +5.9018e-01 +2.6684e-01
15 0 +2.097982542e-01 +1.000209798e+03 +1.000209798e+03 +4.3818e-02 +1.9888e-01
42 0 +1.773011391e-01 +1.000177301e+03 +1.000177301e+03 -2.2834e-01 +4.3040e-02
52 0 +1.534508253e-01 +1.000153451e+03 +1.000153451e+03 -3.2579e-01 +2.5026e-02
81 0 +9.944569791e-02 +1.000099446e+03 +1.000099446e+03 -2.3836e-01 +7.0144e-02
91 0 +8.270642159e-02 +1.000082706e+03 +1.000082706e+03 -2.1963e-01 +7.5814e-02
92 0 +7.234102692e-02 +1.000072341e+03 +1.000072341e+03 -2.6753e-01 +4.8479e-02
101 0 +2.338524924e-02 +1.000023385e+03 +1.000023385e+03 -4.0650e-01 -4.9716e-02
163 0 +2.229445095e-02 +1.000022294e+03 +1.000022294e+03 -4.3508e-01 -6.5857e-02
167 0 +1.171603909e-02 +1.000011716e+03 +1.000011716e+03 -4.8229e-01 -1.0214e-01
195 0 +1.057759640e-02 +1.000010578e+03 +1.000010578e+03 -4.9308e-01 -1.1237e-01
215 0 +7.958162871e-03 +1.000007958e+03 +1.000007958e+03 -5.1212e-01 -1.2531e-01
251 0 +5.920940588e-03 +1.000005921e+03 +1.000005921e+03 -5.4495e-01 -1.4721e-01
271 0 +3.651816341e-03 +1.000003652e+03 +1.000003652e+03 -5.6362e-01 -1.6407e-01
281 0 +6.506011005e-06 +1.000000007e+03 +1.000000007e+03 -6.6208e-01 -2.3921e-01
356 0 +1.155966515e-06 +1.000000001e+03 +1.000000001e+03 -6.6490e-01 -2.4150e-01
403 0 +2.746369319e-07 +1.000000000e+03 +1.000000000e+03 -6.6553e-01 -2.4207e-01
% f evaluations | g evaluations | best noise-free fitness - Fopt (3.197000000000e+01) + sum g_i+ | measured fitness | best measured fitness or single-digit g-values | x1 | x2...
1 0 +9.096253119e+01 +1.229325312e+02 +1.229325312e+02 +5.9671e-01 -3.8264e-02
2 0 +8.292808290e+01 +1.148980829e+02 +1.148980829e+02 +7.4769e-01 +1.6230e+00
3 0 +2.291857879e-01 +3.219918579e+01 +3.219918579e+01 -1.3415e-01 -1.3414e-01
33 0 +1.592885724e-01 +3.212928857e+01 +3.212928857e+01 -1.6458e-01 -5.6376e-02
63 0 +1.441371749e-01 +3.211413717e+01 +3.211413717e+01 -1.4497e-01 -9.1382e-02
84 0 +1.353700472e-01 +3.210537005e+01 +3.210537005e+01 -1.2795e-01 -1.1942e-01
93 0 +7.801274268e-02 +3.204801274e+01 +3.204801274e+01 -4.1664e-02 -2.2002e-01
111 0 +6.969290475e-02 +3.203969290e+01 +3.203969290e+01 -2.8341e-02 -2.3859e-01
131 0 +5.879316430e-02 +3.202879316e+01 +3.202879316e+01 -4.3169e-03 -2.7363e-01
132 0 +5.839005871e-02 +3.202839006e+01 +3.202839006e+01 -4.7252e-03 -2.7212e-01
163 0 +5.725609929e-02 +3.202725610e+01 +3.202725610e+01 +1.5998e-02 -3.0243e-01
164 0 +5.491530865e-02 +3.202491531e+01 +3.202491531e+01 +2.5500e-02 -3.1404e-01
169 0 +4.605949158e-02 +3.201605949e+01 +3.201605949e+01 +3.9541e-02 -3.2820e-01
181 0 +4.572497538e-02 +3.201572498e+01 +3.201572498e+01 +3.0690e-02 -3.1528e-01
182 0 +4.296026347e-02 +3.201296026e+01 +3.201296026e+01 +4.3616e-02 -3.3168e-01
191 0 +4.058106342e-02 +3.201058106e+01 +3.201058106e+01 +4.6330e-02 -3.3340e-01
212 0 +3.629755568e-02 +3.200629756e+01 +3.200629756e+01 +5.6307e-02 -3.4248e-01
248 0 +3.542143117e-02 +3.200542143e+01 +3.200542143e+01 +5.9890e-02 -3.4730e-01
251 0 +3.375733234e-02 +3.200375733e+01 +3.200375733e+01 +6.5060e-02 -3.5268e-01
254 0 +3.218767158e-02 +3.200218767e+01 +3.200218767e+01 +7.0548e-02 -3.5883e-01
271 0 +2.700107748e-02 +3.199700108e+01 +3.199700108e+01 +1.0031e-01 -3.9506e-01
281 0 +1.979360634e-02 +3.198979361e+01 +3.198979361e+01 +1.2391e-01 -4.1869e-01
282 0 +1.805875660e-02 +3.198805876e+01 +3.198805876e+01 +1.3442e-01 -4.3044e-01
284 0 +1.646441385e-02 +3.198646441e+01 +3.198646441e+01 +1.4123e-01 -4.3728e-01
300 0 +8.074129536e-03 +3.197807413e+01 +3.197807413e+01 +2.0335e-01 -5.0285e-01
304 0 +7.305956428e-03 +3.197730596e+01 +3.197730596e+01 +1.9940e-01 -4.9699e-01
324 0 +6.343289074e-03 +3.197634329e+01 +3.197634329e+01 +2.1332e-01 -5.1227e-01
330 0 +3.843646220e-03 +3.197384365e+01 +3.197384365e+01 +2.3490e-01 -5.3160e-01
431 0 +3.734156751e-03 +3.197373416e+01 +3.197373416e+01 +2.4275e-01 -5.3856e-01
432 0 +3.580942365e-03 +3.197358094e+01 +3.197358094e+01 +2.4123e-01 -5.3744e-01
% f evaluations | g evaluations | best noise-free fitness - Fopt (5.819000000000e+01) + sum g_i+ | measured fitness | best measured fitness or single-digit g-values | x1 | x2...
1 0 +6.035091873e+01 +1.185409187e+02 +1.185409187e+02 +5.9671e-01 -3.8264e-02
2 0 +6.162617722e+00 +6.435261772e+01 +6.435261772e+01 +7.4769e-01 +1.6230e+00
3 0 +2.568679612e-01 +5.844686796e+01 +5.844686796e+01 -1.3415e-01 -1.3414e-01
111 0 +2.287927544e-01 +5.841879275e+01 +5.841879275e+01 -2.2885e-01 -3.3543e-02
125 0 +2.139219791e-01 +5.840392198e+01 +5.840392198e+01 -9.5047e-02 -1.5918e-01
132 0 +1.089895318e-01 +5.829898953e+01 +5.829898953e+01 -4.4886e-02 -1.7311e-01
172 0 +1.015228612e-01 +5.829152286e+01 +5.829152286e+01 -2.0380e-02 -1.8486e-01
192 0 +9.290924851e-02 +5.828290925e+01 +5.828290925e+01 -2.4735e-03 -1.9717e-01
194 0 +9.024897624e-02 +5.828024898e+01 +5.828024898e+01 -2.6802e-03 -2.0113e-01
203 0 +8.812276939e-02 +5.827812277e+01 +5.827812277e+01 +4.7389e-02 -2.2351e-01
207 0 +8.266276556e-02 +5.827266277e+01 +5.827266277e+01 +3.2856e-02 -2.1783e-01
219 0 +6.888728842e-02 +5.825888729e+01 +5.825888729e+01 +5.4259e-02 -2.3537e-01
225 0 +6.764795149e-02 +5.825764795e+01 +5.825764795e+01 +5.7293e-02 -2.3865e-01
251 0 +5.837876170e-02 +5.824837876e+01 +5.824837876e+01 +8.5754e-02 -2.5517e-01
265 0 +5.643623615e-02 +5.824643624e+01 +5.824643624e+01 +9.2235e-02 -2.5876e-01
271 0 +5.259561443e-02 +5.824259561e+01 +5.824259561e+01 +1.2278e-01 -2.8135e-01
292 0 +5.179152075e-02 +5.824179152e+01 +5.824179152e+01 +1.3529e-01 -2.8945e-01
303 0 +5.076676768e-02 +5.824076677e+01 +5.824076677e+01 +1.1226e-01 -2.7183e-01
307 0 +4.946392522e-02 +5.823946393e+01 +5.823946393e+01 +1.2418e-01 -2.8070e-01
321 0 +4.733612602e-02 +5.823733613e+01 +5.823733613e+01 +1.2481e-01 -2.7912e-01
322 0 +4.481780535e-02 +5.823481781e+01 +5.823481781e+01 +1.5965e-01 -3.0276e-01
336 0 +4.432944795e-02 +5.823432945e+01 +5.823432945e+01 +1.4106e-01 -2.8979e-01
338 0 +3.854963665e-02 +5.822854964e+01 +5.822854964e+01 +1.6657e-01 -3.0435e-01
342 0 +3.727850575e-02 +5.822727851e+01 +5.822727851e+01 +1.6957e-01 -3.0557e-01
353 0 +3.650436650e-02 +5.822650437e+01 +5.822650437e+01 +1.7404e-01 -3.0823e-01
359 0 +3.418048485e-02 +5.822418048e+01 +5.822418048e+01 +2.0348e-01 -3.2629e-01
369 0 +3.077555624e-02 +5.822077556e+01 +5.822077556e+01 +1.9966e-01 -3.2199e-01
375 0 +3.062365324e-02 +5.822062365e+01 +5.822062365e+01 +2.0403e-01 -3.2488e-01
381 0 +2.741217001e-02 +5.821741217e+01 +5.821741217e+01 +2.2058e-01 -3.2864e-01
382 0 +2.360460583e-02 +5.821360461e+01 +5.821360461e+01 +2.3140e-01 -3.3743e-01
393 0 +2.322181131e-02 +5.821322181e+01 +5.821322181e+01 +2.4373e-01 -3.4587e-01
394 0 +2.161045081e-02 +5.821161045e+01 +5.821161045e+01 +2.5096e-01 -3.4934e-01
403 0 +1.840341562e-02 +5.820840342e+01 +5.820840342e+01 +2.6277e-01 -3.5369e-01
412 0 +1.377002649e-02 +5.820377003e+01 +5.820377003e+01 +2.9597e-01 -3.7088e-01
421 0 +1.091976445e-02 +5.820091976e+01 +5.820091976e+01 +3.5471e-01 -3.9642e-01
422 0 +7.999182459e-03 +5.819799918e+01 +5.819799918e+01 +3.4787e-01 -3.9574e-01
423 0 +7.954095624e-03 +5.819795410e+01 +5.819795410e+01 +3.8616e-01 -4.1786e-01
431 0 +2.040889901e-03 +5.819204089e+01 +5.819204089e+01 +4.3540e-01 -4.3885e-01
451 0 +1.259492545e-03 +5.819125949e+01 +5.819125949e+01 +5.0043e-01 -4.6624e-01
461 0 +1.073533929e-03 +5.819107353e+01 +5.819107353e+01 +5.1617e-01 -4.7656e-01
467 0 +1.717652981e-04 +5.819017177e+01 +5.819017177e+01 +5.3257e-01 -4.8166e-01
481 0 +4.622953377e-05 +5.819004623e+01 +5.819004623e+01 +5.1555e-01 -4.7499e-01
497 0 +1.700999061e-05 +5.819001701e+01 +5.819001701e+01 +5.1463e-01 -4.7439e-01
