% f evaluations | g evaluations | best noise-free fitness - Fopt (-1.694000000000e+01) + sum g_i+ | measured fitness | best measured fitness or single-digit g-values | x1 | x2...
1 0 +1.285945330e+02 +1.116545330e+02 +1.116545330e+02 +5.9671e-01 -3.8264e-02 +7.4769e-01 +1.6230e+00 -1.3415e-01 -1.3414e-01 +1.6792e+00 +8.6743e-01 -3.6947e-01 +6.4256e-01
4 0 +1.244974470e+02 +1.075574470e+02 +1.075574470e+02 -5.0171e-01 +1.9523e+00 +8.6503e-02 -9.5771e-01 +9.2254e-01 -1.1208e+00 +3.0886e-01 -1.8597e+00 -1.2282e+00 +2.9686e-01
5 0 +8.215471805e+01 +6.521471805e+01 +6.521471805e+01 +8.3847e-01 +2.7137e-01 -1.5648e-02 -2.0110e-01 -1.3785e+00 -6.1984e-01 -3.6064e-01 +1.1571e+00 +4.4362e-01 -1.6630e+00
8 0 +6.416805909e+01 +4.722805909e+01 +4.722805909e+01 +4.6140e-01 +1.6380e+00 +6.4174e-02 +1.6646e+00 -2.5197e+00 +9.2190e-01 +1.8705e-01 -1.9901e-01 +1.9176e-01 -1.8876e+00
43 0 +6.142466708e+01 +4.448466708e+01 +4.448466708e+01 +2.1607e+00 +1.8553e+00 -1.4896e-01 +1.0716e+00 +7.4538e-01 +1.4686e+00 -8.6492e-01 +7.8605e-01 +1.1584e+00 -1.6587e+00
53 0 +5.088884768e+01 +3.394884768e+01 +3.394884768e+01 +2.2884e+00 +1.7413e+00 -5.1507e-01 +1.9239e+00 +2.4266e+00 -2.4489e-01 -1.1676e+00 -4.9598e-01 -6.7035e-01 -1.4845e+00
60 0 +4.743406755e+01 +3.049406755e+01 +3.049406755e+01 +2.1224e+00 +5.1333e-01 -6.4347e-01 +3.4411e+00 +3.2049e-01 -5.9905e-01 +7.3890e-01 +1.1811e+00 -1.2254e+00 -1.9520e+00
61 0 +2.639073379e+01 +9.450733793e+00 +9.450733793e+00 +2.1977e+00 +3.2257e+00 -2.0207e+00 +1.7650e+00 +3.6449e-01 -7.9728e-01 +7.5482e-01 +5.1453e-01 -2.8879e-01 -1.7930e+00
135 0 +2.232355434e+01 +5.383554344e+00 +5.383554344e+00 +2.6053e+00 +2.9106e+00 -1.0957e+00 +5.0142e-01 +1.2580e+00 -2.6193e+00 +3.7519e+00 -1.8106e-02 -1.2469e+00 -2.3703e+00
289 0 +2.109037167e+01 +4.150371669e+00 +4.150371669e+00 +4.0903e+00 +3.8021e+00 +4.7448e+00 +2.7799e+00 -1.3900e+00 -1.3221e+00 +1.8761e+00 -1.7776e+00 +2.0115e+00 -4.2894e-01
369 0 +1.972390912e+01 +2.783909118e+00 +2.783909118e+00 +3.9699e+00 +2.4979e+00 -2.0099e+00 +1.9159e+00 +6.3319e-01 -8.2228e-01 +4.6364e+00 +5.7801e-01 +2.9489e+00 -7.7587e-01
376 0 +1.076431592e+01 -6.175684075e+00 -6.175684075e+00 +2.9548e+00 +2.0908e+00 -6.0921e-01 +9.0711e-01 +1.2192e-01 -2.2318e+00 +3.3205e+00 -2.5449e+00 +6.1953e-02 -1.9633e+00
466 0 +5.502573305e+00 -1.143742670e+01 -1.143742670e+01 +2.9807e+00 +2.3729e+00 -4.2886e+00 +9.7592e-01 +2.8388e+00 -1.9037e+00 +3.9626e+00 -3.6812e+00 -7.1793e-01 -1.5648e+00
737 0 +5.425603121e+00 -1.151439688e+01 -1.151439688e+01 +3.8686e+00 +2.5643e+00 -7.8099e-01 +1.3139e+00 +7.9154e-01 -1.7859e+00 +2.4499e+00 -2.1668e+00 +1.2799e-02 -1.6370e+00
953 0 +5.386562591e+00 -1.155343741e+01 -1.155343741e+01 +3.2646e+00 +2.8953e+00 -2.6514e+00 +2.2472e+00 +2.5942e+00 -2.3741e+00 +4.1241e+00 -2.7334e+00 -1.0884e+00 -2.3055e+00
1001 0 +4.832140522e+00 -1.210785948e+01 -1.210785948e+01 +3.3301e+00 +2.4905e+00 -2.0911e+00 +9.3353e-01 +3.0940e+00 -2.1183e+00 +3.9444e+00 -3.3997e+00 -7.1881e-01 -2.4629e+00
1047 0 +4.722333744e+00 -1.221766626e+01 -1.221766626e+01 +3.8482e+00 +2.6593e+00 -2.1652e+00 +9.0436e-01 +1.5100e+00 -1.9756e+00 +3.5845e+00 -2.4362e+00 -3.3161e-01 -1.5125e+00
1077 0 +3.879905886e+00 -1.306009411e+01 -1.306009411e+01 +4.1337e+00 +2.2944e+00 -2.1784e+00 +2.0904e+00 +1.3398e+00 -1.8784e+00 +3.2969e+00 -2.2086e+00 -3.4044e-02 -1.5967e+00
1191 0 +3.298465307e+00 -1.364153469e+01 -1.364153469e+01 +3.8766e+00 +2.4542e+00 -1.5058e+00 +1.4189e+00 +2.0603e+00 -2.1437e+00 +4.3611e+00 -2.7521e+00 -1.2197e-01 -1.6506e+00
1462 0 +2.306880084e+00 -1.463311992e+01 -1.463311992e+01 +3.4368e+00 +2.4978e+00 -9.0421e-01 +2.0718e+00 +1.5424e+00 -2.0217e+00 +3.8775e+00 -2.5162e+00 -6.2540e-02 -1.9862e+00
1628 0 +2.248597180e+00 -1.469140282e+01 -1.469140282e+01 +3.7284e+00 +2.4730e+00 -1.0274e+00 +1.2365e+00 +1.1814e+00 -1.9224e+00 +3.5687e+00 -2.3674e+00 -6.3750e-01 -2.2503e+00
1652 0 +1.757846553e+00 -1.518215345e+01 -1.518215345e+01 +3.2795e+00 +2.3885e+00 -1.9057e+00 +1.4011e+00 +1.9367e+00 -2.1602e+00 +3.4794e+00 -2.9496e+00 -1.9665e-01 -1.9202e+00
1731 0 +1.750830470e+00 -1.518916953e+01 -1.518916953e+01 +3.7199e+00 +2.4175e+00 -2.1012e+00 +1.2837e+00 +1.5670e+00 -1.7819e+00 +3.4777e+00 -2.4163e+00 -4.2237e-01 -2.0038e+00
1742 0 +1.672992017e+00 -1.526700798e+01 -1.526700798e+01 +3.4832e+00 +2.5030e+00 -1.6912e+00 +1.1069e+00 +1.6334e+00 -1.9289e+00 +3.2365e+00 -2.8263e+00 -6.1316e-01 -2.1481e+00
1764 0 +1.411376637e+00 -1.552862336e+01 -1.552862336e+01 +3.5561e+00 +2.3872e+00 -1.3536e+00 +1.7088e+00 +1.5420e+00 -1.8717e+00 +3.4864e+00 -2.5436e+00 -1.1705e-01 -1.9184e+00
1788 0 +7.652320803e-01 -1.617476792e+01 -1.617476792e+01 +3.6852e+00 +2.5588e+00 -1.8280e+00 +1.5843e+00 +1.5046e+00 -1.8214e+00 +3.5688e+00 -2.2361e+00 -3.6267e-01 -1.9319e+00
1876 0 +6.943009774e-01 -1.624569902e+01 -1.624569902e+01 +3.7040e+00 +2.5851e+00 -1.7585e+00 +1.3941e+00 +1.2781e+00 -1.8727e+00 +3.4561e+00 -2.2767e+00 -5.3233e-01 -2.0864e+00
2087 0 +6.224055782e-01 -1.631759442e+01 -1.631759442e+01 +3.7121e+00 +2.5562e+00 -1.5943e+00 +1.4655e+00 +1.3635e+00 -1.9248e+00 +3.4834e+00 -2.3616e+00 -4.7936e-01 -2.0021e+00
2226 0 +5.833116462e-01 -1.635668835e+01 -1.635668835e+01 +3.6411e+00 +2.6074e+00 -1.4581e+00 +1.5576e+00 +1.3985e+00 -1.8759e+00 +3.4651e+00 -2.3562e+00 -3.3305e-01 -1.9966e+00
2246 0 +4.071125864e-01 -1.653288741e+01 -1.653288741e+01 +3.6782e+00 +2.5272e+00 -1.6671e+00 +1.4769e+00 +1.4299e+00 -1.9018e+00 +3.4078e+00 -2.4168e+00 -3.3842e-01 -1.9233e+00
% f evaluations | g evaluations | best noise-free fitness - Fopt (1.881000000000e+01) + sum g_i+ | measured fitness | best measured fitness or single-digit g-values | x1 | x2...
1 0 +3.920605467e+01 +5.801605467e+01 +5.801605467e+01 +5.9671e-01 -3.8264e-02 +7.4769e-01 +1.6230e+00 -1.3415e-01 -1.3414e-01 +1.6792e+00 +8.6743e-01 -3.6947e-01 +6.4256e-01
3 0 +3.889614342e+01 +5.770614342e+01 +5.770614342e+01 +1.5656e+00 -1.2578e-01 +1.6753e-01 -1.3247e+00 -4.4438e-01 +2.1092e-01 -1.0510e+00 +4.7570e-01 -5.0064e-01 -1.9169e-01
4 0 +3.573796686e+01 +5.454796686e+01 +5.454796686e+01 -5.0171e-01 +1.9523e+00 +8.6503e-02 -9.5771e-01 +9.2254e-01 -1.1208e+00 +3.0886e-01 -1.8597e+00 -1.2282e+00 +2.9686e-01
9 0 +3.300541816e+01 +5.181541816e+01 +5.181541816e+01 -1.1967e-01 +4.5711e-01 +1.5779e+00 -4.1827e-01 -7.0849e-01 -4.0176e-01 +1.0154e+00 +4.2875e-01 -4.2976e-01 +6.1327e-01
10 0 +2.293013372e+01 +4.174013372e+01 +4.174013372e+01 +1.9708e-01 +1.0686e+00 -6.0205e-01 -2.2766e-01 -2.9211e-01 -1.3635e+00 +3.9612e-01 +3.6106e-01 +1.0511e-01 -1.3459e-01
16 0 +1.918655397e+01 +3.799655397e+01 +3.799655397e+01 +3.5049e-01 +4.4645e-01 -5.8002e-01 +3.3225e-01 +3.9307e-01 -6.1435e-01 +1.9658e+00 +5.7383e-01 -1.0913e+00 +7.5655e-01
29 0 +1.237787101e+01 +3.118787101e+01 +3.118787101e+01 +2.1352e-01 +7.6213e-01 +1.6860e+00 -1.1378e+00 +2.2330e+00 -1.8521e+00 -5.1785e-02 +6.8832e-01 +3.8099e-01 -5.2270e-01
178 0 +1.139602265e+01 +3.020602265e+01 +3.020602265e+01 -4.1375e-01 +1.3965e+00 -1.9868e-01 -1.0461e+00 +1.5114e+00 -1.9770e+00 +1.4456e+00 +1.7412e+00 +5.5156e-01 +2.5365e+00
335 0 +6.872961729e+00 +2.568296173e+01 +2.568296173e+01 -6.9832e-02 +1.1250e+00 -1.2990e-01 -5.7556e-01 +2.3024e+00 -2.2686e+00 +1.0619e+00 -6.5206e-01 +4.6414e-01 +1.9787e+00
743 0 +3.668336538e+00 +2.247833654e+01 +2.247833654e+01 -2.0433e-01 +2.4587e+00 -1.3456e+00 +8.8070e-01 +2.1898e+00 -3.8060e+00 +9.2641e-01 +8.7645e-01 -7.8121e-01 +1.8651e+00
909 0 +2.940879953e+00 +2.175087995e+01 +2.175087995e+01 -5.8370e-01 +1.7031e+00 -9.0164e-01 +1.7423e-01 +1.5928e+00 -3.5360e+00 +2.3624e-01 +5.9375e-01 +1.3886e-01 +2.3173e+00
1141 0 +2.575745134e+00 +2.138574513e+01 +2.138574513e+01 -6.5575e-01 +1.6497e+00 -9.0320e-01 -1.2428e-01 +1.8968e+00 -3.4573e+00 -7.1806e-02 +7.4121e-02 +5.0883e-01 +2.9217e+00
1146 0 +2.489943993e+00 +2.129994399e+01 +2.129994399e+01 +3.6366e-01 +2.1162e+00 -4.7363e-01 +9.6768e-02 +1.6404e+00 -3.4853e+00 -1.1275e-01 +8.4310e-01 -2.2814e-01 +2.0065e+00
1166 0 +2.404243021e+00 +2.121424302e+01 +2.121424302e+01 -5.8015e-01 +1.5331e+00 -1.1393e+00 -2.9944e-02 +1.8919e+00 -3.5566e+00 +4.8219e-02 +3.9175e-01 +7.4390e-01 +2.0979e+00
1253 0 +1.971183141e+00 +2.078118314e+01 +2.078118314e+01 -6.6478e-01 +1.7612e+00 -1.0333e+00 +5.0579e-02 +1.6250e+00 -3.5383e+00 +2.4942e-01 +2.7761e-01 +4.8601e-01 +2.3431e+00
1288 0 +1.898659575e+00 +2.070865957e+01 +2.070865957e+01 -3.1881e-01 +1.5674e+00 -8.7689e-01 -3.2791e-02 +1.5648e+00 -3.4069e+00 -1.1880e-01 +3.6465e-01 +4.5475e-01 +2.5718e+00
1427 0 +1.627784400e+00 +2.043778440e+01 +2.043778440e+01 -1.0773e-01 +1.6832e+00 -7.3240e-01 -3.9272e-02 +1.4502e+00 -3.3256e+00 +9.1105e-02 +6.4146e-01 +1.9432e-01 +2.4854e+00
1457 0 +1.192522916e+00 +2.000252292e+01 +2.000252292e+01 -1.9984e-01 +1.3561e+00 -9.3782e-01 -6.1521e-02 +1.4734e+00 -3.1783e+00 -2.1718e-02 -4.8255e-02 +8.2026e-01 +2.9841e+00
1626 0 +8.509695635e-01 +1.966096956e+01 +1.966096956e+01 -8.1570e-02 +1.9231e+00 -6.3622e-01 +2.9465e-02 +1.6253e+00 -3.1041e+00 +1.0089e-01 +5.2464e-01 +2.6055e-01 +2.6547e+00
1879 0 +7.916393420e-01 +1.960163934e+01 +1.960163934e+01 -1.7439e-01 +1.7041e+00 -9.2975e-01 -8.7099e-02 +1.6520e+00 -3.3079e+00 +2.0416e-01 +4.2645e-01 +4.0482e-01 +2.7491e+00
1909 0 +7.791933276e-01 +1.958919333e+01 +1.958919333e+01 -1.3389e-01 +1.8022e+00 -8.1507e-01 -1.1300e-02 +1.7324e+00 -3.2327e+00 +1.4268e-01 +4.0709e-01 +3.5576e-01 +2.8049e+00
1921 0 +7.583306831e-01 +1.956833068e+01 +1.956833068e+01 -2.4494e-01 +1.6888e+00 -8.3118e-01 +5.2986e-02 +1.7133e+00 -3.2581e+00 +1.5971e-01 +3.4599e-01 +3.1770e-01 +2.4945e+00
1935 0 +6.996710752e-01 +1.950967108e+01 +1.950967108e+01 -2.3039e-01 +1.7098e+00 -8.1473e-01 -7.3199e-02 +1.6265e+00 -3.2657e+00 +1.2663e-01 +2.4373e-01 +4.6071e-01 +2.7286e+00
2044 0 +5.135079119e-01 +1.932350791e+01 +1.932350791e+01 -1.1761e-01 +1.9661e+00 -7.2621e-01 +2.9097e-02 +1.7931e+00 -3.3055e+00 +2.3122e-01 +4.5018e-01 +1.8961e-01 +2.4991e+00
2089 0 +4.099593853e-01 +1.921995939e+01 +1.921995939e+01 -2.3451e-01 +1.7329e+00 -9.0715e-01 +2.2855e-02 +1.6661e+00 -3.3082e+00 +2.7719e-01 +2.6649e-01 +4.0758e-01 +2.6221e+00
2201 0 +3.786634739e-01 +1.918866347e+01 +1.918866347e+01 -1.0109e-01 +1.9159e+00 -6.8040e-01 +3.9559e-02 +1.7798e+00 -3.3202e+00 +1.0173e-01 +4.8168e-01 +2.1736e-01 +2.5088e+00
2319 0 +3.139964453e-01 +1.912399645e+01 +1.912399645e+01 -1.6917e-01 +1.8863e+00 -8.3424e-01 -2.7767e-03 +1.7263e+00 -3.3349e+00 +1.5653e-01 +5.2040e-01 +2.9735e-01 +2.5602e+00
2332 0 +2.506785240e-01 +1.906067852e+01 +1.906067852e+01 -2.3170e-01 +1.7941e+00 -8.5880e-01 -4.8107e-02 +1.6786e+00 -3.2827e+00 +2.6177e-01 +3.9699e-01 +3.3510e-01 +2.6476e+00
% f evaluations | g evaluations | best noise-free fitness - Fopt (2.731500000000e+02) + sum g_i+ | measured fitness | best measured fitness or single-digit g-values | x1 | x2...
1 0 +8.502759335e+01 +3.581775933e+02 +3.581775933e+02 +5.9671e-01 -3.8264e-02 +7.4769e-01 +1.6230e+00 -1.3415e-01 -1.3414e-01 +1.6792e+00 +8.6743e-01 -3.6947e-01 +6.4256e-01
4 0 +5.198835973e+01 +3.251383597e+02 +3.251383597e+02 -5.0171e-01 +1.9523e+00 +8.6503e-02 -9.5771e-01 +9.2254e-01 -1.1208e+00 +3.0886e-01 -1.8597e+00 -1.2282e+00 +2.9686e-01
55 0 +4.323479124e+01 +3.163847912e+02 +3.163847912e+02 -4.5022e-01 +6.7426e-01 -1.0318e+00 +3.0833e-02 +2.5925e+00 -2.3597e+00 +2.1519e+00 +3.6275e-02 -5.3068e-01 +1.5744e+00
76 0 +3.704086511e+01 +3.101908651e+02 +3.101908651e+02 +8.1890e-01 +4.7242e-01 -1.0794e+00 +5.3064e-01 -2.6109e-01 -1.9270e+00 +1.4905e+00 -3.3922e+00 -1.2190e+00 +1.3382e+00
99 0 +3.486438188e+01 +3.080143819e+02 +3.080143819e+02 +3.0869e-01 +9.6482e-01 -3.6129e-01 -9.4569e-02 +1.7909e-01 -5.7185e-01 +2.9404e+00 -1.9521e+00 +8.3549e-01 +1.0053e+00
121 0 +3.130400191e+01 +3.044540019e+02 +3.044540019e+02 +4.3743e-01 +4.3792e+00 -2.0763e+00 +2.3285e+00 +3.8974e+00 -3.3227e+00 +3.5794e+00 -1.7279e+00 -7.7762e-01 +3.6717e+00
152 0 +2.868296343e+01 +3.018329634e+02 +3.018329634e+02 -4.3866e+00 +1.9460e+00 +4.8728e-01 -2.3519e+00 +2.8774e+00 -2.6352e+00 +1.6430e+00 -2.2506e+00 +2.6801e+00 +1.6817e+00
316 0 +2.584642121e+01 +2.989964212e+02 +2.989964212e+02 -1.3576e-02 +3.7782e+00 -1.2458e-01 +1.4257e+00 +5.3079e-01 -2.7672e+00 +4.3080e-01 -2.6098e+00 -1.6140e+00 +3.0898e+00
346 0 +1.858233626e+01 +2.917323363e+02 +2.917323363e+02 -3.5844e+00 +2.9562e+00 -8.3805e-01 +8.7809e-01 +2.3219e+00 -2.1692e+00 -1.3864e+00 -1.7199e+00 +9.4289e-01 +3.9538e+00
527 0 +1.584672771e+01 +2.889967277e+02 +2.889967277e+02 -4.0976e+00 +2.4519e+00 -2.6248e-01 +2.8087e+00 +3.2210e+00 -2.7683e+00 +1.2129e+00 -1.2100e+00 -1.3000e+00 +2.7605e+00
570 0 +1.310996357e+01 +2.862599636e+02 +2.862599636e+02 -2.5333e+00 +3.0103e+00 -9.6633e-01 +2.8314e+00 +2.9817e+00 -3.5465e+00 +7.3759e-01 -1.9638e+00 -2.3582e+00 +3.0768e+00
712 0 +1.292317469e+01 +2.860731747e+02 +2.860731747e+02 -2.7468e+00 +4.2758e+00 -1.1771e+00 +5.2823e-01 +3.3953e-01 -3.6113e+00 -1.0230e-01 -1.6725e+00 -9.8823e-01 +2.2459e+00
719 0 +1.270034051e+01 +2.858503405e+02 +2.858503405e+02 -2.7351e+00 +3.5180e+00 -9.1260e-01 +2.6624e+00 +2.2554e+00 -3.4369e+00 +7.5371e-01 -1.7373e+00 -1.9905e+00 +3.3960e+00
724 0 +1.039636167e+01 +2.835463617e+02 +2.835463617e+02 -3.3030e+00 +3.0540e+00 +8.0864e-01 +4.2952e+00 +2.4709e+00 -2.6471e+00 -1.6787e+00 -1.4874e+00 -2.3403e+00 +2.0036e+00
738 0 +1.027359482e+01 +2.834235948e+02 +2.834235948e+02 -2.4963e+00 +4.0395e+00 -8.3883e-01 +5.3759e-01 +2.1743e+00 -4.4529e+00 -1.5569e+00 -7.4983e-01 -8.2053e-01 +2.1011e+00
745 0 +9.666298934e+00 +2.828162989e+02 +2.828162989e+02 -3.1833e+00 +4.3173e+00 -2.0639e-01 +2.8448e+00 +1.0785e+00 -3.7062e+00 -7.4674e-01 -1.1563e+00 -1.3660e+00 +3.0978e+00
766 0 +7.065040669e+00 +2.802150407e+02 +2.802150407e+02 -2.9640e+00 +2.8431e+00 +1.8091e-01 +2.5557e+00 +1.5377e+00 -4.0354e+00 -7.8084e-01 +1.2778e-01 -2.1821e+00 +2.2808e+00
940 0 +5.599638935e+00 +2.787496389e+02 +2.787496389e+02 -3.7804e+00 +3.7838e+00 -1.0200e+00 +2.5677e+00 +2.0607e+00 -3.2558e+00 -8.6177e-01 -8.8414e-01 -2.6138e+00 +2.5259e+00
953 0 +4.869875199e+00 +2.780198752e+02 +2.780198752e+02 -3.6587e+00 +3.4284e+00 +5.3680e-01 +2.1597e+00 +1.9836e+00 -3.8258e+00 -1.0799e+00 -1.0283e+00 -2.1160e+00 +2.1959e+00
1034 0 +2.812100311e+00 +2.759621003e+02 +2.759621003e+02 -3.9381e+00 +3.9754e+00 -4.5532e-01 +2.6955e+00 +2.0964e+00 -4.0272e+00 -1.1345e+00 -1.0587e+00 -2.1645e+00 +2.9944e+00
1218 0 +2.120979575e+00 +2.752709796e+02 +2.752709796e+02 -3.5096e+00 +3.9060e+00 -5.1131e-01 +2.4668e+00 +2.2766e+00 -3.9177e+00 -1.0348e+00 -1.0881e+00 -1.6173e+00 +3.3596e+00
1502 0 +2.083466290e+00 +2.752334663e+02 +2.752334663e+02 -3.5029e+00 +3.7034e+00 -3.9897e-01 +2.6103e+00 +1.8431e+00 -4.2145e+00 -8.6400e-01 -8.5197e-01 -2.1730e+00 +2.9378e+00
1564 0 +1.755222446e+00 +2.749052224e+02 +2.749052224e+02 -3.2781e+00 +3.9262e+00 -5.1246e-01 +2.7084e+00 +1.9448e+00 -3.8689e+00 -9.5069e-01 -9.3349e-01 -2.2426e+00 +3.3333e+00
1668 0 +1.707985491e+00 +2.748579855e+02 +2.748579855e+02 -3.5792e+00 +3.6402e+00 -4.7407e-01 +2.9620e+00 +2.0047e+00 -3.9870e+00 -9.9123e-01 -1.0608e+00 -2.3196e+00 +3.2533e+00
1679 0 +1.311411914e+00 +2.744614119e+02 +2.744614119e+02 -3.3228e+00 +3.5728e+00 -4.3219e-01 +2.8969e+00 +1.9694e+00 -4.2704e+00 -1.0360e+00 -1.1860e+00 -2.2258e+00 +2.8216e+00
1720 0 +1.265028010e+00 +2.744150280e+02 +2.744150280e+02 -3.5301e+00 +3.4703e+00 -4.0512e-01 +2.8907e+00 +1.8016e+00 -4.2311e+00 -9.6182e-01 -1.1912e+00 -2.3064e+00 +2.9390e+00
1744 0 +1.218435320e+00 +2.743684353e+02 +2.743684353e+02 -3.3520e+00 +3.6206e+00 -4.7708e-01 +2.7194e+00 +1.8361e+00 -4.1107e+00 -9.4184e-01 -1.0593e+00 -2.0836e+00 +3.2432e+00
1762 0 +1.139426347e+00 +2.742894263e+02 +2.742894263e+02 -3.5944e+00 +3.6703e+00 -4.9227e-01 +2.7455e+00 +1.9985e+00 -4.1395e+00 -1.2229e+00 -1.1147e+00 -2.0928e+00 +3.0865e+00
1821 0 +1.083645839e+00 +2.742336458e+02 +2.742336458e+02 -3.5433e+00 +3.5943e+00 -5.3240e-01 +2.5806e+00 +1.8931e+00 -4.0807e+00 -9.2569e-01 -1.0641e+00 -1.9834e+00 +3.2411e+00
1907 0 +9.252808966e-01 +2.740752809e+02 +2.740752809e+02 -3.4465e+00 +3.5988e+00 -4.5565e-01 +2.4351e+00 +1.7047e+00 -3.8201e+00 -9.9546e-01 -1.1754e+00 -2.0528e+00 +3.2405e+00
2050 0 +9.035776190e-01 +2.740535776e+02 +2.740535776e+02 -3.4219e+00 +3.4968e+00 -3.4841e-01 +2.9325e+00 +2.0115e+00 -4.0187e+00 -1.0574e+00 -1.0928e+00 -2.0433e+00 +3.2735e+00
2070 0 +8.986040256e-01 +2.740486040e+02 +2.740486040e+02 -3.4798e+00 +3.6063e+00 -4.2941e-01 +2.7936e+00 +2.0052e+00 -4.0511e+00 -8.9940e-01 -1.1091e+00 -2.0777e+00 +3.1935e+00
2107 0 +6.732173797e-01 +2.738232174e+02 +2.738232174e+02 -3.5505e+00 +3.6247e+00 -3.8802e-01 +2.6542e+00 +1.9319e+00 -4.0102e+00 -1.1417e+00 -1.1564e+00 -2.0819e+00 +3.1338e+00
2283 0 +6.161075627e-01 +2.737661076e+02 +2.737661076e+02 -3.4915e+00 +3.7389e+00 -5.4333e-01 +2.6139e+00 +1.9142e+00 -3.9737e+00 -9.5350e-01 -1.0621e+00 -2.0439e+00 +3.1245e+00
2365 0 +5.978910223e-01 +2.737478910e+02 +2.737478910e+02 -3.5515e+00 +3.6630e+00 -5.1044e-01 +2.6838e+00 +1.8193e+00 -3.9078e+00 -1.0685e+00 -1.1313e+00 -2.0506e+00 +3.2176e+00
2425 0 +5.596396669e-01 +2.737096397e+02 +2.737096397e+02 -3.5229e+00 +3.8136e+00 -6.2725e-01 +2.4315e+00 +1.9555e+00 -3.8345e+00 -9.8881e-01 -9.2476e-01 -1.9601e+00 +3.3064e+00
% f evaluations | g evaluations | best noise-free fitness - Fopt (3.718000000000e+01) + sum g_i+ | measured fitness | best measured fitness or single-digit g-values | x1 | x2...
1 0 +8.365132529e+01 +1.208313253e+02 +1.208313253e+02 +5.9671e-01 -3.8264e-02 +7.4769e-01 +1.6230e+00 -1.3415e-01 -1.3414e-01 +1.6792e+00 +8.6743e-01 -3.6947e-01 +6.4256e-01
2 0 +6.726068337e+01 +1.044406834e+02 +1.044406834e+02 -3.6342e-01 -3.6573e-01 +3.4196e-01 -1.8133e+00 -1.6249e+00 -4.6229e-01 -9.1283e-01 +4.1425e-01 -8.0802e-01 -1.3123e+00
3 0 +5.648008176e+01 +9.366008176e+01 +9.366008176e+01 +1.5656e+00 -1.2578e-01 +1.6753e-01 -1.3247e+00 -4.4438e-01 +2.1092e-01 -1.0510e+00 +4.7570e-01 -5.0064e-01 -1.9169e-01
12 0 +4.838140490e+01 +8.556140490e+01 +8.556140490e+01 -1.8188e+00 +7.3486e-02 +1.6023e-01 +2.5632e+00 -9.2361e-02 +4.0155e-01 +6.5288e-02 -1.0687e+00 +1.2428e+00 +8.5193e-01
22 0 +4.756717306e+01 +8.474717306e+01 +8.474717306e+01 +6.7089e-01 +1.2356e+00 +1.0540e+00 +7.5139e-01 -2.1527e-01 +8.5897e-01 -6.7283e-01 -1.3682e-01 -3.8536e-01 +1.8187e-01
25 0 +4.682686845e+01 +8.400686845e+01 +8.400686845e+01 -6.9252e-01 -1.4736e-02 +6.0499e-01 +9.6576e-01 -1.1003e+00 -2.3450e-01 -3.7495e-01 -5.5333e-01 +1.8655e+00 +5.0498e-01
26 0 +2.811197526e+01 +6.529197526e+01 +6.529197526e+01 -1.1609e+00 +1.0179e+00 +2.2222e+00 +1.1325e+00 -1.4194e+00 -3.8423e-01 +1.3669e+00 -6.0767e-01 +5.4382e-01 +8.7463e-01
103 0 +2.298923256e+01 +6.016923256e+01 +6.016923256e+01 -1.4151e+00 +2.5909e-01 +2.2373e+00 +2.8233e+00 -1.6476e+00 +9.6177e-02 +1.2258e+00 -2.8738e+00 +2.8351e-01 +1.6123e-01
167 0 +1.847713523e+01 +5.565713523e+01 +5.565713523e+01 -1.3384e+00 -1.3294e-01 +2.5199e+00 +4.7640e+00 -1.4765e+00 -7.9302e-01 -2.7514e+00 -8.7237e-01 +8.8103e-01 +1.0216e+00
270 0 +1.375561780e+01 +5.093561780e+01 +5.093561780e+01 -3.1816e+00 +2.6852e-01 +3.6406e+00 +1.9606e+00 -2.2776e+00 -6.7776e-01 +1.5117e+00 -3.3888e+00 -1.9134e+00 +2.2936e+00
561 0 +1.178668524e+01 +4.896668524e+01 +4.896668524e+01 -2.7691e+00 +4.3551e-01 +1.8388e+00 +2.6146e+00 -3.8627e+00 -1.8877e+00 +7.0887e-01 -2.9267e+00 -1.1096e+00 +2.5678e+00
607 0 +1.172780948e+01 +4.890780948e+01 +4.890780948e+01 -2.0245e+00 +1.8317e+00 +2.5461e+00 +1.9846e+00 -1.8000e+00 +3.3777e-01 -3.6959e-01 -2.4185e+00 -4.8190e-01 +2.5638e+00
609 0 +9.382668503e+00 +4.656266850e+01 +4.656266850e+01 -4.1454e+00 +2.7983e+00 +1.7683e+00 +2.7348e+00 -3.2839e+00 -2.0420e+00 +8.2366e-01 -2.3445e+00 -4.8567e-01 +2.4146e+00
769 0 +7.255516411e+00 +4.443551641e+01 +4.443551641e+01 -2.9959e+00 +6.4985e-01 -8.6275e-02 +2.7310e+00 -2.6723e+00 -2.2505e+00 +1.8343e-01 -3.0500e+00 -1.3004e+00 +2.6538e+00
918 0 +6.892287955e+00 +4.407228796e+01 +4.407228796e+01 -2.7352e+00 +2.2735e+00 +1.2982e+00 +3.1254e+00 -3.1524e+00 -1.3792e+00 -7.5276e-01 -2.6507e+00 -1.1907e+00 +3.1430e+00
956 0 +5.697378941e+00 +4.287737894e+01 +4.287737894e+01 -3.2276e+00 +1.7286e+00 +1.9423e+00 +2.2178e+00 -2.9304e+00 -1.2146e+00 +7.4028e-01 -3.3602e+00 -7.8779e-01 +2.9693e+00
1011 0 +5.545062907e+00 +4.272506291e+01 +4.272506291e+01 -3.6137e+00 +2.2127e+00 +2.5621e+00 +1.7827e+00 -3.6737e+00 -1.7233e+00 +4.0829e-01 -3.4090e+00 -2.2374e+00 +3.9361e+00
1028 0 +4.926028232e+00 +4.210602823e+01 +4.210602823e+01 -3.5347e+00 +1.4518e+00 +1.4495e+00 +2.0363e+00 -3.3433e+00 -1.4601e+00 +1.0716e+00 -2.9879e+00 -1.0810e+00 +2.2618e+00
1077 0 +4.588041811e+00 +4.176804181e+01 +4.176804181e+01 -4.0882e+00 +1.6842e+00 +2.1692e+00 +1.2985e+00 -3.5070e+00 -1.2827e+00 +1.4976e+00 -2.7964e+00 -1.0257e+00 +2.2667e+00
1290 0 +4.183897704e+00 +4.136389770e+01 +4.136389770e+01 -4.1014e+00 +2.3731e+00 +2.0664e+00 +1.2982e+00 -3.5095e+00 -1.3298e+00 +3.5730e-01 -3.8297e+00 -1.9884e+00 +3.5530e+00
1318 0 +4.085496645e+00 +4.126549664e+01 +4.126549664e+01 -3.4889e+00 +1.1798e+00 +1.5193e+00 +2.2009e+00 -3.1086e+00 -9.2195e-01 +2.7895e-02 -3.3684e+00 -1.4270e+00 +1.9306e+00
1344 0 +3.647338693e+00 +4.082733869e+01 +4.082733869e+01 -3.9478e+00 +2.2810e+00 +2.6262e+00 +1.4735e+00 -3.4900e+00 -9.2977e-01 +5.0693e-01 -3.4220e+00 -2.4203e+00 +3.4810e+00
1359 0 +3.217689634e+00 +4.039768963e+01 +4.039768963e+01 -3.9871e+00 +1.8078e+00 +1.7799e+00 +1.6305e+00 -3.7448e+00 -1.0453e+00 +3.6349e-01 -3.4094e+00 -1.7318e+00 +2.6842e+00
1380 0 +2.348493729e+00 +3.952849373e+01 +3.952849373e+01 -3.8043e+00 +1.3723e+00 +1.5919e+00 +2.0393e+00 -3.4259e+00 -1.3154e+00 +1.2776e-01 -3.4097e+00 -1.7984e+00 +2.8451e+00
1385 0 +1.961413567e+00 +3.914141357e+01 +3.914141357e+01 -4.1052e+00 +1.8876e+00 +2.2429e+00 +1.4031e+00 -3.5322e+00 -1.4013e+00 +4.3081e-01 -3.2859e+00 -1.7708e+00 +2.6867e+00
1622 0 +1.760829806e+00 +3.894082981e+01 +3.894082981e+01 -3.9402e+00 +1.3552e+00 +1.6386e+00 +1.9967e+00 -3.2549e+00 -1.5108e+00 +5.8752e-01 -3.3713e+00 -1.7805e+00 +2.5132e+00
1729 0 +1.614340780e+00 +3.879434078e+01 +3.879434078e+01 -3.8738e+00 +2.1441e+00 +1.8183e+00 +1.9201e+00 -3.4869e+00 -1.3608e+00 +6.1663e-01 -3.4607e+00 -1.6801e+00 +2.9734e+00
1730 0 +9.948228052e-01 +3.817482281e+01 +3.817482281e+01 -3.9100e+00 +1.9832e+00 +1.8719e+00 +1.7703e+00 -3.3877e+00 -1.1711e+00 +8.1435e-01 -3.6304e+00 -1.7742e+00 +3.0871e+00
1972 0 +7.966016845e-01 +3.797660168e+01 +3.797660168e+01 -3.8887e+00 +1.8041e+00 +1.7030e+00 +1.8706e+00 -3.4305e+00 -1.4040e+00 +6.4656e-01 -3.2980e+00 -1.6428e+00 +2.7887e+00
2108 0 +7.078739877e-01 +3.788787399e+01 +3.788787399e+01 -3.7867e+00 +2.1104e+00 +2.0438e+00 +1.5876e+00 -3.5852e+00 -1.3190e+00 +3.7733e-01 -3.3142e+00 -1.7066e+00 +3.0173e+00
2160 0 +6.484913255e-01 +3.782849133e+01 +3.782849133e+01 -3.9152e+00 +1.9871e+00 +1.9107e+00 +1.6523e+00 -3.5930e+00 -1.5087e+00 +4.2696e-01 -3.2185e+00 -1.7636e+00 +3.0086e+00
2173 0 +5.501135606e-01 +3.773011356e+01 +3.773011356e+01 -3.8692e+00 +2.0119e+00 +1.9178e+00 +1.7156e+00 -3.5327e+00 -1.2945e+00 +3.7228e-01 -3.3603e+00 -1.7257e+00 +3.0347e+00
2224 0 +5.374352349e-01 +3.771743523e+01 +3.771743523e+01 -3.8988e+00 +1.9211e+00 +1.8799e+00 +1.7395e+00 -3.5093e+00 -1.4018e+00 +4.4113e-01 -3.3426e+00 -1.7092e+00 +2.9909e+00
2280 0 +3.976086905e-01 +3.757760869e+01 +3.757760869e+01 -3.9416e+00 +1.9933e+00 +2.0023e+00 +1.6661e+00 -3.5720e+00 -1.3999e+00 +4.4581e-01 -3.3521e+00 -1.8650e+00 +3.0484e+00
2374 0 +3.522282330e-01 +3.753222823e+01 +3.753222823e+01 -3.9597e+00 +1.9796e+00 +1.9925e+00 +1.6372e+00 -3.5220e+00 -1.2810e+00 +3.2572e-01 -3.3880e+00 -1.8354e+00 +3.0052e+00
2438 0 +3.447588972e-01 +3.752475890e+01 +3.752475890e+01 -3.9240e+00 +2.0527e+00 +2.0041e+00 +1.6343e+00 -3.5322e+00 -1.2455e+00 +4.0817e-01 -3.3647e+00 -1.7841e+00 +3.0661e+00
2476 0 +3.271937697e-01 +3.750719377e+01 +3.750719377e+01 -3.8521e+00 +2.0307e+00 +1.9906e+00 +1.6701e+00 -3.5403e+00 -1.2868e+00 +3.4744e-01 -3.3658e+00 -1.7491e+00 +3.0208e+00
% f evaluations | g evaluations | best noise-free fitness - Fopt (-1.479000000000e+02) + sum g_i+ | measured fitness | best measured fitness or single-digit g-values | x1 | x2...
1 0 +3.116887320e+01 -1.167311268e+02 -1.167311268e+02 +5.9671e-01 -3.8264e-02 +7.4769e-01 +1.6230e+00 -1.3415e-01 -1.3414e-01 +1.6792e+00 +8.6743e-01 -3.6947e-01 +6.4256e-01
2 0 +2.090232876e+01 -1.269976712e+02 -1.269976712e+02 -3.6342e-01 -3.6573e-01 +3.4196e-01 -1.8133e+00 -1.6249e+00 -4.6229e-01 -9.1283e-01 +4.1425e-01 -8.0802e-01 -1.3123e+00
9 0 +2.057829552e+01 -1.273217045e+02 -1.273217045e+02 -1.1967e-01 +4.5711e-01 +1.5779e+00 -4.1827e-01 -7.0849e-01 -4.0176e-01 +1.0154e+00 +4.2875e-01 -4.2976e-01 +6.1327e-01
20 0 +1.805115423e+01 -1.298488458e+02 -1.298488458e+02 -3.4651e-01 +9.5640e-01 +3.1409e-01 -1.1457e+00 +2.7318e-01 +4.8532e-01 -7.8386e-01 +2.5373e-01 +1.5821e-01 -1.0430e+00
37 0 +1.665151451e+01 -1.312484855e+02 -1.312484855e+02 +6.1935e-01 +1.6327e+00 -8.7601e-03 +5.0171e-01 +7.9014e-01 -3.0122e-01 +3.2409e-01 +1.1259e-01 +1.9768e-01 -6.7301e-01
87 0 +1.431587600e+01 -1.335841240e+02 -1.335841240e+02 -1.6697e+00 +1.8296e+00 +1.2728e+00 -1.3186e-01 +4.6024e-02 +3.0839e-01 +9.7573e-01 -2.3805e-01 +4.6036e-01 -1.8321e+00
136 0 +1.296165345e+01 -1.349383465e+02 -1.349383465e+02 -1.0844e+00 +1.5932e+00 +1.2421e+00 -1.6128e+00 -8.6794e-01 +7.4110e-02 +4.8665e-01 -4.4691e-01 -9.7551e-01 -8.8045e-01
278 0 +1.295918578e+01 -1.349408142e+02 -1.349408142e+02 -6.8945e-01 +1.7602e-01 +1.6969e+00 +7.1042e-01 -1.4030e+00 +2.2130e+00 -7.2353e-01 -1.7022e+00 -1.7439e-01 +1.1628e+00
377 0 +1.072192504e+01 -1.371780750e+02 -1.371780750e+02 -4.1219e-01 +1.9419e+00 +2.2497e+00 -9.4467e-01 +8.6228e-01 +5.2760e-01 -4.6207e-01 -8.6507e-01 +4.2240e-01 -5.7934e-01
455 0 +1.052041459e+01 -1.373795854e+02 -1.373795854e+02 -1.2043e+00 +1.4532e+00 +1.6694e+00 -1.2189e+00 -1.5624e+00 +1.0771e+00 -1.0684e+00 -1.7297e+00 -9.7588e-01 +7.3307e-01
565 0 +7.141982539e+00 -1.407580175e+02 -1.407580175e+02 -1.7392e+00 +2.3757e+00 +2.8184e+00 -4.6180e-01 +3.2424e-01 +1.7891e+00 -1.6383e+00 -3.2537e+00 +5.1721e-02 +9.3387e-01
653 0 +6.867534865e+00 -1.410324651e+02 -1.410324651e+02 -1.6546e+00 +7.3305e-01 +2.1277e+00 -1.6800e+00 -2.4310e+00 +1.0636e+00 -1.3308e+00 -2.0302e+00 -3.4756e+00 +1.3229e+00
949 0 +6.167088138e+00 -1.417329119e+02 -1.417329119e+02 -2.0809e+00 +1.5533e+00 +2.7236e+00 -3.5028e-01 -4.9897e-01 +1.9792e+00 -7.6336e-01 -2.0389e+00 -1.2030e+00 +1.0955e+00
953 0 +6.040890396e+00 -1.418591096e+02 -1.418591096e+02 -1.4081e+00 +1.1639e+00 +1.3871e+00 -1.3736e+00 -1.7650e+00 +1.8988e+00 -1.1589e+00 -1.8837e+00 -2.5390e+00 +8.4930e-01
1028 0 +5.930221203e+00 -1.419697788e+02 -1.419697788e+02 -1.9312e+00 -4.7023e-01 +1.4845e+00 -2.6570e+00 -3.1712e+00 +1.5039e+00 -1.1096e+00 -1.8083e+00 -4.1148e+00 +1.4872e+00
1044 0 +4.951667418e+00 -1.429483326e+02 -1.429483326e+02 -1.8801e+00 +6.9007e-01 +2.0263e+00 -2.1608e+00 -1.9027e+00 +1.2628e+00 -1.3967e+00 -2.4510e+00 -2.9057e+00 +1.7923e+00
1124 0 +4.133513320e+00 -1.437664867e+02 -1.437664867e+02 -2.0078e+00 +2.2062e-01 +1.5359e+00 -2.0982e+00 -2.9119e+00 +8.3818e-01 -9.9491e-01 -1.9948e+00 -2.9579e+00 +1.4178e+00
1252 0 +2.884668324e+00 -1.450153317e+02 -1.450153317e+02 -1.3477e+00 +8.4154e-01 +1.7548e+00 -1.4230e+00 -1.5097e+00 +1.7945e+00 -1.5389e+00 -1.6672e+00 -2.7279e+00 +8.4787e-01
1340 0 +2.794161997e+00 -1.451058380e+02 -1.451058380e+02 -1.5262e+00 +7.2626e-01 +9.9130e-01 -1.7971e+00 -1.9947e+00 +1.4495e+00 -1.4568e+00 -1.5842e+00 -3.3417e+00 +1.5221e+00
1397 0 +2.334206253e+00 -1.455657937e+02 -1.455657937e+02 -1.5492e+00 +6.5540e-01 +8.7041e-01 -1.9971e+00 -1.7302e+00 +1.0167e+00 -1.3701e+00 -1.0081e+00 -3.3381e+00 +1.3821e+00
1566 0 +2.167065721e+00 -1.457329343e+02 -1.457329343e+02 -1.6964e+00 +4.3412e-01 +1.1547e+00 -1.4575e+00 -2.5422e+00 +1.5759e+00 -1.4569e+00 -1.9868e+00 -3.0868e+00 +1.4709e+00
1604 0 +1.743121071e+00 -1.461568789e+02 -1.461568789e+02 -1.4251e+00 +1.0008e-01 +1.0791e+00 -2.4136e+00 -3.3434e+00 +1.3062e+00 -1.6373e+00 -2.0539e+00 -3.9338e+00 +1.4737e+00
1644 0 +1.583879276e+00 -1.463161207e+02 -1.463161207e+02 -1.5186e+00 +4.8385e-01 +1.5261e+00 -1.8792e+00 -2.7658e+00 +1.6023e+00 -1.7853e+00 -2.4415e+00 -3.2580e+00 +1.2058e+00
1676 0 +1.371615591e+00 -1.465283844e+02 -1.465283844e+02 -1.5116e+00 +6.8707e-02 +1.1988e+00 -2.1071e+00 -3.1102e+00 +1.3930e+00 -1.6321e+00 -2.3441e+00 -3.6077e+00 +1.5202e+00
1753 0 +1.078620030e+00 -1.468213800e+02 -1.468213800e+02 -1.6348e+00 +4.3637e-01 +1.3712e+00 -1.8254e+00 -2.5966e+00 +1.4576e+00 -1.4207e+00 -2.3269e+00 -3.3316e+00 +1.6026e+00
1974 0 +9.712548453e-01 -1.469287452e+02 -1.469287452e+02 -1.6881e+00 +1.7400e-01 +1.1925e+00 -2.0566e+00 -2.9784e+00 +1.3737e+00 -1.5691e+00 -2.1497e+00 -3.5912e+00 +1.5346e+00
1984 0 +8.016334754e-01 -1.470983665e+02 -1.470983665e+02 -1.6439e+00 +8.0573e-02 +1.1438e+00 -2.0489e+00 -3.3324e+00 +1.4313e+00 -1.6410e+00 -2.3529e+00 -3.8775e+00 +1.8201e+00
2110 0 +5.012228812e-01 -1.473987771e+02 -1.473987771e+02 -1.6655e+00 -4.6794e-02 +1.0913e+00 -1.9911e+00 -3.2784e+00 +1.4703e+00 -1.6219e+00 -2.3851e+00 -3.9094e+00 +1.7946e+00
2474 0 +3.636342717e-01 -1.475363657e+02 -1.475363657e+02 -1.7790e+00 +8.1384e-02 +1.2415e+00 -1.9101e+00 -3.2824e+00 +1.5419e+00 -1.6299e+00 -2.5023e+00 -3.7501e+00 +1.7836e+00
% f evaluations | g evaluations | best noise-free fitness - Fopt (4.817100000000e+02) + sum g_i+ | measured fitness | best measured fitness or single-digit g-values | x1 | x2...
1 0 +8.102514800e+01 +5.627351480e+02 +5.627351480e+02 +5.9671e-01 -3.8264e-02 +7.4769e-01 +1.6230e+00 -1.3415e-01 -1.3414e-01 +1.6792e+00 +8.6743e-01 -3.6947e-01 +6.4256e-01
6 0 +3.891937011e+01 +5.206293701e+02 +5.206293701e+02 +4.2408e-01 -2.8508e-01 -5.7692e-01 +7.1168e-01 +1.1310e+00 +1.0313e+00 -7.3922e-01 -2.0921e-01 +4.3126e-01 +1.0755e+00
62 0 +3.617725930e+01 +5.178872593e+02 +5.178872593e+02 +1.0754e+00 -1.0264e+00 -1.3292e+00 +7.6606e-01 +2.7369e+00 -9.0371e-02 -4.6455e-01 +1.4073e-01 +2.4877e-01 +1.2569e+00
64 0 +2.864188291e+01 +5.103518829e+02 +5.103518829e+02 +1.2874e+00 -1.7682e+00 -1.1718e+00 +1.6852e+00 -5.1875e-01 -1.3663e-02 +1.4768e+00 +3.2554e-01 +1.1676e+00 +6.9242e-01
109 0 +1.777745950e+01 +4.994874595e+02 +4.994874595e+02 +1.6978e+00 -2.0671e+00 -7.4782e-01 +2.6899e+00 +1.3937e+00 +2.3484e-01 +1.5030e+00 -1.3349e+00 -7.8350e-01 +1.9351e+00
115 0 +1.713496403e+01 +4.988449640e+02 +4.988449640e+02 +1.8484e+00 -2.0369e+00 -2.9869e+00 +3.3273e+00 +2.0547e+00 +6.4739e-01 +1.2960e+00 +5.0433e-02 -1.4135e+00 -9.6146e-01
117 0 +1.651127065e+01 +4.982212707e+02 +4.982212707e+02 +6.8247e-01 -2.4104e+00 -2.3653e+00 +3.4513e+00 +1.2947e+00 -1.4754e+00 -1.4768e+00 -1.2896e-01 -7.9943e-01 +9.6487e-01
162 0 +1.608282772e+01 +4.977928277e+02 +4.977928277e+02 +5.8118e-01 -2.3120e+00 -3.0940e+00 +3.5970e+00 +4.3567e-01 -8.7493e-01 -8.0648e-01 -2.7584e+00 -2.4299e+00 +2.4047e+00
266 0 +1.218843427e+01 +4.938984343e+02 +4.938984343e+02 -7.8474e-03 -3.5150e+00 -4.2396e+00 +1.6151e+00 +3.1420e-01 -2.1438e+00 +2.9734e-01 -1.4725e+00 -3.0380e+00 +1.1280e+00
331 0 +1.144110116e+01 +4.931511012e+02 +4.931511012e+02 +1.6264e+00 -2.5446e+00 -2.5835e+00 +2.8492e+00 +1.5345e+00 +2.4298e-01 +3.9879e-02 -2.5688e+00 -3.7207e-01 +2.8543e-01
657 0 +1.030689416e+01 +4.920168942e+02 +4.920168942e+02 +4.0782e-01 -2.4101e+00 -2.4659e+00 +3.4573e+00 +5.8321e-01 +2.0964e-01 -4.7216e-01 -1.6321e+00 -1.3005e+00 +2.0401e+00
659 0 +9.699098864e+00 +4.914090989e+02 +4.914090989e+02 +7.9680e-01 -3.1596e+00 -2.9838e+00 +3.4075e+00 -1.0159e-01 +3.5891e-01 +8.4502e-01 -2.2058e+00 +1.0686e-01 +1.3645e+00
660 0 +9.258418840e+00 +4.909684188e+02 +4.909684188e+02 +6.8361e-01 -2.1099e+00 -2.0694e+00 +3.3087e+00 -5.1446e-01 -1.9301e+00 +8.3742e-01 -1.1055e+00 -2.7986e+00 +8.8315e-01
680 0 +7.704093001e+00 +4.894140930e+02 +4.894140930e+02 +1.0989e+00 -2.8805e+00 -3.3484e+00 +3.3674e+00 +1.0209e+00 +5.6338e-02 +3.2348e-01 -1.6742e+00 -1.6070e+00 +7.5640e-02
878 0 +5.960689257e+00 +4.876706893e+02 +4.876706893e+02 +1.6852e+00 -2.4452e+00 -3.6447e+00 +2.4946e+00 +1.9099e-01 -2.2274e-01 +3.8215e-01 -1.4715e+00 -1.3975e+00 +2.1195e-01
915 0 +5.796405988e+00 +4.875064060e+02 +4.875064060e+02 +1.0006e+00 -2.4579e+00 -3.1844e+00 +2.9586e+00 +5.1587e-01 -8.2540e-01 +4.0124e-01 -1.6974e+00 -1.2032e+00 +5.6239e-01
920 0 +5.138551807e+00 +4.868485518e+02 +4.868485518e+02 +1.5934e+00 -2.8054e+00 -2.9637e+00 +2.1903e+00 -3.7771e-01 -8.4834e-01 +7.4421e-02 -1.4800e+00 -1.4918e+00 +5.2875e-01
935 0 +4.449155733e+00 +4.861591557e+02 +4.861591557e+02 +9.0406e-01 -2.9476e+00 -3.7067e+00 +2.4855e+00 +3.4242e-01 -9.1533e-01 -3.0970e-01 -1.5444e+00 -1.5050e+00 +5.4244e-01
951 0 +3.991984661e+00 +4.857019847e+02 +4.857019847e+02 +9.2990e-01 -2.8042e+00 -2.6276e+00 +2.8302e+00 -8.2614e-01 -8.5834e-01 +1.4252e+00 -1.3361e+00 -1.9353e+00 +9.9770e-01
953 0 +3.719063543e+00 +4.854290635e+02 +4.854290635e+02 +9.9121e-01 -3.1660e+00 -2.8453e+00 +2.6930e+00 -4.5954e-01 -5.6160e-01 +9.1702e-01 -1.2828e+00 -1.7558e+00 +9.8240e-01
954 0 +3.594871394e+00 +4.853048714e+02 +4.853048714e+02 +8.2742e-01 -2.9371e+00 -3.3382e+00 +3.4606e+00 -8.9117e-02 -5.9546e-01 +5.6708e-01 -1.6969e+00 -1.6291e+00 +2.4473e-01
1104 0 +3.583404818e+00 +4.852934048e+02 +4.852934048e+02 +1.4346e+00 -2.8521e+00 -2.7555e+00 +2.8966e+00 -5.4583e-01 -1.2391e+00 +2.7838e-01 -1.2395e+00 -2.5492e+00 +1.1271e-01
1132 0 +3.125056426e+00 +4.848350564e+02 +4.848350564e+02 +9.9274e-01 -3.2078e+00 -3.1055e+00 +3.4962e+00 -4.1179e-01 -1.3186e+00 +9.9539e-01 -1.3732e+00 -2.3796e+00 -5.2949e-03
1172 0 +1.920723916e+00 +4.836307239e+02 +4.836307239e+02 +1.0311e+00 -3.0083e+00 -2.6282e+00 +3.0633e+00 -3.6715e-01 -9.3790e-01 +7.3890e-01 -1.5567e+00 -2.0248e+00 +3.0645e-01
1427 0 +1.753922673e+00 +4.834639227e+02 +4.834639227e+02 +8.6258e-01 -2.9207e+00 -3.0333e+00 +3.3662e+00 -4.3358e-01 -8.2446e-01 +6.4762e-01 -1.8336e+00 -1.5841e+00 +3.9754e-01
1430 0 +1.454155986e+00 +4.831641560e+02 +4.831641560e+02 +9.1374e-01 -3.0407e+00 -3.0753e+00 +3.0300e+00 -1.3476e-01 -8.0703e-01 +5.9316e-01 -1.5999e+00 -1.6869e+00 +4.6779e-01
1452 0 +1.415162646e+00 +4.831251626e+02 +4.831251626e+02 +1.2194e+00 -3.1871e+00 -3.0069e+00 +2.5475e+00 -5.7433e-01 -7.1832e-01 +5.9967e-01 -1.3211e+00 -1.7903e+00 +7.0865e-01
1594 0 +8.919985056e-01 +4.826019985e+02 +4.826019985e+02 +1.1673e+00 -2.8914e+00 -2.7504e+00 +2.7614e+00 -4.7891e-01 -6.1614e-01 +7.0473e-01 -1.4469e+00 -1.7013e+00 +6.6236e-01
1694 0 +8.634205955e-01 +4.825734206e+02 +4.825734206e+02 +1.0332e+00 -2.9622e+00 -2.7677e+00 +2.9694e+00 -5.2064e-01 -8.6564e-01 +1.0289e+00 -1.6176e+00 -1.8380e+00 +7.0731e-01
1722 0 +8.208325365e-01 +4.825308325e+02 +4.825308325e+02 +1.0128e+00 -3.0114e+00 -2.9561e+00 +3.0428e+00 -3.4570e-01 -9.5591e-01 +5.0153e-01 -1.6911e+00 -1.7907e+00 +5.6632e-01
1820 0 +7.269536785e-01 +4.824369537e+02 +4.824369537e+02 +1.0459e+00 -3.0086e+00 -2.7827e+00 +2.9094e+00 -4.5561e-01 -8.3481e-01 +7.5363e-01 -1.5006e+00 -1.9122e+00 +5.9633e-01
2036 0 +7.109305917e-01 +4.824209306e+02 +4.824209306e+02 +1.0719e+00 -2.9932e+00 -2.8150e+00 +3.0470e+00 -3.4091e-01 -8.9340e-01 +6.6355e-01 -1.5665e+00 -1.8501e+00 +6.4100e-01
2041 0 +6.765349279e-01 +4.823865349e+02 +4.823865349e+02 +9.5337e-01 -3.0829e+00 -2.9418e+00 +3.1297e+00 -3.3007e-01 -9.9956e-01 +6.2728e-01 -1.7111e+00 -1.8876e+00 +4.4432e-01
2047 0 +4.207434786e-01 +4.821307435e+02 +4.821307435e+02 +1.0634e+00 -3.0318e+00 -2.8473e+00 +2.7908e+00 -4.4246e-01 -8.6531e-01 +7.6055e-01 -1.5473e+00 -1.8608e+00 +7.2662e-01
2165 0 +3.491625552e-01 +4.820591626e+02 +4.820591626e+02 +1.0956e+00 -3.0180e+00 -2.7997e+00 +2.8448e+00 -4.5894e-01 -8.2748e-01 +6.6339e-01 -1.4263e+00 -1.9012e+00 +6.5656e-01
2365 0 +3.097438892e-01 +4.820197439e+02 +4.820197439e+02 +1.1096e+00 -2.9979e+00 -2.9258e+00 +2.8803e+00 -3.8132e-01 -8.6278e-01 +7.1081e-01 -1.5739e+00 -1.8757e+00 +6.1313e-01
2397 0 +2.951669819e-01 +4.820051670e+02 +4.820051670e+02 +1.1062e+00 -2.9926e+00 -2.8822e+00 +2.9799e+00 -3.6321e-01 -8.5339e-01 +6.9081e-01 -1.5620e+00 -1.8773e+00 +5.9552e-01
2411 0 +2.629408623e-01 +4.819729409e+02 +4.819729409e+02 +1.0819e+00 -3.0082e+00 -2.9015e+00 +2.9821e+00 -4.2005e-01 -9.0700e-01 +7.2039e-01 -1.5509e+00 -1.9185e+00 +5.4602e-01
2456 0 +1.910503530e-01 +4.819010504e+02 +4.819010504e+02 +1.0832e+00 -2.9739e+00 -2.8769e+00 +2.9248e+00 -3.4736e-01 -8.3220e-01 +6.6442e-01 -1.5100e+00 -1.8724e+00 +6.0402e-01
% f evaluations | g evaluations | best noise-free fitness - Fopt (-3.646000000000e+01) + sum g_i+ | measured fitness | best measured fitness or single-digit g-values | x1 | x2...
1 0 +1.451125285e+02 +1.086525285e+02 +1.086525285e+02 +5.9671e-01 -3.8264e-02 +7.4769e-01 +1.6230e+00 -1.3415e-01 -1.3414e-01 +1.6792e+00 +8.6743e-01 -3.6947e-01 +6.4256e-01
7 0 +1.389135016e+02 +1.024535016e+02 +1.024535016e+02 -3.7917e-01 -8.5659e-02 -1.0063e+00 -1.0962e+00 +9.1253e-01 +1.4562e+00 +2.7990e-02 +1.1035e+00 +4.6164e-01 -5.4512e-01
11 0 +7.588826061e+01 +3.942826061e+01 +3.942826061e+01 -1.3154e+00 -3.2065e-01 -2.4271e-01 -7.0228e-01 -6.1286e-02 +5.0405e-01 +1.9862e+00 +2.7458e-01 +3.5755e-01 +2.5554e-02
42 0 +6.961415182e+01 +3.315415182e+01 +3.315415182e+01 +8.1161e-01 -1.0246e+00 -1.4341e+00 +1.3777e+00 +4.3231e-01 -6.4849e-01 +1.6512e+00 +2.1567e-01 +1.2793e+00 +1.6752e-01
52 0 +6.060993174e+01 +2.414993174e+01 +2.414993174e+01 +9.7809e-01 -1.6170e-01 -2.2699e+00 +3.5086e+00 +1.7185e+00 +1.6331e+00 -7.6979e-01 +1.7952e+00 +1.7775e+00 +4.3022e-01
55 0 +5.418522298e+01 +1.772522298e+01 +1.772522298e+01 -2.4816e+00 +3.0734e-01 -1.8919e+00 +2.0924e+00 -1.2685e+00 +1.5950e+00 +1.5979e+00 +3.7923e-01 +1.1134e+00 +3.5538e-01
95 0 +5.307712223e+01 +1.661712223e+01 +1.661712223e+01 +2.8182e+00 -2.9365e+00 -1.2356e+00 +1.4850e+00 +3.8595e-01 +5.5044e-01 +1.2400e+00 -4.2180e-02 -5.3359e-01 -7.0869e-01
101 0 +4.312217437e+01 +6.662174374e+00 +6.662174374e+00 -4.1671e-01 -2.4687e+00 -2.8691e+00 +3.4146e+00 +1.6750e+00 +3.7788e+00 +1.3466e+00 +1.8651e+00 +2.1490e+00 -8.5400e-01
105 0 +4.088476962e+01 +4.424769621e+00 +4.424769621e+00 -2.4720e+00 -3.6540e+00 -1.0792e+00 +3.1061e+00 +2.5996e+00 +1.6473e+00 +1.7489e+00 +4.6474e+00 +1.8178e+00 +4.7981e-01
113 0 +3.815167891e+01 +1.691678908e+00 +1.691678908e+00 -4.9282e-01 -1.3932e+00 -2.3974e+00 +1.9300e+00 +2.3293e-01 +1.9707e-01 +2.1670e+00 +1.5946e+00 -1.1798e-02 -1.7992e+00
158 0 +3.460840256e+01 -1.851597441e+00 -1.851597441e+00 +3.7809e+00 -1.2318e+00 -3.4763e+00 +1.1453e+00 +2.4998e+00 +2.5303e+00 -4.8697e-01 +1.3745e+00 +3.7232e+00 -4.2478e+00
186 0 +3.264263069e+01 -3.817369312e+00 -3.817369312e+00 +1.4901e+00 -1.3149e+00 -3.6987e+00 +3.0184e+00 +1.5941e+00 +1.2237e+00 +2.4141e+00 +4.6207e-01 +1.6962e+00 -3.1258e+00
215 0 +2.234755397e+01 -1.411244603e+01 -1.411244603e+01 +9.9879e-01 -4.3422e+00 -1.2809e+00 +4.4369e+00 +1.6460e+00 +8.9827e-01 +4.0567e+00 +3.6592e+00 -2.5024e+00 -1.8355e+00
411 0 +2.146742956e+01 -1.499257044e+01 -1.499257044e+01 -5.1837e-01 -1.4587e-01 -2.5402e+00 -6.9129e-01 +3.3208e+00 +4.7561e+00 -1.2978e-01 +4.1048e+00 -2.3509e+00 -1.1178e+00
415 0 +1.881643469e+01 -1.764356531e+01 -1.764356531e+01 -2.2134e-01 -1.4059e-01 -3.0955e+00 +2.3020e+00 +3.5747e+00 +3.0270e+00 +2.8573e+00 +3.6051e+00 -9.7176e-01 -4.8117e-01
428 0 +1.413041282e+01 -2.232958718e+01 -2.232958718e+01 +1.2336e+00 -2.7917e+00 -3.2510e+00 +5.3414e-01 +3.1370e+00 +3.1798e+00 +2.4633e+00 +2.7983e+00 -4.6288e+00 -2.6461e+00
478 0 +1.133178636e+01 -2.512821364e+01 -2.512821364e+01 +3.0927e+00 -2.5580e+00 -4.3719e+00 +1.5022e+00 +4.8659e+00 +3.4556e+00 +2.6626e+00 +3.3223e+00 -1.9052e+00 -2.7250e+00
805 0 +9.085812031e+00 -2.737418797e+01 -2.737418797e+01 +1.7853e+00 -2.5721e+00 -1.6257e+00 +9.7166e-01 +4.0618e+00 +3.3524e+00 +4.1742e+00 +4.2786e+00 -4.1050e+00 -2.2990e+00
806 0 +7.209936617e+00 -2.925006338e+01 -2.925006338e+01 +3.5253e+00 -3.6610e+00 -2.3046e+00 +1.4593e+00 +3.4009e+00 +4.5627e+00 +2.7417e+00 +2.3853e+00 -4.8533e+00 -4.7772e+00
913 0 +7.162515587e+00 -2.929748441e+01 -2.929748441e+01 +1.9791e+00 -2.7476e+00 -3.2244e+00 +1.8219e+00 +4.3223e+00 +3.2864e+00 +1.8351e+00 +3.6117e+00 -2.0980e+00 -2.7381e+00
996 0 +6.881955334e+00 -2.957804467e+01 -2.957804467e+01 +3.2289e+00 -3.4027e+00 -1.4975e+00 +1.0178e+00 +3.8770e+00 +3.9507e+00 +2.7319e+00 +3.6009e+00 -4.7206e+00 -4.1330e+00
1090 0 +6.123388838e+00 -3.033661116e+01 -3.033661116e+01 +1.7125e+00 -2.1703e+00 -2.4471e+00 +1.9688e+00 +4.2533e+00 +3.0222e+00 +3.9148e+00 +4.2484e+00 -2.7832e+00 -2.5131e+00
1110 0 +6.013024535e+00 -3.044697547e+01 -3.044697547e+01 +2.5402e+00 -2.6651e+00 -1.8010e+00 +3.0603e-01 +3.9635e+00 +3.3402e+00 +2.0558e+00 +2.5252e+00 -4.3255e+00 -3.8755e+00
1226 0 +5.333977085e+00 -3.112602291e+01 -3.112602291e+01 +2.0286e+00 -2.3153e+00 -2.1294e+00 +1.2656e+00 +3.9546e+00 +3.5011e+00 +3.1877e+00 +3.7715e+00 -4.2889e+00 -2.9404e+00
1249 0 +4.943694343e+00 -3.151630566e+01 -3.151630566e+01 +1.8289e+00 -3.5891e+00 -1.8203e+00 +1.5329e+00 +3.8627e+00 +3.8036e+00 +2.4406e+00 +2.8817e+00 -4.1789e+00 -3.4675e+00
1331 0 +4.369010531e+00 -3.209098947e+01 -3.209098947e+01 +1.6558e+00 -2.8803e+00 -2.4991e+00 +1.4547e+00 +3.6478e+00 +3.1375e+00 +2.7672e+00 +3.4363e+00 -3.6337e+00 -3.0216e+00
1410 0 +3.545183628e+00 -3.291481637e+01 -3.291481637e+01 +1.7811e+00 -3.4990e+00 -2.2734e+00 +2.1506e+00 +3.8302e+00 +3.9910e+00 +2.8418e+00 +4.3923e+00 -4.2362e+00 -2.4056e+00
1485 0 +2.674582289e+00 -3.378541771e+01 -3.378541771e+01 +1.5123e+00 -3.6209e+00 -1.8664e+00 +1.9004e+00 +4.1727e+00 +3.7890e+00 +3.0447e+00 +4.2068e+00 -3.6131e+00 -2.3190e+00
1638 0 +2.125590510e+00 -3.433440949e+01 -3.433440949e+01 +2.0159e+00 -2.9699e+00 -1.9717e+00 +1.3957e+00 +4.1858e+00 +3.6919e+00 +2.8113e+00 +3.6177e+00 -4.1054e+00 -3.4086e+00
1690 0 +2.046073961e+00 -3.441392604e+01 -3.441392604e+01 +2.0176e+00 -3.1453e+00 -2.1668e+00 +1.6851e+00 +4.0697e+00 +3.5229e+00 +2.9709e+00 +3.7603e+00 -3.8806e+00 -3.0871e+00
1788 0 +2.039360390e+00 -3.442063961e+01 -3.442063961e+01 +1.9108e+00 -3.4732e+00 -2.0967e+00 +1.4350e+00 +3.8113e+00 +3.8197e+00 +2.2276e+00 +3.6448e+00 -3.9272e+00 -3.4064e+00
1797 0 +2.020717321e+00 -3.443928268e+01 -3.443928268e+01 +2.1028e+00 -2.9401e+00 -2.1263e+00 +1.1552e+00 +3.9224e+00 +3.9589e+00 +2.3054e+00 +3.5720e+00 -3.9978e+00 -3.5025e+00
1804 0 +1.971597448e+00 -3.448840255e+01 -3.448840255e+01 +2.0169e+00 -2.9905e+00 -2.4021e+00 +1.2965e+00 +4.3287e+00 +3.2263e+00 +2.5281e+00 +3.7592e+00 -3.5839e+00 -3.2324e+00
1826 0 +1.575100623e+00 -3.488489938e+01 -3.488489938e+01 +1.8832e+00 -3.1664e+00 -2.1856e+00 +1.4312e+00 +3.8404e+00 +3.6356e+00 +2.3425e+00 +3.4443e+00 -3.7481e+00 -3.2989e+00
1874 0 +1.543069398e+00 -3.491693060e+01 -3.491693060e+01 +2.1684e+00 -3.0312e+00 -2.1420e+00 +1.1210e+00 +3.9791e+00 +3.7993e+00 +2.3558e+00 +3.3850e+00 -4.2299e+00 -3.3465e+00
1914 0 +1.524654881e+00 -3.493534512e+01 -3.493534512e+01 +1.8791e+00 -3.1249e+00 -2.1537e+00 +1.4168e+00 +3.9479e+00 +3.6799e+00 +2.5015e+00 +3.5442e+00 -3.8148e+00 -3.2178e+00
1923 0 +8.689340974e-01 -3.559106590e+01 -3.559106590e+01 +2.2619e+00 -2.9201e+00 -2.3499e+00 +9.1784e-01 +4.0028e+00 +3.5068e+00 +2.2380e+00 +3.3885e+00 -3.9967e+00 -3.5070e+00
1982 0 +8.547814402e-01 -3.560521856e+01 -3.560521856e+01 +2.1261e+00 -2.9482e+00 -2.3214e+00 +1.1489e+00 +4.0017e+00 +3.4638e+00 +2.3606e+00 +3.5246e+00 -3.8038e+00 -3.2006e+00
2118 0 +4.997326214e-01 -3.596026738e+01 -3.596026738e+01 +2.0733e+00 -3.0629e+00 -2.2007e+00 +1.1240e+00 +3.9321e+00 +3.7147e+00 +2.2567e+00 +3.3737e+00 -3.9405e+00 -3.4754e+00
2353 0 +4.337198787e-01 -3.602628012e+01 -3.602628012e+01 +2.1116e+00 -2.9008e+00 -2.2269e+00 +1.0691e+00 +4.0193e+00 +3.6284e+00 +2.2937e+00 +3.3424e+00 -3.8557e+00 -3.3894e+00
2419 0 +4.175317139e-01 -3.604246829e+01 -3.604246829e+01 +2.1667e+00 -2.8937e+00 -2.2286e+00 +8.4872e-01 +3.9677e+00 +3.6633e+00 +2.1655e+00 +3.2749e+00 -3.8615e+00 -3.6718e+00
2446 0 +4.109552815e-01 -3.604904472e+01 -3.604904472e+01 +2.1645e+00 -2.8903e+00 -2.2340e+00 +8.8585e-01 +3.9814e+00 +3.6597e+00 +2.1872e+00 +3.2599e+00 -3.8895e+00 -3.5823e+00
% f evaluations | g evaluations | best noise-free fitness - Fopt (3.920000000000e+01) + sum g_i+ | measured fitness | best measured fitness or single-digit g-values | x1 | x2...
1 0 +6.258597322e+01 +1.017859732e+02 +1.017859732e+02 +5.9671e-01 -3.8264e-02 +7.4769e-01 +1.6230e+00 -1.3415e-01 -1.3414e-01 +1.6792e+00 +8.6743e-01 -3.6947e-01 +6.4256e-01
26 0 +5.649839685e+01 +9.569839685e+01 +9.569839685e+01 -1.1609e+00 +1.0179e+00 +2.2222e+00 +1.1325e+00 -1.4194e+00 -3.8423e-01 +1.3669e+00 -6.0767e-01 +5.4382e-01 +8.7463e-01
32 0 +5.016370075e+01 +8.936370075e+01 +8.936370075e+01 -1.1768e-01 +1.1988e+00 +9.2542e-01 +9.1351e-01 +1.4055e+00 +1.2100e-01 +7.8195e-01 -2.1027e-01 +4.2417e-01 -3.0143e-02
37 0 +4.969377646e+01 +8.889377646e+01 +8.889377646e+01 +6.1935e-01 +1.6327e+00 -8.7601e-03 +5.0171e-01 +7.9014e-01 -3.0122e-01 +3.2409e-01 +1.1259e-01 +1.9768e-01 -6.7301e-01
43 0 +4.965416915e+01 +8.885416915e+01 +8.885416915e+01 +2.1607e+00 +1.8553e+00 -1.4896e-01 +1.0716e+00 +7.4538e-01 +1.4686e+00 -8.6492e-01 +7.8605e-01 +1.1584e+00 -1.6587e+00
51 0 +4.713014503e+01 +8.633014503e+01 +8.633014503e+01 +1.9865e+00 +1.3356e+00 +2.5857e-03 -4.3677e-01 +2.5041e+00 +5.2313e-01 +1.0137e+00 -6.7850e-01 -2.0819e-01 -1.4502e+00
58 0 +4.613881732e+01 +8.533881732e+01 +8.533881732e+01 +9.0038e-01 +2.1594e+00 -2.0288e-01 +1.6044e+00 +9.0655e-01 -3.2622e-01 +1.0164e-01 -1.0620e+00 +3.9444e-01 +6.3014e-01
61 0 +4.395989790e+01 +8.315989790e+01 +8.315989790e+01 +1.1966e+00 +3.4847e+00 -1.4354e+00 +1.4008e+00 +1.7792e+00 +3.6647e-01 +1.9176e+00 -3.2774e-01 +4.7880e-02 +1.7018e-02
76 0 +3.758065303e+01 +7.678065303e+01 +7.678065303e+01 +1.2810e+00 +1.4753e-01 +6.2016e-01 +2.5690e+00 +9.3240e-01 +1.5464e+00 +1.1223e+00 -1.0811e+00 +2.9240e-01 -7.4466e-01
84 0 +3.238887896e+01 +7.158887896e+01 +7.158887896e+01 +4.5100e-01 +2.9893e-01 +1.0219e+00 +3.0390e+00 +1.4246e+00 +4.9719e-01 +1.5062e+00 -7.0957e-01 +1.2987e+00 -9.8571e-01
103 0 +2.619348288e+01 +6.539348288e+01 +6.539348288e+01 +3.8599e+00 -1.5581e+00 +4.5038e-01 +3.0710e+00 +2.7260e+00 +1.4633e+00 +3.7432e+00 -2.8452e+00 -2.1903e-01 -2.0449e+00
139 0 +2.467498912e+01 +6.387498912e+01 +6.387498912e+01 +2.1957e+00 -1.4587e+00 +6.5850e-01 +2.3958e+00 +1.3495e+00 +1.6027e+00 +3.2574e+00 -1.0588e+00 +8.7756e-01 -1.8574e+00
152 0 +1.917302014e+01 +5.837302014e+01 +5.837302014e+01 +2.1504e+00 +1.1370e+00 +2.9445e+00 +2.9926e+00 +3.4772e+00 +4.9609e+00 +4.0884e+00 -2.5705e+00 +2.0432e+00 -3.1810e+00
276 0 +1.612283400e+01 +5.532283400e+01 +5.532283400e+01 +2.6835e+00 +3.5863e+00 +2.7616e+00 +3.9163e+00 -2.3059e-01 +2.1319e+00 +3.8084e+00 -3.1791e+00 +1.5332e+00 -3.5783e+00
365 0 +1.148011042e+01 +5.068011042e+01 +5.068011042e+01 +3.1149e+00 +4.3664e+00 +2.5846e+00 +1.8402e+00 +1.5741e+00 -3.8167e-01 +2.4423e+00 -2.7534e+00 +8.8922e-01 -3.9613e+00
531 0 +1.135983841e+01 +5.055983841e+01 +5.055983841e+01 +1.5965e+00 +4.2474e+00 +1.6032e+00 +3.0021e+00 +2.9457e-01 +4.0929e-01 +3.4036e+00 -1.9741e+00 +3.9440e-01 -2.3355e+00
568 0 +7.828808602e+00 +4.702880860e+01 +4.702880860e+01 +1.7600e+00 +2.6497e+00 +2.5888e+00 +4.5926e+00 +9.1348e-01 +7.9363e-01 +2.0401e+00 -3.7742e+00 +3.0895e-01 -3.1256e+00
833 0 +7.803596418e+00 +4.700359642e+01 +4.700359642e+01 +3.1681e+00 +2.0463e+00 +1.3947e-01 +2.9052e+00 +1.9918e+00 +1.9806e+00 +2.8974e+00 -2.9897e+00 -2.3105e-01 -2.9564e+00
859 0 +6.827787420e+00 +4.602778742e+01 +4.602778742e+01 +2.8198e+00 +3.0747e+00 +1.6653e+00 +3.8808e+00 +8.6377e-01 +5.3228e-01 +2.5633e+00 -2.8321e+00 +5.0114e-01 -2.5203e+00
862 0 +5.886486074e+00 +4.508648607e+01 +4.508648607e+01 +2.9410e+00 +1.8177e+00 +1.9368e+00 +4.6737e+00 +1.7986e+00 +3.1806e-01 +1.9665e+00 -2.9164e+00 +7.7366e-01 -3.2699e+00
872 0 +4.442359103e+00 +4.364235910e+01 +4.364235910e+01 +2.8505e+00 +2.6117e+00 +2.4757e+00 +3.4077e+00 +1.6355e+00 +5.8419e-01 +2.3065e+00 -3.2649e+00 +3.9900e-01 -3.1644e+00
936 0 +4.315400286e+00 +4.351540029e+01 +4.351540029e+01 +3.2009e+00 +2.0346e+00 +1.8415e+00 +3.3369e+00 +1.8776e+00 +4.4098e-01 +2.2545e+00 -3.3364e+00 +4.8749e-01 -2.9728e+00
1011 0 +4.045711321e+00 +4.324571132e+01 +4.324571132e+01 +3.2205e+00 +2.1597e+00 +1.4077e+00 +3.3920e+00 +1.5291e+00 +1.2733e+00 +2.5976e+00 -3.0671e+00 +4.5205e-01 -3.2061e+00
1040 0 +3.395380815e+00 +4.259538082e+01 +4.259538082e+01 +3.2958e+00 +1.7238e+00 +2.2299e+00 +3.4054e+00 +1.5839e+00 +8.9051e-01 +1.7410e+00 -2.8254e+00 +5.5946e-01 -2.9121e+00
1106 0 +2.085141001e+00 +4.128514100e+01 +4.128514100e+01 +2.6896e+00 +2.5671e+00 +2.8544e+00 +4.0027e+00 +1.4209e+00 +6.6151e-01 +1.7778e+00 -2.8760e+00 +7.8081e-01 -3.0175e+00
1315 0 +1.491549008e+00 +4.069154901e+01 +4.069154901e+01 +3.7795e+00 +1.1688e+00 +2.2021e+00 +3.0647e+00 +2.4047e+00 +5.5968e-01 +2.0691e+00 -3.0463e+00 +3.4319e-01 -3.3363e+00
1568 0 +1.456540244e+00 +4.065654024e+01 +4.065654024e+01 +3.2709e+00 +2.0148e+00 +2.4758e+00 +3.3655e+00 +1.9626e+00 +5.2167e-01 +2.0351e+00 -2.8852e+00 +4.9692e-01 -3.2433e+00
1622 0 +1.403119533e+00 +4.060311953e+01 +4.060311953e+01 +3.9033e+00 +1.7478e+00 +2.3245e+00 +2.8003e+00 +2.3827e+00 +4.0782e-01 +2.2058e+00 -2.6130e+00 +4.8929e-01 -3.3188e+00
1709 0 +1.107946117e+00 +4.030794612e+01 +4.030794612e+01 +3.9623e+00 +1.5683e+00 +2.4630e+00 +3.1160e+00 +2.1004e+00 +5.3374e-01 +2.0307e+00 -2.8331e+00 +4.1403e-01 -3.3227e+00
1973 0 +1.044380721e+00 +4.024438072e+01 +4.024438072e+01 +3.4320e+00 +1.9032e+00 +2.1629e+00 +3.2823e+00 +2.1172e+00 +5.9210e-01 +2.0950e+00 -2.8428e+00 +4.6043e-01 -3.2220e+00
1982 0 +1.015074470e+00 +4.021507447e+01 +4.021507447e+01 +3.5673e+00 +1.6523e+00 +2.3346e+00 +3.1657e+00 +2.3573e+00 +5.0604e-01 +2.0812e+00 -3.0143e+00 +3.7873e-01 -3.4419e+00
1996 0 +1.005828369e+00 +4.020582837e+01 +4.020582837e+01 +3.7166e+00 +1.7827e+00 +2.2006e+00 +2.9945e+00 +2.1333e+00 +5.4450e-01 +2.1804e+00 -2.7836e+00 +3.7833e-01 -3.2386e+00
2084 0 +6.216213869e-01 +3.982162139e+01 +3.982162139e+01 +3.2011e+00 +2.1376e+00 +2.9722e+00 +3.8410e+00 +1.9562e+00 +4.2052e-01 +1.8473e+00 -2.7849e+00 +7.6567e-01 -3.3492e+00
2226 0 +5.610997938e-01 +3.976109979e+01 +3.976109979e+01 +3.4696e+00 +1.7948e+00 +2.4491e+00 +3.3407e+00 +2.1033e+00 +5.3384e-01 +2.0094e+00 -2.8425e+00 +5.8665e-01 -3.2377e+00
2388 0 +4.428977020e-01 +3.964289770e+01 +3.964289770e+01 +3.7421e+00 +1.5813e+00 +2.3954e+00 +3.2252e+00 +2.1661e+00 +6.3710e-01 +2.0012e+00 -2.8712e+00 +4.9866e-01 -3.3142e+00
2423 0 +3.907597833e-01 +3.959075978e+01 +3.959075978e+01 +3.7560e+00 +1.6055e+00 +2.5260e+00 +3.2245e+00 +2.2583e+00 +5.2701e-01 +1.9524e+00 -2.7947e+00 +5.5981e-01 -3.3565e+00
2436 0 +3.269737670e-01 +3.952697377e+01 +3.952697377e+01 +3.7092e+00 +1.6477e+00 +2.3978e+00 +3.1974e+00 +2.2122e+00 +5.4112e-01 +2.0427e+00 -2.8083e+00 +5.7237e-01 -3.3041e+00
% f evaluations | g evaluations | best noise-free fitness - Fopt (-3.225000000000e+01) + sum g_i+ | measured fitness | best measured fitness or single-digit g-values | x1 | x2...
1 0 +4.516970759e+02 +4.194470759e+02 +4.194470759e+02 +5.9671e-01 -3.8264e-02 +7.4769e-01 +1.6230e+00 -1.3415e-01 -1.3414e-01 +1.6792e+00 +8.6743e-01 -3.6947e-01 +6.4256e-01
2 0 +3.102541802e+02 +2.780041802e+02 +2.780041802e+02 -3.6342e-01 -3.6573e-01 +3.4196e-01 -1.8133e+00 -1.6249e+00 -4.6229e-01 -9.1283e-01 +4.1425e-01 -8.0802e-01 -1.3123e+00
3 0 +1.749215143e+02 +1.426715143e+02 +1.426715143e+02 +1.5656e+00 -1.2578e-01 +1.6753e-01 -1.3247e+00 -4.4438e-01 +2.1092e-01 -1.0510e+00 +4.7570e-01 -5.0064e-01 -1.9169e-01
4 0 +1.449302454e+02 +1.126802454e+02 +1.126802454e+02 -5.0171e-01 +1.9523e+00 +8.6503e-02 -9.5771e-01 +9.2254e-01 -1.1208e+00 +3.0886e-01 -1.8597e+00 -1.2282e+00 +2.9686e-01
20 0 +1.307360089e+02 +9.848600894e+01 +9.848600894e+01 -3.4651e-01 +9.5640e-01 +3.1409e-01 -1.1457e+00 +2.7318e-01 +4.8532e-01 -7.8386e-01 +2.5373e-01 +1.5821e-01 -1.0430e+00
24 0 +1.138745005e+02 +8.162450046e+01 +8.162450046e+01 -6.3037e-01 +3.1646e-01 +1.4557e-01 -5.5160e-01 +2.2439e+00 +7.3392e-01 -1.9251e+00 +2.8645e-01 -5.6179e-01 +9.5243e-01
29 0 +7.273900615e+01 +4.048900615e+01 +4.048900615e+01 +2.1352e-01 +7.6213e-01 +1.6860e+00 -1.1378e+00 +2.2330e+00 -1.8521e+00 -5.1785e-02 +6.8832e-01 +3.8099e-01 -5.2270e-01
54 0 +6.428179027e+01 +3.203179027e+01 +3.203179027e+01 -7.4097e-01 -1.0804e+00 -5.4070e-01 -1.4975e+00 +2.4784e+00 -2.1275e+00 -1.1391e+00 +9.9466e-01 +1.8403e-01 +3.8364e-01
104 0 +4.435485011e+01 +1.210485011e+01 +1.210485011e+01 -4.6217e-01 -5.9095e-01 +5.7896e-01 -1.8451e+00 +3.9804e+00 -3.9279e+00 -6.2686e-01 -1.2369e+00 -1.8044e+00 +3.7582e-01
158 0 +2.921656072e+01 -3.033439279e+00 -3.033439279e+00 -1.6562e-01 +1.1614e+00 +4.6928e-01 -1.6526e+00 +3.4257e+00 -4.9723e+00 -8.1588e-01 -1.3024e+00 +1.0715e+00 +2.3910e+00
181 0 +2.245585504e+01 -9.794144963e+00 -9.794144963e+00 +1.5934e+00 -1.4247e+00 -1.4715e+00 -8.1338e-01 +4.5104e+00 -2.6404e+00 -1.3968e+00 -2.1382e+00 +4.3350e+00 +2.0010e+00
303 0 +2.146233615e+01 -1.078766385e+01 -1.078766385e+01 +2.9524e+00 +9.4318e-01 -2.7108e+00 -1.1278e+00 +3.6384e+00 -3.3732e+00 -3.3577e-01 +3.0547e+00 +3.2937e+00 +3.6719e+00
372 0 +2.115662774e+01 -1.109337226e+01 -1.109337226e+01 +3.8197e+00 -1.8977e+00 -1.2315e+00 -3.7469e+00 +2.2097e+00 -3.6869e-01 +6.9163e-01 +2.4838e+00 +2.6728e+00 +4.2525e+00
414 0 +1.372281756e+01 -1.852718244e+01 -1.852718244e+01 +2.5456e+00 -6.1797e-01 -1.4462e+00 -2.8078e+00 +3.1692e+00 -2.5411e+00 -2.5625e-01 +6.8479e-01 +3.1505e+00 +2.6195e+00
611 0 +1.318552908e+01 -1.906447092e+01 -1.906447092e+01 +2.9825e+00 -8.6781e-01 -5.0482e-01 -1.5625e+00 +2.0484e+00 -2.0018e+00 -1.7624e+00 +1.8613e+00 +3.4462e+00 +2.7681e+00
691 0 +1.298118568e+01 -1.926881432e+01 -1.926881432e+01 +3.9267e+00 +1.0469e+00 -8.4817e-01 -3.0696e+00 +3.9617e+00 -4.9120e+00 +5.6081e-01 +3.2157e+00 +3.6516e+00 +4.0911e+00
704 0 +6.732996705e+00 -2.551700330e+01 -2.551700330e+01 +3.2760e+00 -3.3507e-01 -4.8138e-01 -2.6325e+00 +2.2838e+00 -3.2933e+00 +1.6625e-01 +2.4523e+00 +4.2054e+00 +3.2905e+00
736 0 +4.682430731e+00 -2.756756927e+01 -2.756756927e+01 +3.5767e+00 -6.4504e-01 -4.2556e-01 -2.0096e+00 +2.6365e+00 -1.5555e+00 -4.2894e-01 +2.1338e+00 +3.0754e+00 +3.8844e+00
1234 0 +4.033648307e+00 -2.821635169e+01 -2.821635169e+01 +3.6251e+00 +8.2318e-01 -8.2651e-01 -2.7967e+00 +3.4561e+00 -2.2783e+00 -1.7399e-01 +2.4259e+00 +3.9256e+00 +3.1206e+00
1283 0 +2.971571405e+00 -2.927842859e+01 -2.927842859e+01 +3.6811e+00 +8.9127e-01 -4.7765e-01 -2.8382e+00 +3.4088e+00 -3.2908e+00 +4.8168e-01 +2.2570e+00 +3.9952e+00 +3.0150e+00
1338 0 +2.913700993e+00 -2.933629901e+01 -2.933629901e+01 +4.3677e+00 +1.0133e+00 -8.0105e-01 -3.0186e+00 +3.1673e+00 -2.5339e+00 +1.5026e-01 +2.8341e+00 +3.3066e+00 +3.2526e+00
1366 0 +2.559125647e+00 -2.969087435e+01 -2.969087435e+01 +3.7219e+00 +1.0959e+00 -9.8285e-01 -2.7592e+00 +2.8171e+00 -3.7672e+00 +1.2618e-01 +2.4942e+00 +3.5147e+00 +2.9102e+00
1452 0 +2.031407418e+00 -3.021859258e+01 -3.021859258e+01 +3.4591e+00 +1.1137e+00 -1.0359e+00 -2.8976e+00 +3.8656e+00 -3.4598e+00 +1.9370e-01 +2.4641e+00 +3.9317e+00 +2.9336e+00
1492 0 +1.881770989e+00 -3.036822901e+01 -3.036822901e+01 +3.5864e+00 +7.4618e-01 -5.4232e-01 -2.8015e+00 +3.2413e+00 -2.6495e+00 -4.9350e-02 +2.3284e+00 +4.0549e+00 +2.8478e+00
1554 0 +1.647808853e+00 -3.060219115e+01 -3.060219115e+01 +4.0082e+00 +8.0728e-01 -8.5918e-01 -2.5833e+00 +3.3225e+00 -3.6081e+00 +9.2795e-02 +2.8804e+00 +3.6152e+00 +3.0739e+00
1609 0 +1.205883796e+00 -3.104411620e+01 -3.104411620e+01 +3.5935e+00 +1.0155e+00 -8.6938e-01 -2.8345e+00 +3.1863e+00 -3.0263e+00 +1.0680e-01 +2.3856e+00 +3.8130e+00 +2.8886e+00
1892 0 +1.104714319e+00 -3.114528568e+01 -3.114528568e+01 +3.6667e+00 +9.8328e-01 -8.0879e-01 -2.6530e+00 +3.3318e+00 -3.3454e+00 +6.7436e-02 +2.6181e+00 +3.6803e+00 +3.1046e+00
1911 0 +9.276224403e-01 -3.132237756e+01 -3.132237756e+01 +3.7688e+00 +1.0718e+00 -9.6175e-01 -2.6742e+00 +3.2314e+00 -3.3939e+00 +2.1282e-01 +2.5383e+00 +3.7985e+00 +3.1095e+00
1935 0 +7.639768273e-01 -3.148602317e+01 -3.148602317e+01 +3.6549e+00 +1.1497e+00 -7.0882e-01 -2.7920e+00 +3.0850e+00 -3.5611e+00 +1.6395e-01 +2.6145e+00 +3.8583e+00 +3.1059e+00
2026 0 +7.398742197e-01 -3.151012578e+01 -3.151012578e+01 +3.7564e+00 +1.1492e+00 -9.5516e-01 -2.7993e+00 +3.3472e+00 -3.4553e+00 +1.7855e-01 +2.6185e+00 +3.8344e+00 +3.0412e+00
2074 0 +7.280720926e-01 -3.152192791e+01 -3.152192791e+01 +3.7423e+00 +9.9797e-01 -8.2881e-01 -2.7001e+00 +3.2628e+00 -3.4249e+00 +1.5127e-01 +2.6651e+00 +3.7584e+00 +3.0976e+00
2121 0 +6.184146278e-01 -3.163158537e+01 -3.163158537e+01 +3.6643e+00 +1.0542e+00 -8.6689e-01 -2.8083e+00 +3.2424e+00 -3.5571e+00 +1.5462e-01 +2.6814e+00 +3.7839e+00 +3.1927e+00
2173 0 +5.129270280e-01 -3.173707297e+01 -3.173707297e+01 +3.6945e+00 +1.0271e+00 -8.3192e-01 -2.8358e+00 +3.2015e+00 -3.5454e+00 +1.2185e-01 +2.7180e+00 +3.7365e+00 +3.1930e+00
2220 0 +3.197630004e-01 -3.193023700e+01 -3.193023700e+01 +3.5554e+00 +9.9885e-01 -7.8573e-01 -2.6991e+00 +3.1841e+00 -3.4008e+00 +6.2184e-02 +2.4852e+00 +3.8006e+00 +3.0679e+00
% f evaluations | g evaluations | best noise-free fitness - Fopt (3.681200000000e+02) + sum g_i+ | measured fitness | best measured fitness or single-digit g-values | x1 | x2...
1 0 +7.459129335e+01 +4.427112934e+02 +4.427112934e+02 +5.9671e-01 -3.8264e-02 +7.4769e-01 +1.6230e+00 -1.3415e-01 -1.3414e-01 +1.6792e+00 +8.6743e-01 -3.6947e-01 +6.4256e-01
2 0 +5.447614135e+01 +4.225961413e+02 +4.225961413e+02 -3.6342e-01 -3.6573e-01 +3.4196e-01 -1.8133e+00 -1.6249e+00 -4.6229e-01 -9.1283e-01 +4.1425e-01 -8.0802e-01 -1.3123e+00
4 0 +3.786814253e+01 +4.059881425e+02 +4.059881425e+02 -5.0171e-01 +1.9523e+00 +8.6503e-02 -9.5771e-01 +9.2254e-01 -1.1208e+00 +3.0886e-01 -1.8597e+00 -1.2282e+00 +2.9686e-01
51 0 +3.684983068e+01 +4.049698307e+02 +4.049698307e+02 -1.8662e+00 -9.3124e-01 -1.4889e+00 -1.6743e+00 -1.3472e+00 -2.7857e-01 -2.2998e+00 -1.2374e+00 -2.0496e+00 -6.5670e-01
55 0 +3.003060935e+01 +3.981506094e+02 +3.981506094e+02 -3.8130e-01 -7.9471e-01 +8.4251e-01 -5.6382e-01 -3.8500e-01 -5.9891e-01 -1.9335e+00 -1.2010e+00 -1.5793e+00 -1.3047e+00
108 0 +2.536516659e+01 +3.934851666e+02 +3.934851666e+02 -4.8004e-01 -2.8907e+00 +2.6438e+00 -2.5383e+00 -4.3741e-01 -1.5642e+00 -1.7385e+00 -3.1495e+00 -3.5745e+00 +6.7983e-02
114 0 +2.522264232e+01 +3.933426423e+02 +3.933426423e+02 -3.1299e+00 -1.5617e-01 -1.0995e-01 -1.5521e+00 +7.1457e-01 -2.5821e+00 +7.8273e-01 -2.5356e+00 -1.1796e+00 +1.8869e+00
159 0 +2.158565277e+01 +3.897056528e+02 +3.897056528e+02 -3.7339e+00 -2.9415e+00 -9.1313e-01 -4.1575e+00 +1.4367e+00 -1.7774e+00 -2.8887e+00 -2.2501e+00 -1.8878e+00 -1.0896e+00
161 0 +2.067949344e+01 +3.887994934e+02 +3.887994934e+02 -4.0138e+00 -3.7619e+00 -2.8337e+00 -9.3933e-01 +1.5208e-01 -9.0972e-01 -1.6906e+00 -3.3918e+00 -1.8530e+00 -4.8707e-01
269 0 +1.735151528e+01 +3.854715153e+02 +3.854715153e+02 +7.7705e-01 -3.4464e-01 +2.0250e+00 -2.2598e+00 -1.1676e+00 -6.0406e-01 +1.7052e+00 -4.0886e+00 -2.8679e+00 -2.7364e+00
297 0 +1.579653301e+01 +3.839165330e+02 +3.839165330e+02 -2.1241e+00 -1.2747e+00 +4.4981e-01 -3.6376e+00 -1.4241e+00 -2.6724e+00 -1.4426e+00 -4.8943e+00 -2.4821e+00 -1.6771e-01
441 0 +1.266462955e+01 +3.807846295e+02 +3.807846295e+02 -1.7092e+00 +1.6860e+00 +4.5885e-01 -1.6348e+00 -5.5911e-01 -2.3462e+00 -1.2937e+00 -3.7268e+00 -1.7720e+00 -3.2400e+00
515 0 +7.567459764e+00 +3.756874598e+02 +3.756874598e+02 -2.7085e+00 -9.3061e-01 +5.0871e-01 -1.8005e+00 -1.8862e+00 -3.5391e+00 -2.5213e+00 -3.5333e+00 -2.5564e+00 -4.3377e-01
689 0 +6.088893821e+00 +3.742088938e+02 +3.742088938e+02 -2.2142e+00 -1.4205e+00 +3.5635e-01 -2.5122e+00 -1.0270e+00 -2.6189e+00 -2.5756e+00 -4.4813e+00 -1.8426e+00 -5.7652e-01
839 0 +5.957757801e+00 +3.740777578e+02 +3.740777578e+02 -2.3928e+00 -1.8186e+00 +1.2324e+00 -2.3785e+00 -6.6665e-01 -2.3746e+00 -1.9098e+00 -3.9065e+00 -2.4502e+00 -1.2551e+00
847 0 +3.913489733e+00 +3.720334897e+02 +3.720334897e+02 -2.7944e+00 -1.7549e+00 +1.0539e+00 -2.3817e+00 -7.7404e-01 -2.2879e+00 -2.2759e+00 -4.1481e+00 -1.7745e+00 -2.9288e-01
978 0 +3.580581705e+00 +3.717005817e+02 +3.717005817e+02 -2.3380e+00 -1.2556e+00 +5.1429e-01 -2.2494e+00 -8.6575e-01 -2.5095e+00 -2.2280e+00 -3.9124e+00 -2.7035e+00 -8.5085e-01
1088 0 +2.974510758e+00 +3.710945108e+02 +3.710945108e+02 -2.4860e+00 -8.5656e-01 +8.0015e-01 -1.9580e+00 -9.1287e-01 -2.6795e+00 -2.8300e+00 -4.0675e+00 -2.1451e+00 -7.9797e-01
1099 0 +2.842336619e+00 +3.709623366e+02 +3.709623366e+02 -2.1943e+00 -7.5192e-01 +1.0915e+00 -2.0876e+00 -1.1796e+00 -2.5598e+00 -2.3852e+00 -3.9239e+00 -2.3887e+00 -5.4049e-01
1116 0 +2.747757306e+00 +3.708677573e+02 +3.708677573e+02 -2.4165e+00 -7.9529e-01 +8.8387e-01 -2.1256e+00 -6.9888e-01 -2.3867e+00 -3.0284e+00 -4.1357e+00 -2.2850e+00 -1.0820e+00
1132 0 +2.621141392e+00 +3.707411414e+02 +3.707411414e+02 -2.3582e+00 -9.6846e-01 +9.0051e-01 -2.6069e+00 -6.3690e-01 -2.1856e+00 -2.4458e+00 -3.9716e+00 -2.1383e+00 -7.7523e-01
1209 0 +1.971537011e+00 +3.700915370e+02 +3.700915370e+02 -1.9468e+00 -8.4071e-01 +1.0680e+00 -2.1925e+00 -1.0794e+00 -2.5355e+00 -1.9875e+00 -4.0361e+00 -2.3865e+00 -8.4629e-01
1233 0 +1.565267532e+00 +3.696852675e+02 +3.696852675e+02 -2.4183e+00 -1.1655e+00 +1.0494e+00 -2.0735e+00 -6.3681e-01 -2.1716e+00 -2.1764e+00 -3.9857e+00 -2.3246e+00 -9.7283e-01
1667 0 +1.562103043e+00 +3.696821030e+02 +3.696821030e+02 -2.1391e+00 -9.0430e-01 +1.2250e+00 -2.2894e+00 -7.5381e-01 -2.1104e+00 -1.7442e+00 -4.1429e+00 -2.3225e+00 -1.0548e+00
1687 0 +1.296707534e+00 +3.694167075e+02 +3.694167075e+02 -2.4037e+00 -1.2146e+00 +9.4925e-01 -1.9241e+00 -1.1134e+00 -2.3140e+00 -2.2453e+00 -4.0810e+00 -2.1681e+00 -8.0496e-01
1773 0 +1.147325646e+00 +3.692673256e+02 +3.692673256e+02 -2.5877e+00 -1.1325e+00 +4.6288e-01 -2.2961e+00 -6.8314e-01 -2.2751e+00 -2.6166e+00 -3.7895e+00 -2.2637e+00 -9.0213e-01
1805 0 +1.027326315e+00 +3.691473263e+02 +3.691473263e+02 -2.3713e+00 -1.1647e+00 +8.8330e-01 -2.2506e+00 -8.6688e-01 -2.3084e+00 -2.2388e+00 -3.9652e+00 -2.2557e+00 -8.6255e-01
1830 0 +8.742717660e-01 +3.689942718e+02 +3.689942718e+02 -2.5252e+00 -1.2727e+00 +5.0739e-01 -2.1988e+00 -6.3425e-01 -2.1452e+00 -2.5227e+00 -3.8159e+00 -2.2878e+00 -8.2303e-01
2047 0 +4.893006918e-01 +3.686093007e+02 +3.686093007e+02 -2.5564e+00 -1.0854e+00 +7.0450e-01 -2.3217e+00 -6.9694e-01 -2.1762e+00 -2.4537e+00 -3.8844e+00 -2.2673e+00 -9.6610e-01
2178 0 +4.154696369e-01 +3.685354696e+02 +3.685354696e+02 -2.4571e+00 -1.1152e+00 +6.8454e-01 -2.3561e+00 -7.3093e-01 -2.1968e+00 -2.3592e+00 -3.8799e+00 -2.2865e+00 -8.4401e-01
2218 0 +3.811418123e-01 +3.685011418e+02 +3.685011418e+02 -2.4411e+00 -1.2025e+00 +7.8892e-01 -2.2465e+00 -7.3187e-01 -2.2082e+00 -2.3536e+00 -3.9602e+00 -2.2361e+00 -9.1255e-01
2305 0 +3.201793260e-01 +3.684401793e+02 +3.684401793e+02 -2.4494e+00 -1.1193e+00 +7.7659e-01 -2.2057e+00 -7.0083e-01 -2.2215e+00 -2.3884e+00 -3.9658e+00 -2.2195e+00 -8.8658e-01
2370 0 +2.889317663e-01 +3.684089318e+02 +3.684089318e+02 -2.5608e+00 -1.1544e+00 +6.7189e-01 -2.2902e+00 -7.0776e-01 -2.2099e+00 -2.4658e+00 -3.9099e+00 -2.2610e+00 -8.8141e-01
