% f evaluations | g evaluations | best noise-free fitness - Fopt (7.135000000000e+01) + sum g_i+ | measured fitness | best measured fitness or single-digit g-values | x1 | x2...
1 0 +1.563025373e+02 +2.276525373e+02 +2.276525373e+02 +5.9671e-01 -3.8264e-02 +7.4769e-01 +1.6230e+00 -1.3415e-01 -1.3414e-01 +1.6792e+00 +8.6743e-01 -3.6947e-01 +6.4256e-01
2 0 +8.507595492e+01 +1.564259549e+02 +1.564259549e+02 -3.6342e-01 -3.6573e-01 +3.4196e-01 -1.8133e+00 -1.6249e+00 -4.6229e-01 -9.1283e-01 +4.1425e-01 -8.0802e-01 -1.3123e+00
3 0 +5.025798271e+01 +1.216079827e+02 +1.216079827e+02 +1.5656e+00 -1.2578e-01 +1.6753e-01 -1.3247e+00 -4.4438e-01 +2.1092e-01 -1.0510e+00 +4.7570e-01 -5.0064e-01 -1.9169e-01
4 0 +4.969194061e+01 +1.210419406e+02 +1.210419406e+02 -5.0171e-01 +1.9523e+00 +8.6503e-02 -9.5771e-01 +9.2254e-01 -1.1208e+00 +3.0886e-01 -1.8597e+00 -1.2282e+00 +2.9686e-01
5 0 +4.878548473e+01 +1.201354847e+02 +1.201354847e+02 +8.3847e-01 +2.7137e-01 -1.5648e-02 -2.0110e-01 -1.3785e+00 -6.1984e-01 -3.6064e-01 +1.1571e+00 +4.4362e-01 -1.6630e+00
13 0 +2.412096411e+01 +9.547096411e+01 +9.547096411e+01 +8.9103e-01 -8.0939e-01 +1.5028e+00 -1.3019e+00 +6.8686e-01 +2.2905e+00 -8.9054e-01 -4.6630e-01 +1.9965e-01 -4.0348e-01
113 0 +1.498107056e+01 +8.633107056e+01 +8.633107056e+01 -1.2094e+00 -1.0351e+00 +1.2761e+00 -1.8600e+00 +7.1662e-01 -6.2465e-01 -1.6383e+00 +7.3400e-01 +6.5252e-02 -1.2740e-01
1003 0 +7.527460916e+00 +7.887746092e+01 +7.887746092e+01 -3.4031e+00 -1.0702e+00 -1.1872e+00 +7.9499e-01 +6.6522e-01 +2.7202e+00 +1.7531e+00 -8.2773e-01 +2.5416e+00 -8.6512e-01
1202 0 +7.392594458e+00 +7.874259446e+01 +7.874259446e+01 -4.0284e+00 +6.6105e-02 -9.6605e-02 +1.1131e+00 +8.2089e-01 +1.0168e+00 +1.6626e+00 -9.3566e-01 +2.0603e+00 -1.5595e-01
1323 0 +6.087555932e+00 +7.743755593e+01 +7.743755593e+01 -3.1886e+00 -4.4346e-01 -5.1853e-01 +9.0699e-01 +4.1706e-01 +8.7536e-01 +9.4248e-01 -8.4164e-01 +1.8681e+00 -8.8655e-02
1443 0 +5.923161372e+00 +7.727316137e+01 +7.727316137e+01 -3.5979e+00 +6.7272e-02 -8.0602e-01 +1.1704e+00 +9.9447e-01 +1.1074e+00 +1.8382e+00 -6.9703e-01 +2.3826e+00 -5.2061e-01
1502 0 +5.500558104e+00 +7.685055810e+01 +7.685055810e+01 -3.9024e+00 -6.0540e-01 -5.6206e-01 +9.6944e-01 +7.3912e-01 +1.3161e+00 +1.8765e+00 -7.8801e-01 +2.1445e+00 -4.5515e-01
1504 0 +3.746431223e+00 +7.509643122e+01 +7.509643122e+01 -3.5843e+00 -2.9761e-01 -6.7381e-01 +1.1430e+00 +1.0446e+00 +1.2967e+00 +1.6061e+00 -8.1722e-01 +2.3353e+00 -7.3582e-01
1647 0 +3.634526000e+00 +7.498452600e+01 +7.498452600e+01 -4.0806e+00 -8.4815e-01 -6.9709e-01 +8.9747e-01 +5.4533e-01 +1.8042e+00 +1.7978e+00 -7.4564e-01 +2.2285e+00 -7.3165e-01
1651 0 +3.626477167e+00 +7.497647717e+01 +7.497647717e+01 -3.8906e+00 -5.3362e-01 -7.0072e-01 +8.8434e-01 +8.4010e-01 +1.6428e+00 +1.8399e+00 -9.6347e-01 +2.2970e+00 -6.9588e-01
1701 0 +3.359509156e+00 +7.470950916e+01 +7.470950916e+01 -3.5720e+00 -3.8835e-01 -8.1294e-01 +1.0625e+00 +1.1475e+00 +1.2312e+00 +1.6129e+00 -7.0277e-01 +2.2900e+00 -4.1964e-01
1713 0 +3.166464632e+00 +7.451646463e+01 +7.451646463e+01 -4.0945e+00 -4.5849e-01 -5.6677e-01 +8.0011e-01 +9.3650e-01 +1.5599e+00 +1.6720e+00 -1.0527e+00 +2.1579e+00 -7.7504e-01
1754 0 +2.865814216e+00 +7.421581422e+01 +7.421581422e+01 -4.1161e+00 -5.2874e-01 -6.2989e-01 +9.5870e-01 +8.5043e-01 +1.5707e+00 +1.7033e+00 -8.3999e-01 +2.2496e+00 -6.6679e-01
1828 0 +1.330090555e+00 +7.268009056e+01 +7.268009056e+01 -3.6094e+00 -3.7003e-01 -4.2571e-01 +8.5177e-01 +9.1898e-01 +1.6325e+00 +1.4756e+00 -1.2309e+00 +2.0942e+00 -1.0675e+00
2105 0 +1.303406152e+00 +7.265340615e+01 +7.265340615e+01 -3.4079e+00 -1.3967e-01 -3.3306e-01 +1.0954e+00 +1.0702e+00 +1.5199e+00 +1.4540e+00 -1.3445e+00 +2.2021e+00 -9.9919e-01
2113 0 +8.904554877e-01 +7.224045549e+01 +7.224045549e+01 -3.6731e+00 -2.4127e-01 -3.0221e-01 +9.4947e-01 +1.0054e+00 +1.3836e+00 +1.4034e+00 -1.3103e+00 +2.0514e+00 -1.0034e+00
2175 0 +6.916471005e-01 +7.204164710e+01 +7.204164710e+01 -3.6262e+00 -3.1383e-01 -3.6020e-01 +9.2747e-01 +9.7705e-01 +1.5547e+00 +1.4678e+00 -1.2715e+00 +2.0838e+00 -9.7916e-01
2216 0 +6.363496516e-01 +7.198634965e+01 +7.198634965e+01 -3.6930e+00 -5.4552e-02 -2.4307e-01 +9.7425e-01 +1.0856e+00 +1.3262e+00 +1.5326e+00 -1.4883e+00 +2.1048e+00 -1.1752e+00
2285 0 +5.054687794e-01 +7.185546878e+01 +7.185546878e+01 -3.5722e+00 -9.1951e-02 -4.5938e-01 +1.0650e+00 +1.3169e+00 +1.6620e+00 +1.6491e+00 -1.5023e+00 +2.2841e+00 -1.1388e+00
2456 0 +4.652657673e-01 +7.181526577e+01 +7.181526577e+01 -3.5858e+00 -2.2805e-01 -3.7429e-01 +1.0121e+00 +1.2433e+00 +1.6645e+00 +1.6246e+00 -1.4668e+00 +2.1749e+00 -1.1853e+00
2463 0 +4.189198598e-01 +7.176891986e+01 +7.176891986e+01 -3.6540e+00 -4.0979e-02 -3.5790e-01 +9.6824e-01 +1.2170e+00 +1.4206e+00 +1.5187e+00 -1.4490e+00 +2.1616e+00 -1.1500e+00
2469 0 +3.414883873e-01 +7.169148839e+01 +7.169148839e+01 -3.5759e+00 -2.1546e-01 -3.8787e-01 +9.7672e-01 +1.1325e+00 +1.5260e+00 +1.6320e+00 -1.3863e+00 +2.1630e+00 -1.0505e+00
2473 0 +2.386952343e-01 +7.158869523e+01 +7.158869523e+01 -3.6469e+00 -2.4758e-01 -4.0803e-01 +1.0383e+00 +1.1772e+00 +1.5221e+00 +1.5552e+00 -1.3104e+00 +2.1116e+00 -1.0709e+00
% f evaluations | g evaluations | best noise-free fitness - Fopt (-3.552200000000e+02) + sum g_i+ | measured fitness | best measured fitness or single-digit g-values | x1 | x2...
1 0 +5.743893307e+01 -2.977810669e+02 -2.977810669e+02 +5.9671e-01 -3.8264e-02 +7.4769e-01 +1.6230e+00 -1.3415e-01 -1.3414e-01 +1.6792e+00 +8.6743e-01 -3.6947e-01 +6.4256e-01
5 0 +4.767275423e+01 -3.075472458e+02 -3.075472458e+02 +8.3847e-01 +2.7137e-01 -1.5648e-02 -2.0110e-01 -1.3785e+00 -6.1984e-01 -3.6064e-01 +1.1571e+00 +4.4362e-01 -1.6630e+00
19 0 +4.686117056e+01 -3.083588294e+02 -3.083588294e+02 +7.2567e-01 -7.5716e-01 -9.7089e-01 +5.8247e-01 -1.2346e-01 +8.1400e-01 +5.7324e-01 +2.7171e-02 -7.4679e-01 -1.4148e+00
46 0 +4.684908744e+01 -3.083709126e+02 -3.083709126e+02 +3.7321e-02 +1.0551e+00 -8.8573e-01 +6.0405e-01 -4.3026e-01 -6.9287e-01 -7.0304e-03 -9.3524e-01 -4.5365e-01 -1.0979e+00
53 0 +4.540634807e+01 -3.098136519e+02 -3.098136519e+02 +9.0304e-01 -5.5928e-02 -3.8278e-01 +1.7378e+00 -4.7398e-01 +5.1607e-01 +2.4886e-01 -3.9519e-01 +2.2457e-01 -1.5973e+00
56 0 +4.178790441e+01 -3.134320956e+02 -3.134320956e+02 -3.2817e-03 +2.8375e-01 -2.7965e-01 -3.1579e-02 -2.1001e-01 +1.3866e+00 +4.1454e-01 +2.8066e-01 +5.4652e-01 +1.1472e+00
87 0 +3.630809549e+01 -3.189119045e+02 -3.189119045e+02 +5.7895e-01 +1.5032e-02 -2.6872e-01 +1.3688e+00 +4.8427e-01 -1.3414e-01 +8.9436e-01 +1.1688e+00 +5.3082e-01 +9.0641e-01
110 0 +3.452491504e+01 -3.206950850e+02 -3.206950850e+02 +7.4706e-01 -9.3035e-01 -1.3650e+00 +1.1613e+00 +5.5138e-01 -2.5693e-01 -5.2997e-01 +1.8545e+00 +1.2896e+00 +6.2377e-01
116 0 +2.879252796e+01 -3.264274720e+02 -3.264274720e+02 -8.0437e-02 +9.6521e-01 -6.6419e-01 +6.3362e-01 +8.0579e-01 -7.1584e-01 +8.6404e-01 +1.6795e+00 +4.2765e-01 +2.8364e-02
251 0 +2.839945156e+01 -3.268205484e+02 -3.268205484e+02 +3.7515e-01 +1.5010e+00 -1.2206e+00 +2.6203e+00 +1.6636e+00 -1.5406e-02 -8.6931e-01 +9.7091e-01 +1.5169e+00 +4.2430e-01
384 0 +1.727339238e+01 -3.379466076e+02 -3.379466076e+02 +5.5095e-01 -1.1715e+00 -1.7358e+00 +7.7779e-01 +6.2827e-01 -1.8995e-01 -1.2632e+00 +3.7599e-01 -1.0292e+00 +1.2405e+00
522 0 +1.661696941e+01 -3.386030306e+02 -3.386030306e+02 +1.7883e+00 +7.5671e-01 -2.4407e-01 +1.4730e+00 +1.2521e+00 +7.8849e-01 +1.3907e+00 +4.1480e-01 -7.3131e-02 +1.3164e+00
607 0 +1.220213526e+01 -3.430178647e+02 -3.430178647e+02 +1.4062e+00 +2.6013e+00 -2.2719e+00 +1.1750e-01 +1.1913e+00 +1.3438e+00 +1.5041e+00 +5.1433e-01 +4.2430e-01 +2.4904e+00
918 0 +8.977167488e+00 -3.462428325e+02 -3.462428325e+02 +1.2429e+00 +1.3623e+00 -1.7517e+00 +3.8942e-01 +1.2437e+00 +8.4749e-01 +8.5199e-01 +1.0698e+00 +7.4680e-01 +2.4880e+00
1114 0 +7.244984901e+00 -3.479750151e+02 -3.479750151e+02 +9.3104e-01 +1.0186e+00 -2.0065e+00 +4.4058e-01 +1.8849e+00 +1.7594e+00 +1.0014e+00 +1.3106e+00 +1.1853e+00 +2.1781e+00
1220 0 +5.235081518e+00 -3.499849185e+02 -3.499849185e+02 +4.6900e-01 +1.0195e+00 -2.1318e+00 +9.6879e-01 +1.8098e+00 +9.6974e-01 +5.5612e-01 +1.3289e+00 +1.5747e+00 +2.0219e+00
1490 0 +3.296681966e+00 -3.519233180e+02 -3.519233180e+02 -3.0975e-01 +9.9874e-01 -1.8899e+00 +2.4466e-01 +1.1760e+00 +1.2482e+00 +1.0865e+00 +1.4739e+00 +1.0660e+00 +2.7519e+00
1703 0 +3.046505032e+00 -3.521734950e+02 -3.521734950e+02 +1.4837e-01 +1.4368e+00 -2.3814e+00 +1.0536e+00 +1.3655e+00 +1.4473e+00 +1.0142e+00 +1.2413e+00 +5.9991e-01 +2.2193e+00
1711 0 +2.686757802e+00 -3.525332422e+02 -3.525332422e+02 -3.9880e-01 +1.3804e+00 -2.2484e+00 +6.9629e-01 +1.1998e+00 +1.4772e+00 +1.1629e+00 +1.3904e+00 +6.5135e-01 +2.2535e+00
1800 0 +2.451870563e+00 -3.527681294e+02 -3.527681294e+02 -6.9043e-01 +1.0750e+00 -2.2336e+00 +7.9586e-01 +1.0864e+00 +1.4718e+00 +1.1187e+00 +1.6470e+00 +7.8999e-01 +2.4235e+00
1861 0 +2.393996790e+00 -3.528260032e+02 -3.528260032e+02 -3.8863e-01 +1.6101e+00 -2.4374e+00 +6.6990e-01 +1.1325e+00 +1.3725e+00 +1.0074e+00 +1.4745e+00 +5.0111e-01 +2.4608e+00
1873 0 +2.109313847e+00 -3.531106862e+02 -3.531106862e+02 +1.4522e-01 +1.4344e+00 -2.0910e+00 +6.9083e-01 +1.4753e+00 +1.0569e+00 +1.0311e+00 +1.2570e+00 +7.2309e-01 +2.3518e+00
1951 0 +2.001997907e+00 -3.532180021e+02 -3.532180021e+02 +1.6359e-01 +1.3766e+00 -2.0969e+00 +1.0276e+00 +1.3806e+00 +1.2608e+00 +9.8756e-01 +1.2091e+00 +7.0905e-01 +2.1363e+00
1963 0 +1.517931167e+00 -3.537020688e+02 -3.537020688e+02 -1.3483e-01 +1.1753e+00 -1.9383e+00 +9.6552e-01 +1.3416e+00 +1.1462e+00 +9.4662e-01 +1.3496e+00 +9.6661e-01 +2.2694e+00
2028 0 +8.973667533e-01 -3.543226332e+02 -3.543226332e+02 -1.7738e-01 +9.7867e-01 -2.0877e+00 +1.0525e+00 +1.5214e+00 +1.2402e+00 +7.4500e-01 +1.4979e+00 +1.2032e+00 +2.3051e+00
2101 0 +5.053259431e-01 -3.547146741e+02 -3.547146741e+02 -2.1834e-01 +1.1127e+00 -2.0248e+00 +1.1302e+00 +1.4519e+00 +1.1853e+00 +7.1172e-01 +1.4607e+00 +1.0354e+00 +2.2169e+00
2302 0 +3.148472627e-01 -3.549051527e+02 -3.549051527e+02 -5.6704e-01 +1.0647e+00 -2.0162e+00 +1.0911e+00 +1.4315e+00 +1.2293e+00 +7.5884e-01 +1.5084e+00 +1.0468e+00 +2.2606e+00
% f evaluations | g evaluations | best noise-free fitness - Fopt (9.917000000000e+01) + sum g_i+ | measured fitness | best measured fitness or single-digit g-values | x1 | x2...
1 0 +1.039278948e+02 +2.030978948e+02 +2.030978948e+02 +5.9671e-01 -3.8264e-02 +7.4769e-01 +1.6230e+00 -1.3415e-01 -1.3414e-01 +1.6792e+00 +8.6743e-01 -3.6947e-01 +6.4256e-01
2 0 +1.013994634e+02 +2.005694634e+02 +2.005694634e+02 -3.6342e-01 -3.6573e-01 +3.4196e-01 -1.8133e+00 -1.6249e+00 -4.6229e-01 -9.1283e-01 +4.1425e-01 -8.0802e-01 -1.3123e+00
3 0 +6.749849581e+01 +1.666684958e+02 +1.666684958e+02 +1.5656e+00 -1.2578e-01 +1.6753e-01 -1.3247e+00 -4.4438e-01 +2.1092e-01 -1.0510e+00 +4.7570e-01 -5.0064e-01 -1.9169e-01
5 0 +6.101309449e+01 +1.601830945e+02 +1.601830945e+02 +8.3847e-01 +2.7137e-01 -1.5648e-02 -2.0110e-01 -1.3785e+00 -6.1984e-01 -3.6064e-01 +1.1571e+00 +4.4362e-01 -1.6630e+00
15 0 +3.540159609e+01 +1.345715961e+02 +1.345715961e+02 +3.2746e-01 +1.4071e+00 -1.5075e+00 +2.8463e-01 +3.5988e-01 +8.8182e-01 -1.1370e+00 -1.2205e+00 +6.2194e-01 +3.9698e-01
81 0 +3.414773412e+01 +1.333177341e+02 +1.333177341e+02 +1.0184e+00 +1.9883e+00 -1.2891e+00 -7.0096e-01 +4.6626e-01 -1.0277e+00 -1.0559e+00 +3.3567e-01 -1.4102e+00 -5.6460e-01
110 0 +2.224950199e+01 +1.214195020e+02 +1.214195020e+02 +9.1256e-01 +1.5399e+00 -1.2757e+00 +2.1883e+00 +2.1177e+00 +3.5164e-01 -1.7692e+00 -2.0510e+00 -1.3198e-01 -7.4355e-01
263 0 +1.729678986e+01 +1.164667899e+02 +1.164667899e+02 +2.0168e+00 +2.0007e+00 -1.0880e+00 -1.2762e+00 +2.3316e+00 +1.2094e+00 +5.1835e-01 +1.1122e+00 -3.6461e+00 +1.0546e-01
507 0 +8.511810019e+00 +1.076818100e+02 +1.076818100e+02 -1.7689e+00 -4.6076e-01 +1.5841e+00 +1.1233e+00 +1.1534e+00 -3.0203e-01 +2.0499e+00 -4.2829e+00 -2.4638e+00 +1.2530e+00
1818 0 +5.950816920e+00 +1.051208169e+02 +1.051208169e+02 +7.8127e-01 -2.7254e+00 +2.7032e+00 -1.6575e+00 -1.8624e-01 +2.7670e-01 +1.2486e+00 -2.5410e+00 -2.0516e+00 -1.2887e+00
1959 0 +4.265930984e+00 +1.034359310e+02 +1.034359310e+02 +1.0676e+00 -2.2300e+00 +3.0356e+00 -1.5655e+00 +4.4027e-01 +3.1643e-01 +1.0456e+00 -2.7263e+00 -1.9728e+00 -1.1312e+00
2251 0 +3.577694977e+00 +1.027476950e+02 +1.027476950e+02 +1.0596e+00 -2.9799e+00 +2.7386e+00 -1.7014e+00 -1.2648e-01 +1.0578e-01 +1.1874e+00 -2.2576e+00 -1.8488e+00 -1.7183e+00
2255 0 +2.981171575e+00 +1.021511716e+02 +1.021511716e+02 +9.6504e-01 -2.5891e+00 +2.9595e+00 -1.7639e+00 -6.1776e-02 +2.0289e-01 +9.6898e-01 -2.3533e+00 -1.7038e+00 -1.5814e+00
2270 0 +2.735040798e+00 +1.019050408e+02 +1.019050408e+02 +1.0093e+00 -2.5803e+00 +2.8861e+00 -1.3651e+00 +8.3345e-02 +2.0448e-01 +1.0127e+00 -2.9615e+00 -1.5825e+00 -1.5323e+00
2317 0 +1.588803428e+00 +1.007588034e+02 +1.007588034e+02 +6.7233e-01 -2.7659e+00 +2.8066e+00 -1.7684e+00 -1.1610e-01 -5.2601e-02 +7.3233e-01 -2.0404e+00 -1.9161e+00 -1.3906e+00
2428 0 +1.272079990e+00 +1.004420800e+02 +1.004420800e+02 +1.0803e+00 -2.8487e+00 +2.7972e+00 -1.6473e+00 +1.7771e-01 -1.1579e-01 +6.1959e-01 -1.7283e+00 -1.8446e+00 -1.5241e+00
% f evaluations | g evaluations | best noise-free fitness - Fopt (-5.179100000000e+02) + sum g_i+ | measured fitness | best measured fitness or single-digit g-values | x1 | x2...
1 0 +8.463476067e+01 -4.332752393e+02 -4.332752393e+02 +5.9671e-01 -3.8264e-02 +7.4769e-01 +1.6230e+00 -1.3415e-01 -1.3414e-01 +1.6792e+00 +8.6743e-01 -3.6947e-01 +6.4256e-01
2 0 +5.014337174e+01 -4.677666283e+02 -4.677666283e+02 -3.6342e-01 -3.6573e-01 +3.4196e-01 -1.8133e+00 -1.6249e+00 -4.6229e-01 -9.1283e-01 +4.1425e-01 -8.0802e-01 -1.3123e+00
4 0 +3.776209812e+01 -4.801479019e+02 -4.801479019e+02 -5.0171e-01 +1.9523e+00 +8.6503e-02 -9.5771e-01 +9.2254e-01 -1.1208e+00 +3.0886e-01 -1.8597e+00 -1.2282e+00 +2.9686e-01
38 0 +2.841247606e+01 -4.894975239e+02 -4.894975239e+02 +1.2451e-01 +5.9800e-01 +1.5511e+00 +1.0593e+00 +2.2532e+00 -6.6735e-01 +9.7232e-01 +2.8334e-01 +2.2898e+00 -7.0830e-01
93 0 +2.004354700e+01 -4.978664530e+02 -4.978664530e+02 +4.8630e-01 +8.2779e-01 -2.0123e+00 +1.0754e+00 +6.2398e-01 +3.8982e-01 +2.7687e+00 +1.8887e+00 -1.5963e+00 -7.0553e-01
167 0 +1.968132664e+01 -4.982286734e+02 -4.982286734e+02 -3.8225e-01 +1.6276e+00 -1.7035e+00 +1.9606e+00 +5.2495e-01 +2.2871e-01 +1.8980e+00 +2.0223e+00 +7.0138e-02 -1.6731e+00
1228 0 +1.813210913e+01 -4.997778909e+02 -4.997778909e+02 +5.3629e-01 +3.5281e+00 -2.7093e+00 +6.8930e-01 -1.4856e-01 +9.0649e-01 -1.4536e-01 +1.1604e+00 -1.5494e+00 +5.0090e-01
1488 0 +1.773310390e+01 -5.001768961e+02 -5.001768961e+02 +2.9688e-01 +3.5043e+00 -3.1148e+00 +4.2538e-01 -2.2963e-01 +1.4182e+00 +8.6215e-01 +5.7517e-01 -1.0776e+00 -2.5073e-01
1609 0 +1.696620227e+01 -5.009437977e+02 -5.009437977e+02 -3.1943e-01 +1.4998e+00 -2.5700e+00 +3.9751e-01 -1.3018e+00 +2.6896e+00 +5.8532e-01 +7.3876e-01 -1.0484e+00 -9.2142e-01
1663 0 +1.647761965e+01 -5.014323804e+02 -5.014323804e+02 +7.4000e-01 +3.2843e+00 -2.9103e+00 -1.9264e-02 +2.3712e-01 +7.9380e-01 +9.7933e-01 +6.4308e-01 -3.6681e-01 +1.1204e-01
1706 0 +1.050453556e+01 -5.074054644e+02 -5.074054644e+02 -8.7808e-03 +2.9858e+00 -3.1383e+00 +2.1517e-01 -9.8182e-01 +2.4844e+00 +1.3713e+00 +1.2489e+00 -1.2904e+00 +7.4809e-01
1957 0 +8.130271986e+00 -5.097797280e+02 -5.097797280e+02 +1.9253e-01 +1.7814e+00 -3.4893e+00 -6.1748e-01 +1.6124e-01 +1.7364e+00 +2.2645e+00 +4.2784e-01 -1.4007e+00 +1.5538e+00
2202 0 +5.928294427e+00 -5.119817056e+02 -5.119817056e+02 -1.6501e-01 +2.7547e+00 -3.9305e+00 +4.9153e-01 -2.5616e-01 +2.8339e+00 +1.2264e+00 +9.8415e-01 -2.4161e+00 +1.3160e+00
2283 0 +4.099417205e+00 -5.138105828e+02 -5.138105828e+02 +2.5298e-01 +3.2971e+00 -3.9048e+00 +7.0603e-01 -6.7580e-01 +2.7032e+00 +1.1552e+00 +1.3010e+00 -2.5035e+00 +1.3411e+00
2399 0 +1.899363103e+00 -5.160106369e+02 -5.160106369e+02 +1.3671e-01 +2.6821e+00 -3.8604e+00 +5.1542e-01 -4.4939e-01 +2.6985e+00 +8.5057e-01 +1.2761e+00 -2.2614e+00 +1.1634e+00
% f evaluations | g evaluations | best noise-free fitness - Fopt (-5.721000000000e+01) + sum g_i+ | measured fitness | best measured fitness or single-digit g-values | x1 | x2...
1 0 +5.863635118e+01 +1.426351182e+00 +1.426351182e+00 +5.9671e-01 -3.8264e-02 +7.4769e-01 +1.6230e+00 -1.3415e-01 -1.3414e-01 +1.6792e+00 +8.6743e-01 -3.6947e-01 +6.4256e-01
11 0 +5.609913310e+01 -1.110866905e+00 -1.110866905e+00 -1.3154e+00 -3.2065e-01 -2.4271e-01 -7.0228e-01 -6.1286e-02 +5.0405e-01 +1.9862e+00 +2.7458e-01 +3.5755e-01 +2.5554e-02
13 0 +5.180887444e+01 -5.401125560e+00 -5.401125560e+00 +8.9103e-01 -8.0939e-01 +1.5028e+00 -1.3019e+00 +6.8686e-01 +2.2905e+00 -8.9054e-01 -4.6630e-01 +1.9965e-01 -4.0348e-01
23 0 +3.625132968e+01 -2.095867032e+01 -2.095867032e+01 +2.4147e+00 -1.7673e+00 +7.8626e-01 -1.5127e+00 -3.7193e-01 +1.1890e+00 +1.6428e-01 -9.7774e-01 -6.1530e-01 +7.7960e-01
47 0 +2.544855445e+01 -3.176144555e+01 -3.176144555e+01 +2.0647e+00 +1.3526e-01 -5.9973e-01 +3.1398e-01 -1.2328e-02 -1.2097e-01 +7.1417e-01 +8.5751e-01 -4.3050e-01 -4.7582e-01
148 0 +2.445992550e+01 -3.275007450e+01 -3.275007450e+01 +7.2133e-01 -9.8776e-01 -5.6447e-01 +6.5990e-01 -4.3021e-01 +4.5509e-01 +3.4551e-01 -1.0522e+00 +6.2860e-01 -5.7989e-01
182 0 +1.728337926e+01 -3.992662074e+01 -3.992662074e+01 +9.3353e-01 -1.2672e+00 +1.4885e+00 -9.8633e-01 -8.4814e-01 -6.6895e-01 +1.1234e+00 -7.9380e-01 -1.0185e+00 +4.9755e-01
571 0 +1.511246991e+01 -4.209753009e+01 -4.209753009e+01 +1.7105e+00 -1.9692e-01 -2.3361e-01 +1.1676e+00 +6.4170e-01 +2.4432e+00 -1.3014e+00 +4.5587e+00 -5.5393e-01 -1.1999e+00
795 0 +1.017002044e+01 -4.703997956e+01 -4.703997956e+01 +1.9095e+00 -1.1237e-01 +1.5172e+00 -1.1910e+00 +1.2010e-01 +2.1870e-01 +3.3128e+00 +2.7795e+00 +1.1540e+00 +1.3048e-02
1578 0 +6.007936770e+00 -5.120206323e+01 -5.120206323e+01 +2.3504e+00 -1.3414e-01 +1.2974e+00 -2.0115e+00 -9.3517e-01 -6.8795e-01 +1.6056e+00 -2.7073e+00 -1.7787e+00 +8.3840e-01
1778 0 +2.751868619e+00 -5.445813138e+01 -5.445813138e+01 +2.4305e+00 -4.4675e-01 +1.3493e+00 -2.6428e+00 -1.6001e+00 -4.5434e-01 +2.4054e+00 -2.9751e+00 -2.1092e+00 +6.7516e-01
2003 0 +9.756499486e-01 -5.623435005e+01 -5.623435005e+01 +2.4238e+00 -3.8837e-01 +1.4035e+00 -2.2934e+00 -1.1528e+00 -6.0312e-01 +1.8302e+00 -2.2776e+00 -1.8154e+00 +5.4462e-01
2151 0 +8.522209018e-01 -5.635777910e+01 -5.635777910e+01 +2.4329e+00 -3.2061e-01 +1.3570e+00 -2.4027e+00 -1.0249e+00 -6.2984e-01 +1.8233e+00 -2.4666e+00 -1.9584e+00 +4.8843e-01
2251 0 +6.928115936e-01 -5.651718841e+01 -5.651718841e+01 +2.6218e+00 -3.3530e-01 +1.4013e+00 -2.4053e+00 -1.1216e+00 -6.3741e-01 +1.8715e+00 -2.4245e+00 -1.7986e+00 +6.0099e-01
2355 0 +5.394645180e-01 -5.667053548e+01 -5.667053548e+01 +2.4443e+00 -2.4472e-01 +1.4504e+00 -2.2640e+00 -1.0820e+00 -6.0877e-01 +1.7791e+00 -2.3633e+00 -1.8051e+00 +6.5203e-01
2433 0 +3.419376413e-01 -5.686806236e+01 -5.686806236e+01 +2.5226e+00 -2.7400e-01 +1.6397e+00 -2.3076e+00 -1.2227e+00 -5.5361e-01 +1.8199e+00 -2.4130e+00 -1.8444e+00 +7.8646e-01
2446 0 +2.550634808e-01 -5.695493652e+01 -5.695493652e+01 +2.7048e+00 -6.4822e-02 +1.6754e+00 -2.4680e+00 -1.1956e+00 -5.6573e-01 +1.7999e+00 -2.4979e+00 -1.9299e+00 +7.1605e-01
2457 0 +2.319998130e-01 -5.697800019e+01 -5.697800019e+01 +2.5649e+00 -1.9255e-01 +1.7124e+00 -2.2991e+00 -1.2774e+00 -5.1467e-01 +1.8863e+00 -2.3659e+00 -1.8195e+00 +7.7664e-01
% f evaluations | g evaluations | best noise-free fitness - Fopt (6.626000000000e+01) + sum g_i+ | measured fitness | best measured fitness or single-digit g-values | x1 | x2...
1 0 +5.586764802e+01 +1.221276480e+02 +1.221276480e+02 +5.9671e-01 -3.8264e-02 +7.4769e-01 +1.6230e+00 -1.3415e-01 -1.3414e-01 +1.6792e+00 +8.6743e-01 -3.6947e-01 +6.4256e-01
4 0 +5.227987907e+01 +1.185398791e+02 +1.185398791e+02 -5.0171e-01 +1.9523e+00 +8.6503e-02 -9.5771e-01 +9.2254e-01 -1.1208e+00 +3.0886e-01 -1.8597e+00 -1.2282e+00 +2.9686e-01
11 0 +5.165312297e+01 +1.179131230e+02 +1.179131230e+02 -1.3154e+00 -3.2065e-01 -2.4271e-01 -7.0228e-01 -6.1286e-02 +5.0405e-01 +1.9862e+00 +2.7458e-01 +3.5755e-01 +2.5554e-02
23 0 +4.305155598e+01 +1.093115560e+02 +1.093115560e+02 +2.4147e+00 -1.7673e+00 +7.8626e-01 -1.5127e+00 -3.7193e-01 +1.1890e+00 +1.6428e-01 -9.7774e-01 -6.1530e-01 +7.7960e-01
67 0 +4.051850964e+01 +1.067785096e+02 +1.067785096e+02 -7.6631e-01 -1.2310e+00 +1.1079e+00 -1.1180e-01 -3.1156e-01 +6.8197e-01 +4.4185e-01 -1.8718e+00 +3.2381e-01 +3.7040e-01
98 0 +2.673384124e+01 +9.299384124e+01 +9.299384124e+01 -8.9038e-04 -7.4617e-02 -2.7413e+00 +3.7849e-01 -1.3513e+00 +1.0851e+00 -1.0553e+00 +2.8622e-02 +1.0173e+00 -3.7859e-01
120 0 +1.811198564e+01 +8.437198564e+01 +8.437198564e+01 +4.7816e-01 -7.9848e-01 +1.8582e+00 -4.6405e-02 +6.6282e-01 -3.1627e-01 +1.4556e+00 -2.5483e+00 -6.3395e-01 -9.9458e-01
295 0 +1.733338843e+01 +8.359338843e+01 +8.359338843e+01 +2.2018e+00 -2.0225e+00 +3.1141e+00 +1.0544e+00 +5.2888e-01 +1.3456e+00 +2.0933e+00 -2.2143e+00 -1.1815e+00 -2.5678e+00
781 0 +1.693632967e+01 +8.319632967e+01 +8.319632967e+01 -8.3636e-01 -7.2485e-01 -4.1712e-01 +1.9192e+00 +1.9586e+00 +1.4986e+00 +2.9057e+00 +2.8717e+00 +9.2135e-01 -1.6723e+00
953 0 +1.385123413e+01 +8.011123413e+01 +8.011123413e+01 -1.8046e+00 +3.6343e-01 +9.9221e-01 -1.1357e+00 -2.8266e-01 -8.6101e-01 +1.1053e+00 -4.0891e-01 +1.3401e-01 -1.0275e+00
1169 0 +1.273840076e+01 +7.899840076e+01 +7.899840076e+01 +3.1824e-01 -5.0893e-01 +2.6309e-01 +2.0354e+00 +5.6188e-01 -1.6486e-01 +1.9766e+00 +1.8261e+00 +2.5106e-01 -3.1573e+00
1284 0 +9.047427226e+00 +7.530742723e+01 +7.530742723e+01 +5.1547e-01 -6.9624e-02 +7.9713e-01 +1.8098e+00 +9.3099e-01 -9.6754e-01 +1.5688e+00 +1.0546e+00 +1.7171e-01 -2.6087e+00
1419 0 +6.523313560e+00 +7.278331356e+01 +7.278331356e+01 -2.5013e-01 -3.4869e-01 +1.1306e+00 +1.3096e+00 +8.5826e-01 -5.7517e-01 +1.1504e+00 +1.1728e+00 +2.1562e-01 -2.5724e+00
1504 0 +4.245636439e+00 +7.050563644e+01 +7.050563644e+01 +4.7071e-01 -8.2251e-02 +1.3747e+00 +1.5389e+00 +8.0320e-01 -1.1405e+00 +1.1666e+00 +1.2397e+00 +3.7557e-01 -2.7641e+00
1654 0 +2.496327980e+00 +6.875632798e+01 +6.875632798e+01 +1.8550e-01 -6.0247e-01 +1.2771e+00 +1.5048e+00 +7.9451e-01 -6.1223e-01 +1.0211e+00 +1.2644e+00 +1.7935e-01 -2.7902e+00
2109 0 +1.951818314e+00 +6.821181831e+01 +6.821181831e+01 +9.6682e-02 -4.6977e-01 +1.6263e+00 +1.4310e+00 +6.8276e-01 -1.1176e+00 +8.3687e-01 +1.1212e+00 +4.6750e-01 -2.8029e+00
2144 0 +1.215909418e+00 +6.747590942e+01 +6.747590942e+01 +1.7758e-01 -8.0966e-01 +1.8391e+00 +1.5802e+00 +4.5374e-01 -1.1921e+00 +6.2393e-01 +5.9345e-01 +3.5589e-01 -2.8873e+00
2255 0 +8.793110160e-01 +6.713931102e+01 +6.713931102e+01 -6.7279e-02 -3.6469e-01 +1.5543e+00 +1.2641e+00 +4.9354e-01 -1.1639e+00 +9.7903e-01 +9.4804e-01 +3.6804e-01 -2.8105e+00
% f evaluations | g evaluations | best noise-free fitness - Fopt (-1.386200000000e+02) + sum g_i+ | measured fitness | best measured fitness or single-digit g-values | x1 | x2...
1 0 +5.619946729e+01 -8.242053271e+01 -8.242053271e+01 +5.9671e-01 -3.8264e-02 +7.4769e-01 +1.6230e+00 -1.3415e-01 -1.3414e-01 +1.6792e+00 +8.6743e-01 -3.6947e-01 +6.4256e-01
5 0 +5.186669293e+01 -8.675330707e+01 -8.675330707e+01 +8.3847e-01 +2.7137e-01 -1.5648e-02 -2.0110e-01 -1.3785e+00 -6.1984e-01 -3.6064e-01 +1.1571e+00 +4.4362e-01 -1.6630e+00
17 0 +3.974652191e+01 -9.887347809e+01 -9.887347809e+01 -8.7468e-01 +8.8708e-01 +1.2586e+00 -7.2068e-01 +1.0634e+00 +5.1278e-01 +9.2206e-01 +1.9968e+00 -1.4539e-01 -6.5374e-01
21 0 +3.713740102e+01 -1.014825990e+02 -1.014825990e+02 +4.5779e-01 +6.6078e-01 +1.1831e+00 +1.1538e+00 -1.2777e+00 -8.3783e-01 +6.1504e-01 +6.1379e-01 +6.1505e-01 +3.9527e+00
28 0 +3.276935266e+01 -1.058506473e+02 -1.058506473e+02 +1.5413e+00 -1.3359e+00 +1.2632e+00 +1.1023e-01 -8.8151e-01 +5.6210e-01 +2.9906e-01 -5.0022e-01 +1.6980e-01 -2.8531e-01
54 0 +3.095932556e+01 -1.076606744e+02 -1.076606744e+02 +1.8743e+00 +5.1013e-01 +1.3179e+00 +2.3438e-01 -1.2546e+00 +1.0253e+00 -9.4791e-02 +3.6773e-01 +6.9925e-01 -4.6182e-02
89 0 +2.464678873e+01 -1.139732113e+02 -1.139732113e+02 -6.1434e-01 +9.3676e-01 -1.4467e-01 +2.2251e+00 +2.8938e-01 -3.9105e-01 +3.6298e-01 -1.0294e+00 +3.5718e-01 +8.7329e-02
120 0 +7.583504999e+00 -1.310364950e+02 -1.310364950e+02 +1.4472e-01 -2.4010e-01 -1.7793e+00 +2.0904e+00 -1.7616e+00 -4.0001e-01 +1.8035e+00 -9.2942e-01 +2.3329e+00 -1.3891e+00
% f evaluations | g evaluations | best noise-free fitness - Fopt (7.313900000000e+02) + sum g_i+ | measured fitness | best measured fitness or single-digit g-values | x1 | x2...
1 0 +9.616550670e+01 +8.275555067e+02 +8.275555067e+02 +5.9671e-01 -3.8264e-02 +7.4769e-01 +1.6230e+00 -1.3415e-01 -1.3414e-01 +1.6792e+00 +8.6743e-01 -3.6947e-01 +6.4256e-01
2 0 +6.107912337e+01 +7.924691234e+02 +7.924691234e+02 -3.6342e-01 -3.6573e-01 +3.4196e-01 -1.8133e+00 -1.6249e+00 -4.6229e-01 -9.1283e-01 +4.1425e-01 -8.0802e-01 -1.3123e+00
7 0 +5.878047704e+01 +7.901704770e+02 +7.901704770e+02 -3.7917e-01 -8.5659e-02 -1.0063e+00 -1.0962e+00 +9.1253e-01 +1.4562e+00 +2.7990e-02 +1.1035e+00 +4.6164e-01 -5.4512e-01
9 0 +5.597123573e+01 +7.873612357e+02 +7.873612357e+02 -1.1967e-01 +4.5711e-01 +1.5779e+00 -4.1827e-01 -7.0849e-01 -4.0176e-01 +1.0154e+00 +4.2875e-01 -4.2976e-01 +6.1327e-01
12 0 +4.866274420e+01 +7.800527442e+02 +7.800527442e+02 -1.8188e+00 +7.3486e-02 +1.6023e-01 +2.5632e+00 -9.2361e-02 +4.0155e-01 +6.5288e-02 -1.0687e+00 +1.2428e+00 +8.5193e-01
18 0 +3.521180174e+01 +7.666018017e+02 +7.666018017e+02 -7.8951e-01 -7.1581e-01 +2.2898e-02 +4.4115e-01 +3.7669e-01 +9.2718e-01 +1.1300e-01 +1.5535e+00 -1.6466e-01 +2.8202e+00
29 0 +3.332197453e+01 +7.647119745e+02 +7.647119745e+02 +2.1352e-01 +7.6213e-01 +1.6860e+00 -1.1378e+00 +2.2330e+00 -1.8521e+00 -5.1785e-02 +6.8832e-01 +3.8099e-01 -5.2270e-01
52 0 +2.498859115e+01 +7.563785911e+02 +7.563785911e+02 +3.7006e-01 +1.1100e+00 +3.0286e-01 -6.1141e-01 +1.5444e+00 -1.6068e+00 -1.6862e-01 +7.4711e-01 +5.7287e-01 -3.4031e-01
62 0 +2.047868199e+01 +7.518686820e+02 +7.518686820e+02 -2.0879e+00 +6.4965e-01 +1.9743e+00 +4.0283e-01 -2.9895e-01 -8.8627e-01 +1.3494e+00 +1.2394e+00 -5.1068e-01 -9.9215e-01
223 0 +1.748210868e+01 +7.488721087e+02 +7.488721087e+02 -8.8078e-01 -1.9521e-01 +2.3771e+00 +9.3869e-01 +7.6366e-01 -9.7855e-01 +1.0085e+00 -1.6638e-01 -1.3392e+00 -9.3941e-01
441 0 +1.378318336e+01 +7.451731834e+02 +7.451731834e+02 -1.2791e-01 +1.7501e-01 +6.6871e-01 -7.4799e-01 +6.6115e-01 -1.1684e+00 -1.1397e-01 +1.8000e+00 +7.8355e-01 -1.7167e+00
447 0 +1.270449824e+01 +7.440944982e+02 +7.440944982e+02 +1.9911e-01 +3.0265e-01 +5.4677e-01 -1.1735e+00 +6.0277e-01 -1.7817e+00 +2.3112e-02 +1.5023e+00 +6.8510e-01 -4.4857e-01
729 0 +8.868228741e+00 +7.402582287e+02 +7.402582287e+02 -1.5778e-01 +5.6696e-01 +4.2260e-01 -6.7044e-01 -6.9836e-01 -7.4071e-01 +3.3902e-01 +1.6468e+00 +5.5731e-01 +2.0972e-02
913 0 +5.620399869e+00 +7.370103999e+02 +7.370103999e+02 -2.4488e-01 -1.0238e-01 -1.1898e-01 -4.8451e-01 -9.7473e-01 -5.7157e-01 +1.0660e+00 +2.9617e+00 +1.9332e-01 +1.7308e-01
955 0 +5.598824164e+00 +7.369888242e+02 +7.369888242e+02 -3.1866e-01 -3.2526e-01 +4.7468e-01 -8.8893e-01 -3.6245e-01 -9.3354e-01 +5.7041e-01 +2.5853e+00 +6.0082e-01 +1.7161e-01
1052 0 +4.155889815e+00 +7.355458898e+02 +7.355458898e+02 +5.6176e-02 -5.2014e-01 -2.5683e-01 -1.1717e+00 -4.9638e-01 -1.7178e+00 +5.7785e-01 +3.0361e+00 +7.0884e-01 -3.1273e-01
1254 0 +4.032723924e+00 +7.354227239e+02 +7.354227239e+02 +5.1811e-01 -7.8900e-01 +3.0040e-01 -1.3762e+00 -1.6306e-01 -1.5237e+00 +4.6420e-01 +2.7350e+00 +1.2270e+00 -8.5286e-02
1324 0 +2.862334035e+00 +7.342523340e+02 +7.342523340e+02 +2.4489e-01 -9.7672e-01 +3.7118e-01 -1.5737e+00 +6.6677e-02 -1.9543e+00 +6.2004e-01 +2.7654e+00 +1.0862e+00 -2.0646e-01
1485 0 +2.351046079e+00 +7.337410461e+02 +7.337410461e+02 +8.1494e-01 -1.1777e+00 -5.3389e-02 -1.2366e+00 -3.8514e-01 -1.7530e+00 +1.1054e+00 +2.9957e+00 +9.0387e-01 -2.9734e-01
1528 0 +2.046155240e+00 +7.334361552e+02 +7.334361552e+02 +3.4298e-01 -7.2403e-01 +2.0220e-01 -1.0946e+00 -3.4150e-01 -1.4428e+00 +8.1248e-01 +2.5369e+00 +7.6475e-01 -2.2842e-01
1554 0 +9.926496382e-01 +7.323826496e+02 +7.323826496e+02 +5.9130e-01 -9.7174e-01 +3.8460e-02 -1.1265e+00 -1.3917e-01 -1.5863e+00 +7.0533e-01 +2.6300e+00 +9.6824e-01 -4.0607e-01
1584 0 +5.075700386e-01 +7.318975700e+02 +7.318975700e+02 +5.1124e-01 -8.7866e-01 +7.4322e-02 -1.2240e+00 -3.7389e-02 -1.6139e+00 +6.2965e-01 +2.6103e+00 +1.1727e+00 -2.2427e-01
1907 0 +3.440161824e-01 +7.317340162e+02 +7.317340162e+02 +5.0315e-01 -9.8500e-01 +1.5215e-01 -1.2008e+00 -1.3465e-01 -1.6219e+00 +8.1496e-01 +2.6973e+00 +1.0793e+00 -3.0949e-01
2082 0 +3.089937911e-01 +7.316989938e+02 +7.316989938e+02 +4.9866e-01 -8.7820e-01 +1.1997e-01 -1.1123e+00 -1.6847e-01 -1.5732e+00 +7.5516e-01 +2.6512e+00 +9.9965e-01 -3.7907e-01
2207 0 +1.661047928e-01 +7.315561048e+02 +7.315561048e+02 +5.1439e-01 -8.9603e-01 +3.5369e-02 -1.1670e+00 -1.8492e-01 -1.6594e+00 +8.1008e-01 +2.7230e+00 +9.3472e-01 -3.8422e-01
2292 0 +1.419902279e-01 +7.315319902e+02 +7.315319902e+02 +5.0350e-01 -9.9183e-01 +1.2706e-01 -1.1705e+00 -1.9279e-01 -1.6032e+00 +8.3147e-01 +2.7478e+00 +9.5986e-01 -3.6410e-01
2378 0 +1.372081522e-01 +7.315272082e+02 +7.315272082e+02 +5.5070e-01 -8.5763e-01 +8.9837e-02 -1.1307e+00 -1.8780e-01 -1.6412e+00 +8.1683e-01 +2.6825e+00 +9.0653e-01 -4.5614e-01
% f evaluations | g evaluations | best noise-free fitness - Fopt (7.526000000000e+01) + sum g_i+ | measured fitness | best measured fitness or single-digit g-values | x1 | x2...
1 0 +9.201754807e+01 +1.672775481e+02 +1.672775481e+02 +5.9671e-01 -3.8264e-02 +7.4769e-01 +1.6230e+00 -1.3415e-01 -1.3414e-01 +1.6792e+00 +8.6743e-01 -3.6947e-01 +6.4256e-01
4 0 +8.048127105e+01 +1.557412710e+02 +1.557412710e+02 -5.0171e-01 +1.9523e+00 +8.6503e-02 -9.5771e-01 +9.2254e-01 -1.1208e+00 +3.0886e-01 -1.8597e+00 -1.2282e+00 +2.9686e-01
6 0 +6.879173818e+01 +1.440517382e+02 +1.440517382e+02 +4.2408e-01 -2.8508e-01 -5.7692e-01 +7.1168e-01 +1.1310e+00 +1.0313e+00 -7.3922e-01 -2.0921e-01 +4.3126e-01 +1.0755e+00
9 0 +5.837541529e+01 +1.336354153e+02 +1.336354153e+02 -1.1967e-01 +4.5711e-01 +1.5779e+00 -4.1827e-01 -7.0849e-01 -4.0176e-01 +1.0154e+00 +4.2875e-01 -4.2976e-01 +6.1327e-01
10 0 +5.820577622e+01 +1.334657762e+02 +1.334657762e+02 +1.9708e-01 +1.0686e+00 -6.0205e-01 -2.2766e-01 -2.9211e-01 -1.3635e+00 +3.9612e-01 +3.6106e-01 +1.0511e-01 -1.3459e-01
11 0 +5.448489033e+01 +1.297448903e+02 +1.297448903e+02 -1.3154e+00 -3.2065e-01 -2.4271e-01 -7.0228e-01 -6.1286e-02 +5.0405e-01 +1.9862e+00 +2.7458e-01 +3.5755e-01 +2.5554e-02
28 0 +2.714502268e+01 +1.024050227e+02 +1.024050227e+02 +1.5413e+00 -1.3359e+00 +1.2632e+00 +1.1023e-01 -8.8151e-01 +5.6210e-01 +2.9906e-01 -5.0022e-01 +1.6980e-01 -2.8531e-01
143 0 +1.747864227e+01 +9.273864227e+01 +9.273864227e+01 -1.3554e+00 -8.7244e-01 +7.1969e-01 +6.0792e-01 +1.2455e+00 -1.8754e-01 -2.0392e-01 +4.6769e-01 -8.9050e-01 +1.1836e-01
232 0 +1.561748040e+01 +9.087748040e+01 +9.087748040e+01 -1.4378e+00 -8.4384e-01 +6.8988e-01 +1.2567e+00 -9.9551e-01 -9.1985e-02 -3.0139e-01 -1.5700e+00 -4.9302e-01 -3.4297e-01
1063 0 +8.205812122e+00 +8.346581212e+01 +8.346581212e+01 -4.1883e+00 -1.6663e+00 -1.1856e+00 +1.4294e+00 +2.3106e+00 +1.5707e-01 -1.4991e+00 -9.1382e-01 +3.6988e-01 -1.2421e+00
1190 0 +4.947683681e+00 +8.020768368e+01 +8.020768368e+01 -3.1342e+00 -7.4138e-01 -1.4192e+00 +1.1237e+00 +2.0399e+00 -2.7997e-01 -9.2042e-01 -6.7471e-01 -7.8532e-01 -9.7601e-01
1403 0 +4.419026660e+00 +7.967902666e+01 +7.967902666e+01 -2.9292e+00 -2.3653e-01 -1.3807e+00 +1.5143e+00 +1.4158e+00 -2.1653e-01 -9.7461e-01 -1.2118e+00 -4.4928e-01 -1.0578e+00
1459 0 +3.974587529e+00 +7.923458753e+01 +7.923458753e+01 -3.0018e+00 -7.3932e-01 -1.2318e+00 +1.4446e+00 +1.4602e+00 +8.3021e-03 -7.1009e-01 -9.9620e-01 -6.6939e-01 -9.6895e-01
1552 0 +3.006055086e+00 +7.826605509e+01 +7.826605509e+01 -2.9674e+00 -6.9816e-01 -1.2455e+00 +1.3928e+00 +1.4096e+00 -6.4464e-03 -6.8912e-01 -8.4903e-01 -7.3165e-01 -7.6178e-01
2009 0 +2.387225126e+00 +7.764722513e+01 +7.764722513e+01 -2.8157e+00 +1.0801e-01 -1.5209e+00 +1.1684e+00 +1.5434e+00 -5.3900e-01 -9.8270e-01 -1.2259e+00 -6.3447e-01 -1.4722e+00
2062 0 +1.589179051e+00 +7.684917905e+01 +7.684917905e+01 -2.7489e+00 +3.8638e-01 -1.6747e+00 +1.1367e+00 +1.4940e+00 -5.5164e-01 -1.0442e+00 -1.2483e+00 -5.6477e-01 -1.5199e+00
2075 0 +1.019622612e+00 +7.627962261e+01 +7.627962261e+01 -2.8357e+00 -7.8660e-02 -1.6828e+00 +8.7946e-01 +1.5371e+00 -5.2679e-01 -8.1239e-01 -1.0825e+00 -4.2098e-01 -1.4930e+00
2305 0 +6.108411240e-01 +7.587084112e+01 +7.587084112e+01 -2.7286e+00 +4.4291e-01 -1.6986e+00 +1.0564e+00 +1.7354e+00 -5.0778e-01 -1.1425e+00 -1.0277e+00 -6.7893e-01 -1.4362e+00
2416 0 +5.790209825e-01 +7.583902098e+01 +7.583902098e+01 -2.6885e+00 +4.3189e-01 -1.6811e+00 +1.1961e+00 +1.5676e+00 -4.1517e-01 -1.0511e+00 -1.0598e+00 -6.7245e-01 -1.4388e+00
2469 0 +5.123986120e-01 +7.577239861e+01 +7.577239861e+01 -2.6185e+00 +5.3941e-01 -1.6609e+00 +1.1470e+00 +1.7297e+00 -4.1953e-01 -1.2133e+00 -1.0548e+00 -7.9667e-01 -1.4898e+00
% f evaluations | g evaluations | best noise-free fitness - Fopt (-4.913000000000e+01) + sum g_i+ | measured fitness | best measured fitness or single-digit g-values | x1 | x2...
1 0 +1.248399223e+02 +7.570992230e+01 +7.570992230e+01 +5.9671e-01 -3.8264e-02 +7.4769e-01 +1.6230e+00 -1.3415e-01 -1.3414e-01 +1.6792e+00 +8.6743e-01 -3.6947e-01 +6.4256e-01
2 0 +5.939067329e+01 +1.026067329e+01 +1.026067329e+01 -3.6342e-01 -3.6573e-01 +3.4196e-01 -1.8133e+00 -1.6249e+00 -4.6229e-01 -9.1283e-01 +4.1425e-01 -8.0802e-01 -1.3123e+00
12 0 +2.163830984e+01 -2.749169016e+01 -2.749169016e+01 -1.8188e+00 +7.3486e-02 +1.6023e-01 +2.5632e+00 -9.2361e-02 +4.0155e-01 +6.5288e-02 -1.0687e+00 +1.2428e+00 +8.5193e-01
102 0 +2.024335728e+01 -2.888664272e+01 -2.888664272e+01 +7.4335e-01 +1.8411e+00 -3.4167e-01 +4.2344e-01 +1.6857e-01 -7.3409e-01 -9.1952e-01 -5.2882e-01 -4.3153e-01 +2.1678e-01
158 0 +1.547722703e+01 -3.365277297e+01 -3.365277297e+01 +8.5401e-01 +1.9678e+00 +8.6747e-03 -6.5200e-01 +8.2631e-01 -5.8335e-01 -1.3889e+00 -2.7450e-01 -2.1026e-01 -6.4257e-01
665 0 +1.413931558e+01 -3.499068442e+01 -3.499068442e+01 -2.6023e-01 +1.7461e+00 +1.6290e+00 -9.7195e-02 +2.1968e+00 -1.2735e+00 -1.4403e+00 -1.0380e+00 +1.1604e+00 -6.3833e-01
947 0 +1.360220055e+01 -3.552779945e+01 -3.552779945e+01 +3.4400e-02 +2.2940e+00 +1.4655e+00 -1.0921e+00 +4.1096e+00 -2.6811e-01 -3.1319e+00 -1.1056e+00 +1.3344e+00 -2.7862e+00
1010 0 +6.701119815e+00 -4.242888019e+01 -4.242888019e+01 -1.4731e+00 +3.3263e+00 +1.2399e+00 -1.6840e-01 +2.4595e+00 -1.2989e+00 -2.0932e+00 -4.4966e-01 +2.1849e+00 -2.6612e+00
1025 0 +6.058389774e+00 -4.307161023e+01 -4.307161023e+01 -1.6362e+00 +2.1943e+00 +1.1882e+00 -5.8044e-01 +1.9365e+00 -9.2278e-01 -1.6695e+00 -7.1638e-01 +2.3794e+00 -2.5421e+00
1154 0 +4.763627956e+00 -4.436637204e+01 -4.436637204e+01 -1.6972e+00 +2.6990e+00 +1.2023e+00 -4.8064e-01 +2.1090e+00 -1.1716e+00 -1.9536e+00 -8.7535e-01 +1.6973e+00 -2.5835e+00
1235 0 +4.034478955e+00 -4.509552104e+01 -4.509552104e+01 -1.1436e+00 +2.5521e+00 +1.3709e+00 -1.5645e-01 +1.7017e+00 -1.1445e+00 -2.1603e+00 -6.3249e-01 +1.7388e+00 -1.8282e+00
1255 0 +2.697590763e+00 -4.643240924e+01 -4.643240924e+01 -1.3927e+00 +2.8365e+00 +1.3160e+00 -4.0677e-01 +2.0292e+00 -1.1043e+00 -1.9091e+00 -6.2028e-01 +1.8916e+00 -2.5110e+00
1367 0 +2.508910501e+00 -4.662108950e+01 -4.662108950e+01 -1.3061e+00 +2.8400e+00 +1.1306e+00 -3.8895e-01 +2.3230e+00 -1.1506e+00 -2.0835e+00 -9.9529e-01 +1.5451e+00 -2.5011e+00
1409 0 +2.258373019e+00 -4.687162698e+01 -4.687162698e+01 -1.3172e+00 +3.0574e+00 +1.1309e+00 -1.0949e-01 +2.4181e+00 -1.1071e+00 -1.7798e+00 -7.8665e-01 +1.6636e+00 -2.5103e+00
1465 0 +1.751976443e+00 -4.737802356e+01 -4.737802356e+01 -1.3293e+00 +2.9500e+00 +1.3401e+00 -9.7936e-02 +2.2867e+00 -9.8805e-01 -1.7655e+00 -4.7692e-01 +1.8087e+00 -2.1996e+00
1549 0 +1.713344462e+00 -4.741665554e+01 -4.741665554e+01 -1.2884e+00 +2.7284e+00 +1.1801e+00 -2.4639e-01 +2.0425e+00 -1.1704e+00 -2.0316e+00 -9.2817e-01 +1.4627e+00 -2.3143e+00
1559 0 +8.525362504e-01 -4.827746375e+01 -4.827746375e+01 -1.2197e+00 +3.2110e+00 +1.0786e+00 +4.9917e-02 +2.1290e+00 -9.9076e-01 -1.8094e+00 -7.1953e-01 +1.5497e+00 -2.4825e+00
1612 0 +6.290814163e-01 -4.850091858e+01 -4.850091858e+01 -1.3017e+00 +3.2589e+00 +1.2378e+00 +2.5841e-02 +2.0700e+00 -9.9124e-01 -1.7352e+00 -6.9624e-01 +1.8861e+00 -2.4777e+00
1654 0 +4.062029186e-01 -4.872379708e+01 -4.872379708e+01 -1.3104e+00 +3.2827e+00 +1.1959e+00 +1.1723e-01 +2.1129e+00 -1.0093e+00 -1.6994e+00 -5.8225e-01 +1.5596e+00 -2.3789e+00
1821 0 +4.033212278e-01 -4.872667877e+01 -4.872667877e+01 -1.1808e+00 +3.1357e+00 +1.2200e+00 +2.2597e-02 +2.1656e+00 -1.0197e+00 -1.7164e+00 -7.0838e-01 +1.7054e+00 -2.3307e+00
1855 0 +3.543953865e-01 -4.877560461e+01 -4.877560461e+01 -1.3155e+00 +3.0050e+00 +1.1001e+00 -1.5956e-01 +2.1392e+00 -1.0196e+00 -1.8402e+00 -6.7139e-01 +1.8169e+00 -2.5066e+00
1905 0 +3.422803939e-01 -4.878771961e+01 -4.878771961e+01 -1.2719e+00 +3.1936e+00 +1.1816e+00 +1.3631e-01 +2.0803e+00 -9.6316e-01 -1.6973e+00 -6.5937e-01 +1.6783e+00 -2.4250e+00
1963 0 +2.898434026e-01 -4.884015660e+01 -4.884015660e+01 -1.3579e+00 +3.2567e+00 +1.2515e+00 +1.0642e-01 +2.1494e+00 -9.3970e-01 -1.6346e+00 -5.5106e-01 +1.7476e+00 -2.3814e+00
1971 0 +2.353948668e-01 -4.889460513e+01 -4.889460513e+01 -1.3298e+00 +3.1063e+00 +1.2304e+00 -4.7662e-02 +2.1406e+00 -1.0470e+00 -1.7083e+00 -6.9803e-01 +1.7850e+00 -2.3763e+00
2003 0 +9.869281971e-02 -4.903130718e+01 -4.903130718e+01 -1.2967e+00 +3.0968e+00 +1.2689e+00 -4.4968e-03 +2.1080e+00 -1.0047e+00 -1.7092e+00 -6.7024e-01 +1.6925e+00 -2.3247e+00
2108 0 +8.840116275e-02 -4.904159884e+01 -4.904159884e+01 -1.3373e+00 +3.1328e+00 +1.2401e+00 +6.1010e-02 +2.0546e+00 -9.6857e-01 -1.6281e+00 -6.4582e-01 +1.6441e+00 -2.3026e+00
2156 0 +8.748672237e-02 -4.904251328e+01 -4.904251328e+01 -1.3217e+00 +3.1466e+00 +1.2163e+00 +5.1447e-02 +2.0539e+00 -1.0140e+00 -1.6328e+00 -6.6290e-01 +1.6467e+00 -2.2961e+00
2189 0 +4.225645316e-02 -4.908774355e+01 -4.908774355e+01 -1.3051e+00 +3.2300e+00 +1.2231e+00 +9.6444e-02 +2.0429e+00 -9.5454e-01 -1.6030e+00 -5.8604e-01 +1.6768e+00 -2.3386e+00
2478 0 +3.718939326e-02 -4.909281061e+01 -4.909281061e+01 -1.3148e+00 +3.2067e+00 +1.2535e+00 +7.6056e-02 +2.0788e+00 -9.8939e-01 -1.6167e+00 -6.1427e-01 +1.6793e+00 -2.3338e+00
