% f evaluations | g evaluations | best noise-free fitness - Fopt (1.491500000000e+02) + sum g_i+ | measured fitness | best measured fitness or single-digit g-values | x1 | x2...
1 0 +1.589879163e+03 +1.739029163e+03 +1.739029163e+03 +5.9671e-01 -3.8264e-02 +7.4769e-01 +1.6230e+00 -1.3415e-01
4 0 +1.459283928e+03 +1.608433928e+03 +1.608433928e+03 -4.6229e-01 -9.1283e-01 +4.1425e-01 -8.0802e-01 -1.3123e+00
9 0 +1.233032610e+03 +1.382182610e+03 +1.382182610e+03 +8.3847e-01 +2.7137e-01 -1.5648e-02 -2.0110e-01 -1.3785e+00
13 0 +8.127868237e+02 +9.619368237e+02 +9.619368237e+02 -3.7917e-01 -8.5659e-02 -1.0063e+00 -1.0962e+00 +9.1253e-01
21 0 +7.176775228e+02 +8.668275228e+02 +8.668275228e+02 -1.3154e+00 -3.2065e-01 -2.4271e-01 -7.0228e-01 -6.1286e-02
23 0 +2.345660033e+02 +3.837160033e+02 +3.837160033e+02 -1.8188e+00 +7.3486e-02 +1.6023e-01 +2.5632e+00 -9.2361e-02
91 0 +1.927267052e+02 +3.418767052e+02 +3.418767052e+02 -2.2440e+00 -1.1826e+00 -1.0725e+00 +1.1283e+00 -4.1748e+00
95 0 +4.692928291e+01 +1.960792829e+02 +1.960792829e+02 -1.1002e+00 -1.1004e+00 -6.4724e-01 +5.9037e-01 -3.2747e+00
295 0 +2.313833057e+01 +1.722883306e+02 +1.722883306e+02 -1.4535e+00 -9.3381e-01 -6.6290e-01 +6.4822e-01 -3.7585e+00
366 0 +1.340654996e+01 +1.625565500e+02 +1.625565500e+02 -1.4306e+00 -9.7891e-01 -9.7990e-01 +9.2191e-01 -3.6929e+00
463 0 +4.138278320e+00 +1.532882783e+02 +1.532882783e+02 -4.9327e-01 -9.5931e-01 -7.2577e-01 +8.8584e-01 -3.6734e+00
778 0 +3.929000345e+00 +1.530790003e+02 +1.530790003e+02 -8.6191e-01 -1.3782e+00 -9.9249e-01 +8.7093e-01 -3.7198e+00
794 0 +3.847978419e+00 +1.529979784e+02 +1.529979784e+02 -8.8295e-01 -1.3185e+00 -9.8151e-01 +8.8832e-01 -3.7722e+00
812 0 +3.725711403e+00 +1.528757114e+02 +1.528757114e+02 -8.4381e-01 -1.3134e+00 -9.8008e-01 +8.3887e-01 -3.6954e+00
869 0 +3.571113259e+00 +1.527211133e+02 +1.527211133e+02 -8.2265e-01 -1.3315e+00 -9.7603e-01 +8.5389e-01 -3.7133e+00
914 0 +3.455636613e+00 +1.526056366e+02 +1.526056366e+02 -7.2272e-01 -1.2343e+00 -9.8763e-01 +8.2789e-01 -3.7503e+00
943 0 +3.178023940e+00 +1.523280239e+02 +1.523280239e+02 -6.9216e-01 -1.2474e+00 -9.4745e-01 +8.5001e-01 -3.7191e+00
959 0 +3.126943314e+00 +1.522769433e+02 +1.522769433e+02 -6.7692e-01 -1.2001e+00 -9.2611e-01 +8.4565e-01 -3.7315e+00
1010 0 +2.721574783e+00 +1.518715748e+02 +1.518715748e+02 -5.5430e-01 -1.0989e+00 -9.1961e-01 +8.5635e-01 -3.7250e+00
1107 0 +2.516098058e+00 +1.516660981e+02 +1.516660981e+02 -4.9313e-01 -1.0393e+00 -8.4130e-01 +8.5393e-01 -3.7278e+00
1158 0 +2.341409543e+00 +1.514914095e+02 +1.514914095e+02 -4.6226e-01 -9.9189e-01 -8.2761e-01 +8.6329e-01 -3.7416e+00
