% f evaluations | g evaluations | best noise-free fitness - Fopt (1.026100000000e+02) + sum g_i+ | measured fitness | best measured fitness or single-digit g-values | x1 | x2...
1 0 +8.499088232e+01 +1.876008823e+02 +1.876008823e+02 +5.9671e-01 -3.8264e-02 +7.4769e-01 +1.6230e+00 -1.3415e-01
3 0 +7.334857351e+01 +1.759585735e+02 +1.759585735e+02 -3.6342e-01 -3.6573e-01 +3.4196e-01 -1.8133e+00 -1.6249e+00
5 0 +6.580041802e+01 +1.684104180e+02 +1.684104180e+02 +1.5656e+00 -1.2578e-01 +1.6753e-01 -1.3247e+00 -4.4438e-01
9 0 +6.386104831e+01 +1.664710483e+02 +1.664710483e+02 +8.3847e-01 +2.7137e-01 -1.5648e-02 -2.0110e-01 -1.3785e+00
12 0 +4.633366536e+01 +1.489436654e+02 +1.489436654e+02 +1.0313e+00 -7.3922e-01 -2.0921e-01 +4.3126e-01 +1.0755e+00
46 0 +3.549228895e+01 +1.381022890e+02 +1.381022890e+02 +4.2241e-01 -7.1499e-01 +2.2014e-01 +1.2223e+00 -1.8163e-01
202 0 +2.081203024e+01 +1.234220302e+02 +1.234220302e+02 +1.0778e+00 +1.3712e+00 -6.0931e-01 -1.9432e-01 -1.1937e+00
332 0 +2.072271496e+01 +1.233327150e+02 +1.233327150e+02 +5.4245e-01 +2.1619e+00 -1.1996e+00 -8.8098e-01 -2.2981e+00
362 0 +1.862557647e+01 +1.212355765e+02 +1.212355765e+02 +8.2424e-01 +1.4842e+00 -8.6621e-01 -8.1966e-01 -9.9835e-01
406 0 +1.636998331e+01 +1.189799833e+02 +1.189799833e+02 +1.3031e+00 +2.2474e+00 -1.7640e+00 -1.3506e+00 -1.5566e+00
638 0 +1.220253629e+01 +1.148125363e+02 +1.148125363e+02 +1.8182e+00 +1.1686e+00 -1.1193e+00 -2.0003e+00 -1.6589e+00
799 0 +1.061788139e+01 +1.132278814e+02 +1.132278814e+02 +1.4532e+00 +1.1794e+00 -1.0895e+00 -1.5536e+00 -1.3692e+00
