% f evaluations | g evaluations | best noise-free fitness - Fopt (-1.025500000000e+02) + sum g_i+ | measured fitness | best measured fitness or single-digit g-values | x1 | x2...
1 0 +1.119597679e+01 -9.135402321e+01 -9.135402321e+01 +5.9671e-01 -3.8264e-02 +7.4769e-01 +1.6230e+00 -1.3415e-01 -1.3414e-01 +1.6792e+00 +8.6743e-01 -3.6947e-01 +6.4256e-01
5 0 +1.099943082e+01 -9.155056918e+01 -9.155056918e+01 +8.3847e-01 +2.7137e-01 -1.5648e-02 -2.0110e-01 -1.3785e+00 -6.1984e-01 -3.6064e-01 +1.1571e+00 +4.4362e-01 -1.6630e+00
10 0 +8.645401755e+00 -9.390459824e+01 -9.390459824e+01 +1.9708e-01 +1.0686e+00 -6.0205e-01 -2.2766e-01 -2.9211e-01 -1.3635e+00 +3.9612e-01 +3.6106e-01 +1.0511e-01 -1.3459e-01
19 0 +7.860218462e+00 -9.468978154e+01 -9.468978154e+01 +7.2567e-01 -7.5716e-01 -9.7089e-01 +5.8247e-01 -1.2346e-01 +8.1400e-01 +5.7324e-01 +2.7171e-02 -7.4679e-01 -1.4148e+00
22 0 +5.145634005e+00 -9.740436599e+01 -9.740436599e+01 +6.7089e-01 +1.2356e+00 +1.0540e+00 +7.5139e-01 -2.1527e-01 +8.5897e-01 -6.7283e-01 -1.3682e-01 -3.8536e-01 +1.8187e-01
62 0 +3.921950393e+00 -9.862804961e+01 -9.862804961e+01 -3.7406e-01 -2.5410e-01 +4.1063e-01 +2.9566e-01 -5.4502e-01 +8.7676e-01 -6.6481e-01 -1.2204e+00 -8.4388e-01 -3.6459e-01
256 0 +3.714248190e+00 -9.883575181e+01 -9.883575181e+01 +8.5904e-01 +2.9006e-01 -2.0606e-01 +1.2190e+00 -6.6576e-01 -4.9353e-01 +3.4657e-01 +7.8079e-01 +4.2271e-01 -1.3790e-01
542 0 +2.886027713e+00 -9.966397229e+01 -9.966397229e+01 -4.9797e-02 +3.8251e-01 +1.1295e-01 +6.8666e-01 -2.5638e-01 +1.0046e+00 -9.7034e-02 +1.6255e-01 +4.7194e-02 -4.7476e-01
2015 0 +2.560392583e+00 -9.998960742e+01 -9.998960742e+01 +3.2523e-01 +7.6517e-01 -5.4631e-02 +6.3595e-01 -1.1096e-01 +6.9859e-01 -7.0134e-01 -4.4595e-01 +2.9568e-01 +1.1390e-01
2096 0 +2.223778232e+00 -1.003262218e+02 -1.003262218e+02 -5.6715e-02 +5.1868e-01 +2.8139e-01 +4.5781e-01 -7.7826e-02 +2.3126e-02 -4.6508e-01 -4.6209e-01 +4.0581e-01 +2.7247e-01
% f evaluations | g evaluations | best noise-free fitness - Fopt (7.169000000000e+01) + sum g_i+ | measured fitness | best measured fitness or single-digit g-values | x1 | x2...
1 0 +3.809518045e+00 +7.549951804e+01 +7.549951804e+01 +5.9671e-01 -3.8264e-02 +7.4769e-01 +1.6230e+00 -1.3415e-01 -1.3414e-01 +1.6792e+00 +8.6743e-01 -3.6947e-01 +6.4256e-01
1526 0 +3.402676865e+00 +7.509267687e+01 +7.509267687e+01 -8.1101e-03 +7.3867e-01 +4.6788e-01 -5.4318e-01 +4.9810e-01 +8.6996e-02 +6.9298e-01 +8.0996e-01 -8.9575e-01 +4.3553e-01
1950 0 +3.242301300e+00 +7.493230130e+01 +7.493230130e+01 +3.9443e-01 -1.3621e+00 +2.9349e-01 -2.4592e-01 +7.0417e-01 +1.7581e+00 -1.3238e-01 -3.0616e-01 -6.2012e-02 -8.6386e-03
% f evaluations | g evaluations | best noise-free fitness - Fopt (2.140100000000e+02) + sum g_i+ | measured fitness | best measured fitness or single-digit g-values | x1 | x2...
1 0 +1.006291873e+01 +2.240729187e+02 +2.240729187e+02 +5.9671e-01 -3.8264e-02 +7.4769e-01 +1.6230e+00 -1.3415e-01 -1.3414e-01 +1.6792e+00 +8.6743e-01 -3.6947e-01 +6.4256e-01
6 0 +8.046408170e+00 +2.220564082e+02 +2.220564082e+02 +4.2408e-01 -2.8508e-01 -5.7692e-01 +7.1168e-01 +1.1310e+00 +1.0313e+00 -7.3922e-01 -2.0921e-01 +4.3126e-01 +1.0755e+00
22 0 +7.115425716e+00 +2.211254257e+02 +2.211254257e+02 +6.7089e-01 +1.2356e+00 +1.0540e+00 +7.5139e-01 -2.1527e-01 +8.5897e-01 -6.7283e-01 -1.3682e-01 -3.8536e-01 +1.8187e-01
31 0 +6.465106646e+00 +2.204751066e+02 +2.204751066e+02 -7.2900e-01 -4.6018e-01 +8.4729e-01 +7.1037e-01 +7.9098e-02 +2.1733e-01 +1.3777e+00 -4.9157e-01 +6.4710e-01 -1.0219e-01
68 0 +5.215099598e+00 +2.192250996e+02 +2.192250996e+02 +1.2614e+00 -4.0771e-03 +1.5396e+00 -1.1469e+00 +1.5207e-01 -8.6121e-01 +2.4271e+00 +2.1784e-01 +4.6831e-01 -1.4848e+00
80 0 +4.622741182e+00 +2.186327412e+02 +2.186327412e+02 -8.2877e-02 -1.2537e+00 +1.9187e+00 +9.4614e-01 +2.4249e-01 +1.1112e-01 +4.2650e-01 -5.9652e-01 -4.6950e-01 +1.1530e+00
844 0 +4.065455545e+00 +2.180754555e+02 +2.180754555e+02 +1.5352e+00 -6.7468e-01 -2.0354e-01 -7.1105e-02 +3.4271e-01 +1.5231e-01 +2.3743e+00 -1.6969e+00 -1.0400e+00 +1.2586e+00
1388 0 +3.963889291e+00 +2.179738893e+02 +2.179738893e+02 -5.5152e-01 -1.2529e-01 -3.1781e-01 +1.3610e+00 -2.4993e-01 -8.0026e-01 +1.6166e+00 -1.1116e+00 -9.4174e-01 +8.1902e-01
1965 0 +3.860852477e+00 +2.178708525e+02 +2.178708525e+02 -1.1956e-01 +5.8121e-01 -3.0309e-01 -2.9786e-01 -3.1248e-01 +9.8282e-01 +7.4997e-01 -6.6228e-01 +1.0807e+00 -3.1298e-02
2122 0 +3.834214227e+00 +2.178442142e+02 +2.178442142e+02 +7.7209e-01 +7.9502e-01 +3.8995e-01 -1.0290e+00 -7.4853e-01 +6.8813e-01 +1.8214e+00 -1.0220e+00 +6.8102e-01 -9.5330e-02
2405 0 +3.767108956e+00 +2.177771090e+02 +2.177771090e+02 -6.4527e-01 -5.6261e-01 +2.6199e+00 -1.1913e-01 -6.5153e-01 -2.1894e+00 +9.8652e-01 +4.1294e-01 -6.4172e-01 -8.5028e-01
% f evaluations | g evaluations | best noise-free fitness - Fopt (-5.848000000000e+01) + sum g_i+ | measured fitness | best measured fitness or single-digit g-values | x1 | x2...
1 0 +1.379068041e+01 -4.468931959e+01 -4.468931959e+01 +5.9671e-01 -3.8264e-02 +7.4769e-01 +1.6230e+00 -1.3415e-01 -1.3414e-01 +1.6792e+00 +8.6743e-01 -3.6947e-01 +6.4256e-01
2 0 +8.987719878e+00 -4.949228012e+01 -4.949228012e+01 -3.6342e-01 -3.6573e-01 +3.4196e-01 -1.8133e+00 -1.6249e+00 -4.6229e-01 -9.1283e-01 +4.1425e-01 -8.0802e-01 -1.3123e+00
6 0 +6.018520493e+00 -5.246147951e+01 -5.246147951e+01 +4.2408e-01 -2.8508e-01 -5.7692e-01 +7.1168e-01 +1.1310e+00 +1.0313e+00 -7.3922e-01 -2.0921e-01 +4.3126e-01 +1.0755e+00
10 0 +5.424115413e+00 -5.305588459e+01 -5.305588459e+01 +1.9708e-01 +1.0686e+00 -6.0205e-01 -2.2766e-01 -2.9211e-01 -1.3635e+00 +3.9612e-01 +3.6106e-01 +1.0511e-01 -1.3459e-01
25 0 +5.318538346e+00 -5.316146165e+01 -5.316146165e+01 -6.9252e-01 -1.4736e-02 +6.0499e-01 +9.6576e-01 -1.1003e+00 -2.3450e-01 -3.7495e-01 -5.5333e-01 +1.8655e+00 +5.0498e-01
102 0 +3.255284464e+00 -5.522471554e+01 -5.522471554e+01 -3.3125e-01 -5.5587e-01 -9.4653e-01 -7.5724e-01 -7.4908e-01 +2.7401e-01 +7.5804e-01 +2.5460e-01 -4.0818e-01 -7.3997e-01
640 0 +3.184836639e+00 -5.529516336e+01 -5.529516336e+01 -1.2011e-01 -1.0604e+00 -1.4255e-01 +1.7667e-01 +2.2576e-02 +2.6517e-01 +4.4472e-01 +7.1123e-01 +7.9484e-01 -3.8435e-01
960 0 +3.160612854e+00 -5.531938715e+01 -5.531938715e+01 +7.3376e-01 -5.4126e-01 -5.4872e-01 +2.3479e-01 -4.2531e-02 +7.5339e-01 +7.7048e-02 +6.4806e-01 +2.5937e-01 -1.0192e-01
1128 0 +2.468702956e+00 -5.601129704e+01 -5.601129704e+01 +9.6283e-01 -7.2901e-01 -8.7817e-01 +3.9135e-01 +1.2061e-01 +7.5826e-01 +2.0016e-01 +9.7171e-01 +6.1337e-01 -7.8873e-01
1445 0 +8.693898449e-01 -5.761061016e+01 -5.761061016e+01 +5.9068e-01 -3.3122e-01 -7.6222e-01 +6.7321e-02 +3.0110e-01 +7.2431e-01 +5.5472e-01 +4.3651e-01 +1.6270e-01 -4.9382e-01
1880 0 +5.361382565e-01 -5.794386174e+01 -5.794386174e+01 +4.0703e-01 -6.8714e-01 -8.5517e-01 +1.3028e-02 +1.3175e-01 +6.3732e-01 +4.2566e-01 +7.5154e-01 +6.2430e-01 -1.0635e+00
% f evaluations | g evaluations | best noise-free fitness - Fopt (-6.130800000000e+02) + sum g_i+ | measured fitness | best measured fitness or single-digit g-values | x1 | x2...
1 0 +9.839750340e+00 -6.032402497e+02 -6.032402497e+02 +5.9671e-01 -3.8264e-02 +7.4769e-01 +1.6230e+00 -1.3415e-01 -1.3414e-01 +1.6792e+00 +8.6743e-01 -3.6947e-01 +6.4256e-01
9 0 +8.386685126e+00 -6.046933149e+02 -6.046933149e+02 -1.1967e-01 +4.5711e-01 +1.5779e+00 -4.1827e-01 -7.0849e-01 -4.0176e-01 +1.0154e+00 +4.2875e-01 -4.2976e-01 +6.1327e-01
11 0 +6.398077526e+00 -6.066819225e+02 -6.066819225e+02 -1.3154e+00 -3.2065e-01 -2.4271e-01 -7.0228e-01 -6.1286e-02 +5.0405e-01 +1.9862e+00 +2.7458e-01 +3.5755e-01 +2.5554e-02
22 0 +5.335558047e+00 -6.077444420e+02 -6.077444420e+02 +6.7089e-01 +1.2356e+00 +1.0540e+00 +7.5139e-01 -2.1527e-01 +8.5897e-01 -6.7283e-01 -1.3682e-01 -3.8536e-01 +1.8187e-01
82 0 +3.868802692e+00 -6.092111973e+02 -6.092111973e+02 -1.1828e-01 +2.6889e-01 +1.4509e+00 -4.0773e-01 +3.3650e-01 +1.1807e+00 -7.0359e-01 -2.9090e-02 +1.6150e-01 -3.7926e-01
296 0 +2.963639137e+00 -6.101163609e+02 -6.101163609e+02 +7.9594e-01 +1.2286e+00 +4.5829e-01 +4.2353e-01 +4.8255e-03 +2.6066e-01 -6.2638e-01 -3.4543e-02 -1.1601e-01 +6.9918e-02
1548 0 +2.514871730e+00 -6.105651283e+02 -6.105651283e+02 +7.0187e-01 +3.2151e-01 +2.6891e-01 +6.1709e-01 -8.9268e-01 +1.8984e-01 -2.9555e-01 +6.0152e-02 +4.7584e-01 +4.9803e-01
2010 0 +2.146692645e+00 -6.109333074e+02 -6.109333074e+02 +6.5979e-01 +4.0804e-01 +2.7798e-01 +7.1410e-01 -7.8656e-01 +1.8114e-01 -3.1626e-01 -2.6538e-02 +4.0283e-01 +5.4614e-01
2102 0 +1.200353205e+00 -6.118796468e+02 -6.118796468e+02 +6.7375e-01 +4.0665e-01 +3.4112e-01 +6.3180e-01 -7.8448e-01 -8.2637e-03 -4.0444e-01 -1.2191e-01 +4.3351e-01 +5.0618e-01
2137 0 +8.395690215e-01 -6.122404310e+02 -6.122404310e+02 +6.4048e-01 +4.0713e-01 +2.6367e-01 +6.4600e-01 -7.2460e-01 +7.7108e-02 -3.7230e-01 -1.0829e-01 +3.4840e-01 +4.8211e-01
% f evaluations | g evaluations | best noise-free fitness - Fopt (6.189000000000e+01) + sum g_i+ | measured fitness | best measured fitness or single-digit g-values | x1 | x2...
1 0 +1.092157518e+01 +7.281157518e+01 +7.281157518e+01 +5.9671e-01 -3.8264e-02 +7.4769e-01 +1.6230e+00 -1.3415e-01 -1.3414e-01 +1.6792e+00 +8.6743e-01 -3.6947e-01 +6.4256e-01
2 0 +8.026145516e+00 +6.991614552e+01 +6.991614552e+01 -3.6342e-01 -3.6573e-01 +3.4196e-01 -1.8133e+00 -1.6249e+00 -4.6229e-01 -9.1283e-01 +4.1425e-01 -8.0802e-01 -1.3123e+00
31 0 +7.828089395e+00 +6.971808939e+01 +6.971808939e+01 -7.2900e-01 -4.6018e-01 +8.4729e-01 +7.1037e-01 +7.9098e-02 +2.1733e-01 +1.3777e+00 -4.9157e-01 +6.4710e-01 -1.0219e-01
37 0 +7.762585006e+00 +6.965258501e+01 +6.965258501e+01 +6.1935e-01 +1.6327e+00 -8.7601e-03 +5.0171e-01 +7.9014e-01 -3.0122e-01 +3.2409e-01 +1.1259e-01 +1.9768e-01 -6.7301e-01
41 0 +4.658232021e+00 +6.654823202e+01 +6.654823202e+01 -1.4944e+00 -4.9938e-01 +1.0524e-01 +1.4698e-01 -3.5007e-01 +7.2285e-01 -9.6762e-01 -4.2379e-02 +2.2030e-01 +6.1444e-01
150 0 +3.588932790e+00 +6.547893279e+01 +6.547893279e+01 -4.7889e-01 -2.7310e-01 -6.5167e-01 -1.1427e-01 -4.4884e-01 +6.3587e-01 +5.7059e-01 +4.9264e-01 +1.2773e+00 +5.1082e-01
% f evaluations | g evaluations | best noise-free fitness - Fopt (-8.456000000000e+01) + sum g_i+ | measured fitness | best measured fitness or single-digit g-values | x1 | x2...
1 0 +7.554446388e+00 -7.700555361e+01 -7.700555361e+01 +5.9671e-01 -3.8264e-02 +7.4769e-01 +1.6230e+00 -1.3415e-01 -1.3414e-01 +1.6792e+00 +8.6743e-01 -3.6947e-01 +6.4256e-01
5 0 +7.173009388e+00 -7.738699061e+01 -7.738699061e+01 +8.3847e-01 +2.7137e-01 -1.5648e-02 -2.0110e-01 -1.3785e+00 -6.1984e-01 -3.6064e-01 +1.1571e+00 +4.4362e-01 -1.6630e+00
20 0 +4.607702868e+00 -7.995229713e+01 -7.995229713e+01 -3.4651e-01 +9.5640e-01 +3.1409e-01 -1.1457e+00 +2.7318e-01 +4.8532e-01 -7.8386e-01 +2.5373e-01 +1.5821e-01 -1.0430e+00
343 0 +4.285743770e+00 -8.027425623e+01 -8.027425623e+01 +6.5239e-01 +3.3088e-01 +8.4870e-01 -1.1360e+00 -1.1002e-01 +7.2574e-01 -5.7370e-01 +4.7445e-01 +1.1290e-01 -3.8139e-02
390 0 +4.078173294e+00 -8.048182671e+01 -8.048182671e+01 +4.5823e-01 -2.1595e-01 -5.3484e-01 -4.8324e-01 -7.8844e-01 +1.0809e+00 -9.6037e-01 +1.0957e+00 +1.9001e-01 -1.2441e+00
471 0 +3.434420961e+00 -8.112557904e+01 -8.112557904e+01 +6.6649e-01 +5.1791e-01 -4.4537e-01 -5.9179e-01 +1.5910e-01 +3.4084e-01 -8.9326e-01 +1.3238e+00 -4.7513e-02 -6.5620e-01
502 0 +3.378373119e+00 -8.118162688e+01 -8.118162688e+01 +5.0612e-01 +1.5353e+00 -3.8761e-01 +4.2549e-02 -5.1149e-01 +3.8566e-01 +2.0428e-01 -1.2964e-01 +1.1582e-01 -1.9365e-01
545 0 +2.629975530e+00 -8.193002447e+01 -8.193002447e+01 +3.1210e-01 +1.3326e+00 +1.7463e-02 -4.9080e-01 -4.4683e-01 +7.4951e-01 -3.4109e-01 +4.3778e-01 +5.2560e-01 -2.0020e-01
2239 0 +2.539019078e+00 -8.202098092e+01 -8.202098092e+01 +7.2516e-02 +1.2791e+00 -3.1101e-03 -2.9353e-01 -5.2126e-01 +4.6991e-01 -1.1108e-01 +1.4638e-01 +3.6419e-01 -1.1353e-01
2265 0 +1.901147452e+00 -8.265885255e+01 -8.265885255e+01 +1.4853e-01 +1.2304e+00 +6.7483e-04 -3.3469e-01 -4.9526e-01 +4.8190e-01 -9.9814e-02 +1.6988e-01 +4.0238e-01 -7.6898e-02
2328 0 +8.591438028e-01 -8.370085620e+01 -8.370085620e+01 +1.8370e-01 +1.2468e+00 -4.1246e-02 -3.2033e-01 -4.9659e-01 +5.1140e-01 -8.2453e-02 +1.5278e-01 +4.0879e-01 -2.5618e-03
% f evaluations | g evaluations | best noise-free fitness - Fopt (-2.602000000000e+01) + sum g_i+ | measured fitness | best measured fitness or single-digit g-values | x1 | x2...
1 0 +1.762691904e+01 -8.393080957e+00 -8.393080957e+00 +5.9671e-01 -3.8264e-02 +7.4769e-01 +1.6230e+00 -1.3415e-01 -1.3414e-01 +1.6792e+00 +8.6743e-01 -3.6947e-01 +6.4256e-01
2 0 +1.427058026e+01 -1.174941974e+01 -1.174941974e+01 -3.6342e-01 -3.6573e-01 +3.4196e-01 -1.8133e+00 -1.6249e+00 -4.6229e-01 -9.1283e-01 +4.1425e-01 -8.0802e-01 -1.3123e+00
3 0 +1.076598275e+01 -1.525401725e+01 -1.525401725e+01 +1.5656e+00 -1.2578e-01 +1.6753e-01 -1.3247e+00 -4.4438e-01 +2.1092e-01 -1.0510e+00 +4.7570e-01 -5.0064e-01 -1.9169e-01
4 0 +9.845669655e+00 -1.617433034e+01 -1.617433034e+01 -5.0171e-01 +1.9523e+00 +8.6503e-02 -9.5771e-01 +9.2254e-01 -1.1208e+00 +3.0886e-01 -1.8597e+00 -1.2282e+00 +2.9686e-01
8 0 +9.040269763e+00 -1.697973024e+01 -1.697973024e+01 +4.6140e-01 +1.6380e+00 +6.4174e-02 +1.6646e+00 -2.5197e+00 +9.2190e-01 +1.8705e-01 -1.9901e-01 +1.9176e-01 -1.8876e+00
10 0 +7.409255645e+00 -1.861074436e+01 -1.861074436e+01 +1.9708e-01 +1.0686e+00 -6.0205e-01 -2.2766e-01 -2.9211e-01 -1.3635e+00 +3.9612e-01 +3.6106e-01 +1.0511e-01 -1.3459e-01
20 0 +4.326081323e+00 -2.169391868e+01 -2.169391868e+01 -3.4651e-01 +9.5640e-01 +3.1409e-01 -1.1457e+00 +2.7318e-01 +4.8532e-01 -7.8386e-01 +2.5373e-01 +1.5821e-01 -1.0430e+00
81 0 +4.296072377e+00 -2.172392762e+01 -2.172392762e+01 +6.5776e-01 +2.0774e-01 +7.1953e-01 -1.6309e+00 +2.1281e-01 -4.9660e-01 -1.3829e+00 -6.4278e-01 -1.0382e-01 -2.8556e-01
156 0 +3.101284921e+00 -2.291871508e+01 -2.291871508e+01 +1.7395e+00 +1.0626e+00 +8.8696e-01 -5.2704e-01 +8.4758e-01 +2.5650e-01 -4.9444e-01 -3.9905e-01 +5.2173e-01 -7.2766e-02
682 0 +2.810251620e+00 -2.320974838e+01 -2.320974838e+01 +6.1588e-01 +2.2958e-02 -9.0964e-01 -3.8587e-01 +7.5942e-02 +1.3417e-02 +3.5564e-01 +1.1514e-01 +2.5035e-01 -4.4486e-02
1307 0 +4.348340623e-01 -2.558516594e+01 -2.558516594e+01 +8.7221e-01 +1.9674e-01 -5.5377e-01 -7.2569e-02 +1.8004e-01 -4.4739e-02 +8.7616e-02 +2.8103e-01 +2.4679e-01 -3.6020e-01
2141 0 +3.094670519e-01 -2.571053295e+01 -2.571053295e+01 +7.3061e-01 +3.6288e-01 -4.1007e-01 -1.0565e-01 +6.3860e-02 +2.0909e-01 +2.9288e-01 +1.7064e-01 +6.0741e-02 -1.7497e-01
% f evaluations | g evaluations | best noise-free fitness - Fopt (-3.015000000000e+01) + sum g_i+ | measured fitness | best measured fitness or single-digit g-values | x1 | x2...
1 0 +1.176248609e+01 -1.838751391e+01 -1.838751391e+01 +5.9671e-01 -3.8264e-02 +7.4769e-01 +1.6230e+00 -1.3415e-01 -1.3414e-01 +1.6792e+00 +8.6743e-01 -3.6947e-01 +6.4256e-01
5 0 +7.267715426e+00 -2.288228457e+01 -2.288228457e+01 +8.3847e-01 +2.7137e-01 -1.5648e-02 -2.0110e-01 -1.3785e+00 -6.1984e-01 -3.6064e-01 +1.1571e+00 +4.4362e-01 -1.6630e+00
10 0 +7.190548119e+00 -2.295945188e+01 -2.295945188e+01 +1.9708e-01 +1.0686e+00 -6.0205e-01 -2.2766e-01 -2.9211e-01 -1.3635e+00 +3.9612e-01 +3.6106e-01 +1.0511e-01 -1.3459e-01
31 0 +4.463835918e+00 -2.568616408e+01 -2.568616408e+01 -7.2900e-01 -4.6018e-01 +8.4729e-01 +7.1037e-01 +7.9098e-02 +2.1733e-01 +1.3777e+00 -4.9157e-01 +6.4710e-01 -1.0219e-01
126 0 +4.382117663e+00 -2.576788234e+01 -2.576788234e+01 +5.3022e-01 +6.5647e-01 -3.0235e-02 +5.2417e-01 +9.6635e-02 +1.2922e-02 +3.4528e-01 +6.9948e-02 +1.2254e+00 -6.8713e-01
227 0 +4.023963886e+00 -2.612603611e+01 -2.612603611e+01 -5.1600e-01 -1.9819e-01 -6.9769e-01 +9.0079e-01 +1.5807e+00 -8.5002e-02 +1.8557e-01 +8.1371e-01 +1.2872e+00 -2.2583e-01
558 0 +3.856850870e+00 -2.629314913e+01 -2.629314913e+01 -8.5460e-01 +8.9881e-02 -3.8639e-01 +6.0625e-01 +5.6171e-02 -1.1496e-01 +4.0159e-01 +5.8049e-01 +7.5669e-01 +4.2457e-01
848 0 +3.763954819e+00 -2.638604518e+01 -2.638604518e+01 -7.6518e-01 -5.8966e-02 -2.3210e-01 +5.5385e-01 -3.3612e-01 -4.8851e-01 +1.1857e-02 +3.8759e-01 +3.4739e-01 +4.9268e-01
1135 0 +3.604569447e+00 -2.654543055e+01 -2.654543055e+01 -1.5496e-01 -3.4973e-01 -5.6046e-01 +1.0381e+00 +3.2198e-01 -1.0157e+00 -3.9181e-01 -2.1350e-01 -3.4301e-02 +2.7913e-01
1352 0 +2.899821988e+00 -2.725017801e+01 -2.725017801e+01 -3.5167e-01 -2.0319e-01 -2.7208e-01 +7.1607e-01 -5.8390e-02 -9.4766e-01 -3.7799e-02 -8.3784e-02 -1.2140e-01 +3.2027e-01
1645 0 +1.817718960e+00 -2.833228104e+01 -2.833228104e+01 -1.5907e-01 -8.8779e-02 -2.7759e-01 +8.3798e-01 -1.8092e-01 -9.1873e-01 -1.9865e-01 -3.4163e-01 -5.8731e-02 +4.5448e-01
1943 0 +1.255833647e+00 -2.889416635e+01 -2.889416635e+01 -1.5445e-01 -7.2312e-02 -1.9315e-01 +7.5587e-01 -7.3152e-02 -8.1166e-01 -9.5080e-02 -3.4289e-01 -2.0927e-01 +1.4117e-01
% f evaluations | g evaluations | best noise-free fitness - Fopt (-1.000000000000e+03) + sum g_i+ | measured fitness | best measured fitness or single-digit g-values | x1 | x2...
1 0 +1.381683115e+01 -9.861831689e+02 -9.861831689e+02 +5.9671e-01 -3.8264e-02 +7.4769e-01 +1.6230e+00 -1.3415e-01 -1.3414e-01 +1.6792e+00 +8.6743e-01 -3.6947e-01 +6.4256e-01
2 0 +1.075263072e+01 -9.892473693e+02 -9.892473693e+02 -3.6342e-01 -3.6573e-01 +3.4196e-01 -1.8133e+00 -1.6249e+00 -4.6229e-01 -9.1283e-01 +4.1425e-01 -8.0802e-01 -1.3123e+00
3 0 +8.946101534e+00 -9.910538985e+02 -9.910538985e+02 +1.5656e+00 -1.2578e-01 +1.6753e-01 -1.3247e+00 -4.4438e-01 +2.1092e-01 -1.0510e+00 +4.7570e-01 -5.0064e-01 -1.9169e-01
9 0 +7.107744103e+00 -9.928922559e+02 -9.928922559e+02 -1.1967e-01 +4.5711e-01 +1.5779e+00 -4.1827e-01 -7.0849e-01 -4.0176e-01 +1.0154e+00 +4.2875e-01 -4.2976e-01 +6.1327e-01
12 0 +6.557212742e+00 -9.934427873e+02 -9.934427873e+02 -1.8188e+00 +7.3486e-02 +1.6023e-01 +2.5632e+00 -9.2361e-02 +4.0155e-01 +6.5288e-02 -1.0687e+00 +1.2428e+00 +8.5193e-01
53 0 +5.494616275e+00 -9.945053837e+02 -9.945053837e+02 +6.4137e-01 -2.6943e-01 +1.4445e+00 -7.4257e-01 +8.3944e-02 +2.0336e-01 +1.6149e+00 -7.1436e-01 -1.1249e+00 -1.0396e+00
89 0 +4.853704863e+00 -9.951462951e+02 -9.951462951e+02 -1.8204e-01 -6.5819e-01 +1.5263e-01 +6.5883e-01 +5.9602e-01 +5.9056e-01 -5.8720e-01 +6.1553e-01 -1.0330e-01 -1.0012e+00
136 0 +4.611698877e+00 -9.953883011e+02 -9.953883011e+02 +5.9061e-02 +1.0636e+00 +5.2746e-01 -3.7292e-01 -2.9682e-01 +3.0744e-01 +5.9594e-01 -1.0909e+00 +1.2509e+00 -6.5285e-03
339 0 +4.222193437e+00 -9.957778066e+02 -9.957778066e+02 +1.7034e-01 +1.0756e-01 +1.7210e-01 -3.2068e-01 +2.1399e-01 -8.4116e-01 -2.1183e-02 +5.1057e-02 -5.9462e-01 +1.2049e-01
552 0 +3.364814730e+00 -9.966351853e+02 -9.966351853e+02 +4.5188e-01 -4.0106e-01 +3.2719e-01 +3.2809e-01 -1.2191e-02 -3.2655e-01 -7.6693e-01 +3.0521e-01 +1.4898e+00 -3.7705e-01
1010 0 +3.134416103e+00 -9.968655839e+02 -9.968655839e+02 +6.9119e-02 -3.5025e-01 -1.3747e-01 +4.2999e-02 +9.9824e-02 -2.4782e-01 -5.0771e-01 -4.1628e-01 +9.5792e-02 -5.6343e-01
1201 0 +1.415435164e+00 -9.985845648e+02 -9.985845648e+02 +4.9306e-01 -4.7162e-01 +8.2156e-02 -3.9803e-01 +3.4200e-01 +5.9147e-02 -1.8098e-01 -5.4734e-01 +1.8625e-01 +3.1300e-02
2474 0 +8.602883855e-01 -9.991397116e+02 -9.991397116e+02 +4.3498e-01 -3.9220e-01 -1.0683e-01 -3.6946e-01 +5.4150e-01 +2.1966e-02 -3.2295e-01 -5.0844e-01 +3.7339e-01 -1.3593e-01
