% f evaluations | g evaluations | best noise-free fitness - Fopt (-1.000000000000e+03) + sum g_i+ | measured fitness | best measured fitness or single-digit g-values | x1 | x2...
1 0 +2.230668134e+01 -9.776933187e+02 -9.776933187e+02 +5.9671e-01 -3.8264e-02 +7.4769e-01 +1.6230e+00 -1.3415e-01
9 0 +2.156985621e+01 -9.784301438e+02 -9.784301438e+02 +8.3847e-01 +2.7137e-01 -1.5648e-02 -2.0110e-01 -1.3785e+00
14 0 +2.196735054e+00 -9.978032649e+02 -9.978032649e+02 +1.4562e+00 +2.7990e-02 +1.1035e+00 +4.6164e-01 -5.4512e-01
56 0 +2.088104914e+00 -9.979118951e+02 -9.979118951e+02 +1.4957e+00 -2.6895e-01 +1.2666e+00 +4.6192e-01 -4.1931e-01
78 0 +5.025597583e-01 -9.994974402e+02 -9.994974402e+02 +1.7308e+00 +1.1263e+00 +1.8509e+00 +2.1841e+00 -2.1645e-01
107 0 +4.860478389e-01 -9.995139522e+02 -9.995139522e+02 +2.2247e+00 +1.0930e+00 +1.7674e+00 +2.1400e+00 +1.0418e-01
208 0 +2.087292138e-01 -9.997912708e+02 -9.997912708e+02 +2.3265e+00 +8.9509e-01 +1.5456e+00 +1.4779e+00 -3.0970e-01
334 0 +1.725480691e-01 -9.998274519e+02 -9.998274519e+02 +1.8921e+00 +4.1278e-01 +1.9167e+00 +6.0505e-01 -6.5864e-01
371 0 +4.743056896e-02 -9.999525694e+02 -9.999525694e+02 +1.7089e+00 +4.5502e-01 +2.0838e+00 +4.0414e-01 -1.0369e+00
405 0 +1.515156377e-02 -9.999848484e+02 -9.999848484e+02 +1.5038e+00 +9.2402e-01 +2.5603e+00 +9.6292e-01 -1.1102e+00
412 0 +1.385890223e-02 -9.999861411e+02 -9.999861411e+02 +1.7424e+00 +6.8102e-01 +2.1856e+00 +5.5107e-01 -9.7227e-01
429 0 +3.651719419e-03 -9.999963483e+02 -9.999963483e+02 +1.2872e+00 +4.0253e-01 +2.3417e+00 -4.6885e-01 -1.6966e+00
512 0 +1.929186605e-03 -9.999980708e+02 -9.999980708e+02 +1.6371e+00 +8.8707e-01 +2.4795e+00 +6.1337e-01 -1.2086e+00
581 0 +9.053913860e-04 -9.999990946e+02 -9.999990946e+02 +1.3767e+00 +8.0415e-01 +2.7537e+00 -1.9458e-01 -1.7978e+00
585 0 +8.625042694e-04 -9.999991375e+02 -9.999991375e+02 +1.4399e+00 +8.0314e-01 +2.6878e+00 -2.4343e-01 -1.7436e+00
632 0 +6.338137435e-04 -9.999993662e+02 -9.999993662e+02 +1.5806e+00 +8.2320e-01 +2.4613e+00 +4.5857e-01 -1.2560e+00
643 0 +2.333961269e-04 -9.999997666e+02 -9.999997666e+02 +1.5077e+00 +7.0523e-01 +2.5193e+00 +5.4615e-02 -1.4793e+00
703 0 +1.523810670e-04 -9.999998476e+02 -9.999998476e+02 +1.3337e+00 +6.2009e-01 +2.6039e+00 -2.2196e-01 -1.6821e+00
709 0 +1.011389577e-05 -9.999999899e+02 -9.999999899e+02 +1.3703e+00 +7.0360e-01 +2.6211e+00 -2.4804e-01 -1.7318e+00
830 0 +8.886855767e-06 -9.999999911e+02 -9.999999911e+02 +1.3945e+00 +6.6712e-01 +2.5630e+00 -1.8239e-01 -1.6585e+00
878 0 +5.393180686e-06 -9.999999946e+02 -9.999999946e+02 +1.3942e+00 +6.8705e-01 +2.5619e+00 -1.0232e-01 -1.6123e+00
888 0 +4.086728723e-06 -9.999999959e+02 -9.999999959e+02 +1.4089e+00 +7.1603e-01 +2.5862e+00 -5.2752e-02 -1.5994e+00
905 0 +1.687035251e-06 -9.999999983e+02 -9.999999983e+02 +1.4006e+00 +7.2502e-01 +2.6030e+00 -9.6599e-02 -1.6314e+00
964 0 +1.597157961e-06 -9.999999984e+02 -9.999999984e+02 +1.3686e+00 +7.3938e-01 +2.6473e+00 -8.5195e-02 -1.6644e+00
984 0 +2.715826213e-07 -9.999999997e+02 -9.999999997e+02 +1.3516e+00 +7.2569e-01 +2.6320e+00 -9.0895e-02 -1.6645e+00
1020 0 +4.074570370e-08 -1.000000000e+03 -1.000000000e+03 +1.3581e+00 +7.2768e-01 +2.6356e+00 -1.0954e-01 -1.6725e+00
1140 0 +2.569038315e-08 -1.000000000e+03 -1.000000000e+03 +1.3520e+00 +7.2654e-01 +2.6356e+00 -1.1433e-01 -1.6732e+00
