% f evaluations | g evaluations | best noise-free fitness - Fopt (-1.694000000000e+01) + sum g_i+ | measured fitness | best measured fitness or single-digit g-values | x1 | x2...
1 0 +1.324093633e+01 -3.699063674e+00 -3.699063674e+00 +5.9671e-01 -3.8264e-02 +7.4769e-01 +1.6230e+00 -1.3415e-01
5 0 +1.237830438e+01 -4.561695617e+00 -4.561695617e+00 +1.5656e+00 -1.2578e-01 +1.6753e-01 -1.3247e+00 -4.4438e-01
12 0 +1.195851158e+01 -4.981488421e+00 -4.981488421e+00 +1.0313e+00 -7.3922e-01 -2.0921e-01 +4.3126e-01 +1.0755e+00
14 0 +1.086104601e+01 -6.078953987e+00 -6.078953987e+00 +1.4562e+00 +2.7990e-02 +1.1035e+00 +4.6164e-01 -5.4512e-01
25 0 +6.718572502e+00 -1.022142750e+01 -1.022142750e+01 +8.9103e-01 -8.0939e-01 +1.5028e+00 -1.3019e+00 +6.8686e-01
68 0 +6.145718821e+00 -1.079428118e+01 -1.079428118e+01 +2.8657e+00 +5.2138e-01 +8.4929e-01 -2.7590e-01 -1.0091e+00
74 0 +5.617613128e+00 -1.132238687e+01 -1.132238687e+01 +2.5037e+00 +1.6318e+00 +1.9443e-01 -5.3582e-01 -4.8600e-02
81 0 +3.294242821e+00 -1.364575718e+01 -1.364575718e+01 +3.6273e+00 +1.7620e+00 -5.5015e-01 +2.4369e-01 -5.9882e-02
121 0 +3.079404580e+00 -1.386059542e+01 -1.386059542e+01 +3.4795e+00 +3.1350e+00 -1.1839e+00 +2.9963e+00 +1.4222e+00
145 0 +2.998714899e+00 -1.394128510e+01 -1.394128510e+01 +2.3581e+00 +1.8497e+00 -2.8500e+00 +1.7152e+00 +2.1681e+00
197 0 +2.735416869e+00 -1.420458313e+01 -1.420458313e+01 +4.5981e+00 +2.2078e+00 -1.2999e+00 +9.2156e-01 +2.2688e+00
232 0 +1.669983980e+00 -1.527001602e+01 -1.527001602e+01 +3.0415e+00 +1.9003e+00 -1.0580e+00 +6.3215e-01 +1.2108e+00
361 0 +1.538335244e+00 -1.540166476e+01 -1.540166476e+01 +4.4537e+00 +2.9875e+00 -6.3540e-01 +1.3998e+00 +1.0620e+00
367 0 +1.232718899e+00 -1.570728110e+01 -1.570728110e+01 +4.1245e+00 +2.9808e+00 -1.1935e+00 +1.9928e+00 +1.4777e+00
432 0 +1.114352226e+00 -1.582564777e+01 -1.582564777e+01 +3.3151e+00 +2.0102e+00 -2.0192e+00 +1.8508e+00 +1.1355e+00
436 0 +9.590745491e-01 -1.598092545e+01 -1.598092545e+01 +4.0598e+00 +2.6171e+00 -1.7402e+00 +1.1699e+00 +1.6095e+00
446 0 +8.733506241e-01 -1.606664938e+01 -1.606664938e+01 +3.5751e+00 +2.1758e+00 -1.7559e+00 +1.4939e+00 +1.3094e+00
449 0 +8.416295789e-01 -1.609837042e+01 -1.609837042e+01 +3.2583e+00 +2.4444e+00 -1.7974e+00 +1.3043e+00 +1.6730e+00
464 0 +8.013544442e-01 -1.613864556e+01 -1.613864556e+01 +3.7018e+00 +2.4042e+00 -1.5600e+00 +1.1388e+00 +1.2358e+00
517 0 +7.383424102e-01 -1.620165759e+01 -1.620165759e+01 +3.5863e+00 +2.7489e+00 -1.8328e+00 +1.3533e+00 +1.7873e+00
576 0 +5.008404073e-01 -1.643915959e+01 -1.643915959e+01 +3.6211e+00 +2.7390e+00 -1.5579e+00 +1.2764e+00 +1.5429e+00
585 0 +4.270986825e-01 -1.651290132e+01 -1.651290132e+01 +3.7732e+00 +2.6841e+00 -1.3296e+00 +1.2018e+00 +1.3513e+00
651 0 +2.005871232e-01 -1.673941288e+01 -1.673941288e+01 +3.7955e+00 +2.7214e+00 -1.4909e+00 +1.5010e+00 +1.4149e+00
762 0 +1.605981516e-01 -1.677940185e+01 -1.677940185e+01 +3.7512e+00 +2.7181e+00 -1.4923e+00 +1.4377e+00 +1.4730e+00
818 0 +1.262516255e-01 -1.681374837e+01 -1.681374837e+01 +3.6655e+00 +2.5539e+00 -1.5808e+00 +1.5054e+00 +1.3406e+00
837 0 +1.007063192e-01 -1.683929368e+01 -1.683929368e+01 +3.7442e+00 +2.6606e+00 -1.4710e+00 +1.3712e+00 +1.4255e+00
845 0 +6.489685689e-02 -1.687510314e+01 -1.687510314e+01 +3.6613e+00 +2.5715e+00 -1.5305e+00 +1.5029e+00 +1.4238e+00
940 0 +5.894906498e-02 -1.688105094e+01 -1.688105094e+01 +3.6296e+00 +2.5491e+00 -1.5458e+00 +1.4720e+00 +1.3810e+00
982 0 +4.558913627e-02 -1.689441086e+01 -1.689441086e+01 +3.6299e+00 +2.5534e+00 -1.5516e+00 +1.4914e+00 +1.3938e+00
1071 0 +3.821458349e-02 -1.690178542e+01 -1.690178542e+01 +3.6134e+00 +2.5824e+00 -1.5308e+00 +1.4549e+00 +1.3982e+00
1084 0 +3.160599030e-02 -1.690839401e+01 -1.690839401e+01 +3.5924e+00 +2.5343e+00 -1.5597e+00 +1.4907e+00 +1.3867e+00
1085 0 +2.829824477e-02 -1.691170176e+01 -1.691170176e+01 +3.6361e+00 +2.5428e+00 -1.5439e+00 +1.4928e+00 +1.3925e+00
1100 0 +2.343950184e-02 -1.691656050e+01 -1.691656050e+01 +3.6513e+00 +2.5567e+00 -1.5245e+00 +1.4818e+00 +1.4152e+00
1158 0 +1.431752840e-02 -1.692568247e+01 -1.692568247e+01 +3.6304e+00 +2.5357e+00 -1.5455e+00 +1.4856e+00 +1.3904e+00
