% f evaluations | g evaluations | best noise-free fitness - Fopt (1.000000000000e+03) + sum g_i+ | measured fitness | best measured fitness or single-digit g-values | x1 | x2...
1 0 +2.516949332e+02 +1.251694933e+03 +1.251694933e+03 +5.9671e-01 -3.8264e-02 +7.4769e-01 +1.6230e+00 -1.3415e-01
23 0 +2.356011973e+02 +1.235601197e+03 +1.235601197e+03 -1.8188e+00 +7.3486e-02 +1.6023e-01 +2.5632e+00 -9.2361e-02
26 0 +1.326318719e+02 +1.132631872e+03 +1.132631872e+03 -3.1665e-02 +1.6078e-01 +1.3733e+00 +3.3663e+00 +1.2680e+00
29 0 +1.119007440e+02 +1.111900744e+03 +1.111900744e+03 -1.2223e+00 +2.1112e+00 +1.4999e+00 +2.3705e+00 +4.8742e-01
51 0 +1.002794666e+02 +1.100279467e+03 +1.100279467e+03 -3.4674e+00 +7.8963e-02 +3.1873e+00 +3.3813e+00 +1.4981e+00
54 0 +9.180941546e+01 +1.091809415e+03 +1.091809415e+03 -2.6079e+00 +2.1314e-01 +4.4697e+00 +3.7690e+00 +1.7073e+00
59 0 +8.361125236e+01 +1.083611252e+03 +1.083611252e+03 -1.5482e+00 +1.5546e+00 +1.2897e+00 +4.3019e+00 +1.4006e+00
75 0 +5.018169569e+01 +1.050181696e+03 +1.050181696e+03 -1.7260e+00 +2.8488e+00 +3.0024e+00 +3.2329e+00 +5.1677e-01
153 0 +4.139190804e+01 +1.041391908e+03 +1.041391908e+03 -1.3017e+00 +2.5970e+00 +3.7321e+00 +3.6591e+00 +2.5746e+00
199 0 +3.965674966e+01 +1.039656750e+03 +1.039656750e+03 -2.9829e+00 +2.3827e+00 +3.6919e+00 +4.5217e+00 +1.9783e+00
240 0 +2.792069690e+01 +1.027920697e+03 +1.027920697e+03 -1.7042e+00 +2.8068e+00 +3.2305e+00 +3.1947e+00 +2.5863e+00
273 0 +2.782498808e+01 +1.027824988e+03 +1.027824988e+03 -1.0490e+00 +3.9038e+00 +2.8760e+00 +4.2435e+00 +2.6297e+00
274 0 +2.559059980e+01 +1.025590600e+03 +1.025590600e+03 -1.4736e+00 +2.3680e+00 +4.5132e+00 +3.4715e+00 +3.4746e+00
356 0 +2.382993504e+01 +1.023829935e+03 +1.023829935e+03 -2.4163e+00 +2.5589e+00 +3.3023e+00 +3.6889e+00 +2.0362e+00
447 0 +2.174889256e+01 +1.021748893e+03 +1.021748893e+03 -4.0384e+00 +1.6398e+00 +3.9162e+00 +4.1670e+00 +3.3575e+00
468 0 +2.105255537e+01 +1.021052555e+03 +1.021052555e+03 -1.9059e+00 +1.9458e+00 +4.4443e+00 +4.1153e+00 +3.1480e+00
665 0 +1.758969776e+01 +1.017589698e+03 +1.017589698e+03 -1.8345e+00 +2.8438e+00 +3.4521e+00 +4.2845e+00 +3.0454e+00
787 0 +1.353607618e+01 +1.013536076e+03 +1.013536076e+03 -1.5712e+00 +3.1693e+00 +3.6067e+00 +4.2403e+00 +2.6896e+00
893 0 +1.291150111e+01 +1.012911501e+03 +1.012911501e+03 -2.0299e+00 +4.0868e+00 +3.4250e+00 +4.1166e+00 +2.6309e+00
1030 0 +1.054613489e+01 +1.010546135e+03 +1.010546135e+03 -2.7199e+00 +3.4045e+00 +3.7098e+00 +3.6089e+00 +2.5243e+00
1069 0 +9.780129248e+00 +1.009780129e+03 +1.009780129e+03 -2.6011e+00 +3.4885e+00 +3.5917e+00 +3.6587e+00 +2.4186e+00
1127 0 +7.712938537e+00 +1.007712939e+03 +1.007712939e+03 -2.7084e+00 +3.3665e+00 +3.8022e+00 +3.6345e+00 +2.4489e+00
1158 0 +7.161405284e+00 +1.007161405e+03 +1.007161405e+03 -2.6851e+00 +3.3954e+00 +3.6049e+00 +3.6432e+00 +2.4866e+00
1199 0 +7.082707992e+00 +1.007082708e+03 +1.007082708e+03 -2.8245e+00 +3.4023e+00 +3.7288e+00 +3.5429e+00 +2.4660e+00
1204 0 +5.886609855e+00 +1.005886610e+03 +1.005886610e+03 -2.6585e+00 +3.3615e+00 +3.6787e+00 +3.6066e+00 +2.4201e+00
1208 0 +5.459884939e+00 +1.005459885e+03 +1.005459885e+03 -2.7403e+00 +3.4980e+00 +3.6799e+00 +3.5891e+00 +2.4109e+00
1211 0 +4.755145282e+00 +1.004755145e+03 +1.004755145e+03 -2.7908e+00 +3.4118e+00 +3.7046e+00 +3.5700e+00 +2.4741e+00
1227 0 +2.345856457e+00 +1.002345856e+03 +1.002345856e+03 -2.7473e+00 +3.3557e+00 +3.7116e+00 +3.6437e+00 +2.4472e+00
