% f evaluations | g evaluations | best noise-free fitness - Fopt (-6.211100000000e+02) + sum g_i+ | measured fitness | best measured fitness or single-digit g-values | x1 | x2...
1 0 +6.295856703e+07 +6.295794592e+07 +6.295794592e+07 +5.9671e-01 -3.8264e-02 +7.4769e-01 +1.6230e+00 -1.3415e-01
2 0 +2.089017495e+07 +2.088955384e+07 +2.088955384e+07 -1.3414e-01 +1.6792e+00 +8.6743e-01 -3.6947e-01 +6.4256e-01
7 0 +1.510354235e+07 +1.510292124e+07 +1.510292124e+07 -5.0171e-01 +1.9523e+00 +8.6503e-02 -9.5771e-01 +9.2254e-01
26 0 +1.677383580e+06 +1.676762470e+06 +1.676762470e+06 -6.2436e-01 +2.9069e+00 -6.8955e-01 -3.3083e+00 -8.0028e-01
212 0 +1.338970011e+06 +1.338348901e+06 +1.338348901e+06 -1.3978e+00 +4.1514e+00 -1.6065e+00 -4.1003e+00 -4.3906e-01
250 0 +5.434842209e+05 +5.428631109e+05 +5.428631109e+05 -5.6451e-01 +3.7276e+00 -7.1372e-02 -4.2708e+00 -8.6784e-01
265 0 +3.609976737e+05 +3.603765637e+05 +3.603765637e+05 -9.1108e-01 +4.2000e+00 -2.3926e+00 -3.2329e+00 -2.3893e+00
271 0 +6.220662708e+04 +6.158551708e+04 +6.158551708e+04 -1.1758e+00 +4.1941e+00 -2.6663e-01 -3.4689e+00 -9.0478e-01
378 0 +3.793829254e+04 +3.731718254e+04 +3.731718254e+04 -1.0991e+00 +4.2255e+00 -1.2070e+00 -3.5502e+00 -1.0399e+00
380 0 +3.238346570e+04 +3.176235570e+04 +3.176235570e+04 -8.7416e-01 +4.1875e+00 -1.1621e+00 -3.4514e+00 -1.2246e+00
431 0 +2.203405040e+04 +2.141294040e+04 +2.141294040e+04 -1.1103e+00 +4.1815e+00 -8.5902e-01 -3.6043e+00 -1.0784e+00
432 0 +1.275354405e+04 +1.213243405e+04 +1.213243405e+04 -1.1573e+00 +4.5369e+00 -2.2775e+00 -3.0888e+00 -1.9093e+00
469 0 +1.015964147e+04 +9.538531467e+03 +9.538531467e+03 -1.1052e+00 +4.3212e+00 -1.6379e+00 -3.2172e+00 -1.5873e+00
502 0 +5.176613338e+03 +4.555503338e+03 +4.555503338e+03 -9.0038e-01 +4.0380e+00 -2.7119e-01 -3.6288e+00 -7.2401e-01
506 0 +3.409012651e+03 +2.787902651e+03 +2.787902651e+03 -9.9493e-01 +4.1920e+00 -6.1185e-01 -3.5265e+00 -9.2880e-01
596 0 +9.027967422e+02 +2.816867422e+02 +2.816867422e+02 -9.6144e-01 +4.0392e+00 -1.0812e-01 -3.7040e+00 -6.3802e-01
712 0 +3.048362901e+02 -3.162737099e+02 -3.162737099e+02 -9.9288e-01 +4.1174e+00 -5.2832e-01 -3.6052e+00 -8.3403e-01
745 0 +7.796864685e+01 -5.431413532e+02 -5.431413532e+02 -1.0029e+00 +4.1607e+00 -6.4156e-01 -3.5537e+00 -8.9947e-01
816 0 +3.132440891e+01 -5.897855911e+02 -5.897855911e+02 -9.8826e-01 +4.1345e+00 -5.2142e-01 -3.5958e+00 -8.3712e-01
1083 0 +3.030507856e+01 -5.908049214e+02 -5.908049214e+02 -1.1494e+00 +4.4180e+00 -2.1338e+00 -3.1302e+00 -1.7227e+00
1164 0 +2.776785175e+01 -5.933421483e+02 -5.933421483e+02 -1.0821e+00 +4.2745e+00 -1.2871e+00 -3.3681e+00 -1.2515e+00
