% f evaluations | g evaluations | best noise-free fitness - Fopt (-6.211100000000e+02) + sum g_i+ | measured fitness | best measured fitness or single-digit g-values | x1 | x2...
1 0 +6.295856703e+07 +6.295794592e+07 +6.295794592e+07 +5.9671e-01 -3.8264e-02 +7.4769e-01 +1.6230e+00 -1.3415e-01
2 0 +2.089017495e+07 +2.088955384e+07 +2.088955384e+07 -1.3414e-01 +1.6792e+00 +8.6743e-01 -3.6947e-01 +6.4256e-01
7 0 +1.510354235e+07 +1.510292124e+07 +1.510292124e+07 -5.0171e-01 +1.9523e+00 +8.6503e-02 -9.5771e-01 +9.2254e-01
26 0 +1.385126896e+07 +1.385064785e+07 +1.385064785e+07 -1.9398e-01 +1.1594e+00 -2.4279e-01 -1.5274e+00 -1.2494e-01
28 0 +1.191860348e+07 +1.191798237e+07 +1.191798237e+07 +1.7397e-01 +2.3741e+00 -4.1397e-01 -1.1020e+00 +3.5930e-01
36 0 +9.588204389e+06 +9.587583279e+06 +9.587583279e+06 -1.2098e+00 +2.3900e+00 -2.3641e+00 -1.3170e+00 -2.3110e-01
46 0 +8.159365633e+06 +8.158744523e+06 +8.158744523e+06 -8.1732e-01 +1.8458e+00 -1.2764e+00 -2.3944e+00 +1.5796e-01
49 0 +7.462255968e+06 +7.461634858e+06 +7.461634858e+06 -8.1876e-01 +1.7956e+00 +7.2107e-02 -2.2056e+00 -9.2951e-01
59 0 +7.428823053e+06 +7.428201943e+06 +7.428201943e+06 +9.0898e-02 +2.3678e+00 -1.7222e+00 -2.1422e+00 -2.9862e-01
62 0 +3.894228354e+06 +3.893607244e+06 +3.893607244e+06 -1.0653e+00 +2.5338e+00 -1.6503e+00 -2.4480e+00 -1.9010e+00
99 0 +3.413724495e+06 +3.413103385e+06 +3.413103385e+06 +1.7387e-01 +3.4031e+00 -2.5440e+00 -2.4694e+00 -1.2758e+00
106 0 +2.757329774e+06 +2.756708664e+06 +2.756708664e+06 -9.5743e-01 +3.7661e+00 -1.2459e+00 -3.1666e+00 +5.5788e-01
126 0 +6.059855831e+05 +6.053644731e+05 +6.053644731e+05 -8.8382e-01 +4.5656e+00 -2.0659e+00 -2.4289e+00 -2.2092e+00
163 0 +3.913906662e+05 +3.907695562e+05 +3.907695562e+05 -1.0608e+00 +4.8534e+00 -3.6969e+00 -2.1042e+00 -2.5689e+00
258 0 +3.872857080e+05 +3.866645980e+05 +3.866645980e+05 -3.9641e-01 +3.6602e+00 +5.8873e-01 -4.0604e+00 +1.7774e-01
270 0 +2.020909774e+05 +2.014698674e+05 +2.014698674e+05 -1.3517e+00 +4.1741e+00 -1.3152e+00 -3.6514e+00 -9.9509e-01
310 0 +1.155416689e+05 +1.149205589e+05 +1.149205589e+05 -8.9981e-01 +4.5566e+00 -3.0437e+00 -2.8699e+00 -2.0758e+00
338 0 +4.430127941e+04 +4.368016941e+04 +4.368016941e+04 -1.1888e+00 +4.5968e+00 -2.4491e+00 -3.0944e+00 -1.7314e+00
408 0 +2.725331734e+04 +2.663220734e+04 +2.663220734e+04 -1.0566e+00 +3.9346e+00 +1.5581e-01 -3.7830e+00 -3.8473e-01
440 0 +2.612290917e+04 +2.550179917e+04 +2.550179917e+04 -1.0900e+00 +4.2145e+00 -1.6828e+00 -3.1767e+00 -1.5668e+00
453 0 +1.515592701e+04 +1.453481701e+04 +1.453481701e+04 -8.9021e-01 +4.0932e+00 -3.7740e-01 -3.5919e+00 -6.6457e-01
462 0 +4.746872438e+03 +4.125762438e+03 +4.125762438e+03 -1.1122e+00 +4.3434e+00 -1.8014e+00 -3.2831e+00 -1.4726e+00
505 0 +3.318345815e+03 +2.697235815e+03 +2.697235815e+03 -1.0629e+00 +4.1973e+00 -9.4516e-01 -3.4053e+00 -1.1049e+00
544 0 +3.251478434e+03 +2.630368434e+03 +2.630368434e+03 -8.9082e-01 +3.9934e+00 +2.7363e-01 -3.7701e+00 -4.0105e-01
569 0 +2.924538336e+03 +2.303428336e+03 +2.303428336e+03 -1.0060e+00 +4.1197e+00 -6.3815e-01 -3.5997e+00 -9.1924e-01
608 0 +1.269912851e+03 +6.488028509e+02 +6.488028509e+02 -9.1843e-01 +4.0266e+00 +7.3870e-02 -3.7421e+00 -5.0224e-01
653 0 +1.230112864e+03 +6.090028643e+02 +6.090028643e+02 -8.8823e-01 +3.9780e+00 +3.8496e-01 -3.8699e+00 -3.2964e-01
680 0 +3.496470600e+02 -2.714629400e+02 -2.714629400e+02 -8.3476e-01 +3.8219e+00 +1.1757e+00 -4.1253e+00 +5.8197e-02
754 0 +2.557732172e+02 -3.653367828e+02 -3.653367828e+02 -8.6613e-01 +3.9211e+00 +5.1849e-01 -3.9185e+00 -2.6812e-01
804 0 +1.230396697e+01 -6.088060330e+02 -6.088060330e+02 -9.4719e-01 +4.0696e+00 -2.2763e-01 -3.6824e+00 -6.8132e-01
962 0 +4.017765374e+00 -6.170922346e+02 -6.170922346e+02 -9.3339e-01 +4.0486e+00 -1.2260e-01 -3.7127e+00 -6.2408e-01
1101 0 +3.156568894e+00 -6.179534311e+02 -6.179534311e+02 -9.4461e-01 +4.0643e+00 -1.8938e-01 -3.6940e+00 -6.5945e-01
1161 0 +2.757962907e+00 -6.183520371e+02 -6.183520371e+02 -9.4377e-01 +4.0615e+00 -1.7803e-01 -3.6969e+00 -6.5211e-01
1201 0 +1.966946804e+00 -6.191430532e+02 -6.191430532e+02 -9.3169e-01 +4.0459e+00 -1.0128e-01 -3.7187e+00 -6.1152e-01
1236 0 +1.645553349e+00 -6.194644467e+02 -6.194644467e+02 -9.3181e-01 +4.0480e+00 -1.0588e-01 -3.7191e+00 -6.1414e-01
1238 0 +1.385789158e+00 -6.197242108e+02 -6.197242108e+02 -9.3559e-01 +4.0540e+00 -1.4259e-01 -3.7071e+00 -6.3387e-01
