% f evaluations | g evaluations | best noise-free fitness - Fopt (-4.620900000000e+02) + sum g_i+ | measured fitness | best measured fitness or single-digit g-values | x1 | x2...
1 0 +1.889976894e+02 -2.730923106e+02 -2.730923106e+02 +5.9671e-01 -3.8264e-02 +7.4769e-01 +1.6230e+00 -1.3415e-01 -1.3414e-01 +1.6792e+00 +8.6743e-01 -3.6947e-01 +6.4256e-01
7 0 +1.825631784e+02 -2.795268216e+02 -2.795268216e+02 -3.7917e-01 -8.5659e-02 -1.0063e+00 -1.0962e+00 +9.1253e-01 +1.4562e+00 +2.7990e-02 +1.1035e+00 +4.6164e-01 -5.4512e-01
62 0 +1.766278842e+02 -2.854621158e+02 -2.854621158e+02 -1.2928e+00 -1.9444e-01 -1.4119e-01 -1.3729e+00 +3.6930e+00 -4.9023e-01 +2.4051e+00 +1.1305e+00 +2.8655e-01 -4.5196e-02
73 0 +1.695136229e+02 -2.925763771e+02 -2.925763771e+02 -4.9339e-01 -9.7274e-01 -8.8116e-01 -4.3618e-01 +9.2448e-01 +6.8635e-01 +2.1424e+00 +2.5617e-01 +2.1466e+00 +8.1701e-01
82 0 +1.257363022e+02 -3.363536978e+02 -3.363536978e+02 +1.7308e+00 +6.2237e-01 +1.5166e+00 -1.9343e+00 -8.9325e-03 +1.6943e+00 +1.9618e+00 +5.0675e-01 +2.5311e+00 -2.0035e-01
118 0 +8.957534063e+01 -3.725146594e+02 -3.725146594e+02 -2.1209e-01 +3.5230e-01 -8.5254e-01 +3.4920e-02 +1.5014e+00 +7.0876e-01 +3.7455e+00 +1.4187e+00 +2.1712e+00 +3.8671e-02
487 0 +8.864601024e+01 -3.734439898e+02 -3.734439898e+02 -2.4282e+00 +6.7382e-01 -5.0866e-01 +4.6976e-02 +3.0593e+00 +1.2353e+00 +2.5700e+00 +2.9202e+00 +2.7043e+00 -6.3063e-01
527 0 +8.795435193e+01 -3.741356481e+02 -3.741356481e+02 -3.2113e-01 +1.6184e-01 +2.1397e+00 -2.0689e+00 +4.0509e+00 +2.7795e+00 +2.9052e+00 +2.2206e+00 +1.3996e+00 -2.4306e-01
572 0 +8.510517678e+01 -3.769848232e+02 -3.769848232e+02 -1.2507e+00 +1.5147e+00 +6.3225e-01 -7.4830e-01 +2.3895e+00 +2.3520e+00 +1.6036e+00 +2.6289e+00 +1.9060e+00 +6.6600e-01
607 0 +5.949011619e+01 -4.025998838e+02 -4.025998838e+02 -3.1763e+00 +2.8809e+00 +2.3110e+00 +1.4856e+00 +2.0936e+00 +1.4924e+00 +2.0942e+00 +2.5622e+00 +2.5424e+00 +4.2759e-01
881 0 +5.918937799e+01 -4.029006220e+02 -4.029006220e+02 -2.3237e+00 +3.2262e+00 +2.5169e+00 +1.3333e+00 +1.6986e+00 +1.6316e+00 +2.3431e+00 +2.2798e+00 +1.8693e+00 +6.6456e-01
933 0 +5.809303230e+01 -4.039969677e+02 -4.039969677e+02 -2.4444e+00 +2.4375e+00 +2.7204e+00 +1.2840e+00 +1.5653e+00 +1.6709e+00 +2.5044e+00 +2.6408e+00 +1.9982e+00 +9.5671e-02
1042 0 +4.996972586e+01 -4.121202741e+02 -4.121202741e+02 -3.2855e+00 +2.3178e+00 +2.6822e+00 +1.6164e+00 +1.5838e+00 +1.6176e+00 +2.5048e+00 +3.0651e+00 +1.7520e+00 +5.1350e-01
1120 0 +4.509378677e+01 -4.169962132e+02 -4.169962132e+02 -2.0286e+00 +1.3874e+00 +3.6081e+00 +1.2373e+00 +2.3513e+00 +1.7245e+00 +2.5615e+00 +2.6289e+00 +1.7998e+00 +4.8573e-01
1711 0 +4.403161251e+01 -4.180583875e+02 -4.180583875e+02 -2.4309e+00 +2.1597e+00 +2.9736e+00 +1.4093e+00 +2.4973e+00 +1.6850e+00 +1.9591e+00 +2.2501e+00 +1.4421e+00 +1.2613e-01
1724 0 +4.328537985e+01 -4.188046201e+02 -4.188046201e+02 -2.4303e+00 +2.6288e+00 +3.0014e+00 +7.0350e-01 +2.3970e+00 +2.1777e+00 +2.6200e+00 +2.5992e+00 +1.6940e+00 +3.9808e-01
1834 0 +4.237456557e+01 -4.197154344e+02 -4.197154344e+02 -2.4080e+00 +2.5125e+00 +2.2097e+00 +1.2584e+00 +2.1659e+00 +2.1144e+00 +1.9780e+00 +2.6084e+00 +1.4664e+00 +1.2224e-01
1862 0 +4.007285801e+01 -4.220171420e+02 -4.220171420e+02 -2.2181e+00 +2.1992e+00 +2.4585e+00 +8.2741e-01 +2.3160e+00 +2.0641e+00 +2.1925e+00 +2.6143e+00 +1.7802e+00 +6.9960e-02
1883 0 +3.433771319e+01 -4.277522868e+02 -4.277522868e+02 -2.8013e+00 +2.3958e+00 +2.9264e+00 +1.4674e+00 +1.6349e+00 +1.6830e+00 +2.0941e+00 +2.6333e+00 +1.8450e+00 +4.2282e-01
2004 0 +1.655886324e+01 -4.455311368e+02 -4.455311368e+02 -2.3600e+00 +2.3210e+00 +2.1620e+00 +1.5318e+00 +2.4027e+00 +1.6683e+00 +2.5281e+00 +2.6364e+00 +1.8685e+00 +4.0939e-01
% f evaluations | g evaluations | best noise-free fitness - Fopt (7.766000000000e+01) + sum g_i+ | measured fitness | best measured fitness or single-digit g-values | x1 | x2...
1 0 +8.953385444e+02 +9.729985444e+02 +9.729985444e+02 +5.9671e-01 -3.8264e-02 +7.4769e-01 +1.6230e+00 -1.3415e-01 -1.3414e-01 +1.6792e+00 +8.6743e-01 -3.6947e-01 +6.4256e-01
2 0 +3.489235570e+02 +4.265835570e+02 +4.265835570e+02 -3.6342e-01 -3.6573e-01 +3.4196e-01 -1.8133e+00 -1.6249e+00 -4.6229e-01 -9.1283e-01 +4.1425e-01 -8.0802e-01 -1.3123e+00
5 0 +2.303866135e+02 +3.080466135e+02 +3.080466135e+02 +8.3847e-01 +2.7137e-01 -1.5648e-02 -2.0110e-01 -1.3785e+00 -6.1984e-01 -3.6064e-01 +1.1571e+00 +4.4362e-01 -1.6630e+00
8 0 +1.472438619e+02 +2.249038619e+02 +2.249038619e+02 +4.6140e-01 +1.6380e+00 +6.4174e-02 +1.6646e+00 -2.5197e+00 +9.2190e-01 +1.8705e-01 -1.9901e-01 +1.9176e-01 -1.8876e+00
61 0 +1.458361958e+02 +2.234961958e+02 +2.234961958e+02 +3.4696e-01 +8.9433e-01 -2.0344e+00 -3.2325e-01 -8.4817e-01 -5.0554e-02 -6.5045e-01 +9.9903e-01 -7.2899e-01 -2.7263e+00
130 0 +1.342049197e+02 +2.118649197e+02 +2.118649197e+02 +2.3108e+00 -5.6230e-01 -8.8516e-01 +4.8897e-01 -7.3434e-01 -2.1157e+00 -1.7583e+00 +2.6592e-01 +5.9128e-01 -3.7825e+00
161 0 +1.339527352e+02 +2.116127352e+02 +2.116127352e+02 +2.3388e+00 -3.0819e+00 +1.6999e-01 +7.8162e-01 -6.9802e-01 +1.1642e+00 +5.3583e-01 +6.2499e-01 +1.3889e+00 -3.7037e+00
238 0 +1.335277627e+02 +2.111877627e+02 +2.111877627e+02 +6.9787e-01 -1.0862e-01 +8.5206e-01 +3.2136e+00 -3.4370e+00 +2.8978e-01 -9.4036e-01 -3.1173e-01 +1.4489e+00 -3.5884e+00
256 0 +8.898104288e+01 +1.666410429e+02 +1.666410429e+02 +2.4411e+00 -2.5727e+00 -2.9659e-01 +1.6855e+00 -2.2359e+00 -1.2702e+00 -4.1681e-01 +8.8912e-02 +5.7143e-01 -3.1559e+00
381 0 +8.787164995e+01 +1.655316499e+02 +1.655316499e+02 -7.2748e-01 -1.5509e-01 -1.4408e+00 +2.6483e+00 -1.8345e+00 +7.1695e-01 +1.8285e+00 -9.8917e-01 +8.9895e-01 -3.4332e+00
389 0 +6.954350838e+01 +1.472035084e+02 +1.472035084e+02 +3.0980e+00 -9.1445e-01 -7.6202e-01 +1.2315e+00 -1.9102e+00 -1.1830e+00 +1.7480e-01 -1.0696e+00 +6.1478e-01 -3.2841e+00
564 0 +4.892733500e+01 +1.265873350e+02 +1.265873350e+02 +1.4611e+00 -7.9448e-01 -1.1327e+00 +2.4909e+00 -1.9091e+00 -5.3390e-01 -2.4043e-01 +4.7295e-01 -1.2379e-01 -3.5393e+00
927 0 +4.743956895e+01 +1.250995690e+02 +1.250995690e+02 +2.5234e+00 -1.0209e+00 +9.0349e-02 +3.2482e+00 -3.1132e+00 -6.4208e-02 +1.0230e+00 +1.5387e-01 +2.7063e-01 -4.1449e+00
1396 0 +4.661137744e+01 +1.242713774e+02 +1.242713774e+02 +2.4672e+00 -1.6343e+00 -7.5968e-01 +3.9324e+00 -3.2418e+00 -1.0282e+00 +1.0824e+00 -1.8655e-01 +1.8526e-01 -3.8519e+00
1861 0 +4.012508326e+01 +1.177850833e+02 +1.177850833e+02 +2.4194e+00 -7.5674e-01 +5.0327e-02 +3.1849e+00 -2.6076e+00 -1.0391e+00 +5.4787e-01 +1.0951e-01 +5.2414e-01 -3.2318e+00
2086 0 +3.109108313e+01 +1.087510831e+02 +1.087510831e+02 +2.5392e+00 -7.8855e-01 -3.2887e-01 +3.9973e+00 -3.1213e+00 -1.1872e+00 +8.4149e-02 +5.6749e-01 +6.3844e-01 -3.1778e+00
2301 0 +2.430868513e+01 +1.019686851e+02 +1.019686851e+02 +2.5509e+00 -9.3413e-01 -4.8147e-01 +3.2869e+00 -3.0300e+00 -1.1158e+00 +1.2779e-02 +5.8354e-01 +5.8849e-01 -3.4428e+00
% f evaluations | g evaluations | best noise-free fitness - Fopt (1.156800000000e+02) + sum g_i+ | measured fitness | best measured fitness or single-digit g-values | x1 | x2...
1 0 +9.009360922e+02 +1.016616092e+03 +1.016616092e+03 +5.9671e-01 -3.8264e-02 +7.4769e-01 +1.6230e+00 -1.3415e-01 -1.3414e-01 +1.6792e+00 +8.6743e-01 -3.6947e-01 +6.4256e-01
2 0 +4.206011842e+02 +5.362811842e+02 +5.362811842e+02 -3.6342e-01 -3.6573e-01 +3.4196e-01 -1.8133e+00 -1.6249e+00 -4.6229e-01 -9.1283e-01 +4.1425e-01 -8.0802e-01 -1.3123e+00
53 0 +4.093352405e+02 +5.250152405e+02 +5.250152405e+02 +5.1258e-01 +2.8472e+00 -5.7164e-01 -1.6809e+00 -1.4846e+00 -2.5914e+00 -9.0661e-01 +4.3755e-01 -7.4647e-01 -2.3371e+00
94 0 +3.944514393e+02 +5.101314393e+02 +5.101314393e+02 +1.3384e+00 -1.0567e-01 +1.3990e+00 +6.1708e-01 -3.3772e-01 -6.0446e-01 -1.9519e+00 +9.6604e-01 -8.2354e-01 -2.5966e+00
107 0 +2.804442754e+02 +3.961242754e+02 +3.961242754e+02 +1.5214e+00 -5.8380e-01 -5.1011e-01 -3.5488e-01 -1.1111e+00 -1.2688e+00 -1.3646e+00 -8.2709e-01 -2.1438e+00 -1.0077e+00
128 0 +2.558850162e+02 +3.715650162e+02 +3.715650162e+02 +1.4724e+00 +2.1871e+00 -5.1831e-01 +2.0695e+00 -7.3091e-01 -1.8963e+00 -2.3322e+00 +2.9213e+00 -1.7351e+00 -2.9451e+00
155 0 +1.995700484e+02 +3.152500484e+02 +3.152500484e+02 +1.4851e+00 +2.5144e+00 +1.0366e+00 -8.5376e-01 -1.6766e+00 -1.7583e+00 -3.5213e+00 +3.1943e+00 -2.7781e+00 -5.8247e-01
182 0 +1.707869338e+02 +2.864669338e+02 +2.864669338e+02 -3.3889e-01 +2.0082e+00 -5.3968e-01 +1.1993e+00 -2.2333e+00 -2.4198e+00 -2.2103e+00 +1.1167e-01 -3.8934e+00 -1.6035e+00
284 0 +1.616990871e+02 +2.773790871e+02 +2.773790871e+02 +1.9994e+00 +2.8842e+00 +3.6193e-01 +1.2343e+00 -3.2718e+00 -3.5821e+00 -4.5696e+00 +2.7588e+00 -3.2718e+00 -2.4002e+00
342 0 +1.260245227e+02 +2.417045227e+02 +2.417045227e+02 -1.7568e+00 -1.9759e+00 -7.5208e-01 +3.2175e+00 -4.1912e+00 -3.5727e+00 -2.1635e+00 +3.2301e+00 -3.8741e+00 -1.8532e-01
398 0 +1.236787828e+02 +2.393587828e+02 +2.393587828e+02 -9.2233e-01 +1.4047e+00 -3.0102e+00 +4.0291e+00 -1.9681e+00 -3.3023e+00 -2.8137e+00 +2.3928e+00 -3.5969e+00 -2.0060e+00
439 0 +1.225461139e+02 +2.382261139e+02 +2.382261139e+02 -2.1215e+00 +1.5434e+00 +9.8108e-01 +9.2881e-02 -4.8126e+00 -9.7956e-01 -2.3228e+00 +1.8536e+00 -3.1443e+00 -1.5352e+00
465 0 +1.208482947e+02 +2.365282947e+02 +2.365282947e+02 -4.9468e+00 +1.5058e+00 +1.2722e+00 +3.2491e+00 -4.8138e+00 -3.2761e+00 -1.7258e+00 +2.0988e+00 -3.0257e+00 -1.5922e+00
483 0 +1.142779448e+02 +2.299579448e+02 +2.299579448e+02 -3.3462e+00 +1.2801e+00 +1.8631e+00 +3.6720e+00 -3.0711e+00 -6.2528e-01 -3.0275e+00 +3.0589e+00 -3.5287e+00 -2.8978e+00
499 0 +1.116258767e+02 +2.273058767e+02 +2.273058767e+02 -1.1413e+00 +5.0715e-02 +1.9193e-01 +3.7895e+00 -3.4697e+00 -2.1187e+00 -1.6374e+00 +3.2171e+00 -3.0567e+00 -2.7185e+00
536 0 +1.077553602e+02 +2.234353602e+02 +2.234353602e+02 -1.9809e+00 -1.0254e-01 +1.0456e-02 +9.9258e-01 -2.9858e+00 -1.2181e+00 -3.3951e+00 +2.8276e+00 -3.0326e+00 -1.6906e+00
602 0 +8.849197353e+01 +2.041719735e+02 +2.041719735e+02 -4.2343e+00 -1.9575e+00 -2.9944e-01 +1.1020e+00 -3.1759e+00 -2.7615e+00 -2.8648e+00 +2.4073e+00 -3.4420e+00 -2.2480e+00
603 0 +7.436921734e+01 +1.900492173e+02 +1.900492173e+02 -3.3340e+00 +8.9459e-01 +2.4213e+00 +2.8366e+00 -3.5425e+00 -3.7790e+00 -4.0851e+00 +1.4803e+00 -3.1331e+00 -1.1238e+00
845 0 +7.009259245e+01 +1.857725925e+02 +1.857725925e+02 -1.8884e+00 -1.0206e+00 +3.3151e-01 +3.4950e-01 -2.5265e+00 -3.2752e+00 -4.6256e+00 +2.3698e+00 -4.2530e+00 -1.1923e+00
895 0 +5.453937456e+01 +1.702193746e+02 +1.702193746e+02 -2.2298e+00 -1.9988e+00 +2.9487e-01 +1.7686e+00 -4.7151e+00 -3.6906e+00 -3.4536e+00 +2.7809e+00 -2.7072e+00 -1.3286e+00
1124 0 +5.413727268e+01 +1.698172727e+02 +1.698172727e+02 -2.2106e+00 -1.0575e+00 +1.1987e-01 +2.4853e+00 -3.8021e+00 -3.2699e+00 -3.6016e+00 +1.9544e+00 -4.0505e+00 -1.5129e+00
1423 0 +5.142700155e+01 +1.671070015e+02 +1.671070015e+02 -2.2968e+00 -2.8443e-01 +1.1111e+00 +3.1260e+00 -3.3728e+00 -4.2895e+00 -3.6117e+00 +1.9191e+00 -3.8827e+00 -1.6857e+00
1560 0 +4.858109106e+01 +1.642610911e+02 +1.642610911e+02 -1.2111e+00 -1.0185e+00 +7.6983e-01 +3.8349e+00 -3.7930e+00 -3.8924e+00 -3.9455e+00 +2.4044e+00 -3.1423e+00 -1.9449e+00
1731 0 +3.998453579e+01 +1.556645358e+02 +1.556645358e+02 -3.2399e+00 -1.8616e-01 -6.5186e-01 +3.1949e+00 -3.0715e+00 -3.7178e+00 -3.4655e+00 +2.4219e+00 -4.2850e+00 -2.2122e+00
1907 0 +3.756708244e+01 +1.532470824e+02 +1.532470824e+02 -4.0078e+00 -2.4799e-01 +2.7321e-01 +3.1935e+00 -2.8226e+00 -3.7727e+00 -3.9556e+00 +2.3599e+00 -3.5168e+00 -2.2082e+00
1942 0 +3.074691768e+01 +1.464269177e+02 +1.464269177e+02 -2.0029e+00 -1.0620e+00 +2.6147e-01 +2.4522e+00 -3.0073e+00 -3.8459e+00 -3.6158e+00 +2.4918e+00 -3.9507e+00 -1.9585e+00
% f evaluations | g evaluations | best noise-free fitness - Fopt (-3.710000000000e+00) + sum g_i+ | measured fitness | best measured fitness or single-digit g-values | x1 | x2...
1 0 +3.658772987e+02 +3.621672987e+02 +3.621672987e+02 +5.9671e-01 -3.8264e-02 +7.4769e-01 +1.6230e+00 -1.3415e-01 -1.3414e-01 +1.6792e+00 +8.6743e-01 -3.6947e-01 +6.4256e-01
4 0 +3.068038534e+02 +3.030938534e+02 +3.030938534e+02 -5.0171e-01 +1.9523e+00 +8.6503e-02 -9.5771e-01 +9.2254e-01 -1.1208e+00 +3.0886e-01 -1.8597e+00 -1.2282e+00 +2.9686e-01
22 0 +2.834130270e+02 +2.797030270e+02 +2.797030270e+02 +6.7089e-01 +1.2356e+00 +1.0540e+00 +7.5139e-01 -2.1527e-01 +8.5897e-01 -6.7283e-01 -1.3682e-01 -3.8536e-01 +1.8187e-01
23 0 +2.661856590e+02 +2.624756590e+02 +2.624756590e+02 +2.4147e+00 -1.7673e+00 +7.8626e-01 -1.5127e+00 -3.7193e-01 +1.1890e+00 +1.6428e-01 -9.7774e-01 -6.1530e-01 +7.7960e-01
44 0 +2.453400482e+02 +2.416300482e+02 +2.416300482e+02 -1.0833e+00 -1.9392e+00 -1.6941e-01 +8.1754e-01 +1.6024e+00 +1.7409e-01 +1.7286e+00 -1.2801e+00 -1.6034e+00 +4.4452e-02
51 0 +2.448178475e+02 +2.411078475e+02 +2.411078475e+02 +1.3174e+00 -6.6741e-02 -7.2351e-02 -9.4152e-01 -8.6246e-01 +1.5358e+00 -7.1391e-02 -8.6159e-01 -1.9385e+00 -6.0884e-01
53 0 +1.968788828e+02 +1.931688828e+02 +1.931688828e+02 -2.0154e+00 -1.6432e+00 +5.2760e-01 -1.0475e+00 +2.5425e+00 +8.3861e-01 +7.2745e-01 -2.2123e+00 -1.0026e+00 +3.2929e-01
101 0 +1.960772852e+02 +1.923672852e+02 +1.923672852e+02 -1.6744e+00 -2.0435e-01 +3.4840e-01 -2.7787e-01 +2.0420e+00 +7.9574e-01 +1.8327e-01 -2.0681e+00 -2.9819e+00 +8.4857e-01
105 0 +1.640941370e+02 +1.603841370e+02 +1.603841370e+02 -5.3138e-02 -6.3861e-01 +8.4653e-01 +2.5389e+00 +5.6232e-01 +1.7088e+00 -4.2303e-01 -3.3191e+00 -4.0527e+00 +1.4396e+00
154 0 +1.533926005e+02 +1.496826005e+02 +1.496826005e+02 -8.4919e-01 -2.4726e+00 +8.9097e-01 +1.5534e+00 +3.4018e+00 +1.4885e+00 -1.2055e+00 -2.3151e+00 -2.3591e+00 -8.5091e-01
259 0 +1.330765657e+02 +1.293665657e+02 +1.293665657e+02 +5.8011e-01 -3.3158e+00 +1.2544e+00 +3.6060e+00 -4.7285e-01 +4.2584e+00 -8.2719e-01 -1.1042e+00 -1.4817e+00 +1.3666e+00
406 0 +1.285739975e+02 +1.248639975e+02 +1.248639975e+02 -4.7132e-03 -3.8388e+00 -2.0285e+00 +1.9655e+00 +2.1892e+00 +3.9043e+00 -3.3527e-01 -4.4391e-01 -2.6346e+00 -8.2301e-02
440 0 +1.278675578e+02 +1.241575578e+02 +1.241575578e+02 +1.4652e+00 -1.3619e+00 +3.6080e+00 +3.0313e+00 +3.8807e+00 +3.0890e+00 -1.5888e+00 -4.9274e+00 -2.6076e+00 +6.1531e-01
457 0 +1.086406139e+02 +1.049306139e+02 +1.049306139e+02 +2.0922e-01 -2.2530e+00 +2.6622e+00 +3.7307e+00 +1.5084e+00 +4.1722e+00 -7.6537e-01 -1.3090e+00 -2.5514e+00 -8.0733e-01
514 0 +9.078410126e+01 +8.707410126e+01 +8.707410126e+01 -7.2092e-02 -1.6176e+00 +2.7564e+00 +2.2778e+00 +4.2083e+00 +2.2453e+00 +1.1309e+00 -1.5636e+00 -3.3759e+00 +3.5356e-01
660 0 +9.055602498e+01 +8.684602498e+01 +8.684602498e+01 +1.4705e+00 -4.3469e+00 +2.1233e+00 +2.6575e+00 +4.2090e+00 +3.6891e+00 +1.6597e-01 -2.1690e+00 -1.8628e+00 +1.0537e+00
674 0 +8.671664167e+01 +8.300664167e+01 +8.300664167e+01 +2.9041e+00 -1.3096e+00 -4.2311e-01 +2.7059e+00 +1.4272e+00 +3.5813e+00 +1.3096e+00 -1.3609e+00 -2.2761e+00 +3.4568e-01
694 0 +8.551503017e+01 +8.180503017e+01 +8.180503017e+01 +1.1194e+00 -1.8071e+00 +2.5113e+00 +1.9209e+00 +3.3100e+00 +4.6641e+00 -3.5367e-01 -2.2733e+00 -2.0502e+00 +4.0072e-01
796 0 +7.556864750e+01 +7.185864750e+01 +7.185864750e+01 +1.9587e+00 -2.2035e+00 +1.6061e+00 +3.9719e+00 +6.7280e-01 +4.2899e+00 -1.7809e-01 -1.9527e+00 -2.2950e+00 +8.1208e-02
912 0 +7.271777830e+01 +6.900777830e+01 +6.900777830e+01 +2.5568e+00 -1.4126e+00 +2.0495e+00 +3.3331e+00 +2.5301e+00 +3.8033e+00 +7.8449e-02 -2.0698e+00 -1.6592e+00 +6.8646e-01
913 0 +6.823403378e+01 +6.452403378e+01 +6.452403378e+01 +3.0724e+00 -3.3408e+00 +1.7764e+00 +3.4517e+00 +3.9815e+00 +3.9006e+00 +1.5638e-01 -1.9279e+00 -2.0199e+00 +6.2079e-01
1056 0 +6.363146983e+01 +5.992146983e+01 +5.992146983e+01 +3.2675e+00 -2.2751e+00 +3.0365e+00 +3.0589e+00 +2.6168e+00 +3.1063e+00 +8.9240e-02 -2.1951e+00 -2.5914e+00 +6.5755e-01
1065 0 +3.559754565e+01 +3.188754565e+01 +3.188754565e+01 +3.1348e+00 -2.4260e+00 +1.8249e+00 +3.1219e+00 +3.2326e+00 +3.7626e+00 -3.8722e-01 -1.9767e+00 -2.6398e+00 +9.3470e-01
1742 0 +3.121750042e+01 +2.750750042e+01 +2.750750042e+01 +3.2007e+00 -2.2133e+00 +1.2788e+00 +3.8583e+00 +3.1289e+00 +3.6398e+00 +1.4901e-01 -1.9298e+00 -1.9709e+00 +9.8205e-01
% f evaluations | g evaluations | best noise-free fitness - Fopt (1.321800000000e+02) + sum g_i+ | measured fitness | best measured fitness or single-digit g-values | x1 | x2...
1 0 +3.667024800e+02 +4.988824800e+02 +4.988824800e+02 +5.9671e-01 -3.8264e-02 +7.4769e-01 +1.6230e+00 -1.3415e-01 -1.3414e-01 +1.6792e+00 +8.6743e-01 -3.6947e-01 +6.4256e-01
2 0 +1.797160505e+02 +3.118960505e+02 +3.118960505e+02 -3.6342e-01 -3.6573e-01 +3.4196e-01 -1.8133e+00 -1.6249e+00 -4.6229e-01 -9.1283e-01 +4.1425e-01 -8.0802e-01 -1.3123e+00
3 0 +1.721869026e+02 +3.043669026e+02 +3.043669026e+02 +1.5656e+00 -1.2578e-01 +1.6753e-01 -1.3247e+00 -4.4438e-01 +2.1092e-01 -1.0510e+00 +4.7570e-01 -5.0064e-01 -1.9169e-01
51 0 +1.612116802e+02 +2.933916802e+02 +2.933916802e+02 +1.9364e-01 +3.0081e-01 +1.8812e+00 -6.7892e-01 -3.7212e-01 -6.5530e-02 -5.3091e-01 +1.1949e+00 -1.0536e+00 +3.9742e-01
72 0 +1.309778503e+02 +2.631578503e+02 +2.631578503e+02 -1.8227e-01 +1.3826e+00 +8.8395e-01 -5.1161e-01 -7.5364e-01 +3.1071e-01 -1.5713e+00 -2.4676e-01 +8.6182e-01 -5.6265e-01
121 0 +1.079732933e+02 +2.401532933e+02 +2.401532933e+02 -3.4023e-01 +6.8208e-02 +2.6561e-01 -1.8408e+00 -1.2859e+00 -1.0081e+00 -1.9370e+00 +1.7380e-01 +5.2090e-01 +7.2816e-01
125 0 +1.018678166e+02 +2.340478166e+02 +2.340478166e+02 -8.5887e-01 +4.3960e-01 +1.9519e+00 -1.9452e+00 -9.8973e-01 +1.8787e-01 -1.7149e+00 -7.1925e-01 +5.1957e-01 +6.5871e-02
515 0 +8.735817718e+01 +2.195381772e+02 +2.195381772e+02 -1.7420e+00 -9.1130e-01 +2.2860e+00 -2.6441e+00 -1.9398e+00 -1.2787e+00 -2.6555e+00 +6.3381e-02 +1.3359e+00 -5.6451e-01
573 0 +8.495650920e+01 +2.171365092e+02 +2.171365092e+02 -8.7838e-01 +2.1220e+00 +2.7395e+00 -1.2409e+00 -2.6480e+00 -2.4416e+00 -3.2775e+00 -3.2673e-01 +1.7413e+00 +2.6792e-01
713 0 +7.399599632e+01 +2.061759963e+02 +2.061759963e+02 -2.6387e+00 +6.4839e-01 +2.1343e+00 -1.6838e+00 -3.1539e+00 -1.0013e+00 -2.6986e+00 +8.9456e-02 +8.6746e-01 -4.3991e-01
739 0 +6.851262314e+01 +2.006926231e+02 +2.006926231e+02 -2.8876e+00 +5.6208e-01 +3.4385e+00 -1.8980e+00 -3.4728e+00 -1.7466e+00 -2.1627e+00 -6.3486e-01 +5.9074e-01 +1.1188e-01
752 0 +5.047483407e+01 +1.826548341e+02 +1.826548341e+02 -2.7879e+00 -1.7632e-01 +2.1727e+00 -1.2687e+00 -3.0770e+00 -9.7137e-01 -2.6777e+00 -7.4282e-01 +7.3049e-01 +4.3571e-01
851 0 +4.298482515e+01 +1.751648252e+02 +1.751648252e+02 -2.8086e+00 -3.3187e-01 +2.1993e+00 -3.1302e+00 -3.1263e+00 -1.0862e+00 -2.2506e+00 -2.2558e-01 +9.1498e-01 +7.5534e-01
% f evaluations | g evaluations | best noise-free fitness - Fopt (-3.930000000000e+01) + sum g_i+ | measured fitness | best measured fitness or single-digit g-values | x1 | x2...
1 0 +7.063390436e+02 +6.670390436e+02 +6.670390436e+02 +5.9671e-01 -3.8264e-02 +7.4769e-01 +1.6230e+00 -1.3415e-01 -1.3414e-01 +1.6792e+00 +8.6743e-01 -3.6947e-01 +6.4256e-01
2 0 +4.549510103e+02 +4.156510103e+02 +4.156510103e+02 -3.6342e-01 -3.6573e-01 +3.4196e-01 -1.8133e+00 -1.6249e+00 -4.6229e-01 -9.1283e-01 +4.1425e-01 -8.0802e-01 -1.3123e+00
5 0 +3.046934005e+02 +2.653934005e+02 +2.653934005e+02 +8.3847e-01 +2.7137e-01 -1.5648e-02 -2.0110e-01 -1.3785e+00 -6.1984e-01 -3.6064e-01 +1.1571e+00 +4.4362e-01 -1.6630e+00
51 0 +3.041856303e+02 +2.648856303e+02 +2.648856303e+02 -3.9469e-01 +1.4085e+00 -7.9047e-01 -1.5453e-01 +1.4004e+00 -2.4084e-02 -8.3224e-01 +9.9304e-01 +1.2709e+00 -2.5371e+00
63 0 +2.080028782e+02 +1.687028782e+02 +1.687028782e+02 -5.2282e-01 +7.5049e-01 -2.2207e+00 -7.2771e-01 -5.6788e-01 -1.1509e+00 +8.7101e-01 +1.1852e+00 +2.1223e+00 -2.3042e+00
106 0 +1.803472720e+02 +1.410472720e+02 +1.410472720e+02 +1.3411e+00 +5.8373e-01 -1.3206e+00 +1.0059e+00 +3.7657e-01 -5.5082e-01 +1.0835e+00 +2.0372e+00 +9.9245e-01 -2.0949e+00
122 0 +1.742335461e+02 +1.349335461e+02 +1.349335461e+02 -1.1142e+00 +1.2390e+00 -1.0924e+00 +1.3244e+00 -1.0602e+00 -8.9078e-01 +1.8598e+00 +2.5155e+00 +9.0570e-02 -2.5933e+00
175 0 +1.465102259e+02 +1.072102259e+02 +1.072102259e+02 +3.3817e-01 +2.9362e+00 +2.4424e+00 +2.5686e+00 -7.1062e-01 -1.8037e+00 +2.8234e+00 +4.4325e-01 +1.4115e+00 -2.3004e+00
319 0 +1.165454974e+02 +7.724549744e+01 +7.724549744e+01 +7.7071e-01 +1.7143e+00 +3.2047e+00 +4.5876e+00 +2.5102e-02 -1.8850e+00 +3.0858e+00 +1.2524e+00 +1.6059e+00 -4.1267e+00
509 0 +1.042590483e+02 +6.495904833e+01 +6.495904833e+01 -3.4516e+00 -2.0934e+00 +7.0270e-01 +2.6347e+00 +1.8672e+00 -2.3522e+00 +1.7810e+00 +5.9382e-01 +3.1061e+00 -4.1211e+00
586 0 +9.953060718e+01 +6.023060718e+01 +6.023060718e+01 -3.6006e+00 -3.0299e+00 +3.6911e+00 +4.0898e+00 +1.9402e+00 -2.6355e+00 +4.7051e+00 +1.9955e+00 +2.0592e+00 -3.0674e+00
659 0 +8.716326680e+01 +4.786326680e+01 +4.786326680e+01 -3.9474e+00 -2.6357e+00 -1.4208e+00 +4.1234e+00 +1.0218e+00 -3.0870e+00 +3.5483e+00 +2.1184e+00 +2.4126e+00 -2.9700e+00
866 0 +7.057787481e+01 +3.127787481e+01 +3.127787481e+01 -2.1869e+00 -2.0010e+00 +1.3835e+00 +4.0093e+00 +2.0769e+00 -3.5796e+00 +2.9616e+00 +2.1847e+00 +2.1660e+00 -3.7093e+00
1132 0 +6.804373469e+01 +2.874373469e+01 +2.874373469e+01 -1.4422e+00 -2.0947e-01 +3.6613e+00 +2.1493e+00 +2.9024e-01 -2.5134e+00 +3.9151e+00 +2.4908e+00 +1.4490e+00 -4.1781e+00
1167 0 +5.660537556e+01 +1.730537556e+01 +1.730537556e+01 -2.5873e+00 -2.2715e-01 +1.3729e+00 +3.4356e+00 +9.5185e-01 -1.9303e+00 +4.4238e+00 +9.4696e-01 +1.8268e+00 -4.0402e+00
1432 0 +5.565721311e+01 +1.635721311e+01 +1.635721311e+01 -2.7096e+00 -1.0310e+00 +3.7332e+00 +3.3163e+00 +1.2595e+00 -2.3734e+00 +3.6343e+00 +2.1033e+00 +1.7945e+00 -3.7349e+00
1670 0 +4.474298378e+01 +5.442983775e+00 +5.442983775e+00 -2.5365e+00 -1.2903e+00 +3.8599e+00 +2.4613e+00 +1.0093e+00 -2.9933e+00 +3.1407e+00 +1.9871e+00 +1.6991e+00 -3.3701e+00
1693 0 +4.081971028e+01 +1.519710276e+00 +1.519710276e+00 -2.5755e+00 -1.1789e+00 +4.0708e+00 +3.3442e+00 +1.2270e+00 -2.4620e+00 +3.5795e+00 +2.5227e+00 +2.1121e+00 -3.6644e+00
2169 0 +3.945665577e+01 +1.566557708e-01 +1.566557708e-01 -2.4272e+00 -1.4586e+00 +2.4158e+00 +2.8673e+00 +9.7951e-01 -2.8979e+00 +3.1650e+00 +2.0939e+00 +1.7867e+00 -3.0106e+00
% f evaluations | g evaluations | best noise-free fitness - Fopt (4.296000000000e+01) + sum g_i+ | measured fitness | best measured fitness or single-digit g-values | x1 | x2...
1 0 +2.404897802e+02 +2.834497802e+02 +2.834497802e+02 +5.9671e-01 -3.8264e-02 +7.4769e-01 +1.6230e+00 -1.3415e-01 -1.3414e-01 +1.6792e+00 +8.6743e-01 -3.6947e-01 +6.4256e-01
4 0 +1.748878659e+02 +2.178478659e+02 +2.178478659e+02 -5.0171e-01 +1.9523e+00 +8.6503e-02 -9.5771e-01 +9.2254e-01 -1.1208e+00 +3.0886e-01 -1.8597e+00 -1.2282e+00 +2.9686e-01
10 0 +1.701154667e+02 +2.130754667e+02 +2.130754667e+02 +1.9708e-01 +1.0686e+00 -6.0205e-01 -2.2766e-01 -2.9211e-01 -1.3635e+00 +3.9612e-01 +3.6106e-01 +1.0511e-01 -1.3459e-01
25 0 +1.498577471e+02 +1.928177471e+02 +1.928177471e+02 -6.9252e-01 -1.4736e-02 +6.0499e-01 +9.6576e-01 -1.1003e+00 -2.3450e-01 -3.7495e-01 -5.5333e-01 +1.8655e+00 +5.0498e-01
49 0 +1.182255531e+02 +1.611855531e+02 +1.611855531e+02 -2.7918e-02 -8.5554e-01 -1.5064e+00 +3.0346e-01 -6.5635e-01 -1.3223e+00 -5.4657e-01 -9.8155e-01 +1.7871e+00 +9.8164e-01
115 0 +8.874736822e+01 +1.317073682e+02 +1.317073682e+02 +2.4987e+00 +2.6176e+00 -2.5679e+00 +9.1738e-01 +1.9835e-01 -1.1154e+00 +1.3099e+00 -1.6084e+00 +1.1910e+00 +1.1329e+00
445 0 +6.920042601e+01 +1.121604260e+02 +1.121604260e+02 -3.4000e-01 +2.4432e+00 -1.8349e+00 +1.6657e+00 +1.9602e+00 -1.9862e+00 -1.2915e+00 -1.2199e+00 +1.0294e+00 +1.5452e+00
572 0 +5.002155255e+01 +9.298155255e+01 +9.298155255e+01 -3.5534e-01 +3.6762e+00 -1.4163e+00 +1.0793e+00 -1.7339e-01 -3.3698e+00 -7.6123e-01 -1.6002e+00 +1.3897e+00 +5.3030e-01
1108 0 +2.426610807e+01 +6.722610807e+01 +6.722610807e+01 +5.0666e-01 +2.5279e+00 -2.8204e+00 +9.5861e-01 +9.2238e-01 -2.7755e+00 -4.0616e-01 -1.9658e+00 +2.2598e+00 +6.1546e-01
% f evaluations | g evaluations | best noise-free fitness - Fopt (2.842200000000e+02) + sum g_i+ | measured fitness | best measured fitness or single-digit g-values | x1 | x2...
1 0 +4.836151911e+02 +7.678351911e+02 +7.678351911e+02 +5.9671e-01 -3.8264e-02 +7.4769e-01 +1.6230e+00 -1.3415e-01 -1.3414e-01 +1.6792e+00 +8.6743e-01 -3.6947e-01 +6.4256e-01
2 0 +3.271274530e+02 +6.113474530e+02 +6.113474530e+02 -3.6342e-01 -3.6573e-01 +3.4196e-01 -1.8133e+00 -1.6249e+00 -4.6229e-01 -9.1283e-01 +4.1425e-01 -8.0802e-01 -1.3123e+00
36 0 +2.907507407e+02 +5.749707407e+02 +5.749707407e+02 +4.1091e-01 +1.5754e+00 +9.5766e-01 -5.9939e-02 +8.0984e-02 -9.0253e-01 +8.1487e-02 -1.8866e-01 +4.2272e-01 -7.2723e-01
55 0 +1.720613393e+02 +4.562813393e+02 +4.562813393e+02 +7.6551e-01 +7.3398e-01 -3.6180e-01 +3.5807e-01 -4.6455e-01 -1.8615e+00 +6.4243e-01 +1.1645e+00 +9.0048e-01 -1.6205e+00
98 0 +1.622249077e+02 +4.464449077e+02 +4.464449077e+02 -9.8141e-02 +2.3044e+00 +1.0142e+00 +1.0537e+00 +1.2390e+00 -1.7063e+00 +2.0418e-01 +1.1506e+00 +1.0937e+00 -2.2952e+00
106 0 +1.531475988e+02 +4.373675988e+02 +4.373675988e+02 -1.6672e-01 -1.1931e+00 +2.6800e-01 -5.9095e-01 -3.0850e-01 -2.5717e+00 +4.2568e-01 +1.4215e+00 +5.3812e-01 -2.3019e+00
172 0 +1.429173698e+02 +4.271373698e+02 +4.271373698e+02 +1.9461e+00 -1.1864e+00 +6.1048e-01 +5.2165e-01 +1.6741e+00 -1.9249e+00 +3.5066e+00 +2.7910e-01 +1.6614e+00 -1.5022e+00
256 0 +1.160803054e+02 +4.003003054e+02 +4.003003054e+02 +1.3582e+00 +3.2478e-01 +1.3553e-01 +1.0437e+00 +2.0513e+00 -3.9137e+00 +2.9638e+00 +1.7911e+00 +1.9128e+00 -3.2155e+00
414 0 +1.134981110e+02 +3.977181110e+02 +3.977181110e+02 +1.0370e+00 +7.6490e-01 -2.5290e-02 +2.3660e+00 +1.9602e+00 -1.9921e+00 +4.2890e+00 +1.9015e+00 +1.4917e-02 -2.9112e+00
438 0 +9.206840407e+01 +3.762884041e+02 +3.762884041e+02 +1.0407e+00 -1.2029e-01 -3.3878e+00 +2.2195e+00 -9.2524e-02 -3.5046e+00 +3.4300e+00 +1.6643e+00 +1.4874e-01 -4.0206e+00
524 0 +7.101636436e+01 +3.552363644e+02 +3.552363644e+02 -6.6629e-02 +1.5059e+00 +5.7370e-01 +1.0764e+00 +1.7999e+00 -2.9410e+00 +3.8283e+00 +1.0042e+00 +4.4496e-01 -2.1175e+00
911 0 +6.917699860e+01 +3.533969986e+02 +3.533969986e+02 -1.9542e+00 -1.1818e+00 +2.4868e-01 +1.7232e+00 +1.2475e+00 -4.0789e+00 +3.5425e+00 +2.2096e+00 +3.4410e-01 -3.5000e+00
924 0 +5.881820266e+01 +3.430382027e+02 +3.430382027e+02 -1.3623e-01 -1.2929e+00 +1.0354e+00 +2.2054e+00 +1.1015e+00 -4.0117e+00 +2.9103e+00 +5.0331e-01 -1.6711e-01 -3.4504e+00
981 0 +4.988376032e+01 +3.341037603e+02 +3.341037603e+02 -1.8805e+00 -1.8914e+00 +6.0180e-01 +1.5138e+00 +2.6234e+00 -3.9588e+00 +3.2953e+00 +1.2726e+00 +2.5413e-01 -2.7869e+00
1462 0 +4.476549482e+01 +3.289854948e+02 +3.289854948e+02 -2.2225e+00 -1.0900e+00 +6.0936e-01 +1.8488e+00 +2.4819e+00 -3.5749e+00 +3.3108e+00 +1.3388e+00 +1.0367e+00 -2.8319e+00
1519 0 +4.365576443e+01 +3.278757644e+02 +3.278757644e+02 -2.0726e+00 -1.0794e+00 -3.0377e-01 +2.2426e+00 +2.4321e+00 -3.4800e+00 +2.9334e+00 +6.7795e-01 +1.3165e+00 -2.7972e+00
1962 0 +4.219201634e+01 +3.264120163e+02 +3.264120163e+02 -3.0641e+00 -1.1954e+00 -1.7479e-01 +3.1631e+00 +2.5493e+00 -3.5418e+00 +3.5137e+00 +9.1948e-01 +9.4641e-01 -2.8743e+00
2158 0 +3.966806441e+01 +3.238880644e+02 +3.238880644e+02 -2.0645e+00 -2.3295e-01 -4.0275e-01 +3.0515e+00 +2.3406e+00 -3.2903e+00 +3.3638e+00 +9.1292e-01 +6.2941e-01 -2.9386e+00
2359 0 +3.633154003e+01 +3.205515400e+02 +3.205515400e+02 -1.9403e+00 -2.4073e-01 -8.9773e-01 +2.9656e+00 +2.3092e+00 -3.5249e+00 +3.3123e+00 +8.8356e-01 +1.0392e+00 -2.5068e+00
% f evaluations | g evaluations | best noise-free fitness - Fopt (-3.217000000000e+01) + sum g_i+ | measured fitness | best measured fitness or single-digit g-values | x1 | x2...
1 0 +4.903995418e+02 +4.582295418e+02 +4.582295418e+02 +5.9671e-01 -3.8264e-02 +7.4769e-01 +1.6230e+00 -1.3415e-01 -1.3414e-01 +1.6792e+00 +8.6743e-01 -3.6947e-01 +6.4256e-01
2 0 +2.074713183e+02 +1.753013183e+02 +1.753013183e+02 -3.6342e-01 -3.6573e-01 +3.4196e-01 -1.8133e+00 -1.6249e+00 -4.6229e-01 -9.1283e-01 +4.1425e-01 -8.0802e-01 -1.3123e+00
5 0 +2.037961041e+02 +1.716261041e+02 +1.716261041e+02 +8.3847e-01 +2.7137e-01 -1.5648e-02 -2.0110e-01 -1.3785e+00 -6.1984e-01 -3.6064e-01 +1.1571e+00 +4.4362e-01 -1.6630e+00
14 0 +1.999374935e+02 +1.677674935e+02 +1.677674935e+02 -1.4507e+00 +1.6856e-01 -9.6230e-01 +5.7359e-01 -8.1942e-01 +1.6499e+00 -6.8325e-01 -2.2206e-01 +9.1352e-01 -1.1309e+00
95 0 +1.671537130e+02 +1.349837130e+02 +1.349837130e+02 -4.2909e-01 -2.0841e-01 +2.9660e-01 +1.6319e+00 -1.6732e+00 +1.3927e+00 +2.5322e-01 +8.4763e-01 +1.8033e+00 -2.6720e+00
96 0 +1.156234222e+02 +8.345342222e+01 +8.345342222e+01 -3.2697e-01 +2.8492e-01 -1.1434e+00 -1.1173e+00 -2.5149e+00 +2.0701e-01 -7.9065e-01 +1.3829e+00 +1.0780e+00 -3.0347e+00
242 0 +1.115825402e+02 +7.941254024e+01 +7.941254024e+01 +2.2671e+00 -7.5168e-01 -9.6210e-01 -1.8626e+00 -4.4922e+00 +4.4631e-01 +1.2878e-01 +3.0158e+00 +3.0617e+00 -2.8203e+00
419 0 +9.959064219e+01 +6.742064219e+01 +6.742064219e+01 -8.6899e-01 +3.5838e-01 +1.8419e+00 +1.0947e+00 -3.7241e+00 -3.2179e-01 -1.8945e+00 +3.0727e+00 +1.0581e+00 -3.5195e+00
478 0 +8.771696037e+01 +5.554696037e+01 +5.554696037e+01 +2.5361e+00 +1.1728e+00 +3.7822e-01 +2.7652e+00 -3.0476e+00 +1.5455e+00 +1.2675e-01 +3.0313e+00 +1.5075e+00 -2.1314e+00
540 0 +7.685812551e+01 +4.468812551e+01 +4.468812551e+01 +1.4442e+00 +3.4857e+00 -7.4624e-01 -9.8108e-02 -3.6337e+00 +1.0098e+00 -1.5707e+00 +1.8123e+00 +1.3614e+00 -2.8076e+00
643 0 +5.880169811e+01 +2.663169811e+01 +2.663169811e+01 +1.5485e+00 +1.8569e+00 +3.1501e-01 +1.0987e+00 -4.2970e+00 +5.6450e-01 +5.3640e-01 +3.0774e+00 +1.6962e+00 -2.9342e+00
849 0 +5.746972140e+01 +2.529972140e+01 +2.529972140e+01 +1.6570e+00 +1.7043e+00 -4.0724e-01 -1.1668e-01 -4.1943e+00 +1.0788e+00 -1.3386e+00 +3.2424e+00 +2.1242e+00 -3.0323e+00
893 0 +5.193908727e+01 +1.976908727e+01 +1.976908727e+01 +1.3446e+00 +1.9200e+00 -3.5765e-01 -2.1385e-02 -3.8488e+00 +1.0793e+00 -3.1096e-01 +4.0996e+00 +1.7538e+00 -2.8470e+00
991 0 +4.280789203e+01 +1.063789203e+01 +1.063789203e+01 +1.6317e+00 +1.1113e+00 +3.9132e-01 +6.8598e-01 -4.2387e+00 +6.2344e-01 -2.9737e-01 +3.4811e+00 +1.2904e+00 -2.6801e+00
1444 0 +3.730182825e+01 +5.131828252e+00 +5.131828252e+00 +4.9671e-01 +1.6956e+00 +3.7173e-01 +4.1392e-01 -3.1688e+00 +1.0650e+00 -8.3830e-01 +3.3455e+00 +1.7376e+00 -2.6875e+00
% f evaluations | g evaluations | best noise-free fitness - Fopt (-5.858000000000e+01) + sum g_i+ | measured fitness | best measured fitness or single-digit g-values | x1 | x2...
1 0 +6.314286158e+02 +5.728486158e+02 +5.728486158e+02 +5.9671e-01 -3.8264e-02 +7.4769e-01 +1.6230e+00 -1.3415e-01 -1.3414e-01 +1.6792e+00 +8.6743e-01 -3.6947e-01 +6.4256e-01
2 0 +4.752561908e+02 +4.166761908e+02 +4.166761908e+02 -3.6342e-01 -3.6573e-01 +3.4196e-01 -1.8133e+00 -1.6249e+00 -4.6229e-01 -9.1283e-01 +4.1425e-01 -8.0802e-01 -1.3123e+00
3 0 +4.402688276e+02 +3.816888276e+02 +3.816888276e+02 +1.5656e+00 -1.2578e-01 +1.6753e-01 -1.3247e+00 -4.4438e-01 +2.1092e-01 -1.0510e+00 +4.7570e-01 -5.0064e-01 -1.9169e-01
5 0 +3.897761269e+02 +3.311961269e+02 +3.311961269e+02 +8.3847e-01 +2.7137e-01 -1.5648e-02 -2.0110e-01 -1.3785e+00 -6.1984e-01 -3.6064e-01 +1.1571e+00 +4.4362e-01 -1.6630e+00
25 0 +3.692683720e+02 +3.106883720e+02 +3.106883720e+02 -6.9252e-01 -1.4736e-02 +6.0499e-01 +9.6576e-01 -1.1003e+00 -2.3450e-01 -3.7495e-01 -5.5333e-01 +1.8655e+00 +5.0498e-01
57 0 +3.653074078e+02 +3.067274078e+02 +3.067274078e+02 -1.6016e+00 -1.0524e+00 +9.4164e-02 -6.9440e-01 -7.6152e-01 -1.0447e+00 -1.7639e+00 -6.0673e-02 +9.1381e-01 -8.1856e-01
58 0 +3.532531924e+02 +2.946731924e+02 +2.946731924e+02 -1.3656e+00 -6.5140e-01 +3.7988e-01 -7.4436e-01 -8.7855e-01 -1.5923e+00 -2.7245e-01 +7.8380e-01 -1.1070e-01 +8.6231e-01
62 0 +3.465662710e+02 +2.879862710e+02 +2.879862710e+02 -1.3679e+00 -1.0491e+00 +1.2889e+00 +1.6874e+00 -1.6499e+00 -5.7758e-01 -4.8296e-02 +6.5332e-01 +3.1952e+00 -5.1434e-01
79 0 +3.204912974e+02 +2.619112974e+02 +2.619112974e+02 +1.7570e-02 +1.3823e+00 -1.8773e+00 +1.3858e+00 -1.4921e+00 -7.2914e-01 -1.8370e+00 +1.0502e+00 -1.9078e-01 +1.0261e+00
87 0 +3.115314118e+02 +2.529514118e+02 +2.529514118e+02 -1.6451e+00 +1.5195e+00 -2.2523e+00 +1.3423e-01 -2.0122e+00 -1.4338e+00 -9.9217e-01 +1.5894e+00 +9.0748e-01 -6.4236e-01
96 0 +2.510939178e+02 +1.925139178e+02 +1.925139178e+02 -8.0933e-01 -5.3241e-02 -1.1975e+00 +2.3112e-01 -1.9668e+00 -1.7117e+00 -1.7278e+00 +5.1768e-01 +1.4065e+00 +7.7114e-02
97 0 +2.222640157e+02 +1.636840157e+02 +1.636840157e+02 +4.5441e-01 +5.3544e-01 -2.2391e-01 +1.2426e+00 -2.3672e+00 -1.4657e+00 -2.3272e+00 +2.3608e-01 +1.8540e+00 +1.0813e+00
101 0 +2.063929612e+02 +1.478129612e+02 +1.478129612e+02 -2.2292e+00 +1.1977e+00 -2.0302e+00 +5.9845e-01 -1.2182e+00 -2.4502e+00 -2.9775e+00 +1.8365e+00 +2.1934e+00 +1.0277e+00
118 0 +2.055741930e+02 +1.469941930e+02 +1.469941930e+02 -3.2695e-01 -3.1259e-01 -8.8572e-01 +1.5449e+00 -2.8030e+00 -1.5724e+00 -2.3171e+00 +7.6183e-01 +1.9045e+00 +1.5611e+00
126 0 +1.829496480e+02 +1.243696480e+02 +1.243696480e+02 -9.8245e-01 -9.2676e-01 -2.2263e+00 -5.8191e-01 -1.5415e+00 -2.0389e+00 -2.0447e+00 +1.7161e+00 +2.3170e+00 +1.6877e+00
167 0 +1.822486995e+02 +1.236686995e+02 +1.236686995e+02 -1.9138e+00 -7.6097e-01 +2.2587e+00 +5.9993e-01 -1.4949e+00 -1.8453e+00 -3.8457e+00 +4.4527e+00 +1.9609e+00 +1.0992e+00
240 0 +1.774314572e+02 +1.188514572e+02 +1.188514572e+02 -1.8059e+00 +1.5223e+00 +3.8285e+00 +7.6699e-01 -2.7272e+00 -2.6892e+00 -1.8415e+00 +2.5667e+00 +2.3646e+00 +9.7618e-01
273 0 +1.744128940e+02 +1.158328940e+02 +1.158328940e+02 -1.6445e+00 +3.2684e+00 +3.1233e+00 +1.7291e+00 -3.6215e+00 -3.1403e+00 -1.8492e+00 +2.8986e+00 +2.6876e+00 +3.8188e-02
309 0 +1.738301067e+02 +1.152501067e+02 +1.152501067e+02 +1.4367e+00 +1.7314e-01 -1.7710e+00 +2.4832e+00 -4.0866e+00 -4.2434e+00 -2.6974e+00 +3.1832e-01 +2.5074e+00 +1.4594e+00
327 0 +1.720651470e+02 +1.134851470e+02 +1.134851470e+02 +2.8252e+00 -1.2120e+00 -5.5438e-01 +1.0164e+00 -4.1129e+00 -2.3782e+00 -7.0176e-01 +2.8392e+00 +2.8057e+00 -9.2872e-01
362 0 +1.456942345e+02 +8.711423448e+01 +8.711423448e+01 +2.4125e+00 +2.5326e+00 +1.0140e-01 +1.3958e+00 -4.0931e+00 -2.7966e+00 -3.7807e+00 +2.2200e+00 +3.9842e+00 +6.4464e-01
431 0 +1.426774056e+02 +8.409740563e+01 +8.409740563e+01 +1.0232e+00 +1.0062e+00 -4.5603e-01 +1.7591e+00 -4.1609e+00 -2.7071e+00 -2.3032e+00 +1.3678e+00 +1.7530e+00 +1.3054e+00
474 0 +1.305233801e+02 +7.194338014e+01 +7.194338014e+01 -9.9768e-01 -3.0431e+00 +2.3402e+00 +2.0586e+00 -3.9793e+00 -2.5775e+00 -3.2368e+00 +3.6080e+00 +3.0845e+00 +2.2298e+00
489 0 +1.279785031e+02 +6.939850311e+01 +6.939850311e+01 +7.5806e-01 -4.1746e+00 -7.4756e-01 +1.2863e+00 -2.5005e+00 -4.9786e+00 -3.2222e+00 +4.3262e-01 +2.2490e+00 +5.6900e-01
493 0 +1.175693032e+02 +5.898930321e+01 +5.898930321e+01 +8.3397e-01 -6.6667e-01 +4.2465e-02 +4.0776e-01 -2.9457e+00 -1.9741e+00 -2.7431e+00 +3.7728e+00 +3.1925e+00 -8.5397e-02
506 0 +1.150439880e+02 +5.646398801e+01 +5.646398801e+01 -1.1477e+00 -1.7774e+00 +1.7820e-01 +1.3529e+00 -2.1879e+00 -4.0140e+00 -3.4777e+00 +3.7123e+00 +3.0513e+00 +2.1089e+00
511 0 +1.082030990e+02 +4.962309895e+01 +4.962309895e+01 +2.0647e+00 -2.7342e+00 +1.6584e+00 -5.7518e-02 -3.6692e+00 -2.9085e+00 -2.9276e+00 +2.9232e+00 +4.0650e+00 +1.6504e+00
540 0 +1.075847963e+02 +4.900479634e+01 +4.900479634e+01 +3.8679e+00 -6.8568e-01 +2.1072e-01 +6.0681e-01 -1.5509e+00 -1.9051e+00 -3.6507e+00 +3.7606e+00 +2.9470e+00 +1.3278e+00
678 0 +1.059072241e+02 +4.732722408e+01 +4.732722408e+01 +2.7229e+00 -2.5156e+00 +1.3961e-01 +4.1979e+00 -4.1169e+00 -4.1400e+00 -4.0844e+00 +1.6769e+00 +2.2061e+00 +1.5616e+00
739 0 +6.718203992e+01 +8.602039916e+00 +8.602039916e+00 +2.0657e+00 -2.5246e+00 -2.3538e-02 +2.5420e+00 -2.5495e+00 -3.9290e+00 -2.2421e+00 +2.7120e+00 +2.7593e+00 +1.6563e+00
1021 0 +6.073727888e+01 +2.157278878e+00 +2.157278878e+00 +2.9911e+00 -2.5239e+00 +1.7462e+00 +1.2594e+00 -3.6882e+00 -3.9345e+00 -3.6513e+00 +2.5387e+00 +3.0255e+00 +1.3340e+00
1275 0 +3.366924045e+01 -2.491075955e+01 -2.491075955e+01 +1.6098e+00 -1.5592e+00 +1.8704e+00 +2.6275e+00 -4.3477e+00 -3.8057e+00 -3.6876e+00 +2.7309e+00 +2.6779e+00 +6.0761e-01
