% f evaluations | g evaluations | best noise-free fitness - Fopt (4.078000000000e+01) + sum g_i+ | measured fitness | best measured fitness or single-digit g-values | x1 | x2...
1 0 +1.350118447e+01 +5.428118447e+01 +5.428118447e+01 +5.9671e-01 -3.8264e-02
2 0 +7.943478144e+00 +4.872347814e+01 +4.872347814e+01 +7.4769e-01 +1.6230e+00
7 0 +4.918213542e+00 +4.569821354e+01 +4.569821354e+01 +3.4196e-01 -1.8133e+00
23 0 +2.760707788e+00 +4.354070779e+01 +4.354070779e+01 +7.7131e-01 +9.1955e-01
32 0 +2.051899099e+00 +4.283189910e+01 +4.283189910e+01 +1.0358e+00 +1.4428e+00
33 0 +1.021196426e+00 +4.180119643e+01 +4.180119643e+01 +9.8119e-01 +3.0006e+00
41 0 +4.015037217e-03 +4.078401504e+01 +4.078401504e+01 -2.6371e+00 -1.7984e+00
97 0 +8.803129557e-04 +4.078088031e+01 +4.078088031e+01 -2.3136e+00 -1.6384e+00
137 0 +8.650776581e-05 +4.078008651e+01 +4.078008651e+01 -2.4030e+00 -1.7069e+00
151 0 +2.896096677e-05 +4.078002896e+01 +4.078002896e+01 -2.5439e+00 -1.7856e+00
175 0 +7.668491413e-06 +4.078000767e+01 +4.078000767e+01 -2.4960e+00 -1.7553e+00
189 0 +1.215362744e-08 +4.078000001e+01 +4.078000001e+01 -2.5181e+00 -1.7864e+00
190 0 +6.103704209e-10 +4.078000000e+01 +4.078000000e+01 -2.5141e+00 -1.7852e+00
% f evaluations | g evaluations | best noise-free fitness - Fopt (-1.600000000000e+00) + sum g_i+ | measured fitness | best measured fitness or single-digit g-values | x1 | x2...
1 0 +1.419343953e+01 +1.259343953e+01 +1.259343953e+01 +5.9671e-01 -3.8264e-02
3 0 +1.086932603e+01 +9.269326034e+00 +9.269326034e+00 -1.3415e-01 -1.3414e-01
5 0 +5.693827806e+00 +4.093827806e+00 +4.093827806e+00 -3.6947e-01 +6.4256e-01
7 0 +3.558153213e-01 -1.244184679e+00 -1.244184679e+00 +3.4196e-01 -1.8133e+00
% f evaluations | g evaluations | best noise-free fitness - Fopt (-3.708400000000e+02) + sum g_i+ | measured fitness | best measured fitness or single-digit g-values | x1 | x2...
1 0 +9.231470347e+00 -3.616085297e+02 -3.616085297e+02 +5.9671e-01 -3.8264e-02
2 0 +6.922834082e+00 -3.639171659e+02 -3.639171659e+02 +7.4769e-01 +1.6230e+00
4 0 +4.225998036e+00 -3.666140020e+02 -3.666140020e+02 +1.6792e+00 +8.6743e-01
14 0 +2.182206695e+00 -3.686577933e+02 -3.686577933e+02 +1.3021e+00 +1.1037e+00
26 0 +5.024918867e-01 -3.703375081e+02 -3.703375081e+02 +1.8992e+00 -3.5094e-01
% f evaluations | g evaluations | best noise-free fitness - Fopt (-3.256000000000e+01) + sum g_i+ | measured fitness | best measured fitness or single-digit g-values | x1 | x2...
1 0 +6.106144576e+00 -2.645385542e+01 -2.645385542e+01 +5.9671e-01 -3.8264e-02
2 0 +2.827864232e+00 -2.973213577e+01 -2.973213577e+01 +7.4769e-01 +1.6230e+00
4 0 +2.024611458e+00 -3.053538854e+01 -3.053538854e+01 +1.6792e+00 +8.6743e-01
13 0 +1.986255544e+00 -3.057374446e+01 -3.057374446e+01 -4.4841e-01 -8.9578e-01
17 0 +1.567458083e+00 -3.099254192e+01 -3.099254192e+01 +1.1089e+00 +1.6536e+00
% f evaluations | g evaluations | best noise-free fitness - Fopt (5.154000000000e+02) + sum g_i+ | measured fitness | best measured fitness or single-digit g-values | x1 | x2...
1 0 +1.789739449e+01 +5.332973945e+02 +5.332973945e+02 +5.9671e-01 -3.8264e-02
2 0 +1.308256334e+01 +5.284825633e+02 +5.284825633e+02 +7.4769e-01 +1.6230e+00
3 0 +1.077660290e+01 +5.261766029e+02 +5.261766029e+02 -1.3415e-01 -1.3414e-01
4 0 +1.043791942e+01 +5.258379194e+02 +5.258379194e+02 +1.6792e+00 +8.6743e-01
5 0 +1.975269715e+00 +5.173752697e+02 +5.173752697e+02 -3.6947e-01 +6.4256e-01
9 0 +1.322824888e+00 +5.167228249e+02 +5.167228249e+02 -9.1283e-01 +4.1425e-01
46 0 +1.259167977e+00 +5.166591680e+02 +5.166591680e+02 -8.6046e-01 +4.6836e-01
80 0 +1.255207746e+00 +5.166552077e+02 +5.166552077e+02 -8.5326e-01 +4.5949e-01
119 0 +1.245273401e+00 +5.166452734e+02 +5.166452734e+02 -8.1347e-01 +4.7215e-01
191 0 +1.245264152e+00 +5.166452642e+02 +5.166452642e+02 -8.1142e-01 +4.7174e-01
230 0 +1.245255654e+00 +5.166452557e+02 +5.166452557e+02 -8.1176e-01 +4.7233e-01
% f evaluations | g evaluations | best noise-free fitness - Fopt (-8.628000000000e+01) + sum g_i+ | measured fitness | best measured fitness or single-digit g-values | x1 | x2...
1 0 +7.803404925e+00 -7.847659508e+01 -7.847659508e+01 +5.9671e-01 -3.8264e-02
3 0 +4.172177375e+00 -8.210782262e+01 -8.210782262e+01 -1.3415e-01 -1.3414e-01
4 0 +4.142676131e+00 -8.213732387e+01 -8.213732387e+01 +1.6792e+00 +8.6743e-01
6 0 +2.404109351e+00 -8.387589065e+01 -8.387589065e+01 -3.6342e-01 -3.6573e-01
60 0 +1.486619579e+00 -8.479338042e+01 -8.479338042e+01 -6.9440e-02 -1.5711e+00
105 0 +8.669478146e-01 -8.541305219e+01 -8.541305219e+01 +5.8904e-01 -1.1524e+00
141 0 +7.924151468e-01 -8.548758485e+01 -8.548758485e+01 +8.2313e-01 -9.9863e-01
195 0 +7.536211449e-01 -8.552637886e+01 -8.552637886e+01 +1.5082e+00 -6.0156e-01
198 0 +7.285018518e-01 -8.555149815e+01 -8.555149815e+01 +1.4798e+00 -5.8676e-01
200 0 +7.155100795e-01 -8.556448992e+01 -8.556448992e+01 +1.2177e+00 -7.8288e-01
206 0 +7.089851758e-01 -8.557101482e+01 -8.557101482e+01 +1.2690e+00 -7.4784e-01
217 0 +7.078052410e-01 -8.557219476e+01 -8.557219476e+01 +1.0287e+00 -8.8221e-01
242 0 +6.930213879e-01 -8.558697861e+01 -8.558697861e+01 +1.2674e+00 -7.3884e-01
286 0 +6.929931552e-01 -8.558700684e+01 -8.558700684e+01 +1.2136e+00 -7.7327e-01
291 0 +6.920961201e-01 -8.558790388e+01 -8.558790388e+01 +1.2643e+00 -7.3810e-01
324 0 +6.918759016e-01 -8.558812410e+01 -8.558812410e+01 +1.2320e+00 -7.5871e-01
363 0 +6.918609833e-01 -8.558813902e+01 -8.558813902e+01 +1.2335e+00 -7.5727e-01
389 0 +6.918570175e-01 -8.558814298e+01 -8.558814298e+01 +1.2369e+00 -7.5522e-01
% f evaluations | g evaluations | best noise-free fitness - Fopt (2.224000000000e+01) + sum g_i+ | measured fitness | best measured fitness or single-digit g-values | x1 | x2...
1 0 +4.851471034e+00 +2.709147103e+01 +2.709147103e+01 +5.9671e-01 -3.8264e-02
4 0 +1.042537438e+00 +2.328253744e+01 +2.328253744e+01 +1.6792e+00 +8.6743e-01
26 0 +4.802985091e-01 +2.272029851e+01 +2.272029851e+01 +2.4741e+00 +8.6868e-01
32 0 +1.713756840e-02 +2.225713757e+01 +2.225713757e+01 +2.9536e+00 +1.4005e+00
55 0 +2.052196738e-03 +2.224205220e+01 +2.224205220e+01 +2.6864e+00 +1.3233e+00
73 0 +2.200256073e-04 +2.224022003e+01 +2.224022003e+01 +2.3982e+00 +1.0615e+00
90 0 +2.474259999e-05 +2.224002474e+01 +2.224002474e+01 +2.5820e+00 +1.1872e+00
133 0 +6.101842100e-06 +2.224000610e+01 +2.224000610e+01 +2.4821e+00 +1.1272e+00
135 0 +1.665523737e-06 +2.224000167e+01 +2.224000167e+01 +2.5680e+00 +1.1920e+00
158 0 +3.371017137e-07 +2.224000034e+01 +2.224000034e+01 +2.5315e+00 +1.1629e+00
159 0 +8.132793994e-08 +2.224000008e+01 +2.224000008e+01 +2.5100e+00 +1.1520e+00
180 0 +4.958726763e-08 +2.224000005e+01 +2.224000005e+01 +2.5198e+00 +1.1675e+00
202 0 +9.903438070e-09 +2.224000001e+01 +2.224000001e+01 +2.5111e+00 +1.1570e+00
% f evaluations | g evaluations | best noise-free fitness - Fopt (-2.301000000000e+01) + sum g_i+ | measured fitness | best measured fitness or single-digit g-values | x1 | x2...
1 0 +1.959353978e+01 -3.416460216e+00 -3.416460216e+00 +5.9671e-01 -3.8264e-02
3 0 +8.044413205e+00 -1.496558679e+01 -1.496558679e+01 -1.3415e-01 -1.3414e-01
11 0 +7.331696614e+00 -1.567830339e+01 -1.567830339e+01 +6.1728e-02 +7.0830e-02
12 0 +7.123188556e+00 -1.588681144e+01 -1.588681144e+01 +4.7081e-01 +4.5971e-01
26 0 +6.951706072e+00 -1.605829393e+01 -1.605829393e+01 +7.1610e-01 +6.7112e-01
31 0 +4.017028110e+00 -1.899297189e+01 -1.899297189e+01 +1.4436e+00 +1.5787e+00
% f evaluations | g evaluations | best noise-free fitness - Fopt (-3.323700000000e+02) + sum g_i+ | measured fitness | best measured fitness or single-digit g-values | x1 | x2...
1 0 +9.350421292e+00 -3.230195787e+02 -3.230195787e+02 +5.9671e-01 -3.8264e-02
6 0 +7.916324364e+00 -3.244536756e+02 -3.244536756e+02 -3.6342e-01 -3.6573e-01
10 0 +4.150087220e+00 -3.282199128e+02 -3.282199128e+02 -8.0802e-01 -1.3123e+00
21 0 +3.456519217e+00 -3.289134808e+02 -3.289134808e+02 +8.9478e-01 +2.2551e-02
38 0 +2.492446617e+00 -3.298775534e+02 -3.298775534e+02 +1.5981e+00 -9.9165e-02
39 0 +2.016816755e+00 -3.303531832e+02 -3.303531832e+02 +2.9444e-01 -8.6750e-01
132 0 +1.451246514e+00 -3.309187535e+02 -3.309187535e+02 +2.7550e+00 +8.3105e-01
223 0 +1.087392759e+00 -3.312826072e+02 -3.312826072e+02 +3.0611e+00 +3.9570e-01
324 0 +1.076657604e+00 -3.312933424e+02 -3.312933424e+02 +3.0645e+00 +4.1621e-01
325 0 +1.062057080e+00 -3.313079429e+02 -3.313079429e+02 +3.0578e+00 +4.2827e-01
328 0 +1.058751121e+00 -3.313112489e+02 -3.313112489e+02 +3.0509e+00 +4.1987e-01
341 0 +1.054650925e+00 -3.313153491e+02 -3.313153491e+02 +3.0521e+00 +4.2454e-01
362 0 +1.052568357e+00 -3.313174316e+02 -3.313174316e+02 +3.0485e+00 +4.2537e-01
371 0 +1.046032107e+00 -3.313239679e+02 -3.313239679e+02 +3.0484e+00 +4.3264e-01
382 0 +1.039222622e+00 -3.313307774e+02 -3.313307774e+02 +3.0387e+00 +4.3834e-01
396 0 +1.025626965e+00 -3.313443730e+02 -3.313443730e+02 +3.0343e+00 +4.5027e-01
401 0 +1.013487618e+00 -3.313565124e+02 -3.313565124e+02 +3.0140e+00 +4.7204e-01
406 0 +1.007511383e+00 -3.313624886e+02 -3.313624886e+02 +3.0199e+00 +4.7024e-01
414 0 +9.955119638e-01 -3.313744880e+02 -3.313744880e+02 +3.0178e+00 +4.7986e-01
419 0 +9.690601978e-01 -3.314009398e+02 -3.314009398e+02 +2.9980e+00 +5.1050e-01
426 0 +9.247593236e-01 -3.314452407e+02 -3.314452407e+02 +2.9827e+00 +5.5717e-01
432 0 +8.922520565e-01 -3.314777479e+02 -3.314777479e+02 +2.9297e+00 +6.2443e-01
447 0 +8.825405563e-01 -3.314874594e+02 -3.314874594e+02 +2.9439e+00 +6.1410e-01
450 0 +8.575813709e-01 -3.315124186e+02 -3.315124186e+02 +2.8956e+00 +6.8557e-01
453 0 +8.506729065e-01 -3.315193271e+02 -3.315193271e+02 +2.9229e+00 +7.0007e-01
460 0 +8.072212524e-01 -3.315627787e+02 -3.315627787e+02 +2.8728e+00 +7.4334e-01
463 0 +7.518988243e-01 -3.316181012e+02 -3.316181012e+02 +2.7945e+00 +9.5051e-01
484 0 +7.357608622e-01 -3.316342391e+02 -3.316342391e+02 +2.6548e+00 +1.2282e+00
487 0 +7.046958653e-01 -3.316653041e+02 -3.316653041e+02 +2.6987e+00 +1.0792e+00
495 0 +6.947772316e-01 -3.316752228e+02 -3.316752228e+02 +2.6371e+00 +1.2012e+00
% f evaluations | g evaluations | best noise-free fitness - Fopt (-1.231300000000e+02) + sum g_i+ | measured fitness | best measured fitness or single-digit g-values | x1 | x2...
1 0 +2.949102028e+00 -1.201808980e+02 -1.201808980e+02 +5.9671e-01 -3.8264e-02
2 0 +1.876116135e+00 -1.212538839e+02 -1.212538839e+02 +7.4769e-01 +1.6230e+00
111 0 +1.829185794e+00 -1.213008142e+02 -1.213008142e+02 +1.2454e-01 +1.2220e+00
174 0 +1.816863330e+00 -1.213131367e+02 -1.213131367e+02 +3.8651e-02 +1.1677e+00
188 0 +1.815225139e+00 -1.213147749e+02 -1.213147749e+02 -9.3400e-02 +1.1660e+00
190 0 +1.811101217e+00 -1.213188988e+02 -1.213188988e+02 +6.5507e-02 +1.1989e+00
212 0 +1.805030469e+00 -1.213249695e+02 -1.213249695e+02 -4.3108e-02 +1.1720e+00
225 0 +1.803941926e+00 -1.213260581e+02 -1.213260581e+02 -3.0465e-02 +1.1731e+00
255 0 +1.803339300e+00 -1.213266607e+02 -1.213266607e+02 -2.0436e-02 +1.1794e+00
257 0 +1.803141454e+00 -1.213268585e+02 -1.213268585e+02 +4.9013e-04 +1.1848e+00
269 0 +1.803093888e+00 -1.213269061e+02 -1.213269061e+02 -6.8587e-03 +1.1836e+00
272 0 +1.803058877e+00 -1.213269411e+02 -1.213269411e+02 -1.1296e-02 +1.1811e+00
312 0 +1.803038687e+00 -1.213269613e+02 -1.213269613e+02 -4.0997e-03 +1.1828e+00
314 0 +1.803027261e+00 -1.213269727e+02 -1.213269727e+02 -6.9325e-03 +1.1807e+00
328 0 +1.803019472e+00 -1.213269805e+02 -1.213269805e+02 -6.9639e-03 +1.1813e+00
