% f evaluations | g evaluations | best noise-free fitness - Fopt (3.590000000000e+01) + sum g_i+ | measured fitness | best measured fitness or single-digit g-values | x1 | x2...
1 0 +3.391355936e+04 +3.394945936e+04 +3.394945936e+04 +5.9671e-01 -3.8264e-02 +7.4769e-01 +1.6230e+00 -1.3415e-01
10 0 +1.809916825e+04 +1.813506825e+04 +1.813506825e+04 -6.1984e-01 -3.6064e-01 +1.1571e+00 +4.4362e-01 -1.6630e+00
15 0 +3.090526178e+03 +3.126426178e+03 +3.126426178e+03 +4.6140e-01 +1.6380e+00 +6.4174e-02 +1.6646e+00 -2.5197e+00
26 0 +5.758062986e+01 +9.348062986e+01 +9.348062986e+01 -9.5479e-02 +2.5622e+00 +2.6140e-03 +3.4515e+00 -3.3791e+00
35 0 +4.769173720e+01 +8.359173720e+01 +8.359173720e+01 -1.0430e+00 +2.5669e+00 +8.8036e-01 +8.1520e-01 -2.8495e+00
37 0 +4.520221643e+01 +8.110221643e+01 +8.110221643e+01 -1.0816e+00 +2.0560e+00 +3.1630e+00 +2.4154e+00 -3.2832e+00
38 0 +4.096517880e+01 +7.686517880e+01 +7.686517880e+01 +8.7679e-02 +6.3267e-01 +2.1334e+00 +3.5524e+00 -3.3568e+00
45 0 +3.822398355e+01 +7.412398355e+01 +7.412398355e+01 -1.5523e-01 +1.1836e+00 +2.7885e+00 +7.5573e-01 -4.1133e+00
53 0 +2.379703854e+01 +5.969703854e+01 +5.969703854e+01 +1.5701e+00 +1.1748e+00 +1.2088e+00 +3.4327e+00 -3.3844e+00
277 0 +1.653884629e+01 +5.243884629e+01 +5.243884629e+01 +9.6075e-01 +3.3588e-01 +3.3208e+00 +1.3105e+00 -3.2562e+00
417 0 +1.394838303e+01 +4.984838303e+01 +4.984838303e+01 +1.2336e+00 -4.5168e-01 +3.5492e+00 +2.3171e+00 -3.3685e+00
514 0 +6.754520879e+00 +4.265452088e+01 +4.265452088e+01 +2.0648e+00 +1.8428e+00 +3.0264e+00 +4.1061e+00 -2.3660e+00
584 0 +6.249358084e+00 +4.214935808e+01 +4.214935808e+01 +2.5536e+00 +9.4100e-01 +3.1063e+00 +3.5204e+00 -2.9596e+00
592 0 +3.829211819e+00 +3.972921182e+01 +3.972921182e+01 +2.0282e+00 +1.6614e+00 +2.9034e+00 +3.3947e+00 -2.0486e+00
953 0 +2.774435784e+00 +3.867443578e+01 +3.867443578e+01 +2.1489e+00 +1.5738e+00 +2.6072e+00 +3.2620e+00 -2.0692e+00
1053 0 +2.547855319e+00 +3.844785532e+01 +3.844785532e+01 +2.3124e+00 +1.9128e+00 +2.3415e+00 +3.7386e+00 -1.8102e+00
1070 0 +1.385061731e+00 +3.728506173e+01 +3.728506173e+01 +2.3635e+00 +1.2924e+00 +2.4237e+00 +3.4416e+00 -1.7992e+00
1237 0 +9.749443244e-01 +3.687494432e+01 +3.687494432e+01 +2.4368e+00 +1.4310e+00 +2.4568e+00 +3.5289e+00 -1.6574e+00
