% f evaluations | g evaluations | best noise-free fitness - Fopt (-1.000000000000e+03) + sum g_i+ | measured fitness | best measured fitness or single-digit g-values | x1 | x2...
1 0 +2.230668134e+01 -9.776933187e+02 -9.776933187e+02 +5.9671e-01 -3.8264e-02 +7.4769e-01 +1.6230e+00 -1.3415e-01
9 0 +2.156985621e+01 -9.784301438e+02 -9.784301438e+02 +8.3847e-01 +2.7137e-01 -1.5648e-02 -2.0110e-01 -1.3785e+00
14 0 +2.196735054e+00 -9.978032649e+02 -9.978032649e+02 +1.4562e+00 +2.7990e-02 +1.1035e+00 +4.6164e-01 -5.4512e-01
207 0 +4.922330831e-01 -9.995077669e+02 -9.995077669e+02 +1.6498e+00 -1.6041e-02 +1.5201e+00 -3.9429e-01 -1.0164e+00
406 0 +1.346573565e-01 -9.998653426e+02 -9.998653426e+02 +5.2366e-01 +7.5351e-01 +3.3416e+00 -2.9125e-01 -2.2746e+00
426 0 +1.005433139e-01 -9.998994567e+02 -9.998994567e+02 +2.2871e+00 +6.3137e-01 +1.6414e+00 +7.7021e-01 -5.5492e-01
449 0 +3.566824768e-03 -9.999964332e+02 -9.999964332e+02 +1.5336e+00 +5.0654e-01 +2.3701e+00 -2.0009e-01 -1.4819e+00
472 0 +3.090814619e-03 -9.999969092e+02 -9.999969092e+02 +1.2246e+00 +5.8771e-01 +2.5629e+00 -4.9212e-02 -1.6270e+00
512 0 +9.631761247e-04 -9.999990368e+02 -9.999990368e+02 +1.2734e+00 +8.8068e-01 +2.8518e+00 +1.6087e-01 -1.6656e+00
536 0 +2.995141469e-04 -9.999997005e+02 -9.999997005e+02 +1.1494e+00 +7.5494e-01 +2.8412e+00 -3.1569e-01 -1.9447e+00
640 0 +6.741140169e-06 -9.999999933e+02 -9.999999933e+02 +1.3620e+00 +6.8373e-01 +2.6246e+00 -2.0638e-01 -1.6913e+00
935 0 +5.131148896e-06 -9.999999949e+02 -9.999999949e+02 +1.3969e+00 +6.9824e-01 +2.5642e+00 -6.6293e-02 -1.6070e+00
947 0 +3.024300327e-06 -9.999999970e+02 -9.999999970e+02 +1.3861e+00 +7.7353e-01 +2.6255e+00 +9.3721e-03 -1.6150e+00
999 0 +2.439337777e-06 -9.999999976e+02 -9.999999976e+02 +1.3664e+00 +7.4249e-01 +2.6291e+00 -1.7494e-02 -1.6233e+00
1000 0 +4.669230975e-07 -9.999999995e+02 -9.999999995e+02 +1.3532e+00 +7.4103e-01 +2.6301e+00 -6.2029e-02 -1.6534e+00
1037 0 +7.443691175e-08 -9.999999999e+02 -9.999999999e+02 +1.3560e+00 +7.0768e-01 +2.6214e+00 -1.3394e-01 -1.6710e+00
1238 0 +4.536445886e-08 -1.000000000e+03 -1.000000000e+03 +1.3702e+00 +7.2660e-01 +2.6175e+00 -1.0126e-01 -1.6547e+00
1243 0 +3.607055987e-09 -1.000000000e+03 -1.000000000e+03 +1.3521e+00 +7.1184e-01 +2.6334e+00 -1.5987e-01 -1.6931e+00
