% f evaluations | g evaluations | best noise-free fitness - Fopt (-6.211100000000e+02) + sum g_i+ | measured fitness | best measured fitness or single-digit g-values | x1 | x2...
1 0 +2.677807685e+08 +2.677801474e+08 +2.677801474e+08 +5.9671e-01 -3.8264e-02
2 0 +2.132546751e+07 +2.132484640e+07 +2.132484640e+07 +7.4769e-01 +1.6230e+00
11 0 +6.579548679e+05 +6.573337579e+05 +6.573337579e+05 +9.4690e-01 +3.1323e+00
21 0 +2.111306000e+05 +2.105094900e+05 +2.105094900e+05 -1.2937e+00 +4.4487e+00
22 0 +4.137232100e+02 -2.073867900e+02 -2.073867900e+02 +8.1173e-01 +3.9742e+00
61 0 +1.972396987e+02 -4.238703013e+02 -4.238703013e+02 +1.8030e+00 +4.0184e+00
73 0 +2.932138805e+01 -5.917886120e+02 -5.917886120e+02 +9.1536e-01 +4.0053e+00
74 0 +2.276961152e+01 -5.983403885e+02 -5.983403885e+02 +1.1738e+00 +3.9972e+00
163 0 +1.769393236e+01 -6.034160676e+02 -6.034160676e+02 +3.3071e+00 +4.0123e+00
164 0 +1.742294412e+01 -6.036870559e+02 -6.036870559e+02 +2.8315e+00 +4.0078e+00
191 0 +1.562128992e+01 -6.054887101e+02 -6.054887101e+02 +2.7848e+00 +4.0080e+00
201 0 +1.391538035e+01 -6.071946196e+02 -6.071946196e+02 +2.8154e+00 +4.0092e+00
223 0 +1.174108524e+01 -6.093689148e+02 -6.093689148e+02 +2.4888e+00 +4.0074e+00
331 0 +1.140338908e+01 -6.097066109e+02 -6.097066109e+02 +2.4289e+00 +4.0071e+00
420 0 +1.137962909e+01 -6.097303709e+02 -6.097303709e+02 +2.4813e+00 +4.0080e+00
451 0 +1.137218825e+01 -6.097378118e+02 -6.097378118e+02 +2.4802e+00 +4.0080e+00
453 0 +1.136683660e+01 -6.097431634e+02 -6.097431634e+02 +2.4794e+00 +4.0080e+00
456 0 +1.136615849e+01 -6.097438415e+02 -6.097438415e+02 +2.4792e+00 +4.0079e+00
458 0 +1.136476321e+01 -6.097452368e+02 -6.097452368e+02 +2.4787e+00 +4.0080e+00
471 0 +1.135828625e+01 -6.097517137e+02 -6.097517137e+02 +2.4780e+00 +4.0080e+00
481 0 +1.135758227e+01 -6.097524177e+02 -6.097524177e+02 +2.4779e+00 +4.0080e+00
485 0 +1.135329177e+01 -6.097567082e+02 -6.097567082e+02 +2.4772e+00 +4.0080e+00
491 0 +1.135135719e+01 -6.097586428e+02 -6.097586428e+02 +2.4769e+00 +4.0080e+00
498 0 +1.134747797e+01 -6.097625220e+02 -6.097625220e+02 +2.4762e+00 +4.0080e+00
% f evaluations | g evaluations | best noise-free fitness - Fopt (-2.548200000000e+02) + sum g_i+ | measured fitness | best measured fitness or single-digit g-values | x1 | x2...
1 0 +1.716443422e+08 +1.716440874e+08 +1.716440874e+08 +5.9671e-01 -3.8264e-02
2 0 +4.254812075e+07 +4.254786593e+07 +4.254786593e+07 +7.4769e-01 +1.6230e+00
4 0 +3.355875288e+07 +3.355849806e+07 +3.355849806e+07 +1.6792e+00 +8.6743e-01
11 0 +1.340211738e+06 +1.339956918e+06 +1.339956918e+06 +3.2937e+00 +2.5939e+00
21 0 +4.352369980e+05 +4.349821780e+05 +4.349821780e+05 +3.8241e+00 +4.4205e+00
23 0 +5.708567133e+02 +3.160367133e+02 +3.160367133e+02 +2.5181e+00 +3.7554e+00
55 0 +1.811439414e+02 -7.367605861e+01 -7.367605861e+01 +2.7804e+00 +3.7436e+00
101 0 +1.462406391e+02 -1.085793609e+02 -1.085793609e+02 +4.5023e+00 +3.7729e+00
152 0 +5.542547002e+01 -1.993945300e+02 -1.993945300e+02 +3.7310e+00 +3.7520e+00
171 0 +2.276642340e+00 -2.525433577e+02 -2.525433577e+02 +3.7182e+00 +3.7599e+00
181 0 +6.418140417e-01 -2.541781860e+02 -2.541781860e+02 +3.8061e+00 +3.7616e+00
201 0 +1.451793607e-02 -2.548054821e+02 -2.548054821e+02 +3.7773e+00 +3.7607e+00
231 0 +2.950483398e-03 -2.548170495e+02 -2.548170495e+02 +3.7873e+00 +3.7608e+00
311 0 +2.819901764e-03 -2.548171801e+02 -2.548171801e+02 +3.7939e+00 +3.7608e+00
361 0 +2.798459022e-03 -2.548172015e+02 -2.548172015e+02 +3.7926e+00 +3.7608e+00
411 0 +2.754875862e-03 -2.548172451e+02 -2.548172451e+02 +3.7932e+00 +3.7608e+00
441 0 +2.628665506e-03 -2.548173713e+02 -2.548173713e+02 +3.7918e+00 +3.7608e+00
481 0 +2.614213720e-03 -2.548173858e+02 -2.548173858e+02 +3.7919e+00 +3.7608e+00
491 0 +2.550961077e-03 -2.548174490e+02 -2.548174490e+02 +3.7913e+00 +3.7608e+00
% f evaluations | g evaluations | best noise-free fitness - Fopt (5.661000000000e+01) + sum g_i+ | measured fitness | best measured fitness or single-digit g-values | x1 | x2...
1 0 +1.480714615e+08 +1.480715181e+08 +1.480715181e+08 +5.9671e-01 -3.8264e-02
3 0 +9.254104492e+07 +9.254110153e+07 +9.254110153e+07 -1.3415e-01 -1.3414e-01
6 0 +6.106136801e+07 +6.106142462e+07 +6.106142462e+07 -3.6342e-01 -3.6573e-01
7 0 +1.368777362e+07 +1.368783023e+07 +1.368783023e+07 +3.4196e-01 -1.8133e+00
10 0 +1.290162217e+07 +1.290167878e+07 +1.290167878e+07 -8.0802e-01 -1.3123e+00
11 0 +3.161320523e+06 +3.161377133e+06 +3.161377133e+06 -2.5564e+00 -1.3137e+00
12 0 +4.122916627e+05 +4.123482727e+05 +4.123482727e+05 -2.1429e+00 -4.3835e+00
13 0 +1.577424161e+05 +1.577990261e+05 +1.577990261e+05 -1.2319e+00 -3.7703e+00
22 0 +5.991342430e+01 +1.165234243e+02 +1.165234243e+02 -1.9542e+00 -3.7298e+00
81 0 +3.281720098e+01 +8.942720098e+01 +8.942720098e+01 -1.8290e+00 -3.8221e+00
161 0 +8.271597571e+00 +6.488159757e+01 +6.488159757e+01 -1.6083e+00 -3.9824e+00
181 0 +8.128053920e+00 +6.473805392e+01 +6.473805392e+01 -1.8298e+00 -3.8134e+00
231 0 +6.896432385e+00 +6.350643238e+01 +6.350643238e+01 -1.8031e+00 -3.8360e+00
252 0 +6.836630870e+00 +6.344663087e+01 +6.344663087e+01 -1.7742e+00 -3.8575e+00
263 0 +6.821355017e+00 +6.343135502e+01 +6.343135502e+01 -1.8805e+00 -3.7776e+00
291 0 +6.606021495e+00 +6.321602149e+01 +6.321602149e+01 -1.8270e+00 -3.8176e+00
307 0 +6.317011005e+00 +6.292701101e+01 +6.292701101e+01 -1.8516e+00 -3.7984e+00
322 0 +6.273975143e+00 +6.288397514e+01 +6.288397514e+01 -1.8563e+00 -3.7950e+00
331 0 +5.895546138e+00 +6.250554614e+01 +6.250554614e+01 -1.9280e+00 -3.7408e+00
354 0 +5.832041184e+00 +6.244204118e+01 +6.244204118e+01 -1.9276e+00 -3.7408e+00
371 0 +5.507578488e+00 +6.211757849e+01 +6.211757849e+01 -2.0097e+00 -3.6790e+00
381 0 +4.425960734e+00 +6.103596073e+01 +6.103596073e+01 -2.1910e+00 -3.5412e+00
391 0 +3.840060584e+00 +6.045006058e+01 +6.045006058e+01 -2.6878e+00 -3.1654e+00
395 0 +3.406355319e+00 +6.001635532e+01 +6.001635532e+01 -2.4932e+00 -3.3124e+00
397 0 +3.305711171e+00 +5.991571117e+01 +5.991571117e+01 -2.4330e+00 -3.3577e+00
401 0 +2.045693333e+00 +5.865569333e+01 +5.865569333e+01 -3.5175e+00 -2.5358e+00
404 0 +1.765321923e+00 +5.837532192e+01 +5.837532192e+01 -2.8885e+00 -3.0122e+00
417 0 +1.344231138e+00 +5.795423114e+01 +5.795423114e+01 -3.1564e+00 -2.8072e+00
418 0 +1.012180801e+00 +5.762218080e+01 +5.762218080e+01 -3.0833e+00 -2.8640e+00
451 0 +3.667726821e-01 +5.697677268e+01 +5.697677268e+01 -3.6014e+00 -2.4711e+00
461 0 +5.877689561e-02 +5.666877690e+01 +5.666877690e+01 -3.7808e+00 -2.3339e+00
462 0 +1.193782402e-02 +5.662193782e+01 +5.662193782e+01 -3.7852e+00 -2.3310e+00
% f evaluations | g evaluations | best noise-free fitness - Fopt (-1.810000000000e+01) + sum g_i+ | measured fitness | best measured fitness or single-digit g-values | x1 | x2...
1 0 +2.316864926e+05 +2.316683926e+05 +2.316683926e+05 +5.9671e-01 -3.8264e-02
5 0 +5.092038052e+02 +4.911038052e+02 +4.911038052e+02 -3.6947e-01 +6.4256e-01
19 0 +3.322101433e+02 +3.141101433e+02 +3.141101433e+02 -1.4903e+00 +8.8676e-01
34 0 +2.448249760e+00 -1.565175024e+01 -1.565175024e+01 +7.4925e-02 +5.6994e-01
91 0 +4.704477906e-01 -1.762955221e+01 -1.762955221e+01 -4.9587e-01 +6.9398e-01
131 0 +2.010966406e-01 -1.789890336e+01 -1.789890336e+01 -5.3733e-01 +7.0280e-01
141 0 +1.309814483e-01 -1.796901855e+01 -1.796901855e+01 -5.2024e-01 +6.9826e-01
151 0 +8.405096855e-02 -1.801594903e+01 -1.801594903e+01 -5.1874e-01 +6.9801e-01
161 0 +5.430827656e-02 -1.804569172e+01 -1.804569172e+01 -5.3360e-01 +7.0176e-01
181 0 +4.164985457e-02 -1.805835015e+01 -1.805835015e+01 -5.1657e-01 +6.9800e-01
191 0 +1.147444420e-02 -1.808852556e+01 -1.808852556e+01 -5.1033e-01 +6.9646e-01
211 0 +1.071936276e-02 -1.808928064e+01 -1.808928064e+01 -5.2351e-01 +6.9938e-01
221 0 +8.984498547e-03 -1.809101550e+01 -1.809101550e+01 -5.2180e-01 +6.9896e-01
231 0 +8.464089793e-03 -1.809153591e+01 -1.809153591e+01 -5.2475e-01 +6.9961e-01
261 0 +8.192797211e-03 -1.809180720e+01 -1.809180720e+01 -5.2807e-01 +7.0035e-01
291 0 +7.588312187e-03 -1.809241169e+01 -1.809241169e+01 -5.2930e-01 +7.0060e-01
331 0 +7.301319716e-03 -1.809269868e+01 -1.809269868e+01 -5.3113e-01 +7.0100e-01
351 0 +7.130607209e-03 -1.809286939e+01 -1.809286939e+01 -5.3337e-01 +7.0150e-01
361 0 +6.773635487e-03 -1.809322636e+01 -1.809322636e+01 -5.3615e-01 +7.0208e-01
381 0 +6.734861803e-03 -1.809326514e+01 -1.809326514e+01 -5.3425e-01 +7.0168e-01
401 0 +6.706225963e-03 -1.809329377e+01 -1.809329377e+01 -5.3451e-01 +7.0173e-01
416 0 +6.693353847e-03 -1.809330665e+01 -1.809330665e+01 -5.3494e-01 +7.0182e-01
421 0 +6.663274280e-03 -1.809333673e+01 -1.809333673e+01 -5.3467e-01 +7.0177e-01
431 0 +6.536672266e-03 -1.809346333e+01 -1.809346333e+01 -5.3571e-01 +7.0199e-01
441 0 +6.466707486e-03 -1.809353329e+01 -1.809353329e+01 -5.3588e-01 +7.0203e-01
451 0 +6.420258767e-03 -1.809357974e+01 -1.809357974e+01 -5.3613e-01 +7.0209e-01
% f evaluations | g evaluations | best noise-free fitness - Fopt (3.777000000000e+01) + sum g_i+ | measured fitness | best measured fitness or single-digit g-values | x1 | x2...
1 0 +4.399358978e+06 +4.399396748e+06 +4.399396748e+06 +5.9671e-01 -3.8264e-02
2 0 +2.052199733e+05 +2.052577433e+05 +2.052577433e+05 +7.4769e-01 +1.6230e+00
15 0 +3.903600080e+03 +3.941370080e+03 +3.941370080e+03 +7.4718e-02 +2.0559e+00
31 0 +5.867842597e+02 +6.245542597e+02 +6.245542597e+02 -2.7386e-01 +2.1105e+00
42 0 +5.134181598e+02 +5.511881598e+02 +5.511881598e+02 -3.5752e-01 +2.1572e+00
44 0 +1.792194991e+02 +2.169894991e+02 +2.169894991e+02 -6.4182e-01 +2.0999e+00
81 0 +6.875121048e-01 +3.845751210e+01 +3.845751210e+01 -6.1021e-01 +2.1193e+00
181 0 +6.776940256e-01 +3.844769403e+01 +3.844769403e+01 -5.1714e-01 +2.1262e+00
201 0 +5.384904955e-01 +3.830849050e+01 +3.830849050e+01 -2.1800e-01 +2.1332e+00
241 0 +4.622134765e-01 +3.823221348e+01 +3.823221348e+01 -4.0171e-01 +2.1327e+00
251 0 +2.387047041e-01 +3.800870470e+01 +3.800870470e+01 -4.5983e-01 +2.1308e+00
261 0 +2.275744067e-01 +3.799757441e+01 +3.799757441e+01 -4.2942e-01 +2.1320e+00
291 0 +2.053180633e-01 +3.797531806e+01 +3.797531806e+01 -4.5109e-01 +2.1311e+00
331 0 +1.933135070e-01 +3.796331351e+01 +3.796331351e+01 -4.6679e-01 +2.1303e+00
351 0 +1.892398459e-01 +3.795923985e+01 +3.795923985e+01 -4.7020e-01 +2.1300e+00
371 0 +1.883535701e-01 +3.795835357e+01 +3.795835357e+01 -4.7134e-01 +2.1300e+00
411 0 +1.869353236e-01 +3.795693532e+01 +3.795693532e+01 -4.8244e-01 +2.1294e+00
421 0 +1.721032027e-01 +3.794210320e+01 +3.794210320e+01 -4.9254e-01 +2.1287e+00
440 0 +1.714826807e-01 +3.794148268e+01 +3.794148268e+01 -5.0003e-01 +2.1283e+00
442 0 +1.483264978e-01 +3.791832650e+01 +3.791832650e+01 -5.4004e-01 +2.1250e+00
493 0 +1.217079492e-01 +3.789170795e+01 +3.789170795e+01 -5.6364e-01 +2.1231e+00
% f evaluations | g evaluations | best noise-free fitness - Fopt (-6.325500000000e+02) + sum g_i+ | measured fitness | best measured fitness or single-digit g-values | x1 | x2...
1 0 +4.535541657e+05 +4.529216157e+05 +4.529216157e+05 +5.9671e-01 -3.8264e-02
4 0 +5.321828676e+04 +5.258573676e+04 +5.258573676e+04 +1.6792e+00 +8.6743e-01
5 0 +5.505210229e+01 -5.774978977e+02 -5.774978977e+02 -3.6947e-01 +6.4256e-01
17 0 +3.807782028e+01 -5.944721797e+02 -5.944721797e+02 -1.4172e+00 +6.4104e-01
61 0 +6.439683371e-01 -6.319060317e+02 -6.319060317e+02 -1.7933e-01 +6.3491e-01
161 0 +5.788484636e-01 -6.319711515e+02 -6.319711515e+02 -1.8765e-01 +6.3513e-01
181 0 +5.443621174e-01 -6.320056379e+02 -6.320056379e+02 -1.4356e-01 +6.3501e-01
311 0 +5.338104837e-01 -6.320161895e+02 -6.320161895e+02 -1.6089e-01 +6.3521e-01
322 0 +5.256959168e-01 -6.320243041e+02 -6.320243041e+02 -1.5512e-01 +6.3522e-01
332 0 +5.047820995e-01 -6.320452179e+02 -6.320452179e+02 -1.3067e-01 +6.3508e-01
381 0 +4.950272119e-01 -6.320549728e+02 -6.320549728e+02 -1.3128e-01 +6.3514e-01
401 0 +4.946729770e-01 -6.320553270e+02 -6.320553270e+02 -1.3346e-01 +6.3518e-01
411 0 +4.900517923e-01 -6.320599482e+02 -6.320599482e+02 -1.3021e-01 +6.3518e-01
421 0 +4.900378224e-01 -6.320599622e+02 -6.320599622e+02 -1.2985e-01 +6.3517e-01
429 0 +4.888603169e-01 -6.320611397e+02 -6.320611397e+02 -1.2945e-01 +6.3521e-01
461 0 +4.886319330e-01 -6.320613681e+02 -6.320613681e+02 -1.2939e-01 +6.3519e-01
485 0 +4.882536909e-01 -6.320617463e+02 -6.320617463e+02 -1.2915e-01 +6.3520e-01
489 0 +4.882173871e-01 -6.320617826e+02 -6.320617826e+02 -1.2911e-01 +6.3520e-01
491 0 +4.881445460e-01 -6.320618555e+02 -6.320618555e+02 -1.2905e-01 +6.3521e-01
493 0 +4.881198610e-01 -6.320618801e+02 -6.320618801e+02 -1.2899e-01 +6.3519e-01
% f evaluations | g evaluations | best noise-free fitness - Fopt (-8.530000000000e+01) + sum g_i+ | measured fitness | best measured fitness or single-digit g-values | x1 | x2...
1 0 +1.580219290e+06 +1.580133990e+06 +1.580133990e+06 +5.9671e-01 -3.8264e-02
2 0 +1.115230264e+06 +1.115144964e+06 +1.115144964e+06 +7.4769e-01 +1.6230e+00
3 0 +3.447712754e+05 +3.446859754e+05 +3.446859754e+05 -1.3415e-01 -1.3414e-01
5 0 +5.203953509e+04 +5.195423509e+04 +5.195423509e+04 -3.6947e-01 +6.4256e-01
13 0 +3.566794341e+04 +3.558264341e+04 +3.558264341e+04 -8.6026e-01 +4.1924e-01
14 0 +9.508743318e+03 +9.423443318e+03 +9.423443318e+03 -8.8145e-01 -1.6234e-02
21 0 +6.610878904e+03 +6.525578904e+03 +6.525578904e+03 -8.6630e-01 -9.9331e-01
22 0 +5.742383038e+03 +5.657083038e+03 +5.657083038e+03 -7.2548e-01 -1.0408e-01
31 0 +7.963481362e+02 +7.110481362e+02 +7.110481362e+02 -7.5102e-01 -1.4991e-02
61 0 +3.890813786e+02 +3.037813786e+02 +3.037813786e+02 -7.9052e-01 +2.3050e-02
71 0 +7.916434281e+01 -6.135657192e+00 -6.135657192e+00 -7.8979e-01 -1.6359e-02
91 0 +5.857856136e+01 -2.672143864e+01 -2.672143864e+01 -7.5565e-01 +1.0724e-01
101 0 +1.467288850e-01 -8.515327112e+01 -8.515327112e+01 -7.6527e-01 +4.0726e-02
151 0 +1.257322515e-01 -8.517426775e+01 -8.517426775e+01 -7.6766e-01 +3.2578e-02
192 0 +1.204316256e-01 -8.517956837e+01 -8.517956837e+01 -7.6857e-01 +2.8666e-02
221 0 +1.186622457e-01 -8.518133775e+01 -8.518133775e+01 -7.6839e-01 +2.9581e-02
231 0 +1.175410505e-01 -8.518245895e+01 -8.518245895e+01 -7.6912e-01 +2.6682e-02
261 0 +1.145801102e-01 -8.518541989e+01 -8.518541989e+01 -7.7007e-01 +2.3301e-02
331 0 +1.121180179e-01 -8.518788198e+01 -8.518788198e+01 -7.7107e-01 +1.9560e-02
353 0 +1.086303870e-01 -8.519136961e+01 -8.519136961e+01 -7.7240e-01 +1.4340e-02
362 0 +1.064255461e-01 -8.519357445e+01 -8.519357445e+01 -7.7325e-01 +1.1144e-02
382 0 +1.057595103e-01 -8.519424049e+01 -8.519424049e+01 -7.7338e-01 +1.0693e-02
391 0 +1.049444369e-01 -8.519505556e+01 -8.519505556e+01 -7.7386e-01 +8.8383e-03
392 0 +1.042919772e-01 -8.519570802e+01 -8.519570802e+01 -7.7394e-01 +8.7087e-03
451 0 +1.041926299e-01 -8.519580737e+01 -8.519580737e+01 -7.7391e-01 +8.7579e-03
461 0 +1.041413703e-01 -8.519585863e+01 -8.519585863e+01 -7.7393e-01 +8.6721e-03
481 0 +1.040401617e-01 -8.519595984e+01 -8.519595984e+01 -7.7397e-01 +8.5362e-03
482 0 +1.040326208e-01 -8.519596738e+01 -8.519596738e+01 -7.7398e-01 +8.5136e-03
484 0 +1.040181125e-01 -8.519598189e+01 -8.519598189e+01 -7.7398e-01 +8.4957e-03
495 0 +1.039665789e-01 -8.519603342e+01 -8.519603342e+01 -7.7400e-01 +8.4009e-03
% f evaluations | g evaluations | best noise-free fitness - Fopt (1.719500000000e+02) + sum g_i+ | measured fitness | best measured fitness or single-digit g-values | x1 | x2...
1 0 +1.188777777e+07 +1.188794972e+07 +1.188794972e+07 +5.9671e-01 -3.8264e-02
2 0 +3.191841500e+06 +3.192013450e+06 +3.192013450e+06 +7.4769e-01 +1.6230e+00
11 0 +7.692085096e+04 +7.709280096e+04 +7.709280096e+04 +9.4690e-01 +3.1323e+00
24 0 +2.967364695e+04 +2.984559695e+04 +2.984559695e+04 +1.8584e+00 +3.5819e+00
27 0 +9.389681097e+03 +9.561631097e+03 +9.561631097e+03 +3.2890e+00 +3.5065e+00
32 0 +4.561683633e+02 +6.281183633e+02 +6.281183633e+02 +3.8942e+00 +3.4225e+00
71 0 +7.626172710e+01 +2.482117271e+02 +2.482117271e+02 +2.4222e+00 +3.4010e+00
101 0 +2.484297256e+01 +1.967929726e+02 +1.967929726e+02 +3.2792e+00 +3.4146e+00
152 0 +7.994768862e+00 +1.799447689e+02 +1.799447689e+02 +3.5134e+00 +3.4068e+00
162 0 +2.942182114e+00 +1.748921821e+02 +1.748921821e+02 +2.2210e+00 +3.4087e+00
231 0 +2.096944548e+00 +1.740469445e+02 +1.740469445e+02 +2.5967e+00 +3.4086e+00
251 0 +1.779047977e+00 +1.737290480e+02 +1.737290480e+02 +2.3515e+00 +3.4097e+00
261 0 +1.776145034e+00 +1.737261450e+02 +1.737261450e+02 +2.3600e+00 +3.4094e+00
281 0 +1.675004426e+00 +1.736250044e+02 +1.736250044e+02 +2.3911e+00 +3.4095e+00
292 0 +1.665239117e+00 +1.736152391e+02 +1.736152391e+02 +2.4088e+00 +3.4098e+00
301 0 +1.577068889e+00 +1.735270689e+02 +1.735270689e+02 +2.4776e+00 +3.4099e+00
341 0 +1.547487488e+00 +1.734974875e+02 +1.734974875e+02 +2.4477e+00 +3.4095e+00
342 0 +1.469389609e+00 +1.734193896e+02 +1.734193896e+02 +2.4816e+00 +3.4098e+00
351 0 +1.310348515e+00 +1.732603485e+02 +1.732603485e+02 +2.6152e+00 +3.4092e+00
366 0 +1.193961818e+00 +1.731439618e+02 +1.731439618e+02 +2.6623e+00 +3.4100e+00
481 0 +1.006976582e+00 +1.729569766e+02 +1.729569766e+02 +2.6868e+00 +3.4095e+00
493 0 +9.414530398e-01 +1.728914530e+02 +1.728914530e+02 +2.7483e+00 +3.4093e+00
494 0 +9.024057863e-01 +1.728524058e+02 +1.728524058e+02 +2.7474e+00 +3.4094e+00
% f evaluations | g evaluations | best noise-free fitness - Fopt (6.816000000000e+01) + sum g_i+ | measured fitness | best measured fitness or single-digit g-values | x1 | x2...
1 0 +1.254138304e+07 +1.254145120e+07 +1.254145120e+07 +5.9671e-01 -3.8264e-02
2 0 +3.582142402e+06 +3.582210562e+06 +3.582210562e+06 +7.4769e-01 +1.6230e+00
11 0 +1.443125906e+05 +1.443807506e+05 +1.443807506e+05 +9.4690e-01 +3.1323e+00
12 0 +1.063269519e+05 +1.063951119e+05 +1.063951119e+05 +1.5019e+00 +3.0499e+00
22 0 +8.598241468e+04 +8.605057468e+04 +8.605057468e+04 +8.7534e-01 +3.9514e+00
24 0 +3.703751942e+04 +3.710567942e+04 +3.710567942e+04 +1.9530e+00 +3.5733e+00
31 0 +1.886367864e+03 +1.954527864e+03 +1.954527864e+03 +4.5464e-01 +3.7965e+00
43 0 +2.796514327e+02 +3.478114327e+02 +3.478114327e+02 +1.1125e-01 +3.8557e+00
73 0 +3.500121328e+01 +1.031612133e+02 +1.031612133e+02 +2.2712e+00 +3.2255e+00
95 0 +1.047243472e+01 +7.863243472e+01 +7.863243472e+01 +1.6345e+00 +3.4066e+00
171 0 +4.905814154e+00 +7.306581415e+01 +7.306581415e+01 +1.7556e+00 +3.3718e+00
173 0 +4.195546097e+00 +7.235554610e+01 +7.235554610e+01 +2.2054e+00 +3.2399e+00
191 0 +2.993788446e+00 +7.115378845e+01 +7.115378845e+01 +1.3537e+00 +3.4952e+00
242 0 +1.598028513e+00 +6.975802851e+01 +6.975802851e+01 +1.5856e+00 +3.4264e+00
245 0 +9.908695561e-01 +6.915086956e+01 +6.915086956e+01 +1.8998e+00 +3.3301e+00
271 0 +9.451807816e-01 +6.910518078e+01 +6.910518078e+01 +1.7592e+00 +3.3733e+00
283 0 +8.232833079e-01 +6.898328331e+01 +6.898328331e+01 +1.8040e+00 +3.3603e+00
311 0 +7.933328159e-01 +6.895333282e+01 +6.895333282e+01 +1.8094e+00 +3.3586e+00
368 0 +7.799750704e-01 +6.893997507e+01 +6.893997507e+01 +1.8200e+00 +3.3554e+00
373 0 +7.711863936e-01 +6.893118639e+01 +6.893118639e+01 +1.8221e+00 +3.3545e+00
374 0 +7.631036895e-01 +6.892310369e+01 +6.892310369e+01 +1.8251e+00 +3.3538e+00
391 0 +7.588260817e-01 +6.891882608e+01 +6.891882608e+01 +1.8282e+00 +3.3529e+00
403 0 +7.560271881e-01 +6.891602719e+01 +6.891602719e+01 +1.8290e+00 +3.3526e+00
411 0 +7.545459805e-01 +6.891454598e+01 +6.891454598e+01 +1.8307e+00 +3.3521e+00
421 0 +7.507699459e-01 +6.891076995e+01 +6.891076995e+01 +1.8313e+00 +3.3519e+00
441 0 +7.498795583e-01 +6.890987956e+01 +6.890987956e+01 +1.8316e+00 +3.3517e+00
442 0 +7.468137705e-01 +6.890681377e+01 +6.890681377e+01 +1.8333e+00 +3.3512e+00
461 0 +7.465905839e-01 +6.890659058e+01 +6.890659058e+01 +1.8335e+00 +3.3512e+00
478 0 +7.456438254e-01 +6.890564383e+01 +6.890564383e+01 +1.8340e+00 +3.3510e+00
491 0 +7.455063917e-01 +6.890550639e+01 +6.890550639e+01 +1.8343e+00 +3.3510e+00
492 0 +7.450123776e-01 +6.890501238e+01 +6.890501238e+01 +1.8345e+00 +3.3509e+00
% f evaluations | g evaluations | best noise-free fitness - Fopt (1.000000000000e+03) + sum g_i+ | measured fitness | best measured fitness or single-digit g-values | x1 | x2...
1 0 +7.032900244e+06 +7.033900244e+06 +7.033900244e+06 +5.9671e-01 -3.8264e-02
2 0 +1.108004560e+06 +1.109004560e+06 +1.109004560e+06 +7.4769e-01 +1.6230e+00
11 0 +2.523149144e+05 +2.533149144e+05 +2.533149144e+05 +1.2260e+00 +3.1062e+00
13 0 +2.417760911e+05 +2.427760911e+05 +2.427760911e+05 +2.1457e+00 +2.7287e+00
14 0 +5.965214303e+04 +6.065214303e+04 +6.065214303e+04 +1.5152e+00 +2.1876e+00
21 0 +2.196770731e+04 +2.296770731e+04 +2.296770731e+04 +1.2526e+00 +2.3955e+00
29 0 +3.259109541e+02 +1.325910954e+03 +1.325910954e+03 +3.8093e+00 +1.5558e+00
61 0 +1.138337453e+02 +1.113833745e+03 +1.113833745e+03 +9.8015e-02 +3.0032e+00
71 0 +9.385765999e+00 +1.009385766e+03 +1.009385766e+03 +8.9950e-01 +2.6974e+00
151 0 +8.341787237e+00 +1.008341787e+03 +1.008341787e+03 +1.2141e+00 +2.5705e+00
393 0 +8.335647194e+00 +1.008335647e+03 +1.008335647e+03 +1.2165e+00 +2.5692e+00
406 0 +7.681915708e+00 +1.007681916e+03 +1.007681916e+03 +1.1011e+00 +2.6150e+00
436 0 +4.708997032e+00 +1.004708997e+03 +1.004708997e+03 +3.2013e-01 +2.9272e+00
468 0 +3.707118193e+00 +1.003707118e+03 +1.003707118e+03 +3.2298e-01 +2.9249e+00
470 0 +2.762586300e+00 +1.002762586e+03 +1.002762586e+03 -2.5190e-01 +3.1550e+00
471 0 +2.694621199e+00 +1.002694621e+03 +1.002694621e+03 -1.7606e+00 +3.7799e+00
472 0 +4.252611612e-01 +1.000425261e+03 +1.000425261e+03 -1.0593e+00 +3.4747e+00
