% f evaluations | g evaluations | best noise-free fitness - Fopt (-2.098800000000e+02) + sum g_i+ | measured fitness | best measured fitness or single-digit g-values | x1 | x2...
1 0 +3.881792436e+06 +3.881582556e+06 +3.881582556e+06 +5.9671e-01 -3.8264e-02 +7.4769e-01 +1.6230e+00 -1.3415e-01
2 0 +1.683626694e+06 +1.683416814e+06 +1.683416814e+06 -1.3414e-01 +1.6792e+00 +8.6743e-01 -3.6947e-01 +6.4256e-01
7 0 +1.022656255e+06 +1.022446375e+06 +1.022446375e+06 -5.0171e-01 +1.9523e+00 +8.6503e-02 -9.5771e-01 +9.2254e-01
11 0 +4.809329989e+05 +4.807231189e+05 +4.807231189e+05 +4.2408e-01 -2.8508e-01 -5.7692e-01 +7.1168e-01 +1.1310e+00
27 0 +2.717805222e+05 +2.715706422e+05 +2.715706422e+05 +3.2137e-01 +1.3326e+00 -9.0837e-01 +7.4200e-01 +2.2019e+00
28 0 +1.727767472e+05 +1.725668672e+05 +1.725668672e+05 -4.9731e-01 -7.4364e-01 -1.6678e-01 +1.1793e-01 +1.8326e+00
32 0 +1.323393773e+05 +1.321294973e+05 +1.321294973e+05 +7.3353e-02 +5.9515e-02 -6.7778e-01 +8.4873e-01 +1.6329e+00
69 0 +4.048203451e+04 +4.027215451e+04 +4.027215451e+04 +6.0389e-01 -9.4699e-01 -1.1760e+00 +2.1815e+00 +1.9221e+00
88 0 +3.645937981e+04 +3.624949981e+04 +3.624949981e+04 +7.2984e-02 +1.1970e+00 +2.3966e+00 +1.7296e+00 +1.9427e+00
101 0 +3.329482565e+04 +3.308494565e+04 +3.308494565e+04 +3.0497e-01 +8.1658e-01 +2.5236e+00 +1.6506e+00 +1.9252e+00
103 0 +1.749974666e+04 +1.728986666e+04 +1.728986666e+04 +8.2668e-01 +2.1425e-01 +8.2537e-01 +2.0246e+00 +1.8669e+00
157 0 +1.109537129e+04 +1.088549129e+04 +1.088549129e+04 -1.5352e-01 -9.1953e-02 +2.2264e+00 +1.8561e+00 +1.7612e+00
247 0 +6.585760436e+03 +6.375880436e+03 +6.375880436e+03 -5.3791e-01 +1.7763e-01 +3.1767e+00 +2.6303e+00 +1.7113e+00
270 0 +3.297365636e+03 +3.087485636e+03 +3.087485636e+03 +7.1188e-01 -5.1574e-02 +2.3686e+00 +2.2941e+00 +1.8256e+00
298 0 +3.258669033e+03 +3.048789033e+03 +3.048789033e+03 +5.0298e-01 -1.1890e+00 +2.1157e+00 +2.4979e+00 +1.7699e+00
338 0 +2.918095206e+03 +2.708215206e+03 +2.708215206e+03 -3.1139e-01 -1.1208e+00 +3.9310e+00 +2.1848e+00 +1.7509e+00
348 0 +1.615975067e+03 +1.406095067e+03 +1.406095067e+03 +1.5178e-01 -1.2792e+00 +2.8085e+00 +2.5590e+00 +1.7956e+00
435 0 +1.427992832e+03 +1.218112832e+03 +1.218112832e+03 -8.3638e-01 -2.9537e-01 +4.4968e+00 +2.3138e+00 +1.8070e+00
446 0 +1.311694581e+03 +1.101814581e+03 +1.101814581e+03 -1.9847e-01 -1.1326e+00 +3.5248e+00 +2.3211e+00 +1.8219e+00
457 0 +1.138299616e+03 +9.284196155e+02 +9.284196155e+02 -6.9669e-01 -6.4781e-01 +3.8778e+00 +2.2218e+00 +1.7911e+00
460 0 +6.228621532e+02 +4.129821532e+02 +4.129821532e+02 -6.7143e-01 -1.4488e+00 +3.1684e+00 +2.4100e+00 +1.8043e+00
473 0 +2.897451134e+02 +7.986511341e+01 +7.986511341e+01 -4.8710e-01 -8.5119e-01 +3.8439e+00 +2.3895e+00 +1.7738e+00
521 0 +2.724266937e+02 +6.254669373e+01 +6.254669373e+01 -4.4668e-01 -5.4288e-01 +3.9435e+00 +2.3308e+00 +1.7876e+00
523 0 +2.014454211e+02 -8.434578929e+00 -8.434578929e+00 -3.1574e-01 -2.8949e-01 +3.6755e+00 +2.3144e+00 +1.7800e+00
539 0 +7.732057443e+01 -1.325594256e+02 -1.325594256e+02 -8.4157e-02 -7.7173e-01 +3.4181e+00 +2.3880e+00 +1.7861e+00
613 0 +3.706950600e+01 -1.728104940e+02 -1.728104940e+02 -7.5918e-01 -9.0164e-02 +3.6865e+00 +2.3936e+00 +1.7882e+00
639 0 +3.107025266e+01 -1.788097473e+02 -1.788097473e+02 -6.2655e-01 -1.9542e-01 +3.5772e+00 +2.3781e+00 +1.7821e+00
683 0 +2.363670020e+01 -1.862432998e+02 -1.862432998e+02 -7.1024e-02 +7.2165e-01 +3.4958e+00 +2.3743e+00 +1.7823e+00
699 0 +9.444394052e+00 -2.004356059e+02 -2.004356059e+02 -4.6057e-01 +3.4926e-01 +3.6278e+00 +2.3884e+00 +1.7867e+00
811 0 +3.246660042e+00 -2.066333400e+02 -2.066333400e+02 +5.4390e-02 +4.8601e-01 +3.5516e+00 +2.3845e+00 +1.7869e+00
881 0 +2.724555294e+00 -2.071554447e+02 -2.071554447e+02 -7.7720e-02 +5.2003e-01 +3.5295e+00 +2.3855e+00 +1.7855e+00
927 0 +2.549375776e+00 -2.073306242e+02 -2.073306242e+02 -1.5750e-01 +4.7161e-01 +3.5723e+00 +2.3862e+00 +1.7857e+00
969 0 +2.427247920e+00 -2.074527521e+02 -2.074527521e+02 -1.5620e-01 +5.1338e-01 +3.5486e+00 +2.3877e+00 +1.7856e+00
1027 0 +1.932065608e+00 -2.079479344e+02 -2.079479344e+02 -3.5842e-02 +5.1770e-01 +3.5559e+00 +2.3867e+00 +1.7856e+00
1076 0 +1.878545283e+00 -2.080014547e+02 -2.080014547e+02 -2.9983e-02 +4.7636e-01 +3.5586e+00 +2.3875e+00 +1.7855e+00
1103 0 +1.814191909e+00 -2.080658081e+02 -2.080658081e+02 -2.2261e-02 +4.8108e-01 +3.5599e+00 +2.3867e+00 +1.7856e+00
1155 0 +1.783294574e+00 -2.080967054e+02 -2.080967054e+02 -1.7596e-02 +4.8187e-01 +3.5566e+00 +2.3866e+00 +1.7857e+00
1230 0 +1.766096717e+00 -2.081139033e+02 -2.081139033e+02 -8.1812e-03 +4.8428e-01 +3.5586e+00 +2.3869e+00 +1.7856e+00
% f evaluations | g evaluations | best noise-free fitness - Fopt (-9.209000000000e+01) + sum g_i+ | measured fitness | best measured fitness or single-digit g-values | x1 | x2...
1 0 +3.580459808e+05 +3.579538908e+05 +3.579538908e+05 +5.9671e-01 -3.8264e-02 +7.4769e-01 +1.6230e+00 -1.3415e-01
5 0 +1.187055269e+05 +1.186134369e+05 +1.186134369e+05 +1.5656e+00 -1.2578e-01 +1.6753e-01 -1.3247e+00 -4.4438e-01
6 0 +6.687542995e+04 +6.678333995e+04 +6.678333995e+04 +2.1092e-01 -1.0510e+00 +4.7570e-01 -5.0064e-01 -1.9169e-01
21 0 +5.126596986e+04 +5.117387986e+04 +5.117387986e+04 -1.3154e+00 -3.2065e-01 -2.4271e-01 -7.0228e-01 -6.1286e-02
32 0 +1.512659227e+04 +1.503450227e+04 +1.503450227e+04 +1.2394e+00 +2.3976e-01 -1.8301e-02 -1.7499e+00 -2.3817e-01
102 0 +2.397934342e+03 +2.305844342e+03 +2.305844342e+03 -3.8719e+00 +7.5318e-01 +2.8807e-01 -1.6627e+00 -7.9654e-02
281 0 +8.988696981e+01 -2.203030192e+00 -2.203030192e+00 -7.2936e-01 +2.1091e+00 -5.2927e-02 -1.8640e+00 -1.2151e-01
505 0 +5.483447795e+01 -3.725552205e+01 -3.725552205e+01 -4.5131e-02 +3.0347e+00 -1.1397e-01 -1.8136e+00 -1.2027e-01
540 0 +4.106357790e+01 -5.102642210e+01 -5.102642210e+01 -6.8535e-01 +2.1734e+00 +1.8638e-01 -1.8333e+00 -1.1504e-01
546 0 +1.699500833e+01 -7.509499167e+01 -7.509499167e+01 -4.6534e-01 +1.9476e+00 +7.5449e-02 -1.8166e+00 -1.1928e-01
714 0 +1.255757434e+01 -7.953242566e+01 -7.953242566e+01 +1.3957e+00 +2.1618e+00 +1.6122e-01 -1.8280e+00 -1.2022e-01
759 0 +1.927597119e+00 -9.016240288e+01 -9.016240288e+01 +2.5205e-01 +2.4789e+00 +1.1194e-01 -1.8280e+00 -1.1854e-01
932 0 +1.235295662e+00 -9.085470434e+01 -9.085470434e+01 +2.0366e-01 +2.5883e+00 +9.5184e-02 -1.8314e+00 -1.1923e-01
951 0 +1.085396805e+00 -9.100460320e+01 -9.100460320e+01 +2.7821e-01 +2.4749e+00 +9.0018e-02 -1.8276e+00 -1.1947e-01
952 0 +8.088357065e-01 -9.128116429e+01 -9.128116429e+01 +2.2280e-01 +2.5372e+00 +8.0212e-02 -1.8245e+00 -1.1882e-01
954 0 +3.890704704e-01 -9.170092953e+01 -9.170092953e+01 +2.0935e-01 +2.6142e+00 +8.2526e-02 -1.8252e+00 -1.1938e-01
995 0 +3.394588360e-01 -9.175054116e+01 -9.175054116e+01 +5.0909e-01 +2.5963e+00 +1.0103e-01 -1.8269e+00 -1.1957e-01
1004 0 +2.663231572e-01 -9.182367684e+01 -9.182367684e+01 +7.7089e-01 +2.5433e+00 +8.6087e-02 -1.8252e+00 -1.1940e-01
1052 0 +1.696462859e-01 -9.192035371e+01 -9.192035371e+01 +3.8846e-01 +2.6070e+00 +8.4273e-02 -1.8260e+00 -1.1924e-01
1080 0 +1.271657685e-01 -9.196283423e+01 -9.196283423e+01 +6.4440e-01 +2.6664e+00 +8.5281e-02 -1.8266e+00 -1.1905e-01
1103 0 +9.842993531e-02 -9.199157006e+01 -9.199157006e+01 +6.6509e-01 +2.6573e+00 +8.5693e-02 -1.8274e+00 -1.1911e-01
1110 0 +7.812940150e-02 -9.201187060e+01 -9.201187060e+01 +5.5761e-01 +2.6249e+00 +9.4762e-02 -1.8255e+00 -1.1916e-01
1142 0 +2.796668075e-02 -9.206203332e+01 -9.206203332e+01 +6.6999e-01 +2.6049e+00 +9.0272e-02 -1.8268e+00 -1.1911e-01
1172 0 +2.580507986e-02 -9.206419492e+01 -9.206419492e+01 +6.4431e-01 +2.6128e+00 +8.9574e-02 -1.8256e+00 -1.1918e-01
1189 0 +2.402462018e-02 -9.206597538e+01 -9.206597538e+01 +6.9018e-01 +2.6172e+00 +9.2800e-02 -1.8257e+00 -1.1922e-01
1190 0 +9.018920063e-03 -9.208098108e+01 -9.208098108e+01 +6.9337e-01 +2.6261e+00 +9.3012e-02 -1.8263e+00 -1.1918e-01
1232 0 +3.967754401e-03 -9.208603225e+01 -9.208603225e+01 +6.7876e-01 +2.6198e+00 +9.0153e-02 -1.8265e+00 -1.1917e-01
% f evaluations | g evaluations | best noise-free fitness - Fopt (-8.789000000000e+01) + sum g_i+ | measured fitness | best measured fitness or single-digit g-values | x1 | x2...
1 0 +8.944824187e+06 +8.944736297e+06 +8.944736297e+06 +5.9671e-01 -3.8264e-02 +7.4769e-01 +1.6230e+00 -1.3415e-01
3 0 +2.042668877e+06 +2.042580987e+06 +2.042580987e+06 -3.6342e-01 -3.6573e-01 +3.4196e-01 -1.8133e+00 -1.6249e+00
15 0 +8.090460595e+05 +8.089581695e+05 +8.089581695e+05 +4.6140e-01 +1.6380e+00 +6.4174e-02 +1.6646e+00 -2.5197e+00
26 0 +7.808590948e+04 +7.799801948e+04 +7.799801948e+04 +1.0889e+00 +6.5813e-01 -5.7110e-01 -1.0778e+00 -3.2734e+00
27 0 +4.351296287e+04 +4.342507287e+04 +4.342507287e+04 +2.8853e-01 +1.1495e-01 -8.3757e-01 -1.0542e+00 -3.0681e+00
58 0 +2.116413793e+04 +2.107624793e+04 +2.107624793e+04 +2.4142e+00 -3.2973e+00 -3.5176e-01 -2.5138e+00 -3.1903e+00
176 0 +8.380549065e+03 +8.292659065e+03 +8.292659065e+03 +1.5492e+00 -7.5903e-01 -4.4055e-01 -2.1166e+00 -3.0088e+00
302 0 +6.520211595e+03 +6.432321595e+03 +6.432321595e+03 +1.9286e+00 -4.2168e-01 -9.0055e-01 -1.9764e+00 -3.0503e+00
352 0 +5.549356934e+03 +5.461466934e+03 +5.461466934e+03 +1.4379e+00 -6.1054e-02 -7.3369e-01 -2.1473e+00 -3.0474e+00
401 0 +4.641168210e+03 +4.553278210e+03 +4.553278210e+03 +1.7671e+00 -6.9772e-02 -5.4320e-01 -2.1492e+00 -3.1077e+00
458 0 +3.805580480e+03 +3.717690480e+03 +3.717690480e+03 +1.9065e+00 +5.0374e-01 -3.6761e-01 -2.2129e+00 -3.0698e+00
479 0 +3.740423059e+03 +3.652533059e+03 +3.652533059e+03 +1.9645e+00 +2.0788e-01 -4.7257e-01 -2.0958e+00 -3.0896e+00
512 0 +3.676548009e+03 +3.588658009e+03 +3.588658009e+03 +1.9143e+00 -1.1216e-01 -1.6709e-01 -2.0380e+00 -3.0579e+00
526 0 +3.577887954e+03 +3.489997954e+03 +3.489997954e+03 +2.1874e+00 +5.2181e-01 -1.3027e-01 -1.9756e+00 -3.1044e+00
544 0 +2.374956357e+03 +2.287066357e+03 +2.287066357e+03 +2.0199e+00 +6.6040e-01 +3.3908e-01 -1.9279e+00 -3.0652e+00
554 0 +1.601916059e+03 +1.514026059e+03 +1.514026059e+03 +1.9784e+00 +6.9550e-01 +4.2088e-01 -1.9531e+00 -3.0852e+00
634 0 +1.174583003e+03 +1.086693003e+03 +1.086693003e+03 +2.1069e+00 +1.0980e+00 +9.2954e-01 -2.2656e+00 -3.0802e+00
661 0 +1.118166643e+03 +1.030276643e+03 +1.030276643e+03 +2.3685e+00 +2.6353e+00 +1.0634e+00 -2.1667e+00 -3.0496e+00
684 0 +2.225075020e+02 +1.346175020e+02 +1.346175020e+02 +2.1966e+00 +2.8020e+00 +1.6066e+00 -2.1468e+00 -3.0779e+00
764 0 +1.926325348e+02 +1.047425348e+02 +1.047425348e+02 +2.0027e+00 +2.3231e+00 +1.3963e+00 -2.1357e+00 -3.0921e+00
832 0 +1.060937452e+02 +1.820374523e+01 +1.820374523e+01 +2.5832e+00 +2.1293e+00 +1.2728e+00 -2.1077e+00 -3.0858e+00
909 0 +1.015766127e+02 +1.368661271e+01 +1.368661271e+01 +2.5251e+00 +2.4429e+00 +1.1899e+00 -2.1282e+00 -3.0768e+00
916 0 +7.024685201e+01 -1.764314799e+01 -1.764314799e+01 +2.0603e+00 +2.6351e+00 +1.3881e+00 -2.1327e+00 -3.0816e+00
938 0 +5.064633881e+01 -3.724366119e+01 -3.724366119e+01 +2.2033e+00 +2.5961e+00 +1.1585e+00 -2.1154e+00 -3.0840e+00
949 0 +3.753191375e+01 -5.035808625e+01 -5.035808625e+01 +2.1008e+00 +3.2401e+00 +1.2967e+00 -2.1140e+00 -3.0775e+00
977 0 +3.272909817e+01 -5.516090183e+01 -5.516090183e+01 +2.0952e+00 +2.9118e+00 +1.1418e+00 -2.1057e+00 -3.0843e+00
989 0 +2.393790141e+01 -6.395209859e+01 -6.395209859e+01 +2.1627e+00 +3.2114e+00 +1.2598e+00 -2.1246e+00 -3.0797e+00
1047 0 +6.720290120e+00 -8.116970988e+01 -8.116970988e+01 +2.0553e+00 +3.3182e+00 +1.2546e+00 -2.1098e+00 -3.0829e+00
1089 0 +6.141300424e+00 -8.174869958e+01 -8.174869958e+01 +2.1195e+00 +3.3833e+00 +1.2501e+00 -2.1086e+00 -3.0815e+00
1106 0 +4.599490531e+00 -8.329050947e+01 -8.329050947e+01 +2.0807e+00 +3.7338e+00 +1.2192e+00 -2.1123e+00 -3.0827e+00
1116 0 +4.263162948e+00 -8.362683705e+01 -8.362683705e+01 +2.0819e+00 +3.6333e+00 +1.2216e+00 -2.1130e+00 -3.0823e+00
1206 0 +4.127139208e+00 -8.376286079e+01 -8.376286079e+01 +2.1128e+00 +3.6590e+00 +1.2342e+00 -2.1110e+00 -3.0816e+00
1212 0 +3.562532413e+00 -8.432746759e+01 -8.432746759e+01 +2.0609e+00 +3.7266e+00 +1.2618e+00 -2.1124e+00 -3.0822e+00
1248 0 +3.305204005e+00 -8.458479599e+01 -8.458479599e+01 +2.0040e+00 +3.7249e+00 +1.2376e+00 -2.1117e+00 -3.0828e+00
% f evaluations | g evaluations | best noise-free fitness - Fopt (3.201900000000e+02) + sum g_i+ | measured fitness | best measured fitness or single-digit g-values | x1 | x2...
1 0 +1.071916706e+07 +1.071948725e+07 +1.071948725e+07 +5.9671e-01 -3.8264e-02 +7.4769e-01 +1.6230e+00 -1.3415e-01
3 0 +3.068794891e+06 +3.069115081e+06 +3.069115081e+06 -3.6342e-01 -3.6573e-01 +3.4196e-01 -1.8133e+00 -1.6249e+00
10 0 +2.917830563e+06 +2.918150753e+06 +2.918150753e+06 -6.1984e-01 -3.6064e-01 +1.1571e+00 +4.4362e-01 -1.6630e+00
15 0 +1.052203239e+06 +1.052523429e+06 +1.052523429e+06 +4.6140e-01 +1.6380e+00 +6.4174e-02 +1.6646e+00 -2.5197e+00
26 0 +6.074007705e+04 +6.106026705e+04 +6.106026705e+04 +1.9983e+00 +1.7198e-01 -6.7198e-01 +8.2602e-03 -3.6539e+00
29 0 +9.843893161e+03 +1.016408316e+04 +1.016408316e+04 +1.5903e+00 +1.3216e+00 +3.9568e-01 -7.8245e-01 -3.3809e+00
131 0 +6.477948142e+03 +6.798138142e+03 +6.798138142e+03 +3.3047e+00 +1.2880e+00 -8.0763e-01 -1.0544e+00 -3.4750e+00
241 0 +5.447918023e+03 +5.768108023e+03 +5.768108023e+03 +4.6324e+00 +1.3634e+00 +1.4055e+00 -1.0756e+00 -3.5320e+00
302 0 +2.714202387e+03 +3.034392387e+03 +3.034392387e+03 +3.2239e+00 +1.4032e-01 +1.4043e+00 -1.1362e+00 -3.4659e+00
351 0 +2.445587517e+03 +2.765777517e+03 +2.765777517e+03 +4.3518e+00 +1.1421e-01 +2.1437e+00 -1.0860e+00 -3.4770e+00
426 0 +8.425881138e+02 +1.162778114e+03 +1.162778114e+03 +4.0833e+00 -2.4130e-01 +1.9667e+00 -8.9009e-01 -3.4526e+00
481 0 +2.403273720e+02 +5.605173720e+02 +5.605173720e+02 +4.3883e+00 -1.6773e-01 +1.6255e+00 -8.5423e-01 -3.4707e+00
699 0 +2.276870007e+02 +5.478770007e+02 +5.478770007e+02 +4.0505e+00 -8.5146e-02 +1.4466e+00 -8.3316e-01 -3.4705e+00
726 0 +2.128760569e+02 +5.330660569e+02 +5.330660569e+02 +4.1248e+00 -1.3830e-01 +1.3040e+00 -8.7514e-01 -3.4704e+00
767 0 +1.788298424e+02 +4.990198424e+02 +4.990198424e+02 +3.7447e+00 -2.3483e-01 +1.3353e+00 -8.7003e-01 -3.4703e+00
779 0 +1.569760898e+02 +4.771660898e+02 +4.771660898e+02 +3.7926e+00 -3.8524e-01 +1.3422e+00 -8.5970e-01 -3.4733e+00
803 0 +1.124057943e+02 +4.325957943e+02 +4.325957943e+02 +3.3791e+00 -5.0888e-01 +1.4007e+00 -8.6093e-01 -3.4703e+00
833 0 +1.004752351e+02 +4.206652351e+02 +4.206652351e+02 +3.0997e+00 -6.9748e-01 +1.4878e+00 -8.4794e-01 -3.4718e+00
905 0 +9.634537277e+01 +4.165353728e+02 +4.165353728e+02 +2.0438e+00 -1.2601e+00 +1.3717e+00 -8.6669e-01 -3.4764e+00
915 0 +9.188510115e+01 +4.120751011e+02 +4.120751011e+02 +1.7770e+00 -1.7857e+00 +1.1827e+00 -8.4533e-01 -3.4654e+00
966 0 +4.528483575e+01 +3.654748357e+02 +3.654748357e+02 +8.7700e-01 -2.2539e+00 +1.2174e+00 -8.5960e-01 -3.4721e+00
1122 0 +3.542544527e+01 +3.556154453e+02 +3.556154453e+02 -1.5505e+00 -3.0171e+00 +1.4241e+00 -8.5738e-01 -3.4653e+00
1142 0 +3.310571062e+01 +3.532957106e+02 +3.532957106e+02 +6.0875e-01 -1.8186e+00 +1.3502e+00 -8.7885e-01 -3.4676e+00
1196 0 +1.737474408e+01 +3.375647441e+02 +3.375647441e+02 +1.5619e-02 -3.1038e+00 +1.3632e+00 -8.5650e-01 -3.4705e+00
1201 0 +1.724501842e+01 +3.374350184e+02 +3.374350184e+02 +4.9952e-01 -1.8422e+00 +1.3924e+00 -8.5349e-01 -3.4669e+00
1214 0 +1.598643230e+01 +3.361764323e+02 +3.361764323e+02 +2.9618e+00 -2.4234e+00 +1.4686e+00 -8.5563e-01 -3.4707e+00
% f evaluations | g evaluations | best noise-free fitness - Fopt (-1.042400000000e+02) + sum g_i+ | measured fitness | best measured fitness or single-digit g-values | x1 | x2...
1 0 +1.555253018e+05 +1.554210618e+05 +1.554210618e+05 +5.9671e-01 -3.8264e-02 +7.4769e-01 +1.6230e+00 -1.3415e-01
6 0 +2.053525433e+04 +2.043101433e+04 +2.043101433e+04 +2.1092e-01 -1.0510e+00 +4.7570e-01 -5.0064e-01 -1.9169e-01
20 0 +1.963691347e+04 +1.953267347e+04 +1.953267347e+04 -1.3635e+00 +3.9612e-01 +3.6106e-01 +1.0511e-01 -1.3459e-01
21 0 +4.661114349e+03 +4.556874349e+03 +4.556874349e+03 -1.3154e+00 -3.2065e-01 -2.4271e-01 -7.0228e-01 -6.1286e-02
59 0 +2.511286431e+03 +2.407046431e+03 +2.407046431e+03 -8.6677e-01 +8.1715e-01 +7.0380e-01 -4.1472e-01 -9.2613e-02
102 0 +1.202169138e+03 +1.097929138e+03 +1.097929138e+03 -3.7993e-01 +1.2880e+00 +1.3146e+00 -5.7965e-01 -4.5583e-02
261 0 +8.723857120e+02 +7.681457120e+02 +7.681457120e+02 -5.9929e-01 +1.0056e+00 +1.4753e+00 -5.3808e-01 -6.2848e-02
419 0 +8.437052350e+02 +7.394652350e+02 +7.394652350e+02 -1.7072e+00 +1.1999e+00 +1.2241e+00 -4.6911e-01 -5.6818e-02
420 0 +8.401503346e+02 +7.359103346e+02 +7.359103346e+02 -1.4055e+00 +8.5217e-01 +9.9314e-01 -5.1833e-01 -5.7913e-02
431 0 +5.511997393e+02 +4.469597393e+02 +4.469597393e+02 -7.7495e-01 -9.1270e-01 +9.4620e-01 -5.2775e-01 -4.9211e-02
497 0 +5.055100043e+02 +4.012700043e+02 +4.012700043e+02 -8.3264e-01 -3.5491e-01 +1.4978e+00 -5.3204e-01 -5.2601e-02
506 0 +4.302763630e+02 +3.260363630e+02 +3.260363630e+02 -8.8724e-01 -2.0702e+00 +8.0943e-01 -4.8606e-01 -6.8066e-02
541 0 +1.317245646e+02 +2.748456465e+01 +2.748456465e+01 -1.3080e+00 -3.2918e+00 +1.5578e+00 -4.7061e-01 -6.4399e-02
651 0 +1.009169679e+02 -3.323032130e+00 -3.323032130e+00 -1.5482e+00 -2.7644e+00 +1.4222e+00 -4.7903e-01 -5.3396e-02
670 0 +9.194203647e+01 -1.229796353e+01 -1.229796353e+01 +4.6860e-01 -2.9190e+00 +1.2611e+00 -4.8580e-01 -5.0985e-02
678 0 +5.544092671e+01 -4.879907329e+01 -4.879907329e+01 -3.0487e+00 -4.7813e+00 +1.1940e+00 -4.7977e-01 -5.9692e-02
726 0 +3.937517933e+01 -6.486482067e+01 -6.486482067e+01 -1.6556e+00 -3.8644e+00 +1.3030e+00 -5.0232e-01 -6.3948e-02
727 0 +9.468687302e+00 -9.477131270e+01 -9.477131270e+01 -1.9037e+00 -3.7118e+00 +1.3273e+00 -4.8521e-01 -5.9109e-02
794 0 +5.099596563e+00 -9.914040344e+01 -9.914040344e+01 -6.4566e-01 -4.0708e+00 +1.2800e+00 -4.8950e-01 -5.9558e-02
896 0 +4.343533638e+00 -9.989646636e+01 -9.989646636e+01 -1.0528e+00 -4.1468e+00 +1.3280e+00 -4.9353e-01 -5.8390e-02
907 0 +4.053390927e+00 -1.001866091e+02 -1.001866091e+02 -6.6972e-01 -3.7849e+00 +1.3083e+00 -4.8813e-01 -5.7279e-02
919 0 +2.644844821e+00 -1.015951552e+02 -1.015951552e+02 -5.9873e-01 -3.7392e+00 +1.3276e+00 -4.9115e-01 -5.7941e-02
954 0 +1.722339554e+00 -1.025176604e+02 -1.025176604e+02 -5.5304e-01 -3.8386e+00 +1.3152e+00 -4.8973e-01 -5.8032e-02
976 0 +1.679032077e+00 -1.025609679e+02 -1.025609679e+02 +3.8170e-01 -3.7623e+00 +1.3115e+00 -4.9243e-01 -5.9380e-02
992 0 +1.360783664e+00 -1.028792163e+02 -1.028792163e+02 -3.2757e-01 -3.8283e+00 +1.3061e+00 -4.9753e-01 -5.8400e-02
998 0 +1.184027277e+00 -1.030559727e+02 -1.030559727e+02 -2.5851e-01 -3.9234e+00 +1.3087e+00 -4.9529e-01 -5.9284e-02
1022 0 +2.970714030e-01 -1.039429286e+02 -1.039429286e+02 +1.4585e-01 -3.8796e+00 +1.3181e+00 -4.9568e-01 -5.8612e-02
1057 0 +1.747597097e-01 -1.040652403e+02 -1.040652403e+02 +1.5157e-01 -3.8587e+00 +1.3136e+00 -4.9362e-01 -5.8425e-02
1130 0 +1.717583674e-01 -1.040682416e+02 -1.040682416e+02 +5.7106e-02 -3.9273e+00 +1.3112e+00 -4.9260e-01 -5.8304e-02
1178 0 +1.373458187e-01 -1.041026542e+02 -1.041026542e+02 +7.6702e-02 -3.9352e+00 +1.3120e+00 -4.9319e-01 -5.8260e-02
1190 0 +7.503424369e-02 -1.041649658e+02 -1.041649658e+02 +2.5288e-01 -3.9175e+00 +1.3195e+00 -4.9308e-01 -5.8512e-02
1194 0 +5.021445471e-02 -1.041897855e+02 -1.041897855e+02 +3.5159e-01 -3.8875e+00 +1.3162e+00 -4.9359e-01 -5.8291e-02
1195 0 +3.749677161e-02 -1.042025032e+02 -1.042025032e+02 +2.4313e-01 -3.9117e+00 +1.3160e+00 -4.9359e-01 -5.8450e-02
1241 0 +2.002049220e-02 -1.042199795e+02 -1.042199795e+02 +2.8329e-01 -3.9180e+00 +1.3133e+00 -4.9340e-01 -5.8323e-02
% f evaluations | g evaluations | best noise-free fitness - Fopt (-6.785000000000e+01) + sum g_i+ | measured fitness | best measured fitness or single-digit g-values | x1 | x2...
1 0 +1.888040833e+06 +1.887972983e+06 +1.887972983e+06 +5.9671e-01 -3.8264e-02 +7.4769e-01 +1.6230e+00 -1.3415e-01
3 0 +7.904876169e+05 +7.904197669e+05 +7.904197669e+05 -3.6342e-01 -3.6573e-01 +3.4196e-01 -1.8133e+00 -1.6249e+00
4 0 +4.719640159e+05 +4.718961659e+05 +4.718961659e+05 -4.6229e-01 -9.1283e-01 +4.1425e-01 -8.0802e-01 -1.3123e+00
9 0 +3.230130970e+05 +3.229452470e+05 +3.229452470e+05 +8.3847e-01 +2.7137e-01 -1.5648e-02 -2.0110e-01 -1.3785e+00
10 0 +2.914170861e+05 +2.913492361e+05 +2.913492361e+05 -6.1984e-01 -3.6064e-01 +1.1571e+00 +4.4362e-01 -1.6630e+00
51 0 +1.899312338e+05 +1.898633838e+05 +1.898633838e+05 +9.8851e-01 +2.2908e-01 +1.5955e+00 +7.5655e-01 -1.1821e+00
54 0 +9.888057905e+04 +9.881272905e+04 +9.881272905e+04 +1.6181e+00 +4.5453e-01 +1.0951e+00 +1.4600e+00 -1.2756e+00
79 0 +4.251090920e+04 +4.244305920e+04 +4.244305920e+04 +1.1146e+00 -8.8704e-02 +6.7893e-01 +1.9362e+00 -1.3248e+00
111 0 +1.237737203e+03 +1.169887203e+03 +1.169887203e+03 +2.2630e-01 +1.9034e+00 +1.7048e+00 +3.0821e+00 -1.3916e+00
340 0 +1.078893758e+03 +1.011043758e+03 +1.011043758e+03 -5.8319e-02 +1.6321e+00 +2.0445e+00 +3.1585e+00 -1.3594e+00
373 0 +6.841757318e+02 +6.163257318e+02 +6.163257318e+02 +4.6137e-01 +3.2145e-01 +1.7874e+00 +3.0880e+00 -1.3732e+00
408 0 +5.994584871e+02 +5.316084871e+02 +5.316084871e+02 +1.3772e-01 +1.0814e+00 +1.8143e+00 +2.9777e+00 -1.3508e+00
456 0 +3.970154292e+02 +3.291654292e+02 +3.291654292e+02 -3.1567e-01 +7.6869e-01 +1.5145e+00 +2.9463e+00 -1.3647e+00
463 0 +3.088135917e+02 +2.409635917e+02 +2.409635917e+02 -2.2758e-01 +5.7768e-01 +1.5102e+00 +3.0393e+00 -1.3714e+00
481 0 +2.447385401e+02 +1.768885401e+02 +1.768885401e+02 -4.3880e-01 +8.2921e-01 +1.5871e+00 +3.0327e+00 -1.3581e+00
530 0 +2.212172270e+02 +1.533672270e+02 +1.533672270e+02 +4.9944e-02 +6.3030e-01 +1.3815e+00 +3.0211e+00 -1.3685e+00
533 0 +1.818240921e+02 +1.139740921e+02 +1.139740921e+02 -3.4922e-02 +8.0089e-01 +1.2532e+00 +3.0225e+00 -1.3663e+00
566 0 +1.064000574e+02 +3.855005736e+01 +3.855005736e+01 -6.3794e-01 +1.3819e+00 +1.3389e+00 +3.0194e+00 -1.3600e+00
680 0 +1.038932604e+02 +3.604326035e+01 +3.604326035e+01 +2.7675e+00 +3.3233e+00 +1.0022e+00 +3.0373e+00 -1.3633e+00
689 0 +7.424382196e+01 +6.393821965e+00 +6.393821965e+00 +2.3860e+00 +1.9995e+00 +1.2201e+00 +3.0571e+00 -1.3585e+00
831 0 +5.885043370e+01 -8.999566298e+00 -8.999566298e+00 +2.6248e+00 +3.0203e+00 +1.4662e+00 +3.0033e+00 -1.3643e+00
840 0 +3.910847705e+00 -6.393915230e+01 -6.393915230e+01 +1.1962e+00 +2.7120e+00 +1.3256e+00 +3.0322e+00 -1.3611e+00
1006 0 +1.674431219e+00 -6.617556878e+01 -6.617556878e+01 +6.5838e-01 +3.0150e+00 +1.2836e+00 +3.0253e+00 -1.3611e+00
1056 0 +1.332466529e+00 -6.651753347e+01 -6.651753347e+01 +1.6758e+00 +2.8872e+00 +1.3081e+00 +3.0323e+00 -1.3619e+00
1060 0 +8.928746332e-01 -6.695712537e+01 -6.695712537e+01 +1.7863e+00 +3.0340e+00 +1.3050e+00 +3.0280e+00 -1.3615e+00
1076 0 +7.118385519e-01 -6.713816145e+01 -6.713816145e+01 +1.5584e+00 +3.0120e+00 +1.3000e+00 +3.0328e+00 -1.3615e+00
1144 0 +6.740877618e-01 -6.717591224e+01 -6.717591224e+01 +1.5207e+00 +3.0382e+00 +1.3000e+00 +3.0289e+00 -1.3613e+00
1149 0 +4.924755218e-01 -6.735752448e+01 -6.735752448e+01 +1.4760e+00 +3.0155e+00 +1.3065e+00 +3.0319e+00 -1.3615e+00
1182 0 +4.535240562e-01 -6.739647594e+01 -6.739647594e+01 +1.4708e+00 +3.0283e+00 +1.3094e+00 +3.0300e+00 -1.3615e+00
1202 0 +3.991802916e-01 -6.745081971e+01 -6.745081971e+01 +1.4194e+00 +3.0107e+00 +1.3070e+00 +3.0305e+00 -1.3613e+00
1243 0 +2.992522479e-01 -6.755074775e+01 -6.755074775e+01 +1.4032e+00 +3.0150e+00 +1.3019e+00 +3.0304e+00 -1.3617e+00
1249 0 +1.706619822e-01 -6.767933802e+01 -6.767933802e+01 +1.3050e+00 +3.0092e+00 +1.3054e+00 +3.0308e+00 -1.3617e+00
% f evaluations | g evaluations | best noise-free fitness - Fopt (-3.639800000000e+02) + sum g_i+ | measured fitness | best measured fitness or single-digit g-values | x1 | x2...
1 0 +5.218023222e+06 +5.217659242e+06 +5.217659242e+06 +5.9671e-01 -3.8264e-02 +7.4769e-01 +1.6230e+00 -1.3415e-01
2 0 +3.323573765e+06 +3.323209785e+06 +3.323209785e+06 -1.3414e-01 +1.6792e+00 +8.6743e-01 -3.6947e-01 +6.4256e-01
7 0 +2.531586789e+06 +2.531222809e+06 +2.531222809e+06 -5.0171e-01 +1.9523e+00 +8.6503e-02 -9.5771e-01 +9.2254e-01
11 0 +1.424549748e+06 +1.424185768e+06 +1.424185768e+06 +4.2408e-01 -2.8508e-01 -5.7692e-01 +7.1168e-01 +1.1310e+00
26 0 +6.089192019e+05 +6.085552219e+05 +6.085552219e+05 +5.4734e-01 +5.4483e-01 -2.0608e+00 +4.3130e-01 +2.6368e+00
27 0 +5.801632722e+05 +5.797992922e+05 +5.797992922e+05 -4.9731e-01 -7.4364e-01 -1.6678e-01 +1.1793e-01 +1.8326e+00
29 0 +2.507696966e+05 +2.504057166e+05 +2.504057166e+05 -5.9525e-01 -1.4848e-01 -8.8070e-01 +1.1113e+00 +2.0835e+00
74 0 +1.917654341e+05 +1.914014541e+05 +1.914014541e+05 +1.2270e-01 -5.7692e-01 +2.3997e-01 +3.2547e+00 +1.7607e+00
78 0 +1.887990372e+05 +1.884350572e+05 +1.884350572e+05 +1.7302e-01 +2.1272e+00 +2.3592e-01 +1.5223e+00 +2.2723e+00
87 0 +3.909655265e+04 +3.873257265e+04 +3.873257265e+04 -7.5236e-01 +1.2108e+00 -1.0342e+00 +3.0390e+00 +2.0948e+00
128 0 +3.040602378e+04 +3.004204378e+04 +3.004204378e+04 +2.1016e-01 -1.1809e+00 -1.4027e+00 +3.1966e+00 +2.1771e+00
180 0 +1.649162770e+04 +1.612764770e+04 +1.612764770e+04 +9.6547e-01 -9.0009e-01 -9.5607e-01 +3.7343e+00 +2.1211e+00
213 0 +1.443750654e+04 +1.407352654e+04 +1.407352654e+04 +2.2288e+00 +2.7201e+00 +6.8651e-02 +3.6278e+00 +2.0819e+00
329 0 +9.685908008e+03 +9.321928008e+03 +9.321928008e+03 +1.6293e+00 +8.9664e-01 +6.8359e-02 +3.6081e+00 +2.1877e+00
346 0 +6.546825582e+03 +6.182845582e+03 +6.182845582e+03 +2.2554e+00 +1.0970e+00 +4.8124e-01 +3.8510e+00 +2.2082e+00
380 0 +6.269141867e+03 +5.905161867e+03 +5.905161867e+03 +3.3401e+00 -2.7779e-01 +8.3193e-01 +4.1411e+00 +2.1389e+00
426 0 +6.058474537e+03 +5.694494537e+03 +5.694494537e+03 +2.7745e+00 +2.0519e+00 +3.6374e+00 +3.5679e+00 +2.1347e+00
431 0 +5.016103979e+03 +4.652123979e+03 +4.652123979e+03 +3.5991e+00 +3.4639e-01 +2.4370e+00 +4.3179e+00 +2.1598e+00
435 0 +4.760001748e+03 +4.396021748e+03 +4.396021748e+03 +1.1866e+00 +1.2488e+00 +1.4368e+00 +4.0010e+00 +2.1135e+00
473 0 +2.499896120e+03 +2.135916120e+03 +2.135916120e+03 +1.2028e+00 +1.4929e+00 +2.2293e+00 +3.6433e+00 +2.1661e+00
492 0 +2.172989969e+03 +1.809009969e+03 +1.809009969e+03 -3.3836e-01 +2.7423e+00 +3.8196e+00 +3.8433e+00 +2.1831e+00
545 0 +1.279818663e+03 +9.158386628e+02 +9.158386628e+02 +7.0388e-01 +3.8624e+00 +2.3709e+00 +4.0966e+00 +2.1738e+00
582 0 +1.647531331e+02 -1.992268669e+02 -1.992268669e+02 +7.0451e-01 +3.5027e+00 +2.3196e+00 +3.8923e+00 +2.1734e+00
779 0 +1.382266993e+02 -2.257533007e+02 -2.257533007e+02 +2.1138e-01 +1.9804e+00 +2.3814e+00 +3.9130e+00 +2.1710e+00
784 0 +1.191722259e+02 -2.448077741e+02 -2.448077741e+02 +3.5455e-01 +2.3368e+00 +2.3248e+00 +3.9151e+00 +2.1624e+00
798 0 +9.671125968e+01 -2.672687403e+02 -2.672687403e+02 +2.8369e-01 +2.8147e+00 +2.5837e+00 +3.9512e+00 +2.1597e+00
807 0 +8.647282934e+01 -2.775071707e+02 -2.775071707e+02 -5.3619e-01 +3.4297e+00 +2.4066e+00 +3.9298e+00 +2.1612e+00
828 0 +4.074709956e+01 -3.232329004e+02 -3.232329004e+02 -7.8128e-01 +3.1911e+00 +2.6227e+00 +3.9240e+00 +2.1710e+00
834 0 +2.335683709e+01 -3.406231629e+02 -3.406231629e+02 +9.9188e-01 +2.5389e+00 +2.7107e+00 +3.9085e+00 +2.1664e+00
879 0 +1.787276224e+01 -3.461072378e+02 -3.461072378e+02 +8.9222e-01 +2.4469e+00 +2.6410e+00 +3.9090e+00 +2.1668e+00
923 0 +1.562398226e+01 -3.483560177e+02 -3.483560177e+02 -1.6390e-01 +2.9649e+00 +2.5621e+00 +3.8950e+00 +2.1660e+00
962 0 +8.338724138e+00 -3.556412759e+02 -3.556412759e+02 +7.1243e-02 +2.9201e+00 +2.6535e+00 +3.9137e+00 +2.1648e+00
1003 0 +6.185325959e+00 -3.577946740e+02 -3.577946740e+02 -6.1273e-01 +3.1843e+00 +2.5891e+00 +3.9100e+00 +2.1658e+00
1052 0 +4.727668721e+00 -3.592523313e+02 -3.592523313e+02 +2.7255e-03 +3.2083e+00 +2.6021e+00 +3.9097e+00 +2.1666e+00
1128 0 +2.724852841e+00 -3.612551472e+02 -3.612551472e+02 +4.7991e-01 +3.0661e+00 +2.6070e+00 +3.9097e+00 +2.1658e+00
1129 0 +2.385211568e+00 -3.615947884e+02 -3.615947884e+02 +4.3966e-01 +3.2462e+00 +2.6131e+00 +3.9098e+00 +2.1654e+00
1157 0 +1.859802433e+00 -3.621201976e+02 -3.621201976e+02 +6.4191e-01 +3.1831e+00 +2.6163e+00 +3.9091e+00 +2.1651e+00
1187 0 +1.859379390e+00 -3.621206206e+02 -3.621206206e+02 +6.6237e-01 +3.1809e+00 +2.6222e+00 +3.9066e+00 +2.1655e+00
% f evaluations | g evaluations | best noise-free fitness - Fopt (-1.865000000000e+01) + sum g_i+ | measured fitness | best measured fitness or single-digit g-values | x1 | x2...
1 0 +8.225484417e+06 +8.225465767e+06 +8.225465767e+06 +5.9671e-01 -3.8264e-02 +7.4769e-01 +1.6230e+00 -1.3415e-01
3 0 +2.131658279e+06 +2.131639629e+06 +2.131639629e+06 -3.6342e-01 -3.6573e-01 +3.4196e-01 -1.8133e+00 -1.6249e+00
10 0 +1.966919310e+06 +1.966900660e+06 +1.966900660e+06 -6.1984e-01 -3.6064e-01 +1.1571e+00 +4.4362e-01 -1.6630e+00
15 0 +2.684494183e+05 +2.684307683e+05 +2.684307683e+05 +4.6140e-01 +1.6380e+00 +6.4174e-02 +1.6646e+00 -2.5197e+00
27 0 +5.641547883e+04 +5.639682883e+04 +5.639682883e+04 +5.0195e-01 +2.2890e-01 +2.6630e-01 -8.3680e-01 -3.0358e+00
31 0 +1.549770014e+04 +1.547905014e+04 +1.547905014e+04 +8.1335e-02 -3.0575e-01 +1.3978e+00 +4.1589e-01 -2.9882e+00
67 0 +3.768868146e+03 +3.750218146e+03 +3.750218146e+03 +3.3153e-01 +2.1754e+00 -6.6751e-01 +3.5569e-01 -2.9726e+00
201 0 +2.729316590e+03 +2.710666590e+03 +2.710666590e+03 +1.9893e+00 +2.1539e+00 -1.6603e+00 +5.0015e-01 -2.9974e+00
288 0 +9.930387618e+02 +9.743887618e+02 +9.743887618e+02 +9.5343e-01 +2.7413e+00 -2.7154e+00 +2.6358e-01 -2.9898e+00
365 0 +8.792859789e+02 +8.606359789e+02 +8.606359789e+02 +1.2224e+00 +1.0112e+00 -1.7654e+00 +2.8431e-01 -2.9797e+00
650 0 +8.782722278e+02 +8.596222278e+02 +8.596222278e+02 +2.2130e-02 -2.0408e-01 -2.7592e+00 +2.8471e-01 -2.9591e+00
662 0 +8.191005297e+02 +8.004505297e+02 +8.004505297e+02 +4.3620e-01 -5.7022e-01 -2.5731e+00 +1.6485e-01 -2.9760e+00
672 0 +5.321453029e+02 +5.134953029e+02 +5.134953029e+02 +1.5467e+00 -1.0809e-02 -2.0963e+00 +2.5874e-01 -2.9717e+00
677 0 +4.999486441e+02 +4.812986441e+02 +4.812986441e+02 +1.0599e-01 -2.9184e+00 -2.7529e+00 +2.9268e-01 -3.0028e+00
695 0 +2.649208312e+02 +2.462708312e+02 +2.462708312e+02 +4.3297e+00 -9.5949e-01 -2.5989e+00 +3.1790e-01 -2.9953e+00
815 0 +1.219399278e+02 +1.032899278e+02 +1.032899278e+02 -4.0689e+00 -1.3531e+00 -2.4332e+00 +2.9899e-01 -2.9895e+00
830 0 +6.618788959e+01 +4.753788959e+01 +4.753788959e+01 -2.0695e+00 -2.3340e+00 -2.6856e+00 +2.9509e-01 -2.9792e+00
903 0 +1.748492859e+01 -1.165071413e+00 -1.165071413e+00 +1.0794e+00 -2.5709e+00 -2.5900e+00 +3.1330e-01 -2.9836e+00
983 0 +9.520620964e-01 -1.769793790e+01 -1.769793790e+01 +1.0580e+00 -2.5509e+00 -2.4609e+00 +3.0477e-01 -2.9823e+00
1149 0 +5.789235847e-01 -1.807107642e+01 -1.807107642e+01 +9.9888e-01 -2.4656e+00 -2.4721e+00 +3.0148e-01 -2.9829e+00
1212 0 +4.270177189e-01 -1.822298228e+01 -1.822298228e+01 +1.6796e+00 -2.4462e+00 -2.4796e+00 +3.0296e-01 -2.9818e+00
1241 0 +4.255207305e-01 -1.822447927e+01 -1.822447927e+01 +1.5759e+00 -2.5148e+00 -2.4956e+00 +3.0152e-01 -2.9821e+00
% f evaluations | g evaluations | best noise-free fitness - Fopt (1.749200000000e+02) + sum g_i+ | measured fitness | best measured fitness or single-digit g-values | x1 | x2...
1 0 +8.141879848e+06 +8.142054768e+06 +8.142054768e+06 +5.9671e-01 -3.8264e-02 +7.4769e-01 +1.6230e+00 -1.3415e-01
3 0 +1.854465442e+06 +1.854640362e+06 +1.854640362e+06 -3.6342e-01 -3.6573e-01 +3.4196e-01 -1.8133e+00 -1.6249e+00
15 0 +4.978638545e+05 +4.980387745e+05 +4.980387745e+05 +4.6140e-01 +1.6380e+00 +6.4174e-02 +1.6646e+00 -2.5197e+00
27 0 +4.663455385e+05 +4.665204585e+05 +4.665204585e+05 +4.8484e-01 +6.6159e-01 -1.1542e+00 +7.8755e-01 -3.3413e+00
28 0 +3.820255760e+05 +3.822004960e+05 +3.822004960e+05 -7.5284e-02 +1.1363e+00 -9.6715e-02 +1.0978e+00 -3.1845e+00
34 0 +2.726835349e+05 +2.728584549e+05 +2.728584549e+05 +1.1490e+00 +2.9379e-01 +2.3668e+00 +4.7942e-01 -3.0916e+00
37 0 +2.057498659e+05 +2.059247859e+05 +2.059247859e+05 +1.6781e+00 +1.6554e+00 +5.7682e-01 -4.5794e-01 -2.5045e+00
40 0 +1.213655174e+05 +1.215404374e+05 +1.215404374e+05 -8.6328e-01 +6.4045e-01 -2.9598e+00 +1.2804e-01 -2.9518e+00
52 0 +1.041138547e+05 +1.042887747e+05 +1.042887747e+05 +3.6611e-01 +1.0076e+00 -1.1460e+00 +1.4036e-02 -2.9292e+00
54 0 +6.344320259e+03 +6.519240259e+03 +6.519240259e+03 +9.5794e-01 -2.6166e-01 -3.0326e+00 -1.4306e+00 -2.9045e+00
218 0 +4.722292363e+03 +4.897212363e+03 +4.897212363e+03 -8.9239e-01 +1.1774e+00 -2.5448e+00 -2.1268e+00 -2.8396e+00
258 0 +4.183936337e+03 +4.358856337e+03 +4.358856337e+03 -6.3899e-01 +2.5582e+00 -2.1622e+00 -2.0532e+00 -2.8683e+00
311 0 +2.743715147e+03 +2.918635147e+03 +2.918635147e+03 +1.6966e+00 +2.9724e+00 -2.0044e+00 -1.8201e+00 -2.8673e+00
351 0 +2.674473569e+03 +2.849393569e+03 +2.849393569e+03 -8.8421e-01 +2.9506e+00 -2.2617e+00 -1.8757e+00 -2.8482e+00
492 0 +2.496218783e+03 +2.671138783e+03 +2.671138783e+03 -4.1255e-01 +1.5774e+00 -2.1651e+00 -1.9179e+00 -2.8606e+00
503 0 +2.344748387e+03 +2.519668387e+03 +2.519668387e+03 +6.5130e-01 +2.7828e+00 -3.0498e+00 -1.9607e+00 -2.8379e+00
523 0 +1.912423972e+03 +2.087343972e+03 +2.087343972e+03 -3.1757e-01 +1.2802e+00 -2.4486e+00 -1.9636e+00 -2.8603e+00
527 0 +1.075143021e+03 +1.250063021e+03 +1.250063021e+03 +4.9195e-01 +2.3525e+00 -2.6546e+00 -1.8182e+00 -2.8639e+00
530 0 +9.689962550e+02 +1.143916255e+03 +1.143916255e+03 +4.1202e-01 +1.7259e+00 -2.9567e+00 -1.7879e+00 -2.8459e+00
587 0 +7.685150073e+02 +9.434350073e+02 +9.434350073e+02 +1.2347e+00 +1.4195e+00 -3.1578e+00 -1.7204e+00 -2.8621e+00
615 0 +5.894216424e+02 +7.643416424e+02 +7.643416424e+02 +1.8639e+00 +7.4110e-01 -3.2500e+00 -1.7282e+00 -2.8607e+00
669 0 +4.072030494e+02 +5.821230494e+02 +5.821230494e+02 +8.7721e-01 +1.1764e+00 -3.1345e+00 -1.8229e+00 -2.8587e+00
778 0 +1.512709724e+02 +3.261909724e+02 +3.261909724e+02 -4.8416e+00 -1.7349e+00 -3.0739e+00 -1.8093e+00 -2.8694e+00
876 0 +1.238852915e+02 +2.988052915e+02 +2.988052915e+02 -2.6197e+00 -1.7295e+00 -3.6412e+00 -1.7963e+00 -2.8728e+00
892 0 +1.098776167e+02 +2.847976167e+02 +2.847976167e+02 -3.4553e+00 -9.6084e-01 -3.5462e+00 -1.8448e+00 -2.8587e+00
903 0 +5.076835630e+01 +2.256883563e+02 +2.256883563e+02 -4.2361e+00 -1.7179e+00 -3.2373e+00 -1.8069e+00 -2.8636e+00
940 0 +3.673195511e+01 +2.116519551e+02 +2.116519551e+02 -4.2507e+00 -1.9674e+00 -3.4078e+00 -1.8224e+00 -2.8604e+00
957 0 +3.132519511e+01 +2.062451951e+02 +2.062451951e+02 -3.4013e+00 -1.5472e+00 -3.2863e+00 -1.8039e+00 -2.8655e+00
974 0 +1.786356671e+01 +1.927835667e+02 +1.927835667e+02 -2.1850e+00 -1.3804e+00 -3.3330e+00 -1.8103e+00 -2.8669e+00
986 0 +5.915104861e+00 +1.808351049e+02 +1.808351049e+02 -2.3388e+00 -1.7478e+00 -3.3418e+00 -1.8209e+00 -2.8656e+00
1067 0 +4.470075800e+00 +1.793900758e+02 +1.793900758e+02 -2.9995e+00 -1.7517e+00 -3.4014e+00 -1.8172e+00 -2.8656e+00
1112 0 +3.283793725e+00 +1.782037937e+02 +1.782037937e+02 -2.1767e+00 -1.5976e+00 -3.4162e+00 -1.8187e+00 -2.8659e+00
1123 0 +2.775166915e+00 +1.776951669e+02 +1.776951669e+02 -1.8583e+00 -1.8258e+00 -3.4142e+00 -1.8131e+00 -2.8650e+00
1177 0 +1.475563787e+00 +1.763955638e+02 +1.763955638e+02 -9.0577e-01 -1.9695e+00 -3.4034e+00 -1.8160e+00 -2.8658e+00
% f evaluations | g evaluations | best noise-free fitness - Fopt (-5.659600000000e+02) + sum g_i+ | measured fitness | best measured fitness or single-digit g-values | x1 | x2...
1 0 +1.154249746e+07 +1.154193150e+07 +1.154193150e+07 +5.9671e-01 -3.8264e-02 +7.4769e-01 +1.6230e+00 -1.3415e-01
3 0 +3.594165107e+06 +3.593599147e+06 +3.593599147e+06 -3.6342e-01 -3.6573e-01 +3.4196e-01 -1.8133e+00 -1.6249e+00
10 0 +3.555922469e+06 +3.555356509e+06 +3.555356509e+06 -6.1984e-01 -3.6064e-01 +1.1571e+00 +4.4362e-01 -1.6630e+00
15 0 +1.562717689e+06 +1.562151729e+06 +1.562151729e+06 +4.6140e-01 +1.6380e+00 +6.4174e-02 +1.6646e+00 -2.5197e+00
26 0 +1.049666355e+05 +1.044006755e+05 +1.044006755e+05 +1.9983e+00 +1.7198e-01 -6.7198e-01 +8.2602e-03 -3.6539e+00
29 0 +8.141320465e+04 +8.084724465e+04 +8.084724465e+04 +1.5903e+00 +1.3216e+00 +3.9568e-01 -7.8245e-01 -3.3809e+00
35 0 +2.001394324e+04 +1.944798324e+04 +1.944798324e+04 -8.6849e-01 +4.5953e-01 -1.3127e+00 -1.3226e+00 -3.4711e+00
54 0 +5.296033835e+03 +4.730073835e+03 +4.730073835e+03 -1.1631e+00 +9.5734e-01 +1.0515e-02 -1.9109e+00 -3.5556e+00
201 0 +2.405331136e+03 +1.839371136e+03 +1.839371136e+03 +1.5680e+00 -5.9111e-01 -1.7309e+00 -1.6822e+00 -3.6034e+00
235 0 +6.553036370e+02 +8.934363700e+01 +8.934363700e+01 +2.5381e+00 +7.2433e-01 -1.6561e+00 -1.9073e+00 -3.5498e+00
430 0 +3.865074945e+02 -1.794525055e+02 -1.794525055e+02 +1.8162e+00 +5.1287e-01 -2.0018e+00 -1.7692e+00 -3.5520e+00
456 0 +3.332477822e+02 -2.327122178e+02 -2.327122178e+02 +2.2095e+00 +4.2531e-01 -2.6352e+00 -1.8807e+00 -3.5715e+00
501 0 +1.423623440e+02 -4.235976560e+02 -4.235976560e+02 +1.1437e+00 +1.1685e-01 -2.0860e+00 -1.7972e+00 -3.5585e+00
592 0 +5.552871533e+01 -5.104312847e+02 -5.104312847e+02 +1.6979e+00 +8.3354e-02 -2.2340e+00 -1.8724e+00 -3.5685e+00
703 0 +4.659833352e+01 -5.193616665e+02 -5.193616665e+02 +1.4427e+00 +4.1337e-01 -2.2923e+00 -1.8488e+00 -3.5705e+00
785 0 +4.210534883e+01 -5.238546512e+02 -5.238546512e+02 +1.2067e+00 -6.8402e-02 -1.9994e+00 -1.8362e+00 -3.5635e+00
786 0 +1.695004408e+01 -5.490099559e+02 -5.490099559e+02 +1.2004e+00 +4.9373e-02 -2.0987e+00 -1.8276e+00 -3.5693e+00
833 0 +1.330319244e+01 -5.526568076e+02 -5.526568076e+02 +1.2539e+00 -4.3681e-02 -2.0919e+00 -1.8479e+00 -3.5671e+00
841 0 +9.262156454e+00 -5.566978435e+02 -5.566978435e+02 +1.2829e+00 +3.7918e-02 -2.1186e+00 -1.8387e+00 -3.5660e+00
847 0 +8.277528269e+00 -5.576824717e+02 -5.576824717e+02 +1.5105e+00 +2.8450e-01 -2.1527e+00 -1.8459e+00 -3.5673e+00
946 0 +7.862600030e+00 -5.580974000e+02 -5.580974000e+02 +1.3446e+00 +1.7674e-01 -2.1254e+00 -1.8385e+00 -3.5661e+00
952 0 +7.208378290e+00 -5.587516217e+02 -5.587516217e+02 +1.4969e+00 +2.3918e-01 -2.1389e+00 -1.8376e+00 -3.5666e+00
977 0 +6.714508682e+00 -5.592454913e+02 -5.592454913e+02 +1.4756e+00 +2.5129e-01 -2.1406e+00 -1.8394e+00 -3.5670e+00
1024 0 +6.661479059e+00 -5.592985209e+02 -5.592985209e+02 +1.3852e+00 +2.5434e-01 -2.1512e+00 -1.8358e+00 -3.5669e+00
1028 0 +6.463203740e+00 -5.594967963e+02 -5.594967963e+02 +1.3175e+00 +2.1595e-01 -2.1704e+00 -1.8396e+00 -3.5673e+00
1055 0 +6.081842889e+00 -5.598781571e+02 -5.598781571e+02 +1.3582e+00 +2.0906e-01 -2.1399e+00 -1.8392e+00 -3.5672e+00
1109 0 +6.028545975e+00 -5.599314540e+02 -5.599314540e+02 +1.3519e+00 +2.1804e-01 -2.1435e+00 -1.8388e+00 -3.5673e+00
1113 0 +5.959856959e+00 -5.600001430e+02 -5.600001430e+02 +1.2985e+00 +2.1819e-01 -2.1580e+00 -1.8405e+00 -3.5674e+00
1128 0 +5.834494393e+00 -5.601255056e+02 -5.601255056e+02 +1.2586e+00 +1.9166e-01 -2.1561e+00 -1.8387e+00 -3.5667e+00
1152 0 +5.820446254e+00 -5.601395537e+02 -5.601395537e+02 +1.2839e+00 +1.4978e-01 -2.1487e+00 -1.8391e+00 -3.5674e+00
1168 0 +5.721204475e+00 -5.602387955e+02 -5.602387955e+02 +1.2606e+00 +1.9014e-01 -2.1504e+00 -1.8395e+00 -3.5668e+00
1180 0 +5.679613807e+00 -5.602803862e+02 -5.602803862e+02 +1.2683e+00 +2.0887e-01 -2.1403e+00 -1.8402e+00 -3.5675e+00
1208 0 +5.677070466e+00 -5.602829295e+02 -5.602829295e+02 +1.2762e+00 +2.2615e-01 -2.1565e+00 -1.8394e+00 -3.5671e+00
1209 0 +5.599288420e+00 -5.603607116e+02 -5.603607116e+02 +1.2797e+00 +2.3531e-01 -2.1393e+00 -1.8384e+00 -3.5672e+00
1226 0 +5.455919942e+00 -5.605040801e+02 -5.605040801e+02 +1.2517e+00 +2.2572e-01 -2.1488e+00 -1.8385e+00 -3.5670e+00
1247 0 +5.440554465e+00 -5.605194455e+02 -5.605194455e+02 +1.2432e+00 +2.1806e-01 -2.1556e+00 -1.8389e+00 -3.5671e+00
