% f evaluations | g evaluations | best noise-free fitness - Fopt (-2.098800000000e+02) + sum g_i+ | measured fitness | best measured fitness or single-digit g-values | x1 | x2...
1 0 +4.145701426e+06 +4.145491546e+06 +4.145491546e+06 +5.9671e-01 -3.8264e-02 +7.4769e-01 +1.6230e+00 -1.3415e-01 -1.3414e-01 +1.6792e+00 +8.6743e-01 -3.6947e-01 +6.4256e-01
6 0 +3.310226671e+06 +3.310016791e+06 +3.310016791e+06 +4.2408e-01 -2.8508e-01 -5.7692e-01 +7.1168e-01 +1.1310e+00 +1.0313e+00 -7.3922e-01 -2.0921e-01 +4.3126e-01 +1.0755e+00
18 0 +3.854675092e+05 +3.852576292e+05 +3.852576292e+05 -7.8951e-01 -7.1581e-01 +2.2898e-02 +4.4115e-01 +3.7669e-01 +9.2718e-01 +1.1300e-01 +1.5535e+00 -1.6466e-01 +2.8202e+00
51 0 +2.993665467e+05 +2.991566667e+05 +2.991566667e+05 -3.2824e-01 +9.5139e-01 +8.3432e-01 +6.4299e-01 +9.8544e-01 +1.3005e+00 -1.5175e+00 -5.9306e-01 -4.4053e-01 +2.4407e+00
59 0 +1.567374879e+05 +1.565276079e+05 +1.565276079e+05 +1.1283e+00 +1.8700e+00 -1.3680e+00 +1.4117e+00 +8.9851e-01 -1.3622e+00 +1.1149e+00 +2.4313e-01 -6.5684e-01 +2.3629e+00
136 0 +1.314578524e+05 +1.312479724e+05 +1.312479724e+05 -1.0551e+00 +3.6136e+00 -1.6093e+00 -6.1660e-01 +1.6733e+00 -1.4321e+00 +1.4602e+00 -6.1413e-02 -1.6527e+00 +2.7714e+00
145 0 +1.013442018e+05 +1.011343218e+05 +1.011343218e+05 -1.0380e+00 +3.8910e+00 +8.9842e-01 -3.2700e-01 +6.7130e-01 -9.8808e-01 +1.6827e+00 -9.3504e-01 -1.3024e+00 +2.4411e+00
358 0 +4.785109736e+04 +4.764121736e+04 +4.764121736e+04 +1.1434e+00 -2.7891e-02 -1.4139e+00 +4.8225e-01 +3.7093e+00 +1.0898e+00 +1.5335e+00 -9.2992e-01 -1.1674e+00 +2.5321e+00
530 0 +4.391307708e+04 +4.370319708e+04 +4.370319708e+04 +6.2972e-01 +2.1901e+00 +2.9307e-01 +1.5233e+00 +8.7709e-01 -2.2995e-01 +1.7180e+00 -8.1355e-01 -1.0128e+00 +2.5979e+00
556 0 +1.418982598e+04 +1.397994598e+04 +1.397994598e+04 -5.1109e-01 +1.0492e+00 -2.2054e+00 -1.6732e-02 +4.7436e+00 +1.4261e+00 +1.8967e+00 -3.0461e-02 -1.0261e+00 +2.5685e+00
689 0 +4.581823964e+03 +4.371943964e+03 +4.371943964e+03 -2.4940e-01 -3.8436e-01 -8.6947e-01 +1.9103e+00 +2.5776e+00 +2.8103e+00 +2.1129e+00 -1.6288e-01 -9.8842e-01 +2.6011e+00
1538 0 +3.844704153e+03 +3.634824153e+03 +3.634824153e+03 -3.1389e+00 +2.3464e+00 -3.0674e+00 +2.2754e+00 +1.5544e+00 +2.2790e+00 +2.1070e+00 +6.4685e-02 -1.0829e+00 +2.5752e+00
1662 0 +3.136026197e+03 +2.926146197e+03 +2.926146197e+03 +1.7096e+00 +3.1850e-01 +3.9602e+00 +1.9585e-01 +6.2583e-01 +2.5686e+00 +2.6342e+00 -9.4455e-03 -1.1409e+00 +2.5838e+00
1774 0 +1.471300570e+03 +1.261420570e+03 +1.261420570e+03 -1.2851e+00 +1.7173e+00 +1.1639e-01 +1.8942e+00 +1.5646e+00 +2.8693e+00 +2.2373e+00 -1.2086e-01 -1.0543e+00 +2.5895e+00
2165 0 +1.447851964e+03 +1.237971964e+03 +1.237971964e+03 -4.2723e+00 +9.9949e-01 +2.2139e+00 +2.7903e+00 +5.6584e-01 +2.7092e+00 +2.1337e+00 -6.4137e-02 -1.1072e+00 +2.6159e+00
2179 0 +1.096700535e+03 +8.868205348e+02 +8.868205348e+02 -3.2622e+00 +1.1636e+00 +3.9250e+00 +2.4717e+00 +2.5160e+00 +2.4412e+00 +2.2829e+00 -1.3911e-02 -1.1253e+00 +2.5838e+00
2238 0 +8.263774129e+02 +6.164974129e+02 +6.164974129e+02 -4.5178e+00 +1.8005e+00 +6.0634e-01 +2.1726e+00 +2.2212e+00 +2.3644e+00 +2.4449e+00 -9.7341e-02 -1.1358e+00 +2.6040e+00
2260 0 +3.612118489e+02 +1.513318489e+02 +1.513318489e+02 -3.2934e+00 +3.4512e-01 +4.7350e+00 +1.7960e+00 +1.4913e+00 +2.7924e+00 +2.2774e+00 -1.0124e-01 -1.1310e+00 +2.6132e+00
2332 0 +2.571516205e+02 +4.727162055e+01 +4.727162055e+01 -2.0902e+00 -1.7585e+00 +1.9529e+00 +2.7091e+00 +1.4785e+00 +2.7902e+00 +2.2989e+00 -8.1508e-02 -1.1197e+00 +2.5960e+00
% f evaluations | g evaluations | best noise-free fitness - Fopt (-9.209000000000e+01) + sum g_i+ | measured fitness | best measured fitness or single-digit g-values | x1 | x2...
1 0 +1.301407777e+06 +1.301315687e+06 +1.301315687e+06 +5.9671e-01 -3.8264e-02 +7.4769e-01 +1.6230e+00 -1.3415e-01 -1.3414e-01 +1.6792e+00 +8.6743e-01 -3.6947e-01 +6.4256e-01
6 0 +4.560874244e+05 +4.559953344e+05 +4.559953344e+05 +4.2408e-01 -2.8508e-01 -5.7692e-01 +7.1168e-01 +1.1310e+00 +1.0313e+00 -7.3922e-01 -2.0921e-01 +4.3126e-01 +1.0755e+00
40 0 +2.400470840e+05 +2.399549940e+05 +2.399549940e+05 -7.9841e-01 +5.9192e-01 -1.2202e+00 +1.9315e+00 +1.2794e+00 -3.6918e-01 -1.6131e+00 +1.4539e+00 -1.4540e-02 +1.3378e+00
55 0 +1.745929295e+05 +1.745008395e+05 +1.745008395e+05 -1.0447e+00 +2.9976e-01 -8.0960e-01 +1.7243e+00 +9.7274e-01 +5.1463e-01 +4.5545e-02 +4.1046e-01 +1.2216e+00 +1.6037e+00
73 0 +8.515504125e+04 +8.506295125e+04 +8.506295125e+04 -1.5290e+00 +1.4761e+00 -7.9007e-02 +2.4599e+00 -3.9592e-01 +8.0948e-02 -2.5090e-01 +7.7070e-01 +1.9202e-01 +1.5028e+00
111 0 +8.039724339e+04 +8.030515339e+04 +8.030515339e+04 -7.1898e-01 -2.3208e-01 -1.1862e+00 +1.3580e+00 +2.1682e+00 -1.0029e+00 -1.0960e+00 +1.3171e+00 +8.5627e-01 +1.5983e+00
168 0 +5.293941520e+04 +5.284732520e+04 +5.284732520e+04 +2.1582e-03 -1.3865e+00 -6.5812e-01 +1.3619e+00 +2.0942e+00 -1.9273e+00 -8.1595e-01 +9.8547e-01 +5.3029e-01 +1.5087e+00
222 0 +4.089622056e+04 +4.080413056e+04 +4.080413056e+04 -1.9065e+00 +1.8319e+00 -3.1037e-01 +3.5233e+00 -1.0995e+00 -1.1522e+00 -6.3262e-01 +1.2826e+00 +6.8326e-01 +1.6634e+00
401 0 +2.969300212e+04 +2.960091212e+04 +2.960091212e+04 -7.8363e-01 +1.6726e-01 -9.1778e-01 +2.0769e+00 +5.7666e-01 -1.2472e+00 +4.8029e-02 +1.2392e+00 +6.3609e-01 +1.6560e+00
555 0 +2.272040699e+04 +2.262831699e+04 +2.262831699e+04 -1.3932e+00 +9.5488e-01 -1.9717e+00 +2.6637e-01 +8.5053e-01 -1.1904e+00 +7.3752e-01 +9.5695e-01 +4.4495e-01 +1.7236e+00
568 0 +2.244878416e+04 +2.235669416e+04 +2.235669416e+04 -1.2890e+00 +2.4675e-01 -1.0074e+00 +2.5674e+00 -4.5470e-01 -2.1754e+00 +3.2238e-01 +1.4381e+00 +2.7698e-01 +1.6720e+00
655 0 +2.156596976e+04 +2.147387976e+04 +2.147387976e+04 -1.5032e+00 +4.8920e-01 +7.0377e-02 +2.8779e+00 -5.0476e-01 -1.5258e+00 -3.5878e-01 +8.0972e-01 +3.0466e-01 +1.6970e+00
665 0 +2.105450331e+04 +2.096241331e+04 +2.096241331e+04 -1.9322e+00 +9.8418e-01 -5.9107e-01 +2.0974e+00 +4.7119e-02 -2.6508e+00 -6.9680e-01 +5.9382e-01 +5.4563e-01 +1.7258e+00
676 0 +1.578170835e+04 +1.568961835e+04 +1.568961835e+04 +2.9911e-01 +8.7858e-01 -1.3097e+00 +1.7686e+00 -1.5145e-01 -1.5615e+00 -3.4898e-01 +1.1299e+00 +4.8480e-01 +1.6890e+00
698 0 +1.466774057e+04 +1.457565057e+04 +1.457565057e+04 -8.1592e-01 -1.3384e+00 -1.4382e+00 +6.7300e-01 +2.9002e-01 -2.0037e+00 -5.8128e-01 +1.0580e+00 +4.8919e-01 +1.7537e+00
706 0 +1.401252215e+04 +1.392043215e+04 +1.392043215e+04 +7.7861e-02 +8.2520e-02 -3.3795e+00 +2.9123e-01 -2.9634e-01 -2.4327e+00 +9.3318e-01 +1.0384e+00 +5.2355e-01 +1.6990e+00
756 0 +1.281720203e+04 +1.272511203e+04 +1.272511203e+04 -9.9050e-01 -9.2286e-01 -2.6911e+00 -7.4205e-01 +5.8087e-01 -2.4880e+00 +9.3063e-01 +1.1367e+00 +4.4652e-01 +1.7039e+00
783 0 +1.148371426e+04 +1.139162426e+04 +1.139162426e+04 -7.3939e-01 +2.8982e-01 -2.9198e+00 +6.7449e-01 -4.5707e-01 -2.5674e+00 +3.1871e-01 +7.1832e-01 +5.2177e-01 +1.7195e+00
907 0 +4.247610944e+03 +4.155520944e+03 +4.155520944e+03 -2.2391e+00 -2.1502e-01 +1.2651e+00 +1.7916e-01 -9.3891e-01 -3.3489e+00 +1.7987e-01 +9.4227e-01 +3.8137e-01 +1.6417e+00
1529 0 +2.386340685e+03 +2.294250685e+03 +2.294250685e+03 -3.1641e+00 +1.8289e-01 +1.7116e+00 -2.2177e+00 +1.4296e+00 -3.3495e+00 +1.6580e-01 +1.1026e+00 +4.5296e-01 +1.6958e+00
1704 0 +2.195745396e+03 +2.103655396e+03 +2.103655396e+03 +1.8158e+00 +4.4067e+00 -3.1660e+00 -1.7248e+00 -4.1729e-01 -4.0375e+00 -5.6483e-02 +1.0119e+00 +3.8733e-01 +1.7229e+00
1747 0 +2.189871590e+03 +2.097781590e+03 +2.097781590e+03 -8.4524e-01 +3.4768e+00 -3.3352e+00 -1.3716e+00 +1.4703e-02 -3.2043e+00 +3.7955e-02 +1.0608e+00 +5.0275e-01 +1.6963e+00
1752 0 +7.624946886e+02 +6.704046886e+02 +6.704046886e+02 +9.1244e-01 +1.1769e+00 -1.2853e+00 -8.0638e-01 +1.5998e-01 -3.6051e+00 +8.2740e-02 +1.0443e+00 +4.4767e-01 +1.7038e+00
2003 0 +5.995404901e+02 +5.074504901e+02 +5.074504901e+02 +2.4521e+00 -3.9108e-01 +2.3041e+00 -2.1765e+00 +4.6089e-01 -3.5615e+00 +6.7594e-02 +9.7644e-01 +4.1224e-01 +1.6812e+00
% f evaluations | g evaluations | best noise-free fitness - Fopt (-8.789000000000e+01) + sum g_i+ | measured fitness | best measured fitness or single-digit g-values | x1 | x2...
1 0 +8.641551380e+06 +8.641463490e+06 +8.641463490e+06 +5.9671e-01 -3.8264e-02 +7.4769e-01 +1.6230e+00 -1.3415e-01 -1.3414e-01 +1.6792e+00 +8.6743e-01 -3.6947e-01 +6.4256e-01
6 0 +7.335848793e+06 +7.335760903e+06 +7.335760903e+06 +4.2408e-01 -2.8508e-01 -5.7692e-01 +7.1168e-01 +1.1310e+00 +1.0313e+00 -7.3922e-01 -2.0921e-01 +4.3126e-01 +1.0755e+00
18 0 +1.802348882e+06 +1.802260992e+06 +1.802260992e+06 -7.8951e-01 -7.1581e-01 +2.2898e-02 +4.4115e-01 +3.7669e-01 +9.2718e-01 +1.1300e-01 +1.5535e+00 -1.6466e-01 +2.8202e+00
51 0 +2.233771651e+05 +2.232892751e+05 +2.232892751e+05 -1.2887e+00 +6.2075e-01 +1.2460e+00 +1.3309e+00 +1.7564e-01 +1.0906e+00 +3.6736e-01 +1.7529e+00 -1.9011e+00 +3.3816e+00
107 0 +1.129159571e+05 +1.128280671e+05 +1.128280671e+05 +3.3905e-01 +1.2114e+00 -4.1296e+00 +2.5677e+00 +3.1122e+00 -2.0875e+00 -5.2630e-01 +1.1347e+00 -2.5449e+00 +3.5486e+00
278 0 +1.028406580e+05 +1.027527680e+05 +1.027527680e+05 +1.3683e+00 -6.1128e-01 -1.2215e+00 -1.1436e-01 +1.7119e+00 -2.6314e+00 -7.6629e-01 +1.5119e+00 -2.4815e+00 +3.6018e+00
313 0 +4.554000700e+04 +4.545211700e+04 +4.545211700e+04 -1.6209e-01 -9.6420e-01 +2.2238e+00 +4.9737e-01 -5.4291e-03 -3.1857e-01 -2.7834e+00 +2.2722e+00 -2.6342e+00 +3.5388e+00
590 0 +3.643480437e+04 +3.634691437e+04 +3.634691437e+04 +2.0079e+00 +2.8029e+00 -2.4104e+00 +7.3196e-01 +2.2765e+00 +1.7711e+00 -2.0729e+00 +1.5308e+00 -2.6397e+00 +3.4214e+00
726 0 +3.027883121e+04 +3.019094121e+04 +3.019094121e+04 +4.1217e+00 -1.5810e+00 -3.7530e+00 -1.9105e+00 +2.7759e-01 -7.8211e-02 -2.7162e+00 +9.6855e-01 -2.3089e+00 +3.4329e+00
1081 0 +1.018848798e+04 +1.010059798e+04 +1.010059798e+04 +2.2961e+00 -1.7929e+00 +1.8993e+00 -2.7076e-01 -3.0634e+00 -1.2890e+00 -2.2195e+00 +1.3292e+00 -2.5909e+00 +3.3822e+00
1536 0 +6.983572123e+03 +6.895682123e+03 +6.895682123e+03 +4.3872e+00 +2.8192e+00 -3.4580e+00 -3.3863e-01 -2.7205e+00 +1.9845e-01 -3.1633e+00 +1.7143e+00 -2.4618e+00 +3.4180e+00
1602 0 +4.735177699e+03 +4.647287699e+03 +4.647287699e+03 +4.9862e+00 +8.3134e-01 -1.1961e+00 +6.7633e-01 -2.6334e+00 +1.4045e-01 -2.7943e+00 +1.3910e+00 -2.5280e+00 +3.3873e+00
1636 0 +4.372215032e+03 +4.284325032e+03 +4.284325032e+03 +4.0105e+00 +6.9282e-01 -2.5562e+00 -3.9776e+00 -2.3483e+00 -1.8150e-01 -2.4666e+00 +1.3662e+00 -2.5774e+00 +3.4230e+00
1638 0 +4.032669482e+03 +3.944779482e+03 +3.944779482e+03 +4.5737e+00 +5.9961e-01 +4.7798e-03 +7.6297e-01 -3.1464e+00 -7.2921e-01 -2.8454e+00 +1.5825e+00 -2.6508e+00 +3.4217e+00
1655 0 +2.945862929e+03 +2.857972929e+03 +2.857972929e+03 +4.5126e+00 +2.3323e+00 -6.5782e-01 -1.1261e+00 -2.9765e+00 -1.4657e-01 -3.0518e+00 +1.3162e+00 -2.5937e+00 +3.4072e+00
1667 0 +2.366501401e+03 +2.278611401e+03 +2.278611401e+03 +3.6082e+00 -1.7164e+00 +1.1389e+00 +1.8686e-03 -3.0067e+00 -6.4915e-01 -3.0004e+00 +1.5250e+00 -2.6206e+00 +3.4527e+00
1701 0 +1.920094952e+03 +1.832204952e+03 +1.832204952e+03 +3.3357e+00 -8.5628e-01 -2.5005e-01 -9.8810e-02 -2.3010e+00 -5.3266e-01 -3.1867e+00 +1.4508e+00 -2.5126e+00 +3.4488e+00
1782 0 +1.650664390e+03 +1.562774390e+03 +1.562774390e+03 +4.0805e+00 +6.3020e-01 +1.0451e+00 +2.7587e-01 -2.9757e+00 -1.0714e+00 -3.0395e+00 +1.4956e+00 -2.5852e+00 +3.4340e+00
1863 0 +1.462242457e+03 +1.374352457e+03 +1.374352457e+03 +4.8147e+00 +2.0547e+00 +5.7127e-01 +8.8794e-02 -2.7692e+00 -8.5948e-01 -3.0116e+00 +1.5481e+00 -2.5535e+00 +3.4101e+00
1879 0 +1.178899559e+03 +1.091009559e+03 +1.091009559e+03 +4.1250e+00 +1.4039e-01 +7.5264e-01 -3.0216e-01 -2.4029e+00 -3.7496e-01 -2.9598e+00 +1.5351e+00 -2.5177e+00 +3.4199e+00
2255 0 +1.085721601e+03 +9.978316014e+02 +9.978316014e+02 +3.7219e+00 +2.1765e+00 +1.9580e+00 -3.2105e+00 -3.5053e+00 -6.8150e-01 -2.7307e+00 +1.4886e+00 -2.5810e+00 +3.4271e+00
2269 0 +5.345695830e+02 +4.466795830e+02 +4.466795830e+02 +4.0265e+00 +3.1602e+00 +3.7424e+00 -2.0694e+00 -3.5112e+00 -3.5561e-01 -2.9248e+00 +1.4868e+00 -2.5638e+00 +3.4350e+00
2402 0 +3.434783051e+02 +2.555883051e+02 +2.555883051e+02 +2.9149e+00 +4.1897e+00 +2.7875e+00 -2.8632e+00 -3.1873e+00 -4.5244e-01 -2.8712e+00 +1.4678e+00 -2.5626e+00 +3.4366e+00
2416 0 +2.879819904e+02 +2.000919904e+02 +2.000919904e+02 +2.4398e+00 +1.8108e+00 +2.8591e-01 -2.7487e+00 -3.1067e+00 -6.6913e-01 -2.9843e+00 +1.4928e+00 -2.5313e+00 +3.4187e+00
2444 0 +2.475731872e+02 +1.596831872e+02 +1.596831872e+02 +2.0979e+00 +3.5562e+00 +2.9619e+00 -1.6849e+00 -3.3037e+00 -7.6683e-01 -2.9871e+00 +1.4734e+00 -2.5520e+00 +3.4200e+00
% f evaluations | g evaluations | best noise-free fitness - Fopt (3.201900000000e+02) + sum g_i+ | measured fitness | best measured fitness or single-digit g-values | x1 | x2...
1 0 +3.086369922e+06 +3.086690112e+06 +3.086690112e+06 +5.9671e-01 -3.8264e-02 +7.4769e-01 +1.6230e+00 -1.3415e-01 -1.3414e-01 +1.6792e+00 +8.6743e-01 -3.6947e-01 +6.4256e-01
3 0 +2.421037403e+06 +2.421357593e+06 +2.421357593e+06 +1.5656e+00 -1.2578e-01 +1.6753e-01 -1.3247e+00 -4.4438e-01 +2.1092e-01 -1.0510e+00 +4.7570e-01 -5.0064e-01 -1.9169e-01
4 0 +1.701044438e+06 +1.701364628e+06 +1.701364628e+06 -5.0171e-01 +1.9523e+00 +8.6503e-02 -9.5771e-01 +9.2254e-01 -1.1208e+00 +3.0886e-01 -1.8597e+00 -1.2282e+00 +2.9686e-01
44 0 +9.630455032e+05 +9.633656932e+05 +9.633656932e+05 -1.0833e+00 -1.9392e+00 -1.6941e-01 +8.1754e-01 +1.6024e+00 +1.7409e-01 +1.7286e+00 -1.2801e+00 -1.6034e+00 +4.4452e-02
51 0 +1.820143203e+05 +1.823345103e+05 +1.823345103e+05 -1.7466e-01 -9.0154e-02 -4.8076e-02 +1.8678e-01 +5.3410e-01 -9.9665e-01 +8.4921e-01 -1.8634e+00 -3.4066e+00 -4.6833e-01
115 0 +1.075423323e+05 +1.078625223e+05 +1.078625223e+05 -7.0255e-01 +2.4750e-01 -1.3292e+00 +7.7154e-01 +7.1623e-01 +1.2314e+00 +5.2787e-01 -1.2966e+00 -3.9206e+00 -2.5958e-01
252 0 +9.452268136e+04 +9.484287136e+04 +9.484287136e+04 +6.7119e-01 -3.3611e-01 -1.8060e+00 +8.5879e-01 +3.3422e+00 -1.2926e+00 +4.0396e+00 -1.5687e+00 -3.6903e+00 -1.4534e-01
420 0 +7.267364196e+04 +7.299383196e+04 +7.299383196e+04 +4.4232e-01 +6.4626e-01 +1.3139e-01 +1.8069e+00 -2.8851e-01 +2.1575e+00 +2.6105e+00 -2.6158e+00 -3.9718e+00 -1.0793e-01
458 0 +5.462061777e+04 +5.494080777e+04 +5.494080777e+04 +2.1465e+00 -6.5815e-01 -1.4029e+00 +1.1467e+00 +1.4696e+00 +1.2817e+00 +3.7535e+00 -1.7326e+00 -3.6839e+00 -3.2468e-01
530 0 +3.927424021e+04 +3.959443021e+04 +3.959443021e+04 +3.3054e+00 +1.2460e+00 +1.7816e-01 +1.4000e+00 +6.7525e-01 -2.0412e-01 +2.8436e+00 -1.7730e+00 -3.6903e+00 -2.0003e-01
558 0 +3.779855183e+04 +3.811874183e+04 +3.811874183e+04 +8.1204e-01 +2.1954e+00 +1.4410e+00 +1.8101e+00 +1.2137e-01 +7.5080e-01 +3.3206e+00 -1.3970e+00 -3.7242e+00 -1.2049e-01
717 0 +3.512417083e+04 +3.544436083e+04 +3.544436083e+04 -2.6431e-01 +9.1504e-01 -1.1326e+00 +3.1860e-01 -6.6314e-01 +2.4979e+00 +2.0279e+00 -1.0483e+00 -3.6474e+00 -1.7201e-01
759 0 +2.274412460e+04 +2.306431460e+04 +2.306431460e+04 -1.8155e+00 -2.2919e-01 -2.1440e+00 -1.6086e+00 -4.2604e-01 +1.0375e+00 +2.8448e+00 -1.7654e+00 -3.4686e+00 -2.3117e-01
868 0 +1.131070423e+04 +1.163089423e+04 +1.163089423e+04 -5.8821e-01 -2.2390e+00 -1.8815e+00 -1.4210e+00 -2.1152e+00 +2.0690e+00 +2.8492e+00 -1.6616e+00 -3.7272e+00 -2.0996e-01
1286 0 +1.082126724e+04 +1.114145724e+04 +1.114145724e+04 +2.0658e+00 -1.2443e+00 -6.3369e-01 -1.0797e+00 -2.9211e+00 +4.2571e+00 +3.0679e+00 -1.8657e+00 -3.5334e+00 -9.4353e-02
1463 0 +7.954480448e+03 +8.274670448e+03 +8.274670448e+03 -2.0249e+00 +4.2792e+00 -1.9276e+00 -5.3204e-01 -4.3539e+00 +2.8797e+00 +2.2704e+00 -1.6977e+00 -3.4762e+00 -1.8053e-01
1531 0 +7.822648368e+03 +8.142838368e+03 +8.142838368e+03 +7.7685e-01 +1.0617e+00 -3.6263e+00 +6.6148e-01 -2.3781e+00 +4.3168e+00 +2.4225e+00 -1.8710e+00 -3.5591e+00 -2.3403e-01
1604 0 +4.741663443e+03 +5.061853443e+03 +5.061853443e+03 +1.8214e+00 +3.7123e+00 +8.3904e-01 -1.4108e+00 -3.4510e+00 +3.5802e+00 +2.2313e+00 -1.8971e+00 -3.6207e+00 -1.4547e-01
1620 0 +2.054273024e+03 +2.374463024e+03 +2.374463024e+03 +2.6079e+00 +2.9522e+00 +1.3341e+00 -2.0393e+00 -3.1694e+00 +3.3000e+00 +3.0118e+00 -1.8833e+00 -3.5337e+00 -1.7937e-01
1850 0 +1.638515365e+03 +1.958705365e+03 +1.958705365e+03 -1.2978e+00 +2.5329e+00 +3.1241e+00 -3.7415e+00 -3.8653e+00 +3.8018e+00 +2.8874e+00 -1.8098e+00 -3.5780e+00 -1.9121e-01
1952 0 +1.128095388e+03 +1.448285388e+03 +1.448285388e+03 -1.4696e+00 +1.6515e+00 +1.9060e+00 -1.6577e+00 -4.4295e+00 +3.5338e+00 +2.9313e+00 -1.7775e+00 -3.6163e+00 -1.9978e-01
2104 0 +9.767668212e+02 +1.296956821e+03 +1.296956821e+03 -2.2013e+00 +1.4108e+00 +2.7423e-01 +8.3355e-01 -3.7065e+00 +3.6854e+00 +2.9844e+00 -1.8293e+00 -3.6207e+00 -1.8583e-01
2176 0 +9.486949080e+02 +1.268884908e+03 +1.268884908e+03 -1.4548e+00 +1.1415e+00 +1.1664e-01 -2.1764e-01 -4.1292e+00 +3.7975e+00 +2.8793e+00 -1.8113e+00 -3.6310e+00 -1.9317e-01
2225 0 +2.512103715e+02 +5.714003715e+02 +5.714003715e+02 -1.9347e+00 +1.0409e+00 +4.6258e-01 -6.6172e-01 -3.7687e+00 +3.6003e+00 +2.7558e+00 -1.8161e+00 -3.6139e+00 -1.8596e-01
% f evaluations | g evaluations | best noise-free fitness - Fopt (-1.042400000000e+02) + sum g_i+ | measured fitness | best measured fitness or single-digit g-values | x1 | x2...
1 0 +1.543313693e+07 +1.543303269e+07 +1.543303269e+07 +5.9671e-01 -3.8264e-02 +7.4769e-01 +1.6230e+00 -1.3415e-01 -1.3414e-01 +1.6792e+00 +8.6743e-01 -3.6947e-01 +6.4256e-01
2 0 +6.033538161e+06 +6.033433921e+06 +6.033433921e+06 -3.6342e-01 -3.6573e-01 +3.4196e-01 -1.8133e+00 -1.6249e+00 -4.6229e-01 -9.1283e-01 +4.1425e-01 -8.0802e-01 -1.3123e+00
5 0 +3.597190950e+06 +3.597086710e+06 +3.597086710e+06 +8.3847e-01 +2.7137e-01 -1.5648e-02 -2.0110e-01 -1.3785e+00 -6.1984e-01 -3.6064e-01 +1.1571e+00 +4.4362e-01 -1.6630e+00
43 0 +3.228620472e+06 +3.228516232e+06 +3.228516232e+06 +2.1607e+00 +1.8553e+00 -1.4896e-01 +1.0716e+00 +7.4538e-01 +1.4686e+00 -8.6492e-01 +7.8605e-01 +1.1584e+00 -1.6587e+00
51 0 +6.151317676e+05 +6.150275276e+05 +6.150275276e+05 -6.2122e-01 +2.0370e+00 +1.0606e+00 -1.5814e+00 -6.9991e-01 +1.3594e+00 +1.7689e-01 +9.4979e-01 +2.5496e+00 -3.4148e+00
55 0 +5.519342775e+05 +5.518300375e+05 +5.518300375e+05 +3.9872e-01 +9.2296e-01 +1.4293e-01 -1.5291e+00 +1.0329e+00 +2.8739e+00 +3.0126e-01 +2.0824e+00 +3.5459e+00 -3.4389e+00
60 0 +4.652468935e+05 +4.651426535e+05 +4.651426535e+05 -1.0397e+00 -1.3595e+00 +2.2591e+00 -2.3577e-01 -1.0178e+00 +2.6172e+00 -9.7688e-01 +1.8834e+00 +2.3154e+00 -2.8407e+00
104 0 +4.342497150e+05 +4.341454750e+05 +4.341454750e+05 +3.8225e+00 +1.2769e+00 -2.0905e+00 +3.1233e-02 +2.1758e-01 -7.5824e-01 -1.2329e+00 +1.9498e+00 +3.0835e+00 -3.3393e+00
110 0 +3.928810971e+05 +3.927768571e+05 +3.927768571e+05 +2.0149e+00 +1.1657e+00 +7.3066e-01 +5.1308e-01 +3.5798e+00 +4.2476e+00 +5.1172e-01 +2.3618e+00 +3.8198e+00 -2.9012e+00
131 0 +2.904604978e+05 +2.903562578e+05 +2.903562578e+05 -3.4490e-01 -6.8554e-01 +2.9178e+00 +1.1104e+00 +2.4912e+00 +2.4011e+00 +3.0406e+00 +2.5507e+00 +2.0489e+00 -3.0327e+00
165 0 +2.551757109e+05 +2.550714709e+05 +2.550714709e+05 -2.0993e+00 +1.1212e+00 -2.7560e-01 +3.8648e-01 +2.9371e+00 -3.1801e+00 +2.8477e+00 +4.9932e+00 +3.0598e+00 -2.5849e+00
169 0 +2.134617305e+05 +2.133574905e+05 +2.133574905e+05 +3.0442e+00 -2.8202e+00 +2.4864e+00 -3.2266e-01 +2.0174e+00 -3.5577e+00 -1.7771e+00 +3.1961e+00 +2.9950e+00 -3.0215e+00
251 0 +1.590118597e+05 +1.589076197e+05 +1.589076197e+05 +1.9670e+00 +4.2283e-01 +4.4232e+00 +3.8949e+00 +3.7968e+00 -1.0048e+00 +3.8463e+00 +4.5423e+00 +3.4217e+00 -2.8732e+00
329 0 +1.400848913e+05 +1.399806513e+05 +1.399806513e+05 +1.9228e+00 +1.3177e+00 +1.0736e+00 -3.6759e+00 -2.9761e+00 +2.3350e+00 +2.2881e+00 +2.4146e+00 +2.9895e+00 -3.0503e+00
446 0 +1.070518389e+05 +1.069475989e+05 +1.069475989e+05 -3.1680e-01 -7.1736e-01 +3.0202e+00 -3.6757e+00 +1.5931e+00 -3.9576e+00 +2.6343e+00 +3.1323e+00 +3.3222e+00 -2.7263e+00
482 0 +8.828852801e+04 +8.818428801e+04 +8.818428801e+04 +1.3632e-02 -2.0706e+00 +2.1740e+00 -2.1469e+00 +1.3404e+00 -1.4024e+00 +7.8009e-01 +3.7453e+00 +2.6298e+00 -3.0351e+00
501 0 +4.919167115e+04 +4.908743115e+04 +4.908743115e+04 +1.7541e-03 -1.8273e+00 +1.5027e+00 -2.9873e+00 +1.0034e+00 -1.4199e+00 +1.7247e+00 +3.4543e+00 +3.1981e+00 -3.1011e+00
555 0 +4.910334895e+04 +4.899910895e+04 +4.899910895e+04 +8.7456e-01 -2.7780e+00 +2.4866e+00 -3.4498e+00 +1.3617e+00 -3.8339e+00 +1.9459e+00 +3.9992e+00 +2.7855e+00 -2.8651e+00
588 0 +4.796103319e+04 +4.785679319e+04 +4.785679319e+04 +3.6414e+00 +7.9882e-02 +1.0279e+00 -1.0301e+00 +3.0797e+00 -2.0271e+00 +4.4991e+00 +2.8699e+00 +2.9526e+00 -2.9675e+00
609 0 +1.868335820e+04 +1.857911820e+04 +1.857911820e+04 +1.9980e+00 -1.8727e+00 +2.8037e+00 -2.2002e+00 +3.1650e+00 -1.9770e+00 +2.3975e+00 +3.3087e+00 +2.8145e+00 -3.0021e+00
989 0 +1.696800549e+04 +1.686376549e+04 +1.686376549e+04 +1.1066e-01 -1.6435e+00 +9.7741e-01 -1.9798e+00 +2.7509e+00 -3.6498e+00 +3.5867e+00 +3.6203e+00 +2.9918e+00 -2.9131e+00
1001 0 +1.570146372e+04 +1.559722372e+04 +1.559722372e+04 +2.8411e+00 -2.3055e+00 -5.9244e-02 -2.8958e+00 +1.2921e+00 -4.0408e+00 +2.5985e+00 +3.6170e+00 +3.0683e+00 -2.9017e+00
1018 0 +8.495141165e+03 +8.390901165e+03 +8.390901165e+03 +4.6432e+00 -1.9802e+00 +7.9427e-01 -1.6128e+00 +9.5295e-01 -4.5530e+00 +2.2821e+00 +3.4472e+00 +2.9412e+00 -2.9310e+00
1105 0 +6.295814504e+03 +6.191574504e+03 +6.191574504e+03 +4.5684e+00 -2.2096e+00 -2.3615e+00 -3.9772e+00 -3.0366e-01 -3.7483e+00 +2.7498e+00 +3.3190e+00 +2.9974e+00 -2.9261e+00
1148 0 +5.820047482e+03 +5.715807482e+03 +5.715807482e+03 +2.1926e+00 -9.9245e-01 +3.8727e-01 +9.9860e-01 +1.1098e+00 -3.4019e+00 +2.5387e+00 +3.3019e+00 +2.8742e+00 -2.9544e+00
1310 0 +4.412761372e+03 +4.308521372e+03 +4.308521372e+03 +2.8525e+00 -1.7718e+00 -5.1481e-01 -5.7535e-01 +6.6861e-01 -4.6341e+00 +2.4891e+00 +3.5302e+00 +2.9061e+00 -3.0001e+00
1452 0 +3.833266684e+03 +3.729026684e+03 +3.729026684e+03 +1.1631e+00 +6.6542e-01 -1.1105e+00 +1.7000e+00 +1.2597e+00 -3.4143e+00 +2.7152e+00 +3.4106e+00 +3.0397e+00 -3.0232e+00
1493 0 +1.301061094e+03 +1.196821094e+03 +1.196821094e+03 +2.8051e+00 -2.4907e+00 -7.1551e-01 -9.7331e-01 +2.5281e-01 -4.4737e+00 +2.7453e+00 +3.4294e+00 +2.9631e+00 -2.9902e+00
1705 0 +1.204638121e+03 +1.100398121e+03 +1.100398121e+03 +2.4681e+00 -1.9773e+00 -3.3023e+00 +1.4596e+00 -1.3449e-01 -3.7608e+00 +2.8741e+00 +3.4733e+00 +3.0018e+00 -2.9879e+00
1709 0 +3.314170128e+02 +2.271770128e+02 +2.271770128e+02 +3.4687e+00 -3.1600e+00 +4.2308e-01 -5.7394e-01 -7.3262e-02 -3.7062e+00 +2.7637e+00 +3.4977e+00 +2.9882e+00 -2.9937e+00
1809 0 +2.281795366e+02 +1.239395366e+02 +1.239395366e+02 +1.1057e+00 -1.8202e+00 +1.3719e-01 -3.1693e-01 +2.4328e-01 -3.8190e+00 +2.8352e+00 +3.4425e+00 +2.9788e+00 -2.9864e+00
2389 0 +2.228974203e+02 +1.186574203e+02 +1.186574203e+02 +2.7821e+00 -3.1458e-01 +1.1515e+00 -1.5736e-01 +3.6721e-01 -3.8371e+00 +2.8268e+00 +3.4410e+00 +2.9773e+00 -2.9939e+00
% f evaluations | g evaluations | best noise-free fitness - Fopt (-6.785000000000e+01) + sum g_i+ | measured fitness | best measured fitness or single-digit g-values | x1 | x2...
1 0 +7.213850516e+06 +7.213782666e+06 +7.213782666e+06 +5.9671e-01 -3.8264e-02 +7.4769e-01 +1.6230e+00 -1.3415e-01 -1.3414e-01 +1.6792e+00 +8.6743e-01 -3.6947e-01 +6.4256e-01
6 0 +6.467247029e+06 +6.467179179e+06 +6.467179179e+06 +4.2408e-01 -2.8508e-01 -5.7692e-01 +7.1168e-01 +1.1310e+00 +1.0313e+00 -7.3922e-01 -2.0921e-01 +4.3126e-01 +1.0755e+00
16 0 +6.259530542e+06 +6.259462692e+06 +6.259462692e+06 +3.5049e-01 +4.4645e-01 -5.8002e-01 +3.3225e-01 +3.9307e-01 -6.1435e-01 +1.9658e+00 +5.7383e-01 -1.0913e+00 +7.5655e-01
18 0 +1.407169100e+06 +1.407101250e+06 +1.407101250e+06 -7.8951e-01 -7.1581e-01 +2.2898e-02 +4.4115e-01 +3.7669e-01 +9.2718e-01 +1.1300e-01 +1.5535e+00 -1.6466e-01 +2.8202e+00
52 0 +1.242923011e+06 +1.242855161e+06 +1.242855161e+06 -6.8220e-01 +7.2140e-01 +1.4137e+00 -5.0407e-01 -1.2290e+00 +2.3054e-01 -7.1964e-01 -2.9365e-02 -4.9133e-01 +2.6848e+00
53 0 +1.178429530e+06 +1.178361680e+06 +1.178361680e+06 +8.4125e-01 -4.5789e-01 -5.5503e-01 -1.2155e+00 +1.3528e+00 -1.5072e+00 -1.7325e+00 +2.2607e+00 -6.4618e-01 +4.0089e+00
54 0 +9.306383305e+05 +9.305704805e+05 +9.305704805e+05 -3.5139e-01 -5.0452e-01 +2.0408e+00 +6.2957e-01 +1.2074e-01 -2.2079e-01 +5.6065e-01 +5.0762e-01 -5.1526e-01 +3.3467e+00
56 0 +2.368695692e+05 +2.368017192e+05 +2.368017192e+05 +7.8741e-01 +1.4135e+00 -1.6495e+00 -3.0242e-01 +1.0992e+00 -1.7692e+00 +6.1689e-02 +6.8238e-01 -2.0192e+00 +2.9849e+00
159 0 +1.478809817e+05 +1.478131317e+05 +1.478131317e+05 -4.7893e-01 -1.3426e+00 +4.2839e+00 -7.5678e-01 -3.2022e+00 -1.2005e-02 +2.2861e-01 +3.1305e+00 -3.0230e+00 +3.0638e+00
182 0 +1.369177311e+05 +1.368498811e+05 +1.368498811e+05 +5.6720e-01 +4.3300e+00 -7.9741e-01 +2.5277e+00 +3.0130e+00 -9.3011e-01 +8.9187e-01 +2.4685e+00 -2.7911e+00 +2.9624e+00
304 0 +4.930958119e+04 +4.924173119e+04 +4.924173119e+04 +6.7177e-02 +1.7399e+00 -4.8738e-01 +1.1933e+00 -2.0125e-01 +1.9414e+00 +1.3162e+00 +1.9965e+00 -2.5140e+00 +3.2182e+00
361 0 +2.527554477e+04 +2.520769477e+04 +2.520769477e+04 +2.1868e-01 +1.0809e+00 -1.6544e+00 -2.1310e-01 +9.0385e-01 +1.4342e+00 +1.4928e-01 +2.4626e+00 -2.3818e+00 +3.0969e+00
692 0 +2.095602000e+04 +2.088817000e+04 +2.088817000e+04 +6.4908e-01 -8.3344e-01 -9.8045e-01 +4.0126e+00 +3.5091e-01 -9.9963e-01 -9.0651e-01 +2.0218e+00 -2.4937e+00 +3.2375e+00
836 0 +2.089866591e+04 +2.083081591e+04 +2.083081591e+04 +2.5412e+00 -2.7651e-01 -5.0928e-01 +1.3433e+00 +1.5066e+00 +5.6673e-01 -8.8808e-01 +2.3757e+00 -2.5763e+00 +3.1170e+00
964 0 +1.914033389e+04 +1.907248389e+04 +1.907248389e+04 +1.6640e+00 +9.8962e-01 +1.9221e+00 +1.5965e-01 +3.3991e-01 +1.4805e+00 -7.7104e-01 +2.2641e+00 -2.6240e+00 +3.2838e+00
977 0 +1.450658253e+04 +1.443873253e+04 +1.443873253e+04 +2.2360e+00 +1.2297e+00 +3.7514e-01 +1.1338e+00 -8.5986e-01 +1.3123e+00 -8.0298e-01 +2.3369e+00 -2.6208e+00 +3.2563e+00
1057 0 +8.128093881e+03 +8.060243881e+03 +8.060243881e+03 +2.2545e+00 +9.4694e-01 +7.9744e-01 +1.5898e-01 -7.7653e-02 +1.6120e+00 -6.1364e-01 +2.2191e+00 -2.5589e+00 +3.1562e+00
1311 0 +6.182710979e+03 +6.114860979e+03 +6.114860979e+03 -6.7566e-01 +1.4258e-01 +1.2463e+00 -4.9809e-01 -2.0029e+00 +2.1214e+00 -6.3400e-01 +2.2083e+00 -2.5542e+00 +3.1740e+00
1468 0 +4.261169811e+03 +4.193319811e+03 +4.193319811e+03 +6.4253e-01 -3.8945e+00 +3.0389e+00 +1.0338e+00 -1.2467e+00 +1.7819e+00 -5.7896e-01 +1.9434e+00 -2.4472e+00 +3.2236e+00
1722 0 +2.575315662e+03 +2.507465662e+03 +2.507465662e+03 +2.6343e+00 -7.6607e-01 +1.6227e+00 +3.4071e+00 -2.0255e+00 +1.9003e+00 -6.0973e-01 +2.2436e+00 -2.4843e+00 +3.1640e+00
1851 0 +1.416728051e+03 +1.348878051e+03 +1.348878051e+03 +3.1424e+00 +2.3280e+00 +2.3005e+00 +2.0526e+00 -5.4685e-01 +1.4203e+00 -8.1575e-01 +2.2083e+00 -2.4784e+00 +3.1918e+00
1864 0 +1.147497714e+03 +1.079647714e+03 +1.079647714e+03 +4.2094e+00 +1.0478e+00 -2.4389e+00 +4.0231e+00 -1.5942e+00 +1.5736e+00 -8.9065e-01 +2.2533e+00 -2.4310e+00 +3.2046e+00
1904 0 +1.072368100e+03 +1.004518100e+03 +1.004518100e+03 +3.6618e+00 +1.8823e+00 -4.0234e-01 +2.8433e+00 -9.6098e-01 +1.5660e+00 -5.1493e-01 +2.2340e+00 -2.4329e+00 +3.1932e+00
1976 0 +8.568377354e+02 +7.889877354e+02 +7.889877354e+02 +4.8726e+00 +1.9410e+00 -6.8161e-01 +4.0847e+00 -1.3494e+00 +1.4527e+00 -8.5159e-01 +2.1670e+00 -2.4492e+00 +3.2103e+00
2091 0 +8.525373918e+02 +7.846873918e+02 +7.846873918e+02 +3.1649e+00 +7.4876e-01 -2.1043e+00 +3.5101e+00 -1.9057e+00 +1.9521e+00 -8.2377e-01 +2.1179e+00 -2.4014e+00 +3.1888e+00
2359 0 +7.583056112e+02 +6.904556112e+02 +6.904556112e+02 +1.7744e+00 -4.8431e-01 -1.6427e+00 +1.3921e+00 -1.3746e+00 +1.5934e+00 -8.3310e-01 +2.1746e+00 -2.4366e+00 +3.1882e+00
2380 0 +7.092538486e+02 +6.414038486e+02 +6.414038486e+02 +2.7319e+00 -1.8282e+00 -1.6510e+00 +2.7779e+00 -1.8406e+00 +1.6957e+00 -9.0109e-01 +2.2081e+00 -2.4284e+00 +3.1967e+00
2473 0 +5.792911382e+02 +5.114411382e+02 +5.114411382e+02 +1.7594e+00 -1.7414e+00 -1.1388e-01 +2.6839e+00 -1.9700e+00 +1.7454e+00 -6.9690e-01 +2.1413e+00 -2.4475e+00 +3.2066e+00
2489 0 +5.261828025e+02 +4.583328025e+02 +4.583328025e+02 +6.3034e-01 -2.5186e+00 -1.1320e-01 +2.7203e+00 -1.3655e+00 +1.5725e+00 -8.3335e-01 +2.2036e+00 -2.4043e+00 +3.2001e+00
% f evaluations | g evaluations | best noise-free fitness - Fopt (-3.639800000000e+02) + sum g_i+ | measured fitness | best measured fitness or single-digit g-values | x1 | x2...
1 0 +1.720801611e+06 +1.720437631e+06 +1.720437631e+06 +5.9671e-01 -3.8264e-02 +7.4769e-01 +1.6230e+00 -1.3415e-01 -1.3414e-01 +1.6792e+00 +8.6743e-01 -3.6947e-01 +6.4256e-01
6 0 +9.191511204e+05 +9.187871404e+05 +9.187871404e+05 +4.2408e-01 -2.8508e-01 -5.7692e-01 +7.1168e-01 +1.1310e+00 +1.0313e+00 -7.3922e-01 -2.0921e-01 +4.3126e-01 +1.0755e+00
24 0 +7.957884518e+05 +7.954244718e+05 +7.954244718e+05 -6.3037e-01 +3.1646e-01 +1.4557e-01 -5.5160e-01 +2.2439e+00 +7.3392e-01 -1.9251e+00 +2.8645e-01 -5.6179e-01 +9.5243e-01
51 0 +1.267955539e+05 +1.264315739e+05 +1.264315739e+05 +7.3877e-03 +3.7695e-01 -1.2771e+00 -2.7723e-01 +8.4572e-01 -3.8612e-02 -4.6484e-02 -6.6306e-01 -1.3832e+00 +2.0403e+00
73 0 +1.180142564e+05 +1.176502764e+05 +1.176502764e+05 -3.8350e-01 -9.0887e-01 -1.1807e+00 -8.8221e-01 +1.0763e+00 -1.1896e+00 -5.6485e-01 -4.6787e-01 -1.3029e+00 +1.5113e+00
126 0 +6.829082294e+04 +6.792684294e+04 +6.792684294e+04 -2.0202e+00 +1.2964e+00 +1.0784e+00 +7.8793e-01 +7.2378e-01 +4.0934e-01 +7.2178e-01 -1.6469e+00 -1.4063e+00 +1.6880e+00
135 0 +6.042894078e+04 +6.006496078e+04 +6.006496078e+04 +1.4464e+00 +1.5847e-01 -6.7487e-01 -1.2054e+00 -2.1313e-01 -1.8294e+00 +1.0566e+00 -1.4573e+00 -1.0617e+00 +1.9782e+00
136 0 +3.862807673e+04 +3.826409673e+04 +3.826409673e+04 -1.2485e+00 -2.4095e-03 +4.7776e-01 -2.0189e+00 +2.5064e+00 +7.3203e-01 +6.9537e-02 -7.7090e-01 -1.1354e+00 +1.6794e+00
301 0 +2.345945441e+04 +2.309547441e+04 +2.309547441e+04 -1.5230e+00 +1.3526e+00 -7.5546e-01 -2.4588e-02 +1.6315e+00 -9.3341e-01 +7.2326e-01 -1.4949e+00 -1.1693e+00 +1.6911e+00
392 0 +1.228982899e+04 +1.192584899e+04 +1.192584899e+04 +2.3432e+00 -3.4788e-01 +2.4337e-01 +1.8057e-01 -1.3901e+00 -2.5984e+00 +4.6584e-01 -1.2430e+00 -1.0520e+00 +1.7042e+00
461 0 +8.748489873e+03 +8.384509873e+03 +8.384509873e+03 -3.3467e-01 +1.6863e+00 -1.0226e+00 +6.0000e-01 -1.1289e-01 -1.7401e+00 +5.7603e-01 -8.6878e-01 -1.1120e+00 +1.7727e+00
995 0 +8.187004327e+03 +7.823024327e+03 +7.823024327e+03 -1.4930e+00 +1.7406e+00 +2.8572e+00 -1.0493e+00 +2.0502e+00 -2.1569e+00 +8.6080e-01 -8.8082e-01 -1.0947e+00 +1.7786e+00
1274 0 +6.390776281e+03 +6.026796281e+03 +6.026796281e+03 -3.9886e+00 +6.8845e-01 -4.0325e+00 -1.9696e+00 +1.5789e+00 -2.1107e+00 +4.1599e-01 -1.2982e+00 -1.0635e+00 +1.7865e+00
1463 0 +5.517707857e+03 +5.153727857e+03 +5.153727857e+03 +2.5422e+00 +1.8380e+00 -3.3283e+00 +1.5235e+00 +2.6095e+00 -1.5242e+00 +6.6067e-01 -1.0212e+00 -1.0756e+00 +1.8089e+00
1769 0 +3.695175940e+03 +3.331195940e+03 +3.331195940e+03 -2.3624e+00 +2.8971e+00 +1.7933e+00 +9.5508e-01 +3.3336e-01 -2.0314e+00 +2.0468e-01 -1.0339e+00 -1.0108e+00 +1.7620e+00
1899 0 +2.233197936e+03 +1.869217936e+03 +1.869217936e+03 +3.7129e-01 +1.1042e+00 +8.9137e-01 +2.6998e+00 +2.1856e+00 -2.2813e+00 +6.0295e-01 -1.1099e+00 -1.0910e+00 +1.7419e+00
1978 0 +1.125115648e+03 +7.611356484e+02 +7.611356484e+02 +2.8467e+00 +8.2098e-02 +1.6800e+00 +4.0157e+00 +2.5731e+00 -2.2329e+00 +9.4320e-02 -1.1051e+00 -1.0161e+00 +1.7762e+00
2061 0 +9.043028686e+02 +5.403228686e+02 +5.403228686e+02 +3.4780e+00 -2.7840e-02 +1.8100e+00 +3.0891e+00 +2.6702e+00 -2.1944e+00 +2.6872e-01 -1.2039e+00 -1.0401e+00 +1.7834e+00
2161 0 +8.202894499e+02 +4.563094499e+02 +4.563094499e+02 -5.9051e-01 +2.7533e+00 +1.0480e+00 +3.0872e+00 +2.0978e+00 -2.3131e+00 +4.4743e-01 -1.0764e+00 -1.0434e+00 +1.7934e+00
2183 0 +7.092675119e+02 +3.452875119e+02 +3.452875119e+02 +3.7160e+00 +1.7557e+00 +3.0802e+00 +3.7662e+00 +2.3122e+00 -2.2551e+00 +2.4100e-01 -1.0694e+00 -1.0771e+00 +1.7858e+00
2187 0 +6.840367794e+02 +3.200567794e+02 +3.200567794e+02 +1.0422e+00 +1.7922e+00 +2.4410e+00 +2.7804e+00 +1.9096e+00 -2.4583e+00 +5.1697e-01 -1.0876e+00 -1.0315e+00 +1.7836e+00
2251 0 +5.040491500e+02 +1.400691500e+02 +1.400691500e+02 +1.1664e+00 +1.0232e+00 +3.6402e+00 +2.7803e+00 +1.9694e+00 -2.3539e+00 +5.2335e-01 -1.1321e+00 -1.0542e+00 +1.7709e+00
2269 0 +3.820732784e+02 +1.809327840e+01 +1.809327840e+01 +2.9735e+00 +4.4346e+00 +3.6462e+00 +3.8451e+00 +2.4983e+00 -2.5405e+00 +2.9276e-01 -1.1249e+00 -1.0772e+00 +1.7656e+00
2351 0 +2.583951892e+02 -1.055848108e+02 -1.055848108e+02 +1.2209e+00 +2.0894e+00 +3.4143e+00 +3.4949e+00 +2.2271e+00 -2.3257e+00 +2.6305e-01 -1.1596e+00 -1.0570e+00 +1.7690e+00
2480 0 +2.509926603e+02 -1.129873397e+02 -1.129873397e+02 +2.5061e+00 +1.9492e+00 +1.9625e+00 +3.8264e+00 +2.2718e+00 -2.3693e+00 +3.3163e-01 -1.1262e+00 -1.0168e+00 +1.7680e+00
% f evaluations | g evaluations | best noise-free fitness - Fopt (-1.865000000000e+01) + sum g_i+ | measured fitness | best measured fitness or single-digit g-values | x1 | x2...
1 0 +6.012291346e+06 +6.012272696e+06 +6.012272696e+06 +5.9671e-01 -3.8264e-02 +7.4769e-01 +1.6230e+00 -1.3415e-01 -1.3414e-01 +1.6792e+00 +8.6743e-01 -3.6947e-01 +6.4256e-01
6 0 +3.836077404e+06 +3.836058754e+06 +3.836058754e+06 +4.2408e-01 -2.8508e-01 -5.7692e-01 +7.1168e-01 +1.1310e+00 +1.0313e+00 -7.3922e-01 -2.0921e-01 +4.3126e-01 +1.0755e+00
12 0 +3.455203448e+06 +3.455184798e+06 +3.455184798e+06 -1.8188e+00 +7.3486e-02 +1.6023e-01 +2.5632e+00 -9.2361e-02 +4.0155e-01 +6.5288e-02 -1.0687e+00 +1.2428e+00 +8.5193e-01
48 0 +8.723880343e+05 +8.723693843e+05 +8.723693843e+05 -1.7505e-01 -2.2019e+00 -1.4152e+00 +1.4669e+00 +1.7450e+00 -1.4904e-01 +6.7656e-01 +4.1125e-01 +3.1789e+00 +1.2196e+00
54 0 +7.277376331e+05 +7.277189831e+05 +7.277189831e+05 -1.2998e+00 -1.0673e+00 -8.9964e-01 +1.1267e+00 +1.1575e-01 -3.3665e-02 +2.4331e-01 +2.9305e-01 +2.9934e+00 +1.5748e+00
74 0 +5.899138958e+05 +5.898952458e+05 +5.898952458e+05 +3.8592e-01 -6.3432e-01 +2.5932e-01 +2.4367e+00 -1.4012e+00 -5.4691e-02 +2.4029e+00 +3.2432e-01 +2.9000e+00 +1.9802e+00
114 0 +5.696712340e+05 +5.696525840e+05 +5.696525840e+05 +2.5084e+00 +1.6244e+00 +2.9885e+00 +3.0188e+00 +7.0666e-01 +1.8793e+00 +2.3300e+00 -2.2145e-01 +3.4250e+00 +1.8186e+00
175 0 +2.414017174e+05 +2.413830674e+05 +2.413830674e+05 +3.1262e+00 -2.6336e+00 +3.4763e+00 -1.3761e+00 +2.7203e+00 +6.0569e-01 +1.8373e+00 +2.6004e+00 +3.5691e+00 +2.2864e+00
255 0 +1.370576741e+05 +1.370390241e+05 +1.370390241e+05 +2.6617e+00 +1.3935e+00 +5.8079e-01 +2.7219e+00 -6.2400e-01 +2.8044e+00 +2.7892e+00 +2.1338e+00 +3.9356e+00 +2.1615e+00
363 0 +1.073237549e+05 +1.073051049e+05 +1.073051049e+05 -5.2259e-01 -3.1770e+00 +1.9376e+00 +5.4232e-01 +1.5540e+00 +2.4123e+00 +2.3633e+00 +1.9529e+00 +4.1136e+00 +1.9318e+00
411 0 +6.639134966e+04 +6.637269966e+04 +6.637269966e+04 -2.4724e+00 +3.5357e-01 -2.9792e+00 +1.0663e+00 -1.2866e+00 +2.8979e+00 +3.1112e+00 +3.3814e+00 +3.5485e+00 +2.0197e+00
454 0 +5.693307564e+04 +5.691442564e+04 +5.691442564e+04 -2.9010e-01 +1.1671e+00 -2.2816e-01 +1.6587e+00 -5.8856e-01 +2.8579e+00 +4.7122e+00 +3.2055e+00 +4.3443e+00 +1.8105e+00
470 0 +3.736237717e+04 +3.734372717e+04 +3.734372717e+04 +3.7436e+00 +1.4080e+00 -2.6859e-01 +2.3977e+00 -1.2408e+00 +2.0339e+00 +2.8053e+00 +3.1513e+00 +4.1557e+00 +1.9899e+00
646 0 +1.839973755e+04 +1.838108755e+04 +1.838108755e+04 +5.0613e-01 +1.2467e+00 -1.6434e+00 +1.5269e+00 -2.4556e+00 +1.5488e+00 +3.4173e+00 +3.1578e+00 +3.6879e+00 +1.8088e+00
794 0 +1.541702964e+04 +1.539837964e+04 +1.539837964e+04 +1.2836e+00 -2.4050e-01 -9.9691e-01 -2.0154e+00 -2.2633e+00 +1.7522e+00 +4.1210e+00 +3.5269e+00 +3.8380e+00 +1.9000e+00
932 0 +3.899010331e+03 +3.880360331e+03 +3.880360331e+03 -4.9849e-01 +2.6567e+00 -4.2022e-01 +8.1621e-01 -3.3877e+00 +1.3726e+00 +3.6488e+00 +3.1666e+00 +3.8270e+00 +1.9094e+00
1266 0 +2.164222834e+03 +2.145572834e+03 +2.145572834e+03 -1.8417e+00 +2.5923e+00 -8.1039e-01 +4.3527e-01 -1.4642e+00 +1.5711e+00 +3.7595e+00 +2.9987e+00 +3.9644e+00 +1.8918e+00
2117 0 +2.086368015e+03 +2.067718015e+03 +2.067718015e+03 -2.8180e-02 -2.2521e+00 -3.0267e+00 -1.3697e+00 -2.5749e+00 +1.4144e+00 +3.7158e+00 +2.9788e+00 +3.8441e+00 +1.8637e+00
2219 0 +1.732743719e+03 +1.714093719e+03 +1.714093719e+03 +2.0395e+00 +6.4189e-03 -3.3535e+00 -1.5227e+00 -2.4094e+00 +8.2341e-01 +3.6972e+00 +3.0099e+00 +3.9903e+00 +1.8738e+00
2310 0 +9.303993193e+02 +9.117493193e+02 +9.117493193e+02 +3.7683e+00 +1.4521e+00 +1.9249e-01 +1.4128e+00 -2.2427e+00 +1.2877e+00 +3.7261e+00 +3.0902e+00 +3.9081e+00 +1.8680e+00
2353 0 +7.932899033e+02 +7.746399033e+02 +7.746399033e+02 +4.5302e+00 +1.7859e+00 +1.2056e+00 +1.1993e+00 -2.9244e+00 +1.1671e+00 +3.8264e+00 +3.0922e+00 +3.8994e+00 +1.8758e+00
% f evaluations | g evaluations | best noise-free fitness - Fopt (1.749200000000e+02) + sum g_i+ | measured fitness | best measured fitness or single-digit g-values | x1 | x2...
1 0 +1.002025338e+07 +1.002042830e+07 +1.002042830e+07 +5.9671e-01 -3.8264e-02 +7.4769e-01 +1.6230e+00 -1.3415e-01 -1.3414e-01 +1.6792e+00 +8.6743e-01 -3.6947e-01 +6.4256e-01
2 0 +2.072536390e+06 +2.072711310e+06 +2.072711310e+06 -3.6342e-01 -3.6573e-01 +3.4196e-01 -1.8133e+00 -1.6249e+00 -4.6229e-01 -9.1283e-01 +4.1425e-01 -8.0802e-01 -1.3123e+00
5 0 +1.335756668e+06 +1.335931588e+06 +1.335931588e+06 +8.3847e-01 +2.7137e-01 -1.5648e-02 -2.0110e-01 -1.3785e+00 -6.1984e-01 -3.6064e-01 +1.1571e+00 +4.4362e-01 -1.6630e+00
8 0 +1.105666330e+06 +1.105841250e+06 +1.105841250e+06 +4.6140e-01 +1.6380e+00 +6.4174e-02 +1.6646e+00 -2.5197e+00 +9.2190e-01 +1.8705e-01 -1.9901e-01 +1.9176e-01 -1.8876e+00
51 0 +9.524520692e+05 +9.526269892e+05 +9.526269892e+05 -7.1759e-01 +2.5354e-01 -1.6071e-02 +1.8759e-01 -2.4623e-01 -8.6787e-01 -2.4962e-01 +3.9836e-01 -2.3489e+00 -3.3634e+00
52 0 +5.624426161e+05 +5.626175361e+05 +5.626175361e+05 +7.3763e-01 +2.4749e+00 -4.5751e-01 +6.6348e-01 -1.9008e+00 -1.4499e+00 -1.0253e+00 -4.1077e-01 -9.0917e-01 -3.1010e+00
53 0 +4.071733836e+05 +4.073483036e+05 +4.073483036e+05 +3.1162e-01 +7.2575e-01 -7.4599e-01 -2.1460e-01 +1.1068e-01 -8.6398e-02 -4.2961e-01 -1.3028e+00 -1.1806e+00 -2.4769e+00
54 0 +1.891445670e+05 +1.893194870e+05 +1.893194870e+05 +1.7321e+00 +1.8822e+00 +3.2465e-01 -1.3237e+00 +1.4130e-03 +1.7405e+00 -9.0666e-01 -1.0156e-02 -1.4031e+00 -2.6085e+00
59 0 +7.472434387e+04 +7.489926387e+04 +7.489926387e+04 -1.0417e+00 +9.0886e-01 +1.1265e+00 -1.2119e-01 +2.5528e-01 +1.7002e+00 +1.9090e+00 +5.4542e-01 -8.5561e-01 -2.5359e+00
105 0 +7.093711034e+04 +7.111203034e+04 +7.111203034e+04 +1.1177e+00 +9.6968e-01 +4.6575e+00 -5.1099e-01 +7.9269e-01 +2.6411e+00 +1.6368e+00 +1.4491e+00 -7.5944e-01 -2.7165e+00
205 0 +6.525147100e+04 +6.542639100e+04 +6.542639100e+04 +1.1691e+00 -6.4016e-01 -2.0493e+00 -8.5480e-01 -1.7408e+00 +3.1596e+00 -1.2881e-01 +1.8060e+00 -9.9397e-01 -2.4805e+00
314 0 +5.469346694e+04 +5.486838694e+04 +5.486838694e+04 +2.0715e+00 +1.7386e+00 +1.5367e+00 +1.3567e-01 -1.6459e-01 +4.3246e+00 -5.0891e-01 +1.5568e+00 -1.0832e+00 -2.5490e+00
337 0 +4.786636743e+04 +4.804128743e+04 +4.804128743e+04 +2.8002e+00 +2.5835e+00 +3.5804e+00 +7.4832e-01 -1.2621e+00 +1.0486e+00 +2.6560e+00 +8.9040e-01 -1.3559e+00 -2.5931e+00
603 0 +9.640202936e+03 +9.815122936e+03 +9.815122936e+03 -3.3789e-01 +3.1815e+00 -1.0367e+00 -1.0256e-03 -1.8410e+00 +2.0078e+00 +1.5385e+00 +1.4457e+00 -1.1893e+00 -2.6017e+00
1380 0 +7.704704801e+03 +7.879624801e+03 +7.879624801e+03 -1.6014e+00 +4.4297e+00 -5.7535e-01 +4.3440e-02 -2.0550e+00 +3.3167e+00 +9.8689e-01 +1.3768e+00 -1.1159e+00 -2.5623e+00
1462 0 +4.493915428e+03 +4.668835428e+03 +4.668835428e+03 -3.2581e+00 +9.3660e-01 -1.9639e+00 -2.7241e+00 -1.1677e+00 +3.5308e+00 +1.6522e+00 +1.6017e+00 -1.1956e+00 -2.6110e+00
1656 0 +4.458304984e+03 +4.633224984e+03 +4.633224984e+03 -2.0073e+00 +8.9551e-01 +2.8869e-01 -1.2984e+00 -2.2036e+00 +4.0073e+00 +1.6095e+00 +1.0992e+00 -1.2098e+00 -2.5891e+00
1706 0 +3.578043539e+03 +3.752963539e+03 +3.752963539e+03 -7.7299e-01 +6.6646e-01 +1.1544e+00 +5.2389e-02 -3.5076e+00 +3.6288e+00 +1.3585e+00 +1.2272e+00 -1.2267e+00 -2.6105e+00
1768 0 +3.429321506e+03 +3.604241506e+03 +3.604241506e+03 -6.4595e-01 -1.0764e-01 +2.5427e+00 -2.8715e-01 -2.7810e+00 +3.8273e+00 +1.4096e+00 +1.5092e+00 -1.1348e+00 -2.5725e+00
1770 0 +2.584528844e+03 +2.759448844e+03 +2.759448844e+03 -1.3067e+00 -9.5429e-01 -5.2056e-01 -1.7845e+00 -4.5088e+00 +3.8547e+00 +1.6436e+00 +1.3894e+00 -1.1815e+00 -2.6125e+00
1804 0 +2.494009895e+03 +2.668929895e+03 +2.668929895e+03 -5.6969e-01 -4.9582e-01 +1.8589e+00 +1.2217e-01 -2.9575e+00 +3.7072e+00 +1.9698e+00 +1.3829e+00 -1.1935e+00 -2.5934e+00
1807 0 +2.033348169e+03 +2.208268169e+03 +2.208268169e+03 -1.4603e+00 +1.7853e+00 +2.3317e+00 -7.6471e-01 -2.0837e+00 +3.8958e+00 +1.7785e+00 +1.3037e+00 -1.2007e+00 -2.6011e+00
1855 0 +1.634176108e+03 +1.809096108e+03 +1.809096108e+03 -1.3901e+00 +6.1588e-01 +1.0661e+00 -1.0817e+00 -2.1497e+00 +4.2193e+00 +1.4318e+00 +1.4081e+00 -1.2156e+00 -2.5671e+00
1865 0 +1.631734670e+03 +1.806654670e+03 +1.806654670e+03 -1.3286e+00 +2.1558e+00 +1.9384e+00 -2.4055e+00 -2.8521e+00 +3.9783e+00 +1.6949e+00 +1.4260e+00 -1.2662e+00 -2.5958e+00
1957 0 +1.431093757e+03 +1.606013757e+03 +1.606013757e+03 -4.3486e+00 +2.2465e+00 +6.2752e-02 -2.2790e+00 -3.6831e+00 +3.9513e+00 +1.5545e+00 +1.3857e+00 -1.1850e+00 -2.5625e+00
2492 0 +1.046570625e+03 +1.221490625e+03 +1.221490625e+03 -1.4737e+00 -1.4841e+00 -1.6714e+00 -2.2142e+00 -3.6919e+00 +3.9447e+00 +1.4617e+00 +1.3384e+00 -1.2099e+00 -2.6054e+00
2499 0 +6.555604712e+02 +8.304804712e+02 +8.304804712e+02 -3.3682e+00 -2.3229e+00 -2.9504e+00 -2.0232e+00 -3.4055e+00 +4.0836e+00 +1.4540e+00 +1.3826e+00 -1.2266e+00 -2.5728e+00
% f evaluations | g evaluations | best noise-free fitness - Fopt (-5.659600000000e+02) + sum g_i+ | measured fitness | best measured fitness or single-digit g-values | x1 | x2...
1 0 +2.167425878e+06 +2.166859918e+06 +2.166859918e+06 +5.9671e-01 -3.8264e-02 +7.4769e-01 +1.6230e+00 -1.3415e-01 -1.3414e-01 +1.6792e+00 +8.6743e-01 -3.6947e-01 +6.4256e-01
6 0 +1.000265573e+06 +9.996996129e+05 +9.996996129e+05 +4.2408e-01 -2.8508e-01 -5.7692e-01 +7.1168e-01 +1.1310e+00 +1.0313e+00 -7.3922e-01 -2.0921e-01 +4.3126e-01 +1.0755e+00
18 0 +7.043343258e+05 +7.037683658e+05 +7.037683658e+05 -7.8951e-01 -7.1581e-01 +2.2898e-02 +4.4115e-01 +3.7669e-01 +9.2718e-01 +1.1300e-01 +1.5535e+00 -1.6466e-01 +2.8202e+00
40 0 +4.991152937e+05 +4.985493337e+05 +4.985493337e+05 -7.9841e-01 +5.9192e-01 -1.2202e+00 +1.9315e+00 +1.2794e+00 -3.6918e-01 -1.6131e+00 +1.4539e+00 -1.4540e-02 +1.3378e+00
51 0 +2.502628607e+05 +2.496969007e+05 +2.496969007e+05 +4.4489e-01 +3.8392e-01 -1.0140e+00 +4.5533e-01 -2.0618e-01 +1.0061e+00 -1.9157e-01 -7.4069e-02 +2.7134e-01 +2.1689e+00
53 0 +2.357131463e+05 +2.351471863e+05 +2.351471863e+05 -5.0070e-01 +1.2834e+00 -4.5893e-01 +2.2407e+00 +1.6372e+00 -1.3352e-01 -1.5219e-01 +1.4226e+00 -2.5169e-01 +2.3418e+00
59 0 +2.263045086e+05 +2.257385486e+05 +2.257385486e+05 -5.0111e-01 -7.3738e-01 -4.8539e-01 +1.5205e+00 +4.2752e-01 -3.6561e-01 -1.3225e+00 +1.0634e+00 +6.1611e-01 +1.8712e+00
89 0 +7.093161230e+04 +7.036565230e+04 +7.036565230e+04 -6.0804e-01 +5.2259e-01 -3.8790e-01 -1.0515e+00 +2.0872e+00 -3.2245e-01 +1.4221e+00 +1.1818e+00 +1.8117e-01 +2.1271e+00
310 0 +4.594007505e+04 +4.537411505e+04 +4.537411505e+04 -1.4444e+00 +1.3979e+00 -2.5843e+00 +1.0446e+00 -1.9035e-01 -9.3293e-02 +2.5588e+00 +1.1529e+00 +1.9301e-01 +1.9468e+00
383 0 +1.783210558e+04 +1.726614558e+04 +1.726614558e+04 -1.8351e+00 +1.1433e+00 -1.0784e+00 -3.0243e-01 -8.2929e-01 -2.1708e+00 +2.6840e+00 +1.5253e+00 +4.6666e-02 +1.9832e+00
1018 0 +1.164916417e+04 +1.108320417e+04 +1.108320417e+04 -2.4659e+00 -1.9929e-01 +2.7637e+00 -8.4281e-01 -5.6489e-01 -2.8820e+00 +1.7620e+00 +1.2182e+00 +1.2642e-01 +2.0190e+00
1259 0 +9.440592289e+03 +8.874632289e+03 +8.874632289e+03 -3.1998e+00 +3.5615e-01 +9.9003e-01 -1.6604e+00 -1.7001e+00 -2.5819e+00 +1.9195e+00 +1.3179e+00 -8.6256e-03 +1.9108e+00
1343 0 +7.012178889e+03 +6.446218889e+03 +6.446218889e+03 +1.1836e-02 +7.3788e-01 +7.4813e-01 -4.5351e+00 -3.5323e+00 -3.5522e+00 +2.3068e+00 +1.3147e+00 +4.2027e-02 +1.8969e+00
1411 0 +6.396504713e+03 +5.830544713e+03 +5.830544713e+03 -2.4866e+00 +2.4584e-01 +3.7308e+00 +8.4996e-01 -4.1363e+00 -4.8880e+00 +1.8535e+00 +1.2686e+00 -1.3006e-02 +2.0085e+00
1430 0 +5.310908201e+03 +4.744948201e+03 +4.744948201e+03 +9.3232e-01 -3.9528e-01 +1.7047e+00 -2.4528e+00 -4.8298e+00 -3.2731e+00 +2.0360e+00 +1.0503e+00 -2.3682e-02 +1.9782e+00
1532 0 +5.029838942e+03 +4.463878942e+03 +4.463878942e+03 +1.1062e+00 +3.8605e-01 -6.3756e-01 -2.6604e+00 -4.8541e+00 -2.8932e+00 +1.7834e+00 +1.4037e+00 -3.9940e-02 +1.9485e+00
1555 0 +4.414305699e+03 +3.848345699e+03 +3.848345699e+03 +1.3268e+00 +4.4476e+00 -2.4129e-02 +1.6443e+00 -3.9819e+00 -3.3437e+00 +2.2966e+00 +1.3536e+00 +1.6224e-02 +1.9873e+00
1601 0 +3.418807676e+03 +2.852847676e+03 +2.852847676e+03 -4.0348e-01 -1.2335e+00 +1.2635e+00 -1.6293e+00 -2.7178e+00 -3.4128e+00 +1.9578e+00 +1.3738e+00 +5.1201e-02 +1.9274e+00
1652 0 +3.261411142e+03 +2.695451142e+03 +2.695451142e+03 +1.2098e+00 -2.8486e-01 +4.7866e-01 -1.1232e+00 -3.0101e+00 -3.0942e+00 +1.5384e+00 +1.1905e+00 +6.3508e-02 +1.9843e+00
1674 0 +1.326679857e+03 +7.607198572e+02 +7.607198572e+02 +1.2988e+00 -1.0632e+00 +5.2439e-01 -2.6315e+00 -3.1121e+00 -3.5726e+00 +1.9404e+00 +1.3128e+00 +3.9472e-02 +1.9408e+00
1708 0 +1.020609344e+03 +4.546493439e+02 +4.546493439e+02 +2.5393e+00 -5.6698e-01 +9.1655e-01 -1.4109e+00 -3.8410e+00 -3.5361e+00 +2.0122e+00 +1.2653e+00 +1.5956e-02 +1.9511e+00
1845 0 +6.680359160e+02 +1.020759160e+02 +1.020759160e+02 +1.5933e+00 -1.4686e+00 +1.9613e+00 -2.2090e+00 -3.3557e+00 -4.0953e+00 +1.8089e+00 +1.2798e+00 +5.4131e-02 +1.9661e+00
1847 0 +3.871930367e+02 -1.787669633e+02 -1.787669633e+02 +2.8917e+00 +1.5787e-01 +3.8392e-02 -2.2397e+00 -3.4372e+00 -3.9606e+00 +1.8124e+00 +1.2610e+00 +1.1711e-02 +1.9642e+00
2261 0 +2.276828247e+02 -3.382771753e+02 -3.382771753e+02 -1.2882e-01 -2.8300e+00 -2.0470e+00 -1.5998e+00 -3.1818e+00 -3.7682e+00 +1.9506e+00 +1.2865e+00 +3.8992e-02 +1.9725e+00
2304 0 +1.557400922e+02 -4.102199078e+02 -4.102199078e+02 +4.1216e-01 -2.4125e+00 -1.8800e+00 -2.3494e+00 -3.8155e+00 -3.9183e+00 +1.8491e+00 +1.2789e+00 +2.5776e-02 +1.9700e+00
2419 0 +7.741685389e+01 -4.885431461e+02 -4.885431461e+02 -7.4005e-01 -2.0773e+00 -2.3255e+00 -1.5967e+00 -3.6330e+00 -3.7524e+00 +1.8791e+00 +1.2868e+00 +4.3256e-02 +1.9646e+00
