% f evaluations | g evaluations | best noise-free fitness - Fopt (-4.620900000000e+02) + sum g_i+ | measured fitness | best measured fitness or single-digit g-values | x1 | x2...
1 0 +1.099430392e+02 -3.521469608e+02 -3.521469608e+02 +5.9671e-01 -3.8264e-02 +7.4769e-01 +1.6230e+00 -1.3415e-01
11 0 +7.667186676e+01 -3.854181332e+02 -3.854181332e+02 +4.2408e-01 -2.8508e-01 -5.7692e-01 +7.1168e-01 +1.1310e+00
30 0 +7.414423763e+01 -3.879457624e+02 -3.879457624e+02 +1.2802e+00 +4.3471e-01 -8.2822e-01 -1.7165e-01 +1.9892e+00
44 0 +6.429765760e+01 -3.977923424e+02 -3.977923424e+02 +4.0764e-01 -2.7237e-01 -1.6853e-01 -1.5394e-01 +1.3140e+00
88 0 +4.940346831e+01 -4.126865317e+02 -4.126865317e+02 +1.1575e+00 +6.2396e-02 +1.5139e+00 +1.8521e+00 +1.9126e+00
128 0 +3.767587067e+01 -4.244141293e+02 -4.244141293e+02 +6.0305e-01 +6.7217e-01 +1.1152e+00 +1.1858e+00 +1.9584e+00
144 0 +3.237529855e+01 -4.297147015e+02 -4.297147015e+02 +1.6170e+00 +8.3708e-02 +1.6304e+00 -1.6661e-01 +1.9781e+00
284 0 +1.640509749e+01 -4.456849025e+02 -4.456849025e+02 +3.5220e-01 +2.3611e+00 +1.5318e+00 +1.0980e+00 +2.2622e+00
321 0 +1.551499697e+01 -4.465750030e+02 -4.465750030e+02 +2.9226e-01 +9.0685e-01 +1.6213e+00 +7.7465e-01 +1.9637e+00
751 0 +1.538302754e+01 -4.467069725e+02 -4.467069725e+02 +5.8019e-01 +2.3421e+00 +1.6076e+00 +1.1751e+00 +2.0324e+00
835 0 +1.294344937e+01 -4.491465506e+02 -4.491465506e+02 +3.9567e-01 +2.4216e+00 +1.5783e+00 +1.1786e+00 +2.0045e+00
843 0 +1.058878533e+01 -4.515012147e+02 -4.515012147e+02 +4.1019e-01 +2.2582e+00 +1.6400e+00 +1.1172e+00 +2.0007e+00
990 0 +1.035326047e+01 -4.517367395e+02 -4.517367395e+02 +5.3802e-01 +2.2665e+00 +1.6187e+00 +1.1504e+00 +1.9983e+00
993 0 +9.275313239e+00 -4.528146868e+02 -4.528146868e+02 +4.7412e-01 +2.2648e+00 +1.6286e+00 +1.1900e+00 +1.9778e+00
1100 0 +8.168861490e+00 -4.539211385e+02 -4.539211385e+02 +3.6648e-01 +2.3360e+00 +1.6551e+00 +1.1694e+00 +2.0016e+00
1177 0 +8.029759875e+00 -4.540602401e+02 -4.540602401e+02 +3.6953e-01 +2.3146e+00 +1.6019e+00 +1.1656e+00 +1.9713e+00
1179 0 +7.526539048e+00 -4.545634610e+02 -4.545634610e+02 +4.1722e-01 +2.2955e+00 +1.5840e+00 +1.1781e+00 +1.9910e+00
