% f evaluations | g evaluations | best noise-free fitness - Fopt (-6.211100000000e+02) + sum g_i+ | measured fitness | best measured fitness or single-digit g-values | x1 | x2...
1 0 +6.295856703e+07 +6.295794592e+07 +6.295794592e+07 +5.9671e-01 -3.8264e-02 +7.4769e-01 +1.6230e+00 -1.3415e-01
2 0 +2.089017495e+07 +2.088955384e+07 +2.088955384e+07 -1.3414e-01 +1.6792e+00 +8.6743e-01 -3.6947e-01 +6.4256e-01
7 0 +1.510354235e+07 +1.510292124e+07 +1.510292124e+07 -5.0171e-01 +1.9523e+00 +8.6503e-02 -9.5771e-01 +9.2254e-01
31 0 +1.380732489e+07 +1.380670378e+07 +1.380670378e+07 -6.0959e-01 +4.8822e+00 -5.6879e-01 -6.8322e-01 +1.0419e+00
52 0 +1.197519527e+07 +1.197457416e+07 +1.197457416e+07 -1.1883e+00 +1.2567e+00 -2.0783e+00 -2.8595e+00 +2.0356e-01
53 0 +7.290639726e+06 +7.290018616e+06 +7.290018616e+06 -7.7688e-01 +2.1279e+00 -4.5524e-01 -1.7500e+00 -8.4372e-01
68 0 +7.167416496e+06 +7.166795386e+06 +7.166795386e+06 +1.4544e+00 +4.9030e+00 +7.6524e-01 -3.5612e+00 +7.5471e-01
79 0 +6.569557399e+06 +6.568936289e+06 +6.568936289e+06 +1.8267e-01 +4.2436e+00 -3.2930e-01 -1.5919e+00 +2.9481e-01
80 0 +4.613531901e+06 +4.612910791e+06 +4.612910791e+06 +9.7044e-01 +4.6436e+00 -1.8554e+00 -3.0878e+00 -8.5237e-01
108 0 +4.612384038e+06 +4.611762928e+06 +4.611762928e+06 -3.2720e-01 +4.0459e+00 -1.0935e+00 -3.7086e+00 -3.3195e+00
110 0 +9.097426213e+05 +9.091215113e+05 +9.091215113e+05 -3.0013e-01 +3.8918e+00 -2.0833e+00 -2.9088e+00 -1.6433e+00
133 0 +7.350197767e+05 +7.343986667e+05 +7.343986667e+05 -1.7128e+00 +4.7660e+00 -2.7705e+00 -2.4741e+00 -2.3105e+00
212 0 +3.384090725e+05 +3.377879625e+05 +3.377879625e+05 -1.2525e+00 +4.7830e+00 -1.4942e+00 -3.3939e+00 -1.1187e+00
248 0 +2.771850798e+05 +2.765639698e+05 +2.765639698e+05 -1.0898e+00 +4.2470e+00 -3.6803e+00 -2.8017e+00 -2.2484e+00
255 0 +2.632215319e+05 +2.626004219e+05 +2.626004219e+05 -1.3075e+00 +3.9617e+00 -1.8833e+00 -3.4117e+00 -1.7073e+00
313 0 +2.490970305e+05 +2.484759205e+05 +2.484759205e+05 -7.4542e-01 +3.9835e+00 -9.4965e-01 -3.0857e+00 -1.2849e+00
329 0 +7.871901150e+04 +7.809790150e+04 +7.809790150e+04 -9.4965e-01 +3.9343e+00 -1.6949e-01 -3.8456e+00 -3.7489e-01
412 0 +4.776989484e+04 +4.714878484e+04 +4.714878484e+04 -9.0886e-01 +3.8497e+00 +2.1097e-01 -3.9650e+00 -5.7451e-01
431 0 +3.707609508e+04 +3.645498508e+04 +3.645498508e+04 -8.3684e-01 +3.9654e+00 +3.9123e-01 -3.7342e+00 -5.9941e-01
489 0 +3.541164402e+04 +3.479053402e+04 +3.479053402e+04 -9.5882e-01 +4.0953e+00 -6.4443e-01 -3.6753e+00 -7.1914e-01
495 0 +2.548178109e+04 +2.486067109e+04 +2.486067109e+04 -8.1551e-01 +4.1454e+00 -3.7058e-01 -3.6556e+00 -6.8765e-01
501 0 +2.006856665e+04 +1.944745665e+04 +1.944745665e+04 -1.0254e+00 +4.2771e+00 -5.1598e-01 -3.5855e+00 -8.4273e-01
567 0 +1.938810974e+04 +1.876699974e+04 +1.876699974e+04 -8.0323e-01 +3.9922e+00 -1.6827e-01 -3.7009e+00 -5.9009e-01
572 0 +1.893838355e+04 +1.831727355e+04 +1.831727355e+04 -1.0123e+00 +3.9365e+00 +3.1163e-01 -3.7724e+00 -3.3187e-01
584 0 +1.122006448e+04 +1.059895448e+04 +1.059895448e+04 -1.0461e+00 +4.0515e+00 -1.6587e-01 -3.6410e+00 -6.0455e-01
597 0 +5.054029803e+03 +4.432919803e+03 +4.432919803e+03 -9.3068e-01 +4.1341e+00 -3.4840e-01 -3.6989e+00 -7.4158e-01
632 0 +5.019677691e+03 +4.398567691e+03 +4.398567691e+03 -9.8346e-01 +4.1506e+00 -4.2262e-01 -3.6528e+00 -7.1525e-01
679 0 +2.647014108e+03 +2.025904108e+03 +2.025904108e+03 -9.7200e-01 +4.1361e+00 -4.6492e-01 -3.6256e+00 -7.4757e-01
681 0 +6.603838882e+02 +3.927388816e+01 +3.927388816e+01 -9.9767e-01 +4.1523e+00 -5.4336e-01 -3.5655e+00 -8.4399e-01
736 0 +5.037958050e+02 -1.173141950e+02 -1.173141950e+02 -9.5340e-01 +4.0744e+00 -2.0430e-01 -3.6877e+00 -6.3975e-01
781 0 +4.502550145e+02 -1.708549855e+02 -1.708549855e+02 -9.3650e-01 +4.0496e+00 -1.0228e-01 -3.7137e+00 -5.8821e-01
829 0 +4.204466882e+02 -2.006633118e+02 -2.006633118e+02 -9.2516e-01 +4.0160e+00 -5.8616e-02 -3.7333e+00 -5.8926e-01
861 0 +1.305612502e+02 -4.905487498e+02 -4.905487498e+02 -9.5612e-01 +4.0770e+00 -2.8749e-01 -3.6572e+00 -7.0320e-01
886 0 +7.570336372e+01 -5.454066363e+02 -5.454066363e+02 -8.9414e-01 +3.9965e+00 +1.4133e-01 -3.7862e+00 -4.9572e-01
954 0 +2.904722101e+01 -5.920627790e+02 -5.920627790e+02 -1.0164e+00 +4.1679e+00 -7.2313e-01 -3.5337e+00 -9.4807e-01
961 0 +1.629325990e+01 -6.048167401e+02 -6.048167401e+02 -9.1057e-01 +4.0171e+00 +1.9887e-02 -3.7573e+00 -5.4848e-01
1005 0 +1.106101129e+01 -6.100489887e+02 -6.100489887e+02 -9.9517e-01 +4.1380e+00 -5.6385e-01 -3.5859e+00 -8.5579e-01
1082 0 +2.267579977e+00 -6.188424200e+02 -6.188424200e+02 -9.6453e-01 +4.0914e+00 -3.2820e-01 -3.6528e+00 -7.3110e-01
1155 0 +2.190113357e+00 -6.189198866e+02 -6.189198866e+02 -9.9728e-01 +4.1415e+00 -5.8001e-01 -3.5771e+00 -8.6297e-01
1161 0 +2.089786924e+00 -6.190202131e+02 -6.190202131e+02 -9.8403e-01 +4.1223e+00 -4.8517e-01 -3.6060e+00 -8.1443e-01
1162 0 +2.005103095e+00 -6.191048969e+02 -6.191048969e+02 -9.7662e-01 +4.1125e+00 -4.3396e-01 -3.6209e+00 -7.8608e-01
1208 0 +1.624131056e+00 -6.194858689e+02 -6.194858689e+02 -9.9017e-01 +4.1306e+00 -5.1970e-01 -3.5960e+00 -8.3190e-01
