% f evaluations | g evaluations | best noise-free fitness - Fopt (1.026100000000e+02) + sum g_i+ | measured fitness | best measured fitness or single-digit g-values | x1 | x2...
1 0 +8.499088232e+01 +1.876008823e+02 +1.876008823e+02 +5.9671e-01 -3.8264e-02 +7.4769e-01 +1.6230e+00 -1.3415e-01
3 0 +7.334857351e+01 +1.759585735e+02 +1.759585735e+02 -3.6342e-01 -3.6573e-01 +3.4196e-01 -1.8133e+00 -1.6249e+00
5 0 +6.580041802e+01 +1.684104180e+02 +1.684104180e+02 +1.5656e+00 -1.2578e-01 +1.6753e-01 -1.3247e+00 -4.4438e-01
9 0 +6.386104831e+01 +1.664710483e+02 +1.664710483e+02 +8.3847e-01 +2.7137e-01 -1.5648e-02 -2.0110e-01 -1.3785e+00
12 0 +4.633366536e+01 +1.489436654e+02 +1.489436654e+02 +1.0313e+00 -7.3922e-01 -2.0921e-01 +4.3126e-01 +1.0755e+00
46 0 +3.549228895e+01 +1.381022890e+02 +1.381022890e+02 +4.2241e-01 -7.1499e-01 +2.2014e-01 +1.2223e+00 -1.8163e-01
66 0 +3.211785568e+01 +1.347278557e+02 +1.347278557e+02 -2.3471e-01 -5.3096e-01 +6.0116e-01 +9.3140e-01 +5.6104e-01
113 0 +2.040142249e+01 +1.230114225e+02 +1.230114225e+02 -1.8243e+00 -1.0626e+00 +4.8066e-01 +8.7918e-01 -1.8796e-01
513 0 +1.978196007e+01 +1.223919601e+02 +1.223919601e+02 -1.4845e+00 -1.0701e+00 +1.5786e+00 +1.5891e+00 +1.7484e+00
1152 0 +1.274099860e+01 +1.153509986e+02 +1.153509986e+02 -1.6867e+00 -1.0162e+00 +1.6036e+00 +2.0459e+00 +1.9737e+00
