% f evaluations | g evaluations | best noise-free fitness - Fopt (-5.494000000000e+01) + sum g_i+ | measured fitness | best measured fitness or single-digit g-values | x1 | x2...
1 0 +9.852913834e+06 +9.852858894e+06 +9.852858894e+06 +5.9671e-01 -3.8264e-02 +7.4769e-01 +1.6230e+00 -1.3415e-01
2 0 +2.715223623e+06 +2.715168683e+06 +2.715168683e+06 -1.3414e-01 +1.6792e+00 +8.6743e-01 -3.6947e-01 +6.4256e-01
7 0 +9.085897748e+05 +9.085348348e+05 +9.085348348e+05 -5.0171e-01 +1.9523e+00 +8.6503e-02 -9.5771e-01 +9.2254e-01
8 0 +5.441882390e+05 +5.441332990e+05 +5.441332990e+05 -1.1208e+00 +3.0886e-01 -1.8597e+00 -1.2282e+00 +2.9686e-01
27 0 +3.544369240e+05 +3.543819840e+05 +3.543819840e+05 -3.0275e+00 -6.3263e-01 -1.0377e+00 +5.2109e-01 +9.1740e-02
33 0 +1.260247017e+05 +1.259697617e+05 +1.259697617e+05 -1.1033e-01 +1.7165e+00 -2.1670e+00 -6.1554e-02 +1.3820e+00
63 0 +1.172460437e+05 +1.171911037e+05 +1.171911037e+05 -1.6172e+00 +1.5398e+00 -1.7162e+00 +7.8636e-01 +1.3256e-01
98 0 +8.366010450e+04 +8.360516450e+04 +8.360516450e+04 -4.7087e-01 +8.6378e-01 -3.1510e+00 +4.4277e-01 +1.1241e+00
166 0 +8.257123423e+04 +8.251629423e+04 +8.251629423e+04 -8.9829e-01 +9.1840e-01 -1.0126e+00 +5.1573e-01 +2.4774e+00
206 0 +2.378830069e+04 +2.373336069e+04 +2.373336069e+04 -1.3958e+00 +1.5147e+00 -1.8630e+00 +2.0866e+00 +3.3782e-01
249 0 +2.248609411e+04 +2.243115411e+04 +2.243115411e+04 -1.4926e+00 +2.0190e+00 -1.5726e+00 +2.6431e+00 +3.8952e-02
258 0 +2.072412128e+04 +2.066918128e+04 +2.066918128e+04 -1.2767e+00 +1.8182e-01 -2.7420e+00 +3.6209e+00 +9.7399e-01
283 0 +1.468523470e+04 +1.463029470e+04 +1.463029470e+04 -3.1587e+00 +3.8483e-01 +2.3470e-01 +3.5109e+00 +4.0576e-01
367 0 +1.419664856e+04 +1.414170856e+04 +1.414170856e+04 -3.1809e+00 -4.6720e-01 +3.6258e+00 +4.7291e+00 +4.8287e+00
400 0 +5.645412966e+03 +5.590472966e+03 +5.590472966e+03 -2.0450e+00 +1.2302e+00 +7.3410e-01 +3.1151e+00 +2.2340e+00
480 0 +1.663671732e+03 +1.608731732e+03 +1.608731732e+03 -1.4471e+00 -2.5018e-01 +3.7129e-01 +3.0386e+00 +4.1305e+00
534 0 +1.637639041e+03 +1.582699041e+03 +1.582699041e+03 -2.6789e+00 +1.3819e-01 +1.7289e+00 +3.9195e+00 +3.0632e+00
564 0 +1.587139271e+03 +1.532199271e+03 +1.532199271e+03 -2.1456e+00 -6.9897e-01 +1.5760e+00 +3.3155e+00 +4.4753e+00
587 0 +8.349190680e+02 +7.799790680e+02 +7.799790680e+02 -2.2395e+00 -1.7322e-01 +2.0307e+00 +3.4377e+00 +4.3554e+00
591 0 +6.321185982e+02 +5.771785982e+02 +5.771785982e+02 -2.6562e+00 -4.9597e-01 +1.5727e+00 +3.8649e+00 +3.4570e+00
611 0 +3.101605402e+02 +2.552205402e+02 +2.552205402e+02 -1.4820e+00 -1.0359e+00 -1.2334e-02 +2.9603e+00 +4.2374e+00
648 0 +2.050862852e+02 +1.501462852e+02 +1.501462852e+02 -1.2772e+00 -1.6098e+00 -1.3922e+00 +2.9371e+00 +3.6707e+00
689 0 +6.281443741e+01 +7.874437412e+00 +7.874437412e+00 -2.0902e+00 -1.8299e+00 -1.6460e+00 +3.6441e+00 +2.2193e+00
851 0 +4.823141541e+01 -6.708584589e+00 -6.708584589e+00 -2.4678e+00 -1.3399e+00 -3.4692e-01 +3.8720e+00 +2.4896e+00
904 0 +2.843479980e+01 -2.650520020e+01 -2.650520020e+01 -2.3610e+00 -1.5149e+00 -1.1924e+00 +3.8439e+00 +1.9549e+00
970 0 +8.683040154e+00 -4.625695985e+01 -4.625695985e+01 -1.3357e+00 -1.3848e+00 -1.4583e+00 +3.0318e+00 +3.3219e+00
1026 0 +4.366072069e+00 -5.057392793e+01 -5.057392793e+01 -2.0808e+00 -1.5327e+00 -1.1867e+00 +3.6257e+00 +2.4558e+00
1046 0 +2.425515978e+00 -5.251448402e+01 -5.251448402e+01 -2.1749e+00 -1.5913e+00 -1.3645e+00 +3.7082e+00 +2.1665e+00
1153 0 +2.338813459e+00 -5.260118654e+01 -5.260118654e+01 -1.5693e+00 -1.4804e+00 -1.4480e+00 +3.2261e+00 +3.0140e+00
1159 0 +5.682852461e-01 -5.437171475e+01 -5.437171475e+01 -1.6088e+00 -1.4591e+00 -1.3422e+00 +3.2444e+00 +3.0369e+00
