% f evaluations | g evaluations | best noise-free fitness - Fopt (1.026100000000e+02) + sum g_i+ | measured fitness | best measured fitness or single-digit g-values | x1 | x2...
1 0 +1.660437975e+02 +2.686537975e+02 +2.686537975e+02 +5.9671e-01 -3.8264e-02 +7.4769e-01 +1.6230e+00 -1.3415e-01 -1.3414e-01 +1.6792e+00 +8.6743e-01 -3.6947e-01 +6.4256e-01
2 0 +1.622099313e+02 +2.648199313e+02 +2.648199313e+02 -3.6342e-01 -3.6573e-01 +3.4196e-01 -1.8133e+00 -1.6249e+00 -4.6229e-01 -9.1283e-01 +4.1425e-01 -8.0802e-01 -1.3123e+00
3 0 +1.616337172e+02 +2.642437172e+02 +2.642437172e+02 +1.5656e+00 -1.2578e-01 +1.6753e-01 -1.3247e+00 -4.4438e-01 +2.1092e-01 -1.0510e+00 +4.7570e-01 -5.0064e-01 -1.9169e-01
5 0 +1.396746580e+02 +2.422846580e+02 +2.422846580e+02 +8.3847e-01 +2.7137e-01 -1.5648e-02 -2.0110e-01 -1.3785e+00 -6.1984e-01 -3.6064e-01 +1.1571e+00 +4.4362e-01 -1.6630e+00
9 0 +1.244409204e+02 +2.270509204e+02 +2.270509204e+02 -1.1967e-01 +4.5711e-01 +1.5779e+00 -4.1827e-01 -7.0849e-01 -4.0176e-01 +1.0154e+00 +4.2875e-01 -4.2976e-01 +6.1327e-01
12 0 +8.816334265e+01 +1.907733426e+02 +1.907733426e+02 -1.8188e+00 +7.3486e-02 +1.6023e-01 +2.5632e+00 -9.2361e-02 +4.0155e-01 +6.5288e-02 -1.0687e+00 +1.2428e+00 +8.5193e-01
64 0 +8.724124645e+01 +1.898512465e+02 +1.898512465e+02 -1.2743e+00 -3.2798e-01 +7.3507e-01 +1.2999e+00 -1.5382e+00 +6.7390e-01 +1.4991e+00 -1.1378e+00 +4.9479e-02 +1.3048e+00
154 0 +8.420468568e+01 +1.868146857e+02 +1.868146857e+02 -1.5794e+00 -1.0666e+00 -1.7332e+00 +8.0793e-01 -2.7283e+00 +9.1884e-01 +2.3143e+00 -2.6272e+00 +1.7565e-01 +1.6575e+00
352 0 +8.264240247e+01 +1.852524025e+02 +1.852524025e+02 -1.6022e+00 -1.7524e+00 -1.5102e+00 -6.9415e-01 -1.8906e+00 +1.8190e+00 +1.1479e+00 -1.4316e+00 +1.2229e+00 +1.3299e+00
509 0 +7.359633748e+01 +1.762063375e+02 +1.762063375e+02 -1.7841e+00 -1.4777e+00 -1.1874e+00 +1.0632e+00 -1.8328e+00 +7.7260e-01 +1.6713e+00 -1.1407e+00 +1.9692e+00 +1.2311e+00
605 0 +7.108650658e+01 +1.736965066e+02 +1.736965066e+02 -1.4732e+00 -2.2486e+00 -2.4828e+00 +7.8383e-01 -1.8004e+00 +2.2661e+00 +8.4854e-01 -2.3698e+00 +2.3553e+00 +1.0685e+00
836 0 +6.022322303e+01 +1.628332230e+02 +1.628332230e+02 -1.8766e+00 -2.1992e+00 -2.6925e+00 -6.6463e-04 -8.7793e-01 +2.3825e+00 +1.5988e+00 -1.6268e+00 +1.5534e+00 +1.5950e+00
1046 0 +5.976434081e+01 +1.623743408e+02 +1.623743408e+02 -9.5579e-01 -1.0580e+00 -1.9435e+00 +7.3694e-01 -1.3272e+00 +3.0901e-01 +1.6988e+00 -1.5451e+00 +1.1817e+00 +1.3573e+00
1183 0 +5.337008686e+01 +1.559800869e+02 +1.559800869e+02 -1.2261e+00 -1.2972e+00 -1.2924e+00 +2.1872e-01 -1.2071e+00 +1.5960e+00 +1.3302e+00 -1.6631e+00 +1.3286e+00 +1.2175e+00
1373 0 +4.757695613e+01 +1.501869561e+02 +1.501869561e+02 -2.2787e+00 -1.3316e+00 -8.5187e-01 +6.7280e-01 -1.1796e+00 +1.0792e+00 +1.5346e+00 -1.6564e+00 +1.0150e+00 +2.9607e-01
% f evaluations | g evaluations | best noise-free fitness - Fopt (9.330000000000e+01) + sum g_i+ | measured fitness | best measured fitness or single-digit g-values | x1 | x2...
1 0 +2.041433467e+02 +2.974433467e+02 +2.974433467e+02 +5.9671e-01 -3.8264e-02 +7.4769e-01 +1.6230e+00 -1.3415e-01 -1.3414e-01 +1.6792e+00 +8.6743e-01 -3.6947e-01 +6.4256e-01
3 0 +1.643787018e+02 +2.576787018e+02 +2.576787018e+02 +1.5656e+00 -1.2578e-01 +1.6753e-01 -1.3247e+00 -4.4438e-01 +2.1092e-01 -1.0510e+00 +4.7570e-01 -5.0064e-01 -1.9169e-01
4 0 +1.538965097e+02 +2.471965097e+02 +2.471965097e+02 -5.0171e-01 +1.9523e+00 +8.6503e-02 -9.5771e-01 +9.2254e-01 -1.1208e+00 +3.0886e-01 -1.8597e+00 -1.2282e+00 +2.9686e-01
5 0 +1.433332112e+02 +2.366332112e+02 +2.366332112e+02 +8.3847e-01 +2.7137e-01 -1.5648e-02 -2.0110e-01 -1.3785e+00 -6.1984e-01 -3.6064e-01 +1.1571e+00 +4.4362e-01 -1.6630e+00
13 0 +1.313436920e+02 +2.246436920e+02 +2.246436920e+02 +8.9103e-01 -8.0939e-01 +1.5028e+00 -1.3019e+00 +6.8686e-01 +2.2905e+00 -8.9054e-01 -4.6630e-01 +1.9965e-01 -4.0348e-01
32 0 +1.197523705e+02 +2.130523705e+02 +2.130523705e+02 -1.1768e-01 +1.1988e+00 +9.2542e-01 +9.1351e-01 +1.4055e+00 +1.2100e-01 +7.8195e-01 -2.1027e-01 +4.2417e-01 -3.0143e-02
40 0 +1.164662424e+02 +2.097662424e+02 +2.097662424e+02 -7.9841e-01 +5.9192e-01 -1.2202e+00 +1.9315e+00 +1.2794e+00 -3.6918e-01 -1.6131e+00 +1.4539e+00 -1.4540e-02 +1.3378e+00
98 0 +1.148421899e+02 +2.081421899e+02 +2.081421899e+02 +6.8021e-01 -2.6201e-01 -7.6151e-02 -1.7327e-01 +1.3396e-01 -4.5097e-01 +1.3543e+00 +2.7672e-01 +8.1772e-02 -3.4144e-01
102 0 +8.773786154e+01 +1.810378615e+02 +1.810378615e+02 -1.1683e+00 +3.4513e-01 -8.5074e-01 -2.1831e-01 +9.6762e-01 -1.0411e+00 +1.1184e+00 +7.2780e-01 +4.3817e-01 +2.0981e+00
129 0 +8.390501485e+01 +1.772050148e+02 +1.772050148e+02 -2.1924e-01 -1.3962e-01 -1.5690e+00 +1.1825e+00 +1.0559e+00 -1.4162e-01 +1.1109e+00 +9.9341e-01 +1.6532e+00 +8.2699e-01
248 0 +7.619358763e+01 +1.694935876e+02 +1.694935876e+02 -7.3371e-01 +1.8977e+00 -9.4037e-01 -5.1218e-01 +1.0081e+00 -1.6534e+00 +1.0069e+00 +3.4031e-01 +1.9991e+00 +1.6936e+00
404 0 +7.605565799e+01 +1.693556580e+02 +1.693556580e+02 -1.2695e+00 +1.0925e+00 -9.3959e-01 -1.0479e+00 +1.9191e+00 -2.0303e+00 +7.0697e-01 -3.3810e-01 +1.4010e+00 +4.4171e-01
568 0 +7.554236352e+01 +1.688423635e+02 +1.688423635e+02 -2.4530e+00 +1.7904e+00 -1.8524e+00 -1.2035e+00 +2.9177e+00 -1.8668e+00 +2.4302e+00 +1.4992e+00 +1.9898e+00 +1.4183e+00
616 0 +6.673122007e+01 +1.600312201e+02 +1.600312201e+02 -2.0789e+00 +2.1009e+00 -7.3636e-01 -1.7250e+00 +1.7989e+00 +3.1167e-01 +2.2935e+00 +8.0426e-01 +8.9157e-01 +1.9587e+00
1084 0 +6.161254600e+01 +1.549125460e+02 +1.549125460e+02 -1.7773e+00 +8.4064e-01 -1.2865e+00 -1.9072e+00 +1.4921e+00 -8.2343e-01 +8.2915e-01 +4.3007e-01 +1.5465e+00 +4.1254e-01
1346 0 +6.106427782e+01 +1.543642778e+02 +1.543642778e+02 -1.8576e+00 +1.3589e+00 -1.2970e+00 -1.3991e+00 +1.8494e+00 -1.1395e+00 +7.6791e-01 +4.9448e-01 +1.4392e+00 +6.1805e-01
1521 0 +4.395146916e+01 +1.372514692e+02 +1.372514692e+02 -1.8903e+00 +1.5190e+00 -1.5765e+00 -2.8260e+00 +1.2820e+00 -1.0642e+00 +1.8202e+00 +1.5471e+00 +1.6175e+00 +1.1879e+00
% f evaluations | g evaluations | best noise-free fitness - Fopt (1.364000000000e+01) + sum g_i+ | measured fitness | best measured fitness or single-digit g-values | x1 | x2...
1 0 +1.721594322e+02 +1.857994322e+02 +1.857994322e+02 +5.9671e-01 -3.8264e-02 +7.4769e-01 +1.6230e+00 -1.3415e-01 -1.3414e-01 +1.6792e+00 +8.6743e-01 -3.6947e-01 +6.4256e-01
2 0 +1.613578026e+02 +1.749978026e+02 +1.749978026e+02 -3.6342e-01 -3.6573e-01 +3.4196e-01 -1.8133e+00 -1.6249e+00 -4.6229e-01 -9.1283e-01 +4.1425e-01 -8.0802e-01 -1.3123e+00
7 0 +1.607743315e+02 +1.744143315e+02 +1.744143315e+02 -3.7917e-01 -8.5659e-02 -1.0063e+00 -1.0962e+00 +9.1253e-01 +1.4562e+00 +2.7990e-02 +1.1035e+00 +4.6164e-01 -5.4512e-01
8 0 +1.591245295e+02 +1.727645295e+02 +1.727645295e+02 +4.6140e-01 +1.6380e+00 +6.4174e-02 +1.6646e+00 -2.5197e+00 +9.2190e-01 +1.8705e-01 -1.9901e-01 +1.9176e-01 -1.8876e+00
12 0 +1.571647080e+02 +1.708047080e+02 +1.708047080e+02 -1.8188e+00 +7.3486e-02 +1.6023e-01 +2.5632e+00 -9.2361e-02 +4.0155e-01 +6.5288e-02 -1.0687e+00 +1.2428e+00 +8.5193e-01
15 0 +1.287897258e+02 +1.424297258e+02 +1.424297258e+02 +3.2746e-01 +1.4071e+00 -1.5075e+00 +2.8463e-01 +3.5988e-01 +8.8182e-01 -1.1370e+00 -1.2205e+00 +6.2194e-01 +3.9698e-01
19 0 +1.241392179e+02 +1.377792179e+02 +1.377792179e+02 +7.2567e-01 -7.5716e-01 -9.7089e-01 +5.8247e-01 -1.2346e-01 +8.1400e-01 +5.7324e-01 +2.7171e-02 -7.4679e-01 -1.4148e+00
46 0 +1.236389955e+02 +1.372789955e+02 +1.372789955e+02 +3.7321e-02 +1.0551e+00 -8.8573e-01 +6.0405e-01 -4.3026e-01 -6.9287e-01 -7.0304e-03 -9.3524e-01 -4.5365e-01 -1.0979e+00
83 0 +1.175793701e+02 +1.312193701e+02 +1.312193701e+02 +1.5318e+00 +1.4093e+00 -7.5476e-01 +7.9995e-01 +5.4475e-01 +1.4991e+00 +1.1215e+00 -1.3270e+00 +4.1665e-01 -4.5045e-01
90 0 +9.648619015e+01 +1.101261902e+02 +1.101261902e+02 +7.3373e-01 -6.9193e-02 +3.7833e-01 -6.6697e-01 -1.2212e+00 +1.5938e-01 +7.6359e-01 -1.3170e-01 -2.5606e+00 +5.4855e-01
263 0 +9.050515711e+01 +1.041451571e+02 +1.041451571e+02 +1.0209e+00 +5.4676e-01 -1.2741e+00 -4.9591e-01 -3.1123e-01 +1.6336e+00 +7.9154e-01 -3.4508e-01 -4.0134e-01 -1.3181e+00
408 0 +8.171573244e+01 +9.535573244e+01 +9.535573244e+01 +6.1459e-01 -4.9361e-02 -1.0916e+00 -3.8799e-01 -4.7654e-01 +9.1027e-01 +1.2225e+00 -1.6080e+00 -8.4840e-01 -3.0615e-01
509 0 +6.734501657e+01 +8.098501657e+01 +8.098501657e+01 +1.5188e+00 +2.1722e+00 -1.1455e+00 -1.6942e+00 -1.8071e+00 +1.5156e+00 +1.7848e+00 -1.8479e+00 -1.1958e+00 -2.4298e+00
746 0 +5.987256182e+01 +7.351256182e+01 +7.351256182e+01 +8.9644e-01 +6.3494e-01 -2.7935e-01 -8.9130e-01 -1.5370e+00 +1.4938e+00 +1.0820e+00 -2.2694e+00 -2.2462e+00 -1.1574e+00
1033 0 +5.709386258e+01 +7.073386258e+01 +7.073386258e+01 +8.2324e-01 +1.1654e+00 -1.1021e+00 -8.2061e-01 -8.0550e-01 +2.0053e+00 +1.1340e+00 -1.4629e+00 -1.9848e+00 -3.4750e-01
1108 0 +5.247016515e+01 +6.611016515e+01 +6.611016515e+01 +1.4224e+00 +7.5420e-01 -1.0249e+00 -1.4262e+00 -1.2831e+00 +9.3529e-01 +1.1109e+00 -2.3248e+00 -3.0625e-01 -6.4904e-01
1211 0 +4.902758625e+01 +6.266758625e+01 +6.266758625e+01 +2.9239e-01 +3.6783e-01 -1.5074e+00 -4.5605e-01 -9.5671e-01 +1.1794e+00 +1.3200e+00 -2.0280e+00 -3.2015e-01 -5.3682e-01
1421 0 +4.328714833e+01 +5.692714833e+01 +5.692714833e+01 +2.0993e-01 +1.2476e+00 -1.7169e+00 -7.0966e-01 -7.5091e-01 +1.4256e+00 +1.2662e+00 -1.1961e+00 -1.1959e+00 -1.1482e+00
1687 0 +3.221340657e+01 +4.585340657e+01 +4.585340657e+01 +1.6720e+00 +1.7916e+00 -8.3361e-01 -1.4256e+00 -1.2004e+00 +1.8657e+00 +1.0029e+00 -8.1865e-01 -1.1251e+00 -1.2210e+00
% f evaluations | g evaluations | best noise-free fitness - Fopt (1.948000000000e+02) + sum g_i+ | measured fitness | best measured fitness or single-digit g-values | x1 | x2...
1 0 +1.954988160e+02 +3.902988160e+02 +3.902988160e+02 +5.9671e-01 -3.8264e-02 +7.4769e-01 +1.6230e+00 -1.3415e-01 -1.3414e-01 +1.6792e+00 +8.6743e-01 -3.6947e-01 +6.4256e-01
2 0 +1.399612007e+02 +3.347612007e+02 +3.347612007e+02 -3.6342e-01 -3.6573e-01 +3.4196e-01 -1.8133e+00 -1.6249e+00 -4.6229e-01 -9.1283e-01 +4.1425e-01 -8.0802e-01 -1.3123e+00
6 0 +1.072936553e+02 +3.020936553e+02 +3.020936553e+02 +4.2408e-01 -2.8508e-01 -5.7692e-01 +7.1168e-01 +1.1310e+00 +1.0313e+00 -7.3922e-01 -2.0921e-01 +4.3126e-01 +1.0755e+00
57 0 +1.035953868e+02 +2.983953868e+02 +2.983953868e+02 +8.8147e-01 +1.2451e+00 -2.2436e-02 +1.1774e+00 +2.3907e+00 +3.5540e-01 -7.4611e-02 -9.1780e-01 +2.1085e+00 +4.5380e-02
96 0 +1.014590851e+02 +2.962590851e+02 +2.962590851e+02 +7.2303e-01 +2.0649e+00 +3.2228e-02 +5.8064e-01 +5.4188e-01 -8.3577e-02 +1.3987e+00 -5.1893e-01 -1.0560e-01 +2.9994e-02
175 0 +1.010212590e+02 +2.958212590e+02 +2.958212590e+02 +1.0048e+00 -3.1827e-01 -1.0067e+00 +7.7772e-01 +6.7931e-01 +6.8362e-01 -1.1220e+00 +3.3547e-01 +1.7091e+00 +1.2080e+00
187 0 +8.898990532e+01 +2.837899053e+02 +2.837899053e+02 +1.1248e+00 +7.2669e-01 +3.1428e-01 -1.1110e-01 +5.3499e-01 -9.1927e-01 -3.5676e-01 -4.7466e-01 +1.3109e+00 +1.4031e-01
203 0 +7.784759796e+01 +2.726475980e+02 +2.726475980e+02 +1.2355e+00 +7.9318e-01 -5.2326e-01 +1.1803e+00 +2.0217e+00 +5.9284e-01 -1.4862e+00 -1.6450e+00 +1.6773e+00 -1.8893e-01
274 0 +7.357233911e+01 +2.683723391e+02 +2.683723391e+02 +6.5931e-02 +2.4329e+00 -8.4628e-01 +6.0208e-01 +1.7498e-01 -7.9822e-01 -4.2516e-01 -1.2216e+00 +9.4688e-01 +6.1437e-01
577 0 +4.916788742e+01 +2.439678874e+02 +2.439678874e+02 +1.9020e+00 +1.1519e+00 -9.5896e-01 +1.3153e+00 +1.7429e+00 -1.4234e+00 -1.6721e+00 -1.9827e+00 +2.9308e-01 +1.5876e+00
1187 0 +4.610717630e+01 +2.409071763e+02 +2.409071763e+02 +1.1639e+00 +5.2030e-01 -1.4145e+00 +3.5074e-01 +1.7669e+00 -7.1558e-01 -2.1257e+00 -1.4334e+00 +3.7644e-01 +1.6187e+00
1314 0 +3.255990581e+01 +2.273599058e+02 +2.273599058e+02 +1.3122e+00 +1.1726e+00 -1.6913e+00 +7.0032e-01 +1.0975e+00 -1.5245e+00 -1.4448e+00 -6.8070e-01 +4.9510e-01 +1.2056e+00
% f evaluations | g evaluations | best noise-free fitness - Fopt (-1.335900000000e+02) + sum g_i+ | measured fitness | best measured fitness or single-digit g-values | x1 | x2...
1 0 +1.730437133e+02 +3.945371328e+01 +3.945371328e+01 +5.9671e-01 -3.8264e-02 +7.4769e-01 +1.6230e+00 -1.3415e-01 -1.3414e-01 +1.6792e+00 +8.6743e-01 -3.6947e-01 +6.4256e-01
2 0 +1.597862231e+02 +2.619622310e+01 +2.619622310e+01 -3.6342e-01 -3.6573e-01 +3.4196e-01 -1.8133e+00 -1.6249e+00 -4.6229e-01 -9.1283e-01 +4.1425e-01 -8.0802e-01 -1.3123e+00
9 0 +1.326779140e+02 -9.120859939e-01 -9.120859939e-01 -1.1967e-01 +4.5711e-01 +1.5779e+00 -4.1827e-01 -7.0849e-01 -4.0176e-01 +1.0154e+00 +4.2875e-01 -4.2976e-01 +6.1327e-01
36 0 +1.211747369e+02 -1.241526310e+01 -1.241526310e+01 +4.1091e-01 +1.5754e+00 +9.5766e-01 -5.9939e-02 +8.0984e-02 -9.0253e-01 +8.1487e-02 -1.8866e-01 +4.2272e-01 -7.2723e-01
52 0 +1.150509983e+02 -1.853900175e+01 -1.853900175e+01 -2.1165e-02 +8.5374e-02 -1.9929e+00 +2.1764e+00 +1.5433e+00 -9.0337e-01 -7.0486e-01 -8.1748e-01 +9.9432e-02 +6.8947e-01
84 0 +1.130259437e+02 -2.056405628e+01 -2.056405628e+01 -1.4310e+00 +8.7960e-01 +1.6564e+00 +1.2874e+00 +2.2942e-01 -3.6664e-01 +1.2871e-01 -1.2236e+00 -1.4122e-01 -3.4049e-01
89 0 +1.116644653e+02 -2.192553474e+01 -2.192553474e+01 +2.7278e-01 -9.8631e-01 +4.4762e-01 -1.5556e-02 -3.5750e-02 -4.8427e-01 +4.2387e-01 +3.9707e-01 +5.8924e-01 +6.1316e-01
148 0 +1.034874946e+02 -3.010250539e+01 -3.010250539e+01 -1.2467e+00 -3.4776e-01 +4.5433e-01 -1.9739e+00 -4.1362e-03 -4.1431e-02 -4.7379e-01 -1.2711e+00 +8.6472e-01 -3.3719e-01
225 0 +9.107632595e+01 -4.251367405e+01 -4.251367405e+01 -1.6648e+00 +5.2145e-02 +1.0886e+00 +1.1749e-02 -1.5437e+00 -1.1782e+00 +1.8292e+00 -7.7841e-03 -1.7740e-01 -1.5901e-01
269 0 +8.799333014e+01 -4.559666986e+01 -4.559666986e+01 -1.9142e+00 +9.6215e-01 +2.8008e-01 -2.1885e+00 -2.4461e+00 +7.5369e-02 +1.0384e+00 -1.4781e+00 -3.3168e-01 -4.7173e-01
310 0 +8.395618060e+01 -4.963381940e+01 -4.963381940e+01 -1.3403e+00 +1.0337e+00 +1.5132e+00 -1.1499e+00 -3.0196e+00 +3.0889e-01 +2.3963e+00 -3.4338e-01 -8.4282e-01 -1.2678e-01
452 0 +8.248572162e+01 -5.110427838e+01 -5.110427838e+01 -8.7974e-01 +4.5004e-01 +1.1022e+00 -1.2280e+00 -1.7492e+00 +1.2141e+00 +7.4576e-01 -2.2523e+00 -5.6342e-01 +1.5665e+00
513 0 +7.103720082e+01 -6.255279918e+01 -6.255279918e+01 -9.2944e-01 +1.9159e+00 +3.1260e-01 -8.5453e-01 -2.3630e+00 +7.2741e-01 +3.4132e-01 -1.1484e+00 -2.9007e+00 +1.5477e+00
611 0 +6.585954907e+01 -6.773045093e+01 -6.773045093e+01 +3.2790e-01 +2.1296e+00 +8.6897e-03 -1.7937e+00 -2.2608e+00 +2.6585e+00 +1.8773e+00 -1.3390e+00 -2.3075e+00 +1.2154e+00
941 0 +6.104541712e+01 -7.254458288e+01 -7.254458288e+01 -8.3332e-01 +1.3110e+00 +4.5115e-01 -6.9642e-01 -2.1808e+00 +1.2077e+00 +2.1038e+00 -1.1816e+00 -1.1760e+00 +1.7054e+00
999 0 +4.505898258e+01 -8.853101742e+01 -8.853101742e+01 -8.6104e-01 +2.1830e+00 +1.7925e+00 -1.8064e+00 -1.4277e+00 +1.4768e+00 +5.9392e-01 -9.6609e-01 -8.9671e-01 +5.1638e-01
1702 0 +4.493267662e+01 -8.865732338e+01 -8.865732338e+01 -1.4451e+00 +2.0531e+00 +2.0383e+00 -1.2936e+00 -1.4675e+00 +7.3927e-01 +1.1640e+00 -1.0088e+00 -9.0932e-01 +8.6132e-01
% f evaluations | g evaluations | best noise-free fitness - Fopt (-3.085000000000e+01) + sum g_i+ | measured fitness | best measured fitness or single-digit g-values | x1 | x2...
1 0 +1.315075751e+02 +1.006575751e+02 +1.006575751e+02 +5.9671e-01 -3.8264e-02 +7.4769e-01 +1.6230e+00 -1.3415e-01 -1.3414e-01 +1.6792e+00 +8.6743e-01 -3.6947e-01 +6.4256e-01
55 0 +9.907397089e+01 +6.822397089e+01 +6.822397089e+01 +7.5488e-01 +1.3473e+00 -4.1737e-01 +7.6678e-01 +3.4888e-01 +7.9606e-01 -1.5710e+00 -9.4764e-02 +1.4056e+00 +8.9180e-01
109 0 +9.294318804e+01 +6.209318804e+01 +6.209318804e+01 +1.6431e+00 +1.2011e+00 -5.7953e-01 +6.3578e-01 +4.2553e-01 +2.3653e+00 -3.7085e-01 -6.4248e-02 -4.4222e-01 +1.9039e+00
320 0 +8.744881102e+01 +5.659881102e+01 +5.659881102e+01 +1.9329e+00 +2.1119e+00 -1.1083e+00 +2.1859e+00 +8.0303e-01 +1.4826e+00 -1.8982e+00 +1.5471e-01 -4.5881e-01 +1.9180e+00
412 0 +7.970258723e+01 +4.885258723e+01 +4.885258723e+01 +7.3538e-01 +8.8081e-01 -1.1312e+00 +1.7597e+00 +8.0857e-01 +1.2777e+00 -9.2590e-01 -1.1238e-01 -4.1200e-01 +7.7226e-01
562 0 +6.512996012e+01 +3.427996012e+01 +3.427996012e+01 +1.6473e+00 +1.3575e+00 +1.5122e-01 +2.7005e+00 +1.1034e+00 +1.3591e+00 -2.0257e+00 +1.3926e+00 -1.1055e+00 +1.6874e+00
1099 0 +6.301517051e+01 +3.216517051e+01 +3.216517051e+01 +6.0817e-01 +8.0074e-01 -1.0937e+00 +1.0356e+00 +1.6861e+00 +1.6228e+00 -2.3147e+00 +1.3243e+00 -9.2683e-01 +1.7460e+00
1104 0 +6.046364050e+01 +2.961364050e+01 +2.961364050e+01 +1.4214e+00 +1.8196e+00 -1.8060e+00 +2.0123e+00 +2.0078e+00 +2.1440e+00 -2.3795e+00 +8.0928e-01 -1.4619e+00 +1.5168e+00
1370 0 +5.970299556e+01 +2.885299556e+01 +2.885299556e+01 +2.4142e+00 +1.7204e+00 -1.5994e+00 +2.0857e+00 +1.7761e+00 +2.8679e+00 -2.8273e+00 +7.3618e-01 -1.6861e+00 +2.0532e+00
1584 0 +5.681581710e+01 +2.596581710e+01 +2.596581710e+01 +1.5210e+00 +2.1643e+00 -1.2982e+00 +1.9910e+00 +1.5208e+00 +1.9878e+00 -1.2406e+00 +9.0043e-01 -9.3693e-01 +1.5642e+00
2009 0 +5.387303504e+01 +2.302303504e+01 +2.302303504e+01 +1.2115e+00 +7.2625e-01 -1.5547e+00 +1.5202e+00 +1.1613e+00 +1.8183e+00 -1.9672e+00 +1.7582e+00 -6.1474e-01 +1.7656e+00
2397 0 +5.077487752e+01 +1.992487752e+01 +1.992487752e+01 +1.5442e+00 +1.2818e+00 -1.3092e+00 +2.0398e+00 +1.2388e+00 +2.2066e+00 -1.7682e+00 +2.1407e+00 -1.9057e+00 +1.8572e+00
% f evaluations | g evaluations | best noise-free fitness - Fopt (-9.200000000000e+00) + sum g_i+ | measured fitness | best measured fitness or single-digit g-values | x1 | x2...
1 0 +2.097373124e+02 +2.005373124e+02 +2.005373124e+02 +5.9671e-01 -3.8264e-02 +7.4769e-01 +1.6230e+00 -1.3415e-01 -1.3414e-01 +1.6792e+00 +8.6743e-01 -3.6947e-01 +6.4256e-01
2 0 +1.670872038e+02 +1.578872038e+02 +1.578872038e+02 -3.6342e-01 -3.6573e-01 +3.4196e-01 -1.8133e+00 -1.6249e+00 -4.6229e-01 -9.1283e-01 +4.1425e-01 -8.0802e-01 -1.3123e+00
5 0 +1.628649010e+02 +1.536649010e+02 +1.536649010e+02 +8.3847e-01 +2.7137e-01 -1.5648e-02 -2.0110e-01 -1.3785e+00 -6.1984e-01 -3.6064e-01 +1.1571e+00 +4.4362e-01 -1.6630e+00
10 0 +1.447175242e+02 +1.355175242e+02 +1.355175242e+02 +1.9708e-01 +1.0686e+00 -6.0205e-01 -2.2766e-01 -2.9211e-01 -1.3635e+00 +3.9612e-01 +3.6106e-01 +1.0511e-01 -1.3459e-01
11 0 +1.434526752e+02 +1.342526752e+02 +1.342526752e+02 -1.3154e+00 -3.2065e-01 -2.4271e-01 -7.0228e-01 -6.1286e-02 +5.0405e-01 +1.9862e+00 +2.7458e-01 +3.5755e-01 +2.5554e-02
22 0 +1.250648598e+02 +1.158648598e+02 +1.158648598e+02 +6.7089e-01 +1.2356e+00 +1.0540e+00 +7.5139e-01 -2.1527e-01 +8.5897e-01 -6.7283e-01 -1.3682e-01 -3.8536e-01 +1.8187e-01
24 0 +1.228589784e+02 +1.136589784e+02 +1.136589784e+02 -6.3037e-01 +3.1646e-01 +1.4557e-01 -5.5160e-01 +2.2439e+00 +7.3392e-01 -1.9251e+00 +2.8645e-01 -5.6179e-01 +9.5243e-01
52 0 +1.140515558e+02 +1.048515558e+02 +1.048515558e+02 -5.2760e-01 +1.9352e+00 +9.6651e-02 +4.4198e-01 +1.3269e+00 -5.6104e-02 +5.7516e-01 -8.0799e-01 +1.9350e+00 +1.3148e+00
53 0 +9.893078248e+01 +8.973078248e+01 +8.973078248e+01 +2.6720e-01 +3.9789e-01 -2.4482e-01 -5.1577e-02 +4.1399e-01 +7.9732e-01 -9.0298e-01 -1.0557e+00 -2.1857e-01 +1.4470e+00
152 0 +8.169572420e+01 +7.249572420e+01 +7.249572420e+01 +9.0523e-01 +1.5396e+00 +2.7807e+00 +1.5953e+00 +1.2636e+00 +1.9855e+00 -7.0502e-01 -1.3087e+00 +1.7764e+00 +2.5917e+00
326 0 +7.438373727e+01 +6.518373727e+01 +6.518373727e+01 +3.5589e-01 +2.2257e+00 +2.6719e+00 +1.1031e+00 +2.8566e+00 -5.3510e-01 -1.6205e+00 -1.2240e+00 +2.0635e+00 +8.0690e-01
531 0 +6.371836100e+01 +5.451836100e+01 +5.451836100e+01 +9.8516e-01 +1.5837e+00 +1.1635e+00 +2.3696e+00 +2.1091e+00 +1.5072e+00 -1.0347e+00 -1.5221e+00 +6.8520e-02 +1.6140e-01
828 0 +6.246070688e+01 +5.326070688e+01 +5.326070688e+01 +6.1477e-01 +8.6711e-01 +1.2804e+00 +2.2449e-01 +4.4504e-01 +1.2152e+00 -9.9251e-01 -1.1630e+00 +7.3212e-01 +1.1520e+00
944 0 +6.060888988e+01 +5.140888988e+01 +5.140888988e+01 +1.5154e+00 +1.3485e+00 +6.8700e-01 +1.3752e+00 +1.7179e+00 +1.6536e+00 -7.9364e-01 -1.5530e+00 +9.6259e-01 +9.5603e-01
968 0 +5.860125380e+01 +4.940125380e+01 +4.940125380e+01 +2.5120e+00 +1.8473e+00 +1.9732e+00 +1.5905e+00 +1.3191e+00 +9.5287e-01 -1.3611e+00 -1.3369e+00 +2.0027e+00 +1.1643e+00
987 0 +4.496742095e+01 +3.576742095e+01 +3.576742095e+01 +9.6257e-01 +1.2316e+00 +1.2109e+00 +2.2795e+00 +1.6437e+00 +7.8397e-01 -1.5873e+00 -1.8966e+00 +1.6419e+00 +9.7930e-01
% f evaluations | g evaluations | best noise-free fitness - Fopt (-2.037600000000e+02) + sum g_i+ | measured fitness | best measured fitness or single-digit g-values | x1 | x2...
1 0 +1.342291040e+02 -6.953089600e+01 -6.953089600e+01 +5.9671e-01 -3.8264e-02 +7.4769e-01 +1.6230e+00 -1.3415e-01 -1.3414e-01 +1.6792e+00 +8.6743e-01 -3.6947e-01 +6.4256e-01
22 0 +1.231789671e+02 -8.058103293e+01 -8.058103293e+01 +6.7089e-01 +1.2356e+00 +1.0540e+00 +7.5139e-01 -2.1527e-01 +8.5897e-01 -6.7283e-01 -1.3682e-01 -3.8536e-01 +1.8187e-01
27 0 +1.035123500e+02 -1.002476500e+02 -1.002476500e+02 -8.2693e-01 +4.0475e-02 -3.1413e+00 -9.2439e-01 -1.5257e-01 -1.1478e+00 +1.7324e+00 -1.3301e+00 -3.4004e-01 +2.3074e-01
44 0 +9.435781486e+01 -1.094021851e+02 -1.094021851e+02 -1.0833e+00 -1.9392e+00 -1.6941e-01 +8.1754e-01 +1.6024e+00 +1.7409e-01 +1.7286e+00 -1.2801e+00 -1.6034e+00 +4.4452e-02
389 0 +9.198129984e+01 -1.117787002e+02 -1.117787002e+02 -2.0500e+00 -1.9823e-01 -1.7760e+00 -2.0596e+00 +1.2028e+00 -1.2344e+00 -6.0965e-02 +1.2827e+00 -1.0128e+00 -1.6308e+00
411 0 +8.317007156e+01 -1.205899284e+02 -1.205899284e+02 -2.7338e-01 +2.7935e-01 -8.3778e-01 -1.3916e+00 +2.2389e-01 -9.8509e-01 +1.5516e+00 -1.2362e+00 -1.0552e+00 -1.9571e+00
551 0 +8.020510119e+01 -1.235548988e+02 -1.235548988e+02 -4.2368e-01 -1.4198e+00 -7.9578e-01 -1.2412e+00 +5.9950e-01 -6.3164e-01 +1.3447e+00 -1.8457e+00 -9.0852e-01 -1.2187e+00
565 0 +7.341186864e+01 -1.303481314e+02 -1.303481314e+02 -3.3971e+00 -1.3036e+00 -3.5460e-01 -7.2167e-01 +2.0700e+00 -1.0079e+00 +6.5746e-01 -2.1306e+00 -1.6465e+00 -2.4498e+00
726 0 +6.175603170e+01 -1.420039683e+02 -1.420039683e+02 -1.1391e+00 -1.4659e+00 -2.4195e+00 -2.0861e+00 +8.6877e-01 -1.6572e+00 +2.2002e+00 -5.5562e-01 -5.0668e-01 -1.6043e+00
1450 0 +5.094707524e+01 -1.528129248e+02 -1.528129248e+02 -1.1713e+00 -1.7464e+00 -2.1187e+00 -1.2468e+00 +6.3475e-01 -8.6402e-01 +6.0463e-01 -8.1905e-01 -1.0956e+00 -8.1462e-01
1586 0 +5.076107480e+01 -1.529989252e+02 -1.529989252e+02 -1.8549e+00 -9.4591e-01 -1.6511e+00 -1.2909e+00 +2.9150e-01 -1.5718e+00 +6.9336e-01 -1.1970e+00 -1.4049e+00 -1.7604e+00
% f evaluations | g evaluations | best noise-free fitness - Fopt (3.399000000000e+01) + sum g_i+ | measured fitness | best measured fitness or single-digit g-values | x1 | x2...
1 0 +1.818598110e+02 +2.158498110e+02 +2.158498110e+02 +5.9671e-01 -3.8264e-02 +7.4769e-01 +1.6230e+00 -1.3415e-01 -1.3414e-01 +1.6792e+00 +8.6743e-01 -3.6947e-01 +6.4256e-01
3 0 +1.566771258e+02 +1.906671258e+02 +1.906671258e+02 +1.5656e+00 -1.2578e-01 +1.6753e-01 -1.3247e+00 -4.4438e-01 +2.1092e-01 -1.0510e+00 +4.7570e-01 -5.0064e-01 -1.9169e-01
4 0 +1.133446374e+02 +1.473346374e+02 +1.473346374e+02 -5.0171e-01 +1.9523e+00 +8.6503e-02 -9.5771e-01 +9.2254e-01 -1.1208e+00 +3.0886e-01 -1.8597e+00 -1.2282e+00 +2.9686e-01
41 0 +1.113832334e+02 +1.453732334e+02 +1.453732334e+02 -1.4944e+00 -4.9938e-01 +1.0524e-01 +1.4698e-01 -3.5007e-01 +7.2285e-01 -9.6762e-01 -4.2379e-02 +2.2030e-01 +6.1444e-01
113 0 +9.499479406e+01 +1.289847941e+02 +1.289847941e+02 -2.6046e-01 +8.3834e-01 -1.0698e+00 +5.9531e-01 +1.6244e+00 +4.3074e-01 +1.5220e+00 +9.0205e-02 -2.7462e-01 -2.9867e-01
246 0 +9.448921452e+01 +1.284792145e+02 +1.284792145e+02 -2.0207e-02 +1.5514e+00 -8.5396e-01 -1.9505e+00 +6.1470e-01 -5.7191e-01 +8.0237e-01 -1.8234e+00 +8.8022e-01 +2.9152e-02
257 0 +9.270889932e+01 +1.266988993e+02 +1.266988993e+02 -4.8665e-01 +6.2563e-01 -2.3243e+00 -1.5190e+00 +9.7767e-01 -6.7471e-01 +2.6042e+00 -8.9688e-01 +2.0736e+00 -1.8774e+00
360 0 +8.471938720e+01 +1.187093872e+02 +1.187093872e+02 +2.2574e+00 +1.0165e+00 -5.3922e-02 -7.2424e-01 +1.6280e+00 -1.6726e+00 +6.8564e-01 -1.8964e+00 +2.3094e-01 -1.7910e+00
451 0 +7.117913318e+01 +1.051691332e+02 +1.051691332e+02 +2.1378e+00 +1.4636e+00 -7.8170e-01 -1.6238e+00 +1.4453e+00 -1.3258e+00 +6.1913e-01 -1.2327e+00 -3.1406e-02 -5.5406e-01
642 0 +6.675637254e+01 +1.007463725e+02 +1.007463725e+02 +2.9733e+00 +8.7885e-01 -2.4331e+00 -1.6648e+00 +1.6828e+00 -2.0834e+00 +1.9113e+00 -6.8337e-01 +1.5615e+00 -4.6925e-01
656 0 +6.057063176e+01 +9.456063176e+01 +9.456063176e+01 +2.2335e+00 +2.8156e-01 -1.4804e+00 -2.3598e+00 +7.6128e-01 -1.2957e+00 +1.8872e+00 -1.8637e+00 +1.0948e+00 -1.5232e+00
803 0 +5.413640439e+01 +8.812640439e+01 +8.812640439e+01 +1.1068e+00 +1.2993e+00 -9.8887e-01 -1.1727e+00 +1.1690e+00 -1.2943e+00 +7.1170e-01 -1.2186e+00 +1.2816e+00 -1.3971e+00
1946 0 +5.204162833e+01 +8.603162833e+01 +8.603162833e+01 +1.3309e+00 +1.4120e+00 -7.8877e-01 -1.2584e+00 +1.4191e+00 -1.8194e+00 +1.3523e+00 -1.6101e+00 +4.0325e-01 -5.6818e-01
2326 0 +4.694039718e+01 +8.093039718e+01 +8.093039718e+01 +1.3604e+00 +1.4059e+00 -1.5687e+00 -1.3758e+00 +7.4556e-01 -1.9136e+00 +2.1056e+00 -1.8953e+00 +1.3205e+00 -1.7768e+00
% f evaluations | g evaluations | best noise-free fitness - Fopt (-1.000000000000e+03) + sum g_i+ | measured fitness | best measured fitness or single-digit g-values | x1 | x2...
1 0 +2.174451937e+02 -7.825548063e+02 -7.825548063e+02 +5.9671e-01 -3.8264e-02 +7.4769e-01 +1.6230e+00 -1.3415e-01 -1.3414e-01 +1.6792e+00 +8.6743e-01 -3.6947e-01 +6.4256e-01
2 0 +1.920889044e+02 -8.079110956e+02 -8.079110956e+02 -3.6342e-01 -3.6573e-01 +3.4196e-01 -1.8133e+00 -1.6249e+00 -4.6229e-01 -9.1283e-01 +4.1425e-01 -8.0802e-01 -1.3123e+00
4 0 +1.296413628e+02 -8.703586372e+02 -8.703586372e+02 -5.0171e-01 +1.9523e+00 +8.6503e-02 -9.5771e-01 +9.2254e-01 -1.1208e+00 +3.0886e-01 -1.8597e+00 -1.2282e+00 +2.9686e-01
6 0 +1.276054200e+02 -8.723945800e+02 -8.723945800e+02 +4.2408e-01 -2.8508e-01 -5.7692e-01 +7.1168e-01 +1.1310e+00 +1.0313e+00 -7.3922e-01 -2.0921e-01 +4.3126e-01 +1.0755e+00
29 0 +1.108683436e+02 -8.891316564e+02 -8.891316564e+02 +2.1352e-01 +7.6213e-01 +1.6860e+00 -1.1378e+00 +2.2330e+00 -1.8521e+00 -5.1785e-02 +6.8832e-01 +3.8099e-01 -5.2270e-01
39 0 +9.416351412e+01 -9.058364859e+02 -9.058364859e+02 -7.3972e-01 -4.9939e-01 -2.0239e+00 -4.2576e-01 -6.5913e-01 +2.5039e-01 +4.4176e-01 +1.9762e+00 +1.0504e+00 -4.7690e-01
90 0 +9.322840664e+01 -9.067715934e+02 -9.067715934e+02 +1.2619e+00 +9.6102e-01 +1.1592e-01 -5.0171e-01 +1.2340e+00 -1.4494e+00 +6.6327e-01 -1.9929e-02 -1.2833e+00 -6.5811e-01
152 0 +8.062610732e+01 -9.193738927e+02 -9.193738927e+02 +1.6154e+00 +4.3917e-01 +1.5902e+00 -1.1115e-02 +4.7268e-02 -1.1166e+00 +1.7052e+00 -1.0453e+00 -2.9090e+00 -1.3155e-01
157 0 +7.627969925e+01 -9.237203008e+02 -9.237203008e+02 +5.0029e-01 -7.3838e-02 +1.6718e+00 -2.3220e+00 +7.6421e-01 -1.9257e+00 +2.4109e-01 -1.7710e+00 -3.8977e-01 -2.5317e+00
409 0 +5.463743637e+01 -9.453625636e+02 -9.453625636e+02 +1.8949e+00 +1.6991e+00 +1.4411e+00 -3.1033e-01 +1.3302e+00 -1.0084e+00 +2.1836e+00 -8.1999e-01 -2.3387e+00 -1.6367e+00
568 0 +5.108072053e+01 -9.489192795e+02 -9.489192795e+02 +2.0618e+00 +5.2987e-01 +1.3746e+00 -1.4244e+00 +1.2738e+00 -1.3479e+00 +1.9660e+00 -7.1838e-01 -1.4218e+00 -1.5846e+00
1226 0 +4.324536198e+01 -9.567546380e+02 -9.567546380e+02 +1.6467e+00 +8.1015e-01 +1.0230e+00 -1.0812e+00 +1.1814e+00 -1.1394e+00 +1.2299e+00 -1.1590e+00 -1.1366e+00 -1.2148e+00
1990 0 +4.146500685e+01 -9.585349932e+02 -9.585349932e+02 +1.6081e+00 +1.3815e+00 +8.5593e-01 -1.2888e+00 +1.5673e+00 -1.2812e+00 +1.3002e+00 -1.2007e+00 -1.3102e+00 -1.1547e+00
