% f evaluations | g evaluations | best noise-free fitness - Fopt (-9.210000000000e+00) + sum g_i+ | measured fitness | best measured fitness or single-digit g-values | x1 | x2...
1 0 +5.478592886e+01 +4.557592886e+01 +4.557592886e+01 +5.9671e-01 -3.8264e-02
2 0 +3.802201290e+01 +2.881201290e+01 +2.881201290e+01 +7.4769e-01 +1.6230e+00
11 0 +1.234073653e+01 +3.130736534e+00 +3.130736534e+00 +2.9752e+00 +3.9684e+00
21 0 +8.189651749e+00 -1.020348251e+00 -1.020348251e+00 +1.2967e-01 +4.6681e+00
31 0 +3.507182174e+00 -5.702817826e+00 -5.702817826e+00 +4.1019e+00 +4.7391e+00
61 0 +1.377176991e+00 -7.832823009e+00 -7.832823009e+00 +4.4547e+00 +4.9168e+00
91 0 +8.782226872e-01 -8.331777313e+00 -8.331777313e+00 +4.3845e+00 +4.9737e+00
121 0 +7.832341253e-01 -8.426765875e+00 -8.426765875e+00 +4.4701e+00 +4.9747e+00
141 0 +6.286255655e-01 -8.581374435e+00 -8.581374435e+00 +4.9503e+00 +4.9421e+00
172 0 +6.224980630e-01 -8.587501937e+00 -8.587501937e+00 +4.7019e+00 +4.9676e+00
173 0 +4.277473611e-01 -8.782252639e+00 -8.782252639e+00 +4.6788e+00 +4.9893e+00
201 0 +1.077421494e-01 -9.102257851e+00 -9.102257851e+00 +4.9565e+00 +4.9936e+00
247 0 +4.375519023e-02 -9.166244810e+00 -9.166244810e+00 +4.9764e+00 +4.9980e+00
351 0 +3.026533896e-02 -9.179734661e+00 -9.179734661e+00 +4.9735e+00 +4.9996e+00
365 0 +2.491661203e-02 -9.185083388e+00 -9.185083388e+00 +4.9897e+00 +4.9985e+00
391 0 +2.265853044e-02 -9.187341470e+00 -9.187341470e+00 +4.9850e+00 +4.9992e+00
419 0 +2.229686691e-02 -9.187703133e+00 -9.187703133e+00 +4.9790e+00 +4.9999e+00
426 0 +1.707320454e-02 -9.192926795e+00 -9.192926795e+00 +4.9994e+00 +4.9983e+00
441 0 +1.660683765e-02 -9.193393162e+00 -9.193393162e+00 +4.9934e+00 +4.9990e+00
447 0 +1.649671003e-02 -9.193503290e+00 -9.193503290e+00 +4.9840e+00 +4.9999e+00
450 0 +1.439676878e-02 -9.195603231e+00 -9.195603231e+00 +4.9964e+00 +4.9989e+00
451 0 +6.871666164e-03 -9.203128334e+00 -9.203128334e+00 +4.9979e+00 +4.9995e+00
461 0 +6.011939903e-03 -9.203988060e+00 -9.203988060e+00 +4.9986e+00 +4.9995e+00
483 0 +3.295181560e-03 -9.206704818e+00 -9.206704818e+00 +4.9993e+00 +4.9997e+00
489 0 +2.518145689e-03 -9.207481854e+00 -9.207481854e+00 +4.9991e+00 +4.9998e+00
496 0 +1.596983501e-03 -9.208403016e+00 -9.208403016e+00 +4.9996e+00 +4.9999e+00
% f evaluations | g evaluations | best noise-free fitness - Fopt (6.559900000000e+02) + sum g_i+ | measured fitness | best measured fitness or single-digit g-values | x1 | x2...
1 0 +5.402064284e+01 +7.100106428e+02 +7.100106428e+02 +5.9671e-01 -3.8264e-02
3 0 +5.379278381e+01 +7.097827838e+02 +7.097827838e+02 -1.3415e-01 -1.3414e-01
6 0 +5.170612016e+01 +7.076961202e+02 +7.076961202e+02 -3.6342e-01 -3.6573e-01
7 0 +3.652523528e+01 +6.925152353e+02 +6.925152353e+02 +3.4196e-01 -1.8133e+00
11 0 +1.604787544e+01 +6.720378754e+02 +6.720378754e+02 +7.1269e-01 -3.8239e+00
21 0 +8.342838397e+00 +6.643328384e+02 +6.643328384e+02 +8.6239e-01 -4.5795e+00
51 0 +6.325642121e+00 +6.623156421e+02 +6.623156421e+02 -4.3800e-02 -4.8718e+00
81 0 +5.405351543e+00 +6.613953515e+02 +6.613953515e+02 +6.9916e-01 -4.8895e+00
82 0 +5.123468647e+00 +6.611134686e+02 +6.611134686e+02 +3.2831e-01 -4.9548e+00
91 0 +4.634550572e+00 +6.606245506e+02 +6.606245506e+02 +3.6682e-01 -4.9999e+00
214 0 +4.599514582e+00 +6.605895146e+02 +6.605895146e+02 +4.7198e-01 -4.9929e+00
234 0 +4.593747932e+00 +6.605837479e+02 +6.605837479e+02 +4.2594e-01 -4.9980e+00
235 0 +4.589085708e+00 +6.605790857e+02 +6.605790857e+02 +4.1308e-01 -4.9998e+00
273 0 +4.526929237e+00 +6.605169292e+02 +6.605169292e+02 +4.8888e-01 -4.9984e+00
277 0 +4.484965251e+00 +6.604749653e+02 +6.604749653e+02 +5.5115e-01 -4.9964e+00
312 0 +4.426490702e+00 +6.604164907e+02 +6.604164907e+02 +6.2281e-01 -4.9951e+00
332 0 +4.323403051e+00 +6.603134031e+02 +6.603134031e+02 +9.5462e-01 -4.9722e+00
336 0 +4.250363815e+00 +6.602403638e+02 +6.602403638e+02 +1.0257e+00 -4.9724e+00
340 0 +4.152223258e+00 +6.601422233e+02 +6.601422233e+02 +1.1605e+00 -4.9687e+00
342 0 +3.961589141e+00 +6.599515891e+02 +6.599515891e+02 +1.2701e+00 -4.9768e+00
346 0 +3.576390736e+00 +6.595663907e+02 +6.595663907e+02 +1.6152e+00 -4.9808e+00
362 0 +3.522744050e+00 +6.595127440e+02 +6.595127440e+02 +2.2618e+00 -4.9215e+00
365 0 +3.280705309e+00 +6.592707053e+02 +6.592707053e+02 +1.8274e+00 -4.9892e+00
371 0 +2.025756174e+00 +6.580157562e+02 +6.580157562e+02 +4.4419e+00 -4.8532e+00
381 0 +7.965127012e-01 +6.567865127e+02 +6.567865127e+02 +4.3518e+00 -4.9852e+00
408 0 +7.747769977e-01 +6.567647770e+02 +6.567647770e+02 +4.6988e+00 -4.9526e+00
422 0 +3.600193453e-01 +6.563500193e+02 +6.563500193e+02 +4.7382e+00 -4.9902e+00
431 0 +3.586237409e-01 +6.563486237e+02 +6.563486237e+02 +4.6880e+00 -4.9953e+00
439 0 +2.694475857e-01 +6.562594476e+02 +6.562594476e+02 +4.8879e+00 -4.9843e+00
449 0 +2.405574501e-01 +6.562305575e+02 +6.562305575e+02 +4.8703e+00 -4.9889e+00
458 0 +1.286016849e-01 +6.561186017e+02 +6.561186017e+02 +4.9757e+00 -4.9896e+00
470 0 +1.205662005e-01 +6.561105662e+02 +6.561105662e+02 +4.9311e+00 -4.9948e+00
472 0 +1.163520017e-01 +6.561063520e+02 +6.561063520e+02 +4.9561e+00 -4.9928e+00
495 0 +9.799645383e-02 +6.560879965e+02 +6.560879965e+02 +4.9713e+00 -4.9931e+00
% f evaluations | g evaluations | best noise-free fitness - Fopt (6.671000000000e+01) + sum g_i+ | measured fitness | best measured fitness or single-digit g-values | x1 | x2...
1 0 +5.521407114e+01 +1.219240711e+02 +1.219240711e+02 +5.9671e-01 -3.8264e-02
3 0 +5.352447706e+01 +1.202344771e+02 +1.202344771e+02 -1.3415e-01 -1.3414e-01
6 0 +5.097928477e+01 +1.176892848e+02 +1.176892848e+02 -3.6342e-01 -3.6573e-01
7 0 +3.720915982e+01 +1.039191598e+02 +1.039191598e+02 +3.4196e-01 -1.8133e+00
11 0 +1.591826641e+01 +8.262826641e+01 +8.262826641e+01 +4.8888e-01 -3.9571e+00
21 0 +6.305270221e+00 +7.301527022e+01 +7.301527022e+01 -9.8516e-01 -4.7710e+00
31 0 +4.001169292e+00 +7.071116929e+01 +7.071116929e+01 -2.8089e+00 -4.8190e+00
41 0 +1.802678999e+00 +6.851267900e+01 +6.851267900e+01 -4.5246e+00 -4.8673e+00
81 0 +1.378128209e+00 +6.808812821e+01 +6.808812821e+01 -4.7153e+00 -4.8907e+00
101 0 +4.630592322e-01 +6.717305923e+01 +6.717305923e+01 -4.6749e+00 -4.9862e+00
131 0 +2.975681374e-01 +6.700756814e+01 +6.700756814e+01 -4.8557e+00 -4.9847e+00
201 0 +1.177954234e-01 +6.682779542e+01 +6.682779542e+01 -4.9754e+00 -4.9907e+00
242 0 +5.476348185e-02 +6.676476348e+01 +6.676476348e+01 -4.9682e+00 -4.9977e+00
287 0 +5.414569209e-02 +6.676414569e+01 +6.676414569e+01 -4.9623e+00 -4.9984e+00
308 0 +4.711605686e-02 +6.675711606e+01 +6.675711606e+01 -4.9925e+00 -4.9960e+00
347 0 +4.499553491e-02 +6.675499553e+01 +6.675499553e+01 -4.9728e+00 -4.9982e+00
382 0 +3.720907675e-02 +6.674720908e+01 +6.674720908e+01 -4.9721e+00 -4.9991e+00
383 0 +3.717160349e-02 +6.674717160e+01 +6.674717160e+01 -4.9706e+00 -4.9992e+00
391 0 +3.442845007e-02 +6.674442845e+01 +6.674442845e+01 -4.9768e+00 -4.9989e+00
395 0 +1.235429857e-02 +6.672235430e+01 +6.672235430e+01 -4.9968e+00 -4.9991e+00
400 0 +9.160768029e-03 +6.671916077e+01 +6.671916077e+01 -4.9929e+00 -4.9998e+00
425 0 +7.395965198e-03 +6.671739597e+01 +6.671739597e+01 -4.9931e+00 -5.0000e+00
439 0 +7.365011598e-03 +6.671736501e+01 +6.671736501e+01 -4.9931e+00 -5.0000e+00
441 0 +7.069658173e-03 +6.671706966e+01 +6.671706966e+01 -4.9960e+00 -4.9997e+00
442 0 +6.604605770e-03 +6.671660461e+01 +6.671660461e+01 -4.9967e+00 -4.9997e+00
455 0 +4.035431062e-03 +6.671403543e+01 +6.671403543e+01 -4.9990e+00 -4.9997e+00
462 0 +3.918171882e-03 +6.671391817e+01 +6.671391817e+01 -4.9996e+00 -4.9997e+00
465 0 +3.431215084e-03 +6.671343122e+01 +6.671343122e+01 -4.9988e+00 -4.9998e+00
472 0 +3.056803382e-03 +6.671305680e+01 +6.671305680e+01 -4.9973e+00 -5.0000e+00
474 0 +2.550465442e-03 +6.671255047e+01 +6.671255047e+01 -4.9998e+00 -4.9998e+00
482 0 +1.736513738e-03 +6.671173651e+01 +6.671173651e+01 -4.9996e+00 -4.9999e+00
483 0 +1.165795588e-03 +6.671116580e+01 +6.671116580e+01 -5.0000e+00 -4.9999e+00
489 0 +1.124188741e-03 +6.671112419e+01 +6.671112419e+01 -4.9998e+00 -4.9999e+00
% f evaluations | g evaluations | best noise-free fitness - Fopt (9.416700000000e+02) + sum g_i+ | measured fitness | best measured fitness or single-digit g-values | x1 | x2...
1 0 +5.521407114e+01 +9.968840711e+02 +9.968840711e+02 +5.9671e-01 -3.8264e-02
3 0 +5.352447706e+01 +9.951944771e+02 +9.951944771e+02 -1.3415e-01 -1.3414e-01
6 0 +5.097928477e+01 +9.926492848e+02 +9.926492848e+02 -3.6342e-01 -3.6573e-01
7 0 +3.720915982e+01 +9.788791598e+02 +9.788791598e+02 +3.4196e-01 -1.8133e+00
11 0 +1.591826641e+01 +9.575882664e+02 +9.575882664e+02 +4.8888e-01 -3.9571e+00
21 0 +6.305270221e+00 +9.479752702e+02 +9.479752702e+02 -9.8516e-01 -4.7710e+00
31 0 +4.001169292e+00 +9.456711693e+02 +9.456711693e+02 -2.8089e+00 -4.8190e+00
41 0 +1.802678999e+00 +9.434726790e+02 +9.434726790e+02 -4.5246e+00 -4.8673e+00
61 0 +8.606942640e-01 +9.425306943e+02 +9.425306943e+02 -4.3980e+00 -4.9741e+00
181 0 +8.470208475e-01 +9.425170208e+02 +9.425170208e+02 -4.2552e+00 -4.9898e+00
221 0 +7.468522700e-01 +9.424168523e+02 +9.424168523e+02 -4.7451e+00 -4.9508e+00
222 0 +4.737868547e-01 +9.421437869e+02 +9.421437869e+02 -4.6285e+00 -4.9898e+00
242 0 +4.589203640e-01 +9.421289204e+02 +9.421289204e+02 -4.6635e+00 -4.9878e+00
246 0 +4.383049470e-01 +9.421083049e+02 +9.421083049e+02 -4.9339e+00 -4.9628e+00
258 0 +1.625845590e-01 +9.418325846e+02 +9.418325846e+02 -4.9078e+00 -4.9930e+00
313 0 +7.634228313e-02 +9.417463423e+02 +9.417463423e+02 -4.9675e+00 -4.9956e+00
333 0 +7.416294041e-02 +9.417441629e+02 +9.417441629e+02 -4.9734e+00 -4.9952e+00
355 0 +7.082855971e-02 +9.417408286e+02 +9.417408286e+02 -4.9933e+00 -4.9936e+00
363 0 +4.406604025e-02 +9.417140660e+02 +9.417140660e+02 -4.9773e+00 -4.9979e+00
389 0 +2.969182943e-02 +9.416996918e+02 +9.416996918e+02 -4.9824e+00 -4.9988e+00
402 0 +2.748288684e-02 +9.416974829e+02 +9.416974829e+02 -4.9777e+00 -4.9995e+00
408 0 +2.606607158e-02 +9.416960661e+02 +9.416960661e+02 -4.9935e+00 -4.9980e+00
412 0 +2.538159847e-02 +9.416953816e+02 +9.416953816e+02 -4.9938e+00 -4.9981e+00
431 0 +2.429498950e-02 +9.416942950e+02 +9.416942950e+02 -4.9852e+00 -4.9990e+00
432 0 +1.613949283e-02 +9.416861395e+02 +9.416861395e+02 -4.9929e+00 -4.9991e+00
434 0 +1.479181577e-02 +9.416847918e+02 +9.416847918e+02 -4.9911e+00 -4.9994e+00
441 0 +1.322988681e-02 +9.416832299e+02 +9.416832299e+02 -4.9998e+00 -4.9987e+00
442 0 +1.079544793e-02 +9.416807954e+02 +9.416807954e+02 -4.9922e+00 -4.9997e+00
451 0 +9.369573514e-03 +9.416793696e+02 +9.416793696e+02 -4.9933e+00 -4.9997e+00
471 0 +8.469590610e-03 +9.416784696e+02 +9.416784696e+02 -4.9948e+00 -4.9997e+00
473 0 +7.695599534e-03 +9.416776956e+02 +9.416776956e+02 -4.9926e+00 -5.0000e+00
487 0 +5.746374609e-03 +9.416757464e+02 +9.416757464e+02 -4.9970e+00 -4.9997e+00
495 0 +4.552662865e-03 +9.416745527e+02 +9.416745527e+02 -4.9983e+00 -4.9997e+00
% f evaluations | g evaluations | best noise-free fitness - Fopt (-3.745000000000e+01) + sum g_i+ | measured fitness | best measured fitness or single-digit g-values | x1 | x2...
1 0 +5.478592886e+01 +1.733592886e+01 +1.733592886e+01 +5.9671e-01 -3.8264e-02
2 0 +3.802201290e+01 +5.720128978e-01 +5.720128978e-01 +7.4769e-01 +1.6230e+00
11 0 +1.234073653e+01 -2.510926347e+01 -2.510926347e+01 +2.9752e+00 +3.9684e+00
25 0 +9.023154737e+00 -2.842684526e+01 -2.842684526e+01 +2.8361e+00 +4.3141e+00
28 0 +8.189651749e+00 -2.926034825e+01 -2.926034825e+01 +1.2967e-01 +4.6681e+00
31 0 +2.399328124e+00 -3.505067188e+01 -3.505067188e+01 +3.3587e+00 +4.9242e+00
61 0 +2.095763484e+00 -3.535423652e+01 -3.535423652e+01 +3.2510e+00 +4.9653e+00
101 0 +1.853240421e+00 -3.559675958e+01 -3.559675958e+01 +3.1506e+00 +4.9996e+00
133 0 +1.663994548e+00 -3.578600545e+01 -3.578600545e+01 +3.4349e+00 +4.9901e+00
165 0 +9.298430150e-01 -3.652015698e+01 -3.652015698e+01 +4.0729e+00 +4.9997e+00
172 0 +8.660590943e-01 -3.658394091e+01 -3.658394091e+01 +4.5769e+00 +4.9557e+00
192 0 +6.067480861e-01 -3.684325191e+01 -3.684325191e+01 +4.7115e+00 +4.9682e+00
341 0 +5.087538908e-01 -3.694124611e+01 -3.694124611e+01 +4.7239e+00 +4.9767e+00
351 0 +2.774610965e-01 -3.717253890e+01 -3.717253890e+01 +4.8462e+00 +4.9876e+00
401 0 +2.513981562e-01 -3.719860184e+01 -3.719860184e+01 +4.9081e+00 +4.9841e+00
418 0 +2.234706770e-01 -3.722652932e+01 -3.722652932e+01 +4.9528e+00 +4.9824e+00
421 0 +2.108601323e-01 -3.723913987e+01 -3.723913987e+01 +4.9258e+00 +4.9863e+00
424 0 +1.056332458e-01 -3.734436675e+01 -3.734436675e+01 +4.9604e+00 +4.9934e+00
435 0 +1.029128744e-01 -3.734708713e+01 -3.734708713e+01 +4.9775e+00 +4.9920e+00
443 0 +8.342088802e-02 -3.736657911e+01 -3.736657911e+01 +4.9773e+00 +4.9939e+00
% f evaluations | g evaluations | best noise-free fitness - Fopt (-6.639000000000e+01) + sum g_i+ | measured fitness | best measured fitness or single-digit g-values | x1 | x2...
1 0 +5.597935716e+01 -1.041064284e+01 -1.041064284e+01 +5.9671e-01 -3.8264e-02
2 0 +3.951738997e+01 -2.687261003e+01 -2.687261003e+01 +7.4769e-01 +1.6230e+00
11 0 +1.821222908e+01 -4.817777092e+01 -4.817777092e+01 +1.8708e+00 +3.8659e+00
21 0 +1.015881783e+01 -5.623118217e+01 -5.623118217e+01 +4.8962e+00 +4.9737e+00
31 0 +5.896065513e+00 -6.049393449e+01 -6.049393449e+01 +8.1399e-02 +4.9185e+00
71 0 +3.479667259e+00 -6.291033274e+01 -6.291033274e+01 -2.2811e+00 +4.9239e+00
112 0 +2.834548462e+00 -6.355545154e+01 -6.355545154e+01 -2.2077e+00 +4.9958e+00
143 0 +2.693015774e+00 -6.369698423e+01 -6.369698423e+01 -2.7495e+00 +4.9558e+00
262 0 +2.654721896e+00 -6.373527810e+01 -6.373527810e+01 -2.9775e+00 +4.9368e+00
266 0 +2.378885345e+00 -6.401111465e+01 -6.401111465e+01 -2.6357e+00 +4.9985e+00
292 0 +2.286670178e+00 -6.410332982e+01 -6.410332982e+01 -2.7375e+00 +4.9976e+00
400 0 +2.253685967e+00 -6.413631403e+01 -6.413631403e+01 -2.7604e+00 +4.9986e+00
427 0 +2.222481423e+00 -6.416751858e+01 -6.416751858e+01 -2.8475e+00 +4.9930e+00
434 0 +2.202738684e+00 -6.418726132e+01 -6.418726132e+01 -2.9396e+00 +4.9858e+00
443 0 +2.202235337e+00 -6.418776466e+01 -6.418776466e+01 -3.0325e+00 +4.9765e+00
448 0 +2.119495159e+00 -6.427050484e+01 -6.427050484e+01 -3.0754e+00 +4.9805e+00
452 0 +2.072721576e+00 -6.431727842e+01 -6.431727842e+01 -3.0788e+00 +4.9848e+00
455 0 +2.006687278e+00 -6.438331272e+01 -6.438331272e+01 -3.2803e+00 +4.9713e+00
463 0 +1.953879624e+00 -6.443612038e+01 -6.443612038e+01 -3.0570e+00 +4.9989e+00
469 0 +1.936439379e+00 -6.445356062e+01 -6.445356062e+01 -3.2108e+00 +4.9853e+00
470 0 +1.820271827e+00 -6.456972817e+01 -6.456972817e+01 -3.2135e+00 +4.9966e+00
475 0 +1.624823826e+00 -6.476517617e+01 -6.476517617e+01 -3.8699e+00 +4.9505e+00
484 0 +1.341611746e+00 -6.504838825e+01 -6.504838825e+01 -4.6472e+00 +4.9011e+00
486 0 +1.335926123e+00 -6.505407388e+01 -6.505407388e+01 -4.4779e+00 +4.9186e+00
488 0 +1.127167767e+00 -6.526283223e+01 -6.526283223e+01 -4.3049e+00 +4.9568e+00
491 0 +9.770043800e-01 -6.541299562e+01 -6.541299562e+01 -4.9824e+00 +4.9041e+00
492 0 +5.843893640e-01 -6.580561064e+01 -6.580561064e+01 -4.9408e+00 +4.9475e+00
494 0 +4.880210202e-01 -6.590197898e+01 -6.590197898e+01 -4.8312e+00 +4.9681e+00
% f evaluations | g evaluations | best noise-free fitness - Fopt (-2.260100000000e+02) + sum g_i+ | measured fitness | best measured fitness or single-digit g-values | x1 | x2...
1 0 +5.597935716e+01 -1.700306428e+02 -1.700306428e+02 +5.9671e-01 -3.8264e-02
2 0 +3.951738997e+01 -1.864926100e+02 -1.864926100e+02 +7.4769e-01 +1.6230e+00
11 0 +1.821222908e+01 -2.077977709e+02 -2.077977709e+02 +1.8708e+00 +3.8659e+00
21 0 +1.015881783e+01 -2.158511822e+02 -2.158511822e+02 +4.8962e+00 +4.9737e+00
31 0 +5.896065513e+00 -2.201139345e+02 -2.201139345e+02 +8.1399e-02 +4.9185e+00
61 0 +5.873108296e+00 -2.201368917e+02 -2.201368917e+02 -8.9085e-01 +4.8236e+00
71 0 +3.935271664e+00 -2.220747283e+02 -2.220747283e+02 -2.8195e+00 +4.8245e+00
111 0 +2.682938888e+00 -2.233270611e+02 -2.233270611e+02 -3.3774e+00 +4.8940e+00
122 0 +2.413965903e+00 -2.235960341e+02 -2.235960341e+02 -2.8651e+00 +4.9721e+00
141 0 +2.272869542e+00 -2.237371305e+02 -2.237371305e+02 -3.6203e+00 +4.9107e+00
142 0 +1.481910983e+00 -2.245280890e+02 -2.245280890e+02 -3.5654e+00 +4.9953e+00
151 0 +1.358484902e+00 -2.246515151e+02 -2.246515151e+02 -3.8013e+00 +4.9840e+00
161 0 +1.352786649e+00 -2.246572134e+02 -2.246572134e+02 -4.7219e+00 +4.8925e+00
176 0 +4.272237798e-01 -2.255827762e+02 -2.255827762e+02 -4.6286e+00 +4.9944e+00
407 0 +4.258553044e-01 -2.255841447e+02 -2.255841447e+02 -4.5808e+00 +4.9993e+00
411 0 +2.514960780e-01 -2.257585039e+02 -2.257585039e+02 -4.9419e+00 +4.9807e+00
413 0 +1.921708016e-01 -2.258178292e+02 -2.258178292e+02 -4.9532e+00 +4.9855e+00
414 0 +1.443390457e-01 -2.258656610e+02 -2.258656610e+02 -4.8606e+00 +4.9995e+00
430 0 +8.331570509e-02 -2.259266843e+02 -2.259266843e+02 -4.9664e+00 +4.9950e+00
431 0 +4.769633689e-02 -2.259623037e+02 -2.259623037e+02 -4.9831e+00 +4.9969e+00
441 0 +3.448623415e-02 -2.259755138e+02 -2.259755138e+02 -4.9683e+00 +4.9997e+00
% f evaluations | g evaluations | best noise-free fitness - Fopt (1.000000000000e+03) + sum g_i+ | measured fitness | best measured fitness or single-digit g-values | x1 | x2...
1 0 +5.597935716e+01 +1.055979357e+03 +1.055979357e+03 +5.9671e-01 -3.8264e-02
2 0 +3.951738997e+01 +1.039517390e+03 +1.039517390e+03 +7.4769e-01 +1.6230e+00
11 0 +1.821222908e+01 +1.018212229e+03 +1.018212229e+03 +1.8708e+00 +3.8659e+00
21 0 +1.015881783e+01 +1.010158818e+03 +1.010158818e+03 +4.8962e+00 +4.9737e+00
31 0 +5.896065513e+00 +1.005896066e+03 +1.005896066e+03 +8.1399e-02 +4.9185e+00
61 0 +5.873108296e+00 +1.005873108e+03 +1.005873108e+03 -8.9085e-01 +4.8236e+00
71 0 +3.935271664e+00 +1.003935272e+03 +1.003935272e+03 -2.8195e+00 +4.8245e+00
111 0 +2.682938888e+00 +1.002682939e+03 +1.002682939e+03 -3.3774e+00 +4.8940e+00
122 0 +2.413965903e+00 +1.002413966e+03 +1.002413966e+03 -2.8651e+00 +4.9721e+00
141 0 +2.272869542e+00 +1.002272870e+03 +1.002272870e+03 -3.6203e+00 +4.9107e+00
142 0 +1.481910983e+00 +1.001481911e+03 +1.001481911e+03 -3.5654e+00 +4.9953e+00
151 0 +1.358484902e+00 +1.001358485e+03 +1.001358485e+03 -3.8013e+00 +4.9840e+00
161 0 +1.352786649e+00 +1.001352787e+03 +1.001352787e+03 -4.7219e+00 +4.8925e+00
176 0 +4.272237798e-01 +1.000427224e+03 +1.000427224e+03 -4.6286e+00 +4.9944e+00
401 0 +3.526610195e-01 +1.000352661e+03 +1.000352661e+03 -4.9993e+00 +4.9648e+00
402 0 +2.560743152e-01 +1.000256074e+03 +1.000256074e+03 -4.9896e+00 +4.9754e+00
403 0 +1.862621853e-01 +1.000186262e+03 +1.000186262e+03 -4.9733e+00 +4.9840e+00
454 0 +1.553577786e-01 +1.000155358e+03 +1.000155358e+03 -4.9351e+00 +4.9910e+00
468 0 +8.255001399e-02 +1.000082550e+03 +1.000082550e+03 -4.9465e+00 +4.9971e+00
% f evaluations | g evaluations | best noise-free fitness - Fopt (-1.830200000000e+02) + sum g_i+ | measured fitness | best measured fitness or single-digit g-values | x1 | x2...
1 0 +5.402064284e+01 -1.289993572e+02 -1.289993572e+02 +5.9671e-01 -3.8264e-02
3 0 +5.379278381e+01 -1.292272162e+02 -1.292272162e+02 -1.3415e-01 -1.3414e-01
6 0 +5.170612016e+01 -1.313138798e+02 -1.313138798e+02 -3.6342e-01 -3.6573e-01
7 0 +3.652523528e+01 -1.464947647e+02 -1.464947647e+02 +3.4196e-01 -1.8133e+00
11 0 +1.604787544e+01 -1.669721246e+02 -1.669721246e+02 +7.1269e-01 -3.8239e+00
21 0 +8.342838397e+00 -1.746771616e+02 -1.746771616e+02 +8.6239e-01 -4.5795e+00
51 0 +6.325642121e+00 -1.766943579e+02 -1.766943579e+02 -4.3800e-02 -4.8718e+00
81 0 +5.405351543e+00 -1.776146485e+02 -1.776146485e+02 +6.9916e-01 -4.8895e+00
82 0 +5.123468647e+00 -1.778965314e+02 -1.778965314e+02 +3.2831e-01 -4.9548e+00
91 0 +4.634550572e+00 -1.783854494e+02 -1.783854494e+02 +3.6682e-01 -4.9999e+00
248 0 +4.626967423e+00 -1.783930326e+02 -1.783930326e+02 +6.4062e-01 -4.9732e+00
271 0 +4.503592196e+00 -1.785164078e+02 -1.785164078e+02 +1.5396e+00 -4.8957e+00
272 0 +4.019563268e+00 -1.790004367e+02 -1.790004367e+02 +1.4156e+00 -4.9565e+00
281 0 +2.152302043e+00 -1.808676980e+02 -1.808676980e+02 +2.8987e+00 -4.9949e+00
298 0 +1.915854677e+00 -1.811041453e+02 -1.811041453e+02 +3.1959e+00 -4.9888e+00
342 0 +1.802923223e+00 -1.812170768e+02 -1.812170768e+02 +3.3519e+00 -4.9845e+00
351 0 +7.148842512e-01 -1.823051157e+02 -1.823051157e+02 +4.9317e+00 -4.9353e+00
352 0 +6.544331475e-01 -1.823655669e+02 -1.823655669e+02 +4.6901e+00 -4.9655e+00
362 0 +5.586722400e-01 -1.824613278e+02 -1.824613278e+02 +4.6136e+00 -4.9828e+00
375 0 +1.229252726e-01 -1.828970747e+02 -1.828970747e+02 +4.9744e+00 -4.9903e+00
432 0 +3.727284579e-02 -1.829827272e+02 -1.829827272e+02 +4.9658e+00 -4.9997e+00
483 0 +2.840963937e-02 -1.829915904e+02 -1.829915904e+02 +4.9829e+00 -4.9989e+00
496 0 +1.841203716e-02 -1.830015880e+02 -1.830015880e+02 +4.9875e+00 -4.9994e+00
% f evaluations | g evaluations | best noise-free fitness - Fopt (-1.026200000000e+02) + sum g_i+ | measured fitness | best measured fitness or single-digit g-values | x1 | x2...
1 0 +5.521407114e+01 -4.740592886e+01 -4.740592886e+01 +5.9671e-01 -3.8264e-02
3 0 +5.352447706e+01 -4.909552294e+01 -4.909552294e+01 -1.3415e-01 -1.3414e-01
6 0 +5.097928477e+01 -5.164071523e+01 -5.164071523e+01 -3.6342e-01 -3.6573e-01
7 0 +3.720915982e+01 -6.541084018e+01 -6.541084018e+01 +3.4196e-01 -1.8133e+00
11 0 +1.591826641e+01 -8.670173359e+01 -8.670173359e+01 +4.8888e-01 -3.9571e+00
21 0 +6.305270221e+00 -9.631472978e+01 -9.631472978e+01 -9.8516e-01 -4.7710e+00
31 0 +4.001169292e+00 -9.861883071e+01 -9.861883071e+01 -2.8089e+00 -4.8190e+00
41 0 +1.802678999e+00 -1.008173210e+02 -1.008173210e+02 -4.5246e+00 -4.8673e+00
81 0 +1.378128209e+00 -1.012418718e+02 -1.012418718e+02 -4.7153e+00 -4.8907e+00
101 0 +4.630592322e-01 -1.021569408e+02 -1.021569408e+02 -4.6749e+00 -4.9862e+00
131 0 +2.975681374e-01 -1.023224319e+02 -1.023224319e+02 -4.8557e+00 -4.9847e+00
162 0 +2.020925204e-01 -1.024179075e+02 -1.024179075e+02 -4.8562e+00 -4.9942e+00
360 0 +1.744983776e-01 -1.024455016e+02 -1.024455016e+02 -4.9062e+00 -4.9919e+00
379 0 +1.475569072e-01 -1.024724431e+02 -1.024724431e+02 -4.8847e+00 -4.9968e+00
384 0 +8.754299156e-02 -1.025324570e+02 -1.025324570e+02 -4.9210e+00 -4.9991e+00
391 0 +5.671883964e-02 -1.025632812e+02 -1.025632812e+02 -4.9655e+00 -4.9978e+00
444 0 +5.032983992e-02 -1.025696702e+02 -1.025696702e+02 -4.9688e+00 -4.9981e+00
456 0 +3.649062588e-02 -1.025835094e+02 -1.025835094e+02 -4.9911e+00 -4.9972e+00
