% f evaluations | g evaluations | best noise-free fitness - Fopt (-4.620900000000e+02) + sum g_i+ | measured fitness | best measured fitness or single-digit g-values | x1 | x2...
1 0 +1.099430392e+02 -3.521469608e+02 -3.521469608e+02 +5.9671e-01 -3.8264e-02 +7.4769e-01 +1.6230e+00 -1.3415e-01
11 0 +7.667186676e+01 -3.854181332e+02 -3.854181332e+02 +4.2408e-01 -2.8508e-01 -5.7692e-01 +7.1168e-01 +1.1310e+00
26 0 +7.295087794e+01 -3.891391221e+02 -3.891391221e+02 +8.8154e-01 +1.5513e+00 +5.4577e-01 +1.5975e+00 +1.1894e+00
27 0 +7.127946136e+01 -3.908105386e+02 -3.908105386e+02 +1.2830e+00 +7.6101e-01 +2.2812e-01 +1.0588e+00 +1.1203e+00
29 0 +6.669517168e+01 -3.953948283e+02 -3.953948283e+02 +4.6315e-02 +4.4201e-01 +1.3938e+00 +1.1972e+00 +1.6504e+00
36 0 +6.599708286e+01 -3.960929171e+02 -3.960929171e+02 +1.9070e-01 +7.2555e-02 -3.7337e-01 +1.6383e+00 +2.3605e+00
65 0 +6.304801405e+01 -3.990419859e+02 -3.990419859e+02 +1.3178e+00 -3.8102e-01 +1.4471e+00 +1.7493e-01 +1.9417e+00
91 0 +6.032050631e+01 -4.017694937e+02 -4.017694937e+02 +2.0704e-01 +2.2412e-02 +1.4658e+00 +2.2648e-01 +1.2550e+00
180 0 +2.640220226e+01 -4.356877977e+02 -4.356877977e+02 +1.3550e+00 +1.4876e+00 +6.0486e-01 -4.9615e-01 +1.9820e+00
403 0 +2.374188129e+01 -4.383481187e+02 -4.383481187e+02 +1.6868e+00 +2.3694e+00 +2.2129e+00 +6.6149e-01 +2.2996e+00
411 0 +2.148001142e+01 -4.406099886e+02 -4.406099886e+02 +2.0712e+00 +2.2440e+00 +2.1795e+00 +3.3750e-01 +2.0428e+00
514 0 +1.596460702e+01 -4.461253930e+02 -4.461253930e+02 +1.4481e+00 +2.2391e+00 +2.1724e+00 +3.3471e-01 +2.2252e+00
911 0 +1.238408765e+01 -4.497059124e+02 -4.497059124e+02 +1.2726e+00 +2.2708e+00 +1.6564e+00 +7.3423e-01 +1.9355e+00
