% f evaluations | g evaluations | best noise-free fitness - Fopt (7.948000000000e+01) + sum g_i+ | measured fitness | best measured fitness or single-digit g-values | x1 | x2...
1 0 +1.011270869e+01 +8.959270869e+01 +8.959270869e+01 +5.9671e-01 -3.8264e-02 +7.4769e-01 +1.6230e+00 -1.3415e-01
9 0 +9.106632127e+00 +8.858663213e+01 +8.858663213e+01 +8.3847e-01 +2.7137e-01 -1.5648e-02 -2.0110e-01 -1.3785e+00
10 0 +8.168478149e+00 +8.764847815e+01 +8.764847815e+01 -6.1984e-01 -3.6064e-01 +1.1571e+00 +4.4362e-01 -1.6630e+00
16 0 +6.167429177e+00 +8.564742918e+01 +8.564742918e+01 +9.2190e-01 +1.8705e-01 -1.9901e-01 +1.9176e-01 -1.8876e+00
27 0 +4.499136350e+00 +8.397913635e+01 +8.397913635e+01 +6.2735e-01 -1.6364e+00 +2.5453e-01 +2.4890e-01 -3.2786e+00
35 0 +4.225774941e+00 +8.370577494e+01 +8.370577494e+01 -3.6369e-01 -8.3278e-01 -5.5419e-01 +6.5907e-01 -1.2297e+00
49 0 +2.894041555e+00 +8.237404155e+01 +8.237404155e+01 -2.6509e-01 -3.0337e-01 +5.1529e-01 +1.8350e+00 -3.2752e+00
58 0 +1.445764082e+00 +8.092576408e+01 +8.092576408e+01 +6.0761e-01 -1.7666e+00 -3.1147e-01 +1.1396e+00 -3.0794e+00
197 0 +1.301189546e+00 +8.078118955e+01 +8.078118955e+01 +5.5343e-02 -1.0616e+00 -6.7349e-01 +2.0816e+00 -1.5733e+00
228 0 +1.219335534e+00 +8.069933553e+01 +8.069933553e+01 +4.9056e-01 -1.2330e+00 -8.4609e-01 +2.7534e+00 -2.0039e+00
238 0 +1.131608853e+00 +8.061160885e+01 +8.061160885e+01 -4.2551e-02 -1.1265e+00 -8.7081e-01 +9.8471e-01 -3.0484e+00
256 0 +7.251406439e-01 +8.020514064e+01 +8.020514064e+01 +1.5063e-01 -1.7994e+00 -1.2644e+00 +1.8302e+00 -2.6584e+00
316 0 +5.451579057e-01 +8.002515791e+01 +8.002515791e+01 +1.2977e-01 -1.2626e+00 -7.6357e-01 +2.6455e+00 -2.6945e+00
326 0 +3.997327016e-01 +7.987973270e+01 +7.987973270e+01 -4.8043e-02 -9.4504e-01 -8.2444e-01 +2.1568e+00 -2.2322e+00
349 0 +8.230323508e-02 +7.956230324e+01 +7.956230324e+01 +3.7819e-01 -1.1539e+00 -7.6191e-01 +1.8992e+00 -2.9346e+00
416 0 +2.140378128e-02 +7.950140378e+01 +7.950140378e+01 +2.6906e-01 -1.0739e+00 -8.0027e-01 +2.0007e+00 -2.7349e+00
494 0 +2.127111341e-02 +7.950127111e+01 +7.950127111e+01 +1.7908e-01 -1.2740e+00 -6.8796e-01 +1.9231e+00 -2.6525e+00
592 0 +7.148243593e-03 +7.948714824e+01 +7.948714824e+01 +3.2497e-01 -1.1315e+00 -7.5009e-01 +1.9016e+00 -2.6792e+00
758 0 +2.436221041e-03 +7.948243622e+01 +7.948243622e+01 +2.5747e-01 -1.1563e+00 -6.9158e-01 +1.9249e+00 -2.6439e+00
869 0 +2.186630725e-03 +7.948218663e+01 +7.948218663e+01 +2.4399e-01 -1.1909e+00 -7.3603e-01 +1.9452e+00 -2.6596e+00
888 0 +2.120148577e-03 +7.948212015e+01 +7.948212015e+01 +2.8800e-01 -1.1322e+00 -7.2632e-01 +1.9163e+00 -2.6938e+00
930 0 +1.018885993e-03 +7.948101889e+01 +7.948101889e+01 +2.2732e-01 -1.1721e+00 -7.2163e-01 +1.9334e+00 -2.6898e+00
962 0 +2.307390744e-04 +7.948023074e+01 +7.948023074e+01 +2.4114e-01 -1.1633e+00 -7.2743e-01 +1.9317e+00 -2.6842e+00
1085 0 +2.084936020e-04 +7.948020849e+01 +7.948020849e+01 +2.4441e-01 -1.1477e+00 -7.1782e-01 +1.9286e+00 -2.6774e+00
1087 0 +1.858881067e-04 +7.948018589e+01 +7.948018589e+01 +2.6468e-01 -1.1559e+00 -7.3021e-01 +1.9243e+00 -2.6818e+00
1093 0 +1.226945100e-04 +7.948012269e+01 +7.948012269e+01 +2.6021e-01 -1.1617e+00 -7.2393e-01 +1.9202e+00 -2.6830e+00
1126 0 +9.933380576e-05 +7.948009933e+01 +7.948009933e+01 +2.5677e-01 -1.1650e+00 -7.2227e-01 +1.9282e+00 -2.6838e+00
1174 0 +9.296850837e-05 +7.948009297e+01 +7.948009297e+01 +2.4780e-01 -1.1550e+00 -7.1993e-01 +1.9248e+00 -2.6875e+00
1178 0 +7.383302378e-05 +7.948007383e+01 +7.948007383e+01 +2.6033e-01 -1.1549e+00 -7.2098e-01 +1.9244e+00 -2.6815e+00
1180 0 +4.320031439e-05 +7.948004320e+01 +7.948004320e+01 +2.5518e-01 -1.1579e+00 -7.2299e-01 +1.9284e+00 -2.6864e+00
1184 0 +2.743733000e-05 +7.948002744e+01 +7.948002744e+01 +2.5495e-01 -1.1524e+00 -7.2261e-01 +1.9270e+00 -2.6797e+00
1188 0 +5.646979105e-06 +7.948000565e+01 +7.948000565e+01 +2.5275e-01 -1.1557e+00 -7.2318e-01 +1.9260e+00 -2.6827e+00
1210 0 +3.002918888e-06 +7.948000300e+01 +7.948000300e+01 +2.5324e-01 -1.1556e+00 -7.2494e-01 +1.9268e+00 -2.6802e+00
1218 0 +2.211659421e-06 +7.948000221e+01 +7.948000221e+01 +2.5312e-01 -1.1567e+00 -7.2525e-01 +1.9271e+00 -2.6806e+00
