% f evaluations | g evaluations | best noise-free fitness - Fopt (9.294000000000e+01) + sum g_i+ | measured fitness | best measured fitness or single-digit g-values | x1 | x2...
1 0 +6.921805774e+02 +7.851205774e+02 +7.851205774e+02 +5.9671e-01 -3.8264e-02 +7.4769e-01 +1.6230e+00 -1.3415e-01 -1.3414e-01 +1.6792e+00 +8.6743e-01 -3.6947e-01 +6.4256e-01
6 0 +3.709509198e+02 +4.638909198e+02 +4.638909198e+02 +4.2408e-01 -2.8508e-01 -5.7692e-01 +7.1168e-01 +1.1310e+00 +1.0313e+00 -7.3922e-01 -2.0921e-01 +4.3126e-01 +1.0755e+00
38 0 +2.984268964e+02 +3.913668964e+02 +3.913668964e+02 +1.2451e-01 +5.9800e-01 +1.5511e+00 +1.0593e+00 +2.2532e+00 -6.6735e-01 +9.7232e-01 +2.8334e-01 +2.2898e+00 -7.0830e-01
43 0 +1.915415457e+02 +2.844815457e+02 +2.844815457e+02 +2.1607e+00 +1.8553e+00 -1.4896e-01 +1.0716e+00 +7.4538e-01 +1.4686e+00 -8.6492e-01 +7.8605e-01 +1.1584e+00 -1.6587e+00
51 0 +1.888364588e+02 +2.817764588e+02 +2.817764588e+02 -8.4849e-02 +1.4120e+00 -1.5440e+00 +1.5061e+00 +1.7227e+00 +1.7464e+00 -1.4043e+00 +1.9061e+00 +1.8126e+00 +6.2179e-01
53 0 +1.143266530e+02 +2.072666530e+02 +2.072666530e+02 +1.3794e+00 +3.3751e+00 +1.9627e+00 +2.6939e+00 +1.1299e+00 +9.0945e-01 -2.7943e-01 +9.5327e-01 +1.6915e+00 +5.6836e-01
62 0 +8.374117475e+01 +1.766811747e+02 +1.766811747e+02 +1.9966e+00 +1.4839e+00 -1.1005e+00 +1.6976e+00 +2.9975e+00 +1.2290e+00 +1.1234e+00 +3.0851e-01 +6.4351e-01 +3.3065e-01
112 0 +4.563900058e+01 +1.385790006e+02 +1.385790006e+02 +2.3666e+00 +3.3432e-01 +9.2011e-02 +3.5412e+00 +4.3836e+00 -1.1688e-01 +1.3760e+00 +1.5072e+00 +3.7402e+00 -2.6739e-01
274 0 +3.162915796e+01 +1.245691580e+02 +1.245691580e+02 +2.9203e+00 +3.0299e+00 -7.8361e-01 +2.8965e+00 +3.7990e+00 +1.7074e+00 +3.0836e+00 -1.4740e+00 +4.9368e+00 +5.1477e-01
277 0 +2.969352678e+01 +1.226335268e+02 +1.226335268e+02 +4.1812e-01 -4.7053e-01 +3.4403e-02 +4.0869e+00 +1.5614e+00 +1.4868e+00 -1.4446e-01 -1.1925e+00 +2.1260e+00 -1.0910e+00
282 0 +2.916722687e+01 +1.221072269e+02 +1.221072269e+02 +1.8361e-01 +2.3498e-01 +1.9502e-01 +2.9772e+00 +3.4719e+00 +1.4519e+00 +2.7816e-01 -9.4231e-01 +3.0289e+00 +4.8000e-01
325 0 +2.296053285e+01 +1.159005329e+02 +1.159005329e+02 +2.8340e+00 +2.6460e+00 +3.4385e-01 +3.0121e+00 +3.7739e+00 +3.4173e-01 +1.2707e+00 -4.7813e-02 +2.5900e+00 +1.1309e-01
457 0 +2.067892617e+01 +1.136189262e+02 +1.136189262e+02 +1.5124e+00 +7.9509e-01 +1.0117e+00 +3.8123e+00 +4.0432e+00 +1.5855e+00 +1.6516e+00 -1.3035e+00 +2.0809e+00 -3.1655e-02
559 0 +1.352778955e+01 +1.064677896e+02 +1.064677896e+02 +1.3853e+00 +2.0297e-01 +5.6231e-01 +3.1549e+00 +3.6589e+00 +2.7230e+00 +2.5532e+00 -1.4411e+00 +1.6208e+00 +9.9403e-01
612 0 +1.304545665e+01 +1.059854567e+02 +1.059854567e+02 +1.2056e+00 -9.4968e-01 -1.0040e+00 +3.3254e+00 +4.1332e+00 +2.9055e+00 +2.8666e+00 -1.2752e+00 +2.5926e+00 +1.4883e+00
613 0 +1.244538536e+01 +1.053853854e+02 +1.053853854e+02 +1.7546e+00 +4.5116e-01 -1.2868e+00 +3.4292e+00 +3.4837e+00 +3.0425e+00 +2.8840e+00 -1.6556e+00 +3.0051e+00 +1.5520e+00
614 0 +7.415666481e+00 +1.003556665e+02 +1.003556665e+02 +1.1703e+00 +4.6008e-01 -1.0259e+00 +3.1577e+00 +2.4081e+00 +3.7328e+00 +2.1032e+00 -2.7564e+00 +2.3062e+00 +2.2516e+00
663 0 +5.378799199e+00 +9.831879920e+01 +9.831879920e+01 +1.1233e+00 +6.0897e-01 -3.0980e-01 +3.6113e+00 +3.3361e+00 +2.8605e+00 +1.9110e+00 -1.7682e+00 +2.5784e+00 +1.8661e+00
801 0 +3.714739982e+00 +9.665473998e+01 +9.665473998e+01 +8.3474e-01 -8.4328e-02 -7.9861e-01 +3.2568e+00 +3.8195e+00 +3.0890e+00 +2.2348e+00 -1.9975e+00 +2.6128e+00 +1.7665e+00
860 0 +3.259478880e+00 +9.619947888e+01 +9.619947888e+01 +1.1261e+00 +1.8708e-01 -5.1129e-01 +2.8304e+00 +3.7203e+00 +3.0996e+00 +2.6481e+00 -1.9400e+00 +2.9294e+00 +1.7443e+00
914 0 +3.054817651e+00 +9.599481765e+01 +9.599481765e+01 +4.6325e-01 +1.0125e-01 -7.8806e-01 +3.2734e+00 +3.0920e+00 +3.6242e+00 +2.1069e+00 -2.3350e+00 +2.9959e+00 +1.8112e+00
958 0 +1.467316442e+00 +9.440731644e+01 +9.440731644e+01 +3.4454e-01 +5.2118e-01 -3.8025e-01 +2.7780e+00 +2.9432e+00 +3.5563e+00 +2.3250e+00 -2.5646e+00 +3.3868e+00 +1.6844e+00
1175 0 +1.306186132e+00 +9.424618613e+01 +9.424618613e+01 +3.0957e-01 +4.8943e-01 -6.7402e-02 +3.5759e+00 +2.0397e+00 +3.6259e+00 +1.4831e+00 -2.3056e+00 +3.1328e+00 +1.5334e+00
1404 0 +1.301962390e+00 +9.424196239e+01 +9.424196239e+01 +1.6094e-01 +8.0300e-01 -2.7480e-01 +2.9855e+00 +2.6282e+00 +3.7436e+00 +1.8343e+00 -2.3921e+00 +3.8737e+00 +2.1027e+00
1410 0 +1.281514253e+00 +9.422151425e+01 +9.422151425e+01 -1.3875e-01 +7.3923e-01 -1.7498e-01 +2.8676e+00 +2.3455e+00 +4.1320e+00 +1.9595e+00 -2.4620e+00 +3.6137e+00 +2.4519e+00
1412 0 +8.284994030e-01 +9.376849940e+01 +9.376849940e+01 +3.0791e-01 +7.7668e-01 +9.9247e-02 +3.0201e+00 +2.8585e+00 +3.3963e+00 +2.2137e+00 -2.1087e+00 +3.5973e+00 +1.7703e+00
1506 0 +7.264129116e-01 +9.366641291e+01 +9.366641291e+01 +1.3450e-02 +1.0080e+00 +3.1864e-01 +3.1247e+00 +2.3258e+00 +3.9826e+00 +1.8548e+00 -2.6875e+00 +3.5856e+00 +2.1643e+00
1640 0 +6.356240773e-01 +9.357562408e+01 +9.357562408e+01 +3.0284e-01 +6.1060e-01 -5.9170e-02 +2.8621e+00 +2.9225e+00 +3.7459e+00 +2.3105e+00 -2.4740e+00 +3.5331e+00 +2.0696e+00
1651 0 +6.144957656e-01 +9.355449577e+01 +9.355449577e+01 +1.2798e-01 +8.5356e-01 +2.7741e-01 +3.3855e+00 +2.3889e+00 +3.6091e+00 +1.7991e+00 -2.3861e+00 +3.5764e+00 +2.0497e+00
1656 0 +1.631385590e-01 +9.310313856e+01 +9.310313856e+01 -1.1956e-01 +7.7024e-01 +2.3115e-01 +3.0432e+00 +2.4622e+00 +3.9998e+00 +1.9524e+00 -2.6085e+00 +3.8289e+00 +2.1082e+00
1803 0 +1.468881162e-01 +9.308688812e+01 +9.308688812e+01 -1.0324e-01 +8.1126e-01 +2.7341e-01 +2.9709e+00 +2.6045e+00 +3.8805e+00 +1.9912e+00 -2.5566e+00 +3.7588e+00 +2.1531e+00
1811 0 +8.985352285e-02 +9.302985352e+01 +9.302985352e+01 -3.4586e-01 +7.2295e-01 +3.2324e-01 +3.0507e+00 +2.3712e+00 +4.0292e+00 +1.7256e+00 -2.4508e+00 +3.9321e+00 +2.2476e+00
1958 0 +8.560866945e-02 +9.302560867e+01 +9.302560867e+01 -1.0191e-01 +8.2578e-01 +3.2651e-01 +3.1448e+00 +2.5183e+00 +3.7087e+00 +1.7490e+00 -2.2394e+00 +3.8218e+00 +2.1203e+00
2060 0 +7.479778910e-02 +9.301479779e+01 +9.301479779e+01 -2.8461e-01 +6.9194e-01 +2.6446e-01 +3.0773e+00 +2.3991e+00 +3.9927e+00 +1.7560e+00 -2.4579e+00 +3.9614e+00 +2.2632e+00
2073 0 +6.271822353e-02 +9.300271822e+01 +9.300271822e+01 -1.8142e-01 +7.2041e-01 +1.8257e-01 +3.1214e+00 +2.4797e+00 +3.9274e+00 +1.8444e+00 -2.5306e+00 +3.7572e+00 +2.1833e+00
2074 0 +5.333698367e-02 +9.299333698e+01 +9.299333698e+01 -3.6421e-01 +7.8547e-01 +2.8768e-01 +3.1041e+00 +2.3007e+00 +4.0365e+00 +1.7236e+00 -2.5585e+00 +4.0309e+00 +2.1843e+00
2112 0 +2.939546552e-02 +9.296939547e+01 +9.296939547e+01 -1.9217e-01 +6.9690e-01 +1.8740e-01 +3.1189e+00 +2.4868e+00 +3.9224e+00 +1.7949e+00 -2.4744e+00 +3.7757e+00 +2.1807e+00
2134 0 +1.907956917e-02 +9.295907957e+01 +9.295907957e+01 -2.4877e-01 +7.2203e-01 +3.4946e-01 +3.1392e+00 +2.4473e+00 +3.8760e+00 +1.7591e+00 -2.4253e+00 +3.8089e+00 +2.1777e+00
2152 0 +7.562237885e-03 +9.294756224e+01 +9.294756224e+01 -2.2228e-01 +6.9700e-01 +2.5601e-01 +3.1257e+00 +2.4286e+00 +3.9178e+00 +1.7504e+00 -2.4790e+00 +3.8369e+00 +2.1540e+00
2462 0 +4.899491870e-07 +9.294000049e+01 +9.294000049e+01 -2.0818e-01 +7.1762e-01 +2.4695e-01 +3.0949e+00 +2.4244e+00 +3.9285e+00 +1.7918e+00 -2.4800e+00 +3.8269e+00 +2.1504e+00
2472 0 +2.315145764e-08 +9.294000002e+01 +9.294000002e+01 -2.2259e-01 +7.4281e-01 +2.6620e-01 +3.0984e+00 +2.3878e+00 +3.9119e+00 +1.7364e+00 -2.4732e+00 +3.8287e+00 +2.1453e+00
% f evaluations | g evaluations | best noise-free fitness - Fopt (3.535000000000e+01) + sum g_i+ | measured fitness | best measured fitness or single-digit g-values | x1 | x2...
1 0 +1.759972565e+02 +2.113472565e+02 +2.113472565e+02 +5.9671e-01 -3.8264e-02 +7.4769e-01 +1.6230e+00 -1.3415e-01 -1.3414e-01 +1.6792e+00 +8.6743e-01 -3.6947e-01 +6.4256e-01
33 0 +1.009449291e+02 +1.362949291e+02 +1.362949291e+02 +1.9700e-01 +6.9516e-01 -7.1822e-01 +2.1924e+00 -9.0602e-01 -1.1142e+00 +1.2581e+00 +8.9166e-01 +7.2412e-01 +7.2835e-01
51 0 +4.563304129e+01 +8.098304129e+01 +8.098304129e+01 +4.7932e-01 +1.0616e+00 +1.9185e-01 +2.7747e+00 -2.7319e+00 -7.3111e-01 +4.8124e-01 +8.4722e-01 -3.6161e-01 -9.9641e-01
103 0 +3.797393550e+01 +7.332393550e+01 +7.332393550e+01 +1.5639e+00 +1.2180e+00 +2.1469e+00 +3.0678e+00 -6.4009e-01 +1.9681e+00 -5.3429e-01 +4.4622e+00 +1.1028e+00 -6.7123e-01
167 0 +3.518729303e+01 +7.053729303e+01 +7.053729303e+01 +4.0114e+00 +4.2534e+00 +2.9677e+00 +9.0927e-01 -7.8079e-01 +1.5111e+00 +1.3754e+00 +2.0656e+00 +1.5299e+00 -2.7298e+00
304 0 +3.366397099e+01 +6.901397099e+01 +6.901397099e+01 +2.1430e+00 +3.0571e+00 +1.8363e+00 +1.6168e+00 -2.3726e+00 -2.1499e+00 +8.8756e-01 +6.6631e-01 +2.1420e+00 -3.0887e-01
354 0 +3.020407013e+01 +6.555407013e+01 +6.555407013e+01 +3.0917e+00 +2.8933e+00 +1.1182e+00 +2.8834e+00 -6.9812e-03 +1.8486e-01 +2.0387e+00 +1.4196e+00 +2.8851e+00 -1.1077e+00
359 0 +2.944791395e+01 +6.479791395e+01 +6.479791395e+01 +3.4619e+00 +3.1299e+00 +1.4557e+00 +3.0869e+00 +4.6214e-01 +9.9544e-01 +1.6084e+00 +1.1362e+00 +2.0612e+00 -2.1549e+00
360 0 +2.527311593e+01 +6.062311593e+01 +6.062311593e+01 +1.9125e+00 +1.6067e+00 +9.3087e-01 +3.2048e+00 +2.4710e-01 +1.2021e+00 +1.3856e+00 +2.7596e+00 +1.5464e+00 -1.3418e+00
413 0 +2.411209312e+01 +5.946209312e+01 +5.946209312e+01 +1.7777e+00 +2.1835e+00 -3.5241e-01 +3.2972e+00 -6.6701e-01 +4.4735e-01 +9.7123e-01 +1.7210e+00 +1.5211e+00 -2.1822e+00
461 0 +1.838882354e+01 +5.373882354e+01 +5.373882354e+01 +2.6085e+00 +4.3586e+00 +2.7576e+00 +3.1118e+00 -2.3379e+00 +1.9383e-01 +1.2897e+00 +8.1177e-01 +1.2287e+00 -6.9542e-01
535 0 +1.301903667e+01 +4.836903667e+01 +4.836903667e+01 +2.8686e+00 +2.1187e+00 +2.6501e+00 +2.1002e+00 -6.6591e-02 -7.0521e-01 +1.6355e+00 +2.5151e-01 +1.2644e+00 -1.0612e+00
605 0 +9.167686144e+00 +4.451768614e+01 +4.451768614e+01 +2.1274e+00 +1.8694e+00 +3.1009e+00 +1.3773e+00 -5.4415e-01 -5.9747e-01 +1.8815e+00 +1.8341e+00 +1.3751e+00 -1.2615e+00
618 0 +6.462870389e+00 +4.181287039e+01 +4.181287039e+01 +2.0285e+00 +2.1174e+00 +3.5647e+00 +2.0370e+00 -1.7485e+00 -2.3037e-01 +7.9355e-01 +2.0011e+00 +1.8716e+00 -1.4404e+00
759 0 +3.462442565e+00 +3.881244256e+01 +3.881244256e+01 +2.1362e+00 +2.2630e+00 +2.3583e+00 +2.1054e+00 -1.3590e+00 -3.8217e-01 +1.3200e+00 +1.7501e+00 +1.2605e+00 -1.6582e+00
907 0 +2.809666249e+00 +3.815966625e+01 +3.815966625e+01 +2.5241e+00 +3.0616e+00 +2.9895e+00 +2.2694e+00 -1.7634e+00 -3.1478e-01 +2.5335e+00 +7.4406e-01 +1.2224e+00 -1.4023e+00
945 0 +2.126302674e+00 +3.747630267e+01 +3.747630267e+01 +2.0313e+00 +2.2668e+00 +3.3157e+00 +1.6743e+00 -1.8167e+00 -7.3143e-01 +1.7981e+00 +1.5982e+00 +9.7080e-01 -2.0286e+00
1011 0 +2.111696473e+00 +3.746169647e+01 +3.746169647e+01 +1.9856e+00 +2.6436e+00 +3.0374e+00 +1.8330e+00 -1.7836e+00 -4.8021e-01 +2.1132e+00 +1.1983e+00 +1.2814e+00 -1.4351e+00
1079 0 +1.021140357e+00 +3.637114036e+01 +3.637114036e+01 +1.5890e+00 +2.0182e+00 +3.3207e+00 +1.7366e+00 -1.9482e+00 -1.0385e+00 +1.6357e+00 +1.5709e+00 +9.9378e-01 -1.3919e+00
1368 0 +9.876752820e-01 +3.633767528e+01 +3.633767528e+01 +1.6208e+00 +1.6905e+00 +3.9105e+00 +1.3238e+00 -2.0794e+00 -1.6426e+00 +2.3653e+00 +9.5955e-01 +1.0134e+00 -1.4809e+00
1451 0 +4.157174661e-01 +3.576571747e+01 +3.576571747e+01 +1.8077e+00 +1.3129e+00 +4.3900e+00 +1.2715e+00 -1.8751e+00 -1.6124e+00 +2.5117e+00 +9.7602e-01 +1.1666e+00 -1.5572e+00
1511 0 +2.935106189e-01 +3.564351062e+01 +3.564351062e+01 +1.7589e+00 +1.4788e+00 +4.1631e+00 +1.3576e+00 -1.7889e+00 -1.7162e+00 +2.0703e+00 +9.2611e-01 +1.1972e+00 -1.4642e+00
1561 0 +2.914159566e-01 +3.564141596e+01 +3.564141596e+01 +1.8401e+00 +1.6206e+00 +4.0071e+00 +1.5336e+00 -2.0510e+00 -1.5315e+00 +2.3355e+00 +8.3900e-01 +1.0256e+00 -1.5332e+00
1718 0 +2.249734019e-01 +3.557497340e+01 +3.557497340e+01 +1.6598e+00 +1.6915e+00 +3.9026e+00 +1.5630e+00 -2.1553e+00 -1.5872e+00 +2.2817e+00 +8.9558e-01 +1.0444e+00 -1.5326e+00
1719 0 +2.222658480e-01 +3.557226585e+01 +3.557226585e+01 +1.6717e+00 +1.5064e+00 +3.8943e+00 +1.5242e+00 -2.0708e+00 -1.6119e+00 +2.1350e+00 +9.4230e-01 +1.2335e+00 -1.4786e+00
1758 0 +1.617549799e-01 +3.551175498e+01 +3.551175498e+01 +1.6641e+00 +1.3962e+00 +4.0352e+00 +1.3773e+00 -2.0021e+00 -1.7590e+00 +2.3202e+00 +8.3817e-01 +1.1039e+00 -1.4885e+00
1799 0 +8.075349858e-02 +3.543075350e+01 +3.543075350e+01 +1.8715e+00 +1.5782e+00 +3.9152e+00 +1.4002e+00 -1.8514e+00 -1.6689e+00 +2.4557e+00 +7.6822e-01 +1.1275e+00 -1.5514e+00
1960 0 +5.429983812e-02 +3.540429984e+01 +3.540429984e+01 +1.7297e+00 +1.5572e+00 +3.8338e+00 +1.5815e+00 -1.8584e+00 -1.5128e+00 +2.2057e+00 +9.9673e-01 +1.0603e+00 -1.4585e+00
1972 0 +5.026635064e-02 +3.540026635e+01 +3.540026635e+01 +1.6708e+00 +1.3697e+00 +3.9930e+00 +1.4969e+00 -1.9028e+00 -1.6400e+00 +2.2559e+00 +9.3550e-01 +1.0711e+00 -1.4504e+00
2031 0 +4.728451091e-02 +3.539728451e+01 +3.539728451e+01 +1.8790e+00 +1.6470e+00 +3.8561e+00 +1.4783e+00 -1.8114e+00 -1.4848e+00 +2.2580e+00 +8.9101e-01 +1.2208e+00 -1.4773e+00
2044 0 +4.354318113e-02 +3.539354318e+01 +3.539354318e+01 +1.8033e+00 +1.5116e+00 +4.0640e+00 +1.4225e+00 -1.8827e+00 -1.6970e+00 +2.3371e+00 +7.6859e-01 +1.1713e+00 -1.4954e+00
2055 0 +4.033976921e-02 +3.539033977e+01 +3.539033977e+01 +1.7773e+00 +1.4153e+00 +4.0827e+00 +1.3940e+00 -1.8192e+00 -1.6904e+00 +2.3142e+00 +8.7377e-01 +1.1231e+00 -1.5071e+00
2135 0 +3.069543902e-02 +3.538069544e+01 +3.538069544e+01 +1.7776e+00 +1.5095e+00 +3.8597e+00 +1.5013e+00 -1.8269e+00 -1.5817e+00 +2.2047e+00 +8.5915e-01 +1.1478e+00 -1.4957e+00
2217 0 +1.719011199e-02 +3.536719011e+01 +3.536719011e+01 +1.7813e+00 +1.4569e+00 +4.0221e+00 +1.4419e+00 -1.8392e+00 -1.6606e+00 +2.3261e+00 +8.7168e-01 +1.1756e+00 -1.4885e+00
2257 0 +1.511839142e-02 +3.536511839e+01 +3.536511839e+01 +1.8078e+00 +1.5756e+00 +3.8897e+00 +1.4964e+00 -1.8311e+00 -1.5772e+00 +2.2575e+00 +8.4662e-01 +1.1803e+00 -1.5009e+00
2292 0 +1.162631257e-02 +3.536162631e+01 +3.536162631e+01 +1.7349e+00 +1.4344e+00 +3.9294e+00 +1.4781e+00 -1.8451e+00 -1.6500e+00 +2.2561e+00 +8.7313e-01 +1.1811e+00 -1.4902e+00
2301 0 +1.510430820e-07 +3.535000015e+01 +3.535000015e+01 +1.7621e+00 +1.4572e+00 +3.9687e+00 +1.4515e+00 -1.8510e+00 -1.6437e+00 +2.2953e+00 +8.5995e-01 +1.1487e+00 -1.5120e+00
2302 0 +8.883080227e-08 +3.535000009e+01 +3.535000009e+01 +1.7575e+00 +1.4855e+00 +3.9862e+00 +1.4579e+00 -1.8540e+00 -1.6333e+00 +2.2937e+00 +8.8617e-01 +1.1379e+00 -1.4800e+00
2354 0 +7.589077455e-08 +3.535000008e+01 +3.535000008e+01 +1.7490e+00 +1.4852e+00 +3.9846e+00 +1.4596e+00 -1.8816e+00 -1.6361e+00 +2.2909e+00 +8.8347e-01 +1.1233e+00 -1.5022e+00
2402 0 +1.948733086e-08 +3.535000002e+01 +3.535000002e+01 +1.7550e+00 +1.4528e+00 +3.9816e+00 +1.4463e+00 -1.8546e+00 -1.6339e+00 +2.2998e+00 +8.6792e-01 +1.1407e+00 -1.4985e+00
% f evaluations | g evaluations | best noise-free fitness - Fopt (3.820000000000e+00) + sum g_i+ | measured fitness | best measured fitness or single-digit g-values | x1 | x2...
1 0 +3.097848647e+02 +3.136048647e+02 +3.136048647e+02 +5.9671e-01 -3.8264e-02 +7.4769e-01 +1.6230e+00 -1.3415e-01 -1.3414e-01 +1.6792e+00 +8.6743e-01 -3.6947e-01 +6.4256e-01
3 0 +2.237678782e+02 +2.275878782e+02 +2.275878782e+02 +1.5656e+00 -1.2578e-01 +1.6753e-01 -1.3247e+00 -4.4438e-01 +2.1092e-01 -1.0510e+00 +4.7570e-01 -5.0064e-01 -1.9169e-01
6 0 +1.806779122e+02 +1.844979122e+02 +1.844979122e+02 +4.2408e-01 -2.8508e-01 -5.7692e-01 +7.1168e-01 +1.1310e+00 +1.0313e+00 -7.3922e-01 -2.0921e-01 +4.3126e-01 +1.0755e+00
13 0 +1.299041639e+02 +1.337241639e+02 +1.337241639e+02 +8.9103e-01 -8.0939e-01 +1.5028e+00 -1.3019e+00 +6.8686e-01 +2.2905e+00 -8.9054e-01 -4.6630e-01 +1.9965e-01 -4.0348e-01
53 0 +8.055218473e+01 +8.437218473e+01 +8.437218473e+01 +1.7211e+00 -9.4401e-02 -1.0424e-01 +1.6398e+00 +1.9729e-01 +1.2967e+00 -1.8864e-01 -2.0236e-01 +1.9037e+00 +1.4504e+00
65 0 +6.356826811e+01 +6.738826811e+01 +6.738826811e+01 +1.5626e-01 -7.1859e-01 +9.6026e-01 +4.3175e-02 -6.3457e-01 +1.4434e+00 -9.1134e-01 -1.5563e+00 +1.0461e+00 +1.5680e+00
77 0 +5.108103993e+01 +5.490103993e+01 +5.490103993e+01 +1.9715e+00 -4.4735e-01 +4.1444e-01 -4.7027e-01 +6.5600e-01 +1.0395e+00 -4.0885e-01 -1.2050e+00 +2.3844e+00 +1.2270e+00
111 0 +3.957787351e+01 +4.339787351e+01 +4.339787351e+01 -7.6191e-01 -5.5010e-01 +1.3959e+00 -2.0227e+00 +4.0946e-01 +1.0945e+00 +7.6477e-01 -3.6029e+00 +3.3360e+00 +6.9355e-01
202 0 +3.035522954e+01 +3.417522954e+01 +3.417522954e+01 +3.2291e-01 -3.9998e-01 +3.6126e+00 +1.6059e-01 -8.9854e-01 +1.6505e+00 -1.7778e+00 -2.1213e+00 +1.9930e+00 +2.1573e+00
316 0 +2.922039047e+01 +3.304039047e+01 +3.304039047e+01 +1.1497e+00 +9.0930e-01 +2.1725e+00 -9.8076e-01 -5.6056e-01 +2.5680e+00 -4.6381e-01 -1.5113e+00 +1.2353e+00 +2.1182e+00
386 0 +2.801590179e+01 +3.183590179e+01 +3.183590179e+01 +1.4865e+00 +6.2055e-02 +1.3596e+00 -8.6355e-01 -6.9159e-02 +2.4346e+00 -1.2365e+00 -1.9358e+00 +2.6911e+00 +1.2790e+00
402 0 +1.746895274e+01 +2.128895274e+01 +2.128895274e+01 +1.0534e+00 +7.6123e-02 +2.8147e+00 +1.8201e-01 -1.9670e-02 +5.3446e-01 -6.7174e-01 -2.3287e+00 +1.5224e+00 +2.8644e+00
419 0 +1.716821366e+01 +2.098821366e+01 +2.098821366e+01 +1.6170e+00 +3.4982e-01 +1.8463e+00 -7.9817e-01 +5.9329e-01 +2.5987e+00 -6.7667e-01 -2.3457e+00 +2.3891e+00 +8.6723e-01
460 0 +1.581312815e+01 +1.963312815e+01 +1.963312815e+01 +2.1219e+00 +1.5521e-02 +2.6374e+00 -7.5283e-01 +7.5409e-01 +9.0918e-01 -1.2160e-01 -2.0978e+00 +1.2297e-01 +1.5050e+00
461 0 +1.392162040e+01 +1.774162040e+01 +1.774162040e+01 +2.5319e+00 +2.3675e-01 +2.2273e+00 +2.3377e-01 +1.0347e+00 -1.3372e-01 +1.3325e-01 -2.0385e+00 +1.2648e+00 +2.1458e+00
496 0 +1.323001662e+01 +1.705001662e+01 +1.705001662e+01 +2.2912e+00 -5.4884e-01 +3.8006e+00 -2.5263e+00 +6.5930e-01 +1.6313e+00 -1.0671e+00 -2.8706e+00 +5.0749e-01 -7.1650e-03
761 0 +1.108697336e+01 +1.490697336e+01 +1.490697336e+01 +1.1495e+00 +5.5768e-01 +2.2586e+00 -1.6764e+00 +2.4329e-01 +1.3713e+00 -2.1277e-01 -3.0617e+00 +1.4490e+00 +9.2289e-01
767 0 +9.468722252e+00 +1.328872225e+01 +1.328872225e+01 +2.2543e+00 +1.2073e+00 +2.7857e+00 -2.4707e+00 +1.0779e-01 +8.7726e-01 +6.6974e-01 -3.7345e+00 +1.5214e+00 +7.3195e-01
801 0 +6.374466532e+00 +1.019446653e+01 +1.019446653e+01 +2.2486e+00 +1.0936e+00 +2.5202e+00 -1.3540e+00 +1.0846e-01 +1.3525e+00 -4.9078e-01 -3.2778e+00 +1.7814e+00 +4.0516e-01
837 0 +4.493523296e+00 +8.313523296e+00 +8.313523296e+00 +2.8045e+00 -6.9661e-02 +1.9267e+00 -2.2472e+00 +1.1051e+00 +1.1716e-01 +5.1985e-01 -3.0580e+00 +8.8000e-01 -2.8187e-01
1127 0 +4.129040387e+00 +7.949040387e+00 +7.949040387e+00 +3.0880e+00 +4.5363e-01 +2.8075e+00 -2.9217e+00 +7.2787e-01 +9.6191e-02 -1.5534e-01 -3.6193e+00 +1.0371e+00 -3.7415e-01
1131 0 +3.851549072e+00 +7.671549072e+00 +7.671549072e+00 +3.0852e+00 +2.6617e-01 +2.9881e+00 -1.7226e+00 +1.1146e+00 -3.0032e-01 +2.6758e-01 -3.3338e+00 +1.0724e+00 +2.3790e-01
1142 0 +2.833479437e+00 +6.653479437e+00 +6.653479437e+00 +3.0044e+00 +5.6249e-01 +2.1176e+00 -1.8776e+00 +1.1253e+00 -7.9275e-02 +6.4694e-01 -3.2481e+00 +1.0126e+00 -6.1663e-02
1204 0 +2.280467424e+00 +6.100467424e+00 +6.100467424e+00 +3.3474e+00 +3.4080e-01 +2.4445e+00 -2.0173e+00 +9.0649e-01 -2.1117e-01 +3.2622e-01 -3.5556e+00 +1.2988e+00 -3.3491e-01
1251 0 +1.608287134e+00 +5.428287134e+00 +5.428287134e+00 +3.6640e+00 +1.2294e-01 +2.5806e+00 -1.9673e+00 +1.0813e+00 -2.6094e-01 +1.5287e-01 -3.0994e+00 +9.5795e-01 -2.4153e-01
1326 0 +1.048186629e+00 +4.868186629e+00 +4.868186629e+00 +3.6472e+00 +7.4051e-01 +2.5651e+00 -1.5795e+00 +9.4306e-01 -8.9730e-02 +2.7257e-01 -3.0613e+00 +1.0372e+00 +1.0034e-02
1652 0 +7.153105105e-01 +4.535310511e+00 +4.535310511e+00 +3.7447e+00 +1.1383e+00 +1.9703e+00 -2.4471e+00 +6.5487e-01 +2.8369e-01 +6.4449e-01 -3.3351e+00 +1.0293e+00 -4.2106e-01
1775 0 +4.110339816e-01 +4.231033982e+00 +4.231033982e+00 +4.0726e+00 +1.1500e+00 +2.0518e+00 -2.6040e+00 +8.6554e-01 -2.5764e-01 +7.6902e-01 -3.4389e+00 +9.7888e-01 -8.9299e-01
1805 0 +3.411799570e-01 +4.161179957e+00 +4.161179957e+00 +4.3078e+00 +1.1475e+00 +2.1555e+00 -2.7029e+00 +9.0452e-01 -1.4519e-01 +7.7476e-01 -3.3499e+00 +7.0710e-01 -8.6569e-01
1851 0 +2.803448079e-01 +4.100344808e+00 +4.100344808e+00 +4.0970e+00 +1.0346e+00 +2.0244e+00 -2.4756e+00 +8.6754e-01 -3.2155e-02 +6.6072e-01 -3.3735e+00 +8.8146e-01 -8.2350e-01
1873 0 +1.574315250e-01 +3.977431525e+00 +3.977431525e+00 +4.2051e+00 +1.2907e+00 +1.8789e+00 -2.6612e+00 +9.3919e-01 -8.9910e-02 +9.8050e-01 -3.3626e+00 +7.4015e-01 -8.5498e-01
2002 0 +9.190809726e-02 +3.911908097e+00 +3.911908097e+00 +3.9805e+00 +1.0030e+00 +2.0436e+00 -2.4177e+00 +8.4112e-01 -9.1852e-02 +6.5410e-01 -3.2883e+00 +8.5209e-01 -6.7780e-01
2111 0 +7.381044122e-02 +3.893810441e+00 +3.893810441e+00 +3.8960e+00 +1.1486e+00 +1.9588e+00 -2.5339e+00 +8.4253e-01 -9.9943e-03 +7.7167e-01 -3.3517e+00 +9.4033e-01 -7.0693e-01
2203 0 +6.889635460e-02 +3.888896355e+00 +3.888896355e+00 +3.9356e+00 +1.0936e+00 +2.0099e+00 -2.5226e+00 +8.3439e-01 +8.0964e-03 +7.1466e-01 -3.3703e+00 +9.1838e-01 -7.0241e-01
2204 0 +4.604102346e-02 +3.866041023e+00 +3.866041023e+00 +3.9536e+00 +1.0505e+00 +1.9822e+00 -2.4728e+00 +8.0710e-01 -2.0658e-02 +6.2633e-01 -3.2837e+00 +9.3472e-01 -6.9034e-01
2320 0 +2.129279812e-02 +3.841292798e+00 +3.841292798e+00 +3.9922e+00 +1.1516e+00 +1.9187e+00 -2.5170e+00 +9.2705e-01 -4.1855e-02 +9.2784e-01 -3.3326e+00 +8.4103e-01 -6.8683e-01
2408 0 +1.960503596e-02 +3.839605036e+00 +3.839605036e+00 +3.9989e+00 +1.2375e+00 +1.8269e+00 -2.5805e+00 +9.0822e-01 +4.8771e-02 +9.9003e-01 -3.3033e+00 +8.6190e-01 -7.5781e-01
% f evaluations | g evaluations | best noise-free fitness - Fopt (2.175000000000e+01) + sum g_i+ | measured fitness | best measured fitness or single-digit g-values | x1 | x2...
1 0 +1.977079720e+02 +2.194579720e+02 +2.194579720e+02 +5.9671e-01 -3.8264e-02 +7.4769e-01 +1.6230e+00 -1.3415e-01 -1.3414e-01 +1.6792e+00 +8.6743e-01 -3.6947e-01 +6.4256e-01
30 0 +1.605166056e+02 +1.822666056e+02 +1.822666056e+02 -1.0812e-01 -3.9300e-01 -4.8936e-01 +9.4960e-01 +4.5702e-01 -5.9291e-01 +9.9960e-01 +4.0730e-01 +9.1286e-01 +7.2963e-01
33 0 +9.014257822e+01 +1.118925782e+02 +1.118925782e+02 +1.9700e-01 +6.9516e-01 -7.1822e-01 +2.1924e+00 -9.0602e-01 -1.1142e+00 +1.2581e+00 +8.9166e-01 +7.2412e-01 +7.2835e-01
54 0 +8.339588056e+01 +1.051458806e+02 +1.051458806e+02 +4.4992e-02 -1.4762e-01 -1.3685e+00 +2.5245e+00 +1.3689e-02 -1.5429e+00 +2.0208e+00 +1.2674e+00 +4.1942e-01 +2.5613e+00
153 0 +4.821032251e+01 +6.996032251e+01 +6.996032251e+01 +1.5083e+00 -1.6531e+00 -1.3777e+00 +3.0693e+00 +6.4948e-01 -3.0674e+00 +4.5702e+00 +3.6575e+00 +1.9875e+00 +4.2388e+00
156 0 +4.024335138e+01 +6.199335138e+01 +6.199335138e+01 +1.3788e+00 +2.1247e+00 -2.1390e+00 +1.8102e+00 -1.8379e+00 -4.0423e+00 +3.2441e+00 +3.0701e-03 +2.7151e+00 +4.6753e+00
204 0 +3.634079762e+01 +5.809079762e+01 +5.809079762e+01 +3.0416e+00 +2.1339e+00 -1.6151e+00 +3.0143e+00 +5.6035e-01 -4.4882e+00 +3.0377e+00 +2.2696e+00 +3.0342e+00 +3.8009e+00
205 0 +2.220462716e+01 +4.395462716e+01 +4.395462716e+01 -2.1854e-01 +2.4383e+00 -1.6456e+00 +1.6565e+00 -1.4228e+00 -4.2005e+00 +1.8326e+00 +1.6501e+00 +2.0879e+00 +3.5819e+00
405 0 +1.919313258e+01 +4.094313258e+01 +4.094313258e+01 +2.4954e+00 +1.8711e+00 +1.0020e-01 +1.8891e+00 -5.0424e-01 -3.6927e+00 +1.8611e+00 +2.2825e+00 +3.5279e+00 +4.6891e+00
452 0 +1.762394329e+01 +3.937394329e+01 +3.937394329e+01 +4.0890e+00 +2.2827e+00 +1.7321e-02 +1.7379e+00 -1.4420e+00 -3.0755e+00 +2.5773e+00 +1.7440e+00 +2.4162e+00 +4.6851e+00
459 0 +1.267933580e+01 +3.442933580e+01 +3.442933580e+01 +1.9988e+00 +4.8236e-01 -6.0362e-01 +1.7322e+00 -5.9392e-01 -3.6841e+00 +2.8837e+00 +2.7209e+00 +2.1489e+00 +4.0700e+00
503 0 +1.231399039e+01 +3.406399039e+01 +3.406399039e+01 +2.9926e+00 +8.8146e-01 -7.5260e-01 +2.9467e+00 +2.2534e-01 -3.1124e+00 +3.4525e+00 +3.5130e+00 +1.6164e+00 +3.9119e+00
603 0 +9.055632647e+00 +3.080563265e+01 +3.080563265e+01 +2.4292e+00 +2.5705e-01 -1.2052e-01 +2.1797e+00 -1.3082e+00 -3.5992e+00 +3.2925e+00 +2.5441e+00 +2.1019e+00 +4.5348e+00
629 0 +8.467361813e+00 +3.021736181e+01 +3.021736181e+01 +4.7054e+00 +7.0872e-01 -1.1155e+00 +3.0066e+00 -1.2047e+00 -2.5401e+00 +3.8666e+00 +2.6964e+00 +2.0944e+00 +3.9408e+00
654 0 +8.069747707e+00 +2.981974771e+01 +2.981974771e+01 +2.4140e+00 +5.7150e-01 +7.0888e-01 +2.0362e+00 -1.1099e+00 -3.8477e+00 +3.2144e+00 +3.5183e+00 +1.7713e+00 +4.0991e+00
668 0 +4.244754007e+00 +2.599475401e+01 +2.599475401e+01 +2.5656e+00 +1.1524e-01 +2.9358e-01 +2.7271e+00 -1.4989e+00 -3.3862e+00 +2.9043e+00 +2.9631e+00 +1.7211e+00 +3.8402e+00
702 0 +4.133427147e+00 +2.588342715e+01 +2.588342715e+01 +2.7709e+00 +6.6907e-01 -5.7958e-01 +2.6044e+00 -7.3626e-01 -3.1919e+00 +3.3065e+00 +3.1118e+00 +2.1043e+00 +3.8348e+00
895 0 +3.734476351e+00 +2.548447635e+01 +2.548447635e+01 +2.7656e+00 +2.8667e-01 -1.3731e+00 +2.9493e+00 -1.2837e+00 -2.5452e+00 +3.3867e+00 +2.6247e+00 +1.7995e+00 +3.7566e+00
921 0 +3.691031842e+00 +2.544103184e+01 +2.544103184e+01 +2.2726e+00 +8.8947e-01 -9.7070e-01 +3.2236e+00 -2.0011e+00 -3.3044e+00 +3.7941e+00 +3.0545e+00 +1.4548e+00 +3.8379e+00
958 0 +3.410240703e+00 +2.516024070e+01 +2.516024070e+01 +3.3760e+00 +8.0659e-01 -8.4008e-01 +3.2444e+00 -1.4901e+00 -2.6364e+00 +3.0132e+00 +2.7950e+00 +1.8064e+00 +3.8614e+00
965 0 +2.084004034e+00 +2.383400403e+01 +2.383400403e+01 +3.3453e+00 +7.7530e-01 -5.1113e-01 +2.9155e+00 -1.1490e+00 -2.7006e+00 +2.9937e+00 +2.5692e+00 +1.7819e+00 +3.9839e+00
1043 0 +6.605524855e-01 +2.241055249e+01 +2.241055249e+01 +3.6606e+00 +9.2739e-01 -7.2357e-01 +3.1954e+00 -1.7410e+00 -2.3832e+00 +3.2452e+00 +2.4012e+00 +1.6959e+00 +3.9045e+00
1288 0 +4.389106825e-01 +2.218891068e+01 +2.218891068e+01 +3.8395e+00 +9.6620e-01 -9.1303e-01 +3.1882e+00 -1.7451e+00 -2.3101e+00 +3.1661e+00 +2.2245e+00 +1.5298e+00 +3.8072e+00
1418 0 +1.990332110e-01 +2.194903321e+01 +2.194903321e+01 +3.8518e+00 +7.9290e-01 -1.2536e+00 +3.1516e+00 -1.8445e+00 -2.2899e+00 +3.5106e+00 +2.1297e+00 +1.6644e+00 +3.8255e+00
1603 0 +1.665560945e-01 +2.191655609e+01 +2.191655609e+01 +3.7936e+00 +8.0371e-01 -9.4476e-01 +3.0296e+00 -1.5353e+00 -2.4541e+00 +3.2470e+00 +2.3118e+00 +1.8495e+00 +3.9031e+00
1604 0 +1.578823573e-01 +2.190788236e+01 +2.190788236e+01 +3.6977e+00 +7.8560e-01 -1.1066e+00 +3.0547e+00 -1.5582e+00 -2.4389e+00 +3.3458e+00 +2.2318e+00 +1.7239e+00 +3.7933e+00
1632 0 +1.164918191e-01 +2.186649182e+01 +2.186649182e+01 +4.0095e+00 +8.3015e-01 -9.7953e-01 +3.1813e+00 -1.7149e+00 -2.3022e+00 +3.3157e+00 +2.2105e+00 +1.7228e+00 +3.9093e+00
1691 0 +7.160872889e-02 +2.182160873e+01 +2.182160873e+01 +3.9683e+00 +8.2727e-01 -1.1452e+00 +3.1886e+00 -1.8635e+00 -2.3227e+00 +3.4006e+00 +2.0072e+00 +1.6405e+00 +3.7618e+00
1728 0 +6.502361848e-02 +2.181502362e+01 +2.181502362e+01 +3.8409e+00 +8.6770e-01 -1.1166e+00 +3.1010e+00 -1.5974e+00 -2.3084e+00 +3.2594e+00 +2.1207e+00 +1.7776e+00 +3.8687e+00
1740 0 +6.419588283e-02 +2.181419588e+01 +2.181419588e+01 +3.6071e+00 +9.2232e-01 -1.2141e+00 +3.0498e+00 -1.6597e+00 -2.3857e+00 +3.2602e+00 +2.1252e+00 +1.7022e+00 +3.8515e+00
1815 0 +2.157154993e-02 +2.177157155e+01 +2.177157155e+01 +3.8463e+00 +8.8930e-01 -1.0861e+00 +3.1600e+00 -1.7136e+00 -2.3582e+00 +3.3100e+00 +2.1394e+00 +1.7260e+00 +3.8401e+00
1860 0 +1.640601267e-02 +2.176640601e+01 +2.176640601e+01 +3.7676e+00 +9.0924e-01 -1.1129e+00 +3.0450e+00 -1.5973e+00 -2.3933e+00 +3.2742e+00 +2.1437e+00 +1.7694e+00 +3.8664e+00
2001 0 +9.235889476e-03 +2.175923589e+01 +2.175923589e+01 +3.7572e+00 +8.8064e-01 -1.0988e+00 +3.0742e+00 -1.6324e+00 -2.3489e+00 +3.2947e+00 +2.1486e+00 +1.7511e+00 +3.8650e+00
2085 0 +3.866967226e-07 +2.175000039e+01 +2.175000039e+01 +3.7489e+00 +8.9766e-01 -1.1614e+00 +3.0997e+00 -1.6959e+00 -2.3324e+00 +3.2797e+00 +2.1193e+00 +1.7359e+00 +3.8595e+00
2107 0 +1.117731969e-07 +2.175000011e+01 +2.175000011e+01 +3.8033e+00 +8.8706e-01 -1.1302e+00 +3.0723e+00 -1.6633e+00 -2.3388e+00 +3.2910e+00 +2.1370e+00 +1.7169e+00 +3.8482e+00
2251 0 +6.062510494e-09 +2.175000001e+01 +2.175000001e+01 +3.7804e+00 +8.7886e-01 -1.0984e+00 +3.0703e+00 -1.6639e+00 -2.3346e+00 +3.3073e+00 +2.1436e+00 +1.7260e+00 +3.8378e+00
% f evaluations | g evaluations | best noise-free fitness - Fopt (6.479000000000e+01) + sum g_i+ | measured fitness | best measured fitness or single-digit g-values | x1 | x2...
1 0 +4.680176606e+02 +5.328076606e+02 +5.328076606e+02 +5.9671e-01 -3.8264e-02 +7.4769e-01 +1.6230e+00 -1.3415e-01 -1.3414e-01 +1.6792e+00 +8.6743e-01 -3.6947e-01 +6.4256e-01
3 0 +4.609049070e+02 +5.256949070e+02 +5.256949070e+02 +1.5656e+00 -1.2578e-01 +1.6753e-01 -1.3247e+00 -4.4438e-01 +2.1092e-01 -1.0510e+00 +4.7570e-01 -5.0064e-01 -1.9169e-01
4 0 +4.116221582e+02 +4.764121582e+02 +4.764121582e+02 -5.0171e-01 +1.9523e+00 +8.6503e-02 -9.5771e-01 +9.2254e-01 -1.1208e+00 +3.0886e-01 -1.8597e+00 -1.2282e+00 +2.9686e-01
6 0 +2.269570095e+02 +2.917470095e+02 +2.917470095e+02 +4.2408e-01 -2.8508e-01 -5.7692e-01 +7.1168e-01 +1.1310e+00 +1.0313e+00 -7.3922e-01 -2.0921e-01 +4.3126e-01 +1.0755e+00
24 0 +1.157631681e+02 +1.805531681e+02 +1.805531681e+02 -6.3037e-01 +3.1646e-01 +1.4557e-01 -5.5160e-01 +2.2439e+00 +7.3392e-01 -1.9251e+00 +2.8645e-01 -5.6179e-01 +9.5243e-01
54 0 +1.075302810e+02 +1.723202810e+02 +1.723202810e+02 -1.8671e+00 +1.0746e+00 +1.2415e+00 +1.4735e+00 +1.4740e+00 -3.8711e-01 -2.7471e+00 +7.0708e-02 +1.3783e+00 +1.3457e+00
55 0 +5.795977903e+01 +1.227497790e+02 +1.227497790e+02 -4.1356e+00 -3.5026e-01 +2.0746e+00 +9.8781e-01 +2.2227e-01 -3.2292e-02 -3.8310e+00 +1.0568e+00 -7.1090e-01 +1.1753e+00
125 0 +5.349078957e+01 +1.182807896e+02 +1.182807896e+02 -1.2229e+00 -2.7843e-01 +1.0114e-01 +3.3485e+00 -4.8699e-01 -2.5082e+00 -4.0828e+00 +9.3036e-01 -2.4149e+00 +4.8437e+00
201 0 +5.105436241e+01 +1.158443624e+02 +1.158443624e+02 -3.9079e+00 +2.4207e-01 +1.4075e+00 +1.2158e+00 +1.2742e+00 -1.1471e+00 -2.0864e+00 +1.1615e+00 -1.8227e+00 +3.3599e+00
253 0 +4.108178695e+01 +1.058717869e+02 +1.058717869e+02 -1.6411e-01 +2.2155e+00 -8.6904e-02 +1.1320e+00 +9.4194e-01 -2.3975e+00 -2.8082e+00 +1.7164e+00 -2.8640e+00 +3.1047e+00
278 0 +1.777190669e+01 +8.256190669e+01 +8.256190669e+01 -3.5149e+00 -5.2100e-01 +3.6860e-01 +8.2831e-01 +4.9286e-01 -1.7915e+00 -3.9160e+00 -5.8932e-02 -2.0060e+00 +2.7015e+00
465 0 +1.695527330e+01 +8.174527330e+01 +8.174527330e+01 -2.7857e+00 -4.2180e+00 +2.9680e-01 +1.2416e+00 -4.5614e-01 -2.4466e+00 -3.9746e+00 +8.0084e-02 -2.3697e+00 +1.6812e+00
512 0 +1.465403688e+01 +7.944403688e+01 +7.944403688e+01 -2.1082e+00 -2.4675e+00 +9.2757e-01 +1.8070e+00 -7.7679e-01 -3.2715e+00 -3.3100e+00 +1.0505e-01 -4.7730e+00 +3.4581e+00
558 0 +1.127189784e+01 +7.606189784e+01 +7.606189784e+01 -3.2452e+00 -2.5332e+00 -6.7525e-01 +8.9911e-01 +4.6738e-01 -1.4911e+00 -4.4285e+00 +3.8953e-02 -1.5554e+00 +2.7251e+00
574 0 +9.272488523e+00 +7.406248852e+01 +7.406248852e+01 -3.5894e+00 -1.5119e+00 -7.0763e-01 +9.3140e-02 +4.0251e-01 -2.0088e+00 -4.0549e+00 +4.9955e-01 -2.7134e+00 +1.6258e+00
631 0 +6.579347112e+00 +7.136934711e+01 +7.136934711e+01 -1.6803e+00 -1.3109e+00 -3.2150e-01 +8.8247e-01 +1.5368e-01 -2.2097e+00 -3.9684e+00 +1.0082e+00 -2.1672e+00 +2.3427e+00
652 0 +6.534839561e+00 +7.132483956e+01 +7.132483956e+01 -1.6588e+00 -2.5961e+00 +5.2432e-01 +7.6697e-01 +1.7526e-01 -2.2853e+00 -3.5445e+00 +7.5950e-02 -3.3604e+00 +2.2085e+00
751 0 +6.308666722e+00 +7.109866672e+01 +7.109866672e+01 -1.6993e+00 -1.8656e+00 -3.1487e-01 +6.9213e-01 +3.1215e-01 -1.7879e+00 -4.3325e+00 +1.0680e+00 -2.7675e+00 +1.1894e+00
757 0 +6.261161980e+00 +7.105116198e+01 +7.105116198e+01 -1.0784e+00 -1.5414e+00 -1.0596e-01 +1.3010e+00 +2.7034e-01 -2.6239e+00 -3.3676e+00 +5.1302e-01 -2.4063e+00 +2.7870e+00
778 0 +3.042866493e+00 +6.783286649e+01 +6.783286649e+01 -1.9284e+00 -1.6283e+00 -2.2598e-01 +9.0572e-01 +3.3674e-01 -2.5589e+00 -3.6065e+00 -2.2588e-01 -2.7768e+00 +2.1890e+00
851 0 +1.958213552e+00 +6.674821355e+01 +6.674821355e+01 -2.1429e+00 -2.0588e+00 -3.6272e-01 +7.2992e-01 +1.0032e-01 -2.6937e+00 -4.0875e+00 +6.8329e-01 -3.1991e+00 +1.9786e+00
1009 0 +1.500826870e+00 +6.629082687e+01 +6.629082687e+01 -1.9394e+00 -1.7041e+00 +2.1189e-01 +1.1890e+00 -2.4900e-01 -2.5982e+00 -3.7181e+00 +2.0626e-01 -3.1128e+00 +2.4160e+00
1010 0 +1.499626730e+00 +6.628962673e+01 +6.628962673e+01 -2.5389e+00 -2.3690e+00 -3.5888e-01 +7.8645e-01 +8.0529e-02 -2.4534e+00 -4.0595e+00 +1.7360e-01 -3.1749e+00 +2.1663e+00
1101 0 +1.159845150e+00 +6.594984515e+01 +6.594984515e+01 -2.5278e+00 -2.4272e+00 -7.1691e-01 +5.2002e-01 +9.4569e-02 -2.4965e+00 -4.1644e+00 +2.7830e-01 -3.1436e+00 +2.0864e+00
1153 0 +6.707153491e-01 +6.546071535e+01 +6.546071535e+01 -1.8199e+00 -2.2421e+00 -4.6860e-01 +1.1072e+00 -2.4299e-01 -2.8112e+00 -4.0614e+00 +2.1190e-02 -3.5214e+00 +2.5443e+00
1259 0 +5.280561725e-01 +6.531805617e+01 +6.531805617e+01 -1.9892e+00 -2.4994e+00 -3.3949e-01 +1.3403e+00 -3.1267e-01 -2.9532e+00 -4.1416e+00 -3.0341e-01 -3.2867e+00 +2.5466e+00
1302 0 +4.247496582e-01 +6.521474966e+01 +6.521474966e+01 -1.6990e+00 -2.2834e+00 -1.4941e-01 +1.3374e+00 -9.2077e-02 -2.9207e+00 -4.0400e+00 +1.1402e-01 -3.4197e+00 +2.4109e+00
1469 0 +3.590650562e-01 +6.514906506e+01 +6.514906506e+01 -1.8951e+00 -1.9455e+00 +2.1660e-02 +1.5721e+00 -5.0166e-01 -3.0589e+00 -3.8604e+00 -1.5260e-02 -3.7097e+00 +2.6615e+00
1505 0 +2.649621297e-01 +6.505496213e+01 +6.505496213e+01 -1.7827e+00 -1.8173e+00 -2.7877e-02 +1.4053e+00 -1.3968e-01 -2.9287e+00 -3.7309e+00 -5.7805e-02 -3.6073e+00 +2.5783e+00
1557 0 +1.677041842e-01 +6.495770418e+01 +6.495770418e+01 -1.9106e+00 -2.1135e+00 -7.4708e-02 +1.4549e+00 -3.7886e-01 -3.0910e+00 -3.9898e+00 -6.5396e-02 -3.5597e+00 +2.4779e+00
1651 0 +8.260645108e-02 +6.487260645e+01 +6.487260645e+01 -1.8512e+00 -2.0350e+00 -2.5148e-01 +1.2589e+00 -1.8209e-01 -2.8811e+00 -3.9776e+00 -4.8978e-02 -3.4182e+00 +2.4834e+00
1762 0 +7.982100137e-02 +6.486982100e+01 +6.486982100e+01 -2.0053e+00 -2.0020e+00 -1.3613e-01 +1.3377e+00 -2.7592e-01 -2.9890e+00 -3.9156e+00 -6.8533e-02 -3.4984e+00 +2.5509e+00
1799 0 +6.256714060e-02 +6.485256714e+01 +6.485256714e+01 -1.9881e+00 -2.1808e+00 -8.3309e-02 +1.3142e+00 -2.6410e-01 -2.9987e+00 -3.9113e+00 -1.4349e-02 -3.4385e+00 +2.5002e+00
1803 0 +5.778816173e-02 +6.484778816e+01 +6.484778816e+01 -1.8693e+00 -2.1431e+00 -1.5119e-01 +1.3172e+00 -2.8299e-01 -2.9603e+00 -3.9575e+00 -6.0310e-02 -3.4407e+00 +2.5607e+00
1851 0 +3.542459564e-02 +6.482542460e+01 +6.482542460e+01 -1.9066e+00 -2.1017e+00 -1.2920e-01 +1.3263e+00 -2.3029e-01 -2.9376e+00 -3.9919e+00 +1.4922e-02 -3.4382e+00 +2.4923e+00
1961 0 +1.973425921e-02 +6.480973426e+01 +6.480973426e+01 -1.7931e+00 -2.1807e+00 -1.6647e-01 +1.3681e+00 -2.8033e-01 -2.9701e+00 -3.9575e+00 -6.4525e-02 -3.4880e+00 +2.5162e+00
1963 0 +1.771058650e-02 +6.480771059e+01 +6.480771059e+01 -1.8771e+00 -2.1646e+00 -1.3886e-01 +1.3062e+00 -2.0212e-01 -2.9185e+00 -3.9822e+00 -4.4222e-02 -3.4830e+00 +2.4461e+00
1983 0 +9.834620926e-03 +6.479983462e+01 +6.479983462e+01 -1.8728e+00 -2.0654e+00 -1.1615e-01 +1.3805e+00 -2.4336e-01 -3.0093e+00 -3.9434e+00 -1.0141e-01 -3.4967e+00 +2.5691e+00
2455 0 +4.281884003e-08 +6.479000004e+01 +6.479000004e+01 -1.8441e+00 -2.0951e+00 -1.0285e-01 +1.4100e+00 -2.7358e-01 -2.9738e+00 -3.9458e+00 -6.4884e-02 -3.4838e+00 +2.5500e+00
% f evaluations | g evaluations | best noise-free fitness - Fopt (-1.000000000000e+03) + sum g_i+ | measured fitness | best measured fitness or single-digit g-values | x1 | x2...
1 0 +3.425201029e+02 -6.574798971e+02 -6.574798971e+02 +5.9671e-01 -3.8264e-02 +7.4769e-01 +1.6230e+00 -1.3415e-01 -1.3414e-01 +1.6792e+00 +8.6743e-01 -3.6947e-01 +6.4256e-01
2 0 +1.988236968e+02 -8.011763032e+02 -8.011763032e+02 -3.6342e-01 -3.6573e-01 +3.4196e-01 -1.8133e+00 -1.6249e+00 -4.6229e-01 -9.1283e-01 +4.1425e-01 -8.0802e-01 -1.3123e+00
8 0 +1.601156039e+02 -8.398843961e+02 -8.398843961e+02 +4.6140e-01 +1.6380e+00 +6.4174e-02 +1.6646e+00 -2.5197e+00 +9.2190e-01 +1.8705e-01 -1.9901e-01 +1.9176e-01 -1.8876e+00
14 0 +1.378348610e+02 -8.621651390e+02 -8.621651390e+02 -1.4507e+00 +1.6856e-01 -9.6230e-01 +5.7359e-01 -8.1942e-01 +1.6499e+00 -6.8325e-01 -2.2206e-01 +9.1352e-01 -1.1309e+00
51 0 +8.134058273e+01 -9.186594173e+02 -9.186594173e+02 -8.3510e-01 -3.1075e-01 -1.9120e+00 +1.1520e+00 -1.7459e+00 +1.0786e+00 +7.6944e-02 +1.7038e-01 +1.9228e+00 +7.4340e-01
56 0 +7.978197272e+01 -9.202180273e+02 -9.202180273e+02 -1.2279e+00 +4.3322e-01 -5.1080e-01 +1.1126e-01 -2.3812e+00 +2.2283e-01 +2.6538e-01 -7.4677e-02 +1.3771e+00 -7.2074e-01
74 0 +7.465913974e+01 -9.253408603e+02 -9.253408603e+02 +8.3793e-01 -1.0785e+00 +5.0641e-01 +4.2795e-01 -2.7189e+00 +7.2489e-01 -1.7939e-01 +9.6622e-01 +9.6857e-01 -6.5150e-01
103 0 +4.784498044e+01 -9.521550196e+02 -9.521550196e+02 -9.1674e-01 -1.5901e+00 +5.7171e-01 -2.7045e-01 -4.6564e+00 +1.4880e+00 +4.5420e-02 -5.9815e-01 +3.2239e+00 -1.8602e+00
121 0 +3.921791225e+01 -9.607820878e+02 -9.607820878e+02 -2.8592e+00 +9.4935e-01 -2.3464e+00 +1.8978e+00 -3.0857e+00 +1.5608e+00 -2.3551e+00 -1.5349e+00 +1.6356e+00 +4.0266e-01
130 0 +2.478776414e+01 -9.752122359e+02 -9.752122359e+02 -2.6926e+00 -1.2728e+00 -1.2160e+00 -1.2727e+00 -2.6570e+00 +9.3155e-01 -1.3057e+00 +1.3885e+00 +4.5411e+00 -9.7170e-01
411 0 +2.214105656e+01 -9.778589434e+02 -9.778589434e+02 -3.7156e+00 -1.7235e+00 -1.6740e+00 -5.5576e-01 -3.9708e+00 +2.9625e+00 -3.3095e+00 +2.1491e+00 +4.5499e+00 -1.3117e-01
446 0 +2.138396886e+01 -9.786160311e+02 -9.786160311e+02 -1.9986e+00 -1.0462e+00 -1.6985e-01 -1.4234e+00 -3.4021e+00 +2.1538e+00 -2.6131e+00 +5.2306e-01 +4.4411e+00 -5.5105e-01
515 0 +2.071451407e+01 -9.792854859e+02 -9.792854859e+02 -3.3933e+00 -1.2236e+00 -1.8519e+00 -6.4451e-01 -2.3005e+00 +2.8012e+00 -2.8872e+00 +2.2168e+00 +2.9517e+00 +5.5879e-02
531 0 +1.609825148e+01 -9.839017485e+02 -9.839017485e+02 -3.7705e+00 -5.3242e-01 -1.5456e+00 -4.0485e-01 -3.1583e+00 +2.3442e+00 -1.4498e+00 +1.0005e+00 +4.1856e+00 -6.3364e-01
551 0 +1.403240055e+01 -9.859675994e+02 -9.859675994e+02 -3.2618e+00 -1.0955e+00 -2.8160e+00 +5.8432e-02 -2.6249e+00 +1.8746e+00 -1.9896e+00 +6.9786e-01 +3.6701e+00 -8.2163e-01
561 0 +8.164755783e+00 -9.918352442e+02 -9.918352442e+02 -3.1724e+00 -1.6787e+00 -1.3464e+00 +1.1901e-01 -3.1590e+00 +2.2944e+00 -2.9963e+00 +1.4443e+00 +3.2442e+00 -5.6489e-01
601 0 +5.884344965e+00 -9.941156550e+02 -9.941156550e+02 -3.7925e+00 -1.5220e+00 -1.7800e+00 -1.1032e-02 -3.0503e+00 +2.0406e+00 -2.4531e+00 +3.0293e-01 +3.6431e+00 -9.7424e-01
602 0 +2.284932354e+00 -9.977150676e+02 -9.977150676e+02 -3.3545e+00 -1.5644e+00 -1.9208e+00 -3.2802e-01 -2.6805e+00 +1.8410e+00 -2.2833e+00 +5.1833e-01 +3.7841e+00 -4.4799e-01
703 0 +1.674991124e+00 -9.983250089e+02 -9.983250089e+02 -4.0311e+00 -1.0949e+00 -2.0876e+00 -2.3098e-01 -2.9377e+00 +2.2203e+00 -2.9133e+00 +5.1234e-01 +3.2952e+00 -1.6089e-01
909 0 +1.221234865e+00 -9.987787651e+02 -9.987787651e+02 -3.8544e+00 -1.1169e+00 -1.8237e+00 -1.7199e-01 -3.1315e+00 +2.1529e+00 -2.7459e+00 +2.9541e-01 +3.4046e+00 -5.6830e-01
1055 0 +1.058393918e+00 -9.989416061e+02 -9.989416061e+02 -3.9026e+00 -1.4763e+00 -2.0029e+00 -4.0412e-01 -2.8663e+00 +2.1391e+00 -2.5333e+00 +6.5345e-01 +3.6844e+00 -3.0928e-01
1064 0 +9.807057110e-01 -9.990192943e+02 -9.990192943e+02 -3.9543e+00 -1.4653e+00 -1.9900e+00 -3.3212e-01 -3.1102e+00 +2.1514e+00 -3.0832e+00 +6.0918e-01 +3.8991e+00 -1.8321e-01
1108 0 +8.027682811e-01 -9.991972317e+02 -9.991972317e+02 -3.8586e+00 -1.3372e+00 -2.1322e+00 -2.9801e-01 -2.7872e+00 +2.2200e+00 -2.6317e+00 +8.7961e-01 +3.5515e+00 -2.5004e-02
1120 0 +7.123153196e-01 -9.992876847e+02 -9.992876847e+02 -3.6751e+00 -1.0390e+00 -1.9122e+00 +3.9077e-03 -3.2730e+00 +2.5299e+00 -2.9011e+00 +7.2413e-01 +3.3441e+00 -2.0465e-01
1152 0 +6.044089764e-01 -9.993955910e+02 -9.993955910e+02 -4.1282e+00 -1.2077e+00 -2.1453e+00 -1.6773e-01 -3.1065e+00 +2.2175e+00 -3.1386e+00 +6.6935e-01 +3.7994e+00 -2.9540e-01
1163 0 +2.978280558e-01 -9.997021719e+02 -9.997021719e+02 -3.6312e+00 -1.3191e+00 -1.9375e+00 -3.4156e-01 -3.0819e+00 +2.4956e+00 -2.7075e+00 +7.0204e-01 +3.6163e+00 -1.1591e-01
1247 0 +2.368126303e-01 -9.997631874e+02 -9.997631874e+02 -4.1146e+00 -1.2376e+00 -2.1980e+00 -3.7620e-01 -2.9886e+00 +2.5342e+00 -3.0391e+00 +8.3312e-01 +3.7857e+00 +9.4682e-03
1303 0 +1.574895083e-01 -9.998425105e+02 -9.998425105e+02 -3.8747e+00 -1.2567e+00 -2.1653e+00 -2.5746e-01 -3.0752e+00 +2.6067e+00 -3.0424e+00 +7.0271e-01 +3.7477e+00 -6.5067e-02
1414 0 +1.065785503e-01 -9.998934214e+02 -9.998934214e+02 -3.7664e+00 -1.3225e+00 -2.0085e+00 -3.1469e-01 -3.0822e+00 +2.4373e+00 -2.8485e+00 +6.3285e-01 +3.7250e+00 -9.5801e-02
1453 0 +8.244500363e-02 -9.999175550e+02 -9.999175550e+02 -3.7946e+00 -1.2807e+00 -2.0482e+00 -3.4142e-01 -3.0183e+00 +2.4087e+00 -2.8623e+00 +7.7035e-01 +3.6823e+00 -9.5926e-03
1601 0 +6.916064953e-02 -9.999308394e+02 -9.999308394e+02 -3.8116e+00 -1.3111e+00 -2.0977e+00 -3.3458e-01 -3.1034e+00 +2.4908e+00 -2.8938e+00 +7.8424e-01 +3.6573e+00 -1.6453e-01
1652 0 +4.993760278e-02 -9.999500624e+02 -9.999500624e+02 -3.8190e+00 -1.2825e+00 -2.1248e+00 -3.3019e-01 -3.0878e+00 +2.4950e+00 -2.8915e+00 +7.6523e-01 +3.6677e+00 -4.5255e-02
1708 0 +4.215757850e-02 -9.999578424e+02 -9.999578424e+02 -3.8797e+00 -1.2939e+00 -2.1090e+00 -2.8509e-01 -3.0428e+00 +2.3956e+00 -2.9561e+00 +7.1419e-01 +3.7196e+00 -6.6363e-02
1759 0 +1.987905548e-02 -9.999801209e+02 -9.999801209e+02 -3.8755e+00 -1.3561e+00 -2.1958e+00 -3.3748e-01 -3.0342e+00 +2.5306e+00 -2.9193e+00 +7.8411e-01 +3.7522e+00 +6.4617e-02
1772 0 +1.757426313e-02 -9.999824257e+02 -9.999824257e+02 -3.9041e+00 -1.3160e+00 -2.1649e+00 -3.0987e-01 -3.0330e+00 +2.4943e+00 -2.9494e+00 +7.8740e-01 +3.7255e+00 +3.6324e-02
1912 0 +4.180828910e-07 -9.999999996e+02 -9.999999996e+02 -3.8778e+00 -1.2856e+00 -2.1456e+00 -2.7408e-01 -3.0439e+00 +2.4662e+00 -2.8785e+00 +7.9040e-01 +3.7192e+00 -3.5250e-02
2153 0 +1.651586672e-07 -9.999999998e+02 -9.999999998e+02 -3.8786e+00 -1.2876e+00 -2.1560e+00 -3.0014e-01 -3.0481e+00 +2.4738e+00 -2.9004e+00 +7.6781e-01 +3.6976e+00 -2.6809e-02
2173 0 +1.128432814e-08 -1.000000000e+03 -1.000000000e+03 -3.9035e+00 -1.3059e+00 -2.1629e+00 -3.1295e-01 -3.0193e+00 +2.4638e+00 -2.9140e+00 +7.8584e-01 +3.7093e+00 -2.0702e-02
2432 0 +5.468791642e-09 -1.000000000e+03 -1.000000000e+03 -3.9134e+00 -1.2888e+00 -2.1577e+00 -3.1880e-01 -3.0314e+00 +2.4631e+00 -2.9017e+00 +7.6969e-01 +3.7215e+00 -3.1043e-02
% f evaluations | g evaluations | best noise-free fitness - Fopt (1.640700000000e+02) + sum g_i+ | measured fitness | best measured fitness or single-digit g-values | x1 | x2...
1 0 +9.695988185e+02 +1.133668818e+03 +1.133668818e+03 +5.9671e-01 -3.8264e-02 +7.4769e-01 +1.6230e+00 -1.3415e-01 -1.3414e-01 +1.6792e+00 +8.6743e-01 -3.6947e-01 +6.4256e-01
2 0 +5.110056297e+02 +6.750756297e+02 +6.750756297e+02 -3.6342e-01 -3.6573e-01 +3.4196e-01 -1.8133e+00 -1.6249e+00 -4.6229e-01 -9.1283e-01 +4.1425e-01 -8.0802e-01 -1.3123e+00
4 0 +4.136837239e+02 +5.777537239e+02 +5.777537239e+02 -5.0171e-01 +1.9523e+00 +8.6503e-02 -9.5771e-01 +9.2254e-01 -1.1208e+00 +3.0886e-01 -1.8597e+00 -1.2282e+00 +2.9686e-01
8 0 +3.129186968e+02 +4.769886968e+02 +4.769886968e+02 +4.6140e-01 +1.6380e+00 +6.4174e-02 +1.6646e+00 -2.5197e+00 +9.2190e-01 +1.8705e-01 -1.9901e-01 +1.9176e-01 -1.8876e+00
51 0 +1.678232189e+02 +3.318932189e+02 +3.318932189e+02 -5.2616e-01 +2.8692e+00 -6.4594e-02 +1.4096e+00 -1.5773e+00 +1.3903e+00 +1.6226e+00 -1.2967e-01 +5.3560e-01 -1.8221e+00
55 0 +1.136469654e+02 +2.777169654e+02 +2.777169654e+02 -1.3448e+00 +1.4108e+00 -1.6899e+00 +1.7375e-01 +6.9061e-01 +1.1042e+00 -1.8458e+00 -5.6012e-01 -1.2330e-01 -3.3772e+00
152 0 +1.107174814e+02 +2.747874814e+02 +2.747874814e+02 -2.7086e+00 +2.0379e+00 -2.3435e-01 +4.3680e-01 -4.3313e-01 +4.5666e-01 -3.4884e+00 +3.6386e+00 -2.9383e-01 -3.9876e+00
181 0 +1.019632692e+02 +2.660332692e+02 +2.660332692e+02 -4.6168e+00 +6.0967e-01 -4.2500e-01 -3.2201e-02 +1.7674e-01 +1.4157e+00 -1.0616e-01 +2.5965e+00 +2.7628e+00 -1.7038e+00
192 0 +8.975028529e+01 +2.538202853e+02 +2.538202853e+02 -1.2086e+00 -1.7367e-01 -3.8294e+00 +1.9014e+00 -1.2911e+00 +2.9487e+00 +1.0813e-01 -4.5292e-01 +1.5980e+00 -4.1235e+00
203 0 +8.027030402e+01 +2.443403040e+02 +2.443403040e+02 -2.5345e+00 +1.9861e+00 -1.5050e+00 +1.6038e+00 -8.3393e-02 +2.5886e+00 -1.9593e+00 +2.5413e+00 +2.0542e+00 -3.4939e+00
307 0 +5.693090998e+01 +2.210009100e+02 +2.210009100e+02 -2.9712e+00 +1.2484e+00 -3.4511e+00 +1.1155e+00 -5.2971e-01 +3.1765e+00 -6.9517e-01 +1.8492e+00 +6.4540e-01 -4.0457e+00
356 0 +5.387400492e+01 +2.179440049e+02 +2.179440049e+02 -1.8336e+00 +2.2911e+00 -1.5327e+00 +4.1240e-02 -1.4386e+00 -3.6399e-01 -1.3244e+00 +3.0886e+00 +2.5520e+00 -4.8422e+00
363 0 +4.279343618e+01 +2.068634362e+02 +2.068634362e+02 -4.1366e+00 +1.1276e+00 -3.0693e+00 -1.4558e+00 -1.6418e+00 +1.3306e+00 +7.2627e-01 +3.0861e+00 +1.7962e+00 -3.6853e+00
412 0 +2.927928996e+01 +1.933492900e+02 +1.933492900e+02 -3.5487e+00 +7.9227e-01 -2.4320e+00 -1.3244e+00 -5.4375e-01 +9.0178e-01 +3.4408e+00 +7.7840e-01 +1.9833e+00 -2.5988e+00
465 0 +2.619345630e+01 +1.902634563e+02 +1.902634563e+02 -4.0867e+00 +1.5763e+00 -1.4151e+00 -3.1292e+00 -4.9267e-01 -3.8823e-01 +1.8426e+00 +4.9278e+00 +3.1057e+00 -3.4766e+00
520 0 +2.361749007e+01 +1.876874901e+02 +1.876874901e+02 -4.9829e+00 -1.7299e-01 -2.9875e+00 -1.5643e+00 -1.3791e-01 +2.8301e-01 +2.0565e+00 +1.4831e+00 +2.9824e+00 -2.8587e+00
554 0 +2.334032046e+01 +1.874103205e+02 +1.874103205e+02 -4.4657e+00 +1.0978e+00 -3.0019e+00 -1.0767e+00 -5.6754e-01 +1.6610e+00 +4.8279e-01 +3.3886e+00 +3.6155e+00 -3.8365e+00
555 0 +2.035715590e+01 +1.844271559e+02 +1.844271559e+02 -3.1377e+00 +2.0150e+00 -2.5130e+00 -1.6671e+00 -7.0104e-01 +1.0054e+00 +2.8614e+00 +4.1831e+00 +2.7587e+00 -4.1712e+00
564 0 +1.769027593e+01 +1.817602759e+02 +1.817602759e+02 -3.8259e+00 +6.7049e-01 -2.9736e+00 -1.3044e+00 -1.2702e+00 -2.1808e-01 +2.9191e+00 +3.2219e+00 +3.2997e+00 -3.0610e+00
602 0 +1.113644673e+01 +1.752064467e+02 +1.752064467e+02 -3.4305e+00 +1.3469e+00 -2.4002e+00 -1.6001e+00 -1.5036e+00 +4.9983e-01 +1.9481e+00 +3.5135e+00 +3.2957e+00 -3.4961e+00
807 0 +7.123744889e+00 +1.711937449e+02 +1.711937449e+02 -1.3265e+00 +3.5281e+00 -3.0383e+00 -2.8017e+00 -2.6387e+00 -6.4036e-01 +1.2487e+00 +1.9911e+00 +2.6400e+00 -4.0443e+00
860 0 +6.048859440e+00 +1.701188594e+02 +1.701188594e+02 -1.7763e+00 +3.1392e+00 -2.8760e+00 -2.2490e+00 -2.5948e+00 +5.3308e-01 +1.9617e+00 +2.8354e+00 +2.7654e+00 -3.9423e+00
952 0 +6.035588997e+00 +1.701055890e+02 +1.701055890e+02 -1.9991e+00 +2.6081e+00 -2.8695e+00 -2.0992e+00 -1.6294e+00 -2.8915e-01 +2.2453e+00 +1.8584e+00 +2.6524e+00 -3.8379e+00
968 0 +3.467019682e+00 +1.675370197e+02 +1.675370197e+02 -1.3963e+00 +3.7490e+00 -3.3674e+00 -3.1957e+00 -2.2880e+00 +1.4783e+00 +2.3514e+00 +1.7401e+00 +2.4736e+00 -3.6443e+00
1156 0 +2.674049780e+00 +1.667440498e+02 +1.667440498e+02 -2.3018e+00 +3.4612e+00 -3.4091e+00 -2.8029e+00 -2.3574e+00 +2.3543e+00 +2.1181e+00 +2.3539e+00 +2.9372e+00 -3.6906e+00
1278 0 +2.372116598e+00 +1.664421166e+02 +1.664421166e+02 -2.1925e+00 +3.2056e+00 -3.0172e+00 -2.8752e+00 -2.5004e+00 +5.5333e-01 +1.9322e+00 +2.2074e+00 +2.8824e+00 -3.2739e+00
1364 0 +2.192261444e+00 +1.662622614e+02 +1.662622614e+02 -1.3584e+00 +4.3869e+00 -3.3605e+00 -3.4741e+00 -3.0567e+00 +1.2926e+00 +2.0339e+00 +1.6534e+00 +2.6559e+00 -3.5051e+00
1376 0 +1.791835642e+00 +1.658618356e+02 +1.658618356e+02 -2.0771e+00 +4.0890e+00 -3.2988e+00 -3.9365e+00 -2.5668e+00 +1.4823e+00 +2.4408e+00 +2.1594e+00 +3.4207e+00 -3.4184e+00
1410 0 +1.714654395e+00 +1.657846544e+02 +1.657846544e+02 -2.5805e+00 +3.7296e+00 -2.8718e+00 -2.8345e+00 -2.2673e+00 +2.1219e+00 +2.1019e+00 +2.5051e+00 +2.9214e+00 -3.0960e+00
1512 0 +4.153431223e-01 +1.644853431e+02 +1.644853431e+02 -2.1167e+00 +3.8505e+00 -2.7691e+00 -3.3179e+00 -2.5243e+00 +1.9053e+00 +2.0559e+00 +2.5185e+00 +3.0464e+00 -3.2511e+00
1726 0 +3.800375649e-01 +1.644500376e+02 +1.644500376e+02 -1.9385e+00 +3.9680e+00 -2.9464e+00 -3.0573e+00 -2.4848e+00 +2.1158e+00 +2.0400e+00 +2.3191e+00 +2.8187e+00 -3.3672e+00
1880 0 +1.517716999e-01 +1.642217717e+02 +1.642217717e+02 -2.0603e+00 +3.9070e+00 -2.8027e+00 -3.0896e+00 -2.4620e+00 +2.2376e+00 +2.1066e+00 +2.6329e+00 +2.8900e+00 -3.3911e+00
2066 0 +1.383921525e-01 +1.642083922e+02 +1.642083922e+02 -2.2592e+00 +3.8504e+00 -2.6715e+00 -3.1983e+00 -2.3530e+00 +2.1099e+00 +1.8779e+00 +2.8115e+00 +2.9505e+00 -3.3140e+00
2162 0 +6.347718127e-02 +1.641334772e+02 +1.641334772e+02 -2.2979e+00 +3.8038e+00 -2.7054e+00 -3.1464e+00 -2.3425e+00 +2.2407e+00 +2.0711e+00 +2.8205e+00 +3.0092e+00 -3.3183e+00
2221 0 +5.032445583e-02 +1.641203245e+02 +1.641203245e+02 -2.2419e+00 +3.8961e+00 -2.6567e+00 -3.1219e+00 -2.4510e+00 +2.3638e+00 +1.9844e+00 +2.8089e+00 +2.9375e+00 -3.3446e+00
2305 0 +4.695520053e-02 +1.641169552e+02 +1.641169552e+02 -2.2715e+00 +3.8678e+00 -2.5774e+00 -3.1281e+00 -2.3689e+00 +2.2748e+00 +2.0455e+00 +2.8438e+00 +2.9418e+00 -3.2557e+00
2369 0 +3.424607525e-02 +1.641042461e+02 +1.641042461e+02 -2.2101e+00 +3.8352e+00 -2.6972e+00 -3.1044e+00 -2.3646e+00 +2.3021e+00 +1.9991e+00 +2.7729e+00 +2.9111e+00 -3.3451e+00
2398 0 +3.302804999e-02 +1.641030280e+02 +1.641030280e+02 -2.0887e+00 +4.0127e+00 -2.6485e+00 -3.1435e+00 -2.4424e+00 +2.1794e+00 +1.9558e+00 +2.8631e+00 +2.9495e+00 -3.3903e+00
2404 0 +2.306066850e-02 +1.640930607e+02 +1.640930607e+02 -2.1341e+00 +3.9970e+00 -2.6611e+00 -3.1062e+00 -2.4291e+00 +2.2611e+00 +2.0130e+00 +2.8672e+00 +2.9406e+00 -3.3334e+00
2471 0 +1.897508743e-02 +1.640889751e+02 +1.640889751e+02 -2.1183e+00 +3.9575e+00 -2.6767e+00 -3.0925e+00 -2.4042e+00 +2.2595e+00 +2.0183e+00 +2.7440e+00 +2.8962e+00 -3.3181e+00
% f evaluations | g evaluations | best noise-free fitness - Fopt (-1.656800000000e+02) + sum g_i+ | measured fitness | best measured fitness or single-digit g-values | x1 | x2...
1 0 +7.478022085e+01 -9.089977915e+01 -9.089977915e+01 +5.9671e-01 -3.8264e-02 +7.4769e-01 +1.6230e+00 -1.3415e-01 -1.3414e-01 +1.6792e+00 +8.6743e-01 -3.6947e-01 +6.4256e-01
10 0 +6.202659801e+01 -1.036534020e+02 -1.036534020e+02 +1.9708e-01 +1.0686e+00 -6.0205e-01 -2.2766e-01 -2.9211e-01 -1.3635e+00 +3.9612e-01 +3.6106e-01 +1.0511e-01 -1.3459e-01
40 0 +3.938228109e+01 -1.262977189e+02 -1.262977189e+02 -7.9841e-01 +5.9192e-01 -1.2202e+00 +1.9315e+00 +1.2794e+00 -3.6918e-01 -1.6131e+00 +1.4539e+00 -1.4540e-02 +1.3378e+00
61 0 +2.533187116e+01 -1.403481288e+02 -1.403481288e+02 -3.4285e-01 +4.1740e-01 +8.1423e-01 +2.0429e+00 +2.3636e+00 -3.3603e-01 +7.2525e-01 +1.9912e+00 -1.9556e-01 +1.1831e+00
153 0 +1.323828495e+01 -1.524417151e+02 -1.524417151e+02 -1.2401e+00 +1.0653e+00 +1.0993e+00 +1.3926e+00 +1.3303e+00 -2.0925e+00 +2.0187e+00 +3.7145e+00 -6.3428e-01 +4.7035e-01
408 0 +1.307187197e+01 -1.526081280e+02 -1.526081280e+02 -8.0295e-01 +1.1573e+00 +2.4249e+00 +1.1664e+00 +1.5189e+00 -3.3465e+00 +2.2455e+00 +2.9965e+00 +1.0173e+00 -1.7254e+00
427 0 +1.197718775e+01 -1.537028123e+02 -1.537028123e+02 -1.7181e+00 +4.8006e-02 +9.6337e-01 +2.2660e+00 +3.0701e+00 +6.8145e-01 +8.4853e-01 +3.3522e+00 +1.1711e+00 +8.3238e-01
454 0 +4.829708459e+00 -1.608502915e+02 -1.608502915e+02 -4.2724e-01 +4.4196e-01 +1.8679e+00 +1.3336e+00 +2.5930e+00 -2.7196e+00 +1.3815e+00 +3.5755e+00 +1.3372e+00 -1.1202e+00
614 0 +3.231492541e+00 -1.624485075e+02 -1.624485075e+02 -1.2004e+00 +4.8428e-01 +1.3168e+00 +1.6410e+00 +1.5610e+00 -2.1149e+00 +1.9410e+00 +3.1157e+00 +3.4474e-01 -8.7680e-01
851 0 +2.536192159e+00 -1.631438078e+02 -1.631438078e+02 -1.4455e+00 -2.6841e-01 +1.8974e+00 +1.4376e+00 +1.9799e+00 -3.8911e+00 +1.1174e+00 +3.3166e+00 +9.1690e-01 -1.4398e+00
870 0 +2.069640570e+00 -1.636103594e+02 -1.636103594e+02 -6.3332e-01 -6.1583e-02 +1.4502e+00 +1.6958e+00 +1.8645e+00 -4.0234e+00 +2.5408e-01 +3.0003e+00 +3.2600e-01 -7.5977e-01
1001 0 +1.799296655e+00 -1.638807033e+02 -1.638807033e+02 -1.0012e+00 +4.0197e-02 +1.6613e+00 +1.4999e+00 +1.3201e+00 -3.3989e+00 +1.0738e+00 +2.7683e+00 +3.2789e-01 -1.1351e+00
1010 0 +1.278856131e+00 -1.644011439e+02 -1.644011439e+02 -9.9242e-01 +1.9058e-01 +1.4776e+00 +1.2686e+00 +1.8835e+00 -3.4300e+00 +1.2210e+00 +2.9676e+00 +7.6214e-01 -1.0402e+00
1151 0 +8.326134629e-01 -1.648473865e+02 -1.648473865e+02 -1.1564e+00 -1.7337e-02 +1.5399e+00 +1.5485e+00 +1.7007e+00 -3.4515e+00 +9.5084e-01 +2.9513e+00 +4.8238e-01 -8.9018e-01
1244 0 +7.587459489e-01 -1.649212541e+02 -1.649212541e+02 -1.1905e+00 +6.9161e-02 +1.3833e+00 +1.5704e+00 +1.8206e+00 -2.9239e+00 +8.6587e-01 +2.9603e+00 +4.5333e-01 -6.9553e-01
1259 0 +5.764942022e-01 -1.651035058e+02 -1.651035058e+02 -1.0079e+00 -2.9812e-01 +1.4634e+00 +1.6886e+00 +1.6509e+00 -3.1438e+00 +8.4706e-01 +2.9609e+00 +3.6961e-01 -8.3407e-01
1414 0 +4.529047085e-01 -1.652270953e+02 -1.652270953e+02 -9.9761e-01 -5.8158e-01 +1.6709e+00 +1.8201e+00 +2.0190e+00 -3.2543e+00 +9.2966e-01 +3.1529e+00 +8.6101e-01 -1.0874e+00
1462 0 +3.195336972e-01 -1.653604663e+02 -1.653604663e+02 -1.1338e+00 -2.4284e-01 +1.5195e+00 +1.5480e+00 +2.0288e+00 -3.1788e+00 +9.7011e-01 +3.0545e+00 +8.8028e-01 -9.2924e-01
1471 0 +1.603166761e-01 -1.655196833e+02 -1.655196833e+02 -1.1043e+00 -5.0879e-01 +1.5312e+00 +1.6751e+00 +1.9443e+00 -3.2410e+00 +7.5440e-01 +3.1772e+00 +7.8406e-01 -9.2814e-01
1611 0 +1.117352082e-01 -1.655682648e+02 -1.655682648e+02 -1.0046e+00 -3.9037e-01 +1.5349e+00 +1.7161e+00 +1.9116e+00 -3.3247e+00 +6.0978e-01 +3.0743e+00 +5.8659e-01 -7.7492e-01
1673 0 +8.778849028e-02 -1.655922115e+02 -1.655922115e+02 -1.0815e+00 -2.1372e-01 +1.5572e+00 +1.7078e+00 +1.9483e+00 -3.0613e+00 +8.6617e-01 +3.0891e+00 +6.3267e-01 -7.8512e-01
1737 0 +7.518609546e-02 -1.656048139e+02 -1.656048139e+02 -1.1283e+00 -3.2825e-01 +1.5888e+00 +1.7720e+00 +1.9784e+00 -2.9624e+00 +9.0545e-01 +3.0800e+00 +6.8857e-01 -8.3476e-01
1801 0 +6.404900132e-02 -1.656159510e+02 -1.656159510e+02 -1.0193e+00 -3.4978e-01 +1.5323e+00 +1.7925e+00 +1.8489e+00 -3.1528e+00 +6.6064e-01 +3.0264e+00 +5.8952e-01 -7.8657e-01
1869 0 +5.798227024e-02 -1.656220177e+02 -1.656220177e+02 -1.0382e+00 -4.7370e-01 +1.5739e+00 +1.8061e+00 +2.0581e+00 -2.9203e+00 +7.4396e-01 +3.1050e+00 +7.7620e-01 -7.9615e-01
1956 0 +2.863237712e-02 -1.656513676e+02 -1.656513676e+02 -1.1021e+00 -4.2133e-01 +1.5592e+00 +1.8263e+00 +1.9548e+00 -3.1230e+00 +6.1446e-01 +3.0913e+00 +6.5940e-01 -8.4085e-01
2091 0 +1.885468231e-02 -1.656611453e+02 -1.656611453e+02 -1.0610e+00 -3.8437e-01 +1.5483e+00 +1.8098e+00 +1.9616e+00 -2.9423e+00 +7.2540e-01 +3.0561e+00 +6.6692e-01 -7.7764e-01
2238 0 +1.542665847e-02 -1.656645733e+02 -1.656645733e+02 -1.0535e+00 -3.6002e-01 +1.5604e+00 +1.7911e+00 +1.9424e+00 -2.9870e+00 +7.7395e-01 +3.0689e+00 +6.6952e-01 -8.1932e-01
2257 0 +1.726047003e-07 -1.656799998e+02 -1.656799998e+02 -1.0465e+00 -4.4297e-01 +1.5975e+00 +1.8309e+00 +1.9718e+00 -3.0279e+00 +6.7667e-01 +3.0899e+00 +6.8554e-01 -8.2463e-01
2420 0 +9.746261753e-08 -1.656799999e+02 -1.656799999e+02 -1.0647e+00 -4.6337e-01 +1.5575e+00 +1.8241e+00 +2.0026e+00 -3.0517e+00 +6.9461e-01 +3.1002e+00 +7.0588e-01 -8.0715e-01
% f evaluations | g evaluations | best noise-free fitness - Fopt (9.284000000000e+01) + sum g_i+ | measured fitness | best measured fitness or single-digit g-values | x1 | x2...
1 0 +6.994656687e+02 +7.923056687e+02 +7.923056687e+02 +5.9671e-01 -3.8264e-02 +7.4769e-01 +1.6230e+00 -1.3415e-01 -1.3414e-01 +1.6792e+00 +8.6743e-01 -3.6947e-01 +6.4256e-01
6 0 +2.740300495e+02 +3.668700495e+02 +3.668700495e+02 +4.2408e-01 -2.8508e-01 -5.7692e-01 +7.1168e-01 +1.1310e+00 +1.0313e+00 -7.3922e-01 -2.0921e-01 +4.3126e-01 +1.0755e+00
12 0 +1.218396362e+02 +2.146796362e+02 +2.146796362e+02 -1.8188e+00 +7.3486e-02 +1.6023e-01 +2.5632e+00 -9.2361e-02 +4.0155e-01 +6.5288e-02 -1.0687e+00 +1.2428e+00 +8.5193e-01
62 0 +1.132771445e+02 +2.061171445e+02 +2.061171445e+02 +2.2525e-01 -2.4215e+00 -1.0545e+00 +3.6972e-01 +7.2291e-01 +1.0408e-01 -6.1942e-02 -9.3810e-01 +1.9852e-02 +1.5824e+00
81 0 +8.568016952e+01 +1.785201695e+02 +1.785201695e+02 +7.5704e-01 -1.2127e+00 -1.5958e+00 +6.8286e-01 +8.1525e-01 +4.1695e-01 +1.0964e+00 -1.0185e+00 +9.2892e-01 +4.1109e+00
103 0 +4.421749252e+01 +1.370574925e+02 +1.370574925e+02 +3.1960e-01 -1.7098e+00 -2.9577e+00 -6.4100e-01 -7.2695e-01 +2.4693e+00 +3.6094e-01 -2.7694e+00 +1.1643e+00 +2.9808e+00
201 0 +3.963514289e+01 +1.324751429e+02 +1.324751429e+02 +2.5935e+00 -2.1574e+00 -3.5779e+00 +2.7500e+00 +1.4281e+00 +9.2528e-01 +1.9460e+00 -4.1349e+00 +2.0986e+00 +5.1107e-01
261 0 +3.638277117e+01 +1.292227712e+02 +1.292227712e+02 +5.9636e-01 -2.4144e+00 -2.1744e+00 +8.9718e-01 -3.3335e-01 -3.7306e-01 -3.2875e-01 -1.6247e+00 +1.0155e+00 +2.8975e+00
352 0 +2.804067337e+01 +1.208806734e+02 +1.208806734e+02 +1.1198e-01 -1.1440e+00 -2.9471e+00 -2.3609e-01 +5.0440e-01 +6.7522e-01 +1.5386e+00 -1.8485e+00 +1.8596e+00 +2.8225e+00
405 0 +2.097616728e+01 +1.138161673e+02 +1.138161673e+02 +1.4015e-01 -1.1430e+00 -3.5364e+00 +1.3971e-01 -1.8354e-01 +1.2148e+00 +2.0205e+00 -2.6442e+00 +2.8373e+00 +2.4536e+00
414 0 +1.347327081e+01 +1.063132708e+02 +1.063132708e+02 +1.8287e+00 -1.7140e+00 -3.2398e+00 +2.1876e+00 +1.2128e+00 +1.1816e+00 +5.5242e-01 -2.5160e+00 +2.1768e+00 +1.0049e+00
480 0 +1.313215444e+01 +1.059721544e+02 +1.059721544e+02 +5.3175e-01 -5.3604e-01 -3.0968e+00 +2.0271e+00 -4.4467e-01 +2.8539e+00 -4.1837e-01 -3.4903e+00 +1.8530e+00 +1.9059e+00
502 0 +1.302443604e+01 +1.058644360e+02 +1.058644360e+02 +1.1680e+00 -1.4331e+00 -3.9247e+00 +6.5313e-01 +6.4896e-01 +6.1724e-01 +2.0288e+00 -2.2456e+00 +3.8792e+00 +2.2642e+00
503 0 +1.230266726e+01 +1.051426673e+02 +1.051426673e+02 +2.0685e+00 -2.0183e+00 -3.3763e+00 +2.0136e+00 +2.3266e+00 +7.8199e-01 +1.4374e+00 -2.3686e+00 +2.4850e+00 +7.7284e-01
541 0 +9.593613229e+00 +1.024336132e+02 +1.024336132e+02 +2.2545e+00 -2.3448e+00 -3.6645e+00 +1.1017e+00 +1.1457e+00 +2.7162e+00 +1.1610e+00 -1.7961e+00 +1.1143e+00 +3.0678e+00
706 0 +8.725376035e+00 +1.015653760e+02 +1.015653760e+02 +2.9217e+00 -2.4293e+00 -4.5512e+00 +1.0661e+00 +1.5419e+00 +2.6598e+00 +3.7734e-01 -2.5764e+00 +1.0384e+00 +2.3483e+00
709 0 +6.667728341e+00 +9.950772834e+01 +9.950772834e+01 +2.3130e+00 -2.5015e+00 -4.8643e+00 +4.1193e-01 +1.7924e+00 +2.1769e+00 +1.8164e+00 -1.7672e+00 +1.7637e+00 +2.9804e+00
735 0 +6.588751108e+00 +9.942875111e+01 +9.942875111e+01 +1.4893e+00 -1.4463e+00 -3.3459e+00 +1.1355e+00 +3.9554e-01 +2.5678e+00 +1.1332e+00 -2.8664e+00 +2.4502e+00 +2.5313e+00
752 0 +5.994151272e+00 +9.883415127e+01 +9.883415127e+01 +1.6875e+00 -1.9055e+00 -3.3910e+00 +2.1006e+00 +6.4024e-01 +2.4171e+00 +1.2509e+00 -1.1972e+00 +2.7156e+00 +3.0341e+00
767 0 +5.289118953e+00 +9.812911895e+01 +9.812911895e+01 +1.2869e+00 -1.3884e+00 -3.8452e+00 +1.2351e+00 +2.1285e-01 +2.8497e+00 +1.0046e+00 -2.2454e+00 +1.8595e+00 +3.0541e+00
804 0 +3.417661718e+00 +9.625766172e+01 +9.625766172e+01 +1.8782e+00 -2.2089e+00 -4.0708e+00 +1.2817e+00 +1.3109e+00 +2.1510e+00 +2.0501e+00 -1.5294e+00 +1.9512e+00 +3.0626e+00
818 0 +2.346657525e+00 +9.518665753e+01 +9.518665753e+01 +2.1644e+00 -2.0388e+00 -4.4928e+00 +1.3308e+00 +9.7626e-01 +2.4070e+00 +1.7369e+00 -1.9078e+00 +1.7465e+00 +3.0251e+00
952 0 +1.784027873e+00 +9.462402787e+01 +9.462402787e+01 +1.9921e+00 -1.8144e+00 -4.4976e+00 +1.2945e+00 +8.6385e-01 +2.2866e+00 +1.5407e+00 -1.5705e+00 +2.6190e+00 +3.2183e+00
1006 0 +1.690738387e+00 +9.453073839e+01 +9.453073839e+01 +1.8847e+00 -2.1457e+00 -3.8177e+00 +1.0037e+00 +9.8830e-01 +1.8046e+00 +1.5071e+00 -1.6973e+00 +2.1858e+00 +2.9852e+00
1091 0 +1.633915381e+00 +9.447391538e+01 +9.447391538e+01 +2.1349e+00 -2.1190e+00 -3.9105e+00 +1.0461e+00 +1.5084e+00 +1.6161e+00 +1.4146e+00 -1.9406e+00 +2.3041e+00 +2.7077e+00
1159 0 +1.551747624e+00 +9.439174762e+01 +9.439174762e+01 +2.0200e+00 -2.3059e+00 -3.7415e+00 +1.1584e+00 +9.7186e-01 +1.8539e+00 +1.5836e+00 -1.5100e+00 +1.9447e+00 +3.1418e+00
1210 0 +5.217419342e-01 +9.336174193e+01 +9.336174193e+01 +2.0616e+00 -2.0555e+00 -3.9762e+00 +8.0307e-01 +1.0281e+00 +2.0954e+00 +1.0628e+00 -1.6577e+00 +2.1365e+00 +3.3315e+00
1406 0 +5.039306646e-01 +9.334393066e+01 +9.334393066e+01 +2.0303e+00 -2.0736e+00 -3.9021e+00 +8.0549e-01 +9.6577e-01 +2.1398e+00 +1.1025e+00 -1.6731e+00 +2.2350e+00 +3.3816e+00
1702 0 +3.510696724e-01 +9.319106967e+01 +9.319106967e+01 +2.0700e+00 -2.1273e+00 -3.7228e+00 +7.8383e-01 +5.1195e-01 +2.5799e+00 +9.8163e-01 -1.6273e+00 +2.2352e+00 +3.8744e+00
1762 0 +2.434837766e-01 +9.308348378e+01 +9.308348378e+01 +2.0296e+00 -2.1119e+00 -3.7674e+00 +7.4081e-01 +6.3499e-01 +2.5407e+00 +1.1307e+00 -1.5812e+00 +2.2038e+00 +3.6523e+00
1806 0 +2.266801914e-01 +9.306668019e+01 +9.306668019e+01 +1.9006e+00 -1.9726e+00 -3.5996e+00 +8.7447e-01 +4.6026e-01 +2.6890e+00 +8.9987e-01 -1.6359e+00 +2.2226e+00 +3.6943e+00
1811 0 +1.628269586e-01 +9.300282696e+01 +9.300282696e+01 +2.1561e+00 -2.0863e+00 -3.6798e+00 +6.9494e-01 +5.0134e-01 +2.8189e+00 +7.6487e-01 -1.6175e+00 +2.2766e+00 +3.8709e+00
1902 0 +1.424352856e-01 +9.298243529e+01 +9.298243529e+01 +1.9926e+00 -2.1293e+00 -3.7270e+00 +8.0110e-01 +4.9316e-01 +2.4305e+00 +1.0593e+00 -1.4472e+00 +2.2500e+00 +3.7554e+00
1984 0 +1.421905488e-01 +9.298219055e+01 +9.298219055e+01 +1.9445e+00 -2.1211e+00 -3.7192e+00 +6.6369e-01 +3.6673e-01 +2.6057e+00 +1.0135e+00 -1.5213e+00 +2.1691e+00 +3.9491e+00
2019 0 +7.657976447e-02 +9.291657976e+01 +9.291657976e+01 +2.0167e+00 -2.1292e+00 -3.5104e+00 +6.7598e-01 +2.7080e-01 +2.8344e+00 +6.9076e-01 -1.5209e+00 +2.1592e+00 +4.0465e+00
2103 0 +6.914444632e-02 +9.290914445e+01 +9.290914445e+01 +2.0492e+00 -2.1310e+00 -3.6099e+00 +7.1409e-01 +3.7823e-01 +2.7301e+00 +9.3784e-01 -1.4832e+00 +2.3182e+00 +3.9553e+00
2123 0 +6.441129718e-02 +9.290441130e+01 +9.290441130e+01 +2.0228e+00 -2.0784e+00 -3.5727e+00 +7.8136e-01 +2.5068e-01 +2.8468e+00 +5.8928e-01 -1.5550e+00 +2.3113e+00 +4.0023e+00
2130 0 +6.202258746e-02 +9.290202259e+01 +9.290202259e+01 +2.0660e+00 -2.1182e+00 -3.5901e+00 +8.5318e-01 +4.2062e-01 +2.7188e+00 +8.3563e-01 -1.5738e+00 +2.1536e+00 +3.8698e+00
2164 0 +6.175134581e-02 +9.290175135e+01 +9.290175135e+01 +1.9780e+00 -2.0444e+00 -3.6694e+00 +7.9677e-01 +4.5432e-01 +2.5648e+00 +9.7913e-01 -1.6066e+00 +2.3479e+00 +3.7412e+00
2165 0 +4.641927887e-02 +9.288641928e+01 +9.288641928e+01 +1.9737e+00 -2.0881e+00 -3.5457e+00 +8.3364e-01 +3.6550e-01 +2.6294e+00 +7.9718e-01 -1.6124e+00 +2.2680e+00 +3.7903e+00
2265 0 +4.530150883e-02 +9.288530151e+01 +9.288530151e+01 +1.9202e+00 -2.0208e+00 -3.5270e+00 +8.0024e-01 +2.7586e-01 +2.7676e+00 +8.3395e-01 -1.4678e+00 +2.3312e+00 +3.9889e+00
2273 0 +3.748835919e-02 +9.287748836e+01 +9.287748836e+01 +2.0308e+00 -2.1243e+00 -3.5948e+00 +6.6826e-01 +3.3955e-01 +2.7642e+00 +8.3088e-01 -1.4834e+00 +2.2548e+00 +4.0290e+00
2303 0 +3.624654461e-02 +9.287624654e+01 +9.287624654e+01 +1.9251e+00 -2.0223e+00 -3.5734e+00 +7.6148e-01 +2.9037e-01 +2.7026e+00 +8.1092e-01 -1.5221e+00 +2.3793e+00 +3.9667e+00
2306 0 +3.028954328e-02 +9.287028954e+01 +9.287028954e+01 +1.9569e+00 -2.0548e+00 -3.5991e+00 +7.5393e-01 +3.5849e-01 +2.7169e+00 +9.1703e-01 -1.4695e+00 +2.3297e+00 +3.9378e+00
2329 0 +1.235061983e-02 +9.285235062e+01 +9.285235062e+01 +1.9474e+00 -2.0305e+00 -3.5861e+00 +7.8295e-01 +3.4863e-01 +2.7278e+00 +8.5938e-01 -1.5534e+00 +2.2949e+00 +3.8848e+00
% f evaluations | g evaluations | best noise-free fitness - Fopt (-3.679200000000e+02) + sum g_i+ | measured fitness | best measured fitness or single-digit g-values | x1 | x2...
1 0 +8.578310588e+01 -2.821368941e+02 -2.821368941e+02 +5.9671e-01 -3.8264e-02 +7.4769e-01 +1.6230e+00 -1.3415e-01 -1.3414e-01 +1.6792e+00 +8.6743e-01 -3.6947e-01 +6.4256e-01
9 0 +5.434531151e+01 -3.135746885e+02 -3.135746885e+02 -1.1967e-01 +4.5711e-01 +1.5779e+00 -4.1827e-01 -7.0849e-01 -4.0176e-01 +1.0154e+00 +4.2875e-01 -4.2976e-01 +6.1327e-01
51 0 +4.786681362e+01 -3.200531864e+02 -3.200531864e+02 +5.2724e-01 -1.5688e+00 +1.8663e+00 +3.0096e-01 -1.6204e+00 +1.8835e+00 +5.4151e-01 +1.9579e-01 +3.0143e-01 +1.5832e+00
52 0 +3.737023985e+01 -3.305497601e+02 -3.305497601e+02 +9.6700e-01 -2.4033e-01 +1.2147e+00 -1.6596e-02 -1.4245e+00 -5.6056e-03 +9.5123e-01 +4.9975e-01 +1.6826e-01 +9.1056e-01
53 0 +3.469043746e+01 -3.332295625e+02 -3.332295625e+02 +9.7958e-01 -9.8444e-01 +2.3123e+00 +7.8670e-01 -6.6524e-01 +2.1958e-01 +2.2837e+00 -9.5998e-01 -8.2138e-01 +9.6558e-01
57 0 +3.417364292e+01 -3.337463571e+02 -3.337463571e+02 +1.6993e+00 -1.0405e+00 +1.2819e+00 +2.1925e-01 -8.9523e-01 +8.5566e-01 +1.9148e+00 -4.0771e-01 -6.4209e-01 -6.3866e-02
76 0 +3.096603754e+01 -3.369539625e+02 -3.369539625e+02 +6.9198e-01 -1.4176e-01 +2.3332e+00 -4.5252e-01 -7.6902e-01 +2.5141e-01 +1.8337e+00 -9.7826e-01 +5.5553e-02 +1.4478e+00
129 0 +2.786884776e+01 -3.400511522e+02 -3.400511522e+02 +1.8041e+00 -2.5509e-01 +1.4358e+00 -2.2169e-01 +1.2100e+00 -1.1591e+00 +2.3066e+00 -7.6032e-01 -1.3394e+00 -2.1534e-01
164 0 +2.047311194e+01 -3.474468881e+02 -3.474468881e+02 +1.7176e+00 +3.5843e-01 +1.3215e+00 -7.7694e-02 +7.6623e-01 -2.4240e+00 +1.8876e+00 +1.4259e+00 +4.3273e-01 +1.3799e+00
258 0 +1.880372622e+01 -3.491162738e+02 -3.491162738e+02 +1.3058e+00 -2.1876e+00 +2.7471e+00 +1.7042e+00 -1.1475e+00 -3.2885e-01 +2.1751e+00 +5.4594e-01 +4.4400e-01 +1.6624e+00
316 0 +1.653683824e+01 -3.513831618e+02 -3.513831618e+02 +1.4868e+00 -5.3786e-01 +9.8274e-01 -1.8711e-01 -4.8239e-01 -1.0792e+00 +1.6350e+00 +1.5104e+00 -2.0751e-01 +1.2979e-01
324 0 +9.405837030e+00 -3.585141630e+02 -3.585141630e+02 +4.9846e-01 -1.4749e+00 +2.3774e+00 +9.3327e-01 +1.4286e+00 -2.2793e-01 +2.6067e+00 +2.6246e-01 -1.3402e+00 -6.5403e-01
355 0 +8.635618515e+00 -3.592843815e+02 -3.592843815e+02 +9.8293e-01 -1.2418e+00 +2.1614e+00 +1.1189e+00 +9.9722e-01 -2.5650e-01 +1.7975e+00 +1.2035e+00 -3.9707e-01 +3.8294e-02
416 0 +5.794652973e+00 -3.621253470e+02 -3.621253470e+02 +1.3103e+00 -1.7090e+00 +2.5017e+00 +9.3851e-01 +4.0988e-01 +3.3397e-02 +1.7580e+00 +1.1497e-01 -1.1403e+00 +4.7435e-01
519 0 +5.593877564e+00 -3.623261224e+02 -3.623261224e+02 +1.1438e+00 -1.0242e+00 +2.7207e+00 +1.0048e+00 -4.6698e-01 -2.1220e-01 +2.1229e+00 +1.2011e+00 -9.8697e-01 +6.9133e-01
553 0 +5.210950786e+00 -3.627090492e+02 -3.627090492e+02 +1.0854e+00 -1.2803e+00 +2.2372e+00 +9.0359e-01 +1.5678e-01 -4.4235e-01 +2.0237e+00 +5.4337e-01 -4.9965e-01 +5.1105e-01
555 0 +4.750145254e+00 -3.631698547e+02 -3.631698547e+02 +7.1181e-01 -1.1660e+00 +2.3973e+00 +1.2129e+00 +1.5013e+00 -5.5554e-01 +2.3418e+00 +1.2843e+00 -1.7541e+00 +1.4625e-01
626 0 +4.711308534e+00 -3.632086915e+02 -3.632086915e+02 +9.5213e-01 -1.0374e+00 +2.6598e+00 +6.8661e-01 +3.9545e-01 -4.4819e-01 +2.6723e+00 +8.1590e-01 -7.2228e-01 -6.1743e-01
648 0 +4.422851116e+00 -3.634971489e+02 -3.634971489e+02 +6.5053e-01 -5.8885e-01 +2.9530e+00 +8.8511e-01 +1.4829e-01 -1.9040e-01 +2.5496e+00 +2.0162e+00 -2.0106e+00 -6.4718e-02
662 0 +4.310307204e+00 -3.636096928e+02 -3.636096928e+02 +4.9553e-01 -1.1603e+00 +1.9319e+00 +1.3332e+00 +1.4859e+00 -8.3090e-01 +2.5944e+00 +1.9012e+00 -1.9860e+00 -1.6837e-01
681 0 +4.164974373e+00 -3.637550256e+02 -3.637550256e+02 +7.9943e-01 -1.2453e+00 +2.1585e+00 +8.8342e-01 +9.7254e-01 -4.7720e-01 +2.3007e+00 +1.0835e+00 -1.4849e+00 +3.0743e-01
742 0 +1.374643008e+00 -3.665453570e+02 -3.665453570e+02 +8.2027e-01 -9.4027e-01 +2.7122e+00 +7.7423e-01 +6.6893e-01 -9.5975e-01 +2.9080e+00 +2.3923e+00 -1.2595e+00 -4.2269e-01
953 0 +2.394828233e-01 -3.676805172e+02 -3.676805172e+02 +9.2659e-01 -8.5053e-01 +2.4323e+00 +9.6081e-01 +7.0275e-01 -1.4101e+00 +3.0341e+00 +2.4855e+00 -1.3546e+00 -3.6331e-01
1210 0 +1.749939781e-01 -3.677450060e+02 -3.677450060e+02 +7.7950e-01 -9.5373e-01 +2.2626e+00 +8.9446e-01 +7.7206e-01 -1.2405e+00 +2.7834e+00 +2.5422e+00 -1.6319e+00 -2.7752e-01
1217 0 +1.224758320e-01 -3.677975242e+02 -3.677975242e+02 +8.2564e-01 -9.3210e-01 +2.2002e+00 +9.3276e-01 +8.7931e-01 -1.3490e+00 +2.8146e+00 +2.5704e+00 -1.4518e+00 -3.7105e-01
1251 0 +1.075160022e-01 -3.678124840e+02 -3.678124840e+02 +8.7740e-01 -9.5341e-01 +2.2568e+00 +8.9992e-01 +7.2316e-01 -1.3505e+00 +2.7730e+00 +2.5099e+00 -1.5403e+00 -2.8611e-01
1368 0 +5.655446329e-02 -3.678634455e+02 -3.678634455e+02 +8.3672e-01 -7.5153e-01 +2.5182e+00 +7.3646e-01 +5.9223e-01 -1.2019e+00 +2.8550e+00 +2.6107e+00 -1.3175e+00 -3.3362e-01
1553 0 +4.745930960e-02 -3.678725407e+02 -3.678725407e+02 +8.3120e-01 -8.2195e-01 +2.4412e+00 +8.6980e-01 +7.1556e-01 -1.2594e+00 +2.8910e+00 +2.5935e+00 -1.4022e+00 -3.4478e-01
1563 0 +4.152612227e-02 -3.678784739e+02 -3.678784739e+02 +8.2453e-01 -8.6301e-01 +2.3979e+00 +8.1045e-01 +6.5025e-01 -1.1642e+00 +2.7559e+00 +2.5060e+00 -1.3673e+00 -3.0961e-01
1580 0 +3.394792755e-02 -3.678860521e+02 -3.678860521e+02 +7.9634e-01 -8.1012e-01 +2.4187e+00 +7.8054e-01 +6.4603e-01 -1.1877e+00 +2.7912e+00 +2.5937e+00 -1.4410e+00 -3.0334e-01
1617 0 +2.214832845e-02 -3.678978517e+02 -3.678978517e+02 +8.1893e-01 -7.5692e-01 +2.3713e+00 +8.0240e-01 +7.8308e-01 -1.2540e+00 +2.8045e+00 +2.5975e+00 -1.3759e+00 -3.3315e-01
1713 0 +2.053847417e-02 -3.678994615e+02 -3.678994615e+02 +8.2599e-01 -8.4147e-01 +2.4297e+00 +8.6681e-01 +6.6614e-01 -1.2328e+00 +2.8445e+00 +2.6098e+00 -1.3881e+00 -3.2058e-01
1747 0 +1.934393111e-02 -3.679006561e+02 -3.679006561e+02 +8.4258e-01 -6.9500e-01 +2.4016e+00 +7.3911e-01 +6.8969e-01 -1.2914e+00 +2.8549e+00 +2.6583e+00 -1.3471e+00 -3.0511e-01
1760 0 +1.666630967e-02 -3.679033337e+02 -3.679033337e+02 +8.5398e-01 -7.0930e-01 +2.4694e+00 +7.6413e-01 +7.1317e-01 -1.2366e+00 +2.8623e+00 +2.6767e+00 -1.3487e+00 -3.3699e-01
1803 0 +1.211227256e-02 -3.679078877e+02 -3.679078877e+02 +8.4451e-01 -8.2474e-01 +2.4270e+00 +8.4171e-01 +7.1610e-01 -1.2265e+00 +2.8434e+00 +2.5544e+00 -1.3705e+00 -3.3729e-01
1825 0 +1.174524345e-02 -3.679082548e+02 -3.679082548e+02 +8.4014e-01 -7.8687e-01 +2.4379e+00 +8.3144e-01 +7.4870e-01 -1.2796e+00 +2.8664e+00 +2.6696e+00 -1.4486e+00 -3.6415e-01
1832 0 +8.582465191e-03 -3.679114175e+02 -3.679114175e+02 +8.1923e-01 -6.8493e-01 +2.4311e+00 +7.5361e-01 +7.4021e-01 -1.2953e+00 +2.8700e+00 +2.7249e+00 -1.3922e+00 -3.3808e-01
1880 0 +1.820586704e-08 -3.679200000e+02 -3.679200000e+02 +8.3774e-01 -7.6078e-01 +2.3935e+00 +8.1180e-01 +7.7328e-01 -1.2624e+00 +2.8303e+00 +2.6211e+00 -1.4104e+00 -3.2178e-01
1943 0 +7.712003480e-09 -3.679200000e+02 -3.679200000e+02 +8.5178e-01 -7.7329e-01 +2.3808e+00 +8.0239e-01 +7.2485e-01 -1.2618e+00 +2.8286e+00 +2.5871e+00 -1.3797e+00 -3.0526e-01
