% f evaluations | g evaluations | best noise-free fitness - Fopt (-5.465000000000e+02) + sum g_i+ | measured fitness | best measured fitness or single-digit g-values | x1 | x2...
1 0 +7.422356741e+03 +6.875856741e+03 +6.875856741e+03 +5.9671e-01 -3.8264e-02
2 0 +3.063524971e+00 -5.434364750e+02 -5.434364750e+02 +7.4769e-01 +1.6230e+00
20 0 +2.838962836e+00 -5.436610372e+02 -5.436610372e+02 +7.2942e-01 +1.6244e+00
43 0 +2.733405741e+00 -5.437665943e+02 -5.437665943e+02 +1.3006e+00 +2.5945e+00
45 0 +2.425016211e+00 -5.440749838e+02 -5.440749838e+02 -1.0585e-01 +2.5743e+00
75 0 +2.283287362e+00 -5.442167126e+02 -5.442167126e+02 -7.7629e-02 +2.6346e+00
125 0 +2.203907847e+00 -5.442960922e+02 -5.442960922e+02 +4.3594e-01 +2.7568e+00
136 0 +1.984475011e+00 -5.445155250e+02 -5.445155250e+02 +4.6738e-01 +2.7449e+00
160 0 +1.962041807e+00 -5.445379582e+02 -5.445379582e+02 +6.6669e-01 +2.8398e+00
163 0 +1.712411544e+00 -5.447875885e+02 -5.447875885e+02 +5.5236e-01 +2.7485e+00
165 0 +1.496551619e+00 -5.450034484e+02 -5.450034484e+02 +5.9912e-01 +2.7812e+00
243 0 +1.490764845e+00 -5.450092352e+02 -5.450092352e+02 +6.4401e-01 +2.7924e+00
259 0 +1.483769586e+00 -5.450162304e+02 -5.450162304e+02 +6.1925e-01 +2.7826e+00
265 0 +1.480720076e+00 -5.450192799e+02 -5.450192799e+02 +6.2207e-01 +2.7860e+00
313 0 +1.480673359e+00 -5.450193266e+02 -5.450193266e+02 +6.2184e-01 +2.7866e+00
343 0 +1.480534623e+00 -5.450194654e+02 -5.450194654e+02 +6.2418e-01 +2.7872e+00
% f evaluations | g evaluations | best noise-free fitness - Fopt (1.000000000000e+03) + sum g_i+ | measured fitness | best measured fitness or single-digit g-values | x1 | x2...
1 0 +7.422356741e+03 +8.422356741e+03 +8.422356741e+03 +5.9671e-01 -3.8264e-02
2 0 +3.063524971e+00 +1.003063525e+03 +1.003063525e+03 +7.4769e-01 +1.6230e+00
20 0 +2.838962836e+00 +1.002838963e+03 +1.002838963e+03 +7.2942e-01 +1.6244e+00
43 0 +2.733405741e+00 +1.002733406e+03 +1.002733406e+03 +1.3006e+00 +2.5945e+00
45 0 +2.425016211e+00 +1.002425016e+03 +1.002425016e+03 -1.0585e-01 +2.5743e+00
75 0 +2.283287362e+00 +1.002283287e+03 +1.002283287e+03 -7.7629e-02 +2.6346e+00
121 0 +1.811876717e+00 +1.001811877e+03 +1.001811877e+03 +5.6626e-01 +2.7408e+00
154 0 +1.142233674e+00 +1.001142234e+03 +1.001142234e+03 +1.3631e+00 +2.9612e+00
196 0 +5.418352075e-01 +1.000541835e+03 +1.000541835e+03 -1.9944e+00 +2.1637e+00
245 0 +4.820244107e-01 +1.000482024e+03 +1.000482024e+03 -2.1304e+00 +2.0544e+00
246 0 +1.338730044e-01 +1.000133873e+03 +1.000133873e+03 -2.1350e+00 +2.0762e+00
259 0 +4.616798251e-02 +1.000046168e+03 +1.000046168e+03 -2.1383e+00 +2.0880e+00
271 0 +1.350139208e-03 +1.000001350e+03 +1.000001350e+03 -2.0976e+00 +2.1064e+00
297 0 +8.589734932e-04 +1.000000859e+03 +1.000000859e+03 -2.0990e+00 +2.1065e+00
343 0 +5.360404430e-05 +1.000000054e+03 +1.000000054e+03 -2.1062e+00 +2.1043e+00
373 0 +4.780821428e-07 +1.000000000e+03 +1.000000000e+03 -2.1050e+00 +2.1048e+00
458 0 +1.641545850e-07 +1.000000000e+03 +1.000000000e+03 -2.1048e+00 +2.1049e+00
489 0 +9.831023817e-08 +1.000000000e+03 +1.000000000e+03 -2.1049e+00 +2.1048e+00
% f evaluations | g evaluations | best noise-free fitness - Fopt (2.083800000000e+02) + sum g_i+ | measured fitness | best measured fitness or single-digit g-values | x1 | x2...
1 0 +7.422356741e+03 +7.630736741e+03 +7.630736741e+03 +5.9671e-01 -3.8264e-02
2 0 +3.063524971e+00 +2.114435250e+02 +2.114435250e+02 +7.4769e-01 +1.6230e+00
20 0 +2.838962836e+00 +2.112189628e+02 +2.112189628e+02 +7.2942e-01 +1.6244e+00
43 0 +2.733405741e+00 +2.111134057e+02 +2.111134057e+02 +1.3006e+00 +2.5945e+00
45 0 +2.425016211e+00 +2.108050162e+02 +2.108050162e+02 -1.0585e-01 +2.5743e+00
75 0 +2.283287362e+00 +2.106632874e+02 +2.106632874e+02 -7.7629e-02 +2.6346e+00
109 0 +1.965134876e+00 +2.103451349e+02 +2.103451349e+02 +4.7131e-01 +2.7519e+00
148 0 +1.608754935e+00 +2.099887549e+02 +2.099887549e+02 +5.5928e-01 +2.7808e+00
151 0 +1.534968155e+00 +2.099149682e+02 +2.099149682e+02 +6.0826e-01 +2.7969e+00
175 0 +1.527629545e+00 +2.099076295e+02 +2.099076295e+02 +6.4954e-01 +2.7824e+00
206 0 +1.489114791e+00 +2.098691148e+02 +2.098691148e+02 +6.4235e-01 +2.7919e+00
207 0 +1.486440695e+00 +2.098664407e+02 +2.098664407e+02 +6.3911e-01 +2.7915e+00
210 0 +1.480895837e+00 +2.098608958e+02 +2.098608958e+02 +6.2074e-01 +2.7867e+00
287 0 +1.480655146e+00 +2.098606551e+02 +2.098606551e+02 +6.2625e-01 +2.7878e+00
297 0 +1.480546382e+00 +2.098605464e+02 +2.098605464e+02 +6.2473e-01 +2.7874e+00
324 0 +1.480536150e+00 +2.098605361e+02 +2.098605361e+02 +6.2384e-01 +2.7870e+00
% f evaluations | g evaluations | best noise-free fitness - Fopt (-1.449600000000e+02) + sum g_i+ | measured fitness | best measured fitness or single-digit g-values | x1 | x2...
1 0 +6.610086276e+03 +6.465126276e+03 +6.465126276e+03 +5.9671e-01 -3.8264e-02
3 0 +4.066341843e+03 +3.921381843e+03 +3.921381843e+03 -1.3415e-01 -1.3414e-01
6 0 +2.065284413e+03 +1.920324413e+03 +1.920324413e+03 -3.6342e-01 -3.6573e-01
7 0 +4.275924218e+00 -1.406840758e+02 -1.406840758e+02 +3.4196e-01 -1.8133e+00
10 0 +2.751292459e+00 -1.422087075e+02 -1.422087075e+02 -8.0802e-01 -1.3123e+00
22 0 +2.180518454e+00 -1.427794815e+02 -1.427794815e+02 -1.0058e+00 -2.0405e+00
91 0 +1.521498052e+00 -1.434385019e+02 -1.434385019e+02 -1.9704e+00 -2.2066e+00
241 0 +1.241206077e+00 -1.437187939e+02 -1.437187939e+02 -2.0754e+00 -1.7455e+00
297 0 +1.091569179e-01 -1.448508431e+02 -1.448508431e+02 -2.1256e+00 -2.0798e+00
317 0 +1.090248151e-01 -1.448509752e+02 -1.448509752e+02 -2.0519e+00 -2.1305e+00
321 0 +5.169650381e-02 -1.449083035e+02 -1.449083035e+02 -2.1369e+00 -2.0867e+00
347 0 +1.230235611e-02 -1.449476976e+02 -1.449476976e+02 -2.0827e+00 -2.1102e+00
374 0 +8.072721708e-03 -1.449519273e+02 -1.449519273e+02 -2.1222e+00 -2.0992e+00
376 0 +2.477644754e-04 -1.449597522e+02 -1.449597522e+02 -2.1072e+00 -2.1036e+00
441 0 +2.063753453e-05 -1.449599794e+02 -1.449599794e+02 -2.1057e+00 -2.1046e+00
478 0 +8.447245591e-06 -1.449599916e+02 -1.449599916e+02 -2.1052e+00 -2.1049e+00
498 0 +4.260605010e-06 -1.449599957e+02 -1.449599957e+02 -2.1044e+00 -2.1049e+00
% f evaluations | g evaluations | best noise-free fitness - Fopt (-6.300000000000e+00) + sum g_i+ | measured fitness | best measured fitness or single-digit g-values | x1 | x2...
1 0 +3.909678144e+03 +3.903378144e+03 +3.903378144e+03 +5.9671e-01 -3.8264e-02
6 0 +3.249599490e+03 +3.243299490e+03 +3.243299490e+03 -3.6342e-01 -3.6573e-01
7 0 +3.921089900e+00 -2.378910100e+00 -2.378910100e+00 +3.4196e-01 -1.8133e+00
16 0 +2.594223678e+00 -3.705776322e+00 -3.705776322e+00 -1.7649e+00 -1.9203e+00
28 0 +2.590572605e+00 -3.709427395e+00 -3.709427395e+00 -1.1536e-01 -1.5074e+00
55 0 +1.140280600e+00 -5.159719400e+00 -5.159719400e+00 -1.4914e+00 -3.0508e+00
137 0 +6.246978941e-01 -5.675302106e+00 -5.675302106e+00 -1.4987e+00 -2.9952e+00
146 0 +6.132686703e-01 -5.686731330e+00 -5.686731330e+00 -1.5209e+00 -3.0025e+00
331 0 +5.946756053e-01 -5.705324395e+00 -5.705324395e+00 -1.5188e+00 -3.0083e+00
383 0 +5.924310299e-01 -5.707568970e+00 -5.707568970e+00 -1.5118e+00 -3.0081e+00
410 0 +5.922281089e-01 -5.707771891e+00 -5.707771891e+00 -1.5128e+00 -3.0096e+00
455 0 +5.921995898e-01 -5.707800410e+00 -5.707800410e+00 -1.5125e+00 -3.0090e+00
% f evaluations | g evaluations | best noise-free fitness - Fopt (-1.367600000000e+02) + sum g_i+ | measured fitness | best measured fitness or single-digit g-values | x1 | x2...
1 0 +3.909678144e+03 +3.772918144e+03 +3.772918144e+03 +5.9671e-01 -3.8264e-02
6 0 +3.249599490e+03 +3.112839490e+03 +3.112839490e+03 -3.6342e-01 -3.6573e-01
7 0 +3.921089900e+00 -1.328389101e+02 -1.328389101e+02 +3.4196e-01 -1.8133e+00
16 0 +2.594223678e+00 -1.341657763e+02 -1.341657763e+02 -1.7649e+00 -1.9203e+00
54 0 +1.734983089e+00 -1.350250169e+02 -1.350250169e+02 +1.0793e+00 -2.4090e+00
70 0 +1.094525941e+00 -1.356654741e+02 -1.356654741e+02 +2.1808e+00 -2.1492e+00
84 0 +1.084604106e+00 -1.356753959e+02 -1.356753959e+02 +2.1864e+00 -2.1466e+00
110 0 +2.211589233e-01 -1.365388411e+02 -1.365388411e+02 +2.0102e+00 -2.1305e+00
268 0 +1.530779413e-01 -1.366069221e+02 -1.366069221e+02 +2.0907e+00 -2.0839e+00
291 0 +1.348444385e-01 -1.366251556e+02 -1.366251556e+02 +2.0318e+00 -2.1201e+00
302 0 +1.003322019e-01 -1.366596678e+02 -1.366596678e+02 +2.0621e+00 -2.1008e+00
303 0 +6.093008961e-02 -1.366990699e+02 -1.366990699e+02 +2.0731e+00 -2.1009e+00
322 0 +3.521455649e-02 -1.367247854e+02 -1.367247854e+02 +2.0702e+00 -2.1090e+00
332 0 +3.501387949e-03 -1.367564986e+02 -1.367564986e+02 +2.1136e+00 -2.1052e+00
334 0 +4.719417493e-05 -1.367599528e+02 -1.367599528e+02 +2.1038e+00 -2.1054e+00
455 0 +2.295541663e-06 -1.367599977e+02 -1.367599977e+02 +2.1051e+00 -2.1048e+00
470 0 +9.131361480e-07 -1.367599991e+02 -1.367599991e+02 +2.1049e+00 -2.1049e+00
481 0 +4.242906755e-07 -1.367599996e+02 -1.367599996e+02 +2.1049e+00 -2.1048e+00
% f evaluations | g evaluations | best noise-free fitness - Fopt (3.667500000000e+02) + sum g_i+ | measured fitness | best measured fitness or single-digit g-values | x1 | x2...
1 0 +6.610086276e+03 +6.976836276e+03 +6.976836276e+03 +5.9671e-01 -3.8264e-02
3 0 +4.066341843e+03 +4.433091843e+03 +4.433091843e+03 -1.3415e-01 -1.3414e-01
6 0 +2.065284413e+03 +2.432034413e+03 +2.432034413e+03 -3.6342e-01 -3.6573e-01
7 0 +4.275924218e+00 +3.710259242e+02 +3.710259242e+02 +3.4196e-01 -1.8133e+00
10 0 +2.751292459e+00 +3.695012925e+02 +3.695012925e+02 -8.0802e-01 -1.3123e+00
22 0 +2.180518454e+00 +3.689305185e+02 +3.689305185e+02 -1.0058e+00 -2.0405e+00
91 0 +1.521498052e+00 +3.682714981e+02 +3.682714981e+02 -1.9704e+00 -2.2066e+00
224 0 +1.287325224e+00 +3.680373252e+02 +3.680373252e+02 -2.1252e+00 -1.7283e+00
228 0 +8.236697739e-01 +3.675736698e+02 +3.675736698e+02 -2.2091e+00 -2.0305e+00
356 0 +4.961556565e-01 +3.672461557e+02 +3.672461557e+02 -2.2131e+00 -2.0489e+00
378 0 +1.636819165e-01 +3.669136819e+02 +3.669136819e+02 -2.1855e+00 -2.0861e+00
386 0 +1.172764931e-01 +3.668672765e+02 +3.668672765e+02 -2.1266e+00 -2.1199e+00
410 0 +7.930263002e-02 +3.668293026e+02 +3.668293026e+02 -2.1425e+00 -2.1086e+00
440 0 +5.041018818e-02 +3.668004102e+02 +3.668004102e+02 -2.1492e+00 -2.0955e+00
451 0 +1.655848900e-02 +3.667665585e+02 +3.667665585e+02 -2.0898e+00 -2.1152e+00
464 0 +7.588820501e-03 +3.667575888e+02 +3.667575888e+02 -2.1208e+00 -2.1030e+00
471 0 +2.558267951e-03 +3.667525583e+02 +3.667525583e+02 -2.0973e+00 -2.1088e+00
% f evaluations | g evaluations | best noise-free fitness - Fopt (-2.486900000000e+02) + sum g_i+ | measured fitness | best measured fitness or single-digit g-values | x1 | x2...
1 0 +3.909678144e+03 +3.660988144e+03 +3.660988144e+03 +5.9671e-01 -3.8264e-02
6 0 +3.249599490e+03 +3.000909490e+03 +3.000909490e+03 -3.6342e-01 -3.6573e-01
7 0 +3.921089900e+00 -2.447689101e+02 -2.447689101e+02 +3.4196e-01 -1.8133e+00
16 0 +2.594223678e+00 -2.460957763e+02 -2.460957763e+02 -1.7649e+00 -1.9203e+00
28 0 +2.590572605e+00 -2.460994274e+02 -2.460994274e+02 -1.1536e-01 -1.5074e+00
55 0 +1.140280600e+00 -2.475497194e+02 -2.475497194e+02 -1.4914e+00 -3.0508e+00
152 0 +1.075199398e+00 -2.476148006e+02 -2.476148006e+02 -1.6532e+00 -3.0415e+00
172 0 +9.961719244e-01 -2.476938281e+02 -2.476938281e+02 -1.6388e+00 -3.0336e+00
% f evaluations | g evaluations | best noise-free fitness - Fopt (-6.786000000000e+01) + sum g_i+ | measured fitness | best measured fitness or single-digit g-values | x1 | x2...
1 0 +7.422356741e+03 +7.354496741e+03 +7.354496741e+03 +5.9671e-01 -3.8264e-02
2 0 +3.063524971e+00 -6.479647503e+01 -6.479647503e+01 +7.4769e-01 +1.6230e+00
20 0 +2.838962836e+00 -6.502103716e+01 -6.502103716e+01 +7.2942e-01 +1.6244e+00
43 0 +2.733405741e+00 -6.512659426e+01 -6.512659426e+01 +1.3006e+00 +2.5945e+00
45 0 +2.425016211e+00 -6.543498379e+01 -6.543498379e+01 -1.0585e-01 +2.5743e+00
75 0 +2.283287362e+00 -6.557671264e+01 -6.557671264e+01 -7.7629e-02 +2.6346e+00
109 0 +1.965134876e+00 -6.589486512e+01 -6.589486512e+01 +4.7131e-01 +2.7519e+00
148 0 +1.608754935e+00 -6.625124506e+01 -6.625124506e+01 +5.5928e-01 +2.7808e+00
151 0 +1.534968155e+00 -6.632503185e+01 -6.632503185e+01 +6.0826e-01 +2.7969e+00
175 0 +1.527629545e+00 -6.633237045e+01 -6.633237045e+01 +6.4954e-01 +2.7824e+00
212 0 +1.499978158e+00 -6.636002184e+01 -6.636002184e+01 +6.4979e-01 +2.7966e+00
226 0 +1.497812250e+00 -6.636218775e+01 -6.636218775e+01 +6.2244e-01 +2.7949e+00
239 0 +1.497212310e+00 -6.636278769e+01 -6.636278769e+01 +5.9859e-01 +2.7804e+00
241 0 +1.482035264e+00 -6.637796474e+01 -6.637796474e+01 +6.3177e-01 +2.7890e+00
267 0 +1.481000188e+00 -6.637899981e+01 -6.637899981e+01 +6.2481e-01 +2.7886e+00
285 0 +1.480681426e+00 -6.637931857e+01 -6.637931857e+01 +6.2232e-01 +2.7871e+00
305 0 +1.480591892e+00 -6.637940811e+01 -6.637940811e+01 +6.2560e-01 +2.7873e+00
310 0 +1.480588576e+00 -6.637941142e+01 -6.637941142e+01 +6.2456e-01 +2.7876e+00
322 0 +1.480563118e+00 -6.637943688e+01 -6.637943688e+01 +6.2498e-01 +2.7875e+00
327 0 +1.480551761e+00 -6.637944824e+01 -6.637944824e+01 +6.2331e-01 +2.7869e+00
359 0 +1.480533854e+00 -6.637946615e+01 -6.637946615e+01 +6.2407e-01 +2.7870e+00
% f evaluations | g evaluations | best noise-free fitness - Fopt (-2.329000000000e+01) + sum g_i+ | measured fitness | best measured fitness or single-digit g-values | x1 | x2...
1 0 +4.534624684e+03 +4.511334684e+03 +4.511334684e+03 +5.9671e-01 -3.8264e-02
2 0 +4.205356173e+00 -1.908464383e+01 -1.908464383e+01 +7.4769e-01 +1.6230e+00
17 0 +3.359163923e+00 -1.993083608e+01 -1.993083608e+01 +1.3159e+00 +2.2510e+00
48 0 +3.181204066e+00 -2.010879593e+01 -2.010879593e+01 +9.5083e-01 +1.6823e+00
56 0 +2.445435379e+00 -2.084456462e+01 -2.084456462e+01 +1.1068e+00 +2.0289e+00
58 0 +1.959481395e+00 -2.133051861e+01 -2.133051861e+01 +2.0349e+00 +1.8362e+00
130 0 +2.488341445e-01 -2.304116586e+01 -2.304116586e+01 +2.0384e+00 +2.1450e+00
147 0 +6.171431679e-02 -2.322828568e+01 -2.322828568e+01 +2.0883e+00 +2.0942e+00
253 0 +4.477418928e-02 -2.324522581e+01 -2.324522581e+01 +2.1241e+00 +2.0881e+00
258 0 +2.064102023e-02 -2.326935898e+01 -2.326935898e+01 +2.0793e+00 +2.1153e+00
269 0 +1.828471973e-02 -2.327171528e+01 -2.327171528e+01 +2.0782e+00 +2.1103e+00
291 0 +2.004652788e-03 -2.328799535e+01 -2.328799535e+01 +2.1113e+00 +2.1013e+00
292 0 +1.912469016e-03 -2.328808753e+01 -2.328808753e+01 +2.1130e+00 +2.1018e+00
305 0 +1.491728031e-03 -2.328850827e+01 -2.328850827e+01 +2.1123e+00 +2.1036e+00
319 0 +2.901543257e-04 -2.328970985e+01 -2.328970985e+01 +2.1049e+00 +2.1038e+00
367 0 +2.779278610e-05 -2.328997221e+01 -2.328997221e+01 +2.1059e+00 +2.1046e+00
372 0 +1.634616216e-05 -2.328998365e+01 -2.328998365e+01 +2.1042e+00 +2.1049e+00
389 0 +1.595808193e-05 -2.328998404e+01 -2.328998404e+01 +2.1056e+00 +2.1047e+00
404 0 +3.166292824e-06 -2.328999683e+01 -2.328999683e+01 +2.1046e+00 +2.1048e+00
430 0 +1.783119878e-06 -2.328999822e+01 -2.328999822e+01 +2.1048e+00 +2.1048e+00
448 0 +2.199428302e-07 -2.328999978e+01 -2.328999978e+01 +2.1049e+00 +2.1049e+00
473 0 +1.901208151e-07 -2.328999981e+01 -2.328999981e+01 +2.1048e+00 +2.1049e+00
483 0 +9.164388359e-09 -2.328999999e+01 -2.328999999e+01 +2.1048e+00 +2.1048e+00
