% f evaluations | g evaluations | best noise-free fitness - Fopt (-6.211100000000e+02) + sum g_i+ | measured fitness | best measured fitness or single-digit g-values | x1 | x2...
1 0 +6.295856703e+07 +6.295794592e+07 +6.295794592e+07 +5.9671e-01 -3.8264e-02 +7.4769e-01 +1.6230e+00 -1.3415e-01
2 0 +2.089017495e+07 +2.088955384e+07 +2.088955384e+07 -1.3414e-01 +1.6792e+00 +8.6743e-01 -3.6947e-01 +6.4256e-01
7 0 +1.510354235e+07 +1.510292124e+07 +1.510292124e+07 -5.0171e-01 +1.9523e+00 +8.6503e-02 -9.5771e-01 +9.2254e-01
30 0 +1.332549186e+07 +1.332487075e+07 +1.332487075e+07 -1.7980e+00 +2.7816e+00 +2.2808e+00 -1.5841e+00 +1.1913e+00
31 0 +1.077839618e+07 +1.077777507e+07 +1.077777507e+07 -1.1946e+00 +2.7865e+00 +1.3550e+00 -1.6264e+00 -5.1283e-01
33 0 +6.990658317e+06 +6.990037207e+06 +6.990037207e+06 -2.6137e-01 +3.9154e+00 +1.8787e-01 -2.0443e+00 +1.4180e+00
35 0 +3.494712465e+06 +3.494091355e+06 +3.494091355e+06 +4.3179e-01 +4.0989e+00 -1.1111e+00 -2.2153e+00 -1.2838e+00
44 0 +1.181551984e+06 +1.180930874e+06 +1.180930874e+06 -2.0573e+00 +3.9456e+00 -2.3713e-01 -3.9214e+00 -7.2076e-01
114 0 +2.586123280e+05 +2.579912180e+05 +2.579912180e+05 -8.1948e-01 +3.4509e+00 +4.2706e-01 -4.0250e+00 -1.3037e-01
257 0 +1.777970956e+05 +1.771759856e+05 +1.771759856e+05 -1.4214e+00 +4.7763e+00 -4.2837e+00 -2.5715e+00 -2.6828e+00
272 0 +8.987924267e+04 +8.925813267e+04 +8.925813267e+04 -1.1261e+00 +4.3002e+00 -2.6888e+00 -3.0209e+00 -1.7715e+00
372 0 +7.403861400e+04 +7.341750400e+04 +7.341750400e+04 -1.2290e+00 +4.5912e+00 -3.9815e+00 -2.8699e+00 -2.7663e+00
396 0 +6.090070425e+04 +6.027959425e+04 +6.027959425e+04 -1.2745e+00 +4.2834e+00 -2.4618e+00 -3.0482e+00 -1.7683e+00
465 0 +5.285557901e+03 +4.664447901e+03 +4.664447901e+03 -1.0384e+00 +4.2329e+00 -9.1506e-01 -3.4088e+00 -1.0301e+00
477 0 +4.575298612e+03 +3.954188612e+03 +3.954188612e+03 -1.1182e+00 +4.4738e+00 -2.2881e+00 -3.1360e+00 -1.7658e+00
644 0 +1.307965704e+03 +6.868557042e+02 +6.868557042e+02 -1.1522e+00 +4.4242e+00 -2.2090e+00 -3.0753e+00 -1.8057e+00
785 0 +1.181819574e+03 +5.607095738e+02 +5.607095738e+02 -1.0715e+00 +4.2692e+00 -1.1931e+00 -3.3773e+00 -1.1701e+00
803 0 +1.065054968e+03 +4.439449677e+02 +4.439449677e+02 -1.2347e+00 +4.5936e+00 -3.2352e+00 -2.8263e+00 -2.3890e+00
822 0 +9.767039170e+02 +3.555939170e+02 +3.555939170e+02 -1.2063e+00 +4.5050e+00 -2.7061e+00 -2.9761e+00 -2.0755e+00
844 0 +8.950696488e+02 +2.739596488e+02 +2.739596488e+02 -1.1610e+00 +4.5077e+00 -2.5712e+00 -2.9936e+00 -1.9533e+00
869 0 +3.469867318e+02 -2.741232682e+02 -2.741232682e+02 -1.1980e+00 +4.5809e+00 -3.0384e+00 -2.8621e+00 -2.2619e+00
896 0 +2.375593670e+02 -3.835506330e+02 -3.835506330e+02 -1.2118e+00 +4.6205e+00 -3.4114e+00 -2.7882e+00 -2.4548e+00
972 0 +1.795785931e+02 -4.415314069e+02 -4.415314069e+02 -1.1700e+00 +4.4873e+00 -2.4688e+00 -3.0465e+00 -1.9086e+00
1160 0 +1.143928404e+02 -5.067171596e+02 -5.067171596e+02 -1.2370e+00 +4.6917e+00 -3.8040e+00 -2.6649e+00 -2.6907e+00
1231 0 +5.896247346e+01 -5.621475265e+02 -5.621475265e+02 -1.1747e+00 +4.4805e+00 -2.4885e+00 -3.0232e+00 -1.9298e+00
