% f evaluations | g evaluations | best noise-free fitness - Fopt (-1.000000000000e+03) + sum g_i+ | measured fitness | best measured fitness or single-digit g-values | x1 | x2...
1 0 +7.125699810e+01 -9.287430019e+02 -9.287430019e+02 +5.9671e-01 -3.8264e-02 +7.4769e-01 +1.6230e+00 -1.3415e-01 -1.3414e-01 +1.6792e+00 +8.6743e-01 -3.6947e-01 +6.4256e-01
6 0 +7.105190837e+01 -9.289480916e+02 -9.289480916e+02 +4.2408e-01 -2.8508e-01 -5.7692e-01 +7.1168e-01 +1.1310e+00 +1.0313e+00 -7.3922e-01 -2.0921e-01 +4.3126e-01 +1.0755e+00
30 0 +6.737530124e+01 -9.326246988e+02 -9.326246988e+02 -1.0812e-01 -3.9300e-01 -4.8936e-01 +9.4960e-01 +4.5702e-01 -5.9291e-01 +9.9960e-01 +4.0730e-01 +9.1286e-01 +7.2963e-01
38 0 +5.293221165e+01 -9.470677884e+02 -9.470677884e+02 +1.2451e-01 +5.9800e-01 +1.5511e+00 +1.0593e+00 +2.2532e+00 -6.6735e-01 +9.7232e-01 +2.8334e-01 +2.2898e+00 -7.0830e-01
51 0 +2.728312000e+01 -9.727168800e+02 -9.727168800e+02 -1.1848e+00 +3.3403e-01 +1.1159e+00 +2.6974e+00 +1.3971e+00 -1.2566e+00 +1.1465e+00 +1.6528e+00 +3.3874e+00 +1.1225e+00
52 0 +2.527480174e+01 -9.747251983e+02 -9.747251983e+02 -3.3613e-01 +8.1906e-01 +1.5128e+00 +3.7245e+00 +3.4920e+00 -1.5066e+00 +1.8755e+00 +2.6695e-01 +3.2770e+00 +1.2741e+00
189 0 +1.143470751e+01 -9.885652925e+02 -9.885652925e+02 -1.1125e-01 +2.4527e-01 +1.3504e+00 -1.1961e+00 -1.7053e+00 -1.9587e+00 -1.3531e+00 +2.2890e-01 +3.2757e+00 +2.7086e+00
401 0 +1.134108062e+01 -9.886589194e+02 -9.886589194e+02 +3.1606e+00 +1.0783e+00 -6.4490e-01 +3.8967e+00 +4.2182e+00 -1.3018e+00 +1.5639e+00 +3.1995e+00 +3.7834e+00 +1.4696e+00
451 0 +7.735689553e+00 -9.922643104e+02 -9.922643104e+02 +5.4766e-02 -6.9349e-01 +3.6085e-01 +3.4936e+00 +3.7211e+00 -2.1333e+00 +1.2940e-01 +2.3493e+00 +3.5545e+00 +1.2174e+00
551 0 +5.368505543e+00 -9.946314945e+02 -9.946314945e+02 +1.0989e+00 +9.7304e-01 +5.7098e-01 +3.6869e+00 +3.3069e+00 -2.2962e-01 +5.2365e-01 +3.3877e+00 +4.0039e+00 +1.3808e+00
601 0 +2.428083019e+00 -9.975719170e+02 -9.975719170e+02 +1.1967e+00 +9.5853e-01 +2.8095e-01 +3.0291e+00 +3.7287e+00 -1.3212e+00 +1.1189e+00 +2.4912e+00 +3.4537e+00 +8.0925e-01
602 0 +2.206009001e+00 -9.977939910e+02 -9.977939910e+02 +8.2773e-01 +2.0090e-01 +1.5274e-02 +4.0041e+00 +3.6944e+00 -1.0946e+00 +1.1005e+00 +2.6027e+00 +3.9681e+00 +8.7961e-01
701 0 +2.052117367e+00 -9.979478826e+02 -9.979478826e+02 +1.1861e+00 +3.8497e-01 +1.8982e-01 +3.5025e+00 +3.6961e+00 -1.1166e+00 +1.4453e+00 +2.8380e+00 +3.7957e+00 +1.3863e+00
901 0 +1.989349661e+00 -9.980106503e+02 -9.980106503e+02 +1.1794e+00 +3.7854e-01 +2.7326e-01 +3.4825e+00 +3.5866e+00 -9.9015e-01 +7.4746e-01 +2.7000e+00 +3.6937e+00 +1.1522e+00
955 0 +1.975358298e+00 -9.980246417e+02 -9.980246417e+02 +1.1963e+00 +3.1915e-01 +1.0135e-01 +3.5640e+00 +3.5236e+00 -1.1268e+00 +1.0045e+00 +2.7171e+00 +3.8073e+00 +1.0649e+00
1151 0 +1.964081860e+00 -9.980359181e+02 -9.980359181e+02 +1.1989e+00 +3.9863e-01 +9.6107e-02 +3.5272e+00 +3.6692e+00 -1.0973e+00 +1.0184e+00 +2.5755e+00 +3.7404e+00 +1.0993e+00
1251 0 +1.958598153e+00 -9.980414018e+02 -9.980414018e+02 +1.1356e+00 +2.8957e-01 +1.8309e-01 +3.4095e+00 +3.6745e+00 -1.1740e+00 +1.0127e+00 +2.6480e+00 +3.6667e+00 +1.1119e+00
1401 0 +1.958362773e+00 -9.980416372e+02 -9.980416372e+02 +1.1712e+00 +2.7006e-01 +1.4433e-01 +3.4604e+00 +3.6818e+00 -1.1537e+00 +1.0287e+00 +2.6803e+00 +3.6536e+00 +1.1417e+00
1451 0 +1.956869971e+00 -9.980431300e+02 -9.980431300e+02 +1.1515e+00 +3.0960e-01 +1.7556e-01 +3.4932e+00 +3.7001e+00 -1.1973e+00 +9.9447e-01 +2.6253e+00 +3.6648e+00 +1.1332e+00
1501 0 +1.956585442e+00 -9.980434146e+02 -9.980434146e+02 +1.1726e+00 +2.8353e-01 +1.5284e-01 +3.5053e+00 +3.6812e+00 -1.1705e+00 +9.6129e-01 +2.6150e+00 +3.6939e+00 +1.1468e+00
1551 0 +1.956367979e+00 -9.980436320e+02 -9.980436320e+02 +1.1780e+00 +3.0555e-01 +1.4691e-01 +3.4912e+00 +3.7073e+00 -1.1661e+00 +1.0066e+00 +2.6224e+00 +3.7240e+00 +1.1104e+00
1601 0 +1.956171995e+00 -9.980438280e+02 -9.980438280e+02 +1.1655e+00 +2.7853e-01 +1.5524e-01 +3.4825e+00 +3.6766e+00 -1.1398e+00 +9.9971e-01 +2.5960e+00 +3.7175e+00 +1.1295e+00
1651 0 +1.955459159e+00 -9.980445408e+02 -9.980445408e+02 +1.1802e+00 +3.1217e-01 +1.4181e-01 +3.4817e+00 +3.6987e+00 -1.1530e+00 +9.9390e-01 +2.6319e+00 +3.6831e+00 +1.1209e+00
1701 0 +1.955427700e+00 -9.980445723e+02 -9.980445723e+02 +1.1811e+00 +3.0244e-01 +1.2826e-01 +3.4712e+00 +3.6857e+00 -1.1591e+00 +9.8258e-01 +2.6168e+00 +3.6739e+00 +1.1149e+00
1751 0 +1.955417194e+00 -9.980445828e+02 -9.980445828e+02 +1.1758e+00 +2.8776e-01 +1.5884e-01 +3.4558e+00 +3.6619e+00 -1.1494e+00 +9.8660e-01 +2.6271e+00 +3.6895e+00 +1.1296e+00
1801 0 +1.955162644e+00 -9.980448374e+02 -9.980448374e+02 +1.1612e+00 +2.9614e-01 +1.5648e-01 +3.4590e+00 +3.6767e+00 -1.1549e+00 +9.8585e-01 +2.6132e+00 +3.6845e+00 +1.1255e+00
1851 0 +1.955141572e+00 -9.980448584e+02 -9.980448584e+02 +1.1706e+00 +3.0195e-01 +1.4061e-01 +3.4646e+00 +3.6660e+00 -1.1524e+00 +9.8717e-01 +2.6296e+00 +3.6862e+00 +1.1201e+00
1951 0 +1.955103970e+00 -9.980448960e+02 -9.980448960e+02 +1.1725e+00 +3.1110e-01 +1.4063e-01 +3.4613e+00 +3.6713e+00 -1.1560e+00 +9.9708e-01 +2.6193e+00 +3.6876e+00 +1.1290e+00
1954 0 +1.955092456e+00 -9.980449075e+02 -9.980449075e+02 +1.1738e+00 +3.0215e-01 +1.4576e-01 +3.4727e+00 +3.6658e+00 -1.1661e+00 +9.9793e-01 +2.6173e+00 +3.6893e+00 +1.1289e+00
2001 0 +1.955078973e+00 -9.980449210e+02 -9.980449210e+02 +1.1680e+00 +3.0246e-01 +1.5316e-01 +3.4646e+00 +3.6678e+00 -1.1523e+00 +9.8887e-01 +2.6156e+00 +3.6921e+00 +1.1328e+00
2101 0 +1.955045195e+00 -9.980449548e+02 -9.980449548e+02 +1.1707e+00 +3.0794e-01 +1.4385e-01 +3.4689e+00 +3.6695e+00 -1.1569e+00 +9.8923e-01 +2.6167e+00 +3.6793e+00 +1.1200e+00
2151 0 +1.955033084e+00 -9.980449669e+02 -9.980449669e+02 +1.1691e+00 +3.0530e-01 +1.4850e-01 +3.4658e+00 +3.6702e+00 -1.1582e+00 +9.8642e-01 +2.6208e+00 +3.6827e+00 +1.1266e+00
2201 0 +1.955017081e+00 -9.980449829e+02 -9.980449829e+02 +1.1656e+00 +3.0149e-01 +1.4874e-01 +3.4681e+00 +3.6716e+00 -1.1572e+00 +9.9046e-01 +2.6149e+00 +3.6862e+00 +1.1265e+00
2301 0 +1.955009141e+00 -9.980449909e+02 -9.980449909e+02 +1.1704e+00 +3.0538e-01 +1.4560e-01 +3.4715e+00 +3.6760e+00 -1.1553e+00 +9.9317e-01 +2.6179e+00 +3.6849e+00 +1.1253e+00
% f evaluations | g evaluations | best noise-free fitness - Fopt (1.000000000000e+03) + sum g_i+ | measured fitness | best measured fitness or single-digit g-values | x1 | x2...
1 0 +8.057463111e+01 +1.080574631e+03 +1.080574631e+03 +5.9671e-01 -3.8264e-02 +7.4769e-01 +1.6230e+00 -1.3415e-01 -1.3414e-01 +1.6792e+00 +8.6743e-01 -3.6947e-01 +6.4256e-01
2 0 +7.874391375e+01 +1.078743914e+03 +1.078743914e+03 -3.6342e-01 -3.6573e-01 +3.4196e-01 -1.8133e+00 -1.6249e+00 -4.6229e-01 -9.1283e-01 +4.1425e-01 -8.0802e-01 -1.3123e+00
4 0 +7.827089646e+01 +1.078270896e+03 +1.078270896e+03 -5.0171e-01 +1.9523e+00 +8.6503e-02 -9.5771e-01 +9.2254e-01 -1.1208e+00 +3.0886e-01 -1.8597e+00 -1.2282e+00 +2.9686e-01
7 0 +7.728644497e+01 +1.077286445e+03 +1.077286445e+03 -3.7917e-01 -8.5659e-02 -1.0063e+00 -1.0962e+00 +9.1253e-01 +1.4562e+00 +2.7990e-02 +1.1035e+00 +4.6164e-01 -5.4512e-01
9 0 +7.573061017e+01 +1.075730610e+03 +1.075730610e+03 -1.1967e-01 +4.5711e-01 +1.5779e+00 -4.1827e-01 -7.0849e-01 -4.0176e-01 +1.0154e+00 +4.2875e-01 -4.2976e-01 +6.1327e-01
27 0 +7.238718238e+01 +1.072387182e+03 +1.072387182e+03 -8.2693e-01 +4.0475e-02 -3.1413e+00 -9.2439e-01 -1.5257e-01 -1.1478e+00 +1.7324e+00 -1.3301e+00 -3.4004e-01 +2.3074e-01
51 0 +7.116866501e+01 +1.071168665e+03 +1.071168665e+03 +1.8107e+00 +1.4012e-01 -3.4257e+00 -3.0139e+00 +8.4129e-01 +4.1622e-01 +2.6205e+00 +1.3348e+00 -7.6013e-01 +7.5184e-01
53 0 +7.053286138e+01 +1.070532861e+03 +1.070532861e+03 -1.7970e+00 +2.0866e+00 -7.4201e-01 -1.9448e+00 -1.9777e+00 -1.6995e+00 +2.3807e+00 +1.5847e+00 -4.7653e-01 +3.5394e-01
65 0 +6.830743924e+01 +1.068307439e+03 +1.068307439e+03 +9.0704e-02 -1.7719e-01 -3.1362e+00 -3.9158e-01 +1.7330e-02 +8.2501e-01 +2.9323e+00 +1.2881e+00 -2.3858e-03 +7.4558e-02
103 0 +6.732678405e+01 +1.067326784e+03 +1.067326784e+03 -3.3770e-01 +9.5949e-01 -1.2010e-01 -2.9892e+00 -3.0214e+00 -7.7528e-01 +3.7879e+00 -1.5740e+00 -2.5979e+00 +3.7774e+00
106 0 +5.798577927e+01 +1.057985779e+03 +1.057985779e+03 -1.5515e+00 +1.9318e+00 -2.9090e+00 -1.5447e+00 +6.6522e-01 -4.4163e-02 +4.7762e+00 -1.5761e+00 -1.0823e+00 -1.7248e+00
107 0 +5.651123038e+01 +1.056511230e+03 +1.056511230e+03 -2.5533e-01 +2.7038e+00 -4.3193e+00 -2.5028e+00 -9.6250e-01 -1.1400e+00 +1.5209e+00 +3.0670e+00 -7.4499e-01 +3.6766e-01
108 0 +2.007598082e+01 +1.020075981e+03 +1.020075981e+03 -2.1244e+00 +2.4631e+00 -3.6799e+00 -1.6255e+00 -1.3284e+00 -6.8580e-01 +1.6549e+00 +6.5818e-01 -9.3956e-01 -2.5588e+00
251 0 +9.254198232e+00 +1.009254198e+03 +1.009254198e+03 -2.8342e+00 +3.0544e+00 -4.6037e+00 -1.6473e+00 -1.9828e-01 +1.2839e+00 +2.3640e+00 -9.5275e-01 -2.4910e+00 -1.6158e+00
451 0 +7.475049038e+00 +1.007475049e+03 +1.007475049e+03 -2.7552e+00 +4.3239e+00 -4.1511e+00 -2.7854e+00 +3.3581e-01 +6.4479e-01 +9.8129e-01 +9.4648e-01 -3.3501e+00 -3.2192e+00
502 0 +7.258089041e+00 +1.007258089e+03 +1.007258089e+03 -1.9120e+00 +3.5704e+00 -4.9412e+00 -2.2217e+00 -1.0125e+00 +4.0460e-01 +2.7502e-01 +7.5167e-01 -2.2653e+00 -1.5097e+00
553 0 +6.264738651e+00 +1.006264739e+03 +1.006264739e+03 -2.6715e+00 +3.7334e+00 -4.7376e+00 -2.0977e+00 +4.2844e-01 +1.3969e+00 +4.4304e-01 +5.6593e-01 -1.9569e+00 -3.4137e+00
651 0 +2.469758215e+00 +1.002469758e+03 +1.002469758e+03 -2.0323e+00 +3.4839e+00 -4.1041e+00 -2.0230e+00 -6.7763e-02 +1.1095e+00 +9.7316e-01 +7.5554e-01 -2.5628e+00 -2.6679e+00
751 0 +2.106199461e+00 +1.002106199e+03 +1.002106199e+03 -1.8834e+00 +3.4750e+00 -4.5307e+00 -2.2070e+00 -1.1582e-01 +1.0440e+00 +1.3606e+00 +3.5656e-01 -2.9643e+00 -3.0763e+00
851 0 +2.077502070e+00 +1.002077502e+03 +1.002077502e+03 -2.5757e+00 +3.6898e+00 -4.5392e+00 -1.7902e+00 -4.0436e-02 +7.2032e-01 +8.9189e-01 +3.3093e-01 -2.8359e+00 -3.0270e+00
901 0 +2.026065386e+00 +1.002026065e+03 +1.002026065e+03 -1.9604e+00 +3.3617e+00 -4.7215e+00 -2.2915e+00 -6.7817e-02 +7.9546e-01 +1.4813e+00 +2.2041e-01 -2.8327e+00 -2.5707e+00
902 0 +2.009186873e+00 +1.002009187e+03 +1.002009187e+03 -2.3014e+00 +3.3597e+00 -4.6204e+00 -1.8876e+00 +4.2648e-03 +9.5439e-01 +1.6986e+00 +2.5435e-01 -2.7984e+00 -2.8982e+00
1002 0 +1.993073920e+00 +1.001993074e+03 +1.001993074e+03 -2.4381e+00 +3.4358e+00 -4.7664e+00 -1.8668e+00 -2.3417e-01 +1.0651e+00 +1.2576e+00 +2.3734e-01 -2.8282e+00 -2.7590e+00
1102 0 +1.988260103e+00 +1.001988260e+03 +1.001988260e+03 -2.2834e+00 +3.3851e+00 -4.6624e+00 -1.8218e+00 +1.7143e-02 +9.9918e-01 +1.3890e+00 +3.4705e-01 -2.9190e+00 -2.6195e+00
1203 0 +1.983546387e+00 +1.001983546e+03 +1.001983546e+03 -2.2805e+00 +3.3423e+00 -4.7133e+00 -1.9043e+00 -2.0570e-02 +7.6652e-01 +1.3970e+00 +5.4588e-01 -2.7515e+00 -2.6789e+00
1204 0 +1.977132439e+00 +1.001977132e+03 +1.001977132e+03 -2.3000e+00 +3.3696e+00 -4.7595e+00 -1.9777e+00 -2.6375e-01 +1.0043e+00 +1.4913e+00 +4.3739e-01 -2.7901e+00 -2.6561e+00
1301 0 +1.971970060e+00 +1.001971970e+03 +1.001971970e+03 -2.1823e+00 +3.3808e+00 -4.5958e+00 -1.9987e+00 -5.8620e-02 +9.2027e-01 +1.3625e+00 +5.1045e-01 -2.6914e+00 -2.6626e+00
1353 0 +1.966143398e+00 +1.001966143e+03 +1.001966143e+03 -2.1664e+00 +3.3477e+00 -4.7916e+00 -1.9145e+00 -1.1265e-01 +9.1612e-01 +1.3368e+00 +4.2631e-01 -2.7782e+00 -2.6185e+00
1401 0 +1.963746859e+00 +1.001963747e+03 +1.001963747e+03 -2.2632e+00 +3.3917e+00 -4.6616e+00 -1.9140e+00 -1.8398e-01 +8.5929e-01 +1.2927e+00 +3.4504e-01 -2.7215e+00 -2.7786e+00
1451 0 +1.962480052e+00 +1.001962480e+03 +1.001962480e+03 -2.2963e+00 +3.4510e+00 -4.6367e+00 -1.9272e+00 -1.0496e-01 +8.6986e-01 +1.3204e+00 +4.1309e-01 -2.7583e+00 -2.6816e+00
1501 0 +1.958994130e+00 +1.001958994e+03 +1.001958994e+03 -2.2753e+00 +3.3674e+00 -4.7372e+00 -1.9910e+00 -1.7629e-01 +8.9586e-01 +1.3439e+00 +3.5636e-01 -2.7925e+00 -2.5930e+00
1601 0 +1.958923523e+00 +1.001958924e+03 +1.001958924e+03 -2.2512e+00 +3.4234e+00 -4.6545e+00 -1.9519e+00 -1.4521e-01 +8.4491e-01 +1.3117e+00 +4.1934e-01 -2.7686e+00 -2.6315e+00
1651 0 +1.957175154e+00 +1.001957175e+03 +1.001957175e+03 -2.2552e+00 +3.3650e+00 -4.7092e+00 -1.9808e+00 -1.7843e-01 +9.3995e-01 +1.3098e+00 +3.5599e-01 -2.7693e+00 -2.6838e+00
1701 0 +1.956600701e+00 +1.001956601e+03 +1.001956601e+03 -2.2635e+00 +3.3692e+00 -4.7057e+00 -1.9890e+00 -1.9451e-01 +8.7428e-01 +1.3159e+00 +3.8945e-01 -2.8139e+00 -2.6815e+00
1751 0 +1.956128581e+00 +1.001956129e+03 +1.001956129e+03 -2.2387e+00 +3.3622e+00 -4.7105e+00 -1.9966e+00 -1.3424e-01 +8.9936e-01 +1.3540e+00 +3.5710e-01 -2.7764e+00 -2.7090e+00
1851 0 +1.955680351e+00 +1.001955680e+03 +1.001955680e+03 -2.2670e+00 +3.3715e+00 -4.7087e+00 -1.9622e+00 -1.4233e-01 +8.6096e-01 +1.3226e+00 +3.6799e-01 -2.7745e+00 -2.6742e+00
1901 0 +1.955497346e+00 +1.001955497e+03 +1.001955497e+03 -2.2380e+00 +3.3512e+00 -4.7041e+00 -1.9867e+00 -1.5806e-01 +8.8772e-01 +1.3173e+00 +3.8557e-01 -2.7681e+00 -2.6780e+00
1951 0 +1.955365071e+00 +1.001955365e+03 +1.001955365e+03 -2.2410e+00 +3.3632e+00 -4.6837e+00 -1.9701e+00 -1.4770e-01 +8.9440e-01 +1.3305e+00 +3.9566e-01 -2.7720e+00 -2.6660e+00
2001 0 +1.955119417e+00 +1.001955119e+03 +1.001955119e+03 -2.2623e+00 +3.3723e+00 -4.7040e+00 -1.9776e+00 -1.4308e-01 +8.8421e-01 +1.3256e+00 +3.8446e-01 -2.7763e+00 -2.6720e+00
2188 0 +1.955107429e+00 +1.001955107e+03 +1.001955107e+03 -2.2601e+00 +3.3682e+00 -4.6959e+00 -1.9866e+00 -1.3564e-01 +8.8524e-01 +1.3303e+00 +3.8184e-01 -2.7846e+00 -2.6789e+00
% f evaluations | g evaluations | best noise-free fitness - Fopt (-4.913000000000e+01) + sum g_i+ | measured fitness | best measured fitness or single-digit g-values | x1 | x2...
1 0 +8.346231079e+01 +3.433231079e+01 +3.433231079e+01 +5.9671e-01 -3.8264e-02 +7.4769e-01 +1.6230e+00 -1.3415e-01 -1.3414e-01 +1.6792e+00 +8.6743e-01 -3.6947e-01 +6.4256e-01
2 0 +8.216388633e+01 +3.303388633e+01 +3.303388633e+01 -3.6342e-01 -3.6573e-01 +3.4196e-01 -1.8133e+00 -1.6249e+00 -4.6229e-01 -9.1283e-01 +4.1425e-01 -8.0802e-01 -1.3123e+00
3 0 +8.141876268e+01 +3.228876268e+01 +3.228876268e+01 +1.5656e+00 -1.2578e-01 +1.6753e-01 -1.3247e+00 -4.4438e-01 +2.1092e-01 -1.0510e+00 +4.7570e-01 -5.0064e-01 -1.9169e-01
7 0 +8.080453584e+01 +3.167453584e+01 +3.167453584e+01 -3.7917e-01 -8.5659e-02 -1.0063e+00 -1.0962e+00 +9.1253e-01 +1.4562e+00 +2.7990e-02 +1.1035e+00 +4.6164e-01 -5.4512e-01
11 0 +7.963989013e+01 +3.050989013e+01 +3.050989013e+01 -1.3154e+00 -3.2065e-01 -2.4271e-01 -7.0228e-01 -6.1286e-02 +5.0405e-01 +1.9862e+00 +2.7458e-01 +3.5755e-01 +2.5554e-02
19 0 +7.816834160e+01 +2.903834160e+01 +2.903834160e+01 +7.2567e-01 -7.5716e-01 -9.7089e-01 +5.8247e-01 -1.2346e-01 +8.1400e-01 +5.7324e-01 +2.7171e-02 -7.4679e-01 -1.4148e+00
28 0 +7.246289379e+01 +2.333289379e+01 +2.333289379e+01 +1.5413e+00 -1.3359e+00 +1.2632e+00 +1.1023e-01 -8.8151e-01 +5.6210e-01 +2.9906e-01 -5.0022e-01 +1.6980e-01 -2.8531e-01
61 0 +6.840693656e+01 +1.927693656e+01 +1.927693656e+01 +2.0594e+00 -2.2982e+00 -6.6389e-01 -4.6024e-01 -4.2759e-02 +3.7817e-02 +1.9508e+00 -4.4506e-01 -4.7257e-01 -2.8534e-01
68 0 +3.256349361e+01 -1.656650639e+01 -1.656650639e+01 +2.2059e+00 -4.7216e-02 +6.6965e-01 +1.4176e+00 -1.0072e+00 +1.3620e+00 +6.9156e-01 -9.7288e-01 +3.5106e-01 +1.3270e+00
305 0 +3.023039421e+01 -1.889960579e+01 -1.889960579e+01 +2.8601e+00 -2.3362e+00 +2.2943e-01 +3.3122e-01 +1.7606e-01 +2.1632e+00 -2.2992e-01 -1.2539e+00 -5.0142e-03 -3.4407e-01
392 0 +2.550548847e+01 -2.362451153e+01 -2.362451153e+01 +4.2838e+00 -2.2395e+00 -1.4732e+00 -1.1610e+00 +2.8060e+00 +9.8834e-01 -7.1624e-01 +2.1348e+00 -2.0423e+00 +2.0504e+00
449 0 +1.941171550e+01 -2.971828450e+01 -2.971828450e+01 +1.4583e+00 -1.1143e+00 +6.1553e-01 +3.1744e+00 +4.7160e-01 +2.5824e+00 -2.2250e+00 -8.8386e-01 -1.2527e+00 +5.5160e-01
651 0 +1.658609258e+01 -3.254390742e+01 -3.254390742e+01 +5.0830e-01 -3.5291e+00 +2.7866e+00 -6.6188e-01 +3.8087e+00 +4.3249e+00 +1.9321e+00 -3.0306e-01 -1.1760e+00 +2.7252e+00
751 0 +1.410026964e+01 -3.502973036e+01 -3.502973036e+01 +1.5934e-01 -3.5349e+00 +2.3742e+00 +7.8524e-01 +4.7699e+00 +3.8789e+00 +3.4596e+00 -7.9297e-02 -6.1741e-01 +1.9301e+00
801 0 +1.100593790e+01 -3.812406210e+01 -3.812406210e+01 +4.0252e-01 -2.7769e+00 +2.9065e+00 +5.6548e-01 +3.7393e+00 +4.0914e+00 +1.4805e+00 -3.9422e-01 -7.7244e-01 +2.2917e+00
802 0 +9.650318319e+00 -3.947968168e+01 -3.947968168e+01 +6.0715e-01 -3.9493e+00 +2.9006e+00 +1.0517e+00 +4.0460e+00 +4.1254e+00 +2.2802e+00 -4.1485e-01 +9.3249e-02 +2.7781e+00
851 0 +9.097364035e+00 -4.003263597e+01 -4.003263597e+01 +7.7185e-01 -3.0465e+00 +2.9100e+00 +7.7875e-01 +4.3420e+00 +3.8439e+00 +2.2488e+00 +5.2581e-02 -6.2605e-01 +2.6338e+00
951 0 +8.169289824e+00 -4.096071018e+01 -4.096071018e+01 +2.4698e-01 -3.6003e+00 +3.3485e+00 +1.4309e+00 +4.5463e+00 +4.1841e+00 +2.4546e+00 +2.0894e-01 -3.0222e-01 +3.1791e+00
1051 0 +7.767764398e+00 -4.136223560e+01 -4.136223560e+01 +7.3808e-02 -3.0984e+00 +3.1242e+00 +1.7049e+00 +4.5690e+00 +4.1603e+00 +2.2453e+00 +5.1926e-02 -4.9933e-01 +3.1945e+00
1201 0 +7.654019557e+00 -4.147598044e+01 -4.147598044e+01 -9.8061e-02 -3.0337e+00 +3.2126e+00 +1.3083e+00 +4.6662e+00 +4.2687e+00 +2.0044e+00 +4.8970e-01 -4.9059e-01 +2.8245e+00
1251 0 +7.588481628e+00 -4.154151837e+01 -4.154151837e+01 -4.3280e-01 -3.4967e+00 +3.3550e+00 +1.4407e+00 +4.6961e+00 +4.2052e+00 +2.4757e+00 +1.1604e-02 -9.1092e-01 +3.2193e+00
1301 0 +7.572371905e+00 -4.155762810e+01 -4.155762810e+01 -6.7635e-01 -3.1678e+00 +3.2638e+00 +1.7589e+00 +4.6153e+00 +4.2166e+00 +2.1661e+00 +7.5609e-02 -9.1189e-01 +3.1405e+00
1351 0 +7.550690245e+00 -4.157930976e+01 -4.157930976e+01 -2.5340e-01 -3.2111e+00 +3.1111e+00 +1.3761e+00 +4.4630e+00 +4.4650e+00 +2.0902e+00 +3.5437e-01 -7.8930e-01 +2.7333e+00
1401 0 +7.422894342e+00 -4.170710566e+01 -4.170710566e+01 -3.0211e-01 -3.3383e+00 +3.2429e+00 +1.3785e+00 +4.6807e+00 +4.2373e+00 +2.4158e+00 +4.0119e-01 -6.5946e-01 +2.8180e+00
1451 0 +7.389663842e+00 -4.174033616e+01 -4.174033616e+01 -1.3470e-01 -3.1433e+00 +3.2525e+00 +1.3683e+00 +4.6767e+00 +4.1012e+00 +2.2023e+00 +9.9047e-02 -9.5214e-01 +2.9449e+00
1501 0 +7.356110346e+00 -4.177388965e+01 -4.177388965e+01 -5.0151e-01 -3.2292e+00 +3.2912e+00 +1.6026e+00 +4.7827e+00 +4.3201e+00 +2.2269e+00 +2.5223e-01 -8.7799e-01 +2.9680e+00
1551 0 +7.330977697e+00 -4.179902230e+01 -4.179902230e+01 -2.7756e-01 -3.2393e+00 +3.1991e+00 +1.5493e+00 +4.7023e+00 +4.2776e+00 +2.0680e+00 +2.0253e-01 -7.5490e-01 +2.8776e+00
1601 0 +7.329107719e+00 -4.180089228e+01 -4.180089228e+01 -3.6038e-01 -3.2398e+00 +3.2297e+00 +1.6276e+00 +4.7072e+00 +4.2050e+00 +2.0867e+00 +2.3015e-01 -7.6458e-01 +3.0424e+00
1651 0 +7.314853622e+00 -4.181514638e+01 -4.181514638e+01 -3.4740e-01 -3.1534e+00 +3.1726e+00 +1.4982e+00 +4.5735e+00 +4.2079e+00 +2.1533e+00 +1.5788e-01 -8.7109e-01 +3.0237e+00
1701 0 +7.291797947e+00 -4.183820205e+01 -4.183820205e+01 -3.2126e-01 -3.2185e+00 +3.2542e+00 +1.4650e+00 +4.6860e+00 +4.2427e+00 +2.1517e+00 +1.3782e-01 -8.5961e-01 +2.9542e+00
1801 0 +7.277865719e+00 -4.185213428e+01 -4.185213428e+01 -3.1729e-01 -3.2149e+00 +3.2541e+00 +1.4703e+00 +4.6758e+00 +4.2312e+00 +2.1588e+00 +2.2025e-01 -8.7265e-01 +3.0060e+00
1901 0 +7.276109475e+00 -4.185389052e+01 -4.185389052e+01 -3.0511e-01 -3.2111e+00 +3.2749e+00 +1.4773e+00 +4.6722e+00 +4.2493e+00 +2.2339e+00 +2.0448e-01 -8.2398e-01 +3.0109e+00
1951 0 +7.275286654e+00 -4.185471335e+01 -4.185471335e+01 -2.8256e-01 -3.2126e+00 +3.2455e+00 +1.4852e+00 +4.6278e+00 +4.2421e+00 +2.1652e+00 +1.8703e-01 -8.6148e-01 +3.0091e+00
2051 0 +7.274036906e+00 -4.185596309e+01 -4.185596309e+01 -2.9564e-01 -3.2043e+00 +3.2336e+00 +1.4983e+00 +4.6589e+00 +4.2441e+00 +2.2054e+00 +1.8017e-01 -8.3723e-01 +3.0100e+00
2101 0 +7.273908740e+00 -4.185609126e+01 -4.185609126e+01 -2.9726e-01 -3.2240e+00 +3.2347e+00 +1.4848e+00 +4.6750e+00 +4.2652e+00 +2.1544e+00 +1.9302e-01 -8.3859e-01 +2.9854e+00
2151 0 +7.273224506e+00 -4.185677549e+01 -4.185677549e+01 -2.8268e-01 -3.2174e+00 +3.2329e+00 +1.4938e+00 +4.6772e+00 +4.2755e+00 +2.1606e+00 +1.7737e-01 -8.6471e-01 +3.0006e+00
2201 0 +7.272672372e+00 -4.185732763e+01 -4.185732763e+01 -2.9344e-01 -3.2059e+00 +3.2468e+00 +1.4955e+00 +4.6677e+00 +4.2727e+00 +2.1560e+00 +1.7181e-01 -8.6274e-01 +3.0146e+00
2251 0 +7.272504427e+00 -4.185749557e+01 -4.185749557e+01 -3.0348e-01 -3.2080e+00 +3.2368e+00 +1.5186e+00 +4.6761e+00 +4.2592e+00 +2.1732e+00 +1.9371e-01 -8.4735e-01 +3.0145e+00
2301 0 +7.272020821e+00 -4.185797918e+01 -4.185797918e+01 -2.8779e-01 -3.2035e+00 +3.2464e+00 +1.4944e+00 +4.6682e+00 +4.2524e+00 +2.1809e+00 +1.8181e-01 -8.4801e-01 +3.0121e+00
2451 0 +7.271811867e+00 -4.185818813e+01 -4.185818813e+01 -2.9664e-01 -3.2218e+00 +3.2377e+00 +1.5041e+00 +4.6693e+00 +4.2594e+00 +2.1692e+00 +1.7991e-01 -8.4872e-01 +3.0186e+00
% f evaluations | g evaluations | best noise-free fitness - Fopt (2.977300000000e+02) + sum g_i+ | measured fitness | best measured fitness or single-digit g-values | x1 | x2...
1 0 +7.130164596e+01 +3.690316460e+02 +3.690316460e+02 +5.9671e-01 -3.8264e-02 +7.4769e-01 +1.6230e+00 -1.3415e-01 -1.3414e-01 +1.6792e+00 +8.6743e-01 -3.6947e-01 +6.4256e-01
33 0 +6.575966579e+01 +3.634896658e+02 +3.634896658e+02 +1.9700e-01 +6.9516e-01 -7.1822e-01 +2.1924e+00 -9.0602e-01 -1.1142e+00 +1.2581e+00 +8.9166e-01 +7.2412e-01 +7.2835e-01
53 0 +6.476333430e+01 +3.624933343e+02 +3.624933343e+02 +1.1323e+00 -2.1014e-02 -5.8441e-01 +3.3936e+00 +1.7121e-01 +1.2574e+00 +1.1493e+00 +1.9791e+00 -1.2571e+00 +2.1212e+00
58 0 +6.339292585e+01 +3.611229258e+02 +3.611229258e+02 +1.0085e+00 +5.6570e-01 -2.2080e+00 +1.8517e+00 +5.8913e-01 -1.8741e+00 +1.5572e+00 +2.0524e+00 +1.0019e+00 +3.9419e-01
60 0 +5.480642221e+01 +3.525364222e+02 +3.525364222e+02 +1.5538e-01 +8.0676e-01 -7.2357e-01 +2.9826e+00 -6.3920e-01 +2.6886e-01 +1.9161e+00 +2.3943e+00 +1.5036e+00 +2.3623e-01
108 0 +3.147235013e+01 +3.292023501e+02 +3.292023501e+02 +3.0319e+00 +3.7845e+00 -5.1383e-01 +9.7317e-01 +2.8331e-01 +9.0471e-01 +1.0023e+00 +2.6880e+00 +2.6471e+00 +3.3183e+00
185 0 +2.032807333e+01 +3.180580733e+02 +3.180580733e+02 +7.4561e-01 -5.1144e-02 -1.3218e+00 +3.4001e+00 -1.7366e+00 -3.9645e+00 +1.2559e+00 +1.9515e+00 +4.8584e-01 +1.9544e+00
260 0 +1.890884645e+01 +3.166388464e+02 +3.166388464e+02 +7.9658e-01 +2.2308e+00 +5.4167e-01 +1.5589e+00 -9.1268e-01 +2.1010e+00 +2.7433e+00 +2.2909e+00 +2.8564e+00 +3.8918e+00
354 0 +1.829156782e+01 +3.160215678e+02 +3.160215678e+02 +2.6318e+00 -4.6743e-04 -2.8420e+00 +3.5907e+00 -3.0681e-01 -2.7916e+00 +1.3692e+00 +4.5963e+00 -7.8299e-01 +6.0265e-01
362 0 +1.371517919e+01 +3.114451792e+02 +3.114451792e+02 +2.9756e+00 +6.7977e-01 -4.7996e-01 +3.0265e+00 -9.4218e-01 +3.9712e-01 +1.1647e+00 +3.2652e+00 +1.8363e+00 +4.4113e+00
501 0 +1.007456819e+01 +3.078045682e+02 +3.078045682e+02 +2.0052e+00 -5.3987e-01 -7.0345e-01 +3.4027e+00 -1.1127e+00 -4.7946e+00 +1.8642e+00 +4.2433e+00 +2.1568e-01 +1.4103e+00
601 0 +9.053334841e+00 +3.067833348e+02 +3.067833348e+02 +1.7100e+00 +6.0796e-01 -2.2200e+00 +3.2436e+00 -9.5877e-01 -4.6606e+00 +1.3269e+00 +3.2026e+00 -1.0381e+00 +6.7734e-01
651 0 +7.935912829e+00 +3.056659128e+02 +3.056659128e+02 +2.2776e+00 +1.1316e-01 -2.0569e+00 +2.9662e+00 -1.6655e+00 -4.2435e+00 +9.1307e-01 +3.4426e+00 -2.8835e-01 +2.0178e+00
701 0 +7.534525257e+00 +3.052645253e+02 +3.052645253e+02 +2.7073e+00 -1.6466e-01 -1.0695e+00 +3.2591e+00 -9.1071e-01 -4.4863e+00 +1.2470e+00 +3.3922e+00 -2.6816e-01 +1.8141e+00
801 0 +6.476129842e+00 +3.042061298e+02 +3.042061298e+02 +2.0017e+00 -7.6241e-01 -1.5701e+00 +3.4629e+00 -1.0056e+00 -4.2254e+00 +7.3880e-01 +3.4792e+00 -2.6083e-01 +1.5828e+00
901 0 +6.447456289e+00 +3.041774563e+02 +3.041774563e+02 +2.3966e+00 +1.2385e-01 -1.9076e+00 +3.9971e+00 -9.8886e-01 -4.6402e+00 +9.3338e-01 +3.9217e+00 -6.9205e-01 +1.6447e+00
904 0 +6.376047246e+00 +3.041060472e+02 +3.041060472e+02 +2.0345e+00 -3.5800e-01 -2.0076e+00 +3.7223e+00 -1.2175e+00 -4.1590e+00 +6.3321e-01 +3.8833e+00 -4.3824e-01 +1.7068e+00
951 0 +6.207332653e+00 +3.039373327e+02 +3.039373327e+02 +2.3250e+00 -3.7938e-01 -1.8140e+00 +3.3094e+00 -1.2189e+00 -4.1954e+00 +1.0012e+00 +3.7173e+00 -6.1599e-01 +1.3157e+00
952 0 +6.128496088e+00 +3.038584961e+02 +3.038584961e+02 +1.8102e+00 -1.6841e-01 -1.7191e+00 +3.3605e+00 -1.2321e+00 -4.4932e+00 +4.3298e-01 +3.4733e+00 -5.6212e-01 +1.3741e+00
1001 0 +6.001701822e+00 +3.037317018e+02 +3.037317018e+02 +2.1498e+00 -3.8136e-01 -1.6329e+00 +3.5853e+00 -1.1773e+00 -4.1588e+00 +8.5085e-01 +3.9813e+00 -8.0453e-01 +1.4835e+00
1051 0 +5.556898509e+00 +3.032868985e+02 +3.032868985e+02 +1.8188e+00 -2.6669e-01 -1.7169e+00 +3.5016e+00 -1.0006e+00 -4.4372e+00 +9.8806e-01 +3.5394e+00 -5.3847e-01 +1.4770e+00
1101 0 +5.524321832e+00 +3.032543218e+02 +3.032543218e+02 +2.2286e+00 -3.4562e-01 -1.8706e+00 +3.6727e+00 -1.2381e+00 -4.4506e+00 +8.1374e-01 +3.6001e+00 -7.1807e-01 +1.6488e+00
1151 0 +5.240350901e+00 +3.029703509e+02 +3.029703509e+02 +2.1609e+00 -1.9393e-01 -1.6868e+00 +3.7191e+00 -1.0417e+00 -4.4125e+00 +1.0214e+00 +3.6306e+00 -6.9526e-01 +1.6800e+00
1301 0 +5.118638861e+00 +3.028486389e+02 +3.028486389e+02 +2.1167e+00 -1.8564e-01 -1.5549e+00 +3.5730e+00 -1.0745e+00 -4.6216e+00 +8.9302e-01 +3.7286e+00 -7.2451e-01 +1.6721e+00
1551 0 +5.094688325e+00 +3.028246883e+02 +3.028246883e+02 +2.0575e+00 -2.1085e-01 -1.6473e+00 +3.5758e+00 -9.7871e-01 -4.5149e+00 +9.2414e-01 +3.7108e+00 -6.8297e-01 +1.6021e+00
1651 0 +5.090231329e+00 +3.028202313e+02 +3.028202313e+02 +2.0440e+00 -2.3946e-01 -1.6142e+00 +3.5036e+00 -1.0384e+00 -4.4997e+00 +9.0458e-01 +3.6380e+00 -6.8468e-01 +1.7056e+00
1652 0 +5.089384277e+00 +3.028193843e+02 +3.028193843e+02 +2.0862e+00 -2.3457e-01 -1.6346e+00 +3.5639e+00 -1.0000e+00 -4.4919e+00 +8.7011e-01 +3.7375e+00 -7.3858e-01 +1.6842e+00
1701 0 +5.086878861e+00 +3.028168789e+02 +3.028168789e+02 +2.0121e+00 -2.1159e-01 -1.6391e+00 +3.5065e+00 -1.0489e+00 -4.5537e+00 +8.5362e-01 +3.7291e+00 -7.1546e-01 +1.7065e+00
1751 0 +5.078175926e+00 +3.028081759e+02 +3.028081759e+02 +2.0352e+00 -2.1441e-01 -1.6530e+00 +3.5524e+00 -9.9473e-01 -4.5498e+00 +9.2833e-01 +3.6836e+00 -7.4303e-01 +1.6513e+00
1801 0 +5.068782188e+00 +3.027987822e+02 +3.027987822e+02 +2.0583e+00 -1.9015e-01 -1.6685e+00 +3.5289e+00 -1.0320e+00 -4.5283e+00 +9.1767e-01 +3.7294e+00 -7.2840e-01 +1.6759e+00
1951 0 +5.067155318e+00 +3.027971553e+02 +3.027971553e+02 +2.0478e+00 -2.2491e-01 -1.6660e+00 +3.5626e+00 -1.0293e+00 -4.5376e+00 +9.3688e-01 +3.7076e+00 -7.2378e-01 +1.6782e+00
2001 0 +5.065575363e+00 +3.027955754e+02 +3.027955754e+02 +2.0566e+00 -2.3140e-01 -1.6538e+00 +3.5321e+00 -1.0415e+00 -4.5347e+00 +9.1030e-01 +3.6864e+00 -6.9470e-01 +1.6822e+00
2051 0 +5.064600648e+00 +3.027946006e+02 +3.027946006e+02 +2.0507e+00 -2.3226e-01 -1.6541e+00 +3.5472e+00 -1.0323e+00 -4.5458e+00 +9.2754e-01 +3.7133e+00 -7.0896e-01 +1.6814e+00
2052 0 +5.064575017e+00 +3.027945750e+02 +3.027945750e+02 +2.0555e+00 -2.1987e-01 -1.6320e+00 +3.5593e+00 -1.0409e+00 -4.5518e+00 +9.0341e-01 +3.7031e+00 -7.1858e-01 +1.6778e+00
2101 0 +5.064023797e+00 +3.027940238e+02 +3.027940238e+02 +2.0643e+00 -2.2252e-01 -1.6471e+00 +3.5398e+00 -1.0345e+00 -4.5426e+00 +9.0888e-01 +3.7125e+00 -7.0616e-01 +1.6580e+00
2102 0 +5.063945561e+00 +3.027939456e+02 +3.027939456e+02 +2.0482e+00 -2.3454e-01 -1.6432e+00 +3.5557e+00 -1.0330e+00 -4.5421e+00 +9.1757e-01 +3.7056e+00 -7.1494e-01 +1.6739e+00
2151 0 +5.063433542e+00 +3.027934335e+02 +3.027934335e+02 +2.0526e+00 -2.2779e-01 -1.6318e+00 +3.5441e+00 -1.0360e+00 -4.5444e+00 +9.1320e-01 +3.7151e+00 -7.1079e-01 +1.6749e+00
2201 0 +5.063342855e+00 +3.027933429e+02 +3.027933429e+02 +2.0564e+00 -2.2447e-01 -1.6438e+00 +3.5475e+00 -1.0353e+00 -4.5369e+00 +9.2771e-01 +3.7012e+00 -7.1330e-01 +1.6764e+00
2251 0 +5.063192737e+00 +3.027931927e+02 +3.027931927e+02 +2.0526e+00 -2.2716e-01 -1.6444e+00 +3.5429e+00 -1.0370e+00 -4.5373e+00 +9.1005e-01 +3.7119e+00 -7.1194e-01 +1.6821e+00
2301 0 +5.063074443e+00 +3.027930744e+02 +3.027930744e+02 +2.0554e+00 -2.2406e-01 -1.6386e+00 +3.5403e+00 -1.0376e+00 -4.5351e+00 +9.1717e-01 +3.6995e+00 -7.0989e-01 +1.6792e+00
2351 0 +5.062849036e+00 +3.027928490e+02 +3.027928490e+02 +2.0567e+00 -2.2719e-01 -1.6429e+00 +3.5501e+00 -1.0352e+00 -4.5359e+00 +9.1423e-01 +3.7071e+00 -7.1001e-01 +1.6744e+00
% f evaluations | g evaluations | best noise-free fitness - Fopt (5.157000000000e+01) + sum g_i+ | measured fitness | best measured fitness or single-digit g-values | x1 | x2...
1 0 +7.383174916e+01 +1.254017492e+02 +1.254017492e+02 +5.9671e-01 -3.8264e-02 +7.4769e-01 +1.6230e+00 -1.3415e-01 -1.3414e-01 +1.6792e+00 +8.6743e-01 -3.6947e-01 +6.4256e-01
4 0 +7.328528085e+01 +1.248552808e+02 +1.248552808e+02 -5.0171e-01 +1.9523e+00 +8.6503e-02 -9.5771e-01 +9.2254e-01 -1.1208e+00 +3.0886e-01 -1.8597e+00 -1.2282e+00 +2.9686e-01
11 0 +7.264223681e+01 +1.242122368e+02 +1.242122368e+02 -1.3154e+00 -3.2065e-01 -2.4271e-01 -7.0228e-01 -6.1286e-02 +5.0405e-01 +1.9862e+00 +2.7458e-01 +3.5755e-01 +2.5554e-02
13 0 +7.262591646e+01 +1.241959165e+02 +1.241959165e+02 +8.9103e-01 -8.0939e-01 +1.5028e+00 -1.3019e+00 +6.8686e-01 +2.2905e+00 -8.9054e-01 -4.6630e-01 +1.9965e-01 -4.0348e-01
16 0 +6.502896973e+01 +1.165989697e+02 +1.165989697e+02 +3.5049e-01 +4.4645e-01 -5.8002e-01 +3.3225e-01 +3.9307e-01 -6.1435e-01 +1.9658e+00 +5.7383e-01 -1.0913e+00 +7.5655e-01
27 0 +6.423922555e+01 +1.158092255e+02 +1.158092255e+02 -8.2693e-01 +4.0475e-02 -3.1413e+00 -9.2439e-01 -1.5257e-01 -1.1478e+00 +1.7324e+00 -1.3301e+00 -3.4004e-01 +2.3074e-01
58 0 +5.756687659e+01 +1.091368766e+02 +1.091368766e+02 -5.9685e-01 +3.7456e-01 -7.6308e-01 -1.6912e-01 +2.0103e-01 -1.2849e+00 +2.3635e+00 +8.4430e-02 -1.4958e+00 -8.0828e-02
75 0 +5.646877661e+01 +1.080387766e+02 +1.080387766e+02 -7.5896e-01 +1.0652e-01 -2.0197e+00 -1.5493e-02 -5.7033e-01 -4.0905e-01 +1.1568e+00 -2.5548e-01 -7.0160e-01 -1.4641e-01
106 0 +3.341362433e+01 +8.498362433e+01 +8.498362433e+01 -2.5060e+00 +9.6826e-01 -2.1517e+00 -2.2082e-01 -2.6288e-01 -2.1712e+00 +2.5378e+00 +1.0283e+00 -1.6007e+00 -5.4659e-01
156 0 +2.872123470e+01 +8.029123470e+01 +8.029123470e+01 -1.0935e+00 -1.1637e+00 -3.3398e+00 -1.8015e+00 -1.8624e+00 -3.0181e+00 +3.5565e+00 +1.3994e+00 -1.6854e+00 -5.6895e-01
251 0 +2.189171435e+01 +7.346171435e+01 +7.346171435e+01 -2.0489e+00 +3.2816e-01 -2.6888e+00 -1.0513e-01 -5.0834e-01 -4.2562e-01 +2.0079e+00 +1.1401e+00 -2.4568e+00 -8.2825e-01
301 0 +1.883223592e+01 +7.040223592e+01 +7.040223592e+01 -2.2248e+00 -4.5149e-01 -3.0076e+00 -4.7274e-01 -1.7127e+00 -2.3957e+00 +4.1293e+00 +8.3552e-01 -2.6733e+00 -3.5075e+00
351 0 +1.767128344e+01 +6.924128344e+01 +6.924128344e+01 -2.9993e+00 -1.4038e+00 -2.1378e+00 -5.3637e-01 -2.6736e+00 -1.5314e+00 +2.5070e+00 +5.9447e-01 -3.6637e+00 -1.9445e+00
408 0 +1.560251261e+01 +6.717251261e+01 +6.717251261e+01 -1.3762e+00 +8.9355e-01 -4.2176e+00 +7.7753e-01 -2.4246e+00 -4.4525e-01 +4.3105e+00 +6.6787e-01 -4.0849e-01 -9.4348e-01
451 0 +1.064399735e+01 +6.221399735e+01 +6.221399735e+01 -2.0514e+00 +3.5348e-01 -3.3614e+00 -1.5697e+00 -2.5446e+00 -1.1196e+00 +3.0245e+00 +6.4684e-02 -2.5409e+00 -7.9209e-01
505 0 +9.856388718e+00 +6.142638872e+01 +6.142638872e+01 -2.9212e+00 +1.2077e-01 -4.0914e+00 -1.1343e+00 -2.2290e+00 -2.0563e+00 +3.9388e+00 +1.4813e+00 -3.9225e+00 -2.2767e+00
553 0 +8.442859577e+00 +6.001285958e+01 +6.001285958e+01 -2.7366e+00 +7.9659e-01 -4.0381e+00 -2.6784e-01 -2.1689e+00 -2.0808e+00 +3.8081e+00 +9.1544e-01 -2.7071e+00 -2.7464e+00
601 0 +8.383086616e+00 +5.995308662e+01 +5.995308662e+01 -2.5183e+00 +3.5395e-01 -4.2107e+00 -1.1124e+00 -3.1204e+00 -1.2360e+00 +3.1839e+00 +7.1409e-01 -2.6484e+00 -1.5681e+00
603 0 +8.022363760e+00 +5.959236376e+01 +5.959236376e+01 -1.9789e+00 +9.9374e-02 -4.6451e+00 -1.4814e+00 -2.8753e+00 -1.7730e+00 +3.9935e+00 +6.6920e-01 -2.8463e+00 -1.6952e+00
651 0 +7.271192988e+00 +5.884119299e+01 +5.884119299e+01 -1.7685e+00 -2.9852e-02 -4.4764e+00 -9.2191e-01 -2.0564e+00 -1.1280e+00 +3.2758e+00 +2.9097e-01 -3.1432e+00 -1.5034e+00
653 0 +6.909603209e+00 +5.847960321e+01 +5.847960321e+01 -2.0323e+00 +3.3217e-01 -4.3762e+00 -6.4189e-01 -2.5063e+00 -1.3767e+00 +3.7780e+00 +4.6941e-01 -2.7124e+00 -1.9259e+00
701 0 +6.593544619e+00 +5.816354462e+01 +5.816354462e+01 -1.9549e+00 +1.6072e-01 -4.0785e+00 -5.5664e-01 -2.1437e+00 -1.6661e+00 +3.7197e+00 +3.2415e-01 -2.6441e+00 -1.3303e+00
851 0 +5.791483233e+00 +5.736148323e+01 +5.736148323e+01 -2.3801e+00 -9.0601e-02 -4.1478e+00 -6.5827e-01 -2.2504e+00 -1.5389e+00 +3.3811e+00 +2.7442e-01 -2.9951e+00 -2.1696e+00
854 0 +5.635436870e+00 +5.720543687e+01 +5.720543687e+01 -2.1447e+00 +2.9760e-02 -4.0889e+00 -9.5866e-01 -2.1653e+00 -1.7856e+00 +3.3416e+00 +4.4303e-01 -2.8305e+00 -1.5770e+00
901 0 +5.374006986e+00 +5.694400699e+01 +5.694400699e+01 -2.1509e+00 -7.1820e-02 -4.1519e+00 -8.7598e-01 -1.8047e+00 -1.8096e+00 +3.3154e+00 +4.6288e-01 -3.0120e+00 -1.9240e+00
1101 0 +5.342022954e+00 +5.691202295e+01 +5.691202295e+01 -2.1575e+00 -1.3744e-01 -4.3826e+00 -7.5709e-01 -1.7619e+00 -2.1108e+00 +3.4882e+00 +3.0427e-01 -2.8235e+00 -1.9511e+00
1102 0 +5.301636966e+00 +5.687163697e+01 +5.687163697e+01 -2.3185e+00 -5.0345e-02 -4.4906e+00 -8.1847e-01 -1.9553e+00 -1.8272e+00 +3.5436e+00 +4.0822e-01 -3.0180e+00 -1.9556e+00
1151 0 +5.299667774e+00 +5.686966777e+01 +5.686966777e+01 -1.9712e+00 -6.1980e-02 -4.4880e+00 -8.7293e-01 -1.7567e+00 -2.0022e+00 +3.6083e+00 +3.4504e-01 -2.9590e+00 -1.7445e+00
1201 0 +5.182286731e+00 +5.675228673e+01 +5.675228673e+01 -2.0953e+00 -1.4035e-01 -4.3055e+00 -7.7601e-01 -1.9091e+00 -1.9127e+00 +3.5340e+00 +5.2586e-01 -2.9471e+00 -1.8145e+00
1202 0 +5.179764499e+00 +5.674976450e+01 +5.674976450e+01 -2.1446e+00 -4.4096e-02 -4.5189e+00 -8.6305e-01 -1.9704e+00 -1.9035e+00 +3.5707e+00 +2.9101e-01 -2.8798e+00 -1.8696e+00
1251 0 +5.153725600e+00 +5.672372560e+01 +5.672372560e+01 -2.1688e+00 -4.6862e-02 -4.4310e+00 -7.6309e-01 -2.0136e+00 -2.0406e+00 +3.6222e+00 +3.4038e-01 -2.7936e+00 -1.9300e+00
1351 0 +5.139353977e+00 +5.670935398e+01 +5.670935398e+01 -2.2099e+00 -1.0415e-01 -4.3650e+00 -7.8215e-01 -1.9169e+00 -2.0240e+00 +3.5865e+00 +3.7352e-01 -2.8973e+00 -2.0531e+00
1401 0 +5.113449914e+00 +5.668344991e+01 +5.668344991e+01 -2.1260e+00 -2.5260e-02 -4.3777e+00 -8.4975e-01 -1.8881e+00 -2.0154e+00 +3.5720e+00 +4.2405e-01 -2.9083e+00 -2.0214e+00
1402 0 +5.105881949e+00 +5.667588195e+01 +5.667588195e+01 -2.1837e+00 -7.4361e-02 -4.3296e+00 -7.1760e-01 -1.9334e+00 -1.8435e+00 +3.5195e+00 +3.8475e-01 -2.8453e+00 -1.9343e+00
1501 0 +5.090348780e+00 +5.666034878e+01 +5.666034878e+01 -2.1850e+00 -9.1552e-02 -4.3264e+00 -7.9318e-01 -1.9548e+00 -1.8783e+00 +3.5021e+00 +4.4860e-01 -2.9331e+00 -1.9216e+00
1552 0 +5.088558545e+00 +5.665855855e+01 +5.665855855e+01 -2.1127e+00 -2.3372e-02 -4.3180e+00 -7.8231e-01 -1.8941e+00 -1.9550e+00 +3.5380e+00 +4.1493e-01 -2.9069e+00 -1.9229e+00
1601 0 +5.080440953e+00 +5.665044095e+01 +5.665044095e+01 -2.1523e+00 -3.2634e-02 -4.3663e+00 -8.0458e-01 -1.9329e+00 -1.9747e+00 +3.5530e+00 +3.6118e-01 -2.9047e+00 -1.9097e+00
1701 0 +5.077637132e+00 +5.664763713e+01 +5.664763713e+01 -2.1215e+00 -5.1408e-02 -4.4619e+00 -7.7483e-01 -1.9026e+00 -1.9367e+00 +3.5469e+00 +3.9895e-01 -2.8845e+00 -1.9281e+00
1751 0 +5.070424802e+00 +5.664042480e+01 +5.664042480e+01 -2.1428e+00 -2.3205e-02 -4.3732e+00 -7.9434e-01 -1.9161e+00 -1.9288e+00 +3.5250e+00 +4.2404e-01 -2.9033e+00 -1.9025e+00
1752 0 +5.069662696e+00 +5.663966270e+01 +5.663966270e+01 -2.1578e+00 -1.1055e-02 -4.4421e+00 -8.1731e-01 -1.9437e+00 -1.9823e+00 +3.5642e+00 +3.9577e-01 -2.9004e+00 -1.9635e+00
1801 0 +5.068463339e+00 +5.663846334e+01 +5.663846334e+01 -2.1571e+00 -4.0582e-02 -4.4210e+00 -8.0297e-01 -1.9093e+00 -1.9796e+00 +3.5209e+00 +3.9980e-01 -2.9290e+00 -1.9265e+00
1851 0 +5.067274478e+00 +5.663727448e+01 +5.663727448e+01 -2.1882e+00 -3.8078e-02 -4.4047e+00 -7.8698e-01 -1.9181e+00 -1.9651e+00 +3.5397e+00 +3.9584e-01 -2.9067e+00 -1.9613e+00
1901 0 +5.065832129e+00 +5.663583213e+01 +5.663583213e+01 -2.1759e+00 -3.1257e-02 -4.3866e+00 -8.1513e-01 -1.9348e+00 -1.9494e+00 +3.5298e+00 +3.9373e-01 -2.9131e+00 -1.9462e+00
1951 0 +5.065104494e+00 +5.663510449e+01 +5.663510449e+01 -2.1700e+00 -3.4536e-02 -4.4224e+00 -8.1034e-01 -1.9376e+00 -1.9853e+00 +3.5409e+00 +3.9255e-01 -2.9155e+00 -1.9524e+00
2001 0 +5.065056867e+00 +5.663505687e+01 +5.663505687e+01 -2.1597e+00 -3.0726e-02 -4.3956e+00 -8.1198e-01 -1.9345e+00 -1.9632e+00 +3.5507e+00 +3.9908e-01 -2.9214e+00 -1.9383e+00
2051 0 +5.063555119e+00 +5.663355512e+01 +5.663355512e+01 -2.1602e+00 -3.8735e-02 -4.3937e+00 -8.0717e-01 -1.9285e+00 -1.9554e+00 +3.5271e+00 +4.0065e-01 -2.9080e+00 -1.9415e+00
2101 0 +5.063434167e+00 +5.663343417e+01 +5.663343417e+01 -2.1500e+00 -3.8618e-02 -4.4013e+00 -7.9703e-01 -1.9304e+00 -1.9586e+00 +3.5325e+00 +3.9444e-01 -2.8993e+00 -1.9331e+00
2151 0 +5.063235123e+00 +5.663323512e+01 +5.663323512e+01 -2.1602e+00 -4.6012e-02 -4.4031e+00 -8.0289e-01 -1.9364e+00 -1.9642e+00 +3.5395e+00 +3.9277e-01 -2.9035e+00 -1.9453e+00
2251 0 +5.063056212e+00 +5.663305621e+01 +5.663305621e+01 -2.1588e+00 -3.3883e-02 -4.4018e+00 -7.9960e-01 -1.9413e+00 -1.9563e+00 +3.5379e+00 +3.9835e-01 -2.9071e+00 -1.9430e+00
2252 0 +5.063041929e+00 +5.663304193e+01 +5.663304193e+01 -2.1664e+00 -4.5790e-02 -4.4009e+00 -8.0014e-01 -1.9401e+00 -1.9554e+00 +3.5353e+00 +3.9901e-01 -2.9106e+00 -1.9465e+00
2301 0 +5.062867195e+00 +5.663286720e+01 +5.663286720e+01 -2.1639e+00 -4.0821e-02 -4.4010e+00 -7.9954e-01 -1.9387e+00 -1.9516e+00 +3.5336e+00 +3.9617e-01 -2.9090e+00 -1.9408e+00
2451 0 +5.062785042e+00 +5.663278504e+01 +5.663278504e+01 -2.1603e+00 -3.7588e-02 -4.4028e+00 -7.9825e-01 -1.9333e+00 -1.9591e+00 +3.5378e+00 +3.9678e-01 -2.9072e+00 -1.9425e+00
% f evaluations | g evaluations | best noise-free fitness - Fopt (1.527100000000e+02) + sum g_i+ | measured fitness | best measured fitness or single-digit g-values | x1 | x2...
1 0 +7.815228743e+01 +2.308622874e+02 +2.308622874e+02 +5.9671e-01 -3.8264e-02 +7.4769e-01 +1.6230e+00 -1.3415e-01 -1.3414e-01 +1.6792e+00 +8.6743e-01 -3.6947e-01 +6.4256e-01
4 0 +7.330495943e+01 +2.260149594e+02 +2.260149594e+02 -5.0171e-01 +1.9523e+00 +8.6503e-02 -9.5771e-01 +9.2254e-01 -1.1208e+00 +3.0886e-01 -1.8597e+00 -1.2282e+00 +2.9686e-01
10 0 +7.244868083e+01 +2.251586808e+02 +2.251586808e+02 +1.9708e-01 +1.0686e+00 -6.0205e-01 -2.2766e-01 -2.9211e-01 -1.3635e+00 +3.9612e-01 +3.6106e-01 +1.0511e-01 -1.3459e-01
16 0 +7.124201674e+01 +2.239520167e+02 +2.239520167e+02 +3.5049e-01 +4.4645e-01 -5.8002e-01 +3.3225e-01 +3.9307e-01 -6.1435e-01 +1.9658e+00 +5.7383e-01 -1.0913e+00 +7.5655e-01
27 0 +7.077845551e+01 +2.234884555e+02 +2.234884555e+02 -8.2693e-01 +4.0475e-02 -3.1413e+00 -9.2439e-01 -1.5257e-01 -1.1478e+00 +1.7324e+00 -1.3301e+00 -3.4004e-01 +2.3074e-01
57 0 +7.047292433e+01 +2.231829243e+02 +2.231829243e+02 -1.1651e+00 +1.2810e+00 +3.5162e-01 -5.8392e-01 +1.0865e+00 -3.1060e+00 +1.8959e+00 -3.2508e+00 +1.7487e+00 +1.1728e+00
66 0 +6.860809240e+01 +2.213180924e+02 +2.213180924e+02 -6.8466e-01 +8.0977e-02 -2.0254e+00 -1.4569e+00 +5.1016e-01 -1.4852e+00 +2.1011e+00 -9.4043e-02 -1.2835e+00 +1.2133e-01
76 0 +6.826975224e+01 +2.209797522e+02 +2.209797522e+02 -2.2793e-01 -5.4011e-01 -2.3180e+00 -8.4379e-01 +6.5202e-02 -7.4311e-01 +2.0976e+00 -3.0154e-02 -2.1709e-01 +1.7824e+00
151 0 +6.408786927e+01 +2.167978693e+02 +2.167978693e+02 +1.5980e+00 +4.9643e+00 -4.5886e-01 +2.4255e+00 -3.5056e+00 -3.9819e+00 -4.8199e-01 -1.6039e+00 -3.9957e+00 +3.3014e+00
204 0 +3.996823528e+01 +1.926782353e+02 +1.926782353e+02 +3.3705e+00 +2.9539e+00 -1.9884e+00 +1.5608e+00 -3.8939e+00 -4.6600e+00 +1.6844e+00 -3.3789e+00 -3.4756e+00 +1.7210e+00
207 0 +1.958264254e+01 +1.722926425e+02 +1.722926425e+02 +2.3336e+00 +3.4282e+00 -2.4288e+00 +3.9362e-01 -2.4466e+00 -4.3725e+00 -1.0936e-01 -4.0720e+00 -3.6985e+00 +4.1802e+00
302 0 +1.813626410e+01 +1.708462641e+02 +1.708462641e+02 +2.4285e+00 +1.6698e+00 -1.3179e+00 +2.5164e-01 -3.2181e+00 -2.9053e+00 +4.3311e-02 -3.7784e+00 -4.2261e+00 +3.7361e+00
451 0 +1.616434198e+01 +1.688743420e+02 +1.688743420e+02 +3.2885e+00 +2.9174e+00 +2.8475e-01 -6.7064e-02 -1.4306e+00 -2.1029e+00 +6.4600e-01 -3.3371e+00 -1.7300e+00 +2.3604e+00
452 0 +1.501532692e+01 +1.677253269e+02 +1.677253269e+02 +3.1205e+00 +2.0209e+00 -7.6200e-01 -3.0554e-01 -3.9625e+00 -2.3257e+00 +4.2577e-01 -4.4970e+00 -4.0733e+00 +2.7438e+00
501 0 +1.064238239e+01 +1.633523824e+02 +1.633523824e+02 +3.9600e+00 +2.4387e+00 -1.1483e+00 -1.0191e+00 -1.5014e+00 -2.5225e+00 +2.2876e+00 -4.8706e+00 -4.1264e+00 +4.0584e+00
504 0 +8.444461131e+00 +1.611544611e+02 +1.611544611e+02 +3.1723e+00 +3.5242e+00 -3.8233e-01 +5.0637e-01 -8.9399e-01 -4.2757e+00 -2.1168e-01 -4.1604e+00 -2.8639e+00 +2.5241e+00
551 0 +5.839276252e+00 +1.585492763e+02 +1.585492763e+02 +3.7328e+00 +3.7606e+00 +1.8528e-01 -1.6322e-01 -1.9490e+00 -3.5836e+00 +7.9648e-01 -4.0274e+00 -3.4274e+00 +3.7769e+00
553 0 +3.671641855e+00 +1.563816419e+02 +1.563816419e+02 +3.2926e+00 +2.4309e+00 -7.7025e-01 -1.5079e-01 -1.3283e+00 -3.6653e+00 +1.0326e+00 -4.1409e+00 -3.7607e+00 +3.8862e+00
601 0 +2.263331040e+00 +1.549733310e+02 +1.549733310e+02 +3.3743e+00 +3.0740e+00 -1.0985e+00 -2.1337e-01 -2.0522e+00 -3.4158e+00 +1.4652e+00 -4.2808e+00 -3.4725e+00 +3.3223e+00
702 0 +2.050860004e+00 +1.547608600e+02 +1.547608600e+02 +4.5519e+00 +3.0169e+00 -8.6384e-01 +7.7633e-01 -1.5666e+00 -3.2427e+00 +1.7555e+00 -4.8070e+00 -3.3818e+00 +2.5217e+00
751 0 +1.938429073e+00 +1.546484291e+02 +1.546484291e+02 +4.0965e+00 +3.2080e+00 -1.0684e-01 +1.0236e-01 -2.2832e+00 -3.1734e+00 +1.3498e+00 -4.3715e+00 -3.5238e+00 +2.7853e+00
754 0 +1.894106044e+00 +1.546041060e+02 +1.546041060e+02 +4.3210e+00 +3.1353e+00 -7.5160e-01 +3.9656e-01 -1.6361e+00 -3.7905e+00 +1.4480e+00 -4.9108e+00 -4.1447e+00 +3.6854e+00
851 0 +1.802606876e+00 +1.545126069e+02 +1.545126069e+02 +3.6810e+00 +3.0932e+00 -5.7794e-01 +4.1485e-01 -1.0528e+00 -3.6160e+00 +1.0145e+00 -4.2149e+00 -3.6027e+00 +3.0104e+00
901 0 +1.014515836e+00 +1.537245158e+02 +1.537245158e+02 +4.0464e+00 +3.1732e+00 -5.5799e-01 +5.5660e-01 -1.8447e+00 -3.6469e+00 +1.4189e+00 -4.6436e+00 -3.6309e+00 +2.7019e+00
1101 0 +8.298066033e-01 +1.535398066e+02 +1.535398066e+02 +3.7750e+00 +3.0888e+00 -3.3814e-01 +3.2458e-01 -1.5523e+00 -3.5243e+00 +1.4281e+00 -4.6127e+00 -3.5547e+00 +2.9958e+00
1201 0 +7.494210946e-01 +1.534594211e+02 +1.534594211e+02 +3.9804e+00 +3.0806e+00 -4.5186e-01 +2.5985e-01 -1.6062e+00 -3.4205e+00 +1.4127e+00 -4.5097e+00 -3.5976e+00 +2.8888e+00
1351 0 +7.182168167e-01 +1.534282168e+02 +1.534282168e+02 +3.9157e+00 +3.1946e+00 -5.8108e-01 +3.3462e-01 -1.7355e+00 -3.4623e+00 +1.3812e+00 -4.6488e+00 -3.6988e+00 +2.9735e+00
1401 0 +7.167354912e-01 +1.534267355e+02 +1.534267355e+02 +4.0863e+00 +3.1156e+00 -4.8406e-01 +3.2338e-01 -1.6601e+00 -3.4873e+00 +1.4452e+00 -4.6190e+00 -3.6536e+00 +2.9384e+00
1451 0 +7.129472672e-01 +1.534229473e+02 +1.534229473e+02 +3.9495e+00 +3.0898e+00 -4.9176e-01 +3.6482e-01 -1.6297e+00 -3.5117e+00 +1.4927e+00 -4.6212e+00 -3.6005e+00 +2.9571e+00
1453 0 +7.127609695e-01 +1.534227610e+02 +1.534227610e+02 +4.0026e+00 +3.2422e+00 -5.2536e-01 +3.0076e-01 -1.6477e+00 -3.4183e+00 +1.3637e+00 -4.6645e+00 -3.6165e+00 +2.9678e+00
1504 0 +7.089568161e-01 +1.534189568e+02 +1.534189568e+02 +3.9840e+00 +3.1442e+00 -4.9854e-01 +4.0110e-01 -1.6570e+00 -3.4465e+00 +1.4269e+00 -4.6149e+00 -3.5834e+00 +2.9874e+00
1551 0 +7.031934304e-01 +1.534131934e+02 +1.534131934e+02 +3.9683e+00 +3.2368e+00 -5.5659e-01 +3.1064e-01 -1.6154e+00 -3.4609e+00 +1.4128e+00 -4.6142e+00 -3.6658e+00 +2.9730e+00
1601 0 +6.983998790e-01 +1.534083999e+02 +1.534083999e+02 +4.0014e+00 +3.1841e+00 -5.1169e-01 +2.9641e-01 -1.6030e+00 -3.5175e+00 +1.4256e+00 -4.6068e+00 -3.6693e+00 +2.9748e+00
1603 0 +6.983538558e-01 +1.534083539e+02 +1.534083539e+02 +3.9711e+00 +3.1624e+00 -5.5758e-01 +3.2451e-01 -1.6106e+00 -3.4943e+00 +1.3982e+00 -4.6297e+00 -3.6345e+00 +2.9397e+00
1651 0 +6.962598572e-01 +1.534062599e+02 +1.534062599e+02 +3.9927e+00 +3.1851e+00 -5.4503e-01 +3.6543e-01 -1.6154e+00 -3.5650e+00 +1.3961e+00 -4.5974e+00 -3.6426e+00 +2.9928e+00
1701 0 +6.943768303e-01 +1.534043768e+02 +1.534043768e+02 +3.9983e+00 +3.1882e+00 -5.2324e-01 +3.5786e-01 -1.6429e+00 -3.5407e+00 +1.3963e+00 -4.6496e+00 -3.6615e+00 +2.9870e+00
1751 0 +6.940854668e-01 +1.534040855e+02 +1.534040855e+02 +3.9978e+00 +3.1921e+00 -5.6318e-01 +3.5325e-01 -1.5931e+00 -3.5452e+00 +1.4314e+00 -4.6453e+00 -3.6275e+00 +2.9835e+00
1801 0 +6.932942163e-01 +1.534032942e+02 +1.534032942e+02 +3.9911e+00 +3.1934e+00 -5.3310e-01 +3.6814e-01 -1.5956e+00 -3.5080e+00 +1.4283e+00 -4.6273e+00 -3.6397e+00 +2.9872e+00
1851 0 +6.932782749e-01 +1.534032783e+02 +1.534032783e+02 +4.0001e+00 +3.1976e+00 -5.4472e-01 +3.6664e-01 -1.6387e+00 -3.5176e+00 +1.3995e+00 -4.6500e+00 -3.6559e+00 +2.9923e+00
1901 0 +6.926949747e-01 +1.534026950e+02 +1.534026950e+02 +3.9920e+00 +3.1940e+00 -5.4033e-01 +3.6893e-01 -1.6370e+00 -3.5370e+00 +1.4144e+00 -4.6458e+00 -3.6459e+00 +3.0014e+00
1951 0 +6.923712471e-01 +1.534023712e+02 +1.534023712e+02 +3.9963e+00 +3.1743e+00 -5.4541e-01 +3.5488e-01 -1.6238e+00 -3.5213e+00 +1.4181e+00 -4.6433e+00 -3.6327e+00 +2.9987e+00
2001 0 +6.922479112e-01 +1.534022479e+02 +1.534022479e+02 +3.9931e+00 +3.1749e+00 -5.3538e-01 +3.5412e-01 -1.6128e+00 -3.5300e+00 +1.4288e+00 -4.6385e+00 -3.6421e+00 +2.9931e+00
2051 0 +6.921553893e-01 +1.534021554e+02 +1.534021554e+02 +3.9860e+00 +3.1878e+00 -5.2842e-01 +3.5273e-01 -1.6327e+00 -3.5218e+00 +1.4270e+00 -4.6388e+00 -3.6306e+00 +2.9877e+00
2101 0 +6.921013385e-01 +1.534021013e+02 +1.534021013e+02 +3.9874e+00 +3.1933e+00 -5.3920e-01 +3.5594e-01 -1.6176e+00 -3.5232e+00 +1.4097e+00 -4.6340e+00 -3.6347e+00 +2.9862e+00
2201 0 +6.919572606e-01 +1.534019573e+02 +1.534019573e+02 +3.9950e+00 +3.1896e+00 -5.3442e-01 +3.5529e-01 -1.6234e+00 -3.5272e+00 +1.4186e+00 -4.6349e+00 -3.6401e+00 +2.9845e+00
2301 0 +6.919226269e-01 +1.534019226e+02 +1.534019226e+02 +3.9912e+00 +3.1835e+00 -5.3257e-01 +3.5247e-01 -1.6266e+00 -3.5207e+00 +1.4164e+00 -4.6357e+00 -3.6368e+00 +2.9877e+00
2401 0 +6.919105625e-01 +1.534019106e+02 +1.534019106e+02 +3.9956e+00 +3.1857e+00 -5.3278e-01 +3.5863e-01 -1.6276e+00 -3.5216e+00 +1.4200e+00 -4.6406e+00 -3.6385e+00 +2.9915e+00
2451 0 +6.918770363e-01 +1.534018770e+02 +1.534018770e+02 +3.9939e+00 +3.1859e+00 -5.3480e-01 +3.5948e-01 -1.6227e+00 -3.5218e+00 +1.4200e+00 -4.6397e+00 -3.6337e+00 +2.9890e+00
% f evaluations | g evaluations | best noise-free fitness - Fopt (9.980000000000e+01) + sum g_i+ | measured fitness | best measured fitness or single-digit g-values | x1 | x2...
1 0 +7.630194997e+01 +1.761019500e+02 +1.761019500e+02 +5.9671e-01 -3.8264e-02 +7.4769e-01 +1.6230e+00 -1.3415e-01 -1.3414e-01 +1.6792e+00 +8.6743e-01 -3.6947e-01 +6.4256e-01
4 0 +7.124472023e+01 +1.710447202e+02 +1.710447202e+02 -5.0171e-01 +1.9523e+00 +8.6503e-02 -9.5771e-01 +9.2254e-01 -1.1208e+00 +3.0886e-01 -1.8597e+00 -1.2282e+00 +2.9686e-01
7 0 +6.778363538e+01 +1.675836354e+02 +1.675836354e+02 -3.7917e-01 -8.5659e-02 -1.0063e+00 -1.0962e+00 +9.1253e-01 +1.4562e+00 +2.7990e-02 +1.1035e+00 +4.6164e-01 -5.4512e-01
51 0 +6.480411881e+01 +1.646041188e+02 +1.646041188e+02 +1.9587e+00 +2.0641e-01 +9.4571e-01 -1.0705e+00 +3.5443e+00 -3.8246e-01 -1.3506e-01 +1.0516e+00 +2.0748e+00 -2.5984e+00
67 0 +5.695073560e+01 +1.567507356e+02 +1.567507356e+02 -1.0683e-01 +1.8585e+00 +1.8122e+00 +2.6116e-01 +1.4628e+00 +8.3726e-01 -1.1808e+00 -1.6582e-02 +1.7068e+00 -1.6153e-01
68 0 +5.270734823e+01 +1.525073482e+02 +1.525073482e+02 -4.1973e-01 +5.9581e-01 -1.8311e-01 +6.2817e-01 +1.8251e+00 +4.6178e-02 -9.6571e-01 +3.0615e+00 +1.0077e+00 -9.8569e-01
106 0 +4.862495591e+01 +1.484249559e+02 +1.484249559e+02 -2.5564e-01 +8.3553e-01 +1.5118e+00 +1.1899e+00 +1.5951e+00 +2.8325e-01 -2.3359e+00 +3.3004e+00 +1.9091e+00 +8.9783e-01
181 0 +4.532626168e+01 +1.451262617e+02 +1.451262617e+02 -1.4732e+00 +1.4336e+00 +8.5290e-01 +1.4005e+00 +2.0470e+00 +1.3586e+00 -4.0241e+00 +1.9294e+00 +9.4846e-01 +4.8791e-01
253 0 +4.518603691e+01 +1.449860369e+02 +1.449860369e+02 -1.4429e+00 +1.0744e+00 +1.8508e+00 +1.9196e+00 +1.6856e+00 +6.6299e-01 -3.1189e+00 +2.6894e+00 +2.1624e+00 +6.2841e-01
254 0 +3.981129946e+01 +1.396112995e+02 +1.396112995e+02 +8.3999e-01 -2.5817e+00 -2.5591e+00 -2.8880e+00 +3.3666e+00 +3.9306e+00 +4.7354e-01 +1.0924e+00 +2.9082e-01 +2.8586e+00
255 0 +3.114918803e+01 +1.309491880e+02 +1.309491880e+02 -3.9224e-01 +1.6471e+00 +2.8236e+00 +2.2777e+00 +1.4795e+00 +3.0271e-01 -3.3565e+00 +1.5258e+00 +7.3840e-01 -4.9372e-01
401 0 +2.767182521e+01 +1.274718252e+02 +1.274718252e+02 -5.7876e-01 +1.3779e-01 +1.2111e+00 +1.5441e+00 +2.1467e+00 -2.2981e-01 -2.3022e+00 +2.2350e+00 +1.8361e+00 -1.5962e+00
651 0 +2.723708963e+01 +1.270370896e+02 +1.270370896e+02 -1.0756e+00 +1.6432e-01 +2.6441e+00 +2.4648e+00 +1.9603e+00 +6.5194e-02 -2.7890e+00 +2.5471e+00 +9.7201e-01 -2.0384e+00
701 0 +2.469174548e+01 +1.244917455e+02 +1.244917455e+02 -9.5227e-01 +6.2205e-01 +2.8959e+00 +2.2596e+00 +2.7305e+00 -3.4000e-01 -3.0703e+00 +2.5218e+00 +1.7989e-01 -1.4777e+00
751 0 +2.357620865e+01 +1.233762086e+02 +1.233762086e+02 -1.0184e+00 +2.8177e-01 +2.5090e+00 +2.0636e+00 +2.6922e+00 -7.0621e-01 -3.4945e+00 +1.7963e+00 +7.1428e-01 -1.4920e+00
801 0 +2.350297818e+01 +1.233029782e+02 +1.233029782e+02 -5.2111e-01 +2.8282e-01 +1.9318e+00 +2.4528e+00 +2.8868e+00 -3.2540e-01 -3.4042e+00 +2.1540e+00 +8.6148e-01 -1.9169e+00
851 0 +2.267674428e+01 +1.224767443e+02 +1.224767443e+02 -8.7846e-01 +2.8740e-01 +2.4547e+00 +2.3933e+00 +2.3231e+00 -3.7544e-01 -3.1280e+00 +2.0470e+00 +9.8942e-01 -2.0235e+00
903 0 +2.256327555e+01 +1.223632756e+02 +1.223632756e+02 -7.4949e-01 +2.4399e-01 +2.3320e+00 +2.2798e+00 +2.2680e+00 -4.6516e-01 -3.1191e+00 +1.9722e+00 +8.8775e-01 -1.9909e+00
910 0 +2.255421243e+01 +1.223542124e+02 +1.223542124e+02 -1.1858e+00 +2.1921e-01 +2.5203e+00 +1.4452e+00 +2.6526e+00 -3.2194e-01 -2.8555e+00 +2.0903e+00 +1.1885e+00 -2.1893e+00
951 0 +2.241640159e+01 +1.222164016e+02 +1.222164016e+02 -8.1414e-01 +1.1800e-01 +2.2457e+00 +2.0370e+00 +2.7040e+00 -2.5942e-01 -2.9253e+00 +2.3964e+00 +6.2260e-01 -1.6600e+00
1001 0 +2.240544826e+01 +1.222054483e+02 +1.222054483e+02 -1.1292e+00 -5.1180e-02 +2.4181e+00 +1.7424e+00 +2.5266e+00 -4.5777e-01 -2.9186e+00 +1.8519e+00 +8.6557e-01 -2.0984e+00
1003 0 +2.227040118e+01 +1.220704012e+02 +1.220704012e+02 -1.0168e+00 +1.4256e-01 +2.2431e+00 +1.4876e+00 +2.7831e+00 -1.6847e-01 -2.9782e+00 +2.1830e+00 +8.1633e-01 -1.5391e+00
1054 0 +2.217912950e+01 +1.219791295e+02 +1.219791295e+02 -1.0272e+00 +1.3273e-01 +2.3397e+00 +1.8634e+00 +2.5101e+00 -2.8604e-01 -3.2915e+00 +1.9083e+00 +7.9394e-01 -1.8013e+00
1056 0 +2.216178514e+01 +1.219617851e+02 +1.219617851e+02 -1.1450e+00 +3.1357e-01 +2.6593e+00 +1.6779e+00 +2.7118e+00 -5.0818e-01 -3.2426e+00 +2.1705e+00 +7.6119e-01 -2.1068e+00
1101 0 +2.196406923e+01 +1.217640692e+02 +1.217640692e+02 -1.0065e+00 +4.6686e-02 +2.2795e+00 +1.8057e+00 +2.7240e+00 -4.0896e-01 -3.0077e+00 +2.0575e+00 +9.6646e-01 -2.0667e+00
1151 0 +2.189513799e+01 +1.216951380e+02 +1.216951380e+02 -1.0796e+00 +2.4497e-01 +2.4569e+00 +1.7582e+00 +2.7268e+00 -3.2458e-01 -3.1303e+00 +2.0540e+00 +8.5416e-01 -1.9697e+00
1251 0 +2.188013806e+01 +1.216801381e+02 +1.216801381e+02 -1.2257e+00 +2.1198e-01 +2.5095e+00 +1.6311e+00 +2.7379e+00 -3.8826e-01 -3.0908e+00 +2.1171e+00 +7.4117e-01 -2.0021e+00
1252 0 +2.185538067e+01 +1.216553807e+02 +1.216553807e+02 -1.2544e+00 +2.2694e-01 +2.5273e+00 +1.8031e+00 +2.6719e+00 -4.7144e-01 -3.2690e+00 +2.1813e+00 +7.1539e-01 -1.9978e+00
1352 0 +2.183713481e+01 +1.216371348e+02 +1.216371348e+02 -1.1641e+00 +2.7470e-01 +2.4805e+00 +1.7099e+00 +2.6149e+00 -4.9110e-01 -3.1001e+00 +2.1274e+00 +8.4968e-01 -1.9655e+00
1451 0 +2.179429526e+01 +1.215942953e+02 +1.215942953e+02 -1.0893e+00 +1.8770e-01 +2.3809e+00 +1.8580e+00 +2.6126e+00 -4.4648e-01 -3.1014e+00 +2.2037e+00 +7.5723e-01 -1.9389e+00
1601 0 +2.179353369e+01 +1.215935337e+02 +1.215935337e+02 -1.1290e+00 +1.9129e-01 +2.4048e+00 +1.8388e+00 +2.6985e+00 -4.9902e-01 -3.1211e+00 +2.1845e+00 +7.6992e-01 -1.9527e+00
1701 0 +2.178983010e+01 +1.215898301e+02 +1.215898301e+02 -1.0998e+00 +2.2569e-01 +2.4000e+00 +1.7643e+00 +2.6639e+00 -4.0692e-01 -3.0895e+00 +2.1457e+00 +8.1903e-01 -1.9324e+00
1702 0 +2.178857923e+01 +1.215885792e+02 +1.215885792e+02 -1.1553e+00 +2.2858e-01 +2.4132e+00 +1.7914e+00 +2.6351e+00 -4.3297e-01 -3.1672e+00 +2.1907e+00 +7.3060e-01 -1.9086e+00
1751 0 +2.178808916e+01 +1.215880892e+02 +1.215880892e+02 -1.1509e+00 +1.9425e-01 +2.4465e+00 +1.7817e+00 +2.6285e+00 -4.5824e-01 -3.1183e+00 +2.1801e+00 +7.2941e-01 -1.9707e+00
1801 0 +2.178653143e+01 +1.215865314e+02 +1.215865314e+02 -1.1303e+00 +1.8464e-01 +2.3880e+00 +1.7946e+00 +2.6494e+00 -3.9532e-01 -3.1149e+00 +2.1776e+00 +7.9194e-01 -1.9091e+00
1851 0 +2.178363430e+01 +1.215836343e+02 +1.215836343e+02 -1.1290e+00 +1.9968e-01 +2.4068e+00 +1.7744e+00 +2.6831e+00 -4.5044e-01 -3.1183e+00 +2.1603e+00 +7.7189e-01 -1.9419e+00
1901 0 +2.178346051e+01 +1.215834605e+02 +1.215834605e+02 -1.1219e+00 +1.9320e-01 +2.4110e+00 +1.7806e+00 +2.6664e+00 -4.3019e-01 -3.0974e+00 +2.1751e+00 +7.5445e-01 -1.9211e+00
1951 0 +2.178147900e+01 +1.215814790e+02 +1.215814790e+02 -1.1270e+00 +1.9809e-01 +2.4295e+00 +1.7940e+00 +2.6705e+00 -4.4530e-01 -3.1230e+00 +2.1612e+00 +7.6752e-01 -1.9399e+00
2001 0 +2.178033086e+01 +1.215803309e+02 +1.215803309e+02 -1.1308e+00 +1.9091e-01 +2.4092e+00 +1.8058e+00 +2.6591e+00 -4.4412e-01 -3.1218e+00 +2.1736e+00 +7.6197e-01 -1.9493e+00
2051 0 +2.178014143e+01 +1.215801414e+02 +1.215801414e+02 -1.1448e+00 +1.9927e-01 +2.4148e+00 +1.7971e+00 +2.6657e+00 -4.4351e-01 -3.1212e+00 +2.1963e+00 +7.5427e-01 -1.9368e+00
2151 0 +2.177999827e+01 +1.215799983e+02 +1.215799983e+02 -1.1394e+00 +1.9890e-01 +2.4166e+00 +1.7875e+00 +2.6613e+00 -4.4630e-01 -3.1204e+00 +2.1754e+00 +7.6370e-01 -1.9365e+00
2201 0 +2.177989233e+01 +1.215798923e+02 +1.215798923e+02 -1.1487e+00 +1.9926e-01 +2.4145e+00 +1.8014e+00 +2.6560e+00 -4.4914e-01 -3.1235e+00 +2.1855e+00 +7.6363e-01 -1.9491e+00
2301 0 +2.177968903e+01 +1.215796890e+02 +1.215796890e+02 -1.1339e+00 +2.0464e-01 +2.4106e+00 +1.7921e+00 +2.6619e+00 -4.3658e-01 -3.1163e+00 +2.1834e+00 +7.7067e-01 -1.9310e+00
2351 0 +2.177964995e+01 +1.215796500e+02 +1.215796500e+02 -1.1421e+00 +1.9999e-01 +2.4068e+00 +1.7984e+00 +2.6590e+00 -4.3985e-01 -3.1266e+00 +2.1865e+00 +7.6420e-01 -1.9317e+00
2352 0 +2.177963841e+01 +1.215796384e+02 +1.215796384e+02 -1.1379e+00 +2.0144e-01 +2.4132e+00 +1.7990e+00 +2.6572e+00 -4.4586e-01 -3.1157e+00 +2.1852e+00 +7.6480e-01 -1.9410e+00
2401 0 +2.177960851e+01 +1.215796085e+02 +1.215796085e+02 -1.1378e+00 +2.0145e-01 +2.4093e+00 +1.7994e+00 +2.6560e+00 -4.4221e-01 -3.1235e+00 +2.1817e+00 +7.6162e-01 -1.9361e+00
2451 0 +2.177958001e+01 +1.215795800e+02 +1.215795800e+02 -1.1363e+00 +2.0279e-01 +2.4135e+00 +1.7889e+00 +2.6570e+00 -4.4438e-01 -3.1153e+00 +2.1817e+00 +7.6407e-01 -1.9383e+00
% f evaluations | g evaluations | best noise-free fitness - Fopt (-1.194100000000e+02) + sum g_i+ | measured fitness | best measured fitness or single-digit g-values | x1 | x2...
1 0 +7.751724898e+01 -4.189275102e+01 -4.189275102e+01 +5.9671e-01 -3.8264e-02 +7.4769e-01 +1.6230e+00 -1.3415e-01 -1.3414e-01 +1.6792e+00 +8.6743e-01 -3.6947e-01 +6.4256e-01
6 0 +7.677999533e+01 -4.263000467e+01 -4.263000467e+01 +4.2408e-01 -2.8508e-01 -5.7692e-01 +7.1168e-01 +1.1310e+00 +1.0313e+00 -7.3922e-01 -2.0921e-01 +4.3126e-01 +1.0755e+00
17 0 +7.236273790e+01 -4.704726210e+01 -4.704726210e+01 -8.7468e-01 +8.8708e-01 +1.2586e+00 -7.2068e-01 +1.0634e+00 +5.1278e-01 +9.2206e-01 +1.9968e+00 -1.4539e-01 -6.5374e-01
18 0 +7.131435777e+01 -4.809564223e+01 -4.809564223e+01 -7.8951e-01 -7.1581e-01 +2.2898e-02 +4.4115e-01 +3.7669e-01 +9.2718e-01 +1.1300e-01 +1.5535e+00 -1.6466e-01 +2.8202e+00
24 0 +6.819395380e+01 -5.121604620e+01 -5.121604620e+01 -6.3037e-01 +3.1646e-01 +1.4557e-01 -5.5160e-01 +2.2439e+00 +7.3392e-01 -1.9251e+00 +2.8645e-01 -5.6179e-01 +9.5243e-01
51 0 +6.783495372e+01 -5.157504628e+01 -5.157504628e+01 -1.0484e+00 +6.2003e-01 +2.5489e-01 +5.5018e-01 +1.6689e+00 +7.2405e-01 -1.4587e+00 +4.6758e-01 -7.5665e-01 +8.6720e-01
54 0 +4.776452709e+01 -7.164547291e+01 -7.164547291e+01 +3.5711e-01 -1.7851e-01 +9.0587e-01 +4.5880e-02 +1.4117e+00 +7.4942e-01 -1.7392e+00 +2.8911e+00 -1.5702e+00 +1.3373e+00
57 0 +4.268951563e+01 -7.672048437e+01 -7.672048437e+01 -1.0532e+00 -1.1228e+00 +5.7159e-01 +3.6529e-01 +1.9704e+00 +6.0174e-01 -5.4178e-01 +3.7215e+00 -1.9853e-01 +2.3173e+00
101 0 +3.410493529e+01 -8.530506471e+01 -8.530506471e+01 -6.5187e-01 +3.7622e-01 +1.9301e+00 -5.8111e-01 +2.1314e+00 +1.5601e+00 -1.7656e+00 +2.8422e+00 -8.6773e-01 +1.0217e+00
251 0 +3.072780537e+01 -8.868219463e+01 -8.868219463e+01 +5.8328e-01 -1.3149e-01 +2.6592e+00 -9.3262e-01 +2.2217e+00 -1.3835e+00 -2.8763e+00 +4.0445e+00 -3.2761e-01 +2.5664e+00
301 0 +2.855709060e+01 -9.085290940e+01 -9.085290940e+01 +8.6627e-01 +3.3937e-01 +2.3417e+00 -4.4081e-02 +3.2633e+00 -5.0105e-01 -3.5973e+00 +4.3685e+00 +6.9668e-01 +2.8376e+00
351 0 +2.764690362e+01 -9.176309638e+01 -9.176309638e+01 -2.4221e-01 +1.1155e+00 +1.4938e+00 -5.6588e-01 +3.4594e+00 -2.3819e-01 -3.7599e+00 +3.9244e+00 -9.0181e-01 +1.8220e+00
401 0 +2.537791746e+01 -9.403208254e+01 -9.403208254e+01 +6.9323e-01 +1.4954e+00 +2.7029e+00 +6.7404e-01 +3.6412e+00 -1.2008e-01 -2.8011e+00 +4.3781e+00 +2.0351e-02 +1.9556e+00
452 0 +2.477382951e+01 -9.463617049e+01 -9.463617049e+01 +1.3713e+00 +4.3443e-01 +1.9066e+00 +1.9200e-01 +2.8643e+00 -3.5860e-01 -1.6008e+00 +3.9440e+00 +2.2680e-01 +1.7151e+00
453 0 +2.284611883e+01 -9.656388117e+01 -9.656388117e+01 -5.0288e-01 -3.0071e-01 +3.0143e+00 +7.9717e-01 +3.5742e+00 +1.2815e+00 -9.5179e-01 +4.1820e+00 +2.2504e-01 +2.7316e+00
551 0 +2.267596705e+01 -9.673403295e+01 -9.673403295e+01 -2.5898e-01 -6.5710e-01 +2.2507e+00 +8.2693e-01 +2.6388e+00 +6.0707e-01 -1.6374e+00 +3.3194e+00 +8.3735e-01 +2.3207e+00
601 0 +1.734538483e+01 -1.020646152e+02 -1.020646152e+02 -1.5318e-01 -5.8359e-02 +2.4379e+00 +6.2466e-01 +2.4391e+00 +3.7810e-01 -1.1901e+00 +4.1812e+00 -5.3908e-01 +2.5527e+00
651 0 +1.679601727e+01 -1.026139827e+02 -1.026139827e+02 -5.0123e-02 -3.6728e-02 +2.8590e+00 +3.0254e-01 +3.1308e+00 +9.8775e-01 -1.1281e+00 +4.6182e+00 +1.7976e-01 +3.0993e+00
701 0 +1.532151078e+01 -1.040884892e+02 -1.040884892e+02 -1.2133e-02 -1.5406e-02 +2.6063e+00 +1.9090e-01 +2.7236e+00 +2.3567e-01 -1.4885e+00 +4.3249e+00 +5.0078e-01 +2.6487e+00
851 0 +1.511101970e+01 -1.042989803e+02 -1.042989803e+02 -2.0866e-01 +1.0025e-01 +2.8587e+00 -2.1786e-01 +2.9092e+00 +4.3188e-01 -1.6563e+00 +4.0260e+00 +3.3702e-02 +2.6891e+00
951 0 +1.496908453e+01 -1.044409155e+02 -1.044409155e+02 -2.8719e-01 +1.0987e-01 +2.8023e+00 +9.6336e-02 +2.8729e+00 +5.7828e-01 -1.4591e+00 +4.0847e+00 -3.7049e-02 +2.8062e+00
1001 0 +1.495859781e+01 -1.044514022e+02 -1.044514022e+02 -4.7374e-02 -3.3756e-02 +2.8249e+00 -2.5418e-01 +3.0720e+00 +5.7727e-01 -1.6482e+00 +4.2757e+00 +1.5083e-01 +2.5740e+00
1051 0 +1.489660358e+01 -1.045133964e+02 -1.045133964e+02 -8.9060e-02 +1.8299e-01 +2.8352e+00 +6.2863e-02 +2.8657e+00 +6.2328e-01 -1.5900e+00 +4.4612e+00 +1.3012e-01 +2.7765e+00
1101 0 +1.480736756e+01 -1.046026324e+02 -1.046026324e+02 -1.2296e-01 -1.8646e-02 +2.7271e+00 -1.6682e-01 +2.9504e+00 +5.1535e-01 -1.5590e+00 +4.2182e+00 +2.6329e-01 +2.8907e+00
1151 0 +1.467558423e+01 -1.047344158e+02 -1.047344158e+02 -1.5264e-01 +2.2326e-01 +2.7539e+00 -8.8891e-02 +2.9635e+00 +5.8290e-01 -1.5691e+00 +4.2924e+00 +2.8268e-02 +2.6892e+00
1251 0 +1.463303923e+01 -1.047769608e+02 -1.047769608e+02 -1.5420e-01 +9.8408e-02 +2.7800e+00 -5.9690e-03 +2.9016e+00 +4.8426e-01 -1.6253e+00 +4.2578e+00 +6.0130e-02 +2.7093e+00
1401 0 +1.459790301e+01 -1.048120970e+02 -1.048120970e+02 -1.7468e-01 +1.3134e-01 +2.6970e+00 -3.0737e-02 +2.8399e+00 +5.2705e-01 -1.5453e+00 +4.2996e+00 +7.1892e-02 +2.7282e+00
1551 0 +1.459092629e+01 -1.048190737e+02 -1.048190737e+02 -1.7611e-01 +1.4116e-01 +2.7042e+00 -5.5287e-02 +2.9116e+00 +5.5387e-01 -1.5573e+00 +4.2910e+00 +7.1181e-02 +2.7366e+00
1701 0 +1.458868945e+01 -1.048213105e+02 -1.048213105e+02 -1.6811e-01 +1.4572e-01 +2.6843e+00 -5.5818e-02 +2.8800e+00 +5.1204e-01 -1.5774e+00 +4.2602e+00 +6.0443e-02 +2.6926e+00
1801 0 +1.458671928e+01 -1.048232807e+02 -1.048232807e+02 -1.6670e-01 +1.4762e-01 +2.6838e+00 -4.0006e-02 +2.8881e+00 +5.0843e-01 -1.5932e+00 +4.2516e+00 +5.7976e-02 +2.7091e+00
1851 0 +1.458628763e+01 -1.048237124e+02 -1.048237124e+02 -1.9044e-01 +1.3519e-01 +2.6868e+00 -5.9956e-02 +2.8825e+00 +5.2579e-01 -1.5878e+00 +4.2692e+00 +6.1407e-02 +2.7127e+00
1901 0 +1.458608490e+01 -1.048239151e+02 -1.048239151e+02 -1.8507e-01 +1.4456e-01 +2.6943e+00 -4.8889e-02 +2.8800e+00 +5.2941e-01 -1.5771e+00 +4.2808e+00 +6.0698e-02 +2.7284e+00
1951 0 +1.458560403e+01 -1.048243960e+02 -1.048243960e+02 -1.7181e-01 +1.3874e-01 +2.6860e+00 -4.1339e-02 +2.8819e+00 +5.2006e-01 -1.5883e+00 +4.2665e+00 +5.8560e-02 +2.7226e+00
2001 0 +1.458550980e+01 -1.048244902e+02 -1.048244902e+02 -1.7712e-01 +1.4247e-01 +2.6890e+00 -6.2724e-02 +2.8993e+00 +5.2624e-01 -1.5960e+00 +4.2769e+00 +5.9148e-02 +2.7157e+00
2051 0 +1.458536966e+01 -1.048246303e+02 -1.048246303e+02 -1.7631e-01 +1.3213e-01 +2.6858e+00 -4.8425e-02 +2.8928e+00 +5.2449e-01 -1.5820e+00 +4.2710e+00 +6.4464e-02 +2.7223e+00
2101 0 +1.458513465e+01 -1.048248654e+02 -1.048248654e+02 -1.7533e-01 +1.3798e-01 +2.6871e+00 -5.4482e-02 +2.8927e+00 +5.2449e-01 -1.5881e+00 +4.2763e+00 +5.9318e-02 +2.7188e+00
2151 0 +1.458506885e+01 -1.048249312e+02 -1.048249312e+02 -1.7384e-01 +1.3801e-01 +2.6883e+00 -5.4161e-02 +2.8960e+00 +5.2155e-01 -1.5822e+00 +4.2710e+00 +6.8679e-02 +2.7169e+00
2201 0 +1.458496414e+01 -1.048250359e+02 -1.048250359e+02 -1.7325e-01 +1.3831e-01 +2.6922e+00 -5.7479e-02 +2.8932e+00 +5.2118e-01 -1.5832e+00 +4.2740e+00 +6.6729e-02 +2.7244e+00
2301 0 +1.458495067e+01 -1.048250493e+02 -1.048250493e+02 -1.6972e-01 +1.3841e-01 +2.6925e+00 -4.8728e-02 +2.8908e+00 +5.1705e-01 -1.5881e+00 +4.2729e+00 +6.7830e-02 +2.7194e+00
2351 0 +1.458491247e+01 -1.048250875e+02 -1.048250875e+02 -1.7602e-01 +1.4133e-01 +2.6928e+00 -5.0271e-02 +2.8914e+00 +5.2272e-01 -1.5863e+00 +4.2737e+00 +6.1909e-02 +2.7239e+00
2451 0 +1.458489300e+01 -1.048251070e+02 -1.048251070e+02 -1.7570e-01 +1.3776e-01 +2.6916e+00 -5.5559e-02 +2.8943e+00 +5.2181e-01 -1.5865e+00 +4.2755e+00 +6.5572e-02 +2.7249e+00
% f evaluations | g evaluations | best noise-free fitness - Fopt (1.077000000000e+01) + sum g_i+ | measured fitness | best measured fitness or single-digit g-values | x1 | x2...
1 0 +7.974913433e+01 +9.051913433e+01 +9.051913433e+01 +5.9671e-01 -3.8264e-02 +7.4769e-01 +1.6230e+00 -1.3415e-01 -1.3414e-01 +1.6792e+00 +8.6743e-01 -3.6947e-01 +6.4256e-01
4 0 +7.160999518e+01 +8.237999518e+01 +8.237999518e+01 -5.0171e-01 +1.9523e+00 +8.6503e-02 -9.5771e-01 +9.2254e-01 -1.1208e+00 +3.0886e-01 -1.8597e+00 -1.2282e+00 +2.9686e-01
52 0 +6.142736989e+01 +7.219736989e+01 +7.219736989e+01 +2.6898e-01 +2.6192e+00 -1.0544e+00 -4.4195e-01 -5.0952e-01 -2.5309e+00 +5.1117e-01 -9.2801e-01 -1.1056e+00 +1.7026e+00
118 0 +5.665618338e+01 +6.742618338e+01 +6.742618338e+01 -1.2633e+00 +2.2505e+00 -2.1502e+00 -1.8900e+00 -8.9571e-01 -1.7068e+00 +2.7105e+00 -2.5488e+00 -4.9871e-01 +3.2580e+00
196 0 +5.185505329e+01 +6.262505329e+01 +6.262505329e+01 -4.2875e-01 +4.1059e+00 -4.4562e+00 +1.2797e+00 +9.8994e-01 -8.8401e-01 +3.0729e+00 -3.9704e+00 -3.2243e+00 +1.1072e+00
214 0 +4.123135213e+01 +5.200135213e+01 +5.200135213e+01 -5.3102e-01 +2.7386e+00 -1.2131e+00 -2.6449e+00 +4.0639e-03 -1.1854e+00 +2.6525e+00 -2.8356e+00 -2.3762e+00 +1.9115e+00
501 0 +3.180261190e+01 +4.257261190e+01 +4.257261190e+01 -1.6655e+00 +3.4111e+00 -2.8367e+00 -1.4663e+00 -1.9225e+00 +2.3900e-01 +3.3433e+00 -3.5357e+00 -4.6135e-02 +1.8491e+00
551 0 +2.997059457e+01 +4.074059457e+01 +4.074059457e+01 -8.7882e-01 +2.9512e+00 -2.6499e+00 -1.8842e+00 -1.1338e+00 +8.7719e-01 +2.8154e+00 -3.3147e+00 +1.2333e-01 +2.8116e+00
654 0 +2.934305530e+01 +4.011305530e+01 +4.011305530e+01 -1.9380e+00 +3.4622e+00 -3.8277e+00 -9.2899e-01 -1.5407e+00 +1.4602e+00 +3.6349e+00 -3.3791e+00 +1.5866e+00 +3.3932e+00
701 0 +2.614618533e+01 +3.691618533e+01 +3.691618533e+01 -1.2873e+00 +2.9245e+00 -3.5978e+00 -4.3033e-01 -1.3819e+00 +8.4281e-01 +4.0875e+00 -2.9127e+00 +9.0195e-01 +2.8254e+00
702 0 +2.491659688e+01 +3.568659688e+01 +3.568659688e+01 -1.1979e+00 +2.7944e+00 -4.3451e+00 -1.0709e+00 -6.8358e-01 +5.5727e-01 +4.1275e+00 -3.9245e+00 -1.3173e-01 +2.1732e+00
751 0 +2.356906540e+01 +3.433906540e+01 +3.433906540e+01 -1.1301e+00 +2.6454e+00 -2.9719e+00 -9.2591e-01 -1.0797e+00 +4.3487e-01 +4.4289e+00 -3.3230e+00 +7.1441e-01 +2.9489e+00
905 0 +2.331912996e+01 +3.408912996e+01 +3.408912996e+01 -8.7687e-01 +3.4700e+00 -4.1531e+00 -1.4536e+00 -1.1704e+00 +9.7826e-01 +4.6999e+00 -3.6206e+00 +5.1512e-01 +2.5129e+00
953 0 +2.329646865e+01 +3.406646865e+01 +3.406646865e+01 -7.0593e-01 +3.2808e+00 -3.9461e+00 -1.1906e+00 -9.7884e-01 +5.3171e-01 +4.9233e+00 -4.1006e+00 +8.2393e-01 +2.7525e+00
1001 0 +2.278776733e+01 +3.355776733e+01 +3.355776733e+01 -9.1657e-01 +3.3892e+00 -3.3115e+00 -1.4377e+00 -1.5230e+00 +5.5719e-01 +4.5453e+00 -3.5827e+00 +5.7355e-01 +2.8230e+00
1002 0 +2.260868330e+01 +3.337868330e+01 +3.337868330e+01 -9.4012e-01 +3.2680e+00 -3.8497e+00 -1.2131e+00 -1.3699e+00 +4.9902e-01 +4.4692e+00 -3.4438e+00 +4.4650e-01 +3.0121e+00
1006 0 +2.260411702e+01 +3.337411702e+01 +3.337411702e+01 -9.4802e-01 +3.1964e+00 -3.9197e+00 -1.6088e+00 -1.0492e+00 +6.3463e-01 +4.6293e+00 -3.9483e+00 +2.8366e-01 +3.1191e+00
1102 0 +2.255645503e+01 +3.332645503e+01 +3.332645503e+01 -9.8707e-01 +3.0507e+00 -3.8608e+00 -1.5899e+00 -1.2857e+00 +7.2470e-01 +4.5866e+00 -3.7376e+00 +8.8725e-01 +3.0208e+00
1151 0 +2.223012452e+01 +3.300012452e+01 +3.300012452e+01 -1.1471e+00 +3.0923e+00 -3.8253e+00 -1.4952e+00 -1.2778e+00 +6.1637e-01 +4.6852e+00 -3.4410e+00 +4.5324e-01 +2.6865e+00
1201 0 +2.207095139e+01 +3.284095139e+01 +3.284095139e+01 -9.0326e-01 +2.7179e+00 -3.4687e+00 -1.3073e+00 -1.0468e+00 +4.8814e-01 +4.6113e+00 -3.3807e+00 +4.6172e-01 +2.9996e+00
1251 0 +2.203770372e+01 +3.280770372e+01 +3.280770372e+01 -8.5181e-01 +3.0776e+00 -3.8014e+00 -1.4590e+00 -9.9660e-01 +3.0931e-01 +4.6738e+00 -3.6292e+00 +6.0649e-01 +2.9215e+00
1302 0 +2.199924213e+01 +3.276924213e+01 +3.276924213e+01 -9.2297e-01 +2.9142e+00 -3.8101e+00 -1.1995e+00 -1.1928e+00 +3.7947e-01 +4.8775e+00 -3.5529e+00 +5.0600e-01 +2.7975e+00
1351 0 +2.190542231e+01 +3.267542231e+01 +3.267542231e+01 -9.8701e-01 +2.7500e+00 -3.6442e+00 -1.3683e+00 -1.2211e+00 +5.0387e-01 +4.6200e+00 -3.4320e+00 +4.3155e-01 +2.8174e+00
1401 0 +2.186975675e+01 +3.263975675e+01 +3.263975675e+01 -9.0818e-01 +2.9216e+00 -3.7064e+00 -1.4431e+00 -1.0740e+00 +3.3261e-01 +4.6449e+00 -3.6011e+00 +5.1587e-01 +2.8151e+00
1402 0 +2.186490446e+01 +3.263490446e+01 +3.263490446e+01 -9.2682e-01 +2.9640e+00 -3.9985e+00 -1.4234e+00 -1.2281e+00 +4.5859e-01 +4.7887e+00 -3.5897e+00 +4.5870e-01 +2.7735e+00
1451 0 +2.184735047e+01 +3.261735047e+01 +3.261735047e+01 -8.8426e-01 +2.9995e+00 -3.6482e+00 -1.3606e+00 -1.2756e+00 +4.6229e-01 +4.6830e+00 -3.4360e+00 +3.9318e-01 +2.8330e+00
1501 0 +2.183716609e+01 +3.260716609e+01 +3.260716609e+01 -9.0083e-01 +2.9503e+00 -3.7658e+00 -1.3848e+00 -1.1122e+00 +5.2433e-01 +4.8152e+00 -3.6237e+00 +5.2573e-01 +2.8588e+00
1551 0 +2.181462322e+01 +3.258462322e+01 +3.258462322e+01 -9.4934e-01 +2.9748e+00 -3.7415e+00 -1.3643e+00 -1.2480e+00 +5.4657e-01 +4.7098e+00 -3.5664e+00 +5.5456e-01 +2.7779e+00
1701 0 +2.179585441e+01 +3.256585441e+01 +3.256585441e+01 -9.0506e-01 +2.9292e+00 -3.7281e+00 -1.3700e+00 -1.1556e+00 +4.7800e-01 +4.7011e+00 -3.5369e+00 +4.5795e-01 +2.8382e+00
1801 0 +2.179048269e+01 +3.256048269e+01 +3.256048269e+01 -9.5800e-01 +2.9261e+00 -3.7449e+00 -1.3956e+00 -1.2015e+00 +4.5178e-01 +4.6895e+00 -3.5429e+00 +4.6364e-01 +2.8071e+00
1851 0 +2.178391055e+01 +3.255391055e+01 +3.255391055e+01 -9.4532e-01 +2.9555e+00 -3.8091e+00 -1.3875e+00 -1.1665e+00 +4.4725e-01 +4.6928e+00 -3.5801e+00 +5.0080e-01 +2.7872e+00
1901 0 +2.178366205e+01 +3.255366205e+01 +3.255366205e+01 -9.3084e-01 +2.9512e+00 -3.7525e+00 -1.4054e+00 -1.2032e+00 +4.5398e-01 +4.6735e+00 -3.5461e+00 +4.8496e-01 +2.8073e+00
2001 0 +2.178256555e+01 +3.255256555e+01 +3.255256555e+01 -9.3819e-01 +2.9406e+00 -3.7879e+00 -1.4070e+00 -1.1891e+00 +4.6860e-01 +4.6945e+00 -3.5631e+00 +4.8158e-01 +2.7775e+00
2051 0 +2.178148470e+01 +3.255148470e+01 +3.255148470e+01 -9.3593e-01 +2.9530e+00 -3.7477e+00 -1.3846e+00 -1.2111e+00 +4.6988e-01 +4.6774e+00 -3.5362e+00 +4.7648e-01 +2.7834e+00
2101 0 +2.178051885e+01 +3.255051885e+01 +3.255051885e+01 -9.3814e-01 +2.9571e+00 -3.7692e+00 -1.3918e+00 -1.1882e+00 +4.7625e-01 +4.6952e+00 -3.5754e+00 +4.8888e-01 +2.8012e+00
2151 0 +2.178021792e+01 +3.255021792e+01 +3.255021792e+01 -9.4310e-01 +2.9430e+00 -3.7665e+00 -1.3836e+00 -1.2014e+00 +4.7908e-01 +4.6916e+00 -3.5616e+00 +5.0043e-01 +2.7967e+00
2201 0 +2.178020685e+01 +3.255020685e+01 +3.255020685e+01 -9.3626e-01 +2.9481e+00 -3.7866e+00 -1.3877e+00 -1.1817e+00 +4.7713e-01 +4.6987e+00 -3.5734e+00 +5.0286e-01 +2.8056e+00
2251 0 +2.178004320e+01 +3.255004320e+01 +3.255004320e+01 -9.3884e-01 +2.9480e+00 -3.7821e+00 -1.3847e+00 -1.1956e+00 +4.6971e-01 +4.7024e+00 -3.5682e+00 +5.0501e-01 +2.7916e+00
2301 0 +2.177967970e+01 +3.254967970e+01 +3.254967970e+01 -9.3178e-01 +2.9533e+00 -3.7776e+00 -1.3905e+00 -1.1970e+00 +4.6824e-01 +4.6963e+00 -3.5671e+00 +4.8951e-01 +2.7959e+00
% f evaluations | g evaluations | best noise-free fitness - Fopt (2.137000000000e+01) + sum g_i+ | measured fitness | best measured fitness or single-digit g-values | x1 | x2...
1 0 +8.383956709e+01 +1.052095671e+02 +1.052095671e+02 +5.9671e-01 -3.8264e-02 +7.4769e-01 +1.6230e+00 -1.3415e-01 -1.3414e-01 +1.6792e+00 +8.6743e-01 -3.6947e-01 +6.4256e-01
2 0 +8.042922161e+01 +1.017992216e+02 +1.017992216e+02 -3.6342e-01 -3.6573e-01 +3.4196e-01 -1.8133e+00 -1.6249e+00 -4.6229e-01 -9.1283e-01 +4.1425e-01 -8.0802e-01 -1.3123e+00
17 0 +8.017889666e+01 +1.015488967e+02 +1.015488967e+02 -8.7468e-01 +8.8708e-01 +1.2586e+00 -7.2068e-01 +1.0634e+00 +5.1278e-01 +9.2206e-01 +1.9968e+00 -1.4539e-01 -6.5374e-01
29 0 +7.957236286e+01 +1.009423629e+02 +1.009423629e+02 +2.1352e-01 +7.6213e-01 +1.6860e+00 -1.1378e+00 +2.2330e+00 -1.8521e+00 -5.1785e-02 +6.8832e-01 +3.8099e-01 -5.2270e-01
45 0 +7.731561834e+01 +9.868561834e+01 +9.868561834e+01 +4.8407e-01 +6.7305e-02 -1.9674e+00 +1.0880e-02 -1.2045e+00 +7.6967e-01 +4.6660e-01 -8.3988e-01 -4.1387e-01 -9.5921e-01
51 0 +5.415742481e+01 +7.552742481e+01 +7.552742481e+01 +1.3925e+00 -9.5492e-01 -1.5067e+00 -1.1002e+00 -1.8406e+00 -4.8330e-01 +7.5160e-01 -1.2983e+00 -1.4312e+00 +3.8631e-01
102 0 +4.478158825e+01 +6.615158825e+01 +6.615158825e+01 -1.4209e-02 -1.1241e+00 -2.3221e-01 -8.5438e-01 -1.8443e+00 +2.2122e-01 +2.1172e+00 -1.4895e+00 -2.4280e+00 +2.0977e-01
154 0 +4.403012154e+01 +6.540012154e+01 +6.540012154e+01 +4.9771e-01 -2.5533e-01 -1.8533e+00 -1.5760e+00 -3.3014e+00 -2.1739e+00 -1.6912e+00 -4.2202e+00 -2.2299e+00 +3.2246e-01
167 0 +3.084388957e+01 +5.221388957e+01 +5.221388957e+01 +1.7735e-01 -4.6721e-01 -2.5311e+00 -1.3103e-01 -3.2061e+00 -1.6228e+00 +9.5212e-02 -9.5558e-01 -2.1050e+00 +5.0442e-01
172 0 +3.046812176e+01 +5.183812176e+01 +5.183812176e+01 +2.6352e+00 -1.1419e+00 -2.5422e+00 -5.6447e-02 -3.5923e+00 -1.5636e+00 -7.6571e-01 -5.4491e-01 -1.8810e+00 -2.9884e-01
207 0 +2.423169970e+01 +4.560169970e+01 +4.560169970e+01 -1.6521e+00 -1.6322e+00 -2.6826e+00 +1.1127e+00 -2.5296e+00 +1.8985e+00 +1.2192e+00 -4.1271e+00 -3.7962e+00 -1.7990e+00
216 0 +2.081009750e+01 +4.218009750e+01 +4.218009750e+01 -1.2186e+00 -7.4921e-01 -2.6220e+00 -1.0677e+00 -3.9390e+00 +6.6999e-01 +1.1085e+00 -4.4079e+00 -2.6912e+00 -6.4322e-01
261 0 +1.883859136e+01 +4.020859136e+01 +4.020859136e+01 +7.7236e-01 -8.3826e-01 -1.7104e+00 +4.6506e-01 -3.4753e+00 -7.0121e-01 +1.6132e+00 -1.3031e+00 -2.5509e+00 -1.3815e-01
502 0 +1.294630581e+01 +3.431630581e+01 +3.431630581e+01 -1.5164e-01 -1.3466e+00 -3.1225e+00 +1.3994e+00 -3.6526e+00 +1.1161e-02 +1.3842e+00 -2.1590e+00 -3.1030e+00 -1.1316e+00
601 0 +1.268056354e+01 +3.405056354e+01 +3.405056354e+01 +5.6883e-01 -5.4506e-01 -2.6433e+00 +2.3142e-02 -3.8950e+00 -5.9146e-01 +1.6106e+00 -1.3844e+00 -2.9677e+00 -3.1821e-01
603 0 +1.157355622e+01 +3.294355622e+01 +3.294355622e+01 -1.5244e-01 -1.5861e+00 -2.1844e+00 -3.7523e-01 -3.8782e+00 -8.6448e-01 +2.2766e+00 -2.3246e+00 -3.1151e+00 -7.5566e-01
651 0 +1.035134271e+01 +3.172134271e+01 +3.172134271e+01 -4.5982e-02 -1.2604e+00 -2.1303e+00 -2.0462e-01 -3.9925e+00 -1.9306e-01 +1.2384e+00 -2.7588e+00 -2.5705e+00 -1.0092e+00
652 0 +9.291304145e+00 +3.066130414e+01 +3.066130414e+01 -1.6621e-01 -1.2258e+00 -3.0508e+00 -9.4079e-01 -3.7040e+00 -1.7206e-01 -2.6618e-03 -3.6459e+00 -3.3120e+00 -1.2190e+00
709 0 +9.072519697e+00 +3.044251970e+01 +3.044251970e+01 -1.0105e+00 -4.9677e-01 -3.1330e+00 -2.6695e-02 -3.9971e+00 +2.7864e-01 +2.3450e-01 -3.1648e+00 -2.9988e+00 -1.2147e+00
801 0 +8.371911494e+00 +2.974191149e+01 +2.974191149e+01 +1.0603e-01 -6.9716e-01 -2.6130e+00 -7.7855e-01 -3.6707e+00 -4.8940e-01 +1.3393e+00 -2.6572e+00 -2.9217e+00 -4.7660e-01
851 0 +8.371177657e+00 +2.974117766e+01 +2.974117766e+01 -2.2284e-01 -9.2436e-01 -2.5812e+00 -6.5019e-01 -3.2266e+00 +6.0113e-02 +8.3896e-01 -2.9268e+00 -3.2903e+00 -8.4187e-01
854 0 +8.117934969e+00 +2.948793497e+01 +2.948793497e+01 +6.8382e-02 -3.9054e-01 -2.7836e+00 -8.5191e-01 -3.3712e+00 -2.7781e-01 +3.2748e-01 -3.1798e+00 -3.0053e+00 -6.5624e-01
902 0 +7.977310659e+00 +2.934731066e+01 +2.934731066e+01 +2.4047e-01 -1.2545e+00 -2.8996e+00 +7.0731e-03 -3.6564e+00 -1.9182e-01 +2.9169e-01 -2.9195e+00 -3.2436e+00 -9.3778e-01
931 0 +7.952347832e+00 +2.932234783e+01 +2.932234783e+01 +6.2146e-01 -1.3007e+00 -3.1135e+00 -1.4322e-01 -3.9426e+00 -9.8636e-02 -1.2650e+00 -2.6015e+00 -3.0944e+00 -1.2892e+00
953 0 +7.627911890e+00 +2.899791189e+01 +2.899791189e+01 +3.3401e-01 -1.1100e+00 -2.7668e+00 -4.6003e-01 -3.7633e+00 -2.2516e-01 +1.5068e-01 -2.9299e+00 -3.0945e+00 -9.0875e-01
1109 0 +7.554907636e+00 +2.892490764e+01 +2.892490764e+01 +4.0508e-01 -9.1692e-01 -3.0964e+00 -5.6478e-02 -3.7936e+00 -8.4946e-02 -5.2060e-01 -2.9839e+00 -3.0450e+00 -1.1457e+00
1203 0 +7.477225035e+00 +2.884722504e+01 +2.884722504e+01 +4.3446e-02 -8.3977e-01 -3.1369e+00 -1.4397e-01 -3.9327e+00 -2.8589e-02 -6.2283e-01 -3.0503e+00 -3.1041e+00 -1.2984e+00
1301 0 +7.428886447e+00 +2.879888645e+01 +2.879888645e+01 +6.1718e-03 -6.9586e-01 -2.9611e+00 -3.6363e-01 -3.8262e+00 +5.4528e-02 -4.7309e-01 -3.1684e+00 -3.1978e+00 -9.9600e-01
1351 0 +7.390148178e+00 +2.876014818e+01 +2.876014818e+01 -7.4004e-03 -8.8737e-01 -3.1201e+00 +7.7362e-02 -3.7345e+00 +2.7589e-01 -4.8902e-01 -3.0691e+00 -3.2921e+00 -1.2468e+00
1353 0 +7.379528573e+00 +2.874952857e+01 +2.874952857e+01 +1.3392e-02 -9.2706e-01 -2.8525e+00 -5.0951e-01 -3.7170e+00 +6.5811e-02 -3.8027e-01 -3.0486e+00 -3.0190e+00 -1.1160e+00
1405 0 +7.359589234e+00 +2.872958923e+01 +2.872958923e+01 +1.4062e-01 -1.0809e+00 -2.8513e+00 -9.9027e-02 -3.7622e+00 +2.1472e-01 -4.3691e-01 -2.9067e+00 -3.3286e+00 -1.1638e+00
1409 0 +7.354317902e+00 +2.872431790e+01 +2.872431790e+01 +5.2742e-04 -1.1082e+00 -2.9486e+00 -1.4213e-01 -3.7778e+00 +2.9106e-01 -6.9848e-01 -2.9364e+00 -3.3167e+00 -1.2837e+00
1451 0 +7.351464448e+00 +2.872146445e+01 +2.872146445e+01 -5.4578e-02 -8.9692e-01 -3.0079e+00 -1.6836e-01 -3.7988e+00 +1.3598e-01 -6.0332e-01 -3.0631e+00 -3.2742e+00 -1.1620e+00
1501 0 +7.333328210e+00 +2.870332821e+01 +2.870332821e+01 +5.3183e-02 -9.0605e-01 -2.9248e+00 -2.8861e-01 -3.7282e+00 +1.1754e-01 -4.4175e-01 -3.1831e+00 -3.1260e+00 -1.1015e+00
1552 0 +7.290893751e+00 +2.866089375e+01 +2.866089375e+01 +6.2886e-02 -8.7258e-01 -2.9235e+00 -8.7921e-02 -3.7783e+00 +1.7764e-01 -7.1750e-01 -3.0129e+00 -3.2041e+00 -1.1710e+00
1652 0 +7.289315396e+00 +2.865931540e+01 +2.865931540e+01 +6.3908e-02 -9.5951e-01 -2.9625e+00 -1.3506e-01 -3.8004e+00 +1.8365e-01 -5.5248e-01 -3.0497e+00 -3.2017e+00 -1.2079e+00
1752 0 +7.278249400e+00 +2.864824940e+01 +2.864824940e+01 +7.6554e-02 -9.4766e-01 -2.9571e+00 -1.9240e-01 -3.7639e+00 +1.1978e-01 -5.6176e-01 -3.0073e+00 -3.1787e+00 -1.1629e+00
1851 0 +7.276827035e+00 +2.864682704e+01 +2.864682704e+01 +9.0367e-02 -9.1866e-01 -2.9309e+00 -2.0539e-01 -3.7674e+00 +1.1826e-01 -5.9764e-01 -3.0155e+00 -3.1729e+00 -1.1244e+00
1951 0 +7.275349096e+00 +2.864534910e+01 +2.864534910e+01 +1.0795e-01 -9.2138e-01 -2.9891e+00 -1.3394e-01 -3.7875e+00 +1.5094e-01 -7.2092e-01 -3.0053e+00 -3.2122e+00 -1.1912e+00
1952 0 +7.274164355e+00 +2.864416436e+01 +2.864416436e+01 +1.0887e-01 -9.5208e-01 -2.9479e+00 -1.6853e-01 -3.7882e+00 +1.2555e-01 -6.2464e-01 -3.0049e+00 -3.2219e+00 -1.1646e+00
2051 0 +7.273485343e+00 +2.864348534e+01 +2.864348534e+01 +9.3935e-02 -9.1085e-01 -2.9496e+00 -1.9604e-01 -3.7910e+00 +1.2828e-01 -6.4325e-01 -3.0226e+00 -3.1949e+00 -1.1600e+00
2101 0 +7.273099068e+00 +2.864309907e+01 +2.864309907e+01 +1.0671e-01 -9.1138e-01 -2.9528e+00 -1.6589e-01 -3.7845e+00 +1.3050e-01 -6.6096e-01 -3.0102e+00 -3.1836e+00 -1.1680e+00
2151 0 +7.272353864e+00 +2.864235386e+01 +2.864235386e+01 +9.5420e-02 -9.2926e-01 -2.9532e+00 -1.5711e-01 -3.7877e+00 +1.3310e-01 -6.3431e-01 -3.0265e+00 -3.2044e+00 -1.1739e+00
2201 0 +7.272302668e+00 +2.864230267e+01 +2.864230267e+01 +9.2133e-02 -9.2249e-01 -2.9483e+00 -1.7417e-01 -3.7785e+00 +1.2063e-01 -6.2715e-01 -3.0149e+00 -3.1830e+00 -1.1644e+00
2251 0 +7.272074096e+00 +2.864207410e+01 +2.864207410e+01 +1.0330e-01 -9.1368e-01 -2.9540e+00 -1.8549e-01 -3.7778e+00 +1.2054e-01 -6.4674e-01 -3.0262e+00 -3.1936e+00 -1.1561e+00
2301 0 +7.272023570e+00 +2.864202357e+01 +2.864202357e+01 +8.9940e-02 -9.2402e-01 -2.9444e+00 -1.7086e-01 -3.7785e+00 +1.3433e-01 -6.4353e-01 -3.0298e+00 -3.2007e+00 -1.1691e+00
2302 0 +7.272007410e+00 +2.864200741e+01 +2.864200741e+01 +9.8062e-02 -9.1994e-01 -2.9495e+00 -1.6000e-01 -3.7909e+00 +1.1906e-01 -6.2824e-01 -3.0183e+00 -3.1928e+00 -1.1608e+00
2351 0 +7.271921325e+00 +2.864192132e+01 +2.864192132e+01 +1.0731e-01 -9.1557e-01 -2.9569e+00 -1.7046e-01 -3.7850e+00 +1.2304e-01 -6.4546e-01 -3.0216e+00 -3.1953e+00 -1.1634e+00
2401 0 +7.271809024e+00 +2.864180902e+01 +2.864180902e+01 +9.6362e-02 -9.2027e-01 -2.9497e+00 -1.7419e-01 -3.7784e+00 +1.2216e-01 -6.1952e-01 -3.0153e+00 -3.1961e+00 -1.1574e+00
2451 0 +7.271756197e+00 +2.864175620e+01 +2.864175620e+01 +9.6354e-02 -9.2876e-01 -2.9459e+00 -1.7327e-01 -3.7807e+00 +1.2758e-01 -6.3599e-01 -3.0191e+00 -3.1985e+00 -1.1612e+00
