% f evaluations | g evaluations | best noise-free fitness - Fopt (4.078000000000e+01) + sum g_i+ | measured fitness | best measured fitness or single-digit g-values | x1 | x2...
1 0 +6.971655738e+01 +1.104965574e+02 +1.104965574e+02 +5.9671e-01 -3.8264e-02 +7.4769e-01 +1.6230e+00 -1.3415e-01
2 0 +1.678455227e+01 +5.756455227e+01 +5.756455227e+01 -1.3414e-01 +1.6792e+00 +8.6743e-01 -3.6947e-01 +6.4256e-01
7 0 +9.459257437e+00 +5.023925744e+01 +5.023925744e+01 -5.0171e-01 +1.9523e+00 +8.6503e-02 -9.5771e-01 +9.2254e-01
33 0 +6.305900796e+00 +4.708590080e+01 +4.708590080e+01 -2.0793e+00 +6.6306e-01 +1.2379e+00 -2.0745e+00 +1.1132e+00
87 0 +3.117146877e+00 +4.389714688e+01 +4.389714688e+01 -2.0814e+00 +3.6657e+00 -1.0093e+00 -3.5215e+00 +9.9254e-02
236 0 +3.067675780e+00 +4.384767578e+01 +4.384767578e+01 -1.7914e+00 +2.8503e+00 -1.0003e+00 -3.1537e+00 +4.2522e-01
238 0 +2.497121515e+00 +4.327712152e+01 +4.327712152e+01 -2.3446e+00 +3.4111e+00 -6.8661e-01 -2.8197e+00 +3.9609e-01
243 0 +2.252802415e+00 +4.303280242e+01 +4.303280242e+01 -2.4456e+00 +2.7820e+00 -8.0916e-01 -2.8207e+00 +4.5753e-01
251 0 +2.027384798e+00 +4.280738480e+01 +4.280738480e+01 -2.0438e+00 +3.2899e+00 -1.1367e+00 -3.0188e+00 +5.5579e-01
447 0 +2.017184609e+00 +4.279718461e+01 +4.279718461e+01 -2.2998e+00 +3.4021e+00 -1.0452e+00 -2.8876e+00 +4.2709e-01
508 0 +2.014271604e+00 +4.279427160e+01 +4.279427160e+01 -2.2832e+00 +3.4224e+00 -1.2356e+00 -3.0745e+00 +5.2027e-01
522 0 +2.004470540e+00 +4.278447054e+01 +4.278447054e+01 -2.2751e+00 +3.4604e+00 -1.2047e+00 -2.9811e+00 +5.0613e-01
597 0 +2.003079435e+00 +4.278307943e+01 +4.278307943e+01 -2.2832e+00 +3.3807e+00 -1.2207e+00 -2.9228e+00 +4.6642e-01
641 0 +2.002783839e+00 +4.278278384e+01 +4.278278384e+01 -2.2151e+00 +3.4306e+00 -1.2194e+00 -2.9597e+00 +4.5152e-01
659 0 +2.002476950e+00 +4.278247695e+01 +4.278247695e+01 -2.2625e+00 +3.4081e+00 -1.2136e+00 -2.9497e+00 +4.1365e-01
660 0 +1.999502286e+00 +4.277950229e+01 +4.277950229e+01 -2.2705e+00 +3.3753e+00 -1.1305e+00 -2.9813e+00 +4.1556e-01
834 0 +1.999424162e+00 +4.277942416e+01 +4.277942416e+01 -2.2715e+00 +3.3685e+00 -1.1423e+00 -2.9711e+00 +4.2108e-01
839 0 +1.999400864e+00 +4.277940086e+01 +4.277940086e+01 -2.2790e+00 +3.3662e+00 -1.1339e+00 -2.9735e+00 +4.1758e-01
1120 0 +1.999395897e+00 +4.277939590e+01 +4.277939590e+01 -2.2793e+00 +3.3676e+00 -1.1356e+00 -2.9667e+00 +4.1612e-01
1135 0 +1.999389296e+00 +4.277938930e+01 +4.277938930e+01 -2.2824e+00 +3.3683e+00 -1.1343e+00 -2.9714e+00 +4.1552e-01
