% f evaluations | g evaluations | best noise-free fitness - Fopt (-2.098800000000e+02) + sum g_i+ | measured fitness | best measured fitness or single-digit g-values | x1 | x2...
1 0 +3.881792436e+06 +3.881582556e+06 +3.881582556e+06 +5.9671e-01 -3.8264e-02 +7.4769e-01 +1.6230e+00 -1.3415e-01
2 0 +1.683626694e+06 +1.683416814e+06 +1.683416814e+06 -1.3414e-01 +1.6792e+00 +8.6743e-01 -3.6947e-01 +6.4256e-01
7 0 +1.022656255e+06 +1.022446375e+06 +1.022446375e+06 -5.0171e-01 +1.9523e+00 +8.6503e-02 -9.5771e-01 +9.2254e-01
11 0 +4.809329989e+05 +4.807231189e+05 +4.807231189e+05 +4.2408e-01 -2.8508e-01 -5.7692e-01 +7.1168e-01 +1.1310e+00
28 0 +2.304162617e+05 +2.302063817e+05 +2.302063817e+05 +6.1907e-01 +7.9449e-01 +5.7439e-01 +9.4007e-01 +2.1837e+00
32 0 +1.292937212e+05 +1.290838412e+05 +1.290838412e+05 +3.6069e-02 -5.2847e-02 +7.2013e-02 +2.0144e+00 +2.1148e+00
39 0 +1.979848873e+04 +1.958860873e+04 +1.958860873e+04 +1.2652e-01 -9.0992e-01 +6.9751e-01 +1.8930e+00 +1.7123e+00
125 0 +1.731095233e+04 +1.710107233e+04 +1.710107233e+04 +1.2289e+00 -1.3878e+00 +1.8601e+00 +1.8950e+00 +1.6986e+00
195 0 +5.804713920e+03 +5.594833920e+03 +5.594833920e+03 +2.1599e+00 +8.9713e-01 +2.7101e+00 +2.0010e+00 +1.7978e+00
270 0 +3.900915400e+03 +3.691035400e+03 +3.691035400e+03 +1.7702e+00 -2.1881e-01 +4.1436e+00 +2.7029e+00 +1.7973e+00
400 0 +5.446276244e+02 +3.347476244e+02 +3.347476244e+02 -5.2299e-01 -5.9779e-01 +3.1441e+00 +2.3780e+00 +1.8044e+00
408 0 +3.820334818e+02 +1.721534818e+02 +1.721534818e+02 -9.2243e-01 -2.6723e+00 +3.3368e+00 +2.4058e+00 +1.7813e+00
498 0 +2.166987741e+02 +6.818774079e+00 +6.818774079e+00 -3.4751e+00 -5.9882e-01 +3.4991e+00 +2.3203e+00 +1.7920e+00
582 0 +5.637806366e+01 -1.535019363e+02 -1.535019363e+02 -3.9225e+00 +6.3039e-01 +3.5863e+00 +2.4077e+00 +1.7894e+00
679 0 +4.899019346e+01 -1.608898065e+02 -1.608898065e+02 -2.7209e+00 -4.7745e-01 +3.5894e+00 +2.3992e+00 +1.7870e+00
718 0 +3.742846695e+01 -1.724515331e+02 -1.724515331e+02 -2.9978e+00 +3.5255e-01 +3.5579e+00 +2.3678e+00 +1.7827e+00
746 0 +2.202416299e+01 -1.878558370e+02 -1.878558370e+02 -2.1738e+00 +4.1579e-01 +3.5750e+00 +2.3690e+00 +1.7849e+00
843 0 +2.065726073e+01 -1.892227393e+02 -1.892227393e+02 -3.3358e+00 +4.6778e-01 +3.5453e+00 +2.3864e+00 +1.7860e+00
881 0 +1.687017118e+01 -1.930098288e+02 -1.930098288e+02 -2.3822e+00 +4.6205e-01 +3.5561e+00 +2.3767e+00 +1.7867e+00
957 0 +1.285057563e+01 -1.970294244e+02 -1.970294244e+02 -2.2288e+00 +4.7636e-01 +3.5868e+00 +2.3889e+00 +1.7854e+00
984 0 +8.892429327e+00 -2.009875707e+02 -2.009875707e+02 -1.4234e+00 +6.1470e-01 +3.5924e+00 +2.3839e+00 +1.7852e+00
1062 0 +7.512954063e+00 -2.023670459e+02 -2.023670459e+02 -1.1065e+00 +2.8037e-01 +3.5715e+00 +2.3918e+00 +1.7861e+00
1068 0 +6.889102487e+00 -2.029908975e+02 -2.029908975e+02 -6.5218e-01 +3.0761e-01 +3.5651e+00 +2.3779e+00 +1.7863e+00
1112 0 +4.534493113e+00 -2.053455069e+02 -2.053455069e+02 -4.2287e-01 +3.7429e-01 +3.5882e+00 +2.3841e+00 +1.7861e+00
1196 0 +3.207152030e+00 -2.066728480e+02 -2.066728480e+02 +5.5191e-01 +1.7183e-01 +3.5425e+00 +2.3839e+00 +1.7859e+00
