% f evaluations | g evaluations | best noise-free fitness - Fopt (-5.235000000000e+01) + sum g_i+ | measured fitness | best measured fitness or single-digit g-values | x1 | x2...
1 0 +8.573881695e+01 +3.338881695e+01 +3.338881695e+01 +5.9671e-01 -3.8264e-02 +7.4769e-01 +1.6230e+00 -1.3415e-01
2 0 +7.039536500e+01 +1.804536500e+01 +1.804536500e+01 -1.3414e-01 +1.6792e+00 +8.6743e-01 -3.6947e-01 +6.4256e-01
3 0 +9.862298760e+00 -4.248770124e+01 -4.248770124e+01 -3.6342e-01 -3.6573e-01 +3.4196e-01 -1.8133e+00 -1.6249e+00
26 0 +6.567061181e+00 -4.578293882e+01 -4.578293882e+01 -3.3483e+00 -3.1845e+00 +8.8404e-01 -1.3028e+00 -1.4217e+00
27 0 +5.893708381e+00 -4.645629162e+01 -4.645629162e+01 -1.7652e+00 -2.5115e+00 +3.7215e-01 -2.1044e+00 -3.7111e+00
29 0 +2.853135125e+00 -4.949686488e+01 -4.949686488e+01 +8.6633e-01 -3.6351e-01 +3.5411e+00 -2.6017e+00 -1.6369e+00
33 0 +1.411241745e+00 -5.093875825e+01 -5.093875825e+01 -5.6628e-01 -1.7275e+00 +2.0506e+00 -8.9830e-01 -1.3035e+00
70 0 +8.798107103e-01 -5.147018929e+01 -5.147018929e+01 -1.4725e+00 -1.3931e+00 +1.6424e+00 -1.9601e+00 -9.3735e-01
121 0 +8.614056114e-01 -5.148859439e+01 -5.148859439e+01 -3.0043e-01 -1.3753e+00 +1.6218e+00 -2.9021e+00 -1.3997e+00
151 0 +6.806159455e-01 -5.166938405e+01 -5.166938405e+01 -2.0338e-01 -1.6285e+00 +2.5275e+00 -2.1818e+00 -1.4136e+00
153 0 +2.342653110e-01 -5.211573469e+01 -5.211573469e+01 -5.0378e-01 -1.0349e+00 +2.5747e+00 -1.8240e+00 -1.6013e+00
181 0 +1.547635121e-01 -5.219523649e+01 -5.219523649e+01 -7.5481e-01 -1.3377e+00 +2.5232e+00 -2.4373e+00 -1.3947e+00
194 0 +1.179264445e-01 -5.223207356e+01 -5.223207356e+01 -1.1191e+00 -1.4479e+00 +2.4565e+00 -2.6037e+00 -1.7302e+00
298 0 +4.834806758e-02 -5.230165193e+01 -5.230165193e+01 -9.0059e-01 -1.1719e+00 +2.2594e+00 -2.4042e+00 -1.2466e+00
344 0 +4.611752483e-02 -5.230388248e+01 -5.230388248e+01 -8.2248e-01 -1.1680e+00 +2.3795e+00 -2.3743e+00 -1.2104e+00
354 0 +4.401180231e-02 -5.230598820e+01 -5.230598820e+01 -8.0345e-01 -1.2014e+00 +2.5251e+00 -2.1754e+00 -1.7392e+00
401 0 +1.086325192e-02 -5.233913675e+01 -5.233913675e+01 -8.3091e-01 -1.1611e+00 +2.3788e+00 -2.2927e+00 -1.4365e+00
496 0 +8.362214946e-03 -5.234163779e+01 -5.234163779e+01 -7.8279e-01 -1.1718e+00 +2.5052e+00 -2.2417e+00 -1.4772e+00
508 0 +7.335390967e-03 -5.234266461e+01 -5.234266461e+01 -8.0656e-01 -1.1667e+00 +2.4328e+00 -2.2684e+00 -1.5508e+00
511 0 +4.929855676e-03 -5.234507014e+01 -5.234507014e+01 -8.2292e-01 -1.2151e+00 +2.5198e+00 -2.2900e+00 -1.5566e+00
536 0 +4.796133349e-03 -5.234520387e+01 -5.234520387e+01 -8.3346e-01 -1.1787e+00 +2.4296e+00 -2.3204e+00 -1.4941e+00
541 0 +4.452068084e-03 -5.234554793e+01 -5.234554793e+01 -8.5203e-01 -1.1942e+00 +2.4422e+00 -2.3420e+00 -1.5042e+00
574 0 +1.816226387e-03 -5.234818377e+01 -5.234818377e+01 -8.3341e-01 -1.2246e+00 +2.5365e+00 -2.2655e+00 -1.4999e+00
626 0 +1.361855241e-03 -5.234863814e+01 -5.234863814e+01 -8.6435e-01 -1.2530e+00 +2.5819e+00 -2.3454e+00 -1.5747e+00
698 0 +1.290843644e-03 -5.234870916e+01 -5.234870916e+01 -8.2911e-01 -1.2035e+00 +2.4915e+00 -2.3080e+00 -1.5283e+00
706 0 +3.370505285e-04 -5.234966295e+01 -5.234966295e+01 -8.7931e-01 -1.2620e+00 +2.5774e+00 -2.3628e+00 -1.5547e+00
897 0 +2.271311184e-04 -5.234977287e+01 -5.234977287e+01 -8.6903e-01 -1.2304e+00 +2.5059e+00 -2.3666e+00 -1.5031e+00
973 0 +1.703971617e-04 -5.234982960e+01 -5.234982960e+01 -8.6240e-01 -1.2248e+00 +2.5007e+00 -2.3559e+00 -1.5056e+00
1029 0 +5.489316339e-05 -5.234994511e+01 -5.234994511e+01 -8.6598e-01 -1.2323e+00 +2.5142e+00 -2.3541e+00 -1.5096e+00
1038 0 +4.165273229e-05 -5.234995835e+01 -5.234995835e+01 -8.6873e-01 -1.2387e+00 +2.5277e+00 -2.3552e+00 -1.5155e+00
1214 0 +2.250338851e-05 -5.234997750e+01 -5.234997750e+01 -8.7851e-01 -1.2507e+00 +2.5470e+00 -2.3703e+00 -1.5261e+00
% f evaluations | g evaluations | best noise-free fitness - Fopt (-1.795400000000e+02) + sum g_i+ | measured fitness | best measured fitness or single-digit g-values | x1 | x2...
1 0 +1.728725235e+01 -1.622527477e+02 -1.622527477e+02 +5.9671e-01 -3.8264e-02 +7.4769e-01 +1.6230e+00 -1.3415e-01
22 0 +1.702440765e+01 -1.625155923e+02 -1.625155923e+02 +5.0405e-01 +1.9862e+00 +2.7458e-01 +3.5755e-01 +2.5554e-02
23 0 +1.510000685e+01 -1.644399931e+02 -1.644399931e+02 -1.8188e+00 +7.3486e-02 +1.6023e-01 +2.5632e+00 -9.2361e-02
24 0 +1.287642982e+01 -1.666635702e+02 -1.666635702e+02 +4.0155e-01 +6.5288e-02 -1.0687e+00 +1.2428e+00 +8.5193e-01
29 0 +7.055679117e+00 -1.724843209e+02 -1.724843209e+02 +3.0309e-01 +1.2732e+00 -1.5210e-01 +2.7617e+00 +2.1785e+00
55 0 +5.905898014e+00 -1.736341020e+02 -1.736341020e+02 -1.0503e+00 +6.1085e-02 +1.3180e-01 +2.3125e+00 +3.9470e+00
58 0 +4.993225605e+00 -1.745467744e+02 -1.745467744e+02 -9.3377e-01 +1.0554e+00 -1.3980e+00 +3.5885e+00 +2.7490e+00
65 0 +4.822125935e+00 -1.747178741e+02 -1.747178741e+02 +9.6188e-01 +1.0830e+00 -1.5780e+00 +3.4483e+00 +1.5910e+00
77 0 +3.488743671e+00 -1.760512563e+02 -1.760512563e+02 -1.1919e+00 +8.5379e-01 -4.3924e+00 +2.4910e+00 +2.9153e+00
104 0 +2.293550642e+00 -1.772464494e+02 -1.772464494e+02 +1.8570e+00 +1.4859e+00 -2.0043e+00 +2.9568e+00 +4.0971e+00
128 0 +1.119466634e+00 -1.784205334e+02 -1.784205334e+02 +1.8440e+00 +1.1516e+00 -2.9423e+00 +2.8133e+00 +3.5083e+00
179 0 +1.089539709e+00 -1.784504603e+02 -1.784504603e+02 +1.5917e+00 +2.9372e-01 -2.5936e+00 +2.3564e+00 +3.4713e+00
181 0 +9.998504744e-01 -1.785401495e+02 -1.785401495e+02 +9.2510e-01 -2.7508e-02 -2.3793e+00 +2.6674e+00 +3.9292e+00
204 0 +8.286053405e-01 -1.787113947e+02 -1.787113947e+02 +8.8233e-02 +1.5459e-01 -3.1152e+00 +2.4229e+00 +4.5498e+00
254 0 +7.493471426e-01 -1.787906529e+02 -1.787906529e+02 +5.4711e-01 +1.3557e+00 -2.9964e+00 +2.5866e+00 +4.4587e+00
264 0 +7.445550532e-01 -1.787954449e+02 -1.787954449e+02 +9.1452e-01 -7.1743e-02 -2.9553e+00 +2.0685e+00 +4.1032e+00
280 0 +3.246420000e-01 -1.792153580e+02 -1.792153580e+02 +7.5298e-01 +5.0926e-01 -3.2584e+00 +2.1767e+00 +4.0938e+00
300 0 +2.902822182e-01 -1.792497178e+02 -1.792497178e+02 +8.3365e-01 +1.0457e+00 -3.1777e+00 +2.6891e+00 +4.0794e+00
337 0 +2.288407476e-01 -1.793111593e+02 -1.793111593e+02 +1.1177e+00 +8.0190e-01 -3.5206e+00 +2.1977e+00 +3.7777e+00
353 0 +2.270874522e-01 -1.793129125e+02 -1.793129125e+02 +1.1547e+00 +9.1814e-01 -3.4722e+00 +2.5729e+00 +4.1841e+00
366 0 +1.160853459e-01 -1.794239147e+02 -1.794239147e+02 +9.7658e-01 +4.1609e-01 -3.2633e+00 +2.4260e+00 +3.5703e+00
412 0 +1.154978145e-01 -1.794245022e+02 -1.794245022e+02 +1.0146e+00 +6.5167e-01 -3.3243e+00 +2.3281e+00 +3.6775e+00
427 0 +9.073709446e-02 -1.794492629e+02 -1.794492629e+02 +9.4046e-01 +5.3485e-01 -3.4002e+00 +2.3200e+00 +3.6522e+00
434 0 +4.851575046e-02 -1.794914842e+02 -1.794914842e+02 +9.2593e-01 +5.3916e-01 -3.3559e+00 +2.6461e+00 +3.7756e+00
535 0 +3.884297899e-02 -1.795011570e+02 -1.795011570e+02 +9.5264e-01 +3.9426e-01 -3.3482e+00 +2.4311e+00 +3.7040e+00
536 0 +6.581709553e-03 -1.795334183e+02 -1.795334183e+02 +8.0902e-01 +5.2549e-01 -3.4524e+00 +2.3157e+00 +3.8241e+00
638 0 +2.555677614e-03 -1.795374443e+02 -1.795374443e+02 +7.7369e-01 +5.6867e-01 -3.4478e+00 +2.5027e+00 +3.9091e+00
733 0 +2.025083259e-03 -1.795379749e+02 -1.795379749e+02 +8.3571e-01 +4.4932e-01 -3.4504e+00 +2.3402e+00 +3.8008e+00
831 0 +1.143001905e-03 -1.795388570e+02 -1.795388570e+02 +8.3908e-01 +4.9231e-01 -3.4490e+00 +2.3965e+00 +3.8336e+00
860 0 +1.108806431e-03 -1.795388912e+02 -1.795388912e+02 +8.1190e-01 +5.2837e-01 -3.4575e+00 +2.4039e+00 +3.8635e+00
867 0 +9.421943300e-04 -1.795390578e+02 -1.795390578e+02 +8.2237e-01 +4.6809e-01 -3.4529e+00 +2.3611e+00 +3.8181e+00
903 0 +6.408107429e-04 -1.795393592e+02 -1.795393592e+02 +7.8719e-01 +5.4077e-01 -3.4389e+00 +2.4468e+00 +3.8690e+00
911 0 +5.422960907e-04 -1.795394577e+02 -1.795394577e+02 +7.7799e-01 +5.1352e-01 -3.4468e+00 +2.3674e+00 +3.8424e+00
933 0 +5.326581709e-04 -1.795394673e+02 -1.795394673e+02 +7.6996e-01 +4.9003e-01 -3.4447e+00 +2.3733e+00 +3.8334e+00
936 0 +4.281028572e-04 -1.795395719e+02 -1.795395719e+02 +7.8871e-01 +5.0039e-01 -3.4486e+00 +2.3691e+00 +3.8360e+00
1000 0 +3.063698916e-04 -1.795396936e+02 -1.795396936e+02 +7.7602e-01 +5.1992e-01 -3.4489e+00 +2.3743e+00 +3.8493e+00
1039 0 +2.610159904e-04 -1.795397390e+02 -1.795397390e+02 +7.7848e-01 +5.2948e-01 -3.4532e+00 +2.3956e+00 +3.8640e+00
1041 0 +1.211629288e-04 -1.795398788e+02 -1.795398788e+02 +7.9873e-01 +5.4035e-01 -3.4486e+00 +2.4180e+00 +3.8673e+00
% f evaluations | g evaluations | best noise-free fitness - Fopt (7.731000000000e+01) + sum g_i+ | measured fitness | best measured fitness or single-digit g-values | x1 | x2...
1 0 +1.401331818e+01 +9.132331818e+01 +9.132331818e+01 +5.9671e-01 -3.8264e-02 +7.4769e-01 +1.6230e+00 -1.3415e-01
2 0 +8.914043025e+00 +8.622404302e+01 +8.622404302e+01 -1.3414e-01 +1.6792e+00 +8.6743e-01 -3.6947e-01 +6.4256e-01
5 0 +8.304442480e+00 +8.561444248e+01 +8.561444248e+01 +1.5656e+00 -1.2578e-01 +1.6753e-01 -1.3247e+00 -4.4438e-01
7 0 +6.427803988e+00 +8.373780399e+01 +8.373780399e+01 -5.0171e-01 +1.9523e+00 +8.6503e-02 -9.5771e-01 +9.2254e-01
8 0 +2.591273114e+00 +7.990127311e+01 +7.990127311e+01 -1.1208e+00 +3.0886e-01 -1.8597e+00 -1.2282e+00 +2.9686e-01
13 0 +2.105129821e+00 +7.941512982e+01 +7.941512982e+01 -3.7917e-01 -8.5659e-02 -1.0063e+00 -1.0962e+00 +9.1253e-01
34 0 +1.746184644e+00 +7.905618464e+01 +7.905618464e+01 -2.2394e-01 -1.0320e-01 -9.4029e-01 -1.4670e+00 +9.9895e-01
44 0 +1.304835183e+00 +7.861483518e+01 +7.861483518e+01 +6.4924e-01 +2.2751e-01 -1.7771e+00 -9.6502e-01 +3.8451e-01
64 0 +1.177849110e+00 +7.848784911e+01 +7.848784911e+01 -1.2786e-01 -3.1067e-01 -1.2974e+00 -1.6752e+00 +1.2620e+00
79 0 +1.057190113e+00 +7.836719011e+01 +7.836719011e+01 +8.5990e-01 -6.7886e-01 -1.1484e+00 -1.0272e+00 +6.9183e-01
84 0 +7.530906875e-01 +7.806309069e+01 +7.806309069e+01 +6.1083e-01 -1.1224e-01 -1.8600e+00 -2.1825e+00 +3.0762e-01
110 0 +4.311281214e-01 +7.774112812e+01 +7.774112812e+01 +8.4165e-01 -2.6923e-01 -2.1257e+00 -1.3538e+00 +8.9473e-01
161 0 +3.533101457e-01 +7.766331015e+01 +7.766331015e+01 +1.1239e+00 -2.7044e-01 -2.5564e+00 -2.1476e+00 +5.8902e-01
176 0 +2.752528792e-01 +7.758525288e+01 +7.758525288e+01 +1.1298e+00 -1.1321e+00 -1.8259e+00 -1.5625e+00 +1.1315e+00
188 0 +2.124083820e-01 +7.752240838e+01 +7.752240838e+01 +7.4362e-01 -1.7758e-01 -2.1060e+00 -1.9891e+00 +8.8284e-01
193 0 +2.000227543e-01 +7.751002275e+01 +7.751002275e+01 +1.4003e+00 -4.5702e-01 -1.8375e+00 -1.9378e+00 +8.0586e-01
196 0 +1.903843156e-01 +7.750038432e+01 +7.750038432e+01 +8.7315e-01 -5.1308e-01 -1.5812e+00 -2.1081e+00 +7.9650e-01
208 0 +1.531496660e-01 +7.746314967e+01 +7.746314967e+01 +9.9533e-01 -6.2596e-01 -1.9549e+00 -2.1168e+00 +1.0491e+00
226 0 +1.294465551e-01 +7.743944656e+01 +7.743944656e+01 +9.0890e-01 -4.5659e-01 -2.5316e+00 -1.5687e+00 +1.1153e+00
307 0 +8.212643982e-02 +7.739212644e+01 +7.739212644e+01 +8.9434e-01 -5.6603e-01 -1.8068e+00 -1.8128e+00 +1.0533e+00
329 0 +6.947141787e-02 +7.737947142e+01 +7.737947142e+01 +8.8265e-01 -5.8547e-01 -1.9380e+00 -1.7411e+00 +1.0246e+00
330 0 +1.652119510e-02 +7.732652120e+01 +7.732652120e+01 +8.1487e-01 -7.0378e-01 -2.0491e+00 -1.8829e+00 +1.0090e+00
377 0 +9.935619974e-03 +7.731993562e+01 +7.731993562e+01 +9.5910e-01 -4.7636e-01 -2.0973e+00 -1.9278e+00 +9.7003e-01
460 0 +9.848976330e-03 +7.731984898e+01 +7.731984898e+01 +8.3308e-01 -5.5282e-01 -2.1694e+00 -1.9345e+00 +1.0161e+00
506 0 +9.685740911e-03 +7.731968574e+01 +7.731968574e+01 +9.0320e-01 -5.6225e-01 -2.2879e+00 -1.8082e+00 +1.0223e+00
510 0 +7.970259296e-03 +7.731797026e+01 +7.731797026e+01 +8.2174e-01 -6.7141e-01 -2.2756e+00 -1.8448e+00 +1.0447e+00
532 0 +4.181413740e-03 +7.731418141e+01 +7.731418141e+01 +8.6395e-01 -6.2823e-01 -2.2609e+00 -1.8748e+00 +1.0188e+00
543 0 +1.489845805e-03 +7.731148985e+01 +7.731148985e+01 +9.1915e-01 -5.6792e-01 -2.2061e+00 -1.8711e+00 +9.9931e-01
708 0 +1.363571495e-03 +7.731136357e+01 +7.731136357e+01 +8.6270e-01 -6.1558e-01 -2.2185e+00 -1.8743e+00 +1.0202e+00
% f evaluations | g evaluations | best noise-free fitness - Fopt (3.992000000000e+01) + sum g_i+ | measured fitness | best measured fitness or single-digit g-values | x1 | x2...
1 0 +6.809865145e+00 +4.672986515e+01 +4.672986515e+01 +5.9671e-01 -3.8264e-02 +7.4769e-01 +1.6230e+00 -1.3415e-01
2 0 +6.257295728e+00 +4.617729573e+01 +4.617729573e+01 -1.3414e-01 +1.6792e+00 +8.6743e-01 -3.6947e-01 +6.4256e-01
3 0 +4.819167854e+00 +4.473916785e+01 +4.473916785e+01 -3.6342e-01 -3.6573e-01 +3.4196e-01 -1.8133e+00 -1.6249e+00
5 0 +3.783022034e+00 +4.370302203e+01 +4.370302203e+01 +1.5656e+00 -1.2578e-01 +1.6753e-01 -1.3247e+00 -4.4438e-01
26 0 +3.380858768e+00 +4.330085877e+01 +4.330085877e+01 +1.7295e+00 +1.6907e-02 +1.4287e+00 -1.3174e+00 +1.4791e-02
30 0 +3.098257729e+00 +4.301825773e+01 +4.301825773e+01 +1.9067e+00 +4.3526e-01 +1.8171e+00 -2.8746e+00 -2.5912e-01
51 0 +2.803453679e+00 +4.272345368e+01 +4.272345368e+01 +1.7498e+00 -3.3827e-01 +1.1589e+00 -2.0628e+00 -9.7038e-01
54 0 +2.434058263e+00 +4.235405826e+01 +4.235405826e+01 +2.5840e+00 +5.1883e-01 +2.1661e+00 -3.1095e+00 -1.0394e+00
77 0 +5.840789829e-01 +4.050407898e+01 +4.050407898e+01 +3.5125e+00 -7.5512e-01 +2.2140e+00 -1.8440e+00 -2.0870e+00
166 0 +4.044115711e-01 +4.032441157e+01 +4.032441157e+01 +4.1645e+00 -1.4413e+00 +1.8917e+00 -2.7900e+00 -2.0497e+00
181 0 +2.435443882e-01 +4.016354439e+01 +4.016354439e+01 +4.1915e+00 -1.0362e+00 +2.4174e+00 -2.5514e+00 -1.9818e+00
229 0 +2.274921236e-01 +4.014749212e+01 +4.014749212e+01 +3.8935e+00 -1.2481e+00 +2.3519e+00 -2.4738e+00 -1.4374e+00
288 0 +2.116456463e-01 +4.013164565e+01 +4.013164565e+01 +3.9527e+00 -8.0348e-01 +2.2644e+00 -2.3453e+00 -2.5795e+00
303 0 +1.735668074e-01 +4.009356681e+01 +4.009356681e+01 +4.1730e+00 -1.0712e+00 +2.6562e+00 -2.3298e+00 -1.6664e+00
305 0 +1.147159720e-01 +4.003471597e+01 +4.003471597e+01 +3.8700e+00 -1.2580e+00 +2.0482e+00 -2.2739e+00 -2.2061e+00
344 0 +1.097290257e-01 +4.002972903e+01 +4.002972903e+01 +3.8472e+00 -9.3591e-01 +2.6019e+00 -2.4940e+00 -1.8864e+00
354 0 +3.756077913e-02 +3.995756078e+01 +3.995756078e+01 +4.1063e+00 -9.9998e-01 +2.1077e+00 -2.3536e+00 -1.9432e+00
419 0 +2.115426502e-02 +3.994115427e+01 +3.994115427e+01 +4.0327e+00 -1.0677e+00 +2.1847e+00 -2.2571e+00 -2.0817e+00
461 0 +9.858025112e-03 +3.992985803e+01 +3.992985803e+01 +4.0386e+00 -1.0074e+00 +2.2843e+00 -2.2737e+00 -2.0186e+00
506 0 +9.096784856e-03 +3.992909678e+01 +3.992909678e+01 +3.9487e+00 -9.9547e-01 +2.3866e+00 -2.2682e+00 -2.1016e+00
526 0 +8.918207570e-03 +3.992891821e+01 +3.992891821e+01 +4.0479e+00 -1.0030e+00 +2.3132e+00 -2.2922e+00 -1.9251e+00
565 0 +4.406384150e-03 +3.992440638e+01 +3.992440638e+01 +3.9891e+00 -1.0590e+00 +2.3098e+00 -2.2481e+00 -2.0651e+00
596 0 +3.749820216e-03 +3.992374982e+01 +3.992374982e+01 +3.9785e+00 -1.0553e+00 +2.3754e+00 -2.2642e+00 -2.0116e+00
652 0 +1.143299627e-03 +3.992114330e+01 +3.992114330e+01 +3.9844e+00 -1.0473e+00 +2.3374e+00 -2.2826e+00 -2.0282e+00
% f evaluations | g evaluations | best noise-free fitness - Fopt (-5.661000000000e+01) + sum g_i+ | measured fitness | best measured fitness or single-digit g-values | x1 | x2...
1 0 +2.419317543e+01 -3.241682457e+01 -3.241682457e+01 +5.9671e-01 -3.8264e-02 +7.4769e-01 +1.6230e+00 -1.3415e-01
3 0 +1.632183632e+01 -4.028816368e+01 -4.028816368e+01 -3.6342e-01 -3.6573e-01 +3.4196e-01 -1.8133e+00 -1.6249e+00
14 0 +1.443108532e+01 -4.217891468e+01 -4.217891468e+01 +1.4562e+00 +2.7990e-02 +1.1035e+00 +4.6164e-01 -5.4512e-01
26 0 +1.103252483e+01 -4.557747517e+01 -4.557747517e+01 +3.0725e+00 +1.0672e-01 +1.3619e+00 -1.2631e-01 -4.7043e+00
28 0 +7.490869302e+00 -4.911913070e+01 -4.911913070e+01 +2.6896e+00 +2.0938e+00 +5.4362e-01 -1.3370e+00 -1.6745e+00
51 0 +2.658839778e+00 -5.395116022e+01 -5.395116022e+01 +3.4625e+00 +2.2561e+00 +3.7970e+00 -1.7685e+00 -2.7744e+00
53 0 +1.961970882e+00 -5.464802912e+01 -5.464802912e+01 +6.3309e-01 +2.8311e+00 +3.3187e+00 -4.3352e+00 -4.2855e+00
102 0 +1.099412386e+00 -5.551058761e+01 -5.551058761e+01 +2.3877e+00 +3.3919e+00 +4.3150e+00 -3.1680e+00 -3.0065e+00
135 0 +5.671366002e-01 -5.604286340e+01 -5.604286340e+01 +1.5105e+00 +2.3106e+00 +3.3010e+00 -3.1881e+00 -3.2104e+00
208 0 +1.652896412e-01 -5.644471036e+01 -5.644471036e+01 +2.2536e+00 +2.8543e+00 +2.8921e+00 -3.7107e+00 -2.9699e+00
277 0 +5.937077911e-02 -5.655062922e+01 -5.655062922e+01 +2.0084e+00 +2.9171e+00 +3.2775e+00 -3.3620e+00 -2.9502e+00
390 0 +5.169902373e-02 -5.655830098e+01 -5.655830098e+01 +1.8388e+00 +2.9636e+00 +3.3166e+00 -3.3176e+00 -3.0851e+00
395 0 +3.589277466e-02 -5.657410723e+01 -5.657410723e+01 +1.7329e+00 +2.9233e+00 +3.4127e+00 -3.2264e+00 -2.9678e+00
425 0 +9.266719762e-03 -5.660073328e+01 -5.660073328e+01 +2.0207e+00 +2.9515e+00 +3.1174e+00 -3.3552e+00 -3.0782e+00
459 0 +6.933306566e-03 -5.660306669e+01 -5.660306669e+01 +1.9138e+00 +2.8776e+00 +3.3502e+00 -3.3026e+00 -3.0078e+00
551 0 +6.066135600e-03 -5.660393386e+01 -5.660393386e+01 +1.8983e+00 +2.8572e+00 +3.3316e+00 -3.2918e+00 -3.0003e+00
582 0 +1.994515937e-03 -5.660800548e+01 -5.660800548e+01 +1.9506e+00 +2.9333e+00 +3.1614e+00 -3.2853e+00 -3.0794e+00
717 0 +6.119604802e-04 -5.660938804e+01 -5.660938804e+01 +1.9735e+00 +2.9371e+00 +3.1845e+00 -3.2849e+00 -3.1106e+00
% f evaluations | g evaluations | best noise-free fitness - Fopt (3.270000000000e+01) + sum g_i+ | measured fitness | best measured fitness or single-digit g-values | x1 | x2...
1 0 +4.738185807e+00 +3.743818581e+01 +3.743818581e+01 +5.9671e-01 -3.8264e-02 +7.4769e-01 +1.6230e+00 -1.3415e-01
6 0 +4.184781633e+00 +3.688478163e+01 +3.688478163e+01 +2.1092e-01 -1.0510e+00 +4.7570e-01 -5.0064e-01 -1.9169e-01
10 0 +4.114533253e+00 +3.681453325e+01 +3.681453325e+01 -6.1984e-01 -3.6064e-01 +1.1571e+00 +4.4362e-01 -1.6630e+00
20 0 +3.167832081e+00 +3.586783208e+01 +3.586783208e+01 -1.3635e+00 +3.9612e-01 +3.6106e-01 +1.0511e-01 -1.3459e-01
21 0 +2.979073793e+00 +3.567907379e+01 +3.567907379e+01 -1.3154e+00 -3.2065e-01 -2.4271e-01 -7.0228e-01 -6.1286e-02
26 0 +2.963926203e+00 +3.566392620e+01 +3.566392620e+01 -7.8332e-01 -7.4699e-01 -5.3503e-01 -1.3582e-01 -8.7257e-01
29 0 +2.603575206e+00 +3.530357521e+01 +3.530357521e+01 -3.4240e-01 -3.6605e-01 -1.2834e-01 +1.2958e+00 -1.2252e-01
47 0 +8.978094158e-01 +3.359780942e+01 +3.359780942e+01 -1.4876e+00 -1.1720e+00 +1.8534e-01 +4.6187e-01 -1.9992e-01
76 0 +7.574804021e-01 +3.345748040e+01 +3.345748040e+01 -1.7015e+00 -1.5488e+00 -1.8945e-01 +7.3930e-01 +5.5789e-01
83 0 +7.226408667e-01 +3.342264087e+01 +3.342264087e+01 -1.7701e+00 -1.0475e+00 +4.1389e-01 +2.0266e+00 -3.3045e-01
102 0 +4.780040205e-01 +3.317800402e+01 +3.317800402e+01 -2.4130e+00 -1.7186e+00 -7.9428e-02 +7.3889e-01 -3.8684e-02
151 0 +4.139570007e-01 +3.311395700e+01 +3.311395700e+01 -2.2825e+00 -1.8221e+00 -6.1348e-02 +9.2323e-01 +2.9555e-01
152 0 +3.067352577e-01 +3.300673526e+01 +3.300673526e+01 -2.4098e+00 -1.3283e+00 +3.2387e-01 +1.4669e+00 -1.2862e-01
176 0 +2.691223025e-01 +3.296912230e+01 +3.296912230e+01 -2.0638e+00 -1.4040e+00 +8.7102e-02 +1.2118e+00 +8.2218e-02
178 0 +2.094402189e-01 +3.290944022e+01 +3.290944022e+01 -2.1570e+00 -1.6792e+00 +1.1865e-01 +1.7984e+00 -7.6406e-02
205 0 +1.307494892e-01 +3.283074949e+01 +3.283074949e+01 -2.1937e+00 -1.6147e+00 +6.5743e-01 +1.1218e+00 -1.0784e-01
233 0 +1.095998078e-01 +3.280959981e+01 +3.280959981e+01 -2.0915e+00 -1.6711e+00 +3.4599e-01 +1.1649e+00 +1.5415e-01
255 0 +8.076986738e-02 +3.278076987e+01 +3.278076987e+01 -2.1724e+00 -1.6043e+00 +4.9383e-01 +1.4015e+00 -2.1283e-01
274 0 +7.358311297e-02 +3.277358311e+01 +3.277358311e+01 -2.0829e+00 -1.4357e+00 +6.2806e-02 +1.5247e+00 -3.8730e-01
281 0 +6.746597957e-02 +3.276746598e+01 +3.276746598e+01 -2.1579e+00 -1.6788e+00 +3.5520e-01 +1.3639e+00 -2.0791e-01
288 0 +5.939074887e-02 +3.275939075e+01 +3.275939075e+01 -2.0423e+00 -1.6036e+00 +1.6434e-01 +1.4748e+00 -1.6317e-01
303 0 +3.592671796e-02 +3.273592672e+01 +3.273592672e+01 -2.1595e+00 -1.7005e+00 +1.2514e-01 +1.2593e+00 -3.5361e-01
357 0 +2.693748505e-02 +3.272693749e+01 +3.272693749e+01 -2.0894e+00 -1.6956e+00 +3.8454e-01 +1.2130e+00 -5.7360e-02
368 0 +2.258749797e-02 +3.272258750e+01 +3.272258750e+01 -2.1037e+00 -1.4974e+00 +2.2293e-01 +1.4727e+00 -1.9594e-01
393 0 +2.109198134e-02 +3.272109198e+01 +3.272109198e+01 -2.0809e+00 -1.6056e+00 +3.7256e-01 +1.2694e+00 -4.7566e-02
400 0 +1.023759345e-02 +3.271023759e+01 +3.271023759e+01 -2.0048e+00 -1.5525e+00 +2.3893e-01 +1.4036e+00 -4.7765e-02
466 0 +3.804933528e-03 +3.270380493e+01 +3.270380493e+01 -2.0435e+00 -1.5993e+00 +2.6578e-01 +1.3279e+00 -6.9443e-02
575 0 +3.255272593e-03 +3.270325527e+01 +3.270325527e+01 -2.0782e+00 -1.5418e+00 +2.7301e-01 +1.4222e+00 -1.4872e-01
613 0 +3.046726191e-03 +3.270304673e+01 +3.270304673e+01 -2.0704e+00 -1.5683e+00 +3.2912e-01 +1.3688e+00 -8.7236e-02
626 0 +1.911142956e-03 +3.270191114e+01 +3.270191114e+01 -2.0575e+00 -1.5418e+00 +3.0103e-01 +1.3852e+00 -1.2436e-01
630 0 +1.257794707e-03 +3.270125779e+01 +3.270125779e+01 -2.0652e+00 -1.5543e+00 +3.1546e-01 +1.3629e+00 -1.2696e-01
736 0 +9.536269509e-04 +3.270095363e+01 +3.270095363e+01 -2.0610e+00 -1.5622e+00 +2.7755e-01 +1.3731e+00 -1.1903e-01
739 0 +7.394349212e-04 +3.270073943e+01 +3.270073943e+01 -2.0596e+00 -1.5598e+00 +2.9998e-01 +1.3613e+00 -1.1888e-01
767 0 +6.019858633e-04 +3.270060199e+01 +3.270060199e+01 -2.0599e+00 -1.5627e+00 +2.8771e-01 +1.3606e+00 -1.2413e-01
769 0 +5.231549890e-04 +3.270052315e+01 +3.270052315e+01 -2.0596e+00 -1.5695e+00 +2.8725e-01 +1.3544e+00 -1.1746e-01
813 0 +4.928936740e-04 +3.270049289e+01 +3.270049289e+01 -2.0773e+00 -1.5865e+00 +2.4715e-01 +1.3394e+00 -1.6701e-01
825 0 +2.509363327e-04 +3.270025094e+01 +3.270025094e+01 -2.0807e+00 -1.5821e+00 +2.8178e-01 +1.3306e+00 -1.6390e-01
885 0 +1.346996266e-04 +3.270013470e+01 +3.270013470e+01 -2.0834e+00 -1.6135e+00 +2.5898e-01 +1.2817e+00 -1.8036e-01
886 0 +1.237160896e-04 +3.270012372e+01 +3.270012372e+01 -2.0735e+00 -1.6058e+00 +2.7538e-01 +1.2870e+00 -1.5779e-01
% f evaluations | g evaluations | best noise-free fitness - Fopt (-3.943000000000e+01) + sum g_i+ | measured fitness | best measured fitness or single-digit g-values | x1 | x2...
1 0 +2.093839249e+01 -1.849160751e+01 -1.849160751e+01 +5.9671e-01 -3.8264e-02 +7.4769e-01 +1.6230e+00 -1.3415e-01
9 0 +1.821593618e+01 -2.121406382e+01 -2.121406382e+01 +8.3847e-01 +2.7137e-01 -1.5648e-02 -2.0110e-01 -1.3785e+00
14 0 +1.049200278e+01 -2.893799722e+01 -2.893799722e+01 +1.4562e+00 +2.7990e-02 +1.1035e+00 +4.6164e-01 -5.4512e-01
27 0 +6.024570086e+00 -3.340542991e+01 -3.340542991e+01 +1.7096e+00 +3.3757e+00 +2.8209e+00 +3.2772e-01 -7.2672e-01
32 0 +5.728668520e+00 -3.370133148e+01 -3.370133148e+01 +3.1015e+00 +3.8643e-01 +1.9195e+00 +1.0744e+00 +1.5693e-01
51 0 +5.504852324e+00 -3.392514768e+01 -3.392514768e+01 +4.5455e+00 +3.9448e+00 +2.4827e+00 -1.4000e+00 -7.5537e-01
52 0 +5.107115437e+00 -3.432288456e+01 -3.432288456e+01 +3.4673e+00 +1.7484e+00 +2.9930e+00 +9.9055e-01 -1.8699e+00
53 0 +4.385727313e+00 -3.504427269e+01 -3.504427269e+01 +3.9873e+00 +1.9763e+00 +1.8380e+00 +9.1828e-01 -1.8549e+00
56 0 +3.369547947e+00 -3.606045205e+01 -3.606045205e+01 +4.4436e+00 +4.8505e+00 +4.8793e-01 +1.4502e-01 +2.9801e-01
57 0 +2.989738509e+00 -3.644026149e+01 -3.644026149e+01 +2.4691e+00 +4.7779e+00 +2.5356e+00 +5.6447e-01 +3.4762e-01
77 0 +1.589960088e+00 -3.784003991e+01 -3.784003991e+01 +3.4238e+00 +3.9609e+00 +3.7462e+00 +2.3787e+00 +2.0651e+00
128 0 +1.284990235e+00 -3.814500977e+01 -3.814500977e+01 +3.0614e+00 +3.2571e+00 +3.9735e+00 +9.7936e-01 +1.2062e+00
179 0 +1.265725884e+00 -3.816427412e+01 -3.816427412e+01 +3.8764e+00 +2.4012e+00 +3.4777e+00 +1.9573e+00 +7.4348e-01
180 0 +9.966916875e-01 -3.843330831e+01 -3.843330831e+01 +4.6512e+00 +3.0724e+00 +2.8768e+00 +1.9790e+00 +1.4004e+00
181 0 +5.256781277e-01 -3.890432187e+01 -3.890432187e+01 +3.8973e+00 +3.3004e+00 +2.6918e+00 +1.1020e+00 +6.9926e-01
229 0 +4.162682177e-01 -3.901373178e+01 -3.901373178e+01 +4.2609e+00 +3.2612e+00 +2.6893e+00 +1.0273e+00 +1.5658e+00
251 0 +2.982931250e-01 -3.913170687e+01 -3.913170687e+01 +3.8506e+00 +3.5104e+00 +3.0621e+00 +1.3908e+00 +1.5177e+00
283 0 +2.350813964e-01 -3.919491860e+01 -3.919491860e+01 +4.0426e+00 +3.5409e+00 +3.4135e+00 +1.2293e+00 +9.5726e-01
327 0 +1.954711628e-01 -3.923452884e+01 -3.923452884e+01 +3.6763e+00 +3.5649e+00 +2.8167e+00 +1.5578e+00 +7.0427e-01
340 0 +1.259939825e-01 -3.930400602e+01 -3.930400602e+01 +3.7534e+00 +3.3741e+00 +3.1219e+00 +1.6386e+00 +7.6097e-01
376 0 +1.162821945e-01 -3.931371781e+01 -3.931371781e+01 +3.4926e+00 +3.5352e+00 +2.7370e+00 +1.5872e+00 +8.6799e-01
407 0 +7.500053522e-02 -3.935499946e+01 -3.935499946e+01 +3.5851e+00 +3.7172e+00 +2.9578e+00 +1.5029e+00 +8.8518e-01
409 0 +6.692419691e-02 -3.936307580e+01 -3.936307580e+01 +3.6367e+00 +3.5533e+00 +2.8709e+00 +1.3623e+00 +1.0656e+00
426 0 +6.507864883e-02 -3.936492135e+01 -3.936492135e+01 +3.7870e+00 +3.3288e+00 +3.0239e+00 +1.4143e+00 +1.1244e+00
429 0 +5.020504460e-02 -3.937979496e+01 -3.937979496e+01 +3.5398e+00 +3.6120e+00 +2.8906e+00 +1.5675e+00 +9.2806e-01
451 0 +4.580349401e-02 -3.938419651e+01 -3.938419651e+01 +3.5886e+00 +3.5548e+00 +2.9800e+00 +1.4079e+00 +9.1478e-01
455 0 +3.360659839e-02 -3.939639340e+01 -3.939639340e+01 +3.5261e+00 +3.4260e+00 +2.8116e+00 +1.4597e+00 +1.0596e+00
466 0 +1.497139072e-02 -3.941502861e+01 -3.941502861e+01 +3.8684e+00 +3.4272e+00 +2.9595e+00 +1.4853e+00 +1.0862e+00
509 0 +1.306639540e-02 -3.941693360e+01 -3.941693360e+01 +3.6984e+00 +3.4205e+00 +2.9546e+00 +1.5010e+00 +9.4974e-01
539 0 +1.288883902e-02 -3.941711116e+01 -3.941711116e+01 +3.6463e+00 +3.4403e+00 +2.8667e+00 +1.5664e+00 +9.9729e-01
561 0 +8.948974148e-03 -3.942105103e+01 -3.942105103e+01 +3.6696e+00 +3.4296e+00 +2.9331e+00 +1.4580e+00 +1.0009e+00
607 0 +8.301988745e-03 -3.942169801e+01 -3.942169801e+01 +3.6613e+00 +3.4724e+00 +2.9402e+00 +1.4836e+00 +9.6211e-01
629 0 +6.792186127e-03 -3.942320781e+01 -3.942320781e+01 +3.6791e+00 +3.4478e+00 +2.9346e+00 +1.4784e+00 +9.7541e-01
632 0 +6.584146112e-03 -3.942341585e+01 -3.942341585e+01 +3.7113e+00 +3.4974e+00 +2.9537e+00 +1.5135e+00 +9.6046e-01
637 0 +4.968862757e-03 -3.942503114e+01 -3.942503114e+01 +3.7109e+00 +3.4877e+00 +2.9362e+00 +1.5242e+00 +9.7782e-01
641 0 +4.896741328e-03 -3.942510326e+01 -3.942510326e+01 +3.7151e+00 +3.4838e+00 +2.9311e+00 +1.5211e+00 +9.8851e-01
662 0 +4.144028395e-03 -3.942585597e+01 -3.942585597e+01 +3.7046e+00 +3.4731e+00 +2.9362e+00 +1.4919e+00 +9.9849e-01
698 0 +3.218466172e-03 -3.942678153e+01 -3.942678153e+01 +3.7056e+00 +3.4443e+00 +2.9146e+00 +1.5308e+00 +9.9377e-01
701 0 +2.923982356e-03 -3.942707602e+01 -3.942707602e+01 +3.7377e+00 +3.4067e+00 +2.9201e+00 +1.4825e+00 +1.0439e+00
733 0 +2.114511929e-03 -3.942788549e+01 -3.942788549e+01 +3.7322e+00 +3.4061e+00 +2.9183e+00 +1.4464e+00 +1.0731e+00
734 0 +1.107809391e-03 -3.942889219e+01 -3.942889219e+01 +3.7201e+00 +3.4232e+00 +2.9137e+00 +1.4850e+00 +1.0444e+00
782 0 +9.942877034e-04 -3.942900571e+01 -3.942900571e+01 +3.7555e+00 +3.4124e+00 +2.9372e+00 +1.4602e+00 +1.0584e+00
794 0 +8.983068411e-04 -3.942910169e+01 -3.942910169e+01 +3.7369e+00 +3.3636e+00 +2.9013e+00 +1.4437e+00 +1.1000e+00
818 0 +3.513412314e-04 -3.942964866e+01 -3.942964866e+01 +3.7720e+00 +3.3695e+00 +2.9192e+00 +1.4601e+00 +1.0948e+00
% f evaluations | g evaluations | best noise-free fitness - Fopt (4.197200000000e+02) + sum g_i+ | measured fitness | best measured fitness or single-digit g-values | x1 | x2...
1 0 +4.830635205e+01 +4.680263520e+02 +4.680263520e+02 +5.9671e-01 -3.8264e-02 +7.4769e-01 +1.6230e+00 -1.3415e-01
11 0 +3.359690083e+01 +4.533169008e+02 +4.533169008e+02 +4.2408e-01 -2.8508e-01 -5.7692e-01 +7.1168e-01 +1.1310e+00
23 0 +2.445796969e+01 +4.441779697e+02 +4.441779697e+02 -1.8188e+00 +7.3486e-02 +1.6023e-01 +2.5632e+00 -9.2361e-02
28 0 +1.360105623e+01 +4.333210562e+02 +4.333210562e+02 -5.3525e-01 +9.2467e-01 -9.2166e-01 +1.9486e+00 +1.2335e+00
51 0 +8.206941001e+00 +4.279269410e+02 +4.279269410e+02 -3.8731e-01 +1.5822e-01 +5.6579e-01 +2.3222e+00 +1.9593e+00
54 0 +4.759067107e+00 +4.244790671e+02 +4.244790671e+02 -1.2748e+00 +3.8433e-01 +1.9864e-01 +2.7533e+00 +2.1354e+00
55 0 +2.929180179e+00 +4.226491802e+02 +4.226491802e+02 -3.0541e+00 +9.1618e-01 -8.7794e-01 +3.9051e+00 +3.4511e+00
76 0 +2.141146369e+00 +4.218611464e+02 +4.218611464e+02 -8.8366e-01 +1.5895e+00 -2.6701e+00 +3.4065e+00 +3.7972e+00
77 0 +1.623323296e+00 +4.213433233e+02 +4.213433233e+02 +4.6572e-02 +2.1853e+00 -4.8353e-01 +3.3971e+00 +2.7440e+00
78 0 +1.420388892e+00 +4.211403889e+02 +4.211403889e+02 -7.3948e-01 +1.8112e+00 -1.4770e+00 +4.2079e+00 +2.9724e+00
130 0 +9.905597575e-01 +4.207105598e+02 +4.207105598e+02 -1.3101e+00 +3.9682e+00 -1.8491e+00 +3.3563e+00 +2.8364e+00
206 0 +7.447651412e-01 +4.204647651e+02 +4.204647651e+02 -8.1060e-01 +2.4827e+00 -6.4346e-01 +3.2259e+00 +2.4792e+00
207 0 +4.125995202e-01 +4.201325995e+02 +4.201325995e+02 -7.3885e-01 +2.4355e+00 -1.0857e+00 +4.3217e+00 +3.3188e+00
281 0 +3.701243527e-01 +4.200901244e+02 +4.200901244e+02 -1.5942e+00 +2.6465e+00 -1.5325e+00 +3.7169e+00 +3.4948e+00
306 0 +1.634336127e-01 +4.198834336e+02 +4.198834336e+02 -9.7986e-01 +2.6408e+00 -1.2553e+00 +3.6106e+00 +3.2921e+00
358 0 +9.111963632e-02 +4.198111196e+02 +4.198111196e+02 -1.0704e+00 +2.6596e+00 -1.3773e+00 +3.6709e+00 +3.3986e+00
380 0 +8.346975862e-02 +4.198034698e+02 +4.198034698e+02 -1.0414e+00 +2.8530e+00 -1.2631e+00 +3.7908e+00 +2.9685e+00
461 0 +7.257340821e-02 +4.197925734e+02 +4.197925734e+02 -1.0266e+00 +2.5274e+00 -1.3224e+00 +3.4996e+00 +3.1381e+00
472 0 +4.501737897e-02 +4.197650174e+02 +4.197650174e+02 -1.0829e+00 +2.5228e+00 -1.3836e+00 +3.5318e+00 +3.0718e+00
494 0 +9.580892505e-03 +4.197295809e+02 +4.197295809e+02 -1.1748e+00 +2.7284e+00 -1.2974e+00 +3.6497e+00 +3.2531e+00
696 0 +4.952424524e-03 +4.197249524e+02 +4.197249524e+02 -1.1916e+00 +2.8152e+00 -1.3292e+00 +3.6791e+00 +3.3028e+00
726 0 +4.344589492e-03 +4.197243446e+02 +4.197243446e+02 -1.2189e+00 +2.8622e+00 -1.2855e+00 +3.5074e+00 +3.1547e+00
745 0 +3.397596645e-03 +4.197233976e+02 +4.197233976e+02 -1.1835e+00 +2.8233e+00 -1.2894e+00 +3.6080e+00 +3.1915e+00
815 0 +3.201482439e-03 +4.197232015e+02 +4.197232015e+02 -1.1878e+00 +2.8298e+00 -1.2955e+00 +3.5649e+00 +3.1650e+00
829 0 +1.607625705e-03 +4.197216076e+02 +4.197216076e+02 -1.1275e+00 +2.7071e+00 -1.3129e+00 +3.6438e+00 +3.1798e+00
859 0 +1.325730893e-03 +4.197213257e+02 +4.197213257e+02 -1.1359e+00 +2.7197e+00 -1.3233e+00 +3.6234e+00 +3.1770e+00
868 0 +9.127066804e-04 +4.197209127e+02 +4.197209127e+02 -1.1727e+00 +2.7602e+00 -1.3086e+00 +3.5765e+00 +3.1889e+00
915 0 +6.438952236e-04 +4.197206439e+02 +4.197206439e+02 -1.1470e+00 +2.7231e+00 -1.3187e+00 +3.6230e+00 +3.2036e+00
928 0 +5.686084473e-04 +4.197205686e+02 +4.197205686e+02 -1.1467e+00 +2.7342e+00 -1.3115e+00 +3.6702e+00 +3.2296e+00
942 0 +4.384745296e-04 +4.197204385e+02 +4.197204385e+02 -1.1544e+00 +2.7441e+00 -1.3122e+00 +3.6509e+00 +3.2234e+00
% f evaluations | g evaluations | best noise-free fitness - Fopt (7.640000000000e+00) + sum g_i+ | measured fitness | best measured fitness or single-digit g-values | x1 | x2...
1 0 +1.810879184e+01 +2.574879184e+01 +2.574879184e+01 +5.9671e-01 -3.8264e-02 +7.4769e-01 +1.6230e+00 -1.3415e-01
2 0 +1.593987314e+01 +2.357987314e+01 +2.357987314e+01 -1.3414e-01 +1.6792e+00 +8.6743e-01 -3.6947e-01 +6.4256e-01
22 0 +1.565379303e+01 +2.329379303e+01 +2.329379303e+01 +5.0405e-01 +1.9862e+00 +2.7458e-01 +3.5755e-01 +2.5554e-02
26 0 +8.772490685e+00 +1.641249069e+01 +1.641249069e+01 +1.4769e+00 +2.0997e+00 +9.1788e-01 +1.1775e+00 +9.1986e-01
51 0 +7.672600514e+00 +1.531260051e+01 +1.531260051e+01 +1.6267e+00 +4.7861e+00 +2.8301e+00 +1.3360e+00 +2.4334e+00
52 0 +5.253889715e+00 +1.289388972e+01 +1.289388972e+01 +2.2628e+00 +2.5227e+00 +3.7104e+00 +1.1812e+00 +2.2549e+00
55 0 +5.140892602e+00 +1.278089260e+01 +1.278089260e+01 +4.3552e+00 +3.1311e+00 +3.1926e+00 +7.0681e-01 +2.7216e+00
77 0 +5.925264166e-01 +8.232526417e+00 +8.232526417e+00 +3.2715e+00 +3.0749e+00 +1.9805e+00 +3.8949e+00 +2.6613e+00
230 0 +3.679010113e-01 +8.007901011e+00 +8.007901011e+00 +3.2898e+00 +2.2535e+00 +2.4396e+00 +3.8741e+00 +3.0317e+00
283 0 +3.557933636e-01 +7.995793364e+00 +7.995793364e+00 +3.9108e+00 +2.3467e+00 +2.3444e+00 +4.0453e+00 +2.7353e+00
299 0 +3.449895656e-01 +7.984989566e+00 +7.984989566e+00 +3.4025e+00 +1.9567e+00 +2.9324e+00 +4.2304e+00 +2.6224e+00
301 0 +3.311715561e-01 +7.971171556e+00 +7.971171556e+00 +3.9070e+00 +2.4649e+00 +2.4213e+00 +3.6373e+00 +2.7124e+00
303 0 +2.482070219e-01 +7.888207022e+00 +7.888207022e+00 +3.2516e+00 +3.0037e+00 +2.7650e+00 +3.7784e+00 +3.1035e+00
308 0 +1.262554906e-01 +7.766255491e+00 +7.766255491e+00 +3.5640e+00 +2.2708e+00 +2.9117e+00 +3.9855e+00 +2.4504e+00
326 0 +1.208503774e-01 +7.760850377e+00 +7.760850377e+00 +3.1280e+00 +2.7117e+00 +2.7618e+00 +4.0959e+00 +2.6842e+00
351 0 +1.190157390e-01 +7.759015739e+00 +7.759015739e+00 +3.5351e+00 +2.6593e+00 +2.8132e+00 +3.6738e+00 +2.9119e+00
355 0 +1.006460199e-01 +7.740646020e+00 +7.740646020e+00 +3.3951e+00 +2.7879e+00 +2.6294e+00 +3.7266e+00 +2.8952e+00
381 0 +8.917525229e-02 +7.729175252e+00 +7.729175252e+00 +3.6348e+00 +2.5608e+00 +3.0255e+00 +3.7411e+00 +2.7195e+00
388 0 +7.888863779e-02 +7.718888638e+00 +7.718888638e+00 +3.5415e+00 +2.7269e+00 +2.6591e+00 +3.7569e+00 +3.0142e+00
393 0 +7.377452847e-02 +7.713774528e+00 +7.713774528e+00 +3.3861e+00 +2.6674e+00 +2.7920e+00 +3.8866e+00 +2.8024e+00
394 0 +5.058553364e-02 +7.690585534e+00 +7.690585534e+00 +3.3567e+00 +2.8257e+00 +2.8236e+00 +3.9646e+00 +2.7115e+00
408 0 +4.402861045e-02 +7.684028610e+00 +7.684028610e+00 +3.4675e+00 +2.6378e+00 +2.8168e+00 +3.9582e+00 +2.6780e+00
414 0 +3.787236198e-02 +7.677872362e+00 +7.677872362e+00 +3.3956e+00 +2.6003e+00 +2.6514e+00 +3.9132e+00 +2.7710e+00
434 0 +1.750200779e-02 +7.657502008e+00 +7.657502008e+00 +3.4745e+00 +2.5319e+00 +2.9083e+00 +4.0052e+00 +2.6433e+00
487 0 +1.383530762e-02 +7.653835308e+00 +7.653835308e+00 +3.5387e+00 +2.5068e+00 +2.6452e+00 +3.8629e+00 +2.8015e+00
491 0 +1.207165450e-02 +7.652071654e+00 +7.652071654e+00 +3.5036e+00 +2.4943e+00 +2.8611e+00 +3.9658e+00 +2.6599e+00
507 0 +4.663729288e-03 +7.644663729e+00 +7.644663729e+00 +3.5823e+00 +2.5735e+00 +2.6866e+00 +3.8777e+00 +2.8481e+00
529 0 +3.466320022e-03 +7.643466320e+00 +7.643466320e+00 +3.4826e+00 +2.6076e+00 +2.7499e+00 +3.9516e+00 +2.7669e+00
642 0 +2.527247691e-03 +7.642527248e+00 +7.642527248e+00 +3.4945e+00 +2.6000e+00 +2.8357e+00 +3.9600e+00 +2.7329e+00
658 0 +3.091089624e-04 +7.640309109e+00 +7.640309109e+00 +3.5131e+00 +2.5987e+00 +2.7978e+00 +3.9258e+00 +2.7639e+00
% f evaluations | g evaluations | best noise-free fitness - Fopt (-1.276800000000e+02) + sum g_i+ | measured fitness | best measured fitness or single-digit g-values | x1 | x2...
1 0 +7.496789357e+01 -5.271210643e+01 -5.271210643e+01 +5.9671e-01 -3.8264e-02 +7.4769e-01 +1.6230e+00 -1.3415e-01
2 0 +1.435804214e+01 -1.133219579e+02 -1.133219579e+02 -1.3414e-01 +1.6792e+00 +8.6743e-01 -3.6947e-01 +6.4256e-01
22 0 +1.285868250e+01 -1.148213175e+02 -1.148213175e+02 +5.0405e-01 +1.9862e+00 +2.7458e-01 +3.5755e-01 +2.5554e-02
26 0 +1.085958216e+01 -1.168204178e+02 -1.168204178e+02 +1.6641e+00 +4.0445e+00 -1.9206e+00 -5.8701e-01 -1.1438e-01
28 0 +8.354199356e+00 -1.193258006e+02 -1.193258006e+02 +1.6032e+00 +2.5661e+00 +1.7827e+00 -2.0809e+00 -5.1953e-01
30 0 +2.960668432e+00 -1.247193316e+02 -1.247193316e+02 -3.7086e-02 +2.9963e+00 +1.4495e+00 -5.0875e-01 -2.6818e+00
54 0 +2.387213922e+00 -1.252927861e+02 -1.252927861e+02 +7.8505e-01 +4.5399e+00 +2.7293e+00 -9.0898e-01 -3.1982e+00
80 0 +2.727519282e-01 -1.274072481e+02 -1.274072481e+02 +2.0433e+00 +3.6926e+00 +2.5359e+00 +2.2413e-01 -2.9240e+00
263 0 +1.800997210e-01 -1.274999003e+02 -1.274999003e+02 +2.5426e+00 +4.1321e+00 +2.3721e+00 +4.7168e-01 -2.8149e+00
278 0 +8.523924328e-02 -1.275947608e+02 -1.275947608e+02 +2.0532e+00 +4.1487e+00 +2.5404e+00 +5.6484e-01 -2.7071e+00
354 0 +6.042313784e-02 -1.276195769e+02 -1.276195769e+02 +2.1488e+00 +4.0309e+00 +2.6360e+00 +5.3568e-01 -2.7942e+00
409 0 +3.990009699e-02 -1.276400999e+02 -1.276400999e+02 +2.2630e+00 +3.9855e+00 +2.4427e+00 +5.9728e-01 -2.7345e+00
416 0 +3.789806266e-02 -1.276421019e+02 -1.276421019e+02 +2.3668e+00 +3.8709e+00 +2.4896e+00 +5.3729e-01 -2.7446e+00
444 0 +1.769021973e-02 -1.276623098e+02 -1.276623098e+02 +2.1921e+00 +3.7087e+00 +2.5150e+00 +5.7163e-01 -2.7232e+00
500 0 +1.689294405e-02 -1.276631071e+02 -1.276631071e+02 +2.3228e+00 +3.6527e+00 +2.5090e+00 +5.2122e-01 -2.8238e+00
545 0 +1.305200157e-02 -1.276669480e+02 -1.276669480e+02 +2.2450e+00 +3.6503e+00 +2.4560e+00 +6.5426e-01 -2.8289e+00
560 0 +5.805698003e-03 -1.276741943e+02 -1.276741943e+02 +2.3016e+00 +3.8389e+00 +2.5290e+00 +4.9462e-01 -2.8666e+00
574 0 +3.752684844e-03 -1.276762473e+02 -1.276762473e+02 +2.2227e+00 +3.7358e+00 +2.4801e+00 +6.1921e-01 -2.7942e+00
579 0 +1.502738416e-03 -1.276784973e+02 -1.276784973e+02 +2.2588e+00 +3.7308e+00 +2.4993e+00 +5.6435e-01 -2.8474e+00
693 0 +1.009947978e-03 -1.276789901e+02 -1.276789901e+02 +2.2537e+00 +3.7697e+00 +2.5128e+00 +5.4532e-01 -2.7772e+00
725 0 +9.575609046e-04 -1.276790424e+02 -1.276790424e+02 +2.2608e+00 +3.7196e+00 +2.5068e+00 +5.5117e-01 -2.8128e+00
745 0 +6.040229809e-04 -1.276793960e+02 -1.276793960e+02 +2.2660e+00 +3.7365e+00 +2.5056e+00 +5.4696e-01 -2.8097e+00
769 0 +5.131914436e-04 -1.276794868e+02 -1.276794868e+02 +2.2546e+00 +3.7873e+00 +2.5072e+00 +5.5525e-01 -2.8054e+00
775 0 +4.164689491e-04 -1.276795835e+02 -1.276795835e+02 +2.2631e+00 +3.8369e+00 +2.5147e+00 +5.3556e-01 -2.7745e+00
819 0 +3.531365549e-04 -1.276796469e+02 -1.276796469e+02 +2.2719e+00 +3.8499e+00 +2.5300e+00 +5.0536e-01 -2.8078e+00
