% f evaluations | g evaluations | best noise-free fitness - Fopt (-1.694000000000e+01) + sum g_i+ | measured fitness | best measured fitness or single-digit g-values | x1 | x2...
1 0 +1.285945330e+02 +1.116545330e+02 +1.116545330e+02 +5.9671e-01 -3.8264e-02 +7.4769e-01 +1.6230e+00 -1.3415e-01 -1.3414e-01 +1.6792e+00 +8.6743e-01 -3.6947e-01 +6.4256e-01
4 0 +1.244974470e+02 +1.075574470e+02 +1.075574470e+02 -5.0171e-01 +1.9523e+00 +8.6503e-02 -9.5771e-01 +9.2254e-01 -1.1208e+00 +3.0886e-01 -1.8597e+00 -1.2282e+00 +2.9686e-01
5 0 +8.215471805e+01 +6.521471805e+01 +6.521471805e+01 +8.3847e-01 +2.7137e-01 -1.5648e-02 -2.0110e-01 -1.3785e+00 -6.1984e-01 -3.6064e-01 +1.1571e+00 +4.4362e-01 -1.6630e+00
8 0 +6.416805909e+01 +4.722805909e+01 +4.722805909e+01 +4.6140e-01 +1.6380e+00 +6.4174e-02 +1.6646e+00 -2.5197e+00 +9.2190e-01 +1.8705e-01 -1.9901e-01 +1.9176e-01 -1.8876e+00
43 0 +6.142466708e+01 +4.448466708e+01 +4.448466708e+01 +2.1607e+00 +1.8553e+00 -1.4896e-01 +1.0716e+00 +7.4538e-01 +1.4686e+00 -8.6492e-01 +7.8605e-01 +1.1584e+00 -1.6587e+00
55 0 +2.639073379e+01 +9.450733793e+00 +9.450733793e+00 +2.1977e+00 +3.2257e+00 -2.0207e+00 +1.7650e+00 +3.6449e-01 -7.9728e-01 +7.5482e-01 +5.1453e-01 -2.8879e-01 -1.7930e+00
151 0 +2.406726220e+01 +7.127262200e+00 +7.127262200e+00 +3.4595e+00 +4.3705e+00 -2.2659e+00 +9.2997e-01 +7.2593e-01 +7.1136e-03 +2.1886e+00 -1.2016e+00 -2.0555e+00 -4.4147e+00
154 0 +2.296913173e+01 +6.029131729e+00 +6.029131729e+00 +4.2086e+00 +1.4464e+00 -2.6360e+00 +1.7128e+00 +9.0876e-01 +3.7818e-01 +3.2129e+00 -1.3073e+00 -3.0524e+00 -3.2074e+00
193 0 +1.469362554e+01 -2.246374463e+00 -2.246374463e+00 +1.5783e+00 +3.5367e+00 -8.3459e-01 +1.0485e+00 +9.2449e-01 -2.2847e+00 +3.2286e+00 -1.1493e+00 +4.2859e-01 +2.4480e-01
225 0 +1.337035081e+01 -3.569649195e+00 -3.569649195e+00 +4.0710e+00 +2.7472e+00 -1.5231e+00 -8.0821e-01 +3.6582e+00 -1.7802e+00 +2.4784e+00 -3.6998e+00 +4.2021e-01 -9.0894e-01
446 0 +1.282130445e+01 -4.118695549e+00 -4.118695549e+00 +3.7589e+00 +3.3639e+00 -8.5484e-01 +1.4824e+00 +3.1144e+00 -3.4309e+00 +2.8446e+00 -1.7791e+00 -1.4879e+00 -2.0689e+00
452 0 +1.086879938e+01 -6.071200620e+00 -6.071200620e+00 +4.2144e+00 +3.0369e+00 -2.2481e+00 +1.6630e+00 +6.2925e-01 -1.6844e+00 +3.5925e+00 -1.0532e+00 -9.1404e-01 -1.6443e+00
501 0 +6.580253104e+00 -1.035974690e+01 -1.035974690e+01 +3.5166e+00 +2.6042e+00 -1.5302e+00 +1.2567e+00 +1.4045e+00 -1.8435e+00 +3.0826e+00 -1.4513e+00 -5.2438e-01 -2.4481e+00
704 0 +5.177521916e+00 -1.176247808e+01 -1.176247808e+01 +3.5635e+00 +2.5757e+00 -1.4845e+00 +1.1377e+00 +1.0445e+00 -2.3133e+00 +3.6710e+00 -2.4071e+00 +1.2898e-01 -1.6882e+00
754 0 +4.885345761e+00 -1.205465424e+01 -1.205465424e+01 +3.4396e+00 +2.3507e+00 -1.4574e+00 +1.4608e+00 +1.1089e+00 -1.7974e+00 +3.7094e+00 -2.0677e+00 -5.9059e-01 -1.8254e+00
885 0 +4.580127351e+00 -1.235987265e+01 -1.235987265e+01 +3.6889e+00 +2.8412e+00 -6.4039e-01 +1.9586e+00 +5.7697e-01 -1.8475e+00 +3.3042e+00 -1.7590e+00 -1.2983e+00 -2.5793e+00
954 0 +3.460703279e+00 -1.347929672e+01 -1.347929672e+01 +3.8061e+00 +2.5324e+00 -1.4522e+00 +1.3855e+00 +6.0913e-01 -2.1027e+00 +2.9942e+00 -2.1491e+00 -6.8482e-01 -2.1653e+00
963 0 +3.217409511e+00 -1.372259049e+01 -1.372259049e+01 +3.3546e+00 +2.3327e+00 -7.2832e-01 +1.4206e+00 +1.5303e+00 -1.6484e+00 +3.6387e+00 -2.5099e+00 -4.8239e-01 -2.0864e+00
986 0 +3.186130719e+00 -1.375386928e+01 -1.375386928e+01 +3.9976e+00 +2.6869e+00 -1.3147e+00 +1.7908e+00 +7.6209e-01 -1.4816e+00 +3.6178e+00 -1.6980e+00 -3.9988e-01 -1.8771e+00
1003 0 +3.175616596e+00 -1.376438340e+01 -1.376438340e+01 +3.7857e+00 +2.7255e+00 -1.6203e+00 +1.7535e+00 +7.8459e-01 -1.5985e+00 +2.9688e+00 -2.3330e+00 -5.6921e-01 -1.7605e+00
1042 0 +2.933924551e+00 -1.400607545e+01 -1.400607545e+01 +3.7481e+00 +2.2636e+00 -1.9278e+00 +1.0852e+00 +1.4637e+00 -1.7203e+00 +3.2515e+00 -2.2910e+00 -3.7187e-01 -2.0059e+00
1054 0 +1.762462835e+00 -1.517753716e+01 -1.517753716e+01 +3.8023e+00 +2.4581e+00 -1.4335e+00 +1.6668e+00 +1.2490e+00 -1.7936e+00 +3.4757e+00 -2.3832e+00 -4.0494e-01 -1.8324e+00
1258 0 +1.326864187e+00 -1.561313581e+01 -1.561313581e+01 +3.6820e+00 +2.5804e+00 -1.3923e+00 +1.5521e+00 +1.2409e+00 -1.6280e+00 +3.5892e+00 -2.3334e+00 -4.3181e-01 -1.9734e+00
1302 0 +1.161365891e+00 -1.577863411e+01 -1.577863411e+01 +3.8021e+00 +2.5647e+00 -2.1370e+00 +1.1844e+00 +1.3839e+00 -1.9910e+00 +3.4605e+00 -2.5227e+00 -5.2755e-01 -1.8150e+00
1407 0 +1.076524678e+00 -1.586347532e+01 -1.586347532e+01 +3.7492e+00 +2.5656e+00 -1.7934e+00 +1.2610e+00 +1.5435e+00 -1.9937e+00 +3.3589e+00 -2.6049e+00 -4.1015e-01 -1.8974e+00
1457 0 +9.845658709e-01 -1.595543413e+01 -1.595543413e+01 +3.7387e+00 +2.4805e+00 -1.5356e+00 +1.4622e+00 +1.3765e+00 -1.7635e+00 +3.5625e+00 -2.4316e+00 -3.9793e-01 -2.0266e+00
1551 0 +5.077408413e-01 -1.643225916e+01 -1.643225916e+01 +3.6861e+00 +2.5678e+00 -1.4355e+00 +1.5240e+00 +1.3423e+00 -1.8986e+00 +3.4705e+00 -2.3845e+00 -3.8150e-01 -2.0426e+00
1708 0 +5.008404442e-01 -1.643915956e+01 -1.643915956e+01 +3.6044e+00 +2.5202e+00 -1.5116e+00 +1.5015e+00 +1.3007e+00 -1.8897e+00 +3.4260e+00 -2.3345e+00 -3.8474e-01 -2.0296e+00
1716 0 +4.226627607e-01 -1.651733724e+01 -1.651733724e+01 +3.7322e+00 +2.5084e+00 -1.6910e+00 +1.3964e+00 +1.3862e+00 -1.8789e+00 +3.4437e+00 -2.3802e+00 -4.1357e-01 -1.9875e+00
1726 0 +3.851492165e-01 -1.655485078e+01 -1.655485078e+01 +3.6925e+00 +2.5268e+00 -1.6446e+00 +1.4319e+00 +1.4087e+00 -1.9275e+00 +3.4666e+00 -2.4254e+00 -3.7557e-01 -1.9960e+00
1753 0 +3.450717774e-01 -1.659492822e+01 -1.659492822e+01 +3.6786e+00 +2.5031e+00 -1.6298e+00 +1.4575e+00 +1.3659e+00 -1.8603e+00 +3.4345e+00 -2.3592e+00 -3.9585e-01 -1.9791e+00
1791 0 +3.237357828e-01 -1.661626422e+01 -1.661626422e+01 +3.6883e+00 +2.5087e+00 -1.7270e+00 +1.3698e+00 +1.4758e+00 -1.9219e+00 +3.4341e+00 -2.5223e+00 -4.0350e-01 -1.9487e+00
1905 0 +2.617791286e-01 -1.667822087e+01 -1.667822087e+01 +3.7051e+00 +2.5104e+00 -1.6307e+00 +1.4337e+00 +1.4053e+00 -1.9075e+00 +3.4541e+00 -2.3968e+00 -3.9926e-01 -2.0044e+00
1983 0 +1.535144139e-01 -1.678648559e+01 -1.678648559e+01 +3.6832e+00 +2.5548e+00 -1.5795e+00 +1.4554e+00 +1.4209e+00 -1.8835e+00 +3.5058e+00 -2.3646e+00 -4.0998e-01 -2.0133e+00
2365 0 +1.511477566e-01 -1.678885224e+01 -1.678885224e+01 +3.6776e+00 +2.5418e+00 -1.5888e+00 +1.4347e+00 +1.3808e+00 -1.8893e+00 +3.4607e+00 -2.3569e+00 -4.1192e-01 -2.0302e+00
2374 0 +1.178414964e-01 -1.682215850e+01 -1.682215850e+01 +3.6813e+00 +2.5596e+00 -1.5538e+00 +1.4533e+00 +1.3594e+00 -1.8918e+00 +3.4845e+00 -2.3208e+00 -4.1733e-01 -2.0376e+00
2476 0 +1.107699828e-01 -1.682923002e+01 -1.682923002e+01 +3.6573e+00 +2.5537e+00 -1.4683e+00 +1.4888e+00 +1.3522e+00 -1.9050e+00 +3.4999e+00 -2.3244e+00 -3.7425e-01 -2.0422e+00
2485 0 +1.047052232e-01 -1.683529478e+01 -1.683529478e+01 +3.6542e+00 +2.5443e+00 -1.5600e+00 +1.4609e+00 +1.4014e+00 -1.9071e+00 +3.5113e+00 -2.3231e+00 -4.0657e-01 -2.0493e+00
% f evaluations | g evaluations | best noise-free fitness - Fopt (1.881000000000e+01) + sum g_i+ | measured fitness | best measured fitness or single-digit g-values | x1 | x2...
1 0 +3.920605467e+01 +5.801605467e+01 +5.801605467e+01 +5.9671e-01 -3.8264e-02 +7.4769e-01 +1.6230e+00 -1.3415e-01 -1.3414e-01 +1.6792e+00 +8.6743e-01 -3.6947e-01 +6.4256e-01
3 0 +3.889614342e+01 +5.770614342e+01 +5.770614342e+01 +1.5656e+00 -1.2578e-01 +1.6753e-01 -1.3247e+00 -4.4438e-01 +2.1092e-01 -1.0510e+00 +4.7570e-01 -5.0064e-01 -1.9169e-01
4 0 +3.573796686e+01 +5.454796686e+01 +5.454796686e+01 -5.0171e-01 +1.9523e+00 +8.6503e-02 -9.5771e-01 +9.2254e-01 -1.1208e+00 +3.0886e-01 -1.8597e+00 -1.2282e+00 +2.9686e-01
9 0 +3.300541816e+01 +5.181541816e+01 +5.181541816e+01 -1.1967e-01 +4.5711e-01 +1.5779e+00 -4.1827e-01 -7.0849e-01 -4.0176e-01 +1.0154e+00 +4.2875e-01 -4.2976e-01 +6.1327e-01
10 0 +2.293013372e+01 +4.174013372e+01 +4.174013372e+01 +1.9708e-01 +1.0686e+00 -6.0205e-01 -2.2766e-01 -2.9211e-01 -1.3635e+00 +3.9612e-01 +3.6106e-01 +1.0511e-01 -1.3459e-01
16 0 +1.918655397e+01 +3.799655397e+01 +3.799655397e+01 +3.5049e-01 +4.4645e-01 -5.8002e-01 +3.3225e-01 +3.9307e-01 -6.1435e-01 +1.9658e+00 +5.7383e-01 -1.0913e+00 +7.5655e-01
29 0 +1.237787101e+01 +3.118787101e+01 +3.118787101e+01 +2.1352e-01 +7.6213e-01 +1.6860e+00 -1.1378e+00 +2.2330e+00 -1.8521e+00 -5.1785e-02 +6.8832e-01 +3.8099e-01 -5.2270e-01
204 0 +9.194080268e+00 +2.800408027e+01 +2.800408027e+01 -1.3985e-01 +2.4256e+00 -2.2297e+00 +1.1145e+00 +1.5118e+00 -2.9467e+00 -5.8309e-03 +4.7033e-01 -9.3601e-01 +3.5599e+00
329 0 +8.643167271e+00 +2.745316727e+01 +2.745316727e+01 +1.0464e+00 +8.7598e-01 +9.0898e-01 +6.5604e-01 +2.6680e+00 -1.7865e+00 -1.1491e+00 +4.0330e-01 +1.3732e-01 +2.3454e+00
423 0 +7.285786791e+00 +2.609578679e+01 +2.609578679e+01 +5.9146e-01 +1.0936e+00 +2.4375e-01 +4.1961e-02 +1.0995e+00 -2.1125e+00 -5.5097e-01 +6.5282e-01 +5.2411e-01 +3.1290e+00
532 0 +4.411025683e+00 +2.322102568e+01 +2.322102568e+01 -4.8497e-01 +2.5533e+00 -1.8035e+00 +3.8835e-01 +1.9421e+00 -3.5843e+00 +1.2698e+00 +1.0245e+00 -6.2903e-01 +2.4091e+00
686 0 +4.269190580e+00 +2.307919058e+01 +2.307919058e+01 -8.3513e-02 +2.5732e+00 +6.4848e-01 -7.2272e-02 +1.5786e+00 -2.5301e+00 -2.1538e-01 +6.4165e-01 +1.7955e-01 +2.3851e+00
714 0 +3.820808113e+00 +2.263080811e+01 +2.263080811e+01 -4.5528e-01 +1.6440e+00 -6.3499e-01 -4.4209e-01 +1.4680e+00 -1.8736e+00 +6.2275e-01 +7.3087e-01 +3.1089e-01 +3.0324e+00
752 0 +3.580981585e+00 +2.239098159e+01 +2.239098159e+01 -2.1183e-01 +1.8748e+00 -7.7450e-01 -8.1569e-02 +2.0818e+00 -3.3055e+00 +6.9424e-01 +1.4699e-01 +2.2714e-01 +2.6094e+00
761 0 +2.961228871e+00 +2.177122887e+01 +2.177122887e+01 -2.3476e-01 +1.5666e+00 -1.1065e+00 +2.1884e-01 +1.5457e+00 -3.2937e+00 +2.2499e-02 +6.0617e-01 +6.5246e-01 +2.6653e+00
903 0 +2.627754138e+00 +2.143775414e+01 +2.143775414e+01 -2.4415e-01 +2.0053e+00 -8.9383e-01 -1.7598e-02 +1.8013e+00 -3.6006e+00 +2.6357e-01 +2.0619e-01 +3.7554e-01 +2.9936e+00
1054 0 +2.545121293e+00 +2.135512129e+01 +2.135512129e+01 -2.8213e-01 +1.9282e+00 -4.9013e-01 -2.1224e-02 +1.8812e+00 -3.5854e+00 +1.8555e-01 +2.8929e-01 +1.6210e-02 +2.8352e+00
1072 0 +2.350525828e+00 +2.116052583e+01 +2.116052583e+01 -1.4158e-01 +1.7851e+00 -9.4710e-01 -1.5304e-01 +2.0618e+00 -3.4158e+00 +7.1300e-02 +5.1172e-01 +3.7055e-01 +2.1844e+00
1116 0 +2.342017018e+00 +2.115201702e+01 +2.115201702e+01 -1.5819e-01 +1.8303e+00 -1.1082e+00 -2.4654e-02 +1.6452e+00 -3.4400e+00 +4.1418e-01 +2.7276e-01 +2.7146e-01 +2.4471e+00
1117 0 +2.036133092e+00 +2.084613309e+01 +2.084613309e+01 -7.1791e-01 +1.4354e+00 -1.1526e+00 -2.7145e-01 +1.5083e+00 -3.3538e+00 +1.3256e-01 +7.3931e-02 +6.5014e-01 +2.7691e+00
1154 0 +1.826292895e+00 +2.063629290e+01 +2.063629290e+01 -2.6665e-01 +1.8054e+00 -8.5655e-01 +1.3753e-01 +1.8024e+00 -3.3431e+00 -7.2929e-02 +2.8317e-01 +2.7654e-01 +2.3787e+00
1159 0 +1.280295024e+00 +2.009029502e+01 +2.009029502e+01 -3.4537e-01 +1.9670e+00 -1.1527e+00 -3.1699e-02 +1.6062e+00 -3.2908e+00 +5.7026e-01 +4.7208e-01 +2.4051e-01 +2.6078e+00
1201 0 +1.134551681e+00 +1.994455168e+01 +1.994455168e+01 -3.0465e-01 +1.8198e+00 -7.8761e-01 +4.0508e-02 +1.7268e+00 -3.3723e+00 +2.7117e-01 +3.1328e-01 +3.1313e-01 +2.4431e+00
1301 0 +1.076089262e+00 +1.988608926e+01 +1.988608926e+01 -2.2583e-01 +1.7314e+00 -7.3608e-01 +1.1560e-01 +1.6353e+00 -3.2392e+00 +1.9053e-01 +2.5176e-01 +3.0032e-01 +2.5014e+00
1359 0 +8.453392371e-01 +1.965533924e+01 +1.965533924e+01 -2.6538e-01 +1.8288e+00 -8.0962e-01 -2.6131e-02 +1.6419e+00 -3.4271e+00 +8.6400e-02 +3.1800e-01 +4.2671e-01 +2.6095e+00
1478 0 +5.946750461e-01 +1.940467505e+01 +1.940467505e+01 -3.2001e-01 +1.7072e+00 -8.4368e-01 -1.0760e-01 +1.7167e+00 -3.2241e+00 +2.5043e-01 +3.1743e-01 +4.5831e-01 +2.6813e+00
1506 0 +5.636065218e-01 +1.937360652e+01 +1.937360652e+01 -2.1532e-01 +1.7989e+00 -8.6385e-01 -1.6878e-02 +1.6430e+00 -3.2116e+00 +2.1552e-01 +4.2148e-01 +3.1571e-01 +2.6846e+00
1605 0 +4.892853116e-01 +1.929928531e+01 +1.929928531e+01 -2.0872e-01 +1.8453e+00 -8.9892e-01 +3.4385e-02 +1.6577e+00 -3.2587e+00 +2.5935e-01 +3.8326e-01 +3.0601e-01 +2.6190e+00
1665 0 +4.383014533e-01 +1.924830145e+01 +1.924830145e+01 -2.1346e-01 +1.7285e+00 -9.3731e-01 +8.5629e-03 +1.6575e+00 -3.1952e+00 +1.8254e-01 +4.8309e-01 +3.5296e-01 +2.7090e+00
1715 0 +4.251698800e-01 +1.923516988e+01 +1.923516988e+01 -2.8529e-01 +1.6986e+00 -8.4991e-01 -4.2953e-02 +1.6844e+00 -3.2977e+00 +2.1579e-01 +3.2436e-01 +3.5094e-01 +2.6392e+00
1818 0 +3.543775632e-01 +1.916437756e+01 +1.916437756e+01 -2.5603e-01 +1.8229e+00 -9.1751e-01 -2.2595e-02 +1.7299e+00 -3.3974e+00 +2.2840e-01 +4.3281e-01 +3.1221e-01 +2.5852e+00
1904 0 +3.181485300e-01 +1.912814853e+01 +1.912814853e+01 -2.9470e-01 +1.7151e+00 -8.6461e-01 -7.6652e-02 +1.6526e+00 -3.3053e+00 +2.0693e-01 +3.6170e-01 +4.0929e-01 +2.6756e+00
1912 0 +2.962883130e-01 +1.910628831e+01 +1.910628831e+01 -2.2677e-01 +1.7603e+00 -8.4933e-01 +1.3361e-02 +1.7055e+00 -3.2377e+00 +2.1097e-01 +3.5219e-01 +3.6668e-01 +2.6553e+00
1918 0 +2.660897897e-01 +1.907608979e+01 +1.907608979e+01 -2.1203e-01 +1.8060e+00 -8.2299e-01 -3.7058e-03 +1.6841e+00 -3.2430e+00 +2.2106e-01 +3.5592e-01 +3.5867e-01 +2.6668e+00
1932 0 +2.658774369e-01 +1.907587744e+01 +1.907587744e+01 -1.6730e-01 +1.7743e+00 -7.7976e-01 -1.2782e-02 +1.6990e+00 -3.2473e+00 +1.5088e-01 +4.1755e-01 +3.3636e-01 +2.6261e+00
1962 0 +2.453849808e-01 +1.905538498e+01 +1.905538498e+01 -2.1784e-01 +1.8007e+00 -8.0469e-01 -4.7628e-02 +1.7135e+00 -3.2978e+00 +1.9004e-01 +4.0561e-01 +3.6080e-01 +2.6196e+00
2042 0 +2.034093395e-01 +1.901340934e+01 +1.901340934e+01 -2.5862e-01 +1.7470e+00 -8.4510e-01 -6.4428e-02 +1.6963e+00 -3.2681e+00 +2.1711e-01 +3.5345e-01 +4.0178e-01 +2.6672e+00
2047 0 +1.751739110e-01 +1.898517391e+01 +1.898517391e+01 -1.4172e-01 +1.7998e+00 -7.9253e-01 -2.3084e-03 +1.6919e+00 -3.2377e+00 +1.6079e-01 +4.1938e-01 +3.1141e-01 +2.6645e+00
2092 0 +1.670388165e-01 +1.897703882e+01 +1.897703882e+01 -1.6590e-01 +1.7889e+00 -7.9673e-01 -9.6263e-03 +1.6732e+00 -3.2269e+00 +2.0548e-01 +3.8016e-01 +3.5371e-01 +2.7023e+00
2107 0 +1.217157692e-01 +1.893171577e+01 +1.893171577e+01 -1.4125e-01 +1.8507e+00 -7.5482e-01 -1.6180e-03 +1.6951e+00 -3.2552e+00 +1.6012e-01 +4.2838e-01 +3.0527e-01 +2.6523e+00
2208 0 +9.637016783e-02 +1.890637017e+01 +1.890637017e+01 -1.3675e-01 +1.8130e+00 -7.8079e-01 -7.6113e-03 +1.6794e+00 -3.2375e+00 +1.7708e-01 +4.0150e-01 +3.2800e-01 +2.6708e+00
2419 0 +8.546291525e-02 +1.889546292e+01 +1.889546292e+01 -1.9866e-01 +1.7775e+00 -8.3283e-01 -2.8797e-02 +1.6670e+00 -3.2446e+00 +2.1595e-01 +3.8420e-01 +3.6495e-01 +2.6863e+00
2431 0 +8.394228240e-02 +1.889394228e+01 +1.889394228e+01 -2.3828e-01 +1.7648e+00 -8.4871e-01 -4.1164e-02 +1.6814e+00 -3.2628e+00 +2.3308e-01 +3.5452e-01 +3.7731e-01 +2.6590e+00
2451 0 +7.338000469e-02 +1.888338000e+01 +1.888338000e+01 -2.0342e-01 +1.7806e+00 -8.1542e-01 -4.9780e-02 +1.6635e+00 -3.2449e+00 +2.1001e-01 +3.8489e-01 +3.5852e-01 +2.6893e+00
2460 0 +4.809833082e-02 +1.885809833e+01 +1.885809833e+01 -1.8205e-01 +1.7752e+00 -8.1242e-01 -4.3885e-02 +1.6624e+00 -3.2325e+00 +2.0016e-01 +3.7218e-01 +3.7653e-01 +2.7065e+00
% f evaluations | g evaluations | best noise-free fitness - Fopt (2.731500000000e+02) + sum g_i+ | measured fitness | best measured fitness or single-digit g-values | x1 | x2...
1 0 +8.502759335e+01 +3.581775933e+02 +3.581775933e+02 +5.9671e-01 -3.8264e-02 +7.4769e-01 +1.6230e+00 -1.3415e-01 -1.3414e-01 +1.6792e+00 +8.6743e-01 -3.6947e-01 +6.4256e-01
4 0 +5.198835973e+01 +3.251383597e+02 +3.251383597e+02 -5.0171e-01 +1.9523e+00 +8.6503e-02 -9.5771e-01 +9.2254e-01 -1.1208e+00 +3.0886e-01 -1.8597e+00 -1.2282e+00 +2.9686e-01
51 0 +5.106778378e+01 +3.242177838e+02 +3.242177838e+02 -3.3702e-01 +7.9980e-01 -2.3167e+00 +4.0239e-01 +2.0936e+00 -1.1228e+00 +1.0119e+00 -9.2801e-01 -1.4129e+00 +1.6379e+00
53 0 +4.351514799e+01 +3.166651480e+02 +3.166651480e+02 -5.1984e-01 +1.8059e+00 -3.3078e-01 -1.8607e-01 +2.4300e+00 -1.5727e+00 +7.0837e-01 -2.2462e+00 -7.8397e-02 -3.9518e-01
56 0 +3.704086511e+01 +3.101908651e+02 +3.101908651e+02 +8.1890e-01 +4.7242e-01 -1.0794e+00 +5.3064e-01 -2.6109e-01 -1.9270e+00 +1.4905e+00 -3.3922e+00 -1.2190e+00 +1.3382e+00
102 0 +3.689213932e+01 +3.100421393e+02 +3.100421393e+02 -3.5994e-01 +4.4112e+00 -9.6571e-01 -3.1537e-01 +4.5196e-01 -1.6023e+00 +1.0077e+00 -3.4088e+00 +1.1639e+00 -9.8315e-01
105 0 +2.347276380e+01 +2.966227638e+02 +2.966227638e+02 -4.7832e-02 +6.7879e-01 +2.0066e-01 +2.6097e+00 +1.3350e+00 -2.9198e+00 -6.0437e-02 -3.2701e+00 -5.9295e-01 +1.8238e+00
194 0 +1.391428441e+01 +2.870642844e+02 +2.870642844e+02 -3.2118e+00 +3.8053e+00 -1.3310e+00 +9.9749e-01 -1.9048e-01 -2.3600e+00 -2.6618e-01 -2.3539e+00 -5.0597e-01 +4.4558e+00
204 0 +1.365270316e+01 +2.868027032e+02 +2.868027032e+02 -4.1548e+00 +3.0219e+00 +2.0904e-01 +9.0294e-01 +2.5912e+00 -3.3960e+00 -1.7162e+00 -1.3462e+00 -3.5348e+00 +3.0190e+00
374 0 +1.114536635e+01 +2.842953664e+02 +2.842953664e+02 -3.5393e+00 +4.5159e+00 -6.6279e-01 +2.2181e+00 +1.0096e+00 -3.4177e+00 -1.5166e-01 -4.8444e-01 -1.7373e+00 +2.3754e+00
517 0 +9.622522082e+00 +2.827725221e+02 +2.827725221e+02 -2.7532e+00 +3.7681e+00 -6.9365e-01 +1.5785e+00 +3.3305e+00 -3.9703e+00 -1.6729e+00 -1.1206e+00 -1.8737e+00 +2.7144e+00
601 0 +3.534269567e+00 +2.766842696e+02 +2.766842696e+02 -3.5039e+00 +3.4048e+00 -5.0706e-02 +3.2788e+00 +2.2817e+00 -3.9397e+00 -1.0466e+00 -1.1867e+00 -2.2958e+00 +2.7533e+00
856 0 +3.491637038e+00 +2.766416370e+02 +2.766416370e+02 -4.0753e+00 +3.2092e+00 -3.7423e-01 +3.4240e+00 +1.4151e+00 -4.3572e+00 -1.2974e+00 -1.3323e+00 -2.7258e+00 +3.1750e+00
1127 0 +3.286407798e+00 +2.764364078e+02 +2.764364078e+02 -3.6926e+00 +4.3147e+00 -6.9743e-01 +2.1353e+00 +2.2481e+00 -3.6111e+00 -1.0648e+00 -1.1077e+00 -1.7073e+00 +2.9202e+00
1138 0 +3.216103151e+00 +2.763661032e+02 +2.763661032e+02 -2.7095e+00 +4.2884e+00 -1.0650e+00 +2.6836e+00 +1.3521e+00 -4.1147e+00 -7.6368e-01 -6.4188e-01 -2.2647e+00 +3.0657e+00
1171 0 +3.200437725e+00 +2.763504377e+02 +2.763504377e+02 -3.8638e+00 +3.3736e+00 -3.9785e-01 +2.1648e+00 +2.3732e+00 -3.5195e+00 -1.5819e+00 -7.6525e-01 -1.7416e+00 +3.0628e+00
1202 0 +3.046997117e+00 +2.761969971e+02 +2.761969971e+02 -3.2322e+00 +3.7061e+00 -3.4194e-01 +2.2764e+00 +2.5944e+00 -3.8819e+00 -9.6327e-01 -1.2169e+00 -1.8846e+00 +2.9223e+00
1231 0 +2.769555988e+00 +2.759195560e+02 +2.759195560e+02 -3.6204e+00 +3.7674e+00 -4.7584e-01 +3.0866e+00 +2.3499e+00 -4.2367e+00 -1.1150e+00 -9.4889e-01 -2.5517e+00 +3.2518e+00
1245 0 +1.877298655e+00 +2.750272987e+02 +2.750272987e+02 -3.3173e+00 +4.1077e+00 -6.2094e-01 +2.4452e+00 +2.2558e+00 -3.9135e+00 -1.0032e+00 -9.1705e-01 -1.8450e+00 +3.1620e+00
1357 0 +1.596473354e+00 +2.747464734e+02 +2.747464734e+02 -3.5137e+00 +3.8558e+00 -5.2427e-01 +2.5963e+00 +2.0622e+00 -3.8841e+00 -8.2975e-01 -8.4343e-01 -2.0830e+00 +3.4042e+00
1378 0 +1.543676824e+00 +2.746936768e+02 +2.746936768e+02 -3.2179e+00 +4.1251e+00 -8.5429e-01 +2.3760e+00 +2.1823e+00 -3.6267e+00 -7.4534e-01 -6.7543e-01 -1.9289e+00 +3.4553e+00
1408 0 +1.458474505e+00 +2.746084745e+02 +2.746084745e+02 -3.7692e+00 +3.8269e+00 -4.3951e-01 +2.4867e+00 +1.9740e+00 -3.9114e+00 -1.0800e+00 -1.1211e+00 -1.8317e+00 +3.3141e+00
1466 0 +1.365377405e+00 +2.745153774e+02 +2.745153774e+02 -3.6591e+00 +3.4101e+00 -1.0454e-01 +2.5382e+00 +1.8184e+00 -4.1194e+00 -1.0534e+00 -1.0657e+00 -2.0298e+00 +3.1308e+00
1603 0 +1.288659127e+00 +2.744386591e+02 +2.744386591e+02 -3.6254e+00 +3.8947e+00 -5.3013e-01 +2.6547e+00 +1.9262e+00 -3.8230e+00 -1.0961e+00 -1.0451e+00 -1.9225e+00 +3.3868e+00
1613 0 +1.203857692e+00 +2.743538577e+02 +2.743538577e+02 -3.5118e+00 +3.7130e+00 -4.9912e-01 +2.4315e+00 +2.0301e+00 -3.9022e+00 -1.1075e+00 -9.8945e-01 -1.9867e+00 +3.2392e+00
1622 0 +1.092969572e+00 +2.742429696e+02 +2.742429696e+02 -3.4049e+00 +3.7342e+00 -5.2987e-01 +2.5049e+00 +2.0018e+00 -3.9484e+00 -1.2391e+00 -1.0413e+00 -2.0339e+00 +3.2028e+00
1658 0 +8.946272551e-01 +2.740446273e+02 +2.740446273e+02 -3.5579e+00 +3.7331e+00 -4.5237e-01 +2.6128e+00 +2.1224e+00 -4.0840e+00 -1.0664e+00 -8.9826e-01 -2.0241e+00 +3.2337e+00
1751 0 +8.835559535e-01 +2.740335560e+02 +2.740335560e+02 -3.5273e+00 +3.7987e+00 -5.5888e-01 +2.4435e+00 +2.0768e+00 -3.7672e+00 -1.0316e+00 -9.7079e-01 -1.9178e+00 +3.2539e+00
1752 0 +8.810429448e-01 +2.740310429e+02 +2.740310429e+02 -3.4898e+00 +3.8122e+00 -6.0634e-01 +2.5683e+00 +2.0435e+00 -3.9288e+00 -1.1011e+00 -1.0759e+00 -2.0024e+00 +3.1239e+00
1759 0 +7.850391615e-01 +2.739350392e+02 +2.739350392e+02 -3.5996e+00 +3.7655e+00 -4.9788e-01 +2.6808e+00 +2.0890e+00 -4.0356e+00 -1.0504e+00 -9.9296e-01 -2.0341e+00 +3.1513e+00
1771 0 +7.579481054e-01 +2.739079481e+02 +2.739079481e+02 -3.5217e+00 +3.9302e+00 -4.5790e-01 +2.4055e+00 +2.3179e+00 -3.8697e+00 -9.9480e-01 -9.7801e-01 -1.8504e+00 +3.1082e+00
1851 0 +6.926595334e-01 +2.738426595e+02 +2.738426595e+02 -3.4824e+00 +3.8284e+00 -5.2041e-01 +2.4477e+00 +2.0926e+00 -3.8954e+00 -1.0082e+00 -9.6667e-01 -1.9009e+00 +3.2752e+00
1937 0 +5.842961765e-01 +2.737342962e+02 +2.737342962e+02 -3.6404e+00 +3.7156e+00 -4.2742e-01 +2.4507e+00 +2.0650e+00 -3.9654e+00 -9.9421e-01 -1.0362e+00 -1.9642e+00 +3.1585e+00
1987 0 +3.691158210e-01 +2.735191158e+02 +2.735191158e+02 -3.5742e+00 +3.7340e+00 -4.0753e-01 +2.4494e+00 +2.1080e+00 -3.9212e+00 -1.0806e+00 -1.0142e+00 -1.9085e+00 +3.1418e+00
2248 0 +2.979120848e-01 +2.734479121e+02 +2.734479121e+02 -3.5523e+00 +3.7343e+00 -4.4055e-01 +2.4839e+00 +1.9828e+00 -3.9185e+00 -1.0285e+00 -1.0599e+00 -1.9636e+00 +3.1663e+00
2307 0 +2.481925995e-01 +2.733981926e+02 +2.733981926e+02 -3.5562e+00 +3.7560e+00 -4.8612e-01 +2.5434e+00 +1.9512e+00 -3.9094e+00 -1.0238e+00 -1.0416e+00 -1.9574e+00 +3.2418e+00
2372 0 +1.919923386e-01 +2.733419923e+02 +2.733419923e+02 -3.5658e+00 +3.7897e+00 -4.8325e-01 +2.5209e+00 +2.0739e+00 -3.8851e+00 -1.0551e+00 -1.0355e+00 -1.9382e+00 +3.2003e+00
% f evaluations | g evaluations | best noise-free fitness - Fopt (3.718000000000e+01) + sum g_i+ | measured fitness | best measured fitness or single-digit g-values | x1 | x2...
1 0 +8.365132529e+01 +1.208313253e+02 +1.208313253e+02 +5.9671e-01 -3.8264e-02 +7.4769e-01 +1.6230e+00 -1.3415e-01 -1.3414e-01 +1.6792e+00 +8.6743e-01 -3.6947e-01 +6.4256e-01
2 0 +6.726068337e+01 +1.044406834e+02 +1.044406834e+02 -3.6342e-01 -3.6573e-01 +3.4196e-01 -1.8133e+00 -1.6249e+00 -4.6229e-01 -9.1283e-01 +4.1425e-01 -8.0802e-01 -1.3123e+00
3 0 +5.648008176e+01 +9.366008176e+01 +9.366008176e+01 +1.5656e+00 -1.2578e-01 +1.6753e-01 -1.3247e+00 -4.4438e-01 +2.1092e-01 -1.0510e+00 +4.7570e-01 -5.0064e-01 -1.9169e-01
12 0 +4.838140490e+01 +8.556140490e+01 +8.556140490e+01 -1.8188e+00 +7.3486e-02 +1.6023e-01 +2.5632e+00 -9.2361e-02 +4.0155e-01 +6.5288e-02 -1.0687e+00 +1.2428e+00 +8.5193e-01
22 0 +4.756717306e+01 +8.474717306e+01 +8.474717306e+01 +6.7089e-01 +1.2356e+00 +1.0540e+00 +7.5139e-01 -2.1527e-01 +8.5897e-01 -6.7283e-01 -1.3682e-01 -3.8536e-01 +1.8187e-01
25 0 +4.682686845e+01 +8.400686845e+01 +8.400686845e+01 -6.9252e-01 -1.4736e-02 +6.0499e-01 +9.6576e-01 -1.1003e+00 -2.3450e-01 -3.7495e-01 -5.5333e-01 +1.8655e+00 +5.0498e-01
26 0 +2.811197526e+01 +6.529197526e+01 +6.529197526e+01 -1.1609e+00 +1.0179e+00 +2.2222e+00 +1.1325e+00 -1.4194e+00 -3.8423e-01 +1.3669e+00 -6.0767e-01 +5.4382e-01 +8.7463e-01
52 0 +2.248692037e+01 +5.966692037e+01 +5.966692037e+01 -2.4347e+00 +2.8957e+00 +1.3106e+00 +9.9613e-01 -1.9180e+00 +4.5678e-01 -7.6245e-01 -1.8904e+00 +1.3391e+00 +9.7943e-01
102 0 +1.884787483e+01 +5.602787483e+01 +5.602787483e+01 -1.7164e+00 +1.4250e+00 +2.6081e+00 +1.6117e+00 -3.7884e+00 -1.4161e-01 -3.4024e-01 -3.4905e+00 +3.8457e-01 +1.7979e+00
112 0 +1.835582747e+01 +5.553582747e+01 +5.553582747e+01 -2.3661e+00 +1.1019e+00 +1.6787e+00 +2.2762e+00 -2.8633e+00 -2.1275e+00 +1.3333e+00 -2.3133e+00 +1.4345e+00 +2.8238e+00
155 0 +1.710037820e+01 +5.428037820e+01 +5.428037820e+01 -4.6232e+00 +1.7564e+00 +2.1026e+00 +1.2788e+00 -3.1942e+00 -2.8362e+00 -1.2715e+00 -2.0793e+00 -3.3138e+00 +3.8095e+00
182 0 +1.592065096e+01 +5.310065096e+01 +5.310065096e+01 -3.4338e+00 -2.4575e-01 +4.5064e+00 +8.2839e-02 -3.7712e+00 -1.6547e+00 -2.5227e-01 -2.0662e+00 -1.9171e+00 +1.0970e-01
302 0 +1.362118410e+01 +5.080118410e+01 +5.080118410e+01 -3.0195e+00 +1.3327e+00 +5.3158e-01 +2.2632e+00 -3.5686e+00 -2.9615e+00 -2.3695e+00 -3.4352e+00 -1.4508e+00 +3.3358e+00
402 0 +1.028964578e+01 +4.746964578e+01 +4.746964578e+01 -3.1804e+00 +1.7270e+00 +1.6226e+00 +2.8602e+00 -3.6123e+00 -1.1818e+00 -3.8062e-01 -3.9878e+00 -2.2716e+00 +2.9004e+00
522 0 +9.662035260e+00 +4.684203526e+01 +4.684203526e+01 -3.7863e+00 +3.5387e+00 +9.2859e-01 +1.5815e+00 -3.3233e+00 -1.6067e+00 +5.2370e-02 -3.2859e+00 -9.2116e-01 +3.4931e+00
566 0 +8.606735428e+00 +4.578673543e+01 +4.578673543e+01 -4.1335e+00 +3.1326e+00 +1.5830e+00 +1.2025e+00 -3.7069e+00 -2.2227e+00 +9.0500e-01 -2.5918e+00 -4.8163e-01 +2.9075e+00
590 0 +7.766935770e+00 +4.494693577e+01 +4.494693577e+01 -2.9293e+00 +3.0613e+00 +1.7759e+00 +1.8504e+00 -2.6587e+00 -1.4846e+00 +7.1706e-01 -2.9580e+00 +4.3385e-01 +3.2961e+00
614 0 +5.791355438e+00 +4.297135544e+01 +4.297135544e+01 -3.5201e+00 +8.6862e-01 +2.4095e+00 +1.6624e+00 -2.4300e+00 -1.9389e+00 +2.9300e-01 -2.9734e+00 -2.0136e+00 +3.0568e+00
660 0 +5.730121535e+00 +4.291012153e+01 +4.291012153e+01 -4.5801e+00 +1.9140e+00 +1.3821e+00 +1.6530e+00 -4.4312e+00 -2.2363e+00 +5.6183e-01 -2.9843e+00 -1.9443e+00 +2.8512e+00
769 0 +3.841580709e+00 +4.102158071e+01 +4.102158071e+01 -3.8398e+00 +1.9978e+00 +1.7542e+00 +1.6493e+00 -3.4039e+00 -1.5119e+00 +4.6733e-01 -2.8810e+00 -1.4434e+00 +2.3991e+00
901 0 +2.443898694e+00 +3.962389869e+01 +3.962389869e+01 -3.8398e+00 +2.3962e+00 +2.0340e+00 +1.5405e+00 -3.7740e+00 -1.6366e+00 +5.0222e-01 -2.9020e+00 -1.4520e+00 +3.3630e+00
1005 0 +2.349854031e+00 +3.952985403e+01 +3.952985403e+01 -3.8676e+00 +2.2004e+00 +2.2247e+00 +1.4588e+00 -3.4645e+00 -1.3182e+00 +4.5452e-01 -2.7876e+00 -1.5621e+00 +3.2538e+00
1065 0 +2.199550714e+00 +3.937955071e+01 +3.937955071e+01 -4.0028e+00 +2.0796e+00 +2.2179e+00 +1.5177e+00 -3.3934e+00 -1.3544e+00 -5.8991e-02 -2.9574e+00 -1.4855e+00 +2.9184e+00
1157 0 +1.827693437e+00 +3.900769344e+01 +3.900769344e+01 -3.9564e+00 +1.7349e+00 +1.9307e+00 +1.7066e+00 -3.3557e+00 -1.3075e+00 -3.8558e-02 -3.1564e+00 -1.7131e+00 +2.9649e+00
1217 0 +1.648184689e+00 +3.882818469e+01 +3.882818469e+01 -3.8854e+00 +2.0530e+00 +1.6304e+00 +1.8751e+00 -3.7963e+00 -1.9520e+00 +6.8386e-01 -3.1654e+00 -1.9091e+00 +3.1511e+00
1281 0 +1.627654176e+00 +3.880765418e+01 +3.880765418e+01 -4.0607e+00 +1.7662e+00 +2.2404e+00 +1.5264e+00 -3.3473e+00 -1.1336e+00 +5.6147e-01 -3.3110e+00 -1.9822e+00 +2.4796e+00
1310 0 +1.511156006e+00 +3.869115601e+01 +3.869115601e+01 -3.8688e+00 +1.8787e+00 +1.9567e+00 +1.8025e+00 -3.5806e+00 -1.2613e+00 +5.5300e-01 -3.2718e+00 -1.5227e+00 +2.9102e+00
1355 0 +1.196573961e+00 +3.837657396e+01 +3.837657396e+01 -4.0104e+00 +1.8897e+00 +1.9944e+00 +1.6068e+00 -3.6745e+00 -1.6387e+00 +4.0825e-01 -3.2335e+00 -2.0029e+00 +2.9887e+00
1424 0 +1.127780297e+00 +3.830778030e+01 +3.830778030e+01 -3.9209e+00 +1.8163e+00 +1.8226e+00 +1.6506e+00 -3.5386e+00 -1.4335e+00 +4.1575e-01 -3.3198e+00 -1.8551e+00 +2.8064e+00
1470 0 +1.100359464e+00 +3.828035946e+01 +3.828035946e+01 -3.8363e+00 +1.6612e+00 +1.5785e+00 +1.8620e+00 -3.5028e+00 -1.4196e+00 +4.5128e-01 -3.3008e+00 -1.7953e+00 +2.7901e+00
1549 0 +1.022235802e+00 +3.820223580e+01 +3.820223580e+01 -3.8177e+00 +1.7777e+00 +1.7904e+00 +1.8255e+00 -3.4326e+00 -1.5927e+00 +4.9640e-01 -3.1337e+00 -1.6626e+00 +2.8303e+00
1560 0 +6.528473036e-01 +3.783284730e+01 +3.783284730e+01 -3.8614e+00 +1.9620e+00 +1.8485e+00 +1.7456e+00 -3.4997e+00 -1.4543e+00 +4.8097e-01 -3.2731e+00 -1.7506e+00 +2.9113e+00
1614 0 +6.495300270e-01 +3.782953003e+01 +3.782953003e+01 -3.8795e+00 +1.9817e+00 +2.0325e+00 +1.6505e+00 -3.5280e+00 -1.3730e+00 +2.8815e-01 -3.2225e+00 -1.8027e+00 +2.9403e+00
1764 0 +4.257637819e-01 +3.760576378e+01 +3.760576378e+01 -3.9929e+00 +2.0886e+00 +2.1389e+00 +1.5106e+00 -3.5905e+00 -1.2562e+00 +4.0471e-01 -3.4154e+00 -1.8652e+00 +3.1221e+00
1961 0 +4.155536154e-01 +3.759555362e+01 +3.759555362e+01 -3.8582e+00 +2.1250e+00 +2.0636e+00 +1.5973e+00 -3.5270e+00 -1.2770e+00 +4.0296e-01 -3.3739e+00 -1.7496e+00 +3.0753e+00
2014 0 +3.884754654e-01 +3.756847547e+01 +3.756847547e+01 -3.9153e+00 +1.9772e+00 +2.0782e+00 +1.6361e+00 -3.5493e+00 -1.2259e+00 +3.2137e-01 -3.4281e+00 -1.8916e+00 +3.0116e+00
2050 0 +3.453607144e-01 +3.752536071e+01 +3.752536071e+01 -3.8707e+00 +2.0060e+00 +2.0191e+00 +1.6000e+00 -3.5584e+00 -1.2588e+00 +3.6689e-01 -3.3429e+00 -1.7370e+00 +2.9428e+00
2104 0 +3.159601970e-01 +3.749596020e+01 +3.749596020e+01 -3.9147e+00 +2.1233e+00 +2.0777e+00 +1.5926e+00 -3.5293e+00 -1.2535e+00 +3.3665e-01 -3.3977e+00 -1.8080e+00 +3.0461e+00
2151 0 +2.846328023e-01 +3.746463280e+01 +3.746463280e+01 -3.8788e+00 +2.0842e+00 +2.0647e+00 +1.6239e+00 -3.5097e+00 -1.2209e+00 +3.4954e-01 -3.3650e+00 -1.7383e+00 +3.0267e+00
2229 0 +2.701325079e-01 +3.745013251e+01 +3.745013251e+01 -3.8684e+00 +2.0521e+00 +2.0279e+00 +1.6025e+00 -3.5138e+00 -1.2173e+00 +3.5363e-01 -3.4086e+00 -1.7314e+00 +3.0000e+00
2353 0 +1.745611915e-01 +3.735456119e+01 +3.735456119e+01 -3.8571e+00 +2.0849e+00 +2.0192e+00 +1.6136e+00 -3.5067e+00 -1.2909e+00 +4.1957e-01 -3.3173e+00 -1.7049e+00 +3.0497e+00
2414 0 +1.558511960e-01 +3.733585120e+01 +3.733585120e+01 -3.8934e+00 +2.0400e+00 +1.9977e+00 +1.6301e+00 -3.5247e+00 -1.2998e+00 +3.6316e-01 -3.3432e+00 -1.7393e+00 +3.0406e+00
2468 0 +1.488479310e-01 +3.732884793e+01 +3.732884793e+01 -3.8723e+00 +1.9928e+00 +1.9445e+00 +1.6543e+00 -3.5047e+00 -1.2988e+00 +4.1016e-01 -3.3520e+00 -1.7360e+00 +2.9717e+00
% f evaluations | g evaluations | best noise-free fitness - Fopt (-1.479000000000e+02) + sum g_i+ | measured fitness | best measured fitness or single-digit g-values | x1 | x2...
1 0 +3.116887320e+01 -1.167311268e+02 -1.167311268e+02 +5.9671e-01 -3.8264e-02 +7.4769e-01 +1.6230e+00 -1.3415e-01 -1.3414e-01 +1.6792e+00 +8.6743e-01 -3.6947e-01 +6.4256e-01
2 0 +2.090232876e+01 -1.269976712e+02 -1.269976712e+02 -3.6342e-01 -3.6573e-01 +3.4196e-01 -1.8133e+00 -1.6249e+00 -4.6229e-01 -9.1283e-01 +4.1425e-01 -8.0802e-01 -1.3123e+00
9 0 +2.057829552e+01 -1.273217045e+02 -1.273217045e+02 -1.1967e-01 +4.5711e-01 +1.5779e+00 -4.1827e-01 -7.0849e-01 -4.0176e-01 +1.0154e+00 +4.2875e-01 -4.2976e-01 +6.1327e-01
20 0 +1.805115423e+01 -1.298488458e+02 -1.298488458e+02 -3.4651e-01 +9.5640e-01 +3.1409e-01 -1.1457e+00 +2.7318e-01 +4.8532e-01 -7.8386e-01 +2.5373e-01 +1.5821e-01 -1.0430e+00
37 0 +1.665151451e+01 -1.312484855e+02 -1.312484855e+02 +6.1935e-01 +1.6327e+00 -8.7601e-03 +5.0171e-01 +7.9014e-01 -3.0122e-01 +3.2409e-01 +1.1259e-01 +1.9768e-01 -6.7301e-01
56 0 +1.401497330e+01 -1.338850267e+02 -1.338850267e+02 -2.3072e-01 +1.3341e+00 -2.4542e-01 -1.5789e+00 -1.2077e+00 +9.0683e-01 -1.1954e+00 +1.1081e+00 -1.2781e+00 -1.6847e-01
104 0 +1.400633173e+01 -1.338936683e+02 -1.338936683e+02 -1.2334e+00 +1.9598e+00 +1.1018e+00 +9.8531e-01 +3.9324e-02 +6.5078e-01 +1.3796e+00 +1.6806e-01 +1.2329e+00 -1.0037e+00
112 0 +1.288549174e+01 -1.350145083e+02 -1.350145083e+02 +2.1902e-01 +1.0724e+00 +1.4602e+00 -1.3382e+00 -1.3481e-01 +1.5880e+00 -4.0145e-01 -9.0320e-01 -1.5346e+00 -1.7445e+00
274 0 +1.210205509e+01 -1.357979449e+02 -1.357979449e+02 -2.7300e-01 +1.3213e+00 +2.1295e+00 -3.1229e-01 -2.8721e-01 +1.5309e+00 -5.3079e-01 -1.7533e+00 -1.3610e+00 -1.2862e-01
302 0 +1.136407115e+01 -1.365359288e+02 -1.365359288e+02 -6.6407e-01 +1.7596e+00 +1.3875e+00 -2.2724e+00 -2.1043e-01 +1.1213e+00 -5.5077e-01 -1.4547e+00 -1.7789e+00 -1.5679e+00
303 0 +1.128077017e+01 -1.366192298e+02 -1.366192298e+02 -9.2833e-01 +9.3714e-01 +2.5235e+00 -2.1997e+00 +2.8066e-01 +1.5159e+00 -1.2067e+00 -1.9212e+00 -1.2579e+00 -9.2023e-02
381 0 +6.102385714e+00 -1.417976143e+02 -1.417976143e+02 -4.6859e-01 +1.7879e+00 +2.6990e+00 -1.7051e+00 +1.3428e+00 +5.3580e-01 -1.1217e+00 -4.0824e-01 -5.5768e-01 -4.4977e-01
659 0 +5.197226410e+00 -1.427027736e+02 -1.427027736e+02 -1.2666e+00 +3.1679e-01 +1.5798e+00 -1.6132e+00 -2.7905e+00 +1.1525e+00 -1.3355e+00 -2.4241e+00 -2.3742e+00 +2.8728e-01
855 0 +3.446744522e+00 -1.444532555e+02 -1.444532555e+02 -1.2793e+00 -1.5612e-01 +1.2257e+00 -2.5175e+00 -4.0230e+00 +1.3647e+00 -1.5288e+00 -1.9522e+00 -4.0476e+00 +1.2316e+00
988 0 +3.006127797e+00 -1.448938722e+02 -1.448938722e+02 -1.7644e+00 +3.3633e-01 +9.4667e-01 -1.4769e+00 -3.0125e+00 +1.5087e+00 -1.6816e+00 -1.8931e+00 -3.6726e+00 +2.0186e+00
1061 0 +2.768715474e+00 -1.451312845e+02 -1.451312845e+02 -1.2765e+00 +5.2580e-01 +1.6490e+00 -1.9409e+00 -3.2820e+00 +1.6091e+00 -1.7547e+00 -2.7106e+00 -3.4884e+00 +1.3082e+00
1111 0 +2.345685300e+00 -1.455543147e+02 -1.455543147e+02 -1.1070e+00 +1.1234e-01 +6.0283e-01 -2.4205e+00 -3.3994e+00 +1.6480e+00 -1.7515e+00 -2.3633e+00 -4.1069e+00 +1.4656e+00
1158 0 +1.213334806e+00 -1.466866652e+02 -1.466866652e+02 -1.4384e+00 +8.8603e-02 +9.9370e-01 -1.7826e+00 -3.3635e+00 +1.5297e+00 -1.4248e+00 -2.2477e+00 -3.6267e+00 +1.6228e+00
1378 0 +9.247705468e-01 -1.469752295e+02 -1.469752295e+02 -1.7281e+00 +1.5800e-01 +1.2314e+00 -2.0087e+00 -2.7473e+00 +1.4107e+00 -1.3792e+00 -2.3053e+00 -3.5071e+00 +1.6426e+00
1506 0 +8.342510449e-01 -1.470657490e+02 -1.470657490e+02 -1.5572e+00 +4.7734e-02 +1.1218e+00 -2.0001e+00 -3.0198e+00 +1.4112e+00 -1.5151e+00 -2.2168e+00 -3.7843e+00 +1.6452e+00
1529 0 +8.156330642e-01 -1.470843669e+02 -1.470843669e+02 -1.7545e+00 +1.1208e-02 +1.1650e+00 -2.0188e+00 -3.2379e+00 +1.3950e+00 -1.5364e+00 -2.4367e+00 -3.8445e+00 +1.8313e+00
1569 0 +6.652916643e-01 -1.472347083e+02 -1.472347083e+02 -1.6321e+00 +8.0377e-02 +1.0978e+00 -1.6949e+00 -3.0935e+00 +1.5827e+00 -1.5405e+00 -2.3376e+00 -3.7156e+00 +1.7603e+00
1708 0 +5.746823373e-01 -1.473253177e+02 -1.473253177e+02 -1.6738e+00 +9.2248e-03 +1.1636e+00 -2.0723e+00 -3.4418e+00 +1.5347e+00 -1.6161e+00 -2.3919e+00 -3.9824e+00 +1.8612e+00
1808 0 +4.796799253e-01 -1.474203201e+02 -1.474203201e+02 -1.6927e+00 +1.9371e-01 +1.1616e+00 -1.9426e+00 -3.1508e+00 +1.5253e+00 -1.6414e+00 -2.3197e+00 -3.8289e+00 +1.7453e+00
1810 0 +3.970238632e-01 -1.475029761e+02 -1.475029761e+02 -1.7293e+00 +8.6914e-02 +1.1748e+00 -1.9956e+00 -3.2025e+00 +1.5623e+00 -1.6380e+00 -2.3756e+00 -3.8165e+00 +1.8502e+00
1857 0 +3.417024352e-01 -1.475582976e+02 -1.475582976e+02 -1.6823e+00 +9.8411e-02 +1.1646e+00 -1.9943e+00 -3.1049e+00 +1.4574e+00 -1.6044e+00 -2.2962e+00 -3.7651e+00 +1.7836e+00
1918 0 +3.375909663e-01 -1.475624090e+02 -1.475624090e+02 -1.6818e+00 +8.1088e-02 +1.1690e+00 -2.0038e+00 -3.2114e+00 +1.4675e+00 -1.6051e+00 -2.3594e+00 -3.8027e+00 +1.8105e+00
1963 0 +3.290320555e-01 -1.475709679e+02 -1.475709679e+02 -1.6951e+00 +1.0062e-01 +1.1111e+00 -2.0705e+00 -3.2480e+00 +1.4817e+00 -1.6246e+00 -2.3322e+00 -3.8202e+00 +1.7683e+00
1989 0 +3.027301370e-01 -1.475972699e+02 -1.475972699e+02 -1.6354e+00 +7.3135e-02 +1.1090e+00 -2.0506e+00 -3.2008e+00 +1.4534e+00 -1.6049e+00 -2.2811e+00 -3.8270e+00 +1.7896e+00
2052 0 +2.812820673e-01 -1.476187179e+02 -1.476187179e+02 -1.6955e+00 +1.0215e-01 +1.1544e+00 -2.0358e+00 -3.2595e+00 +1.4903e+00 -1.6181e+00 -2.3599e+00 -3.8195e+00 +1.7672e+00
2119 0 +2.397235005e-01 -1.476602765e+02 -1.476602765e+02 -1.7140e+00 +6.4722e-02 +1.1283e+00 -2.0412e+00 -3.1665e+00 +1.4223e+00 -1.5952e+00 -2.2620e+00 -3.7934e+00 +1.7887e+00
2167 0 +2.219653348e-01 -1.476780347e+02 -1.476780347e+02 -1.6750e+00 +1.2021e-01 +1.1160e+00 -2.0208e+00 -3.1764e+00 +1.4698e+00 -1.6061e+00 -2.2664e+00 -3.7625e+00 +1.7745e+00
2198 0 +1.975725967e-01 -1.477024274e+02 -1.477024274e+02 -1.7411e+00 +1.0636e-01 +1.1552e+00 -2.0052e+00 -3.1407e+00 +1.4642e+00 -1.5971e+00 -2.3020e+00 -3.7567e+00 +1.7781e+00
2207 0 +1.790369728e-01 -1.477209630e+02 -1.477209630e+02 -1.7004e+00 +7.0666e-02 +1.1144e+00 -2.0350e+00 -3.2295e+00 +1.4665e+00 -1.6170e+00 -2.2877e+00 -3.8362e+00 +1.7863e+00
2262 0 +1.742166319e-01 -1.477257834e+02 -1.477257834e+02 -1.6425e+00 +1.2629e-01 +1.0912e+00 -2.0367e+00 -3.1513e+00 +1.4635e+00 -1.6025e+00 -2.2537e+00 -3.8125e+00 +1.7270e+00
2371 0 +1.723843320e-01 -1.477276157e+02 -1.477276157e+02 -1.6903e+00 +1.2006e-01 +1.1318e+00 -2.0475e+00 -3.1186e+00 +1.4526e+00 -1.6198e+00 -2.2506e+00 -3.8034e+00 +1.7761e+00
2406 0 +1.636445704e-01 -1.477363554e+02 -1.477363554e+02 -1.6839e+00 +8.6446e-02 +1.1145e+00 -2.0481e+00 -3.2119e+00 +1.4828e+00 -1.6177e+00 -2.3119e+00 -3.8289e+00 +1.7828e+00
2407 0 +1.153057840e-01 -1.477846942e+02 -1.477846942e+02 -1.7092e+00 +1.1747e-01 +1.1271e+00 -2.0244e+00 -3.1125e+00 +1.4594e+00 -1.6092e+00 -2.2551e+00 -3.7601e+00 +1.7526e+00
% f evaluations | g evaluations | best noise-free fitness - Fopt (4.817100000000e+02) + sum g_i+ | measured fitness | best measured fitness or single-digit g-values | x1 | x2...
1 0 +8.102514800e+01 +5.627351480e+02 +5.627351480e+02 +5.9671e-01 -3.8264e-02 +7.4769e-01 +1.6230e+00 -1.3415e-01 -1.3414e-01 +1.6792e+00 +8.6743e-01 -3.6947e-01 +6.4256e-01
6 0 +3.891937011e+01 +5.206293701e+02 +5.206293701e+02 +4.2408e-01 -2.8508e-01 -5.7692e-01 +7.1168e-01 +1.1310e+00 +1.0313e+00 -7.3922e-01 -2.0921e-01 +4.3126e-01 +1.0755e+00
51 0 +2.979337321e+01 +5.115033732e+02 +5.115033732e+02 +1.6352e+00 -3.3879e-01 -1.8834e+00 +3.0039e+00 +1.6148e+00 +1.7817e+00 +9.8971e-01 +4.9920e-01 +1.3205e+00 -5.6856e-01
57 0 +2.820829677e+01 +5.099182968e+02 +5.099182968e+02 +1.8255e-01 -1.8176e+00 -9.4310e-01 +1.3202e+00 +1.0745e+00 -6.8118e-01 +7.5657e-01 -3.7751e-01 +4.7495e-01 +1.0904e+00
64 0 +2.751982349e+01 +5.092298235e+02 +5.092298235e+02 +2.1695e+00 -1.5550e+00 -1.9667e+00 +7.2677e-01 +1.6374e+00 -1.6583e+00 +2.3712e-02 -2.0451e-01 +1.0997e+00 -6.1275e-01
85 0 +2.602781001e+01 +5.077378100e+02 +5.077378100e+02 +2.9417e-01 -2.4381e+00 -6.9202e-01 +3.0683e+00 +1.3362e+00 -1.0059e+00 -1.0949e+00 +6.8958e-01 -7.9061e-01 -4.5496e-01
105 0 +2.012290178e+01 +5.018329018e+02 +5.018329018e+02 +2.2549e+00 -1.7023e+00 -2.2522e+00 +3.8326e+00 +5.7046e-01 +2.2135e+00 +6.4025e-01 +1.6473e+00 -1.2459e+00 -6.4904e-01
138 0 +1.612363101e+01 +4.978336310e+02 +4.978336310e+02 +1.9672e+00 -2.4763e+00 -3.4555e+00 +9.5522e-01 -3.2452e-01 -5.9903e-02 +1.9116e+00 +4.4656e-02 -2.3770e+00 -3.6051e-01
156 0 +1.117797704e+01 +4.928879770e+02 +4.928879770e+02 +1.3163e+00 -4.3388e+00 -4.6520e+00 +3.7403e+00 +8.9692e-02 -7.1586e-02 +4.7677e-01 +2.3299e-02 -4.3645e-01 -1.6066e+00
389 0 +1.083373710e+01 +4.925437371e+02 +4.925437371e+02 +1.7639e+00 -2.8310e+00 -3.6163e+00 -9.4991e-01 -1.9660e-01 +3.7737e-01 +1.0560e+00 -3.7863e-01 +2.7002e-01 +2.0412e+00
451 0 +9.960992862e+00 +4.916709929e+02 +4.916709929e+02 +6.2608e-01 -3.6379e+00 -3.2674e+00 +2.1794e+00 +1.4443e+00 -1.4614e+00 -7.2056e-01 -2.1422e+00 -2.8109e+00 +5.6475e-01
531 0 +8.618598236e+00 +4.903285982e+02 +4.903285982e+02 +1.0302e+00 -3.2158e+00 -3.7953e+00 +2.9172e+00 +4.5156e-01 -6.0660e-01 -1.0709e-01 -6.3208e-01 -1.9027e+00 -4.2273e-01
605 0 +7.475501961e+00 +4.891855020e+02 +4.891855020e+02 +1.6364e+00 -3.6389e+00 -3.2925e+00 +2.4564e+00 -1.1438e-01 -3.6955e-01 +7.6080e-01 -1.1694e+00 -1.9780e+00 -6.4532e-01
617 0 +4.392121297e+00 +4.861021213e+02 +4.861021213e+02 +1.2218e+00 -2.6069e+00 -2.4441e+00 +2.5038e+00 -3.5173e-01 +3.9137e-02 +1.6091e+00 -2.1251e+00 -6.0297e-01 +1.1710e+00
630 0 +3.911992982e+00 +4.856219930e+02 +4.856219930e+02 +9.9331e-01 -2.7944e+00 -3.2741e+00 +2.6130e+00 -7.0636e-01 -8.9644e-01 +2.6855e-01 -1.7098e+00 -1.7979e+00 +7.6423e-01
910 0 +3.124867310e+00 +4.848348673e+02 +4.848348673e+02 +9.8203e-01 -3.0289e+00 -2.5160e+00 +2.7230e+00 -2.0318e-01 -7.9382e-01 +2.3863e-01 -1.3865e+00 -1.7232e+00 +7.8061e-01
917 0 +1.460452252e+00 +4.831704523e+02 +4.831704523e+02 +1.0566e+00 -2.9890e+00 -2.5858e+00 +2.9862e+00 -4.0743e-01 -7.9889e-01 +3.8194e-01 -1.5008e+00 -1.9027e+00 +5.6718e-01
1156 0 +1.396659492e+00 +4.831066595e+02 +4.831066595e+02 +1.1935e+00 -3.0587e+00 -2.8053e+00 +2.7080e+00 -5.2674e-01 -6.3198e-01 +7.2383e-01 -1.4567e+00 -1.8446e+00 +6.4828e-01
1213 0 +1.331223456e+00 +4.830412235e+02 +4.830412235e+02 +1.0174e+00 -3.1701e+00 -3.0488e+00 +2.9294e+00 -1.4119e-01 -8.7685e-01 +4.7128e-01 -1.4629e+00 -1.8873e+00 +5.9763e-01
1282 0 +8.920650312e-01 +4.826020650e+02 +4.826020650e+02 +1.0954e+00 -3.0132e+00 -2.7520e+00 +2.9290e+00 -3.9811e-01 -7.4369e-01 +6.2450e-01 -1.5079e+00 -1.7673e+00 +7.6455e-01
1317 0 +7.901204929e-01 +4.825001205e+02 +4.825001205e+02 +1.0816e+00 -3.0127e+00 -2.9634e+00 +2.7301e+00 -3.6372e-01 -8.7305e-01 +8.3899e-01 -1.5937e+00 -1.8333e+00 +7.0223e-01
1406 0 +7.526614796e-01 +4.824626615e+02 +4.824626615e+02 +1.0822e+00 -2.8775e+00 -2.9476e+00 +2.8470e+00 -3.9319e-01 -7.5727e-01 +7.0582e-01 -1.4324e+00 -1.9128e+00 +6.6509e-01
1407 0 +7.321462828e-01 +4.824421463e+02 +4.824421463e+02 +1.0848e+00 -3.0500e+00 -2.8589e+00 +2.7997e+00 -3.1771e-01 -9.3711e-01 +5.9357e-01 -1.4544e+00 -2.0097e+00 +6.6211e-01
1503 0 +7.204724413e-01 +4.824304724e+02 +4.824304724e+02 +1.0351e+00 -2.9173e+00 -2.7668e+00 +2.7805e+00 -3.8587e-01 -8.6769e-01 +6.4709e-01 -1.4915e+00 -1.8314e+00 +6.4825e-01
1505 0 +6.440685987e-01 +4.823540686e+02 +4.823540686e+02 +1.1124e+00 -2.9683e+00 -2.8525e+00 +2.7141e+00 -3.8152e-01 -8.2499e-01 +6.5020e-01 -1.5501e+00 -1.8705e+00 +7.4564e-01
1513 0 +5.751009670e-01 +4.822851010e+02 +4.822851010e+02 +1.0468e+00 -3.0518e+00 -2.8596e+00 +2.7834e+00 -3.6159e-01 -9.7374e-01 +6.3576e-01 -1.5091e+00 -1.9950e+00 +6.9237e-01
1572 0 +5.726084155e-01 +4.822826084e+02 +4.822826084e+02 +1.1054e+00 -2.8916e+00 -2.8623e+00 +2.8042e+00 -4.0027e-01 -8.7181e-01 +7.2793e-01 -1.4269e+00 -1.8406e+00 +7.2377e-01
1605 0 +4.888556479e-01 +4.821988556e+02 +4.821988556e+02 +1.1716e+00 -2.9622e+00 -2.9026e+00 +2.7972e+00 -4.2809e-01 -7.9458e-01 +8.0139e-01 -1.4264e+00 -1.9336e+00 +7.0982e-01
1665 0 +4.860774895e-01 +4.821960775e+02 +4.821960775e+02 +1.1345e+00 -2.9552e+00 -2.8319e+00 +2.9034e+00 -4.7352e-01 -8.8763e-01 +7.8212e-01 -1.4429e+00 -2.0649e+00 +6.3487e-01
1703 0 +4.250541132e-01 +4.821350541e+02 +4.821350541e+02 +1.1642e+00 -3.0098e+00 -2.8608e+00 +2.6567e+00 -5.0983e-01 -8.2987e-01 +7.6682e-01 -1.5055e+00 -1.8557e+00 +7.7924e-01
1806 0 +3.618884162e-01 +4.820718884e+02 +4.820718884e+02 +1.0990e+00 -2.9768e+00 -2.7892e+00 +2.8728e+00 -4.5733e-01 -8.4698e-01 +7.5200e-01 -1.5069e+00 -1.9449e+00 +6.5449e-01
1871 0 +2.950562545e-01 +4.820050563e+02 +4.820050563e+02 +1.1518e+00 -2.9943e+00 -2.8235e+00 +2.7695e+00 -4.5244e-01 -8.6233e-01 +7.6094e-01 -1.4139e+00 -2.0057e+00 +6.7740e-01
1956 0 +2.771103578e-01 +4.819871104e+02 +4.819871104e+02 +1.1299e+00 -2.9958e+00 -2.8721e+00 +2.8363e+00 -4.4606e-01 -8.3718e-01 +6.7639e-01 -1.5077e+00 -1.8893e+00 +6.3104e-01
2001 0 +2.122249941e-01 +4.819222250e+02 +4.819222250e+02 +1.0935e+00 -2.9942e+00 -2.8876e+00 +2.9318e+00 -3.6294e-01 -8.5284e-01 +5.9246e-01 -1.5333e+00 -1.8609e+00 +5.6085e-01
2202 0 +1.559921892e-01 +4.818659922e+02 +4.818659922e+02 +1.0773e+00 -3.0016e+00 -2.8558e+00 +2.9174e+00 -3.7683e-01 -8.7546e-01 +6.5689e-01 -1.5223e+00 -1.9084e+00 +6.0887e-01
2352 0 +1.227969010e-01 +4.818327969e+02 +4.818327969e+02 +1.0813e+00 -3.0039e+00 -2.9033e+00 +2.9060e+00 -3.8741e-01 -8.7468e-01 +6.8216e-01 -1.5476e+00 -1.8906e+00 +5.8796e-01
% f evaluations | g evaluations | best noise-free fitness - Fopt (-3.646000000000e+01) + sum g_i+ | measured fitness | best measured fitness or single-digit g-values | x1 | x2...
1 0 +1.451125285e+02 +1.086525285e+02 +1.086525285e+02 +5.9671e-01 -3.8264e-02 +7.4769e-01 +1.6230e+00 -1.3415e-01 -1.3414e-01 +1.6792e+00 +8.6743e-01 -3.6947e-01 +6.4256e-01
7 0 +1.389135016e+02 +1.024535016e+02 +1.024535016e+02 -3.7917e-01 -8.5659e-02 -1.0063e+00 -1.0962e+00 +9.1253e-01 +1.4562e+00 +2.7990e-02 +1.1035e+00 +4.6164e-01 -5.4512e-01
11 0 +7.588826061e+01 +3.942826061e+01 +3.942826061e+01 -1.3154e+00 -3.2065e-01 -2.4271e-01 -7.0228e-01 -6.1286e-02 +5.0405e-01 +1.9862e+00 +2.7458e-01 +3.5755e-01 +2.5554e-02
42 0 +6.961415182e+01 +3.315415182e+01 +3.315415182e+01 +8.1161e-01 -1.0246e+00 -1.4341e+00 +1.3777e+00 +4.3231e-01 -6.4849e-01 +1.6512e+00 +2.1567e-01 +1.2793e+00 +1.6752e-01
52 0 +6.875519813e+01 +3.229519813e+01 +3.229519813e+01 -2.4060e+00 -1.8194e+00 -2.7181e+00 +1.4259e+00 -8.7563e-01 +8.8444e-02 +2.3885e+00 +2.2830e-01 +8.4358e-01 -7.3922e-01
55 0 +4.499414269e+01 +8.534142687e+00 +8.534142687e+00 -1.3882e+00 -1.0258e+00 -6.8228e-01 +2.0371e+00 +1.5577e+00 +1.3936e+00 +2.5976e+00 +8.9326e-01 -4.8466e-01 -2.3590e-01
77 0 +4.004810832e+01 +3.588108318e+00 +3.588108318e+00 +2.1654e+00 -2.2380e+00 -1.9175e+00 +1.4338e+00 -2.1485e-01 +1.7475e+00 +2.1981e+00 +3.0378e+00 +1.3209e+00 +8.1771e-01
156 0 +3.848373430e+01 +2.023734297e+00 +2.023734297e+00 +1.7915e+00 -3.5855e+00 -3.4646e+00 +3.2404e+00 +1.6614e-01 +1.0326e+00 +1.4969e+00 +3.2749e+00 +1.5967e+00 -2.9752e-02
157 0 +2.289682084e+01 -1.356317916e+01 -1.356317916e+01 -1.5484e+00 -4.5755e+00 -2.1675e+00 +1.9768e+00 +2.1725e+00 +2.7175e+00 +1.5112e+00 +4.3503e+00 -1.3604e+00 -1.3348e+00
255 0 +1.986896837e+01 -1.659103163e+01 -1.659103163e+01 -2.9421e-01 -1.1763e+00 -2.4977e-01 +3.0777e+00 +4.7876e+00 +2.6366e+00 +2.5896e+00 +3.7916e+00 -1.6443e+00 -1.9345e+00
306 0 +1.738612366e+01 -1.907387634e+01 -1.907387634e+01 +1.0466e+00 -3.4510e+00 -3.1610e+00 +2.4072e+00 +2.7376e+00 +3.0630e+00 +3.1396e+00 +4.2388e+00 -9.2236e-01 -3.8659e+00
361 0 +1.564510787e+01 -2.081489213e+01 -2.081489213e+01 +1.3178e+00 -1.2090e+00 -2.7130e+00 +6.1315e-01 +4.4117e+00 +1.4352e+00 +2.5904e+00 +4.3971e+00 -1.4294e+00 -2.7449e+00
402 0 +1.283771147e+01 -2.362228853e+01 -2.362228853e+01 +7.6347e-01 -2.9163e+00 -4.7161e-01 -4.7815e-01 +4.6080e+00 +2.4623e+00 +2.7646e+00 +4.0579e+00 -4.5096e+00 -3.8763e+00
478 0 +8.521605343e+00 -2.793839466e+01 -2.793839466e+01 +2.6544e+00 -3.0703e+00 -2.8675e+00 +2.1949e+00 +3.5236e+00 +4.0103e+00 +1.7293e+00 +3.0922e+00 -3.2527e+00 -4.7605e+00
551 0 +6.425083311e+00 -3.003491669e+01 -3.003491669e+01 +1.9628e+00 -3.3039e+00 -2.3835e+00 +1.4478e+00 +3.7768e+00 +2.3728e+00 +3.0655e+00 +4.0830e+00 -4.0405e+00 -2.7818e+00
772 0 +3.952831544e+00 -3.250716846e+01 -3.250716846e+01 +1.9787e+00 -2.2642e+00 -2.4120e+00 +1.2221e+00 +4.4291e+00 +3.2336e+00 +3.2709e+00 +4.0631e+00 -3.8129e+00 -1.5577e+00
900 0 +2.090960318e+00 -3.436903968e+01 -3.436903968e+01 +2.0526e+00 -2.5497e+00 -1.9933e+00 +4.4863e-01 +4.4591e+00 +3.2285e+00 +2.7690e+00 +3.4679e+00 -4.0783e+00 -3.1420e+00
1307 0 +2.073958913e+00 -3.438604109e+01 -3.438604109e+01 +2.2411e+00 -2.8012e+00 -2.2871e+00 +1.1321e+00 +3.8308e+00 +3.7259e+00 +2.3993e+00 +3.4090e+00 -3.7756e+00 -3.1403e+00
1359 0 +1.358973249e+00 -3.510102675e+01 -3.510102675e+01 +1.8240e+00 -2.9589e+00 -2.1677e+00 +1.4866e+00 +4.0350e+00 +3.3906e+00 +2.5092e+00 +3.7957e+00 -3.7400e+00 -2.8028e+00
1534 0 +1.198913448e+00 -3.526108655e+01 -3.526108655e+01 +2.0147e+00 -2.8166e+00 -2.1369e+00 +1.0635e+00 +3.9179e+00 +3.8602e+00 +2.1680e+00 +3.2794e+00 -3.9788e+00 -3.5726e+00
1606 0 +1.111051326e+00 -3.534894867e+01 -3.534894867e+01 +2.0177e+00 -2.8470e+00 -2.2548e+00 +8.0285e-01 +4.0069e+00 +3.6662e+00 +2.0212e+00 +3.2006e+00 -3.6206e+00 -3.6585e+00
1612 0 +6.689846510e-01 -3.579101535e+01 -3.579101535e+01 +2.2410e+00 -2.7700e+00 -2.2441e+00 +9.1036e-01 +3.9442e+00 +3.7276e+00 +2.0417e+00 +3.2677e+00 -3.8054e+00 -3.6859e+00
1662 0 +6.396344007e-01 -3.582036560e+01 -3.582036560e+01 +2.1131e+00 -2.6042e+00 -2.4182e+00 +8.8159e-01 +4.0626e+00 +3.5387e+00 +2.0739e+00 +3.3362e+00 -3.5320e+00 -3.4421e+00
1807 0 +6.066754589e-01 -3.585332454e+01 -3.585332454e+01 +2.2792e+00 -2.7555e+00 -2.2405e+00 +8.9241e-01 +4.0060e+00 +3.6236e+00 +2.1848e+00 +3.2732e+00 -3.9643e+00 -3.6191e+00
1882 0 +4.217445405e-01 -3.603825546e+01 -3.603825546e+01 +2.1234e+00 -2.8796e+00 -2.2785e+00 +1.0397e+00 +3.9931e+00 +3.6662e+00 +2.1364e+00 +3.2811e+00 -3.8092e+00 -3.6401e+00
2015 0 +3.853380746e-01 -3.607466193e+01 -3.607466193e+01 +2.2133e+00 -2.8491e+00 -2.2667e+00 +1.0181e+00 +4.0347e+00 +3.5982e+00 +2.2789e+00 +3.3120e+00 -3.8713e+00 -3.5638e+00
2077 0 +3.435225482e-01 -3.611647745e+01 -3.611647745e+01 +2.1678e+00 -2.7038e+00 -2.1963e+00 +7.7002e-01 +4.0194e+00 +3.7103e+00 +2.0597e+00 +3.2031e+00 -3.8655e+00 -3.6958e+00
2317 0 +3.295558589e-01 -3.613044414e+01 -3.613044414e+01 +2.1201e+00 -2.8203e+00 -2.2365e+00 +9.3243e-01 +4.0287e+00 +3.6151e+00 +2.2079e+00 +3.2764e+00 -3.8409e+00 -3.5682e+00
2359 0 +2.970834608e-01 -3.616291654e+01 -3.616291654e+01 +2.1293e+00 -2.8310e+00 -2.2339e+00 +9.4681e-01 +3.9989e+00 +3.6553e+00 +2.2144e+00 +3.2537e+00 -3.8987e+00 -3.5732e+00
2364 0 +2.941610920e-01 -3.616583891e+01 -3.616583891e+01 +2.1264e+00 -2.8019e+00 -2.2335e+00 +9.0575e-01 +4.0023e+00 +3.7020e+00 +2.1755e+00 +3.2633e+00 -3.8660e+00 -3.6315e+00
2379 0 +2.316889768e-01 -3.622831102e+01 -3.622831102e+01 +2.1865e+00 -2.8336e+00 -2.2070e+00 +9.1565e-01 +3.9902e+00 +3.6824e+00 +2.1831e+00 +3.2603e+00 -3.9264e+00 -3.6454e+00
2423 0 +2.198733088e-01 -3.624012669e+01 -3.624012669e+01 +2.0995e+00 -2.8446e+00 -2.2100e+00 +9.1274e-01 +4.0206e+00 +3.6938e+00 +2.2060e+00 +3.2911e+00 -3.8694e+00 -3.5793e+00
% f evaluations | g evaluations | best noise-free fitness - Fopt (3.920000000000e+01) + sum g_i+ | measured fitness | best measured fitness or single-digit g-values | x1 | x2...
1 0 +6.258597322e+01 +1.017859732e+02 +1.017859732e+02 +5.9671e-01 -3.8264e-02 +7.4769e-01 +1.6230e+00 -1.3415e-01 -1.3414e-01 +1.6792e+00 +8.6743e-01 -3.6947e-01 +6.4256e-01
26 0 +5.649839685e+01 +9.569839685e+01 +9.569839685e+01 -1.1609e+00 +1.0179e+00 +2.2222e+00 +1.1325e+00 -1.4194e+00 -3.8423e-01 +1.3669e+00 -6.0767e-01 +5.4382e-01 +8.7463e-01
32 0 +5.016370075e+01 +8.936370075e+01 +8.936370075e+01 -1.1768e-01 +1.1988e+00 +9.2542e-01 +9.1351e-01 +1.4055e+00 +1.2100e-01 +7.8195e-01 -2.1027e-01 +4.2417e-01 -3.0143e-02
37 0 +4.969377646e+01 +8.889377646e+01 +8.889377646e+01 +6.1935e-01 +1.6327e+00 -8.7601e-03 +5.0171e-01 +7.9014e-01 -3.0122e-01 +3.2409e-01 +1.1259e-01 +1.9768e-01 -6.7301e-01
43 0 +4.965416915e+01 +8.885416915e+01 +8.885416915e+01 +2.1607e+00 +1.8553e+00 -1.4896e-01 +1.0716e+00 +7.4538e-01 +1.4686e+00 -8.6492e-01 +7.8605e-01 +1.1584e+00 -1.6587e+00
52 0 +4.208014665e+01 +8.128014665e+01 +8.128014665e+01 +5.7061e-01 +1.9967e+00 +8.9043e-01 +2.4778e+00 +6.6678e-01 +2.0021e-01 +1.8942e+00 +8.7800e-01 +3.8653e+00 -1.3214e+00
53 0 +3.753631631e+01 +7.673631631e+01 +7.673631631e+01 +9.4229e-01 +7.6014e-01 +3.6620e-01 +1.6791e+00 +1.6357e+00 +5.8322e-01 +1.7708e+00 +2.9526e-01 +1.7250e+00 -8.2858e-01
54 0 +3.238887896e+01 +7.158887896e+01 +7.158887896e+01 +4.5100e-01 +2.9893e-01 +1.0219e+00 +3.0390e+00 +1.4246e+00 +4.9719e-01 +1.5062e+00 -7.0957e-01 +1.2987e+00 -9.8571e-01
108 0 +2.517137569e+01 +6.437137569e+01 +6.437137569e+01 +3.3407e+00 +4.5285e-02 -1.5411e+00 +4.7446e+00 +3.9481e+00 -1.1633e+00 +2.1587e+00 -1.2917e-01 +3.3598e+00 -4.1450e-01
153 0 +2.465372500e+01 +6.385372500e+01 +6.385372500e+01 +4.8160e+00 +1.7640e+00 -5.9387e-01 +1.2604e+00 +1.2317e+00 +7.4163e-01 +3.4631e+00 +7.7141e-01 +7.6364e-01 -1.8558e+00
182 0 +2.186260051e+01 +6.106260051e+01 +6.106260051e+01 +4.0449e+00 +1.6371e+00 +1.5397e+00 +2.0817e-01 +3.1881e+00 +8.9824e-01 +9.9602e-01 -1.1482e+00 +3.7808e+00 -1.0471e-01
207 0 +1.636680847e+01 +5.556680847e+01 +5.556680847e+01 +2.9497e+00 +3.1238e+00 -7.3317e-01 +2.3534e+00 +3.3619e-01 +2.1703e+00 +3.8931e+00 -3.1981e+00 +9.8528e-01 -1.7724e+00
451 0 +1.551632341e+01 +5.471632341e+01 +5.471632341e+01 +4.1728e+00 +3.5427e+00 +1.8749e+00 +3.5434e+00 +3.1455e+00 -6.7943e-03 +2.2100e+00 -1.9668e+00 +7.4576e-01 -3.1847e+00
452 0 +1.353320340e+01 +5.273320340e+01 +5.273320340e+01 +2.3934e+00 +2.5858e+00 +2.3084e+00 +2.5149e+00 +2.5491e+00 +2.2009e+00 +1.2284e+00 -3.3243e+00 +1.0513e+00 -1.5370e+00
503 0 +1.065099860e+01 +4.985099860e+01 +4.985099860e+01 +3.1415e+00 +1.9334e+00 +1.9485e+00 +3.3768e+00 +2.6896e+00 +1.5725e+00 +2.4510e+00 -3.3768e+00 +9.4932e-02 -2.8456e+00
634 0 +7.132665558e+00 +4.633266556e+01 +4.633266556e+01 +3.8677e+00 +1.9217e+00 +2.7573e+00 +1.4872e+00 +3.1802e+00 +6.5179e-01 +2.1647e+00 -4.2288e+00 -1.0334e+00 -4.0415e+00
681 0 +6.929002945e+00 +4.612900295e+01 +4.612900295e+01 +4.5279e+00 +1.1918e+00 +1.2517e+00 +1.3976e+00 +2.7041e+00 +5.5475e-01 +2.2121e+00 -2.9128e+00 +7.9951e-01 -3.5412e+00
731 0 +6.852798248e+00 +4.605279825e+01 +4.605279825e+01 +3.8035e+00 +1.9612e+00 +2.2374e+00 +2.4540e+00 +1.9681e+00 +1.0699e+00 +2.1957e+00 -3.6431e+00 +1.7153e-01 -3.4429e+00
824 0 +6.477809593e+00 +4.567780959e+01 +4.567780959e+01 +4.8874e+00 +1.6146e+00 +2.5669e+00 +1.6296e+00 +2.1684e+00 +9.9385e-01 +2.5698e+00 -2.1705e+00 -3.4884e-02 -3.2417e+00
828 0 +6.433124358e+00 +4.563312436e+01 +4.563312436e+01 +3.2115e+00 +2.9681e+00 +2.4857e+00 +3.1984e+00 +1.5813e+00 +1.1525e+00 +2.5127e+00 -3.4183e+00 +1.5030e-01 -2.9132e+00
855 0 +5.813112362e+00 +4.501311236e+01 +4.501311236e+01 +3.7010e+00 +1.8910e+00 +2.5109e+00 +2.9106e+00 +2.0796e+00 +5.3819e-01 +1.7514e+00 -3.2230e+00 -1.7637e-01 -3.6150e+00
901 0 +5.739976663e+00 +4.493997666e+01 +4.493997666e+01 +4.1314e+00 +1.5580e+00 +2.0957e+00 +2.2132e+00 +2.1839e+00 +9.9889e-01 +2.5547e+00 -2.6035e+00 +3.7755e-02 -3.3431e+00
909 0 +5.338338125e+00 +4.453833812e+01 +4.453833812e+01 +4.1190e+00 +2.2505e+00 +3.1274e+00 +2.8783e+00 +2.2388e+00 +3.8265e-01 +1.8393e+00 -2.2984e+00 +3.9669e-01 -3.5579e+00
912 0 +5.169825649e+00 +4.436982565e+01 +4.436982565e+01 +3.5139e+00 +1.7850e+00 +2.4490e+00 +3.1580e+00 +2.3601e+00 +5.1792e-01 +2.2140e+00 -3.5203e+00 +7.1965e-01 -3.5490e+00
918 0 +5.164943361e+00 +4.436494336e+01 +4.436494336e+01 +3.7488e+00 +2.0673e+00 +3.1217e+00 +3.5825e+00 +2.4234e+00 +1.2977e-02 +2.2083e+00 -2.7911e+00 +2.8697e-01 -4.2723e+00
931 0 +4.940538053e+00 +4.414053805e+01 +4.414053805e+01 +3.3929e+00 +2.3207e+00 +2.4350e+00 +2.7590e+00 +2.8276e+00 +7.3460e-01 +1.9322e+00 -2.6522e+00 -1.0971e-01 -3.9550e+00
951 0 +4.377902129e+00 +4.357790213e+01 +4.357790213e+01 +3.6457e+00 +1.7863e+00 +2.0163e+00 +3.0089e+00 +2.4344e+00 +3.1036e-01 +1.9407e+00 -2.6701e+00 +2.9546e-01 -3.4511e+00
955 0 +3.855517130e+00 +4.305551713e+01 +4.305551713e+01 +3.8775e+00 +1.6473e+00 +2.9597e+00 +3.1547e+00 +2.5185e+00 -3.2926e-01 +1.8844e+00 -2.7917e+00 +4.5507e-01 -3.6419e+00
960 0 +2.789564189e+00 +4.198956419e+01 +4.198956419e+01 +3.6250e+00 +2.0734e+00 +2.5803e+00 +2.9142e+00 +2.7065e+00 +9.5458e-01 +2.1827e+00 -3.1098e+00 -7.2838e-02 -3.6969e+00
1252 0 +2.666247854e+00 +4.186624785e+01 +4.186624785e+01 +3.6634e+00 +1.5720e+00 +1.7311e+00 +3.5097e+00 +2.5084e+00 +1.3075e-01 +1.9655e+00 -2.8082e+00 +4.8275e-01 -3.3901e+00
1256 0 +2.609416102e+00 +4.180941610e+01 +4.180941610e+01 +3.7389e+00 +1.5189e+00 +2.1170e+00 +2.7695e+00 +2.3005e+00 +3.8873e-01 +2.2924e+00 -2.6665e+00 +3.5513e-01 -3.4550e+00
1312 0 +2.573274101e+00 +4.177327410e+01 +4.177327410e+01 +4.0141e+00 +1.5076e+00 +2.5301e+00 +2.4749e+00 +2.0513e+00 +6.3816e-01 +2.2705e+00 -2.8612e+00 +4.4628e-01 -3.2516e+00
1330 0 +2.555092066e+00 +4.175509207e+01 +4.175509207e+01 +4.5159e+00 +1.0763e+00 +2.1381e+00 +3.0684e+00 +2.4582e+00 +5.4545e-01 +1.9657e+00 -2.6954e+00 +2.6325e-01 -3.6856e+00
1351 0 +2.421361419e+00 +4.162136142e+01 +4.162136142e+01 +4.0910e+00 +1.4116e+00 +2.3773e+00 +2.4389e+00 +2.3539e+00 +4.9410e-01 +2.1890e+00 -2.7475e+00 +4.1372e-01 -3.7014e+00
1355 0 +2.417299900e+00 +4.161729990e+01 +4.161729990e+01 +4.0574e+00 +1.4825e+00 +2.6726e+00 +2.7251e+00 +2.3095e+00 +4.6954e-01 +1.9695e+00 -2.3701e+00 +5.2303e-01 -3.1899e+00
1372 0 +1.302608118e+00 +4.050260812e+01 +4.050260812e+01 +4.0712e+00 +1.1906e+00 +2.2569e+00 +2.7734e+00 +2.3899e+00 +5.7081e-01 +2.2917e+00 -2.9824e+00 +4.0313e-01 -3.3823e+00
1406 0 +1.201387069e+00 +4.040138707e+01 +4.040138707e+01 +4.4740e+00 +1.0528e+00 +2.2546e+00 +2.9526e+00 +2.5344e+00 +5.0335e-01 +2.0787e+00 -2.6747e+00 +4.2137e-01 -3.5137e+00
1501 0 +1.039266068e+00 +4.023926607e+01 +4.023926607e+01 +3.7486e+00 +1.6591e+00 +2.4571e+00 +3.2215e+00 +2.1945e+00 +4.1341e-01 +2.0618e+00 -2.9326e+00 +4.6757e-01 -3.4024e+00
1560 0 +5.060200430e-01 +3.970602004e+01 +3.970602004e+01 +3.8129e+00 +1.5804e+00 +2.5425e+00 +3.2179e+00 +2.3042e+00 +5.1397e-01 +1.8629e+00 -2.8247e+00 +6.2043e-01 -3.4227e+00
1930 0 +4.911929578e-01 +3.969119296e+01 +3.969119296e+01 +3.8103e+00 +1.4320e+00 +2.4443e+00 +3.1294e+00 +2.3121e+00 +5.1016e-01 +1.9944e+00 -2.8412e+00 +5.2661e-01 -3.3366e+00
2067 0 +4.853630507e-01 +3.968536305e+01 +3.968536305e+01 +3.7394e+00 +1.5709e+00 +2.5457e+00 +3.1325e+00 +2.1891e+00 +5.8294e-01 +1.9963e+00 -2.8640e+00 +5.6448e-01 -3.3161e+00
2097 0 +4.686338682e-01 +3.966863387e+01 +3.966863387e+01 +3.6953e+00 +1.5968e+00 +2.4520e+00 +3.1693e+00 +2.1728e+00 +4.9552e-01 +2.0368e+00 -2.7932e+00 +5.7057e-01 -3.3011e+00
2147 0 +3.519743063e-01 +3.955197431e+01 +3.955197431e+01 +3.7636e+00 +1.5863e+00 +2.3891e+00 +3.0401e+00 +2.2991e+00 +5.8531e-01 +2.0640e+00 -2.8529e+00 +4.6352e-01 -3.3308e+00
2272 0 +3.258251929e-01 +3.952582519e+01 +3.952582519e+01 +3.6843e+00 +1.6990e+00 +2.4932e+00 +3.2640e+00 +2.1984e+00 +5.8347e-01 +2.0571e+00 -2.7993e+00 +5.4687e-01 -3.3173e+00
2273 0 +2.793829644e-01 +3.947938296e+01 +3.947938296e+01 +3.6869e+00 +1.7013e+00 +2.4628e+00 +3.2777e+00 +2.2181e+00 +5.5028e-01 +2.0287e+00 -2.8289e+00 +5.3227e-01 -3.3627e+00
2354 0 +1.358985049e-01 +3.933589850e+01 +3.933589850e+01 +3.7386e+00 +1.6122e+00 +2.4417e+00 +3.1923e+00 +2.2770e+00 +5.2386e-01 +2.0706e+00 -2.8310e+00 +4.9481e-01 -3.3427e+00
% f evaluations | g evaluations | best noise-free fitness - Fopt (-3.225000000000e+01) + sum g_i+ | measured fitness | best measured fitness or single-digit g-values | x1 | x2...
1 0 +4.516970759e+02 +4.194470759e+02 +4.194470759e+02 +5.9671e-01 -3.8264e-02 +7.4769e-01 +1.6230e+00 -1.3415e-01 -1.3414e-01 +1.6792e+00 +8.6743e-01 -3.6947e-01 +6.4256e-01
2 0 +3.102541802e+02 +2.780041802e+02 +2.780041802e+02 -3.6342e-01 -3.6573e-01 +3.4196e-01 -1.8133e+00 -1.6249e+00 -4.6229e-01 -9.1283e-01 +4.1425e-01 -8.0802e-01 -1.3123e+00
3 0 +1.749215143e+02 +1.426715143e+02 +1.426715143e+02 +1.5656e+00 -1.2578e-01 +1.6753e-01 -1.3247e+00 -4.4438e-01 +2.1092e-01 -1.0510e+00 +4.7570e-01 -5.0064e-01 -1.9169e-01
4 0 +1.449302454e+02 +1.126802454e+02 +1.126802454e+02 -5.0171e-01 +1.9523e+00 +8.6503e-02 -9.5771e-01 +9.2254e-01 -1.1208e+00 +3.0886e-01 -1.8597e+00 -1.2282e+00 +2.9686e-01
20 0 +1.307360089e+02 +9.848600894e+01 +9.848600894e+01 -3.4651e-01 +9.5640e-01 +3.1409e-01 -1.1457e+00 +2.7318e-01 +4.8532e-01 -7.8386e-01 +2.5373e-01 +1.5821e-01 -1.0430e+00
24 0 +1.138745005e+02 +8.162450046e+01 +8.162450046e+01 -6.3037e-01 +3.1646e-01 +1.4557e-01 -5.5160e-01 +2.2439e+00 +7.3392e-01 -1.9251e+00 +2.8645e-01 -5.6179e-01 +9.5243e-01
29 0 +7.273900615e+01 +4.048900615e+01 +4.048900615e+01 +2.1352e-01 +7.6213e-01 +1.6860e+00 -1.1378e+00 +2.2330e+00 -1.8521e+00 -5.1785e-02 +6.8832e-01 +3.8099e-01 -5.2270e-01
52 0 +6.428179027e+01 +3.203179027e+01 +3.203179027e+01 -7.4097e-01 -1.0804e+00 -5.4070e-01 -1.4975e+00 +2.4784e+00 -2.1275e+00 -1.1391e+00 +9.9466e-01 +1.8403e-01 +3.8364e-01
101 0 +6.318019845e+01 +3.093019845e+01 +3.093019845e+01 +9.4787e-01 +1.0945e+00 -4.5278e-01 -3.4529e+00 +3.4265e+00 -3.3795e+00 -1.2968e+00 +6.3663e-01 +6.3651e-01 -8.2278e-01
102 0 +6.012579261e+01 +2.787579261e+01 +2.787579261e+01 -1.7326e+00 +2.0807e+00 -1.2258e+00 -4.1079e+00 +4.2833e+00 -3.4160e+00 +7.6333e-01 +5.2766e-01 +1.6217e+00 -1.6129e+00
103 0 +5.302290535e+01 +2.077290535e+01 +2.077290535e+01 +1.1329e+00 +7.9613e-01 -1.0058e+00 -2.5823e+00 +4.8748e-01 -1.2618e+00 +9.6021e-01 +1.3616e+00 +3.2981e+00 -3.5967e-02
115 0 +4.173935872e+01 +9.489358719e+00 +9.489358719e+00 +3.7208e-01 +2.6713e+00 +1.9059e+00 -1.6635e+00 +4.5477e+00 -3.3323e+00 -1.1676e+00 +2.5007e-01 +1.2473e+00 +1.4499e-01
176 0 +3.590072805e+01 +3.650728052e+00 +3.650728052e+00 +1.7981e+00 +2.0941e+00 -1.6943e+00 -4.3508e+00 +3.0276e+00 -2.1492e+00 -1.1526e-01 -2.8382e+00 +2.5058e+00 +2.2645e+00
203 0 +3.537961871e+01 +3.129618709e+00 +3.129618709e+00 +2.8104e+00 -1.5659e+00 -5.5393e-01 -4.3471e+00 +3.8279e+00 -3.6061e+00 -1.9443e+00 -1.5670e+00 +2.9462e-01 +2.4235e+00
229 0 +3.509893218e+01 +2.848932182e+00 +2.848932182e+00 +1.3570e-01 +5.7376e-01 -4.1637e+00 -4.1328e+00 +8.0836e-01 -3.4655e+00 +1.7913e+00 +3.0114e+00 +2.5372e+00 +2.8822e+00
250 0 +2.455905347e+01 -7.690946532e+00 -7.690946532e+00 +2.7556e+00 -2.5606e+00 +2.8757e-01 -3.4451e+00 +2.3812e+00 -2.4667e+00 -1.7685e+00 +2.3663e+00 +2.6849e+00 +1.3345e+00
302 0 +2.123427082e+01 -1.101572918e+01 -1.101572918e+01 +3.2672e+00 -1.5243e+00 +3.1964e-01 -3.0565e+00 +2.3309e+00 -1.1988e+00 -2.0411e+00 +9.2324e-01 +7.0578e-01 +3.5704e+00
415 0 +1.565815257e+01 -1.659184743e+01 -1.659184743e+01 +1.3850e+00 +1.2034e+00 -2.3018e+00 -3.9868e+00 +2.8247e+00 -3.4418e+00 +9.5667e-02 +2.6748e+00 +3.5010e+00 +3.0568e+00
503 0 +1.385167499e+01 -1.839832501e+01 -1.839832501e+01 +2.5975e+00 +1.9399e-01 -8.4016e-01 -3.4304e+00 +1.7109e+00 -1.9286e+00 -1.6396e+00 +2.7549e+00 +2.4881e+00 +4.1767e+00
554 0 +1.227488359e+01 -1.997511641e+01 -1.997511641e+01 +1.9588e+00 +5.7580e-01 -6.5162e-01 -2.5332e+00 +1.5779e+00 -3.7818e+00 -4.9102e-01 +2.8871e+00 +2.7459e+00 +4.2341e+00
577 0 +1.225769024e+01 -1.999230976e+01 -1.999230976e+01 +3.6049e+00 -5.8379e-01 -4.7048e-01 -3.9219e+00 +2.4112e+00 -2.2040e+00 -2.8084e-01 +1.9772e+00 +3.4096e+00 +1.2937e+00
610 0 +1.039039986e+01 -2.185960014e+01 -2.185960014e+01 +2.4243e+00 +5.5036e-01 -5.1272e-01 -2.2018e+00 +2.9860e+00 -2.8178e+00 -5.8114e-01 +2.7970e+00 +2.2440e+00 +3.1963e+00
614 0 +1.021727305e+01 -2.203272695e+01 -2.203272695e+01 +3.1935e+00 +1.9559e-01 -1.4293e+00 -3.6730e+00 +3.2724e+00 -2.3742e+00 -9.9974e-01 +2.9551e+00 +3.1203e+00 +2.8630e+00
706 0 +9.254440208e+00 -2.299555979e+01 -2.299555979e+01 +3.7626e+00 +2.2985e-01 -1.8304e+00 -3.6592e+00 +2.8584e+00 -2.0697e+00 -4.9795e-01 +2.9189e+00 +3.3751e+00 +2.6907e+00
719 0 +6.590091806e+00 -2.565990819e+01 -2.565990819e+01 +3.7589e+00 +1.3407e+00 -7.7120e-01 -3.5756e+00 +3.0130e+00 -4.4356e+00 +6.2321e-01 +3.0277e+00 +3.8953e+00 +2.5960e+00
754 0 +6.204258607e+00 -2.604574139e+01 -2.604574139e+01 +3.5491e+00 +1.2992e+00 +7.6066e-02 -3.2029e+00 +2.8443e+00 -3.3587e+00 +4.0055e-01 +3.3283e+00 +4.7232e+00 +2.4446e+00
797 0 +5.612833803e+00 -2.663716620e+01 -2.663716620e+01 +3.8552e+00 +1.9178e+00 -7.3889e-01 -2.7741e+00 +3.7072e+00 -2.0585e+00 -1.5275e-01 +1.9664e+00 +4.3463e+00 +3.2407e+00
858 0 +5.494858371e+00 -2.675514163e+01 -2.675514163e+01 +4.3105e+00 +7.4226e-01 -9.7944e-01 -2.9557e+00 +3.4005e+00 -4.0717e+00 -1.0825e-01 +3.3454e+00 +3.9536e+00 +3.0350e+00
859 0 +5.052202645e+00 -2.719779735e+01 -2.719779735e+01 +3.8381e+00 +1.1997e+00 -8.2906e-01 -3.5857e+00 +3.2311e+00 -3.9188e+00 +5.3067e-01 +3.0155e+00 +3.7176e+00 +3.1868e+00
903 0 +4.446099449e+00 -2.780390055e+01 -2.780390055e+01 +4.0145e+00 +1.7671e+00 -7.8991e-01 -3.1466e+00 +3.2789e+00 -3.3021e+00 +4.3528e-01 +2.1119e+00 +4.4022e+00 +2.8843e+00
996 0 +3.341421094e+00 -2.890857891e+01 -2.890857891e+01 +4.1443e+00 +8.2773e-01 -4.0410e-01 -2.3428e+00 +2.5969e+00 -3.0720e+00 +6.3865e-02 +2.4308e+00 +3.3138e+00 +3.4392e+00
1011 0 +2.850483623e+00 -2.939951638e+01 -2.939951638e+01 +3.8830e+00 +1.4212e+00 -1.0581e+00 -3.3835e+00 +3.2214e+00 -4.0037e+00 +1.8699e-01 +3.2785e+00 +3.5302e+00 +3.2345e+00
1069 0 +1.775682917e+00 -3.047431708e+01 -3.047431708e+01 +3.8485e+00 +1.0221e+00 -1.0576e+00 -2.7017e+00 +3.2357e+00 -3.0291e+00 +2.4514e-01 +2.4404e+00 +3.7128e+00 +3.0978e+00
1325 0 +1.300749954e+00 -3.094925005e+01 -3.094925005e+01 +3.7149e+00 +7.8267e-01 -8.0814e-01 -2.5020e+00 +3.1018e+00 -3.3236e+00 +1.5983e-01 +2.7063e+00 +3.5449e+00 +3.0671e+00
1471 0 +1.207035551e+00 -3.104296445e+01 -3.104296445e+01 +3.5411e+00 +8.7836e-01 -9.1871e-01 -2.7664e+00 +3.1464e+00 -3.5851e+00 -7.9672e-03 +2.7070e+00 +3.7362e+00 +3.1706e+00
1518 0 +1.146036704e+00 -3.110396330e+01 -3.110396330e+01 +3.6706e+00 +1.3436e+00 -1.0142e+00 -2.8887e+00 +3.2804e+00 -3.7234e+00 +2.6109e-01 +2.5854e+00 +3.8565e+00 +3.0558e+00
1554 0 +1.007584886e+00 -3.124241511e+01 -3.124241511e+01 +3.8606e+00 +1.2718e+00 -9.3073e-01 -2.7680e+00 +3.2313e+00 -3.5684e+00 +1.3538e-01 +2.7449e+00 +3.8262e+00 +3.0504e+00
1565 0 +5.645527460e-01 -3.168544725e+01 -3.168544725e+01 +3.7342e+00 +1.0075e+00 -7.8911e-01 -2.8663e+00 +3.2596e+00 -3.3777e+00 +5.3951e-02 +2.5500e+00 +3.8169e+00 +3.0714e+00
1877 0 +4.628900117e-01 -3.178710999e+01 -3.178710999e+01 +3.5510e+00 +1.0820e+00 -8.2885e-01 -2.7946e+00 +3.2146e+00 -3.5589e+00 +8.7587e-02 +2.6057e+00 +3.7998e+00 +3.0618e+00
1902 0 +4.594250120e-01 -3.179057499e+01 -3.179057499e+01 +3.5991e+00 +1.0237e+00 -8.6626e-01 -2.8090e+00 +3.2474e+00 -3.6179e+00 +9.0022e-02 +2.6146e+00 +3.8514e+00 +3.0913e+00
1916 0 +4.288967080e-01 -3.182110329e+01 -3.182110329e+01 +3.6032e+00 +1.0230e+00 -9.3509e-01 -2.7647e+00 +3.2097e+00 -3.5692e+00 +1.1980e-01 +2.6196e+00 +3.7810e+00 +3.1575e+00
1963 0 +3.930430008e-01 -3.185695700e+01 -3.185695700e+01 +3.6576e+00 +1.0301e+00 -8.7250e-01 -2.8148e+00 +3.2765e+00 -3.5800e+00 +6.0974e-02 +2.6573e+00 +3.8285e+00 +3.0310e+00
2016 0 +3.606077885e-01 -3.188939221e+01 -3.188939221e+01 +3.6291e+00 +1.0182e+00 -8.9130e-01 -2.7879e+00 +3.2452e+00 -3.4924e+00 +1.1214e-01 +2.5205e+00 +3.7906e+00 +3.0732e+00
2053 0 +3.480740919e-01 -3.190192591e+01 -3.190192591e+01 +3.5349e+00 +1.0857e+00 -8.8317e-01 -2.8248e+00 +3.2249e+00 -3.6793e+00 +8.4588e-02 +2.6504e+00 +3.7814e+00 +3.1113e+00
2103 0 +3.433853295e-01 -3.190661467e+01 -3.190661467e+01 +3.6548e+00 +1.0770e+00 -8.7741e-01 -2.7634e+00 +3.3055e+00 -3.5326e+00 +7.9213e-02 +2.5847e+00 +3.8418e+00 +3.0176e+00
2112 0 +2.737863615e-01 -3.197621364e+01 -3.197621364e+01 +3.5959e+00 +1.0130e+00 -7.7843e-01 -2.7612e+00 +3.1972e+00 -3.4291e+00 +7.6648e-02 +2.5768e+00 +3.7544e+00 +3.1210e+00
2157 0 +2.199801229e-01 -3.203001988e+01 -3.203001988e+01 +3.5908e+00 +1.0590e+00 -8.2728e-01 -2.8113e+00 +3.2269e+00 -3.5163e+00 +9.5779e-02 +2.5762e+00 +3.7879e+00 +3.1267e+00
2194 0 +2.093950735e-01 -3.204060493e+01 -3.204060493e+01 +3.6266e+00 +1.0077e+00 -8.2045e-01 -2.7878e+00 +3.2240e+00 -3.4464e+00 +8.0657e-02 +2.5632e+00 +3.7979e+00 +3.0698e+00
2202 0 +1.939905617e-01 -3.205600944e+01 -3.205600944e+01 +3.5960e+00 +1.0695e+00 -8.5901e-01 -2.8204e+00 +3.2365e+00 -3.5725e+00 +9.5209e-02 +2.5771e+00 +3.8095e+00 +3.1226e+00
2260 0 +1.452028277e-01 -3.210479717e+01 -3.210479717e+01 +3.5491e+00 +1.0379e+00 -8.4844e-01 -2.7818e+00 +3.2485e+00 -3.5552e+00 +8.4161e-02 +2.5491e+00 +3.8299e+00 +3.0789e+00
2466 0 +8.882842837e-02 -3.216117157e+01 -3.216117157e+01 +3.6051e+00 +1.0522e+00 -8.6123e-01 -2.8056e+00 +3.2634e+00 -3.5016e+00 +9.7733e-02 +2.5671e+00 +3.8063e+00 +3.0831e+00
% f evaluations | g evaluations | best noise-free fitness - Fopt (3.681200000000e+02) + sum g_i+ | measured fitness | best measured fitness or single-digit g-values | x1 | x2...
1 0 +7.459129335e+01 +4.427112934e+02 +4.427112934e+02 +5.9671e-01 -3.8264e-02 +7.4769e-01 +1.6230e+00 -1.3415e-01 -1.3414e-01 +1.6792e+00 +8.6743e-01 -3.6947e-01 +6.4256e-01
2 0 +5.447614135e+01 +4.225961413e+02 +4.225961413e+02 -3.6342e-01 -3.6573e-01 +3.4196e-01 -1.8133e+00 -1.6249e+00 -4.6229e-01 -9.1283e-01 +4.1425e-01 -8.0802e-01 -1.3123e+00
4 0 +3.786814253e+01 +4.059881425e+02 +4.059881425e+02 -5.0171e-01 +1.9523e+00 +8.6503e-02 -9.5771e-01 +9.2254e-01 -1.1208e+00 +3.0886e-01 -1.8597e+00 -1.2282e+00 +2.9686e-01
51 0 +3.592201785e+01 +4.040420178e+02 +4.040420178e+02 -2.0578e+00 +2.4727e+00 +3.8575e-01 -2.4602e+00 +5.2094e-01 -1.3908e+00 +6.9336e-01 -2.4624e+00 -9.2070e-01 -6.3254e-01
52 0 +3.276117830e+01 +4.008811783e+02 +4.008811783e+02 -1.5830e+00 +1.0794e+00 -5.0310e-01 -2.0746e+00 +1.8834e-01 -3.3148e-01 +2.3723e-01 -1.6787e+00 -1.8555e+00 -1.3438e+00
70 0 +2.541304724e+01 +3.935330472e+02 +3.935330472e+02 -1.8335e+00 +8.8437e-01 +8.6890e-01 -1.4804e+00 +1.1061e+00 +1.1648e+00 -4.1260e-01 -1.4436e+00 -9.0654e-01 -3.5925e-01
104 0 +1.977907862e+01 +3.878990786e+02 +3.878990786e+02 +5.6685e-01 -5.5595e-01 +2.6880e-01 -1.8111e+00 -7.6040e-01 -1.4748e+00 +3.5961e-01 -2.7302e+00 -2.7938e+00 -2.1896e+00
106 0 +1.747391193e+01 +3.855939119e+02 +3.855939119e+02 -2.7502e+00 -7.3803e-01 +4.5714e-01 -1.7621e+00 +8.4223e-01 -2.3596e-01 -7.5918e-01 -4.5335e+00 -2.6824e+00 -5.8351e-02
154 0 +1.647818576e+01 +3.845981858e+02 +3.845981858e+02 -1.6869e+00 -6.3257e-02 +1.7836e+00 -1.7002e+00 +4.1595e-01 -1.5895e+00 -2.6622e+00 -4.5141e+00 -1.9531e+00 -3.3112e+00
254 0 +1.293417762e+01 +3.810541776e+02 +3.810541776e+02 -3.4163e+00 -1.0525e+00 +8.8920e-01 -4.4623e+00 +7.5450e-01 -3.1956e-02 +6.5333e-02 -4.6941e+00 -2.7326e+00 -2.4588e+00
354 0 +1.061281103e+01 +3.787328110e+02 +3.787328110e+02 -1.5998e+00 -8.6039e-01 -5.0757e-01 -3.2608e+00 +1.8237e-01 -2.1056e+00 -2.9264e+00 -4.9360e+00 -1.7754e+00 -1.1745e+00
410 0 +9.741589332e+00 +3.778615893e+02 +3.778615893e+02 -2.5430e+00 -3.6118e-01 +1.5093e+00 -2.8293e+00 -7.5629e-01 -1.5119e+00 -2.7085e+00 -3.3711e+00 -2.1528e+00 -1.5287e+00
512 0 +9.125419056e+00 +3.772454191e+02 +3.772454191e+02 -2.5024e+00 -1.3134e+00 +1.4895e+00 -3.1599e+00 -3.8644e-01 -1.1955e+00 -2.0950e+00 -4.0281e+00 -1.5914e+00 -4.5125e-01
551 0 +6.882967462e+00 +3.750029675e+02 +3.750029675e+02 -2.2903e+00 -1.2679e+00 +1.4311e+00 -1.9652e+00 +1.2164e-01 -1.5915e+00 -2.6049e+00 -3.8401e+00 -2.4131e+00 -1.1676e+00
583 0 +5.997999046e+00 +3.741179990e+02 +3.741179990e+02 -2.6066e+00 -1.7532e+00 +9.4922e-01 -2.0209e+00 +5.5627e-01 -1.3968e+00 -2.4261e+00 -4.1117e+00 -2.5895e+00 -1.6078e+00
753 0 +5.846563609e+00 +3.739665636e+02 +3.739665636e+02 -2.6578e+00 -9.1844e-01 +2.7592e-01 -1.9983e+00 -4.0822e-01 -1.8187e+00 -3.1640e+00 -3.7010e+00 -2.1055e+00 -1.3368e+00
762 0 +4.522142245e+00 +3.726421422e+02 +3.726421422e+02 -2.2763e+00 -7.8609e-01 +1.5751e+00 -1.7439e+00 -1.0558e+00 -2.0177e+00 -2.2734e+00 -3.9249e+00 -2.9609e+00 -8.7012e-01
803 0 +3.198951122e+00 +3.713189511e+02 +3.713189511e+02 -2.1096e+00 -1.2560e+00 +6.6760e-01 -2.1176e+00 -5.6812e-01 -2.0020e+00 -3.1022e+00 -3.9094e+00 -2.2188e+00 -1.0003e+00
808 0 +2.349550605e+00 +3.704695506e+02 +3.704695506e+02 -2.3327e+00 -6.5921e-01 +5.2850e-01 -2.2875e+00 -8.8432e-01 -2.0979e+00 -2.5033e+00 -3.7109e+00 -2.5095e+00 -7.8185e-01
855 0 +1.650744348e+00 +3.697707443e+02 +3.697707443e+02 -2.3499e+00 -1.0260e+00 +9.4229e-01 -2.2833e+00 -6.4106e-01 -2.1733e+00 -2.0535e+00 -4.0395e+00 -2.1386e+00 -1.0638e+00
1306 0 +1.223630643e+00 +3.693436306e+02 +3.693436306e+02 -2.4368e+00 -1.3271e+00 +4.3624e-01 -2.4832e+00 -5.5989e-01 -1.9901e+00 -2.4783e+00 -3.7753e+00 -2.2869e+00 -8.3053e-01
1451 0 +9.544538642e-01 +3.690744539e+02 +3.690744539e+02 -2.3767e+00 -1.1259e+00 +6.5253e-01 -2.1940e+00 -6.4430e-01 -2.1803e+00 -2.4387e+00 -3.9476e+00 -2.2704e+00 -9.7389e-01
1453 0 +6.599152321e-01 +3.687799152e+02 +3.687799152e+02 -2.3832e+00 -1.0688e+00 +6.6327e-01 -2.5673e+00 -5.5792e-01 -2.0492e+00 -2.5182e+00 -3.8329e+00 -2.3075e+00 -9.2544e-01
1757 0 +6.554726117e-01 +3.687754726e+02 +3.687754726e+02 -2.4539e+00 -1.0617e+00 +5.5627e-01 -2.4094e+00 -7.6264e-01 -2.2509e+00 -2.5353e+00 -3.8362e+00 -2.3220e+00 -7.3850e-01
1804 0 +6.458636082e-01 +3.687658636e+02 +3.687658636e+02 -2.4234e+00 -1.0622e+00 +6.2835e-01 -2.4909e+00 -6.8024e-01 -2.1156e+00 -2.4456e+00 -3.8944e+00 -2.3487e+00 -8.1934e-01
1809 0 +5.116010481e-01 +3.686316010e+02 +3.686316010e+02 -2.4074e+00 -1.0735e+00 +6.1845e-01 -2.3579e+00 -7.6458e-01 -2.1844e+00 -2.4218e+00 -3.8617e+00 -2.2620e+00 -7.9324e-01
1811 0 +4.993093270e-01 +3.686193093e+02 +3.686193093e+02 -2.3922e+00 -9.0672e-01 +5.2002e-01 -2.3967e+00 -6.2836e-01 -2.1749e+00 -2.4316e+00 -3.8465e+00 -2.3443e+00 -8.9310e-01
1918 0 +4.234823550e-01 +3.685434824e+02 +3.685434824e+02 -2.3986e+00 -1.0267e+00 +6.8655e-01 -2.3336e+00 -7.2118e-01 -2.1867e+00 -2.3976e+00 -3.8683e+00 -2.2979e+00 -8.7986e-01
1953 0 +3.674442706e-01 +3.684874443e+02 +3.684874443e+02 -2.3799e+00 -1.0260e+00 +7.2844e-01 -2.3726e+00 -6.3839e-01 -2.1447e+00 -2.3468e+00 -3.9373e+00 -2.2727e+00 -8.8582e-01
2000 0 +2.806338416e-01 +3.684006338e+02 +3.684006338e+02 -2.4813e+00 -1.0478e+00 +5.9361e-01 -2.4840e+00 -5.9356e-01 -2.0912e+00 -2.4304e+00 -3.8801e+00 -2.3244e+00 -8.7366e-01
2081 0 +2.652882260e-01 +3.683852882e+02 +3.683852882e+02 -2.4467e+00 -1.0223e+00 +6.9362e-01 -2.2819e+00 -7.3752e-01 -2.2105e+00 -2.3466e+00 -3.9376e+00 -2.2763e+00 -8.5421e-01
2103 0 +2.238898264e-01 +3.683438898e+02 +3.683438898e+02 -2.4944e+00 -1.0771e+00 +7.2599e-01 -2.2900e+00 -6.3646e-01 -2.1328e+00 -2.3626e+00 -3.9420e+00 -2.3130e+00 -9.4370e-01
2256 0 +1.727129916e-01 +3.682927130e+02 +3.682927130e+02 -2.4980e+00 -1.1116e+00 +7.3695e-01 -2.2837e+00 -6.5974e-01 -2.1791e+00 -2.3492e+00 -3.9351e+00 -2.2867e+00 -9.0855e-01
2358 0 +1.686417402e-01 +3.682886417e+02 +3.682886417e+02 -2.4464e+00 -1.0880e+00 +7.8777e-01 -2.2610e+00 -7.1541e-01 -2.1952e+00 -2.2979e+00 -3.9766e+00 -2.2800e+00 -9.2050e-01
2434 0 +1.270788974e-01 +3.682470789e+02 +3.682470789e+02 -2.4610e+00 -1.0882e+00 +7.2758e-01 -2.3122e+00 -6.5546e-01 -2.1519e+00 -2.3555e+00 -3.9461e+00 -2.3063e+00 -9.2011e-01
