% f evaluations | g evaluations | best noise-free fitness - Fopt (-1.000000000000e+03) + sum g_i+ | measured fitness | best measured fitness or single-digit g-values | x1 | x2...
1 0 +2.230668134e+01 -9.776933187e+02 -9.776933187e+02 +5.9671e-01 -3.8264e-02 +7.4769e-01 +1.6230e+00 -1.3415e-01
9 0 +2.156985621e+01 -9.784301438e+02 -9.784301438e+02 +8.3847e-01 +2.7137e-01 -1.5648e-02 -2.0110e-01 -1.3785e+00
14 0 +2.196735054e+00 -9.978032649e+02 -9.978032649e+02 +1.4562e+00 +2.7990e-02 +1.1035e+00 +4.6164e-01 -5.4512e-01
232 0 +1.088462587e+00 -9.989115374e+02 -9.989115374e+02 +3.0737e-01 +1.2233e+00 +3.5363e+00 -3.3107e-01 -2.6011e+00
363 0 +5.826785049e-01 -9.994173215e+02 -9.994173215e+02 +1.7411e+00 +1.7398e-01 +2.2763e+00 -1.5955e+00 -1.8365e+00
407 0 +4.982889178e-01 -9.995017111e+02 -9.995017111e+02 +2.0407e+00 -6.5977e-02 +1.3708e+00 -9.2021e-01 -1.1383e+00
408 0 +4.896695823e-01 -9.995103304e+02 -9.995103304e+02 +1.9645e+00 +6.3770e-01 +2.4238e+00 -9.7421e-03 -1.3826e+00
422 0 +1.928795511e-01 -9.998071204e+02 -9.998071204e+02 +1.1988e+00 -2.1738e-02 +1.8893e+00 -3.7398e-01 -1.3910e+00
431 0 +1.275574737e-01 -9.998724425e+02 -9.998724425e+02 +1.0193e+00 +3.6750e-01 +2.3101e+00 -9.8274e-01 -2.0970e+00
448 0 +1.695138626e-02 -9.999830486e+02 -9.999830486e+02 +1.5230e+00 +3.7222e-01 +2.3423e+00 -3.7530e-01 -1.5226e+00
576 0 +1.546941109e-02 -9.999845306e+02 -9.999845306e+02 +1.3234e+00 +1.1204e+00 +2.9602e+00 +7.8653e-02 -1.8401e+00
579 0 +3.810740064e-03 -9.999961893e+02 -9.999961893e+02 +1.3184e+00 +8.9688e-01 +2.6877e+00 +1.4261e-01 -1.6827e+00
615 0 +4.498731258e-04 -9.999995501e+02 -9.999995501e+02 +1.2316e+00 +5.4896e-01 +2.6324e+00 -4.4606e-01 -1.8446e+00
771 0 +1.614677749e-04 -9.999998385e+02 -9.999998385e+02 +1.2711e+00 +7.8531e-01 +2.8237e+00 -3.2661e-01 -1.8870e+00
875 0 +7.118377061e-05 -9.999999288e+02 -9.999999288e+02 +1.3609e+00 +7.7918e-01 +2.6810e+00 +8.8298e-03 -1.6192e+00
880 0 +2.550300690e-05 -9.999999745e+02 -9.999999745e+02 +1.4029e+00 +8.1715e-01 +2.6673e+00 +4.4255e-02 -1.6070e+00
968 0 +1.789930616e-05 -9.999999821e+02 -9.999999821e+02 +1.2837e+00 +7.0448e-01 +2.6808e+00 -1.8502e-01 -1.7544e+00
975 0 +6.588987958e-06 -9.999999934e+02 -9.999999934e+02 +1.3623e+00 +6.8746e-01 +2.6321e+00 -1.8560e-01 -1.6916e+00
991 0 +2.284784046e-06 -9.999999977e+02 -9.999999977e+02 +1.3013e+00 +7.3227e-01 +2.6935e+00 -1.9640e-01 -1.7634e+00
1034 0 +1.822800414e-06 -9.999999982e+02 -9.999999982e+02 +1.3131e+00 +7.3888e-01 +2.6933e+00 -1.3590e-01 -1.7187e+00
1038 0 +1.535755928e-06 -9.999999985e+02 -9.999999985e+02 +1.3265e+00 +7.2340e-01 +2.6688e+00 -1.5282e-01 -1.7192e+00
1066 0 +1.445075668e-06 -9.999999986e+02 -9.999999986e+02 +1.3759e+00 +7.3797e-01 +2.6347e+00 -1.1098e-01 -1.6612e+00
1113 0 +1.183298309e-06 -9.999999988e+02 -9.999999988e+02 +1.3507e+00 +6.8290e-01 +2.5962e+00 -1.5087e-01 -1.6699e+00
1124 0 +5.342969871e-07 -9.999999995e+02 -9.999999995e+02 +1.3589e+00 +7.2187e-01 +2.6436e+00 -1.7344e-01 -1.6998e+00
1182 0 +6.695233878e-08 -9.999999999e+02 -9.999999999e+02 +1.3319e+00 +7.1308e-01 +2.6603e+00 -1.9285e-01 -1.7273e+00
