% f evaluations | g evaluations | best noise-free fitness - Fopt (1.491500000000e+02) + sum g_i+ | measured fitness | best measured fitness or single-digit g-values | x1 | x2...
1 0 +1.589879163e+03 +1.739029163e+03 +1.739029163e+03 +5.9671e-01 -3.8264e-02 +7.4769e-01 +1.6230e+00 -1.3415e-01
4 0 +1.459283928e+03 +1.608433928e+03 +1.608433928e+03 -4.6229e-01 -9.1283e-01 +4.1425e-01 -8.0802e-01 -1.3123e+00
9 0 +1.233032610e+03 +1.382182610e+03 +1.382182610e+03 +8.3847e-01 +2.7137e-01 -1.5648e-02 -2.0110e-01 -1.3785e+00
13 0 +8.127868237e+02 +9.619368237e+02 +9.619368237e+02 -3.7917e-01 -8.5659e-02 -1.0063e+00 -1.0962e+00 +9.1253e-01
21 0 +7.176775228e+02 +8.668275228e+02 +8.668275228e+02 -1.3154e+00 -3.2065e-01 -2.4271e-01 -7.0228e-01 -6.1286e-02
23 0 +2.345660033e+02 +3.837160033e+02 +3.837160033e+02 -1.8188e+00 +7.3486e-02 +1.6023e-01 +2.5632e+00 -9.2361e-02
47 0 +8.676617348e+01 +2.359161735e+02 +2.359161735e+02 -1.9578e+00 -6.6525e-01 +5.5724e-02 +2.6191e+00 -4.0657e-01
83 0 +3.751376682e+01 +1.866637668e+02 +1.866637668e+02 -1.9676e-01 -9.1400e-01 -7.0613e-01 +5.8774e-01 -3.2750e+00
156 0 +3.220137575e+01 +1.813513758e+02 +1.813513758e+02 -1.1973e+00 -1.0927e+00 -1.2776e+00 +1.1534e+00 -3.8156e+00
291 0 +2.503890361e+01 +1.741889036e+02 +1.741889036e+02 -1.5776e+00 -7.0561e-01 -5.3258e-01 +1.2512e+00 -3.7354e+00
350 0 +1.776147564e+01 +1.669114756e+02 +1.669114756e+02 -8.4698e-01 -1.3325e+00 -1.1720e+00 +1.2136e+00 -3.6016e+00
422 0 +1.466909574e+01 +1.638190957e+02 +1.638190957e+02 -1.1315e+00 -1.2494e+00 -9.8767e-01 +8.3578e-01 -4.0406e+00
469 0 +1.113359880e+01 +1.602835988e+02 +1.602835988e+02 -3.9897e-01 -1.0777e+00 -1.0011e+00 +1.0810e+00 -3.6077e+00
498 0 +9.661285596e+00 +1.588112856e+02 +1.588112856e+02 -8.9309e-01 -1.1746e+00 -1.0922e+00 +8.0214e-01 -3.6644e+00
569 0 +9.140898516e+00 +1.582908985e+02 +1.582908985e+02 -5.7886e-01 -1.0738e+00 -8.4791e-01 +1.1072e+00 -3.7512e+00
570 0 +7.855699474e+00 +1.570056995e+02 +1.570056995e+02 -6.0244e-01 -9.6617e-01 -6.9786e-01 +9.8119e-01 -3.6671e+00
574 0 +7.852559356e+00 +1.570025594e+02 +1.570025594e+02 -5.8296e-01 -1.1451e+00 -1.1328e+00 +9.5770e-01 -3.7097e+00
584 0 +6.144672986e+00 +1.552946730e+02 +1.552946730e+02 -4.4575e-01 -9.6649e-01 -7.2921e-01 +8.7712e-01 -3.5589e+00
604 0 +4.273396865e+00 +1.534233969e+02 +1.534233969e+02 -4.5064e-01 -8.7949e-01 -7.3909e-01 +9.4484e-01 -3.8137e+00
671 0 +3.928608167e+00 +1.530786082e+02 +1.530786082e+02 -3.1349e-01 -7.7918e-01 -5.2593e-01 +1.0085e+00 -3.8196e+00
710 0 +3.680051880e+00 +1.528300519e+02 +1.528300519e+02 -3.8533e-01 -9.7732e-01 -9.0405e-01 +8.3526e-01 -3.7959e+00
792 0 +2.505799792e+00 +1.516557998e+02 +1.516557998e+02 -3.8367e-01 -8.8248e-01 -6.9854e-01 +9.2311e-01 -3.6655e+00
888 0 +2.323492428e+00 +1.514734924e+02 +1.514734924e+02 -4.1711e-01 -9.8854e-01 -8.4430e-01 +8.8733e-01 -3.7165e+00
981 0 +2.164890499e+00 +1.513148905e+02 +1.513148905e+02 -3.7794e-01 -8.7964e-01 -6.9238e-01 +9.0944e-01 -3.7479e+00
1094 0 +2.085381122e+00 +1.512353811e+02 +1.512353811e+02 -3.2016e-01 -7.6052e-01 -6.1577e-01 +1.0375e+00 -3.7128e+00
1102 0 +1.840966079e+00 +1.509909661e+02 +1.509909661e+02 -2.4633e-01 -6.7739e-01 -5.5171e-01 +9.8830e-01 -3.7253e+00
1103 0 +1.674126738e+00 +1.508241267e+02 +1.508241267e+02 -1.8117e-01 -6.7183e-01 -5.3310e-01 +1.0583e+00 -3.7130e+00
1123 0 +1.589747202e+00 +1.507397472e+02 +1.507397472e+02 -2.4827e-01 -7.3540e-01 -6.1027e-01 +1.0342e+00 -3.7098e+00
1140 0 +1.524036205e+00 +1.506740362e+02 +1.506740362e+02 -2.8468e-01 -7.6573e-01 -5.6639e-01 +1.0326e+00 -3.7244e+00
1227 0 +1.437505947e+00 +1.505875059e+02 +1.505875059e+02 -2.7577e-01 -7.4350e-01 -5.8677e-01 +9.8268e-01 -3.7380e+00
