% f evaluations | g evaluations | best noise-free fitness - Fopt (-1.694000000000e+01) + sum g_i+ | measured fitness | best measured fitness or single-digit g-values | x1 | x2...
1 0 +8.493354342e+02 +8.323954342e+02 +8.323954342e+02 +5.9671e-01 -3.8264e-02
2 0 +3.752830901e+02 +3.583430901e+02 +3.583430901e+02 +7.4769e-01 +1.6230e+00
4 0 +3.603591954e+02 +3.434191954e+02 +3.434191954e+02 +1.6792e+00 +8.6743e-01
12 0 +8.161034568e+01 +6.467034568e+01 +6.467034568e+01 +1.9057e+00 +2.3889e+00
23 0 +5.215930342e+01 +3.521930342e+01 +3.521930342e+01 +2.5611e+00 +2.0221e+00
26 0 +2.378906929e+01 +6.849069289e+00 +6.849069289e+00 +2.8012e+00 +2.7242e+00
39 0 +2.915507042e+00 -1.402449296e+01 -1.402449296e+01 +3.2170e+00 +4.0231e+00
59 0 +1.711705404e+00 -1.522829460e+01 -1.522829460e+01 +3.4209e+00 +3.4480e+00
77 0 +1.304715199e+00 -1.563528480e+01 -1.563528480e+01 +3.8555e+00 +1.6424e+00
88 0 +1.132235468e+00 -1.580776453e+01 -1.580776453e+01 +3.4380e+00 +3.0987e+00
127 0 +8.979465934e-01 -1.604205341e+01 -1.604205341e+01 +3.4917e+00 +3.0307e+00
147 0 +7.218261397e-01 -1.621817386e+01 -1.621817386e+01 +3.7360e+00 +2.2099e+00
186 0 +6.465394837e-01 -1.629346052e+01 -1.629346052e+01 +3.5726e+00 +2.8217e+00
206 0 +9.767317992e-02 -1.684232682e+01 -1.684232682e+01 +3.6552e+00 +2.5667e+00
280 0 +9.307475133e-02 -1.684692525e+01 -1.684692525e+01 +3.6368e+00 +2.6091e+00
292 0 +8.559540971e-02 -1.685440459e+01 -1.685440459e+01 +3.6598e+00 +2.5331e+00
297 0 +7.128071461e-02 -1.686871929e+01 -1.686871929e+01 +3.6468e+00 +2.5782e+00
302 0 +5.761666258e-02 -1.688238334e+01 -1.688238334e+01 +3.6524e+00 +2.5549e+00
323 0 +3.248474173e-02 -1.690751526e+01 -1.690751526e+01 +3.6507e+00 +2.5651e+00
361 0 +3.203884243e-02 -1.690796116e+01 -1.690796116e+01 +3.6517e+00 +2.5615e+00
369 0 +3.193231969e-02 -1.690806768e+01 -1.690806768e+01 +3.6498e+00 +2.5680e+00
375 0 +1.697406258e-02 -1.692302594e+01 -1.692302594e+01 +3.6546e+00 +2.5552e+00
389 0 +1.664060386e-02 -1.692335940e+01 -1.692335940e+01 +3.6547e+00 +2.5571e+00
423 0 +1.658919580e-02 -1.692341080e+01 -1.692341080e+01 +3.6524e+00 +2.5641e+00
441 0 +1.639890972e-02 -1.692360109e+01 -1.692360109e+01 +3.6520e+00 +2.5633e+00
451 0 +1.636431792e-02 -1.692363568e+01 -1.692363568e+01 +3.6521e+00 +2.5629e+00
494 0 +1.635192934e-02 -1.692364807e+01 -1.692364807e+01 +3.6516e+00 +2.5657e+00
% f evaluations | g evaluations | best noise-free fitness - Fopt (1.881000000000e+01) + sum g_i+ | measured fitness | best measured fitness or single-digit g-values | x1 | x2...
1 0 +2.291214302e+02 +2.479314302e+02 +2.479314302e+02 +5.9671e-01 -3.8264e-02
2 0 +3.628318537e+00 +2.243831854e+01 +2.243831854e+01 +7.4769e-01 +1.6230e+00
48 0 +1.863013592e+00 +2.067301359e+01 +2.067301359e+01 -1.5037e-01 +1.8368e+00
87 0 +1.817858232e+00 +2.062785823e+01 +2.062785823e+01 +8.3134e-01 +1.6953e+00
89 0 +1.084344355e+00 +1.989434435e+01 +1.989434435e+01 +4.8754e-01 +1.7323e+00
90 0 +8.587408685e-01 +1.966874087e+01 +1.966874087e+01 -3.1360e-03 +1.7740e+00
117 0 +6.993925867e-01 +1.950939259e+01 +1.950939259e+01 +2.8056e-01 +1.7114e+00
122 0 +5.260401066e-01 +1.933604011e+01 +1.933604011e+01 +2.0559e-01 +1.7076e+00
137 0 +4.194185343e-01 +1.922941853e+01 +1.922941853e+01 +2.1170e-01 +1.7273e+00
167 0 +2.872472812e-01 +1.909724728e+01 +1.909724728e+01 +3.8910e-02 +1.7371e+00
171 0 +2.805849565e-01 +1.909058496e+01 +1.909058496e+01 +7.1309e-02 +1.7335e+00
172 0 +2.478567832e-01 +1.905785678e+01 +1.905785678e+01 +1.1405e-01 +1.7299e+00
186 0 +2.441791844e-01 +1.905417918e+01 +1.905417918e+01 +9.1271e-02 +1.7386e+00
215 0 +2.431898741e-01 +1.905318987e+01 +1.905318987e+01 +1.2009e-01 +1.7327e+00
269 0 +2.431361568e-01 +1.905313616e+01 +1.905313616e+01 +1.0322e-01 +1.7301e+00
% f evaluations | g evaluations | best noise-free fitness - Fopt (2.731500000000e+02) + sum g_i+ | measured fitness | best measured fitness or single-digit g-values | x1 | x2...
1 0 +6.676473757e+02 +9.407973757e+02 +9.407973757e+02 +5.9671e-01 -3.8264e-02
2 0 +6.097559518e+02 +8.829059518e+02 +8.829059518e+02 +7.4769e-01 +1.6230e+00
3 0 +5.142386103e+02 +7.873886103e+02 +7.873886103e+02 -1.3415e-01 -1.3414e-01
5 0 +4.209017927e+02 +6.940517927e+02 +6.940517927e+02 -3.6947e-01 +6.4256e-01
6 0 +2.303912751e+02 +5.035412751e+02 +5.035412751e+02 -3.6342e-01 -3.6573e-01
8 0 +1.431101299e+02 +4.162601299e+02 +4.162601299e+02 -1.6249e+00 -4.6229e-01
30 0 +5.515529860e+01 +3.283052986e+02 +3.283052986e+02 -3.2307e+00 +1.0926e+00
32 0 +5.312565405e+01 +3.262756541e+02 +3.262756541e+02 -1.7511e+00 +3.8310e+00
38 0 +3.816720722e+01 +3.113172072e+02 +3.113172072e+02 -4.3571e+00 +1.1418e+00
40 0 +1.752326226e+01 +2.906732623e+02 +2.906732623e+02 -4.3103e+00 +1.6283e+00
96 0 +1.086977220e+01 +2.840197722e+02 +2.840197722e+02 -3.6026e+00 +3.3798e+00
102 0 +1.895284854e+00 +2.750452849e+02 +2.750452849e+02 -4.1622e+00 +2.5848e+00
173 0 +9.628132123e-01 +2.741128132e+02 +2.741128132e+02 -3.4765e+00 +4.0159e+00
226 0 +3.652314939e-01 +2.735152315e+02 +2.735152315e+02 -3.5468e+00 +3.7991e+00
236 0 +2.955409628e-01 +2.734455410e+02 +2.734455410e+02 -3.5363e+00 +3.8520e+00
252 0 +1.046459015e-01 +2.732546459e+02 +2.732546459e+02 -3.6134e+00 +3.6830e+00
283 0 +8.787871799e-02 +2.732378787e+02 +2.732378787e+02 -3.5575e+00 +3.8003e+00
291 0 +1.774321235e-02 +2.731677432e+02 +2.731677432e+02 -3.5813e+00 +3.7489e+00
308 0 +8.913745568e-03 +2.731589137e+02 +2.731589137e+02 -3.5758e+00 +3.7611e+00
327 0 +7.727624432e-03 +2.731577276e+02 +2.731577276e+02 -3.5755e+00 +3.7619e+00
350 0 +7.644491760e-03 +2.731576445e+02 +2.731576445e+02 -3.5817e+00 +3.7480e+00
368 0 +5.803684724e-03 +2.731558037e+02 +2.731558037e+02 -3.5793e+00 +3.7536e+00
371 0 +4.661606803e-03 +2.731546616e+02 +2.731546616e+02 -3.5797e+00 +3.7523e+00
380 0 +3.095551507e-03 +2.731530956e+02 +2.731530956e+02 -3.5788e+00 +3.7547e+00
392 0 +1.448990041e-03 +2.731514490e+02 +2.731514490e+02 -3.5787e+00 +3.7548e+00
393 0 +1.095324719e-03 +2.731510953e+02 +2.731510953e+02 -3.5788e+00 +3.7545e+00
412 0 +1.085370309e-03 +2.731510854e+02 +2.731510854e+02 -3.5788e+00 +3.7546e+00
417 0 +5.242453869e-04 +2.731505242e+02 +2.731505242e+02 -3.5791e+00 +3.7538e+00
446 0 +3.723481121e-04 +2.731503723e+02 +2.731503723e+02 -3.5792e+00 +3.7535e+00
449 0 +3.145732322e-04 +2.731503146e+02 +2.731503146e+02 -3.5792e+00 +3.7537e+00
462 0 +2.584775145e-04 +2.731502585e+02 +2.731502585e+02 -3.5793e+00 +3.7534e+00
467 0 +2.506307972e-04 +2.731502506e+02 +2.731502506e+02 -3.5791e+00 +3.7538e+00
472 0 +2.300429484e-04 +2.731502300e+02 +2.731502300e+02 -3.5792e+00 +3.7535e+00
482 0 +4.586665830e-05 +2.731500459e+02 +2.731500459e+02 -3.5792e+00 +3.7536e+00
488 0 +3.024511301e-05 +2.731500302e+02 +2.731500302e+02 -3.5792e+00 +3.7536e+00
% f evaluations | g evaluations | best noise-free fitness - Fopt (3.718000000000e+01) + sum g_i+ | measured fitness | best measured fitness or single-digit g-values | x1 | x2...
1 0 +8.030459924e+01 +1.174845992e+02 +1.174845992e+02 +5.9671e-01 -3.8264e-02
2 0 +1.412838957e+01 +5.130838957e+01 +5.130838957e+01 +7.4769e-01 +1.6230e+00
22 0 +9.940568129e+00 +4.712056813e+01 +4.712056813e+01 +2.0783e+00 +1.6229e+00
46 0 +6.406063812e+00 +4.358606381e+01 +4.358606381e+01 +3.6686e-01 +1.6114e+00
49 0 +5.923023447e+00 +4.310302345e+01 +4.310302345e+01 +3.0346e-01 +1.6657e+00
115 0 +4.491531838e+00 +4.167153184e+01 +4.167153184e+01 +1.3949e-02 +1.7508e+00
131 0 +1.338001738e+00 +3.851800174e+01 +3.851800174e+01 -3.0252e+00 +2.0108e+00
145 0 +6.568216776e-01 +3.783682168e+01 +3.783682168e+01 -4.3855e+00 +2.1107e+00
170 0 +2.952145786e-01 +3.747521458e+01 +3.747521458e+01 -3.7635e+00 +2.0518e+00
195 0 +1.589170412e-01 +3.733891704e+01 +3.733891704e+01 -4.0230e+00 +2.0749e+00
236 0 +1.585374802e-01 +3.733853748e+01 +3.733853748e+01 -3.9251e+00 +2.0675e+00
241 0 +9.777499074e-02 +3.727777499e+01 +3.727777499e+01 -3.9281e+00 +2.0657e+00
293 0 +7.162378722e-02 +3.725162379e+01 +3.725162379e+01 -3.9268e+00 +2.0612e+00
312 0 +5.774296784e-02 +3.723774297e+01 +3.723774297e+01 -3.8428e+00 +2.0562e+00
318 0 +2.889240958e-02 +3.720889241e+01 +3.720889241e+01 -3.9174e+00 +2.0618e+00
358 0 +1.252884796e-02 +3.719252885e+01 +3.719252885e+01 -3.8978e+00 +2.0602e+00
424 0 +1.235042267e-02 +3.719235042e+01 +3.719235042e+01 -3.8968e+00 +2.0600e+00
443 0 +1.055813649e-03 +3.718105581e+01 +3.718105581e+01 -3.8984e+00 +2.0599e+00
453 0 +1.020142867e-03 +3.718102014e+01 +3.718102014e+01 -3.8991e+00 +2.0600e+00
% f evaluations | g evaluations | best noise-free fitness - Fopt (-1.479000000000e+02) + sum g_i+ | measured fitness | best measured fitness or single-digit g-values | x1 | x2...
1 0 +1.915370303e+02 +4.363703026e+01 +4.363703026e+01 +5.9671e-01 -3.8264e-02
3 0 +1.302309685e+02 -1.766903153e+01 -1.766903153e+01 -1.3415e-01 -1.3414e-01
5 0 +1.168036988e+02 -3.109630124e+01 -3.109630124e+01 -3.6947e-01 +6.4256e-01
6 0 +7.363953923e+01 -7.426046077e+01 -7.426046077e+01 -3.6342e-01 -3.6573e-01
7 0 +1.801690052e+01 -1.298830995e+02 -1.298830995e+02 +3.4196e-01 -1.8133e+00
11 0 +1.306241038e+01 -1.348375896e+02 -1.348375896e+02 -1.7310e-02 -1.5781e+00
14 0 +1.716920842e+00 -1.461830792e+02 -1.461830792e+02 -7.4285e-01 -6.3266e-01
141 0 +1.399738880e+00 -1.465002611e+02 -1.465002611e+02 -8.5656e-01 -5.0536e-01
153 0 +1.264857595e+00 -1.466351424e+02 -1.466351424e+02 -8.3146e-01 -5.6845e-01
% f evaluations | g evaluations | best noise-free fitness - Fopt (4.817100000000e+02) + sum g_i+ | measured fitness | best measured fitness or single-digit g-values | x1 | x2...
1 0 +3.215249168e+02 +8.032349168e+02 +8.032349168e+02 +5.9671e-01 -3.8264e-02
4 0 +2.011753126e+02 +6.828853126e+02 +6.828853126e+02 +1.6792e+00 +8.6743e-01
6 0 +1.573537485e+02 +6.390637485e+02 +6.390637485e+02 -3.6342e-01 -3.6573e-01
7 0 +8.433346467e+01 +5.660434647e+02 +5.660434647e+02 +3.4196e-01 -1.8133e+00
12 0 +2.648480696e+01 +5.081948070e+02 +5.081948070e+02 +3.2576e-01 -3.4443e+00
18 0 +1.418842647e+01 +4.958984265e+02 +4.958984265e+02 +1.4395e+00 -2.3447e+00
27 0 +9.161014544e+00 +4.908710145e+02 +4.908710145e+02 +1.0580e+00 -3.7326e+00
66 0 +3.208087242e+00 +4.849180872e+02 +4.849180872e+02 +9.2247e-01 -3.8015e+00
113 0 +1.860676440e+00 +4.835706764e+02 +4.835706764e+02 +8.6616e-01 -4.5210e+00
125 0 +1.817842164e+00 +4.835278422e+02 +4.835278422e+02 +8.9099e-01 -4.0036e+00
153 0 +1.739142820e+00 +4.834491428e+02 +4.834491428e+02 +1.0654e+00 -3.1322e+00
156 0 +5.711314845e-01 +4.822811315e+02 +4.822811315e+02 +9.7640e-01 -3.4970e+00
181 0 +5.267871716e-01 +4.822367872e+02 +4.822367872e+02 +1.0088e+00 -3.3301e+00
187 0 +3.651692528e-01 +4.820751693e+02 +4.820751693e+02 +1.0105e+00 -3.2250e+00
210 0 +1.427345472e-01 +4.818527345e+02 +4.818527345e+02 +1.0389e+00 -2.8871e+00
249 0 +6.767197772e-02 +4.817776720e+02 +4.817776720e+02 +1.0333e+00 -3.0504e+00
301 0 +5.906491769e-02 +4.817690649e+02 +4.817690649e+02 +1.0398e+00 -2.9319e+00
303 0 +1.951664019e-02 +4.817295166e+02 +4.817295166e+02 +1.0393e+00 -3.0136e+00
322 0 +1.274293601e-02 +4.817227429e+02 +4.817227429e+02 +1.0411e+00 -2.9911e+00
383 0 +9.530476243e-03 +4.817195305e+02 +4.817195305e+02 +1.0408e+00 -2.9973e+00
400 0 +7.604469744e-03 +4.817176045e+02 +4.817176045e+02 +1.0410e+00 -2.9943e+00
408 0 +3.962028793e-03 +4.817139620e+02 +4.817139620e+02 +1.0407e+00 -3.0011e+00
415 0 +1.424859136e-03 +4.817114249e+02 +4.817114249e+02 +1.0409e+00 -3.0004e+00
474 0 +9.918407366e-04 +4.817109918e+02 +4.817109918e+02 +1.0409e+00 -2.9999e+00
493 0 +3.689833172e-04 +4.817103690e+02 +4.817103690e+02 +1.0408e+00 -3.0009e+00
% f evaluations | g evaluations | best noise-free fitness - Fopt (-3.646000000000e+01) + sum g_i+ | measured fitness | best measured fitness or single-digit g-values | x1 | x2...
1 0 +2.297042743e+02 +1.932442743e+02 +1.932442743e+02 +5.9671e-01 -3.8264e-02
3 0 +2.058559432e+02 +1.693959432e+02 +1.693959432e+02 -1.3415e-01 -1.3414e-01
4 0 +1.799148157e+02 +1.434548157e+02 +1.434548157e+02 +1.6792e+00 +8.6743e-01
6 0 +1.420074091e+02 +1.055474091e+02 +1.055474091e+02 -3.6342e-01 -3.6573e-01
7 0 +2.394659658e+01 -1.251340342e+01 -1.251340342e+01 +3.4196e-01 -1.8133e+00
23 0 +1.450705840e+01 -2.195294160e+01 -2.195294160e+01 -7.9289e-01 -1.0108e+00
29 0 +8.186729000e+00 -2.827327100e+01 -2.827327100e+01 -1.4636e-01 -9.4567e-01
66 0 +7.736361923e+00 -2.872363808e+01 -2.872363808e+01 +1.0798e-01 -9.7578e-01
69 0 +7.632647656e+00 -2.882735234e+01 -2.882735234e+01 +1.1014e+00 -1.4313e+00
74 0 +3.828399345e+00 -3.263160066e+01 -3.263160066e+01 +6.7184e-01 -1.3614e+00
90 0 +2.764848416e+00 -3.369515158e+01 -3.369515158e+01 +9.3480e-01 -1.5123e+00
122 0 +2.477382348e+00 -3.398261765e+01 -3.398261765e+01 +1.0472e+00 -1.5317e+00
139 0 +2.274991209e+00 -3.418500879e+01 -3.418500879e+01 +1.1575e+00 -1.6356e+00
143 0 +1.556045148e+00 -3.490395485e+01 -3.490395485e+01 +1.4885e+00 -1.9175e+00
159 0 +1.020881646e+00 -3.543911835e+01 -3.543911835e+01 +1.8268e+00 -2.3280e+00
300 0 +7.743323441e-01 -3.568566766e+01 -3.568566766e+01 +2.1745e+00 -2.9129e+00
341 0 +1.635029728e-01 -3.629649703e+01 -3.629649703e+01 +2.1795e+00 -2.9364e+00
412 0 +1.573182088e-01 -3.630268179e+01 -3.630268179e+01 +2.1307e+00 -2.8627e+00
416 0 +9.761878500e-02 -3.636238122e+01 -3.636238122e+01 +2.0719e+00 -2.7526e+00
423 0 +6.273391243e-02 -3.639726609e+01 -3.639726609e+01 +2.1375e+00 -2.8712e+00
456 0 +3.465011197e-02 -3.642534989e+01 -3.642534989e+01 +2.0998e+00 -2.8085e+00
471 0 +3.344060638e-02 -3.642655939e+01 -3.642655939e+01 +2.1183e+00 -2.8398e+00
472 0 +2.280772672e-02 -3.643719227e+01 -3.643719227e+01 +2.1115e+00 -2.8293e+00
476 0 +1.635597657e-02 -3.644364402e+01 -3.644364402e+01 +2.1184e+00 -2.8409e+00
% f evaluations | g evaluations | best noise-free fitness - Fopt (3.920000000000e+01) + sum g_i+ | measured fitness | best measured fitness or single-digit g-values | x1 | x2...
1 0 +2.509163380e+02 +2.901163380e+02 +2.901163380e+02 +5.9671e-01 -3.8264e-02
2 0 +8.439552436e+01 +1.235955244e+02 +1.235955244e+02 +7.4769e-01 +1.6230e+00
12 0 +1.699467556e+01 +5.619467556e+01 +5.619467556e+01 +2.8426e+00 +1.0269e+00
36 0 +1.365678280e+01 +5.285678280e+01 +5.285678280e+01 +2.7351e+00 +3.7101e-01
41 0 +2.514439217e+00 +4.171443922e+01 +4.171443922e+01 +3.8688e+00 +1.9562e+00
90 0 +1.086601851e+00 +4.028660185e+01 +4.028660185e+01 +4.3220e+00 +2.4595e+00
142 0 +7.564292558e-01 +3.995642926e+01 +3.995642926e+01 +3.3444e+00 +1.1549e+00
146 0 +1.114874056e-01 +3.931148741e+01 +3.931148741e+01 +3.6853e+00 +1.5765e+00
275 0 +1.060247266e-01 +3.930602473e+01 +3.930602473e+01 +3.6499e+00 +1.5369e+00
280 0 +9.795903588e-02 +3.929795904e+01 +3.929795904e+01 +3.6436e+00 +1.5284e+00
286 0 +5.866355670e-02 +3.925866356e+01 +3.925866356e+01 +3.6761e+00 +1.5699e+00
300 0 +4.325430499e-02 +3.924325430e+01 +3.924325430e+01 +3.7291e+00 +1.6393e+00
308 0 +3.195608442e-02 +3.923195608e+01 +3.923195608e+01 +3.6981e+00 +1.5980e+00
347 0 +1.729525584e-02 +3.921729526e+01 +3.921729526e+01 +3.7103e+00 +1.6136e+00
353 0 +1.550314297e-02 +3.921550314e+01 +3.921550314e+01 +3.7203e+00 +1.6264e+00
356 0 +9.030099818e-03 +3.920903010e+01 +3.920903010e+01 +3.7184e+00 +1.6243e+00
379 0 +6.612468649e-03 +3.920661247e+01 +3.920661247e+01 +3.7253e+00 +1.6332e+00
399 0 +3.352859705e-03 +3.920335286e+01 +3.920335286e+01 +3.7213e+00 +1.6279e+00
421 0 +1.702074443e-03 +3.920170207e+01 +3.920170207e+01 +3.7239e+00 +1.6313e+00
450 0 +5.633255405e-04 +3.920056333e+01 +3.920056333e+01 +3.7231e+00 +1.6302e+00
465 0 +2.646427748e-04 +3.920026464e+01 +3.920026464e+01 +3.7231e+00 +1.6302e+00
492 0 +2.300579854e-04 +3.920023006e+01 +3.920023006e+01 +3.7233e+00 +1.6306e+00
% f evaluations | g evaluations | best noise-free fitness - Fopt (-3.225000000000e+01) + sum g_i+ | measured fitness | best measured fitness or single-digit g-values | x1 | x2...
1 0 +2.901476165e+02 +2.578976165e+02 +2.578976165e+02 +5.9671e-01 -3.8264e-02
2 0 +5.109569903e+01 +1.884569903e+01 +1.884569903e+01 +7.4769e-01 +1.6230e+00
4 0 +2.056111441e+01 -1.168888559e+01 -1.168888559e+01 +1.6792e+00 +8.6743e-01
15 0 +1.317292850e+01 -1.907707150e+01 -1.907707150e+01 +1.6620e+00 +9.0555e-01
17 0 +1.047770777e+01 -2.177229223e+01 -2.177229223e+01 +1.2810e+00 +9.5888e-01
52 0 +9.415904041e+00 -2.283409596e+01 -2.283409596e+01 +1.8960e+00 +9.1511e-01
53 0 +4.323453928e+00 -2.792654607e+01 -2.792654607e+01 +2.1921e+00 +8.4496e-01
77 0 +3.501032302e+00 -2.874896770e+01 -2.874896770e+01 +1.7837e+00 +9.6199e-01
82 0 +3.492611799e+00 -2.875738820e+01 -2.875738820e+01 +1.7630e+00 +1.0315e+00
96 0 +3.138541960e+00 -2.911145804e+01 -2.911145804e+01 +1.8870e+00 +8.9808e-01
104 0 +2.899578485e+00 -2.935042152e+01 -2.935042152e+01 +2.1079e+00 +9.0531e-01
131 0 +2.532675500e+00 -2.971732450e+01 -2.971732450e+01 +2.1527e+00 +9.4576e-01
134 0 +1.854549378e+00 -3.039545062e+01 -3.039545062e+01 +2.3606e+00 +9.4302e-01
155 0 +1.572563432e+00 -3.067743657e+01 -3.067743657e+01 +2.3194e+00 +9.0734e-01
162 0 +1.419398611e+00 -3.083060139e+01 -3.083060139e+01 +2.3782e+00 +9.1649e-01
212 0 +1.413650355e+00 -3.083634965e+01 -3.083634965e+01 +2.5548e+00 +8.9964e-01
216 0 +1.038902639e+00 -3.121109736e+01 -3.121109736e+01 +2.5954e+00 +9.1070e-01
224 0 +1.034753263e+00 -3.121524674e+01 -3.121524674e+01 +2.6335e+00 +8.9512e-01
269 0 +1.028019183e+00 -3.122198082e+01 -3.122198082e+01 +2.5901e+00 +8.9878e-01
304 0 +8.664754485e-01 -3.138352455e+01 -3.138352455e+01 +2.8193e+00 +9.2747e-01
331 0 +3.790158787e-01 -3.187098412e+01 -3.187098412e+01 +3.2074e+00 +9.7957e-01
379 0 +2.176343064e-01 -3.203236569e+01 -3.203236569e+01 +3.4000e+00 +1.0153e+00
397 0 +1.034358019e-01 -3.214656420e+01 -3.214656420e+01 +3.6690e+00 +1.0706e+00
437 0 +1.016857701e-01 -3.214831423e+01 -3.214831423e+01 +3.5457e+00 +1.0495e+00
473 0 +3.196213996e-02 -3.221803786e+01 -3.221803786e+01 +3.6067e+00 +1.0642e+00
% f evaluations | g evaluations | best noise-free fitness - Fopt (3.681200000000e+02) + sum g_i+ | measured fitness | best measured fitness or single-digit g-values | x1 | x2...
1 0 +3.758298573e+01 +4.057029857e+02 +4.057029857e+02 +5.9671e-01 -3.8264e-02
6 0 +2.455055228e+01 +3.926705523e+02 +3.926705523e+02 -3.6342e-01 -3.6573e-01
14 0 +1.907963292e+01 +3.871996329e+02 +3.871996329e+02 -1.0615e+00 -5.8927e-01
18 0 +1.000456328e+01 +3.781245633e+02 +3.781245633e+02 +3.1018e-01 -1.0146e+00
24 0 +5.012138185e+00 +3.731321382e+02 +3.731321382e+02 -4.8830e-01 -9.5678e-01
29 0 +3.484495843e+00 +3.716044958e+02 +3.716044958e+02 -1.6951e+00 -1.1212e+00
68 0 +3.198543438e+00 +3.713185434e+02 +3.713185434e+02 -1.6985e-01 -1.0426e+00
126 0 +2.800938368e+00 +3.709209384e+02 +3.709209384e+02 -1.3207e-01 -1.0009e+00
127 0 +2.668583325e+00 +3.707885833e+02 +3.707885833e+02 -3.9820e-01 -9.4522e-01
132 0 +2.150783400e+00 +3.702707834e+02 +3.702707834e+02 -7.3344e-01 -1.0285e+00
282 0 +1.870665356e+00 +3.699906654e+02 +3.699906654e+02 -2.2533e+00 -1.1511e+00
310 0 +1.328681893e+00 +3.694486819e+02 +3.694486819e+02 -2.5213e+00 -1.0613e+00
311 0 +9.521163185e-01 +3.690721163e+02 +3.690721163e+02 -2.8235e+00 -1.1307e+00
326 0 +9.060617780e-01 +3.690260618e+02 +3.690260618e+02 -2.9973e+00 -1.1172e+00
387 0 +6.230280667e-01 +3.687430281e+02 +3.687430281e+02 -2.8281e+00 -1.1291e+00
402 0 +6.225411297e-01 +3.687425411e+02 +3.687425411e+02 -2.0244e+00 -1.0781e+00
404 0 +2.464629925e-01 +3.683664630e+02 +3.683664630e+02 -2.2190e+00 -1.0770e+00
419 0 +2.132729067e-01 +3.683332729e+02 +3.683332729e+02 -2.3441e+00 -1.0874e+00
453 0 +1.017904065e-01 +3.682217904e+02 +3.682217904e+02 -2.5208e+00 -1.0907e+00
455 0 +4.858745845e-02 +3.681685875e+02 +3.681685875e+02 -2.4331e+00 -1.0887e+00
499 0 +3.171846339e-02 +3.681517185e+02 +3.681517185e+02 -2.4683e+00 -1.0906e+00
