% f evaluations | g evaluations | best noise-free fitness - Fopt (-1.694000000000e+01) + sum g_i+ | measured fitness | best measured fitness or single-digit g-values | x1 | x2...
1 0 +4.225253210e+01 +2.531253210e+01 +2.531253210e+01 +5.9671e-01 -3.8264e-02 +7.4769e-01 +1.6230e+00 -1.3415e-01
5 0 +3.530483772e+01 +1.836483772e+01 +1.836483772e+01 +1.5656e+00 -1.2578e-01 +1.6753e-01 -1.3247e+00 -4.4438e-01
29 0 +3.274593966e+01 +1.580593966e+01 +1.580593966e+01 +1.5671e+00 -5.1654e-01 +5.6696e-02 +1.9633e+00 +1.3788e+00
42 0 +2.836668003e+01 +1.142668003e+01 +1.142668003e+01 +2.4386e+00 -6.8053e-01 -1.0320e+00 -1.2211e-01 -9.6294e-02
51 0 +1.918038112e+01 +2.240381119e+00 +2.240381119e+00 +3.1016e+00 +7.5703e-01 -1.4514e+00 +2.3265e+00 +9.8242e-01
85 0 +1.290108749e+01 -4.038912508e+00 -4.038912508e+00 +2.2498e+00 +1.2469e+00 -2.0323e+00 +2.0863e+00 +1.1325e+00
122 0 +1.075408788e+01 -6.185912119e+00 -6.185912119e+00 +1.9624e+00 +1.1284e+00 -2.0022e+00 +1.8045e+00 +4.7764e-01
143 0 +8.669695819e+00 -8.270304181e+00 -8.270304181e+00 +3.4952e+00 +1.4670e+00 -1.7231e+00 +1.5945e+00 +1.2975e+00
154 0 +7.083485146e+00 -9.856514854e+00 -9.856514854e+00 +1.9587e+00 +1.7937e+00 -2.4330e+00 +2.1046e+00 +5.3143e-01
199 0 +6.239161337e+00 -1.070083866e+01 -1.070083866e+01 +2.8334e+00 +1.4994e+00 -2.2619e+00 +2.0659e+00 +1.5505e+00
229 0 +6.123446247e+00 -1.081655375e+01 -1.081655375e+01 +3.0101e+00 +2.4254e+00 -2.0196e+00 +1.4692e+00 +8.2867e-01
244 0 +5.287364153e+00 -1.165263585e+01 -1.165263585e+01 +4.3593e+00 +1.9503e+00 -1.1405e+00 +1.6473e+00 +1.1762e+00
321 0 +4.961191427e+00 -1.197880857e+01 -1.197880857e+01 +2.0661e+00 +1.1537e+00 -2.1825e+00 +2.4474e+00 +9.4097e-01
325 0 +3.361947839e+00 -1.357805216e+01 -1.357805216e+01 +2.2766e+00 +1.6837e+00 -2.4953e+00 +2.0832e+00 +1.3223e+00
469 0 +2.586961415e+00 -1.435303859e+01 -1.435303859e+01 +2.7063e+00 +2.4529e+00 -1.9341e+00 +1.8340e+00 +1.1802e+00
565 0 +1.605214266e+00 -1.533478573e+01 -1.533478573e+01 +4.3539e+00 +2.9488e+00 -1.2256e+00 +1.0248e+00 +1.7532e+00
617 0 +1.035090591e+00 -1.590490941e+01 -1.590490941e+01 +3.7677e+00 +2.6042e+00 -1.5694e+00 +1.3427e+00 +1.5898e+00
626 0 +1.025818003e+00 -1.591418200e+01 -1.591418200e+01 +4.1490e+00 +2.9984e+00 -1.2914e+00 +1.2011e+00 +1.5826e+00
658 0 +6.680118480e-01 -1.627198815e+01 -1.627198815e+01 +3.4119e+00 +2.5542e+00 -1.6553e+00 +1.5219e+00 +1.3974e+00
710 0 +4.519173222e-01 -1.648808268e+01 -1.648808268e+01 +3.6967e+00 +2.4693e+00 -1.5786e+00 +1.4995e+00 +1.4270e+00
727 0 +4.485329284e-01 -1.649146707e+01 -1.649146707e+01 +3.5680e+00 +2.4066e+00 -1.6154e+00 +1.5731e+00 +1.3910e+00
749 0 +3.622567168e-01 -1.657774328e+01 -1.657774328e+01 +3.7013e+00 +2.5202e+00 -1.5365e+00 +1.4497e+00 +1.3967e+00
769 0 +3.300098183e-01 -1.660999018e+01 -1.660999018e+01 +3.5671e+00 +2.4589e+00 -1.5716e+00 +1.5611e+00 +1.3377e+00
789 0 +2.005772582e-01 -1.673942274e+01 -1.673942274e+01 +3.6431e+00 +2.5765e+00 -1.5334e+00 +1.4443e+00 +1.4126e+00
823 0 +9.404737655e-02 -1.684595262e+01 -1.684595262e+01 +3.6472e+00 +2.5354e+00 -1.5303e+00 +1.4711e+00 +1.3935e+00
1001 0 +8.759842594e-02 -1.685240157e+01 -1.685240157e+01 +3.6485e+00 +2.5531e+00 -1.5257e+00 +1.4692e+00 +1.3884e+00
1008 0 +6.835798792e-02 -1.687164201e+01 -1.687164201e+01 +3.6787e+00 +2.5793e+00 -1.5123e+00 +1.4481e+00 +1.4044e+00
1064 0 +6.322295451e-02 -1.687677705e+01 -1.687677705e+01 +3.6637e+00 +2.5688e+00 -1.5223e+00 +1.4587e+00 +1.4004e+00
1065 0 +2.237538048e-02 -1.691762462e+01 -1.691762462e+01 +3.6547e+00 +2.5561e+00 -1.5282e+00 +1.4651e+00 +1.3959e+00
1066 0 +1.992611150e-02 -1.692007389e+01 -1.692007389e+01 +3.6415e+00 +2.5308e+00 -1.5413e+00 +1.4847e+00 +1.3909e+00
1152 0 +1.901504539e-02 -1.692098495e+01 -1.692098495e+01 +3.6653e+00 +2.5613e+00 -1.5248e+00 +1.4631e+00 +1.4002e+00
1162 0 +1.800693631e-02 -1.692199306e+01 -1.692199306e+01 +3.6631e+00 +2.5552e+00 -1.5255e+00 +1.4647e+00 +1.3974e+00
1187 0 +9.903552412e-03 -1.693009645e+01 -1.693009645e+01 +3.6426e+00 +2.5411e+00 -1.5371e+00 +1.4776e+00 +1.3933e+00
1196 0 +9.583123812e-03 -1.693041688e+01 -1.693041688e+01 +3.6567e+00 +2.5507e+00 -1.5274e+00 +1.4702e+00 +1.3943e+00
% f evaluations | g evaluations | best noise-free fitness - Fopt (1.881000000000e+01) + sum g_i+ | measured fitness | best measured fitness or single-digit g-values | x1 | x2...
1 0 +6.065066736e+01 +7.946066736e+01 +7.946066736e+01 +5.9671e-01 -3.8264e-02 +7.4769e-01 +1.6230e+00 -1.3415e-01
2 0 +2.078231662e+01 +3.959231662e+01 +3.959231662e+01 -1.3414e-01 +1.6792e+00 +8.6743e-01 -3.6947e-01 +6.4256e-01
5 0 +1.786164433e+01 +3.667164433e+01 +3.667164433e+01 +1.5656e+00 -1.2578e-01 +1.6753e-01 -1.3247e+00 -4.4438e-01
7 0 +8.274520573e+00 +2.708452057e+01 +2.708452057e+01 -5.0171e-01 +1.9523e+00 +8.6503e-02 -9.5771e-01 +9.2254e-01
36 0 +6.576314429e+00 +2.538631443e+01 +2.538631443e+01 +4.5485e-01 +8.7479e-01 -3.4527e-01 -1.2165e+00 +1.4302e+00
73 0 +4.577479048e+00 +2.338747905e+01 +2.338747905e+01 -3.1689e-01 +2.2146e+00 -1.4915e+00 +1.6460e-01 +1.4873e+00
119 0 +2.364578780e+00 +2.117457878e+01 +2.117457878e+01 -5.8697e-01 +1.6726e+00 -1.0797e+00 +6.8942e-01 +6.4515e-01
270 0 +1.967991047e+00 +2.077799105e+01 +2.077799105e+01 -3.1645e-01 +1.7264e+00 -9.9420e-01 -1.3205e-01 +1.8030e+00
341 0 +1.695494212e+00 +2.050549421e+01 +2.050549421e+01 -5.1105e-02 +1.8915e+00 -7.2975e-01 -2.1230e-01 +1.7004e+00
351 0 +1.209130200e+00 +2.001913020e+01 +2.001913020e+01 -1.2324e-01 +1.5909e+00 -8.2665e-01 -1.6156e-01 +1.8127e+00
380 0 +1.179794436e+00 +1.998979444e+01 +1.998979444e+01 -1.0827e-01 +1.3634e+00 -7.5801e-01 -4.0788e-01 +1.6200e+00
447 0 +1.165072612e+00 +1.997507261e+01 +1.997507261e+01 -3.1593e-01 +1.4626e+00 -8.5282e-01 -8.3683e-02 +1.5830e+00
457 0 +1.126269783e+00 +1.993626978e+01 +1.993626978e+01 -3.0017e-01 +1.8116e+00 -8.8109e-01 +1.4133e-01 +1.3167e+00
458 0 +1.015813951e+00 +1.982581395e+01 +1.982581395e+01 -2.0905e-01 +1.5716e+00 -8.2370e-01 -2.8335e-01 +1.7788e+00
468 0 +9.132960288e-01 +1.972329603e+01 +1.972329603e+01 -1.1688e-01 +1.5715e+00 -8.6021e-01 -3.6181e-01 +1.9106e+00
469 0 +8.653512417e-01 +1.967535124e+01 +1.967535124e+01 -1.3930e-01 +1.9499e+00 -8.7405e-01 -7.7363e-02 +1.6300e+00
483 0 +8.197919773e-01 +1.962979198e+01 +1.962979198e+01 -1.8707e-01 +1.8725e+00 -8.1655e-01 -2.5804e-02 +1.5645e+00
525 0 +6.103985314e-01 +1.942039853e+01 +1.942039853e+01 -1.2184e-01 +1.5150e+00 -8.2595e-01 -4.3600e-01 +2.0023e+00
574 0 +5.127740515e-01 +1.932277405e+01 +1.932277405e+01 -1.5463e-01 +1.4788e+00 -8.1520e-01 -2.9907e-01 +1.9280e+00
638 0 +4.251649296e-01 +1.923516493e+01 +1.923516493e+01 -1.5124e-01 +1.7758e+00 -7.9926e-01 -8.1384e-02 +1.7568e+00
655 0 +4.000412576e-01 +1.921004126e+01 +1.921004126e+01 -1.9398e-01 +1.9206e+00 -8.5829e-01 -3.3111e-03 +1.6210e+00
679 0 +3.239465354e-01 +1.913394654e+01 +1.913394654e+01 -1.6362e-01 +1.7216e+00 -8.3609e-01 -9.4866e-02 +1.7144e+00
750 0 +3.162871230e-01 +1.912628712e+01 +1.912628712e+01 -1.9190e-01 +1.6779e+00 -8.3232e-01 -8.6045e-02 +1.6828e+00
770 0 +2.321837037e-01 +1.904218370e+01 +1.904218370e+01 -1.4674e-01 +1.6216e+00 -7.8513e-01 -2.8598e-01 +1.9003e+00
805 0 +1.760579182e-01 +1.898605792e+01 +1.898605792e+01 -1.8295e-01 +1.7547e+00 -8.2606e-01 -6.1223e-02 +1.6690e+00
860 0 +1.737955319e-01 +1.898379553e+01 +1.898379553e+01 -1.9028e-01 +1.7841e+00 -8.3720e-01 -2.6399e-02 +1.6831e+00
862 0 +1.714718287e-01 +1.898147183e+01 +1.898147183e+01 -1.7573e-01 +1.7551e+00 -8.1121e-01 -1.0533e-01 +1.7215e+00
863 0 +1.647372077e-01 +1.897473721e+01 +1.897473721e+01 -1.7090e-01 +1.7489e+00 -8.0522e-01 -1.0568e-01 +1.7492e+00
880 0 +1.394993649e-01 +1.894949936e+01 +1.894949936e+01 -1.6990e-01 +1.7153e+00 -8.1046e-01 -1.2511e-01 +1.7365e+00
916 0 +1.371411608e-01 +1.894714116e+01 +1.894714116e+01 -1.7811e-01 +1.7916e+00 -8.1877e-01 -7.5367e-02 +1.7223e+00
951 0 +8.524333751e-02 +1.889524334e+01 +1.889524334e+01 -1.7729e-01 +1.7773e+00 -8.1314e-01 -7.1355e-02 +1.7097e+00
996 0 +6.540216869e-02 +1.887540217e+01 +1.887540217e+01 -1.7214e-01 +1.7503e+00 -8.0399e-01 -1.0483e-01 +1.7272e+00
1056 0 +5.290735859e-02 +1.886290736e+01 +1.886290736e+01 -1.7405e-01 +1.7370e+00 -8.0961e-01 -9.9272e-02 +1.7300e+00
1087 0 +5.000277011e-02 +1.886000277e+01 +1.886000277e+01 -1.8661e-01 +1.7669e+00 -8.1905e-01 -4.9667e-02 +1.6771e+00
1105 0 +3.598260380e-02 +1.884598260e+01 +1.884598260e+01 -1.8029e-01 +1.7733e+00 -8.1291e-01 -6.6283e-02 +1.7033e+00
1132 0 +2.768486704e-02 +1.883768487e+01 +1.883768487e+01 -1.8578e-01 +1.7626e+00 -8.2063e-01 -5.2332e-02 +1.6864e+00
1139 0 +1.175444755e-02 +1.882175445e+01 +1.882175445e+01 -1.8549e-01 +1.7690e+00 -8.1855e-01 -5.3701e-02 +1.6919e+00
% f evaluations | g evaluations | best noise-free fitness - Fopt (2.731500000000e+02) + sum g_i+ | measured fitness | best measured fitness or single-digit g-values | x1 | x2...
1 0 +6.736220724e+01 +3.405122072e+02 +3.405122072e+02 +5.9671e-01 -3.8264e-02 +7.4769e-01 +1.6230e+00 -1.3415e-01
2 0 +2.670514994e+01 +2.998551499e+02 +2.998551499e+02 -1.3414e-01 +1.6792e+00 +8.6743e-01 -3.6947e-01 +6.4256e-01
68 0 +2.568246247e+01 +2.988324625e+02 +2.988324625e+02 -3.7805e-01 +2.2287e+00 +7.0609e-01 -9.5715e-01 +2.2293e+00
85 0 +2.150679681e+01 +2.946567968e+02 +2.946567968e+02 +2.7342e+00 +3.0402e+00 +9.1949e-01 +7.3497e-02 +9.2744e-01
115 0 +1.831009152e+01 +2.914600915e+02 +2.914600915e+02 +3.8656e+00 +4.7303e+00 +1.5094e+00 +7.2741e-01 +3.9642e-01
121 0 +1.795215163e+01 +2.911021516e+02 +2.911021516e+02 +2.1256e+00 +3.0232e+00 +2.8216e+00 +2.5943e+00 +6.3017e-01
124 0 +1.283555434e+01 +2.859855543e+02 +2.859855543e+02 +1.2156e+00 +3.5517e+00 +1.9711e+00 +2.5001e+00 +2.0157e+00
129 0 +1.121759324e+01 +2.843675932e+02 +2.843675932e+02 +3.8423e+00 +4.0723e+00 +1.0080e+00 +1.7980e+00 +1.8425e+00
216 0 +1.036590150e+01 +2.835159015e+02 +2.835159015e+02 +2.5771e-01 +2.7105e+00 -4.0241e-01 +1.0155e+00 +2.1231e+00
220 0 +1.020865028e+01 +2.833586503e+02 +2.833586503e+02 +4.5119e-01 +4.3147e+00 -4.0248e-01 +2.1643e+00 +1.0026e+00
234 0 +8.548503391e+00 +2.816985034e+02 +2.816985034e+02 +5.6543e-01 +3.9862e+00 -8.5968e-01 +1.2714e+00 +1.6223e+00
259 0 +7.902723631e+00 +2.810527236e+02 +2.810527236e+02 -6.5684e-01 +3.4572e+00 +4.4089e-01 +2.1448e+00 +1.4933e+00
280 0 +3.590853012e+00 +2.767408530e+02 +2.767408530e+02 +2.2690e+00 +4.0210e+00 +3.8504e-01 +1.6775e+00 +1.1018e+00
393 0 +3.583547039e+00 +2.767335470e+02 +2.767335470e+02 +2.3180e+00 +3.6643e+00 +8.6874e-01 +1.9221e+00 +1.0122e+00
396 0 +3.555887203e+00 +2.767058872e+02 +2.767058872e+02 +1.2983e+00 +4.1967e+00 -2.3123e-01 +1.6765e+00 +1.0378e+00
401 0 +3.548908545e+00 +2.766989085e+02 +2.766989085e+02 +1.0318e+00 +3.4930e+00 +5.5886e-01 +2.0685e+00 +1.1284e+00
435 0 +3.348944508e+00 +2.764989445e+02 +2.764989445e+02 +2.2784e+00 +3.9707e+00 +5.6506e-01 +1.7021e+00 +8.8109e-01
457 0 +2.622689614e+00 +2.757726896e+02 +2.757726896e+02 +1.3703e+00 +3.7315e+00 +5.3469e-01 +1.9768e+00 +1.1891e+00
484 0 +2.387467079e+00 +2.755374671e+02 +2.755374671e+02 +1.4057e+00 +3.9064e+00 +2.1899e-01 +1.7567e+00 +1.1459e+00
486 0 +2.127257980e+00 +2.752772580e+02 +2.752772580e+02 +1.1974e+00 +3.9021e+00 +6.4231e-02 +1.8289e+00 +1.2340e+00
534 0 +1.993453179e+00 +2.751434532e+02 +2.751434532e+02 +1.2697e+00 +3.9970e+00 +1.7924e-02 +1.7206e+00 +1.2314e+00
544 0 +1.923299345e+00 +2.750732993e+02 +2.750732993e+02 +1.2074e+00 +4.0718e+00 -3.6594e-01 +1.5601e+00 +1.1033e+00
559 0 +1.868305724e+00 +2.750183057e+02 +2.750183057e+02 +1.2408e+00 +3.9209e+00 +2.9957e-01 +1.8699e+00 +1.1858e+00
571 0 +1.780825085e+00 +2.749308251e+02 +2.749308251e+02 +1.2365e+00 +3.9385e+00 +3.1028e-01 +1.8510e+00 +1.1075e+00
572 0 +1.760170435e+00 +2.749101704e+02 +2.749101704e+02 +1.4486e+00 +3.9501e+00 +1.3539e-01 +1.8358e+00 +1.1009e+00
575 0 +1.594468291e+00 +2.747444683e+02 +2.747444683e+02 +1.2691e+00 +4.0163e+00 +5.1203e-03 +1.7561e+00 +1.0837e+00
608 0 +1.564331414e+00 +2.747143314e+02 +2.747143314e+02 +1.3425e+00 +3.8949e+00 +2.7017e-02 +1.7661e+00 +1.0792e+00
627 0 +1.471492002e+00 +2.746214920e+02 +2.746214920e+02 +1.3694e+00 +4.0243e+00 -3.8034e-02 +1.6852e+00 +1.0918e+00
660 0 +1.362314717e+00 +2.745123147e+02 +2.745123147e+02 +1.2754e+00 +3.9457e+00 +8.8049e-02 +1.7704e+00 +1.1275e+00
661 0 +1.337197728e+00 +2.744871977e+02 +2.744871977e+02 +1.2370e+00 +3.9630e+00 -1.1052e-01 +1.6836e+00 +1.1212e+00
683 0 +1.244557202e+00 +2.743945572e+02 +2.743945572e+02 +1.2859e+00 +3.9423e+00 +1.1064e-01 +1.7990e+00 +1.1219e+00
726 0 +1.165973217e+00 +2.743159732e+02 +2.743159732e+02 +1.2390e+00 +3.9141e+00 +7.1581e-02 +1.7684e+00 +1.1466e+00
736 0 +1.024550635e+00 +2.741745506e+02 +2.741745506e+02 +1.3000e+00 +3.9263e+00 +6.0486e-02 +1.7399e+00 +1.1131e+00
785 0 +9.359746719e-01 +2.740859747e+02 +2.740859747e+02 +1.3232e+00 +3.9192e+00 +1.7875e-01 +1.8014e+00 +1.1231e+00
786 0 +7.841608995e-01 +2.739341609e+02 +2.739341609e+02 +1.2954e+00 +3.8770e+00 +1.2983e-01 +1.7886e+00 +1.1447e+00
842 0 +6.801616678e-01 +2.738301617e+02 +2.738301617e+02 +1.3431e+00 +3.9223e+00 +3.7657e-02 +1.7398e+00 +1.1203e+00
856 0 +6.743589355e-01 +2.738243589e+02 +2.738243589e+02 +1.2925e+00 +3.8949e+00 +1.4304e-01 +1.7951e+00 +1.1349e+00
858 0 +6.512486364e-01 +2.738012486e+02 +2.738012486e+02 +1.3209e+00 +3.8929e+00 +1.1408e-01 +1.7787e+00 +1.1304e+00
915 0 +6.118607393e-01 +2.737618607e+02 +2.737618607e+02 +1.2002e+00 +3.8914e+00 +1.2571e-01 +1.8157e+00 +1.1493e+00
938 0 +5.975297366e-01 +2.737475297e+02 +2.737475297e+02 +1.3010e+00 +3.8914e+00 +1.3951e-01 +1.7976e+00 +1.1368e+00
1013 0 +5.642685389e-01 +2.737142685e+02 +2.737142685e+02 +1.3100e+00 +3.8982e+00 +1.0414e-01 +1.7820e+00 +1.1328e+00
1044 0 +5.429925104e-01 +2.736929925e+02 +2.736929925e+02 +1.2997e+00 +3.8916e+00 +1.1505e-01 +1.7917e+00 +1.1371e+00
1051 0 +4.492870175e-01 +2.735992870e+02 +2.735992870e+02 +1.3037e+00 +3.8977e+00 +1.1028e-01 +1.7854e+00 +1.1348e+00
1093 0 +4.222407187e-01 +2.735722407e+02 +2.735722407e+02 +1.2952e+00 +3.8931e+00 +1.2124e-01 +1.7939e+00 +1.1362e+00
% f evaluations | g evaluations | best noise-free fitness - Fopt (3.718000000000e+01) + sum g_i+ | measured fitness | best measured fitness or single-digit g-values | x1 | x2...
1 0 +1.005315345e+02 +1.377115345e+02 +1.377115345e+02 +5.9671e-01 -3.8264e-02 +7.4769e-01 +1.6230e+00 -1.3415e-01
6 0 +8.840997479e+01 +1.255899748e+02 +1.255899748e+02 +2.1092e-01 -1.0510e+00 +4.7570e-01 -5.0064e-01 -1.9169e-01
10 0 +6.656628982e+01 +1.037462898e+02 +1.037462898e+02 -6.1984e-01 -3.6064e-01 +1.1571e+00 +4.4362e-01 -1.6630e+00
17 0 +6.426908274e+01 +1.014490827e+02 +1.014490827e+02 -1.1967e-01 +4.5711e-01 +1.5779e+00 -4.1827e-01 -7.0849e-01
29 0 +5.193738367e+01 +8.911738367e+01 +8.911738367e+01 -2.8160e+00 +2.2257e+00 +1.3427e+00 +2.0415e+00 -7.5222e-01
30 0 +4.922565641e+01 +8.640565641e+01 +8.640565641e+01 +8.4585e-02 -1.0802e+00 +1.1095e+00 +4.3947e-01 -2.1386e+00
34 0 +3.912741398e+01 +7.630741398e+01 +7.630741398e+01 -1.0048e+00 +4.0357e-01 +1.9331e+00 +4.5321e-01 -1.0737e+00
42 0 +2.321604409e+01 +6.039604409e+01 +6.039604409e+01 -6.4550e-01 +1.2791e+00 +3.2344e+00 +3.8039e-01 -4.8835e-01
47 0 +1.787196050e+01 +5.505196050e+01 +5.505196050e+01 -6.1296e-01 +9.5270e-01 +2.6346e+00 +3.3124e-01 -3.3429e+00
62 0 +1.408819357e+01 +5.126819357e+01 +5.126819357e+01 -2.8492e+00 +2.2532e+00 +2.8996e+00 +1.6822e+00 -9.3376e-01
84 0 +4.722431506e+00 +4.190243151e+01 +4.190243151e+01 -3.6372e+00 +2.5846e+00 +2.2551e+00 +1.5745e+00 -3.7574e+00
242 0 +4.450470023e+00 +4.163047002e+01 +4.163047002e+01 -3.4211e+00 +2.2088e+00 +1.9914e+00 +1.7939e+00 -3.3814e+00
252 0 +2.085529559e+00 +3.926552956e+01 +3.926552956e+01 -3.6135e+00 +1.8729e+00 +2.3803e+00 +1.6018e+00 -3.9607e+00
422 0 +1.964721488e+00 +3.914472149e+01 +3.914472149e+01 -3.5110e+00 +1.8379e+00 +2.1003e+00 +1.3202e+00 -3.3730e+00
443 0 +1.901083975e+00 +3.908108398e+01 +3.908108398e+01 -4.1609e+00 +2.0415e+00 +1.7164e+00 +1.6228e+00 -3.4413e+00
462 0 +9.088676830e-01 +3.808886768e+01 +3.808886768e+01 -3.9713e+00 +2.1132e+00 +1.9359e+00 +1.6988e+00 -3.6066e+00
591 0 +7.260194396e-01 +3.790601944e+01 +3.790601944e+01 -4.1573e+00 +2.2690e+00 +1.8978e+00 +1.6290e+00 -3.6052e+00
719 0 +6.999106335e-01 +3.787991063e+01 +3.787991063e+01 -4.3241e+00 +2.3237e+00 +1.6874e+00 +1.7057e+00 -3.5654e+00
722 0 +6.982963702e-01 +3.787829637e+01 +3.787829637e+01 -4.1960e+00 +2.1312e+00 +1.5486e+00 +1.7455e+00 -3.6628e+00
730 0 +6.603946933e-01 +3.784039469e+01 +3.784039469e+01 -3.9355e+00 +2.2450e+00 +2.1594e+00 +1.5675e+00 -3.5690e+00
733 0 +6.260549079e-01 +3.780605491e+01 +3.780605491e+01 -3.9604e+00 +2.0672e+00 +1.8748e+00 +1.6599e+00 -3.5070e+00
762 0 +5.807674448e-01 +3.776076744e+01 +3.776076744e+01 -3.9797e+00 +2.0966e+00 +1.9267e+00 +1.6165e+00 -3.5148e+00
776 0 +4.813791006e-01 +3.766137910e+01 +3.766137910e+01 -3.8883e+00 +2.1401e+00 +2.1557e+00 +1.5654e+00 -3.5257e+00
787 0 +3.514211778e-01 +3.753142118e+01 +3.753142118e+01 -3.8606e+00 +2.0112e+00 +2.0733e+00 +1.6111e+00 -3.5589e+00
847 0 +2.490697004e-01 +3.742906970e+01 +3.742906970e+01 -3.8685e+00 +2.0653e+00 +2.0950e+00 +1.6147e+00 -3.5251e+00
866 0 +1.977614607e-01 +3.737776146e+01 +3.737776146e+01 -3.8017e+00 +2.0413e+00 +2.1787e+00 +1.5746e+00 -3.5120e+00
867 0 +1.783973836e-01 +3.735839738e+01 +3.735839738e+01 -3.8357e+00 +2.0381e+00 +2.1246e+00 +1.5916e+00 -3.5054e+00
886 0 +1.554193960e-01 +3.733541940e+01 +3.733541940e+01 -3.7513e+00 +2.0245e+00 +2.2202e+00 +1.5534e+00 -3.4661e+00
914 0 +1.095002361e-01 +3.728950024e+01 +3.728950024e+01 -3.8638e+00 +2.0685e+00 +2.1063e+00 +1.5902e+00 -3.5026e+00
1002 0 +5.312370825e-02 +3.723312371e+01 +3.723312371e+01 -3.9902e+00 +2.0824e+00 +1.9229e+00 +1.6395e+00 -3.5712e+00
1087 0 +3.880259095e-02 +3.721880259e+01 +3.721880259e+01 -3.9079e+00 +2.0716e+00 +2.0433e+00 +1.6093e+00 -3.5367e+00
1116 0 +2.973363210e-02 +3.720973363e+01 +3.720973363e+01 -3.8923e+00 +2.0609e+00 +2.0452e+00 +1.6092e+00 -3.5316e+00
1179 0 +2.923109476e-02 +3.720923109e+01 +3.720923109e+01 -3.8932e+00 +2.0624e+00 +2.0532e+00 +1.6064e+00 -3.5319e+00
1181 0 +2.708083122e-02 +3.720708083e+01 +3.720708083e+01 -3.8983e+00 +2.0598e+00 +2.0397e+00 +1.6114e+00 -3.5335e+00
1192 0 +1.663474299e-02 +3.719663474e+01 +3.719663474e+01 -3.9009e+00 +2.0560e+00 +2.0323e+00 +1.6121e+00 -3.5358e+00
% f evaluations | g evaluations | best noise-free fitness - Fopt (-1.479000000000e+02) + sum g_i+ | measured fitness | best measured fitness or single-digit g-values | x1 | x2...
1 0 +5.695600115e+01 -9.094399885e+01 -9.094399885e+01 +5.9671e-01 -3.8264e-02 +7.4769e-01 +1.6230e+00 -1.3415e-01
2 0 +4.792501611e+01 -9.997498389e+01 -9.997498389e+01 -1.3414e-01 +1.6792e+00 +8.6743e-01 -3.6947e-01 +6.4256e-01
3 0 +3.363324061e+01 -1.142667594e+02 -1.142667594e+02 -3.6342e-01 -3.6573e-01 +3.4196e-01 -1.8133e+00 -1.6249e+00
4 0 +1.865371827e+01 -1.292462817e+02 -1.292462817e+02 -4.6229e-01 -9.1283e-01 +4.1425e-01 -8.0802e-01 -1.3123e+00
34 0 +1.822825299e+01 -1.296717470e+02 -1.296717470e+02 +1.2600e-01 +8.6749e-01 +3.2397e+00 -1.2014e+00 -2.8589e+00
36 0 +1.142285815e+01 -1.364771418e+02 -1.364771418e+02 -1.3086e+00 +4.3400e-01 +1.5624e+00 -9.0619e-01 -2.0115e+00
90 0 +1.021258237e+01 -1.376874176e+02 -1.376874176e+02 -2.5164e+00 +2.7575e-01 +2.9589e+00 -3.2261e-01 -1.5915e+00
109 0 +5.537033060e+00 -1.423629669e+02 -1.423629669e+02 -2.4917e+00 +3.5009e-01 +1.6267e-01 -1.2349e+00 -2.3289e+00
139 0 +5.488773641e+00 -1.424112264e+02 -1.424112264e+02 -3.0647e+00 +5.5651e-01 +2.6585e-02 -1.0225e+00 -2.3541e+00
258 0 +4.506648046e+00 -1.433933520e+02 -1.433933520e+02 -2.0049e+00 +1.7060e-02 +6.2503e-01 -1.4385e+00 -2.7739e+00
266 0 +4.299878704e+00 -1.436001213e+02 -1.436001213e+02 -1.7771e+00 +2.9571e-01 +1.0342e+00 -1.6806e+00 -2.5583e+00
274 0 +4.168435803e+00 -1.437315642e+02 -1.437315642e+02 -1.0125e+00 +2.2325e-01 +5.4419e-01 -2.7021e+00 -3.6316e+00
280 0 +4.134180499e+00 -1.437658195e+02 -1.437658195e+02 -1.5681e+00 -3.7587e-01 +2.1159e+00 -2.0898e+00 -2.9669e+00
298 0 +3.503183948e+00 -1.443968161e+02 -1.443968161e+02 -1.5178e+00 -5.7691e-01 +2.3967e+00 -1.5651e+00 -2.5618e+00
304 0 +3.393422713e+00 -1.445065773e+02 -1.445065773e+02 -1.6962e+00 -3.8217e-01 +1.0347e+00 -2.3374e+00 -3.2001e+00
310 0 +2.852914105e+00 -1.450470859e+02 -1.450470859e+02 -1.4941e+00 -3.0420e-01 +2.0701e+00 -2.1452e+00 -2.9728e+00
311 0 +2.200595396e+00 -1.456994046e+02 -1.456994046e+02 -1.4934e+00 +4.8419e-01 +3.5645e-01 -2.4495e+00 -3.7920e+00
354 0 +1.569571357e+00 -1.463304286e+02 -1.463304286e+02 -1.5180e+00 +3.6515e-01 +7.4097e-01 -2.3071e+00 -3.4359e+00
391 0 +1.556064466e+00 -1.463439355e+02 -1.463439355e+02 -1.7173e+00 +3.9736e-01 +6.5840e-01 -2.2945e+00 -3.4912e+00
431 0 +1.330921723e+00 -1.465690783e+02 -1.465690783e+02 -1.7926e+00 +3.4107e-01 +5.0795e-01 -2.2691e+00 -3.4218e+00
471 0 +1.098261021e+00 -1.468017390e+02 -1.468017390e+02 -1.7103e+00 +3.0673e-01 +1.0628e+00 -2.1931e+00 -3.1324e+00
495 0 +6.118729853e-01 -1.472881270e+02 -1.472881270e+02 -1.6554e+00 -7.5696e-03 +1.4056e+00 -1.8669e+00 -2.9663e+00
619 0 +6.091973483e-01 -1.472908027e+02 -1.472908027e+02 -1.6942e+00 +1.9335e-02 +1.2021e+00 -2.0160e+00 -2.9826e+00
634 0 +5.590162932e-01 -1.473409837e+02 -1.473409837e+02 -1.6786e+00 +1.0895e-01 +1.0924e+00 -2.0096e+00 -3.0586e+00
707 0 +5.070763262e-01 -1.473929237e+02 -1.473929237e+02 -1.7290e+00 +6.8215e-02 +1.2334e+00 -1.9627e+00 -3.0343e+00
731 0 +4.066206024e-01 -1.474933794e+02 -1.474933794e+02 -1.6811e+00 +2.0552e-01 +1.0533e+00 -2.0895e+00 -3.2142e+00
772 0 +2.014759367e-01 -1.476985241e+02 -1.476985241e+02 -1.6681e+00 +1.3465e-01 +1.1337e+00 -2.0612e+00 -3.1467e+00
810 0 +1.775297342e-01 -1.477224703e+02 -1.477224703e+02 -1.6652e+00 +6.3224e-02 +1.2143e+00 -1.9848e+00 -3.0509e+00
885 0 +1.535805607e-01 -1.477464194e+02 -1.477464194e+02 -1.6648e+00 +1.4389e-01 +1.1052e+00 -2.0396e+00 -3.1354e+00
907 0 +9.527090604e-02 -1.478047291e+02 -1.478047291e+02 -1.6776e+00 +1.5920e-01 +1.0880e+00 -2.0423e+00 -3.1449e+00
934 0 +6.857679831e-02 -1.478314232e+02 -1.478314232e+02 -1.6692e+00 +1.2265e-01 +1.1532e+00 -2.0126e+00 -3.1007e+00
976 0 +6.385673970e-02 -1.478361433e+02 -1.478361433e+02 -1.6713e+00 +1.4290e-01 +1.1140e+00 -2.0157e+00 -3.1181e+00
987 0 +3.860914332e-02 -1.478613909e+02 -1.478613909e+02 -1.6724e+00 +1.3787e-01 +1.1259e+00 -2.0196e+00 -3.1165e+00
1125 0 +3.432927080e-02 -1.478656707e+02 -1.478656707e+02 -1.6718e+00 +1.2140e-01 +1.1636e+00 -2.0042e+00 -3.0942e+00
1144 0 +2.178794088e-02 -1.478782121e+02 -1.478782121e+02 -1.6726e+00 +1.3451e-01 +1.1369e+00 -2.0168e+00 -3.1099e+00
1221 0 +2.126524629e-02 -1.478787348e+02 -1.478787348e+02 -1.6736e+00 +1.2804e-01 +1.1461e+00 -2.0101e+00 -3.1008e+00
1223 0 +1.839994543e-02 -1.478816001e+02 -1.478816001e+02 -1.6714e+00 +1.4049e-01 +1.1229e+00 -2.0217e+00 -3.1170e+00
1230 0 +1.302949793e-02 -1.478869705e+02 -1.478869705e+02 -1.6703e+00 +1.2568e-01 +1.1526e+00 -2.0095e+00 -3.1025e+00
% f evaluations | g evaluations | best noise-free fitness - Fopt (4.817100000000e+02) + sum g_i+ | measured fitness | best measured fitness or single-digit g-values | x1 | x2...
1 0 +4.052916068e+01 +5.222391607e+02 +5.222391607e+02 +5.9671e-01 -3.8264e-02 +7.4769e-01 +1.6230e+00 -1.3415e-01
55 0 +4.044987408e+01 +5.221598741e+02 +5.221598741e+02 +1.6768e+00 -1.1918e+00 -1.3059e+00 +1.9608e+00 -7.5166e-01
63 0 +4.003561775e+01 +5.217456177e+02 +5.217456177e+02 +6.7169e-01 -1.6141e+00 -6.2357e-02 +2.2658e+00 -7.4110e-03
71 0 +3.714609749e+01 +5.188560975e+02 +5.188560975e+02 -4.3813e-02 -3.5415e-01 -1.5657e+00 +1.5414e+00 +8.7579e-01
74 0 +3.483417415e+01 +5.165441741e+02 +5.165441741e+02 +1.2581e-01 -2.9164e+00 -1.4810e+00 +2.0687e-01 -2.0793e-01
79 0 +3.035838725e+01 +5.120683872e+02 +5.120683872e+02 -8.5588e-01 -2.2138e+00 -3.2022e+00 +8.5817e-01 -2.5910e+00
81 0 +2.535441616e+01 +5.070644162e+02 +5.070644162e+02 +8.6696e-01 -2.7804e+00 -3.6724e+00 +1.4557e+00 -3.4595e-01
97 0 +2.512063855e+01 +5.068306386e+02 +5.068306386e+02 +2.1715e-01 -2.3421e+00 -2.4935e+00 +1.6479e+00 +1.0623e-01
100 0 +1.307414020e+01 +4.947841402e+02 +4.947841402e+02 +5.4839e-01 -2.3760e+00 -1.9179e+00 +3.1446e+00 +4.8651e-01
166 0 +8.137767095e+00 +4.898477671e+02 +4.898477671e+02 +8.9364e-01 -2.4548e+00 -3.3267e+00 +4.0033e+00 -4.0934e-01
207 0 +7.316687418e+00 +4.890266874e+02 +4.890266874e+02 +1.9272e+00 -2.6430e+00 -3.4315e+00 +2.5402e+00 -3.1703e-01
228 0 +5.703896988e+00 +4.874138970e+02 +4.874138970e+02 +2.7285e+00 -4.3367e+00 -2.4952e+00 +3.0532e+00 +5.4934e-02
272 0 +4.096436506e+00 +4.858064365e+02 +4.858064365e+02 +9.4969e-01 -3.4398e+00 -2.6235e+00 +2.8017e+00 +1.5918e-02
290 0 +3.794665702e+00 +4.855046657e+02 +4.855046657e+02 +4.1755e+00 -3.4069e+00 -2.8996e+00 +3.3171e+00 +1.1756e+00
473 0 +3.698173045e+00 +4.854081730e+02 +4.854081730e+02 +4.4052e+00 -3.1275e+00 -3.4643e+00 +3.3389e+00 +1.3971e+00
483 0 +3.329271133e+00 +4.850392711e+02 +4.850392711e+02 +3.5078e+00 -3.1798e+00 -3.0315e+00 +3.4986e+00 +9.8922e-01
525 0 +2.747914331e+00 +4.844579143e+02 +4.844579143e+02 +1.8788e+00 -2.9570e+00 -2.9948e+00 +3.1479e+00 +4.3000e-01
527 0 +2.717106068e+00 +4.844271061e+02 +4.844271061e+02 +4.6636e+00 -3.5449e+00 -3.4052e+00 +3.2078e+00 +1.3585e+00
541 0 +2.390334724e+00 +4.841003347e+02 +4.841003347e+02 +3.6911e+00 -3.2792e+00 -2.9268e+00 +3.4769e+00 +9.9372e-01
577 0 +2.275368525e+00 +4.839853685e+02 +4.839853685e+02 +1.8817e+00 -3.3293e+00 -2.9642e+00 +3.1500e+00 +2.1299e-01
595 0 +2.126902871e+00 +4.838369029e+02 +4.838369029e+02 +2.6840e+00 -3.4015e+00 -2.8358e+00 +3.2984e+00 +4.6385e-01
682 0 +1.800421940e+00 +4.835104219e+02 +4.835104219e+02 +2.2554e-01 -3.1512e+00 -2.6408e+00 +2.8604e+00 -9.9275e-01
732 0 +1.509174435e+00 +4.832191744e+02 +4.832191744e+02 +1.4347e+00 -3.0183e+00 -2.9357e+00 +3.2221e+00 -3.9321e-01
771 0 +1.221698314e+00 +4.829316983e+02 +4.829316983e+02 +1.0126e+00 -2.6398e+00 -3.1003e+00 +3.1372e+00 -1.5895e-01
854 0 +7.866412252e-01 +4.824966412e+02 +4.824966412e+02 +9.6419e-01 -2.9965e+00 -2.9468e+00 +3.0729e+00 -3.8089e-01
871 0 +7.608835013e-01 +4.824708835e+02 +4.824708835e+02 +5.9132e-01 -2.8083e+00 -2.9598e+00 +3.0086e+00 -5.1453e-01
874 0 +5.337584586e-01 +4.822437585e+02 +4.822437585e+02 +7.8607e-01 -3.0862e+00 -2.7503e+00 +3.0136e+00 -5.4581e-01
978 0 +4.634899922e-01 +4.821734900e+02 +4.821734900e+02 +1.2016e+00 -3.0283e+00 -2.9120e+00 +3.0793e+00 -2.7276e-01
1009 0 +2.065846991e-01 +4.819165847e+02 +4.819165847e+02 +8.5960e-01 -2.9530e+00 -2.8952e+00 +3.0437e+00 -4.5320e-01
1075 0 +1.687503826e-01 +4.818787504e+02 +4.818787504e+02 +1.0264e+00 -2.9815e+00 -2.8848e+00 +3.0409e+00 -3.8245e-01
1079 0 +9.392657988e-02 +4.818039266e+02 +4.818039266e+02 +1.0003e+00 -2.9746e+00 -2.8982e+00 +3.0443e+00 -3.7335e-01
1202 0 +7.240043102e-02 +4.817824004e+02 +4.817824004e+02 +1.0106e+00 -3.0079e+00 -2.8878e+00 +3.0408e+00 -3.8494e-01
% f evaluations | g evaluations | best noise-free fitness - Fopt (-3.646000000000e+01) + sum g_i+ | measured fitness | best measured fitness or single-digit g-values | x1 | x2...
1 0 +5.617965096e+01 +1.971965096e+01 +1.971965096e+01 +5.9671e-01 -3.8264e-02 +7.4769e-01 +1.6230e+00 -1.3415e-01
2 0 +5.067692359e+01 +1.421692359e+01 +1.421692359e+01 -1.3414e-01 +1.6792e+00 +8.6743e-01 -3.6947e-01 +6.4256e-01
4 0 +3.755170536e+01 +1.091705356e+00 +1.091705356e+00 -4.6229e-01 -9.1283e-01 +4.1425e-01 -8.0802e-01 -1.3123e+00
5 0 +3.550609141e+01 -9.539085865e-01 -9.539085865e-01 +1.5656e+00 -1.2578e-01 +1.6753e-01 -1.3247e+00 -4.4438e-01
6 0 +1.201117799e+01 -2.444882201e+01 -2.444882201e+01 +2.1092e-01 -1.0510e+00 +4.7570e-01 -5.0064e-01 -1.9169e-01
107 0 +8.374028139e+00 -2.808597186e+01 -2.808597186e+01 +3.5272e-01 -2.0124e+00 +2.2338e-01 +2.5862e-01 -2.1916e-03
187 0 +7.156700424e+00 -2.930329958e+01 -2.930329958e+01 +9.3179e-02 -2.5299e+00 -1.2518e-01 +1.2320e+00 +1.6146e-01
279 0 +6.421671592e+00 -3.003832841e+01 -3.003832841e+01 +1.2858e+00 -2.9892e+00 -1.5868e+00 +1.2725e+00 +2.2241e+00
326 0 +5.984171110e+00 -3.047582889e+01 -3.047582889e+01 +1.0264e+00 -2.6532e+00 -1.0936e+00 +1.7249e+00 +1.4444e+00
329 0 +4.348965700e+00 -3.211103430e+01 -3.211103430e+01 +1.0671e+00 -3.4621e+00 -2.0389e+00 +2.3039e+00 +2.8787e+00
390 0 +3.581259616e+00 -3.287874038e+01 -3.287874038e+01 +2.3479e+00 -3.0049e+00 -2.3256e+00 +1.5799e+00 +3.8026e+00
397 0 +3.166002801e+00 -3.329399720e+01 -3.329399720e+01 +1.4986e+00 -2.9275e+00 -1.9533e+00 +1.1913e+00 +2.9798e+00
452 0 +2.738242937e+00 -3.372175706e+01 -3.372175706e+01 +2.3376e+00 -3.0012e+00 -2.9264e+00 +1.2557e+00 +4.4781e+00
478 0 +1.562371441e+00 -3.489762856e+01 -3.489762856e+01 +2.5348e+00 -2.7029e+00 -2.4071e+00 +3.5332e-01 +4.5655e+00
521 0 +1.076835364e+00 -3.538316464e+01 -3.538316464e+01 +1.6725e+00 -3.0204e+00 -2.0382e+00 +1.5289e+00 +3.3003e+00
662 0 +9.474671846e-01 -3.551253282e+01 -3.551253282e+01 +2.1185e+00 -2.7947e+00 -2.0995e+00 +9.1997e-01 +3.8150e+00
730 0 +6.011985685e-01 -3.585880143e+01 -3.585880143e+01 +2.1079e+00 -2.8194e+00 -2.2041e+00 +9.0278e-01 +3.9580e+00
755 0 +5.023126480e-01 -3.595768735e+01 -3.595768735e+01 +2.1490e+00 -2.9287e+00 -2.2979e+00 +1.0435e+00 +4.0080e+00
769 0 +4.310277546e-01 -3.602897225e+01 -3.602897225e+01 +2.0970e+00 -2.8484e+00 -2.2074e+00 +1.0120e+00 +3.9474e+00
793 0 +3.342617409e-01 -3.612573826e+01 -3.612573826e+01 +2.0029e+00 -2.9130e+00 -2.1847e+00 +1.1358e+00 +3.8093e+00
835 0 +3.166067134e-01 -3.614339329e+01 -3.614339329e+01 +2.1497e+00 -2.8695e+00 -2.2990e+00 +9.6030e-01 +4.0807e+00
860 0 +1.906085306e-01 -3.626939147e+01 -3.626939147e+01 +2.1363e+00 -2.8166e+00 -2.2037e+00 +8.7990e-01 +3.9905e+00
918 0 +1.871782387e-01 -3.627282176e+01 -3.627282176e+01 +2.1794e+00 -2.8603e+00 -2.2772e+00 +9.1390e-01 +4.0841e+00
938 0 +1.817817739e-01 -3.627821823e+01 -3.627821823e+01 +2.1256e+00 -2.8308e+00 -2.2133e+00 +9.1297e-01 +3.9803e+00
956 0 +1.695660827e-01 -3.629043392e+01 -3.629043392e+01 +2.1221e+00 -2.8439e+00 -2.2302e+00 +9.3162e-01 +3.9930e+00
998 0 +1.083545292e-01 -3.635164547e+01 -3.635164547e+01 +2.1492e+00 -2.8258e+00 -2.2175e+00 +8.9468e-01 +4.0082e+00
1004 0 +9.281989430e-02 -3.636718011e+01 -3.636718011e+01 +2.1271e+00 -2.8401e+00 -2.2199e+00 +9.2280e-01 +3.9865e+00
1029 0 +5.244685697e-02 -3.640755314e+01 -3.640755314e+01 +2.1372e+00 -2.8528e+00 -2.2347e+00 +9.3712e-01 +4.0210e+00
1032 0 +2.897303879e-02 -3.643102696e+01 -3.643102696e+01 +2.1216e+00 -2.8503e+00 -2.2234e+00 +9.4236e-01 +3.9949e+00
1162 0 +1.692269970e-02 -3.644307730e+01 -3.644307730e+01 +2.1163e+00 -2.8513e+00 -2.2154e+00 +9.4786e-01 +3.9784e+00
% f evaluations | g evaluations | best noise-free fitness - Fopt (3.920000000000e+01) + sum g_i+ | measured fitness | best measured fitness or single-digit g-values | x1 | x2...
1 0 +5.417497626e+01 +9.337497626e+01 +9.337497626e+01 +5.9671e-01 -3.8264e-02 +7.4769e-01 +1.6230e+00 -1.3415e-01
2 0 +3.642160105e+01 +7.562160105e+01 +7.562160105e+01 -1.3414e-01 +1.6792e+00 +8.6743e-01 -3.6947e-01 +6.4256e-01
28 0 +3.350925064e+01 +7.270925064e+01 +7.270925064e+01 +6.6906e-01 +2.7130e+00 +1.2589e+00 +6.1616e-02 -1.7526e+00
77 0 +2.264203770e+01 +6.184203770e+01 +6.184203770e+01 +2.2025e+00 +1.2610e+00 +2.0371e+00 +1.6091e+00 -5.6099e-01
150 0 +1.406567278e+01 +5.326567278e+01 +5.326567278e+01 +2.1007e+00 +1.2276e+00 +1.3839e+00 +1.4984e+00 +8.4120e-01
176 0 +1.065798225e+01 +4.985798225e+01 +4.985798225e+01 +3.8466e+00 +1.4661e+00 +1.5226e+00 +4.2337e+00 +7.6582e-01
304 0 +9.722187267e+00 +4.892218727e+01 +4.892218727e+01 +4.0208e+00 +2.7902e+00 +3.3770e+00 +2.6091e+00 +1.2152e+00
306 0 +6.925527578e+00 +4.612552758e+01 +4.612552758e+01 +3.6132e+00 +1.4169e+00 +2.4369e+00 +3.0241e+00 +1.8437e+00
332 0 +5.840538131e+00 +4.504053813e+01 +4.504053813e+01 +3.6869e+00 +2.0908e+00 +2.9598e+00 +2.3342e+00 +2.5706e+00
380 0 +5.411064360e+00 +4.461106436e+01 +4.461106436e+01 +4.0191e+00 +1.6261e+00 +2.8254e+00 +2.3345e+00 +2.7025e+00
445 0 +4.919893019e+00 +4.411989302e+01 +4.411989302e+01 +2.6277e+00 +2.3725e+00 +3.0300e+00 +2.4687e+00 +2.8688e+00
451 0 +4.002977397e+00 +4.320297740e+01 +4.320297740e+01 +4.1596e+00 +1.4387e+00 +2.2799e+00 +3.9525e+00 +2.0484e+00
493 0 +3.226152582e+00 +4.242615258e+01 +4.242615258e+01 +4.1549e+00 +1.4508e+00 +2.6902e+00 +3.1762e+00 +2.2490e+00
531 0 +3.221382605e+00 +4.242138260e+01 +4.242138260e+01 +3.8309e+00 +1.8436e+00 +2.7325e+00 +3.4921e+00 +1.9601e+00
539 0 +2.590001328e+00 +4.179000133e+01 +4.179000133e+01 +4.2762e+00 +1.5020e+00 +2.6460e+00 +3.6623e+00 +1.8245e+00
599 0 +2.160024378e+00 +4.136002438e+01 +4.136002438e+01 +3.9790e+00 +1.3939e+00 +2.4954e+00 +3.1715e+00 +2.1683e+00
610 0 +2.076383886e+00 +4.127638389e+01 +4.127638389e+01 +4.1019e+00 +1.4193e+00 +2.3625e+00 +3.1485e+00 +2.1606e+00
616 0 +1.913693572e+00 +4.111369357e+01 +4.111369357e+01 +3.6677e+00 +1.4370e+00 +2.5629e+00 +3.2205e+00 +2.0680e+00
625 0 +1.503804315e+00 +4.070380431e+01 +4.070380431e+01 +3.7897e+00 +1.6900e+00 +2.5024e+00 +3.3158e+00 +2.2443e+00
627 0 +1.467471109e+00 +4.066747111e+01 +4.066747111e+01 +3.9866e+00 +1.6387e+00 +2.4412e+00 +3.2706e+00 +2.2922e+00
652 0 +1.142896038e+00 +4.034289604e+01 +4.034289604e+01 +3.8084e+00 +1.5710e+00 +2.4197e+00 +3.3156e+00 +2.3310e+00
690 0 +1.005902270e+00 +4.020590227e+01 +4.020590227e+01 +3.7140e+00 +1.6820e+00 +2.4959e+00 +3.1543e+00 +2.2745e+00
706 0 +6.403823424e-01 +3.984038234e+01 +3.984038234e+01 +3.7938e+00 +1.6188e+00 +2.4418e+00 +3.2226e+00 +2.2554e+00
772 0 +3.132231536e-01 +3.951322315e+01 +3.951322315e+01 +3.6481e+00 +1.6268e+00 +2.4672e+00 +3.1273e+00 +2.3291e+00
817 0 +1.740052992e-01 +3.937400530e+01 +3.937400530e+01 +3.6862e+00 +1.6201e+00 +2.4548e+00 +3.1940e+00 +2.2816e+00
940 0 +1.262772392e-01 +3.932627724e+01 +3.932627724e+01 +3.6933e+00 +1.6370e+00 +2.4363e+00 +3.2232e+00 +2.2559e+00
953 0 +1.249754563e-01 +3.932497546e+01 +3.932497546e+01 +3.7634e+00 +1.6047e+00 +2.4689e+00 +3.2375e+00 +2.2207e+00
1017 0 +9.113101263e-02 +3.929113101e+01 +3.929113101e+01 +3.6917e+00 +1.6332e+00 +2.4378e+00 +3.2187e+00 +2.2684e+00
1045 0 +5.741984918e-02 +3.925741985e+01 +3.925741985e+01 +3.6479e+00 +1.6497e+00 +2.4339e+00 +3.1975e+00 +2.3022e+00
1113 0 +4.723565153e-02 +3.924723565e+01 +3.924723565e+01 +3.6731e+00 +1.6452e+00 +2.4374e+00 +3.2113e+00 +2.2783e+00
1158 0 +4.291695826e-02 +3.924291696e+01 +3.924291696e+01 +3.7015e+00 +1.6338e+00 +2.4416e+00 +3.2232e+00 +2.2646e+00
1189 0 +3.534788261e-02 +3.923534788e+01 +3.923534788e+01 +3.6864e+00 +1.6397e+00 +2.4432e+00 +3.2144e+00 +2.2730e+00
1220 0 +3.201719683e-02 +3.923201720e+01 +3.923201720e+01 +3.7194e+00 +1.6325e+00 +2.4569e+00 +3.2129e+00 +2.2586e+00
1241 0 +2.139736056e-02 +3.922139736e+01 +3.922139736e+01 +3.6960e+00 +1.6394e+00 +2.4478e+00 +3.2139e+00 +2.2651e+00
% f evaluations | g evaluations | best noise-free fitness - Fopt (-3.225000000000e+01) + sum g_i+ | measured fitness | best measured fitness or single-digit g-values | x1 | x2...
1 0 +9.780706849e+01 +6.555706849e+01 +6.555706849e+01 +5.9671e-01 -3.8264e-02 +7.4769e-01 +1.6230e+00 -1.3415e-01
2 0 +7.425199768e+01 +4.200199768e+01 +4.200199768e+01 -1.3414e-01 +1.6792e+00 +8.6743e-01 -3.6947e-01 +6.4256e-01
5 0 +6.099372054e+01 +2.874372054e+01 +2.874372054e+01 +1.5656e+00 -1.2578e-01 +1.6753e-01 -1.3247e+00 -4.4438e-01
6 0 +4.902934053e+01 +1.677934053e+01 +1.677934053e+01 +2.1092e-01 -1.0510e+00 +4.7570e-01 -5.0064e-01 -1.9169e-01
18 0 +4.517975929e+01 +1.292975929e+01 +1.292975929e+01 -4.0176e-01 +1.0154e+00 +4.2875e-01 -4.2976e-01 +6.1327e-01
48 0 +3.662615416e+01 +4.376154159e+00 +4.376154159e+00 +1.6602e+00 +8.7565e-01 +1.4696e+00 -1.3101e+00 +1.3499e+00
52 0 +3.101471304e+01 -1.235286956e+00 -1.235286956e+00 +3.3749e+00 +8.2143e-01 +1.3163e+00 -1.3380e+00 -2.4203e-01
66 0 +1.651049472e+01 -1.573950528e+01 -1.573950528e+01 +2.7996e+00 +3.2188e-01 +6.9606e-01 -1.7623e+00 +1.7568e+00
115 0 +1.290167049e+01 -1.934832951e+01 -1.934832951e+01 +2.6964e+00 +7.9911e-01 -1.5384e+00 -1.3607e+00 +3.9667e+00
155 0 +1.182927072e+01 -2.042072928e+01 -2.042072928e+01 +2.2657e+00 +1.8331e+00 -1.0293e-01 -2.6843e+00 +4.4751e+00
171 0 +5.987814547e+00 -2.626218545e+01 -2.626218545e+01 +2.1746e+00 +9.2533e-01 +1.2092e+00 -3.5007e+00 +3.7963e+00
231 0 +4.586203203e+00 -2.766379680e+01 -2.766379680e+01 +3.2970e+00 -1.3114e-01 -4.6509e-01 -3.6051e+00 +2.3630e+00
391 0 +3.694292379e+00 -2.855570762e+01 -2.855570762e+01 +3.7096e+00 +4.3191e-01 -8.0906e-01 -3.0102e+00 +2.6835e+00
480 0 +3.371935538e+00 -2.887806446e+01 -2.887806446e+01 +3.2441e+00 +1.4107e+00 -6.9819e-01 -2.5135e+00 +3.6552e+00
498 0 +3.303851222e+00 -2.894614878e+01 -2.894614878e+01 +4.0379e+00 +3.2911e-01 -1.2528e+00 -2.9111e+00 +2.0177e+00
503 0 +1.946651274e+00 -3.030334873e+01 -3.030334873e+01 +3.7422e+00 +1.2324e+00 -1.2430e+00 -2.8966e+00 +3.3996e+00
514 0 +1.639833868e+00 -3.061016613e+01 -3.061016613e+01 +3.6126e+00 +1.2452e+00 -1.0762e+00 -2.6865e+00 +3.3418e+00
618 0 +8.005348033e-01 -3.144946520e+01 -3.144946520e+01 +3.7248e+00 +1.0395e+00 -1.0848e+00 -2.9021e+00 +3.1119e+00
747 0 +6.684947145e-01 -3.158150529e+01 -3.158150529e+01 +3.5714e+00 +1.2005e+00 -7.3492e-01 -2.7069e+00 +3.5002e+00
758 0 +6.029749434e-01 -3.164702506e+01 -3.164702506e+01 +3.6974e+00 +6.6311e-01 -1.0738e+00 -3.1708e+00 +2.7457e+00
830 0 +4.895404313e-01 -3.176045957e+01 -3.176045957e+01 +3.5762e+00 +1.0736e+00 -7.8082e-01 -2.7880e+00 +3.2790e+00
896 0 +4.715180752e-01 -3.177848192e+01 -3.177848192e+01 +3.6584e+00 +1.0596e+00 -9.2618e-01 -2.7927e+00 +3.2544e+00
931 0 +4.538987137e-01 -3.179610129e+01 -3.179610129e+01 +3.5695e+00 +1.2097e+00 -8.0476e-01 -2.7002e+00 +3.4320e+00
945 0 +4.450256652e-01 -3.180497433e+01 -3.180497433e+01 +3.6720e+00 +1.1360e+00 -9.1286e-01 -2.8368e+00 +3.2674e+00
1005 0 +4.140795410e-01 -3.183592046e+01 -3.183592046e+01 +3.6435e+00 +1.0933e+00 -8.5737e-01 -2.7815e+00 +3.2773e+00
1006 0 +3.138488616e-01 -3.193615114e+01 -3.193615114e+01 +3.6088e+00 +1.3984e+00 -8.6144e-01 -2.5643e+00 +3.6595e+00
1019 0 +3.023248250e-01 -3.194767518e+01 -3.194767518e+01 +3.6622e+00 +9.1771e-01 -1.0022e+00 -2.9165e+00 +3.0625e+00
1032 0 +3.021327241e-01 -3.194786728e+01 -3.194786728e+01 +3.6572e+00 +1.3469e+00 -9.4335e-01 -2.5617e+00 +3.5480e+00
1045 0 +2.553987612e-01 -3.199460124e+01 -3.199460124e+01 +3.5895e+00 +1.1933e+00 -8.3987e-01 -2.6910e+00 +3.4093e+00
1081 0 +2.165354605e-01 -3.203346454e+01 -3.203346454e+01 +3.6125e+00 +1.0598e+00 -8.6204e-01 -2.8309e+00 +3.2471e+00
1084 0 +2.005625945e-01 -3.204943741e+01 -3.204943741e+01 +3.6178e+00 +1.0660e+00 -9.0861e-01 -2.8308e+00 +3.2569e+00
1091 0 +1.457888372e-01 -3.210421116e+01 -3.210421116e+01 +3.5957e+00 +1.1248e+00 -8.5945e-01 -2.7602e+00 +3.3437e+00
1126 0 +1.358746193e-01 -3.211412538e+01 -3.211412538e+01 +3.6072e+00 +1.1994e+00 -8.7486e-01 -2.7121e+00 +3.4179e+00
1178 0 +1.283606680e-01 -3.212163933e+01 -3.212163933e+01 +3.6225e+00 +1.1523e+00 -8.9310e-01 -2.7465e+00 +3.3453e+00
1198 0 +5.531518473e-02 -3.219468482e+01 -3.219468482e+01 +3.5952e+00 +1.0244e+00 -8.7353e-01 -2.8376e+00 +3.2174e+00
1233 0 +5.256356457e-02 -3.219743644e+01 -3.219743644e+01 +3.6074e+00 +1.0604e+00 -8.7622e-01 -2.8135e+00 +3.2465e+00
% f evaluations | g evaluations | best noise-free fitness - Fopt (3.681200000000e+02) + sum g_i+ | measured fitness | best measured fitness or single-digit g-values | x1 | x2...
1 0 +7.708373339e+01 +4.452037334e+02 +4.452037334e+02 +5.9671e-01 -3.8264e-02 +7.4769e-01 +1.6230e+00 -1.3415e-01
2 0 +3.437446502e+01 +4.024944650e+02 +4.024944650e+02 -1.3414e-01 +1.6792e+00 +8.6743e-01 -3.6947e-01 +6.4256e-01
3 0 +1.533378808e+01 +3.834537881e+02 +3.834537881e+02 -3.6342e-01 -3.6573e-01 +3.4196e-01 -1.8133e+00 -1.6249e+00
31 0 +1.413550734e+01 +3.822555073e+02 +3.822555073e+02 -6.3629e-01 -1.5871e-01 +9.0746e-01 -2.4613e+00 -1.0830e+00
67 0 +1.411202741e+01 +3.822320274e+02 +3.822320274e+02 -1.1448e+00 -1.8086e+00 +7.1700e-01 -4.3245e+00 -6.5231e-01
69 0 +1.132280588e+01 +3.794428059e+02 +3.794428059e+02 -1.9159e+00 -5.4563e-01 +4.3644e-02 -1.2882e+00 +2.1753e-01
80 0 +8.537936702e+00 +3.766579367e+02 +3.766579367e+02 -2.4127e+00 -1.1185e+00 +4.6978e-02 -3.3487e+00 -1.4018e+00
108 0 +6.688311659e+00 +3.748083117e+02 +3.748083117e+02 -1.9959e+00 -1.3630e+00 +1.5323e+00 -1.7786e+00 -1.2187e+00
137 0 +2.818895682e+00 +3.709388957e+02 +3.709388957e+02 -2.4243e+00 -1.1246e+00 +8.4867e-01 -2.3846e+00 -9.3708e-01
307 0 +1.835769351e+00 +3.699557694e+02 +3.699557694e+02 -2.4899e+00 -1.3941e+00 +7.8668e-01 -2.3980e+00 -7.2164e-01
337 0 +1.440694447e+00 +3.695606944e+02 +3.695606944e+02 -2.4743e+00 -8.5909e-01 +6.9839e-01 -2.2088e+00 -6.5232e-01
391 0 +1.264770291e+00 +3.693847703e+02 +3.693847703e+02 -2.6196e+00 -1.5884e+00 +5.3520e-01 -2.4125e+00 -8.3875e-01
414 0 +1.243700783e+00 +3.693637008e+02 +3.693637008e+02 -2.2832e+00 -2.0332e+00 +4.8406e-01 -2.4845e+00 -9.3531e-01
472 0 +1.200879371e+00 +3.693208794e+02 +3.693208794e+02 -2.3274e+00 -1.7659e+00 +6.4233e-01 -2.3819e+00 -8.0271e-01
478 0 +9.490794680e-01 +3.690690795e+02 +3.690690795e+02 -2.4715e+00 -1.2587e+00 +6.0757e-01 -2.3751e+00 -7.5443e-01
484 0 +4.148054787e-01 +3.685348055e+02 +3.685348055e+02 -2.5083e+00 -1.2877e+00 +5.6658e-01 -2.4608e+00 -8.1661e-01
548 0 +3.517183982e-01 +3.684717184e+02 +3.684717184e+02 -2.4339e+00 -1.1755e+00 +7.4266e-01 -2.2907e+00 -6.5521e-01
729 0 +2.702645171e-01 +3.683902645e+02 +3.683902645e+02 -2.4512e+00 -1.0879e+00 +6.9222e-01 -2.3448e+00 -6.2512e-01
793 0 +2.681711751e-01 +3.683881712e+02 +3.683881712e+02 -2.4718e+00 -1.1703e+00 +6.8382e-01 -2.3533e+00 -6.8772e-01
814 0 +1.431613244e-01 +3.682631613e+02 +3.682631613e+02 -2.4771e+00 -9.6776e-01 +7.5357e-01 -2.2609e+00 -5.9383e-01
857 0 +1.051067596e-01 +3.682251068e+02 +3.682251068e+02 -2.4700e+00 -1.0314e+00 +7.1983e-01 -2.3018e+00 -6.1824e-01
903 0 +1.016186514e-01 +3.682216187e+02 +3.682216187e+02 -2.4600e+00 -1.1365e+00 +6.9374e-01 -2.3530e+00 -6.6322e-01
926 0 +6.800117815e-02 +3.681880012e+02 +3.681880012e+02 -2.4594e+00 -1.1446e+00 +6.8751e-01 -2.3481e+00 -6.8234e-01
1001 0 +5.897719493e-02 +3.681789772e+02 +3.681789772e+02 -2.4658e+00 -1.1252e+00 +6.8884e-01 -2.3490e+00 -6.7662e-01
1005 0 +5.796778689e-02 +3.681779678e+02 +3.681779678e+02 -2.4590e+00 -1.1464e+00 +6.8907e-01 -2.3485e+00 -6.8111e-01
1037 0 +5.085860209e-02 +3.681708586e+02 +3.681708586e+02 -2.4774e+00 -1.0306e+00 +7.1558e-01 -2.3109e+00 -6.4542e-01
1117 0 +3.763729923e-02 +3.681576373e+02 +3.681576373e+02 -2.4610e+00 -1.1283e+00 +6.9712e-01 -2.3438e+00 -6.7010e-01
1170 0 +3.021995985e-02 +3.681502200e+02 +3.681502200e+02 -2.4582e+00 -1.1193e+00 +7.0887e-01 -2.3315e+00 -6.6575e-01
1222 0 +1.589814921e-02 +3.681358981e+02 +3.681358981e+02 -2.4626e+00 -1.0894e+00 +7.1415e-01 -2.3247e+00 -6.5730e-01
