% f evaluations | g evaluations | best noise-free fitness - Fopt (-9.210000000000e+00) + sum g_i+ | measured fitness | best measured fitness or single-digit g-values | x1 | x2...
1 0 +9.445828197e+01 +8.524828197e+01 +8.524828197e+01 +5.9671e-01 -3.8264e-02 +7.4769e-01 +1.6230e+00 -1.3415e-01
9 0 +9.389396990e+01 +8.468396990e+01 +8.468396990e+01 +8.3847e-01 +2.7137e-01 -1.5648e-02 -2.0110e-01 -1.3785e+00
10 0 +8.629682003e+01 +7.708682003e+01 +7.708682003e+01 -6.1984e-01 -3.6064e-01 +1.1571e+00 +4.4362e-01 -1.6630e+00
15 0 +6.968420319e+01 +6.047420319e+01 +6.047420319e+01 +4.6140e-01 +1.6380e+00 +6.4174e-02 +1.6646e+00 -2.5197e+00
26 0 +5.608978866e+01 +4.687978866e+01 +4.687978866e+01 -2.9241e-01 +3.1937e+00 +2.5978e+00 +1.4293e+00 -3.0090e+00
29 0 +5.587368376e+01 +4.666368376e+01 +4.666368376e+01 -8.1432e-01 +8.6456e-01 -6.1097e-01 +3.9822e+00 -3.0761e+00
40 0 +5.580290599e+01 +4.659290599e+01 +4.659290599e+01 -1.2929e+00 +9.2058e-01 +1.8471e+00 -1.7655e-01 -4.6825e+00
51 0 +2.193457385e+01 +1.272457385e+01 +1.272457385e+01 -1.7104e+00 +4.6190e+00 +1.5183e+00 +4.9031e+00 -4.7008e+00
126 0 +1.042805055e+01 +1.218050554e+00 +1.218050554e+00 +9.2467e-01 +2.9093e+00 +4.4817e+00 +4.8382e+00 -4.9914e+00
276 0 +6.768769804e+00 -2.441230196e+00 -2.441230196e+00 +2.7762e+00 +4.9543e+00 +4.3628e+00 +4.7882e+00 -4.8743e+00
326 0 +6.518358483e+00 -2.691641517e+00 -2.691641517e+00 +3.1099e+00 +4.5777e+00 +4.7629e+00 +4.8154e+00 -4.7911e+00
351 0 +3.893191911e+00 -5.316808089e+00 -5.316808089e+00 +4.6637e+00 +4.8687e+00 +4.7809e+00 +4.6648e+00 -4.9254e+00
426 0 +2.148671023e+00 -7.061328977e+00 -7.061328977e+00 +4.3660e+00 +4.8132e+00 +4.9149e+00 +4.9522e+00 -4.9355e+00
501 0 +1.199732029e+00 -8.010267971e+00 -8.010267971e+00 +4.9913e+00 +4.9762e+00 +4.7115e+00 +4.9843e+00 -4.9852e+00
576 0 +1.093924305e+00 -8.116075695e+00 -8.116075695e+00 +4.8909e+00 +4.8221e+00 +4.9298e+00 +4.9955e+00 -4.9579e+00
653 0 +9.043898780e-01 -8.305610122e+00 -8.305610122e+00 +4.8549e+00 +4.9791e+00 +4.8866e+00 +4.9668e+00 -4.9823e+00
661 0 +7.869198368e-01 -8.423080163e+00 -8.423080163e+00 +4.7412e+00 +4.8662e+00 +4.9442e+00 +4.9806e+00 -4.9995e+00
701 0 +4.651104410e-01 -8.744889559e+00 -8.744889559e+00 +4.9778e+00 +4.9499e+00 +4.9893e+00 +4.9657e+00 -4.9873e+00
706 0 +3.894071408e-01 -8.820592859e+00 -8.820592859e+00 +4.8783e+00 +4.9179e+00 +4.9960e+00 +4.9923e+00 -4.9934e+00
897 0 +3.617337928e-01 -8.848266207e+00 -8.848266207e+00 +4.9221e+00 +4.9544e+00 +4.9912e+00 +4.9866e+00 -4.9900e+00
901 0 +3.541697016e-01 -8.855830298e+00 -8.855830298e+00 +4.9698e+00 +4.8923e+00 +4.9978e+00 +4.9909e+00 -4.9926e+00
1026 0 +3.088387604e-01 -8.901161240e+00 -8.901161240e+00 +4.8519e+00 +4.9858e+00 +4.9921e+00 +4.9866e+00 -4.9965e+00
1043 0 +2.657500995e-01 -8.944249900e+00 -8.944249900e+00 +4.8895e+00 +4.9549e+00 +4.9913e+00 +4.9943e+00 -4.9985e+00
1072 0 +2.102182432e-01 -8.999781757e+00 -8.999781757e+00 +4.9729e+00 +4.9685e+00 +4.9860e+00 +4.9919e+00 -4.9963e+00
1126 0 +2.033982541e-01 -9.006601746e+00 -9.006601746e+00 +4.9552e+00 +4.9715e+00 +4.9956e+00 +4.9960e+00 -4.9929e+00
1157 0 +1.387861062e-01 -9.071213894e+00 -9.071213894e+00 +4.9818e+00 +4.9970e+00 +4.9741e+00 +4.9960e+00 -4.9989e+00
1226 0 +1.260305432e-01 -9.083969457e+00 -9.083969457e+00 +4.9961e+00 +4.9769e+00 +4.9944e+00 +4.9964e+00 -4.9957e+00
