% f evaluations | g evaluations | best noise-free fitness - Fopt (7.948000000000e+01) + sum g_i+ | measured fitness | best measured fitness or single-digit g-values | x1 | x2...
1 0 +1.011270869e+01 +8.959270869e+01 +8.959270869e+01 +5.9671e-01 -3.8264e-02 +7.4769e-01 +1.6230e+00 -1.3415e-01
9 0 +9.106632127e+00 +8.858663213e+01 +8.858663213e+01 +8.3847e-01 +2.7137e-01 -1.5648e-02 -2.0110e-01 -1.3785e+00
10 0 +8.168478149e+00 +8.764847815e+01 +8.764847815e+01 -6.1984e-01 -3.6064e-01 +1.1571e+00 +4.4362e-01 -1.6630e+00
16 0 +6.167429177e+00 +8.564742918e+01 +8.564742918e+01 +9.2190e-01 +1.8705e-01 -1.9901e-01 +1.9176e-01 -1.8876e+00
27 0 +4.499136350e+00 +8.397913635e+01 +8.397913635e+01 +6.2735e-01 -1.6364e+00 +2.5453e-01 +2.4890e-01 -3.2786e+00
35 0 +4.225774941e+00 +8.370577494e+01 +8.370577494e+01 -3.6369e-01 -8.3278e-01 -5.5419e-01 +6.5907e-01 -1.2297e+00
49 0 +2.894041555e+00 +8.237404155e+01 +8.237404155e+01 -2.6509e-01 -3.0337e-01 +5.1529e-01 +1.8350e+00 -3.2752e+00
65 0 +1.445764082e+00 +8.092576408e+01 +8.092576408e+01 +6.0761e-01 -1.7666e+00 -3.1147e-01 +1.1396e+00 -3.0794e+00
169 0 +1.437231461e+00 +8.091723146e+01 +8.091723146e+01 +4.1843e-01 -1.9892e+00 +6.5540e-02 +2.2109e+00 -2.7932e+00
185 0 +1.429652952e+00 +8.090965295e+01 +8.090965295e+01 +1.2399e+00 -1.0075e+00 -1.1659e-01 +1.9971e+00 -2.4379e+00
206 0 +9.404930961e-01 +8.042049310e+01 +8.042049310e+01 +4.0975e-01 -1.7068e+00 -6.1327e-01 +1.1631e+00 -2.5447e+00
210 0 +3.012510953e-01 +7.978125110e+01 +7.978125110e+01 +3.3998e-01 -6.9928e-01 -6.5782e-01 +1.6446e+00 -2.7043e+00
236 0 +2.007516851e-01 +7.968075169e+01 +7.968075169e+01 +2.6193e-03 -1.0022e+00 -5.6067e-01 +1.6688e+00 -2.5351e+00
274 0 +1.989624151e-01 +7.967896242e+01 +7.967896242e+01 +2.7302e-01 -9.2341e-01 -4.6416e-01 +1.6517e+00 -2.6475e+00
311 0 +1.521057552e-01 +7.963210576e+01 +7.963210576e+01 -1.1908e-01 -1.2544e+00 -6.6562e-01 +1.9026e+00 -2.6632e+00
336 0 +1.051588318e-01 +7.958515883e+01 +7.958515883e+01 +1.7803e-01 -1.3089e+00 -7.9665e-01 +1.7241e+00 -2.5070e+00
345 0 +8.901446754e-02 +7.956901447e+01 +7.956901447e+01 +3.8917e-01 -1.3630e+00 -5.9888e-01 +1.9575e+00 -2.5747e+00
384 0 +4.159884041e-02 +7.952159884e+01 +7.952159884e+01 +4.0604e-01 -1.1923e+00 -7.8003e-01 +2.0430e+00 -2.6699e+00
426 0 +2.514503092e-02 +7.950514503e+01 +7.950514503e+01 +3.2684e-01 -1.0730e+00 -7.1811e-01 +1.8649e+00 -2.5869e+00
456 0 +2.405396180e-02 +7.950405396e+01 +7.950405396e+01 +3.6360e-01 -1.1983e+00 -7.7463e-01 +1.9546e+00 -2.5990e+00
459 0 +1.469098052e-02 +7.949469098e+01 +7.949469098e+01 +3.4146e-01 -1.1466e+00 -7.7248e-01 +1.8940e+00 -2.6231e+00
480 0 +1.338352423e-02 +7.949338352e+01 +7.949338352e+01 +3.3139e-01 -1.1907e+00 -6.7460e-01 +1.8760e+00 -2.6480e+00
481 0 +6.877943332e-03 +7.948687794e+01 +7.948687794e+01 +1.9113e-01 -1.1318e+00 -7.3728e-01 +1.9341e+00 -2.7279e+00
504 0 +4.311071920e-03 +7.948431107e+01 +7.948431107e+01 +2.2609e-01 -1.1328e+00 -7.5099e-01 +1.9711e+00 -2.6635e+00
543 0 +3.523657231e-03 +7.948352366e+01 +7.948352366e+01 +2.4407e-01 -1.1150e+00 -7.1532e-01 +1.9546e+00 -2.6521e+00
553 0 +3.362102042e-03 +7.948336210e+01 +7.948336210e+01 +2.4111e-01 -1.1289e+00 -6.9078e-01 +1.9596e+00 -2.6653e+00
579 0 +3.097503860e-03 +7.948309750e+01 +7.948309750e+01 +2.4916e-01 -1.1746e+00 -6.9628e-01 +1.9057e+00 -2.7204e+00
586 0 +1.481697708e-03 +7.948148170e+01 +7.948148170e+01 +2.7639e-01 -1.1579e+00 -7.2835e-01 +1.8981e+00 -2.6911e+00
601 0 +1.027526268e-03 +7.948102753e+01 +7.948102753e+01 +2.6375e-01 -1.1571e+00 -7.3073e-01 +1.9359e+00 -2.6530e+00
623 0 +9.014127587e-04 +7.948090141e+01 +7.948090141e+01 +2.6437e-01 -1.1435e+00 -7.0874e-01 +1.9274e+00 -2.6997e+00
627 0 +3.479138154e-04 +7.948034791e+01 +7.948034791e+01 +2.5319e-01 -1.1742e+00 -7.2125e-01 +1.9326e+00 -2.6803e+00
724 0 +1.880776618e-04 +7.948018808e+01 +7.948018808e+01 +2.5869e-01 -1.1647e+00 -7.2557e-01 +1.9349e+00 -2.6768e+00
759 0 +6.104878246e-05 +7.948006105e+01 +7.948006105e+01 +2.4815e-01 -1.1619e+00 -7.2578e-01 +1.9232e+00 -2.6811e+00
934 0 +4.440312949e-05 +7.948004440e+01 +7.948004440e+01 +2.4972e-01 -1.1608e+00 -7.2209e-01 +1.9251e+00 -2.6845e+00
936 0 +4.282086350e-05 +7.948004282e+01 +7.948004282e+01 +2.5835e-01 -1.1554e+00 -7.2301e-01 +1.9266e+00 -2.6838e+00
947 0 +5.669099167e-06 +7.948000567e+01 +7.948000567e+01 +2.5226e-01 -1.1578e+00 -7.2236e-01 +1.9277e+00 -2.6808e+00
1099 0 +1.081580962e-06 +7.948000108e+01 +7.948000108e+01 +2.5250e-01 -1.1574e+00 -7.2449e-01 +1.9260e+00 -2.6813e+00
1174 0 +9.501179505e-07 +7.948000095e+01 +7.948000095e+01 +2.5289e-01 -1.1564e+00 -7.2391e-01 +1.9266e+00 -2.6800e+00
