% f evaluations | g evaluations | best noise-free fitness - Fopt (-1.025500000000e+02) + sum g_i+ | measured fitness | best measured fitness or single-digit g-values | x1 | x2...
1 0 +8.343154790e+00 -9.420684521e+01 -9.420684521e+01 +5.9671e-01 -3.8264e-02 +7.4769e-01 +1.6230e+00 -1.3415e-01
6 0 +2.655540638e+00 -9.989445936e+01 -9.989445936e+01 +2.1092e-01 -1.0510e+00 +4.7570e-01 -5.0064e-01 -1.9169e-01
153 0 +2.327474239e+00 -1.002225258e+02 -1.002225258e+02 -2.8467e-01 +8.7502e-01 -1.0825e+00 -2.4494e-01 -8.4344e-01
355 0 +1.548271635e+00 -1.010017284e+02 -1.010017284e+02 +4.1630e-02 -1.0537e-01 -1.7230e-01 +2.4539e-01 -2.1565e-01
482 0 +1.257635047e+00 -1.012923650e+02 -1.012923650e+02 +7.7033e-01 -1.2624e+00 -8.4646e-01 +2.6882e+00 +2.4180e-01
900 0 +9.876278906e-01 -1.015623721e+02 -1.015623721e+02 -1.4203e-01 -3.6715e-01 -6.9999e-01 +8.9810e-01 +4.6646e-01
% f evaluations | g evaluations | best noise-free fitness - Fopt (7.169000000000e+01) + sum g_i+ | measured fitness | best measured fitness or single-digit g-values | x1 | x2...
1 0 +1.523492134e+01 +8.692492134e+01 +8.692492134e+01 +5.9671e-01 -3.8264e-02 +7.4769e-01 +1.6230e+00 -1.3415e-01
2 0 +1.018039543e+01 +8.187039543e+01 +8.187039543e+01 -1.3414e-01 +1.6792e+00 +8.6743e-01 -3.6947e-01 +6.4256e-01
4 0 +1.015758259e+01 +8.184758259e+01 +8.184758259e+01 -4.6229e-01 -9.1283e-01 +4.1425e-01 -8.0802e-01 -1.3123e+00
6 0 +6.539542210e+00 +7.822954221e+01 +7.822954221e+01 +2.1092e-01 -1.0510e+00 +4.7570e-01 -5.0064e-01 -1.9169e-01
14 0 +6.330726106e+00 +7.802072611e+01 +7.802072611e+01 +1.4562e+00 +2.7990e-02 +1.1035e+00 +4.6164e-01 -5.4512e-01
19 0 +5.840938617e+00 +7.753093862e+01 +7.753093862e+01 +1.9708e-01 +1.0686e+00 -6.0205e-01 -2.2766e-01 -2.9211e-01
27 0 +5.571687516e+00 +7.726168752e+01 +7.726168752e+01 +1.0954e-01 +2.7971e-01 -6.3638e-01 +3.1931e-01 -1.7503e+00
33 0 +1.491324751e+00 +7.318132475e+01 +7.318132475e+01 +4.0184e-01 +7.4453e-03 -3.7821e-01 +4.1512e-02 -1.3063e+00
131 0 +9.454737260e-01 +7.263547373e+01 +7.263547373e+01 +1.1770e+00 +4.5863e-01 +4.4051e-01 +2.1233e-01 -8.8695e-01
% f evaluations | g evaluations | best noise-free fitness - Fopt (2.140100000000e+02) + sum g_i+ | measured fitness | best measured fitness or single-digit g-values | x1 | x2...
1 0 +1.223368156e+01 +2.262436816e+02 +2.262436816e+02 +5.9671e-01 -3.8264e-02 +7.4769e-01 +1.6230e+00 -1.3415e-01
2 0 +5.679987008e+00 +2.196899870e+02 +2.196899870e+02 -1.3414e-01 +1.6792e+00 +8.6743e-01 -3.6947e-01 +6.4256e-01
16 0 +2.667714973e+00 +2.166777150e+02 +2.166777150e+02 +9.2190e-01 +1.8705e-01 -1.9901e-01 +1.9176e-01 -1.8876e+00
40 0 +2.336257077e+00 +2.163462571e+02 +2.163462571e+02 -2.7359e-02 +1.0460e+00 -4.4284e-01 -9.6161e-02 -2.2528e+00
200 0 +1.738697367e+00 +2.157486974e+02 +2.157486974e+02 -4.0749e-01 -7.0198e-01 +4.7680e-01 -9.9119e-01 -2.0102e+00
771 0 +1.688146204e+00 +2.156981462e+02 +2.156981462e+02 +9.7930e-01 +8.2379e-01 -7.9921e-02 -5.5031e-01 -6.7575e-01
819 0 +1.468791416e+00 +2.154787914e+02 +2.154787914e+02 +4.7747e-01 +7.9089e-01 -1.1037e+00 -1.3771e-02 +1.1699e+00
840 0 +1.254516261e+00 +2.152645163e+02 +2.152645163e+02 +1.7853e-01 +2.7188e-01 +1.3804e-01 +6.8936e-01 -1.1062e+00
1244 0 +9.084095593e-01 +2.149184096e+02 +2.149184096e+02 +3.2168e-01 +5.6418e-01 -7.5972e-01 +6.7470e-01 +3.7009e-01
% f evaluations | g evaluations | best noise-free fitness - Fopt (-5.848000000000e+01) + sum g_i+ | measured fitness | best measured fitness or single-digit g-values | x1 | x2...
1 0 +7.166516536e+00 -5.131348346e+01 -5.131348346e+01 +5.9671e-01 -3.8264e-02 +7.4769e-01 +1.6230e+00 -1.3415e-01
9 0 +1.883092935e+00 -5.659690706e+01 -5.659690706e+01 +8.3847e-01 +2.7137e-01 -1.5648e-02 -2.0110e-01 -1.3785e+00
54 0 +1.748537600e+00 -5.673146240e+01 -5.673146240e+01 -1.0401e-01 +1.7076e+00 +3.5421e-01 +8.0377e-02 +7.6338e-01
138 0 +1.412490750e+00 -5.706750925e+01 -5.706750925e+01 +3.8858e-02 +2.5480e-01 +1.1348e+00 +2.6838e-01 -2.2210e-01
354 0 +1.159607491e+00 -5.732039251e+01 -5.732039251e+01 +9.0213e-01 +7.3120e-01 -5.3965e-01 +6.6596e-01 -1.0266e-01
682 0 +5.664702138e-01 -5.791352979e+01 -5.791352979e+01 +2.5001e-01 -1.4841e+00 -1.1572e+00 +1.1787e+00 +6.0469e-01
% f evaluations | g evaluations | best noise-free fitness - Fopt (-6.130800000000e+02) + sum g_i+ | measured fitness | best measured fitness or single-digit g-values | x1 | x2...
1 0 +1.338076155e+00 -6.117419238e+02 -6.117419238e+02 +5.9671e-01 -3.8264e-02 +7.4769e-01 +1.6230e+00 -1.3415e-01
563 0 +7.556732824e-01 -6.123243267e+02 -6.123243267e+02 -6.3149e-01 -1.1365e+00 +7.8457e-01 +1.2731e-01 -4.8250e-02
% f evaluations | g evaluations | best noise-free fitness - Fopt (6.189000000000e+01) + sum g_i+ | measured fitness | best measured fitness or single-digit g-values | x1 | x2...
1 0 +9.838787685e+00 +7.172878768e+01 +7.172878768e+01 +5.9671e-01 -3.8264e-02 +7.4769e-01 +1.6230e+00 -1.3415e-01
4 0 +4.705544130e+00 +6.659554413e+01 +6.659554413e+01 -4.6229e-01 -9.1283e-01 +4.1425e-01 -8.0802e-01 -1.3123e+00
21 0 +4.673528620e+00 +6.656352862e+01 +6.656352862e+01 -1.3154e+00 -3.2065e-01 -2.4271e-01 -7.0228e-01 -6.1286e-02
55 0 +3.221221475e+00 +6.511122148e+01 +6.511122148e+01 -8.3031e-01 -8.1280e-01 -8.1047e-01 -1.0381e+00 +3.8793e-01
122 0 +1.018766474e+00 +6.290876647e+01 +6.290876647e+01 -1.5106e+00 -1.8005e+00 -9.7847e-01 -1.8961e-01 +1.3584e+00
246 0 +8.592952167e-01 +6.274929522e+01 +6.274929522e+01 -1.9594e+00 -5.7657e-01 -1.2061e+00 -1.0317e+00 -3.5696e-01
% f evaluations | g evaluations | best noise-free fitness - Fopt (-8.456000000000e+01) + sum g_i+ | measured fitness | best measured fitness or single-digit g-values | x1 | x2...
1 0 +8.565198373e+00 -7.599480163e+01 -7.599480163e+01 +5.9671e-01 -3.8264e-02 +7.4769e-01 +1.6230e+00 -1.3415e-01
4 0 +7.354514939e+00 -7.720548506e+01 -7.720548506e+01 -4.6229e-01 -9.1283e-01 +4.1425e-01 -8.0802e-01 -1.3123e+00
6 0 +6.437746764e+00 -7.812225324e+01 -7.812225324e+01 +2.1092e-01 -1.0510e+00 +4.7570e-01 -5.0064e-01 -1.9169e-01
13 0 +4.558202141e+00 -8.000179786e+01 -8.000179786e+01 -3.7917e-01 -8.5659e-02 -1.0063e+00 -1.0962e+00 +9.1253e-01
20 0 +3.025145459e+00 -8.153485454e+01 -8.153485454e+01 -1.3635e+00 +3.9612e-01 +3.6106e-01 +1.0511e-01 -1.3459e-01
66 0 +2.507118416e+00 -8.205288158e+01 -8.205288158e+01 +4.3040e-01 -8.4088e-01 +1.0768e+00 -6.9501e-01 -1.1226e-01
224 0 +2.261302349e+00 -8.229869765e+01 -8.229869765e+01 -2.7018e-01 -4.6615e-01 -1.0643e+00 +5.5353e-01 +2.3009e+00
405 0 +1.159206186e+00 -8.340079381e+01 -8.340079381e+01 -5.0581e-01 -1.3763e-01 -7.4831e-01 -2.7334e-01 +2.4729e+00
463 0 +7.349336250e-01 -8.382506637e+01 -8.382506637e+01 -6.6821e-01 +4.0722e-02 -3.8220e-01 +2.7613e-01 +1.7759e+00
779 0 +2.303070925e-01 -8.432969291e+01 -8.432969291e+01 -1.5806e-01 +4.7376e-01 +1.4900e-01 +3.3146e-01 -1.8340e-01
% f evaluations | g evaluations | best noise-free fitness - Fopt (-2.602000000000e+01) + sum g_i+ | measured fitness | best measured fitness or single-digit g-values | x1 | x2...
1 0 +1.163878357e+01 -1.438121643e+01 -1.438121643e+01 +5.9671e-01 -3.8264e-02 +7.4769e-01 +1.6230e+00 -1.3415e-01
4 0 +8.916555533e+00 -1.710344447e+01 -1.710344447e+01 -4.6229e-01 -9.1283e-01 +4.1425e-01 -8.0802e-01 -1.3123e+00
5 0 +8.195896409e+00 -1.782410359e+01 -1.782410359e+01 +1.5656e+00 -1.2578e-01 +1.6753e-01 -1.3247e+00 -4.4438e-01
6 0 +6.709282030e+00 -1.931071797e+01 -1.931071797e+01 +2.1092e-01 -1.0510e+00 +4.7570e-01 -5.0064e-01 -1.9169e-01
22 0 +3.060800409e+00 -2.295919959e+01 -2.295919959e+01 +5.0405e-01 +1.9862e+00 +2.7458e-01 +3.5755e-01 +2.5554e-02
184 0 +1.129362732e+00 -2.489063727e+01 -2.489063727e+01 +5.3031e-01 +1.3734e-01 -1.9989e-01 -1.6400e+00 +1.8221e-01
319 0 +8.504302849e-01 -2.516956972e+01 -2.516956972e+01 -1.4253e+00 -4.2132e-01 -3.8197e-01 -8.9119e-02 -7.8957e-01
429 0 +4.280154043e-01 -2.559198460e+01 -2.559198460e+01 -8.5335e-01 -8.7250e-01 +6.8724e-01 -1.3052e+00 -2.8505e-01
% f evaluations | g evaluations | best noise-free fitness - Fopt (-3.015000000000e+01) + sum g_i+ | measured fitness | best measured fitness or single-digit g-values | x1 | x2...
1 0 +1.409319533e+01 -1.605680467e+01 -1.605680467e+01 +5.9671e-01 -3.8264e-02 +7.4769e-01 +1.6230e+00 -1.3415e-01
2 0 +7.558632323e+00 -2.259136768e+01 -2.259136768e+01 -1.3414e-01 +1.6792e+00 +8.6743e-01 -3.6947e-01 +6.4256e-01
4 0 +3.986086715e+00 -2.616391329e+01 -2.616391329e+01 -4.6229e-01 -9.1283e-01 +4.1425e-01 -8.0802e-01 -1.3123e+00
147 0 +3.008036129e+00 -2.714196387e+01 -2.714196387e+01 -1.4557e+00 -1.6260e+00 +1.9420e+00 -4.1698e-01 -6.5898e-01
236 0 +1.007704580e+00 -2.914229542e+01 -2.914229542e+01 -1.6722e+00 -1.1956e+00 +1.6461e+00 -2.6955e-01 -1.0910e-01
% f evaluations | g evaluations | best noise-free fitness - Fopt (-1.000000000000e+03) + sum g_i+ | measured fitness | best measured fitness or single-digit g-values | x1 | x2...
1 0 +9.876852929e+00 -9.901231471e+02 -9.901231471e+02 +5.9671e-01 -3.8264e-02 +7.4769e-01 +1.6230e+00 -1.3415e-01
2 0 +8.380922246e+00 -9.916190778e+02 -9.916190778e+02 -1.3414e-01 +1.6792e+00 +8.6743e-01 -3.6947e-01 +6.4256e-01
3 0 +7.524611100e+00 -9.924753889e+02 -9.924753889e+02 -3.6342e-01 -3.6573e-01 +3.4196e-01 -1.8133e+00 -1.6249e+00
5 0 +5.124062893e+00 -9.948759371e+02 -9.948759371e+02 +1.5656e+00 -1.2578e-01 +1.6753e-01 -1.3247e+00 -4.4438e-01
66 0 +4.837900846e+00 -9.951620992e+02 -9.951620992e+02 +2.1141e+00 -4.3903e-01 -5.8013e-01 +7.0070e-01 -1.3539e+00
72 0 +3.977354818e+00 -9.960226452e+02 -9.960226452e+02 +1.9129e+00 +1.2409e+00 +5.1482e-01 -1.7738e+00 -1.0369e+00
146 0 +3.757590852e+00 -9.962424091e+02 -9.962424091e+02 +3.6134e-02 +8.7083e-01 -3.6444e-01 +8.0989e-01 +1.8726e+00
245 0 +3.750412594e+00 -9.962495874e+02 -9.962495874e+02 -7.1628e-01 -1.5960e+00 -3.0399e-01 +7.0295e-02 +1.5055e+00
287 0 +3.720179946e+00 -9.962798201e+02 -9.962798201e+02 -1.6395e-01 -2.7389e-02 +6.4373e-01 +5.3291e-01 +7.6864e-01
302 0 +1.447959547e+00 -9.985520405e+02 -9.985520405e+02 +8.6345e-01 +1.9278e+00 -3.4588e-01 -8.3185e-01 -8.1031e-01
824 0 +1.398537144e+00 -9.986014629e+02 -9.986014629e+02 -1.1393e+00 -4.6592e-01 -2.4328e-01 -8.7824e-02 -6.3014e-01
860 0 +1.086088363e+00 -9.989139116e+02 -9.989139116e+02 -1.0199e+00 -3.7845e-01 -4.6586e-02 +4.0141e-01 +1.5849e+00
1021 0 +9.117316906e-01 -9.990882683e+02 -9.990882683e+02 +2.3133e-01 +3.7656e-01 +8.8856e-01 +2.6689e-01 +7.8023e-01
