% f evaluations | g evaluations | best noise-free fitness - Fopt (-1.000000000000e+03) + sum g_i+ | measured fitness | best measured fitness or single-digit g-values | x1 | x2...
1 0 +2.230668134e+01 -9.776933187e+02 -9.776933187e+02 +5.9671e-01 -3.8264e-02 +7.4769e-01 +1.6230e+00 -1.3415e-01
9 0 +2.156985621e+01 -9.784301438e+02 -9.784301438e+02 +8.3847e-01 +2.7137e-01 -1.5648e-02 -2.0110e-01 -1.3785e+00
14 0 +2.196735054e+00 -9.978032649e+02 -9.978032649e+02 +1.4562e+00 +2.7990e-02 +1.1035e+00 +4.6164e-01 -5.4512e-01
121 0 +2.183814072e+00 -9.978161859e+02 -9.978161859e+02 +1.3288e+00 +6.1566e-02 +2.1931e+00 -1.6941e+00 -1.8765e+00
250 0 +2.042463868e+00 -9.979575361e+02 -9.979575361e+02 +2.1053e+00 -9.7478e-02 +1.0395e+00 +1.2177e+00 +2.1770e-01
275 0 +4.251831344e-01 -9.995748169e+02 -9.995748169e+02 +2.1143e+00 +4.5297e-01 +1.8165e+00 +4.4521e-01 -5.9701e-01
372 0 +2.257246903e-01 -9.997742753e+02 -9.997742753e+02 +1.7530e+00 +1.1267e+00 +2.7002e+00 +2.8702e-01 -1.6040e+00
411 0 +1.106865091e-01 -9.998893135e+02 -9.998893135e+02 +1.6281e+00 +5.9960e-01 +1.9106e+00 +6.3719e-02 -1.2542e+00
427 0 +8.118506950e-02 -9.999188149e+02 -9.999188149e+02 +2.1077e+00 +1.2167e+00 +2.1488e+00 +1.7409e+00 -5.0804e-01
465 0 +3.722355015e-02 -9.999627764e+02 -9.999627764e+02 +2.1088e+00 +1.0216e+00 +2.0083e+00 +1.3206e+00 -5.3487e-01
470 0 +3.334589188e-02 -9.999666541e+02 -9.999666541e+02 +1.6695e+00 +7.9973e-01 +2.0266e+00 +9.0319e-01 -8.7926e-01
518 0 +1.921425404e-02 -9.999807857e+02 -9.999807857e+02 +1.7166e+00 +3.6794e-01 +2.0442e+00 -8.0270e-02 -1.2147e+00
520 0 +3.155182208e-05 -9.999999684e+02 -9.999999684e+02 +1.3596e+00 +6.9453e-01 +2.6648e+00 -1.9782e-01 -1.7055e+00
949 0 +6.893862974e-07 -9.999999993e+02 -9.999999993e+02 +1.3709e+00 +7.2099e-01 +2.6235e+00 -1.2572e-01 -1.6618e+00
