% f evaluations | g evaluations | best noise-free fitness - Fopt (3.590000000000e+01) + sum g_i+ | measured fitness | best measured fitness or single-digit g-values | x1 | x2...
1 0 +3.391355936e+04 +3.394945936e+04 +3.394945936e+04 +5.9671e-01 -3.8264e-02 +7.4769e-01 +1.6230e+00 -1.3415e-01
10 0 +1.809916825e+04 +1.813506825e+04 +1.813506825e+04 -6.1984e-01 -3.6064e-01 +1.1571e+00 +4.4362e-01 -1.6630e+00
15 0 +3.090526178e+03 +3.126426178e+03 +3.126426178e+03 +4.6140e-01 +1.6380e+00 +6.4174e-02 +1.6646e+00 -2.5197e+00
27 0 +1.964216750e+03 +2.000116750e+03 +2.000116750e+03 +1.3782e-01 +8.9368e-01 +2.7283e+00 +3.7081e+00 -1.8379e+00
29 0 +4.520221643e+01 +8.110221643e+01 +8.110221643e+01 -1.0816e+00 +2.0560e+00 +3.1630e+00 +2.4154e+00 -3.2832e+00
35 0 +4.096517880e+01 +7.686517880e+01 +7.686517880e+01 +8.7679e-02 +6.3267e-01 +2.1334e+00 +3.5524e+00 -3.3568e+00
42 0 +3.822398355e+01 +7.412398355e+01 +7.412398355e+01 -1.5523e-01 +1.1836e+00 +2.7885e+00 +7.5573e-01 -4.1133e+00
157 0 +2.287347121e+01 +5.877347121e+01 +5.877347121e+01 +8.8427e-01 +2.6950e+00 +2.1069e+00 +3.7319e+00 -3.0886e+00
231 0 +2.017886753e+01 +5.607886753e+01 +5.607886753e+01 +9.5301e-01 +2.0652e+00 +2.4474e+00 +3.2831e+00 -3.2858e+00
237 0 +1.352816113e+01 +4.942816113e+01 +4.942816113e+01 +2.0534e+00 +1.4991e+00 +2.0967e+00 +4.5213e+00 -3.0798e+00
251 0 +1.281269835e+01 +4.871269835e+01 +4.871269835e+01 +1.5859e+00 +4.7091e-01 +3.9199e+00 +3.1403e+00 -3.3331e+00
290 0 +1.232436180e+01 +4.822436180e+01 +4.822436180e+01 +2.3774e+00 +1.1873e+00 +2.8615e+00 +3.3205e+00 -3.5625e+00
293 0 +7.275909963e+00 +4.317590996e+01 +4.317590996e+01 +2.3295e+00 +2.7283e+00 +2.1936e+00 +4.1680e+00 -2.4234e+00
307 0 +4.240981474e+00 +4.014098147e+01 +4.014098147e+01 +2.6488e+00 +1.4788e+00 +2.6944e+00 +3.7405e+00 -2.5984e+00
394 0 +3.041853306e+00 +3.894185331e+01 +3.894185331e+01 +2.3300e+00 +1.6184e+00 +2.3876e+00 +3.3102e+00 -2.1849e+00
478 0 +2.544769465e+00 +3.844476947e+01 +3.844476947e+01 +2.5429e+00 +1.4948e+00 +2.6868e+00 +4.0549e+00 -2.0237e+00
589 0 +2.480784768e+00 +3.838078477e+01 +3.838078477e+01 +2.3693e+00 +1.4368e+00 +2.3755e+00 +3.5110e+00 -2.0737e+00
620 0 +2.406396686e+00 +3.830639669e+01 +3.830639669e+01 +2.3635e+00 +1.4231e+00 +2.8411e+00 +3.5476e+00 -2.0861e+00
699 0 +9.213115340e-01 +3.682131153e+01 +3.682131153e+01 +2.5293e+00 +1.2057e+00 +2.7842e+00 +3.5464e+00 -1.8282e+00
857 0 +7.511498748e-01 +3.665114987e+01 +3.665114987e+01 +2.6522e+00 +1.6404e+00 +2.4862e+00 +3.6798e+00 -1.6530e+00
906 0 +6.426531905e-01 +3.654265319e+01 +3.654265319e+01 +2.7689e+00 +1.3275e+00 +2.4863e+00 +3.7341e+00 -1.7123e+00
998 0 +4.215955045e-01 +3.632159550e+01 +3.632159550e+01 +2.5555e+00 +1.3956e+00 +2.5919e+00 +3.4827e+00 -1.5467e+00
1161 0 +2.017108967e-01 +3.610171090e+01 +3.610171090e+01 +2.6363e+00 +1.1268e+00 +2.6180e+00 +3.4060e+00 -1.5967e+00
