% f evaluations | g evaluations | best noise-free fitness - Fopt (-5.494000000000e+01) + sum g_i+ | measured fitness | best measured fitness or single-digit g-values | x1 | x2...
1 0 +9.852913834e+06 +9.852858894e+06 +9.852858894e+06 +5.9671e-01 -3.8264e-02 +7.4769e-01 +1.6230e+00 -1.3415e-01
2 0 +2.715223623e+06 +2.715168683e+06 +2.715168683e+06 -1.3414e-01 +1.6792e+00 +8.6743e-01 -3.6947e-01 +6.4256e-01
7 0 +9.085897748e+05 +9.085348348e+05 +9.085348348e+05 -5.0171e-01 +1.9523e+00 +8.6503e-02 -9.5771e-01 +9.2254e-01
8 0 +5.441882390e+05 +5.441332990e+05 +5.441332990e+05 -1.1208e+00 +3.0886e-01 -1.8597e+00 -1.2282e+00 +2.9686e-01
31 0 +1.951368862e+05 +1.950819462e+05 +1.950819462e+05 -1.7768e+00 +1.4451e+00 -2.9946e-01 +7.5243e-01 +5.1103e-01
41 0 +1.792481817e+05 +1.791932417e+05 +1.791932417e+05 -2.5319e+00 +4.6175e-01 -2.0024e-01 +1.3819e+00 +2.4808e-01
61 0 +1.301888478e+05 +1.301339078e+05 +1.301339078e+05 -2.1972e+00 -2.2273e-01 -2.0472e+00 +1.8270e+00 +6.1753e-01
62 0 +1.228235876e+05 +1.227686476e+05 +1.227686476e+05 -2.3209e+00 +7.0590e-01 -1.2462e+00 +1.5638e+00 +3.1612e-01
78 0 +8.848223330e+04 +8.842729330e+04 +8.842729330e+04 -2.0118e+00 +2.6473e+00 -5.8323e-01 +3.6560e+00 +4.8642e-01
79 0 +1.451322427e+04 +1.445828427e+04 +1.445828427e+04 -3.2363e+00 +5.0646e-01 -2.1452e+00 +3.9222e+00 -2.2512e+00
228 0 +9.095793999e+03 +9.040853999e+03 +9.040853999e+03 -2.1196e+00 -5.8488e-01 -3.7843e+00 +3.9032e+00 -8.6911e-01
305 0 +7.579102202e+03 +7.524162202e+03 +7.524162202e+03 -2.6047e+00 -9.9655e-01 -1.6901e+00 +3.5671e+00 +6.9549e-01
318 0 +5.389380563e+03 +5.334440563e+03 +5.334440563e+03 -1.5219e+00 -2.9770e-01 -2.9533e+00 +2.9831e+00 +6.7028e-01
338 0 +3.465422640e+03 +3.410482640e+03 +3.410482640e+03 -2.2269e+00 -1.1982e+00 -3.0320e+00 +3.9049e+00 +1.7155e-01
411 0 +3.187299217e+03 +3.132359217e+03 +3.132359217e+03 -1.5881e+00 -1.1205e+00 -3.2110e+00 +3.1040e+00 +8.5558e-01
445 0 +3.111175667e+03 +3.056235667e+03 +3.056235667e+03 -2.1717e+00 -1.4425e+00 -1.7122e+00 +3.7237e+00 +1.8405e+00
499 0 +8.939138352e+02 +8.389738352e+02 +8.389738352e+02 -3.5129e+00 -1.6975e+00 -1.2346e-01 +4.6523e+00 +1.2893e+00
553 0 +6.212348072e+02 +5.662948072e+02 +5.662948072e+02 -4.1196e+00 -1.9229e-01 +2.2632e+00 +4.9191e+00 +1.3852e+00
648 0 +1.518830273e+02 +9.694302729e+01 +9.694302729e+01 -3.6178e+00 -1.7444e+00 -2.5587e-01 +4.8211e+00 +9.6754e-01
717 0 +1.258107239e+02 +7.087072387e+01 +7.087072387e+01 -3.4722e+00 -1.2485e+00 +2.3690e-01 +4.6328e+00 +1.3219e+00
734 0 +1.017619112e+02 +4.682191120e+01 +4.682191120e+01 -3.1022e+00 -1.3693e+00 +3.4286e-02 +4.3628e+00 +1.8233e+00
797 0 +6.558282241e+01 +1.064282241e+01 +1.064282241e+01 -3.1075e+00 -1.8003e+00 -1.1709e+00 +4.4207e+00 +9.4000e-01
868 0 +3.165422315e+01 -2.328577685e+01 -2.328577685e+01 -3.1773e+00 -1.4062e+00 -3.9272e-01 +4.4120e+00 +1.2902e+00
899 0 +2.324782614e+01 -3.169217386e+01 -3.169217386e+01 -3.2455e+00 -1.4821e+00 -6.6800e-01 +4.4913e+00 +9.6306e-01
900 0 +2.177313652e+01 -3.316686348e+01 -3.316686348e+01 -3.4561e+00 -1.5347e+00 -4.9393e-01 +4.6737e+00 +8.3239e-01
912 0 +2.159061847e+01 -3.334938153e+01 -3.334938153e+01 -3.0514e+00 -1.5898e+00 -9.5089e-01 +4.3543e+00 +1.0906e+00
915 0 +2.058798630e+01 -3.435201370e+01 -3.435201370e+01 -3.1556e+00 -1.5591e+00 -8.3902e-01 +4.4296e+00 +1.0166e+00
919 0 +1.433806375e+01 -4.060193625e+01 -4.060193625e+01 -3.2820e+00 -1.6178e+00 -9.0681e-01 +4.5586e+00 +7.8419e-01
925 0 +1.077264564e+01 -4.416735436e+01 -4.416735436e+01 -3.2031e+00 -1.6633e+00 -9.7176e-01 +4.4862e+00 +8.8121e-01
970 0 +1.034487730e+01 -4.459512270e+01 -4.459512270e+01 -3.2757e+00 -1.5809e+00 -7.9993e-01 +4.5354e+00 +8.6436e-01
995 0 +1.029988981e+01 -4.464011019e+01 -4.464011019e+01 -3.3404e+00 -1.5907e+00 -7.5324e-01 +4.5878e+00 +8.1110e-01
1080 0 +1.028222025e+01 -4.465777975e+01 -4.465777975e+01 -3.2032e+00 -1.6761e+00 -9.3197e-01 +4.4959e+00 +9.3282e-01
1088 0 +8.553566011e+00 -4.638643399e+01 -4.638643399e+01 -3.2533e+00 -1.6572e+00 -9.1780e-01 +4.5330e+00 +8.4675e-01
1102 0 +8.547613747e+00 -4.639238625e+01 -4.639238625e+01 -3.1716e+00 -1.6618e+00 -1.0188e+00 +4.4779e+00 +8.8758e-01
1129 0 +8.051813006e+00 -4.688818699e+01 -4.688818699e+01 -3.1225e+00 -1.6475e+00 -9.7300e-01 +4.4279e+00 +1.0054e+00
1178 0 +4.857614508e+00 -5.008238549e+01 -5.008238549e+01 -2.8342e+00 -1.6174e+00 -1.1024e+00 +4.2097e+00 +1.3379e+00
1225 0 +4.362303699e+00 -5.057769630e+01 -5.057769630e+01 -2.6958e+00 -1.5413e+00 -9.9286e-01 +4.0914e+00 +1.6198e+00
