% f evaluations | g evaluations | best noise-free fitness - Fopt (-9.210000000000e+00) + sum g_i+ | measured fitness | best measured fitness or single-digit g-values | x1 | x2...
1 0 +9.445828197e+01 +8.524828197e+01 +8.524828197e+01 +5.9671e-01 -3.8264e-02 +7.4769e-01 +1.6230e+00 -1.3415e-01
9 0 +9.389396990e+01 +8.468396990e+01 +8.468396990e+01 +8.3847e-01 +2.7137e-01 -1.5648e-02 -2.0110e-01 -1.3785e+00
10 0 +8.629682003e+01 +7.708682003e+01 +7.708682003e+01 -6.1984e-01 -3.6064e-01 +1.1571e+00 +4.4362e-01 -1.6630e+00
15 0 +6.968420319e+01 +6.047420319e+01 +6.047420319e+01 +4.6140e-01 +1.6380e+00 +6.4174e-02 +1.6646e+00 -2.5197e+00
33 0 +5.608978866e+01 +4.687978866e+01 +4.687978866e+01 -2.9241e-01 +3.1937e+00 +2.5978e+00 +1.4293e+00 -3.0090e+00
54 0 +5.247391069e+01 +4.326391069e+01 +4.326391069e+01 +4.6101e-01 +3.0553e+00 +2.5124e+00 +4.1943e+00 -1.7921e+00
85 0 +3.968431083e+01 +3.047431083e+01 +3.047431083e+01 -1.0032e+00 +4.3203e+00 +4.2598e+00 +1.7379e+00 -3.8213e+00
100 0 +9.165394806e+00 -4.460519426e-02 -4.460519426e-02 +1.5857e+00 +4.1128e+00 +4.0208e+00 +4.8779e+00 -4.9610e+00
214 0 +8.912840143e+00 -2.971598572e-01 -2.971598572e-01 +2.6176e+00 +4.8928e+00 +3.3291e+00 +4.8253e+00 -4.9927e+00
247 0 +8.406354780e+00 -8.036452204e-01 -8.036452204e-01 +3.8350e+00 +4.5854e+00 +4.3082e+00 +4.6635e+00 -4.7576e+00
296 0 +5.407056484e+00 -3.802943516e+00 -3.802943516e+00 +3.4478e+00 +3.7495e+00 +4.7058e+00 +4.9691e+00 -4.9473e+00
392 0 +4.912588719e+00 -4.297411281e+00 -4.297411281e+00 +3.2522e+00 +4.2254e+00 +4.9274e+00 +4.9524e+00 -4.8710e+00
426 0 +4.628411470e+00 -4.581588530e+00 -4.581588530e+00 +4.2463e+00 +4.4693e+00 +4.7664e+00 +4.7786e+00 -4.9053e+00
429 0 +3.904691008e+00 -5.305308992e+00 -5.305308992e+00 +4.2988e+00 +3.5718e+00 +4.9853e+00 +4.9950e+00 -4.9411e+00
472 0 +2.775559015e+00 -6.434440985e+00 -6.434440985e+00 +4.2530e+00 +4.9532e+00 +4.9907e+00 +4.9752e+00 -4.8223e+00
538 0 +2.640198021e+00 -6.569801979e+00 -6.569801979e+00 +4.4078e+00 +4.8447e+00 +4.8769e+00 +4.8133e+00 -4.9667e+00
655 0 +2.300736305e+00 -6.909263695e+00 -6.909263695e+00 +3.4981e+00 +4.8462e+00 +4.9890e+00 +4.9170e+00 -4.9976e+00
696 0 +2.258804132e+00 -6.951195868e+00 -6.951195868e+00 +3.5595e+00 +4.8792e+00 +4.8637e+00 +4.9915e+00 -4.9875e+00
701 0 +1.972628712e+00 -7.237371288e+00 -7.237371288e+00 +4.9881e+00 +4.5570e+00 +4.9423e+00 +4.9380e+00 -4.9358e+00
705 0 +1.900876832e+00 -7.309123168e+00 -7.309123168e+00 +4.5172e+00 +4.9027e+00 +4.7360e+00 +4.9751e+00 -4.9730e+00
731 0 +1.658455138e+00 -7.551544862e+00 -7.551544862e+00 +4.9454e+00 +4.8873e+00 +4.9616e+00 +4.8898e+00 -4.9338e+00
