% f evaluations | g evaluations | best noise-free fitness - Fopt (1.491500000000e+02) + sum g_i+ | measured fitness | best measured fitness or single-digit g-values | x1 | x2...
1 0 +1.589879163e+03 +1.739029163e+03 +1.739029163e+03 +5.9671e-01 -3.8264e-02 +7.4769e-01 +1.6230e+00 -1.3415e-01
4 0 +1.459283928e+03 +1.608433928e+03 +1.608433928e+03 -4.6229e-01 -9.1283e-01 +4.1425e-01 -8.0802e-01 -1.3123e+00
9 0 +1.233032610e+03 +1.382182610e+03 +1.382182610e+03 +8.3847e-01 +2.7137e-01 -1.5648e-02 -2.0110e-01 -1.3785e+00
13 0 +8.127868237e+02 +9.619368237e+02 +9.619368237e+02 -3.7917e-01 -8.5659e-02 -1.0063e+00 -1.0962e+00 +9.1253e-01
21 0 +7.176775228e+02 +8.668275228e+02 +8.668275228e+02 -1.3154e+00 -3.2065e-01 -2.4271e-01 -7.0228e-01 -6.1286e-02
23 0 +2.345660033e+02 +3.837160033e+02 +3.837160033e+02 -1.8188e+00 +7.3486e-02 +1.6023e-01 +2.5632e+00 -9.2361e-02
56 0 +1.843282844e+02 +3.334782844e+02 +3.334782844e+02 +3.0957e-01 -7.4663e-02 +5.7800e-01 +2.0928e+00 -2.4953e+00
204 0 +1.558622521e+02 +3.050122521e+02 +3.050122521e+02 -1.3146e+00 -8.8628e-01 +2.9100e-01 +1.9636e+00 -2.6849e+00
233 0 +1.123423799e+02 +2.614923799e+02 +2.614923799e+02 -9.6079e-01 -9.5714e-01 -1.3083e+00 +1.7669e+00 -3.0595e+00
257 0 +2.561240443e+01 +1.747624044e+02 +1.747624044e+02 -1.8479e+00 -6.9240e-01 -1.9475e-01 +1.5002e+00 -3.6477e+00
399 0 +1.417834275e+01 +1.633283427e+02 +1.633283427e+02 -1.2560e+00 -1.1971e+00 -9.5448e-01 +9.0314e-01 -4.0188e+00
428 0 +1.180795947e+01 +1.609579595e+02 +1.609579595e+02 -1.5986e+00 -8.3696e-01 -7.9658e-01 +9.8898e-01 -3.7206e+00
445 0 +7.952516090e+00 +1.571025161e+02 +1.571025161e+02 -1.5774e+00 -1.0715e+00 -9.6089e-01 +9.1764e-01 -3.8835e+00
560 0 +6.372172428e+00 +1.555221724e+02 +1.555221724e+02 -1.1956e+00 -1.3396e+00 -9.0980e-01 +9.9478e-01 -3.7456e+00
577 0 +6.116607933e+00 +1.552666079e+02 +1.552666079e+02 -8.3207e-01 -1.3258e+00 -9.3672e-01 +8.8228e-01 -3.5775e+00
593 0 +5.616547305e+00 +1.547665473e+02 +1.547665473e+02 -8.5969e-01 -1.2743e+00 -8.2821e-01 +8.6319e-01 -3.7597e+00
621 0 +5.180914443e+00 +1.543309144e+02 +1.543309144e+02 -1.0857e+00 -1.3502e+00 -1.0481e+00 +8.6707e-01 -3.8094e+00
625 0 +4.448042601e+00 +1.535980426e+02 +1.535980426e+02 -9.2647e-01 -1.4226e+00 -9.5148e-01 +8.8551e-01 -3.7115e+00
677 0 +3.793229505e+00 +1.529432295e+02 +1.529432295e+02 -5.3271e-01 -1.1498e+00 -8.7739e-01 +9.3772e-01 -3.6875e+00
785 0 +3.451233671e+00 +1.526012337e+02 +1.526012337e+02 -6.6907e-01 -1.1893e+00 -9.1991e-01 +8.0538e-01 -3.7240e+00
928 0 +2.838426719e+00 +1.519884267e+02 +1.519884267e+02 -5.2226e-01 -1.0702e+00 -8.9530e-01 +8.8506e-01 -3.6840e+00
1086 0 +2.820820079e+00 +1.519708201e+02 +1.519708201e+02 -5.4576e-01 -1.1070e+00 -9.3010e-01 +8.8283e-01 -3.7077e+00
1172 0 +2.514084597e+00 +1.516640846e+02 +1.516640846e+02 -4.1648e-01 -9.7665e-01 -8.1173e-01 +9.4768e-01 -3.7303e+00
1186 0 +2.490517194e+00 +1.516405172e+02 +1.516405172e+02 -4.9656e-01 -1.0504e+00 -8.7052e-01 +8.6857e-01 -3.7108e+00
1211 0 +2.373743838e+00 +1.515237438e+02 +1.515237438e+02 -4.3406e-01 -9.7916e-01 -8.5621e-01 +8.9616e-01 -3.7413e+00
1221 0 +2.362650810e+00 +1.515126508e+02 +1.515126508e+02 -4.7032e-01 -1.0106e+00 -8.5450e-01 +8.9166e-01 -3.7323e+00
1233 0 +2.343969010e+00 +1.514939690e+02 +1.514939690e+02 -3.7001e-01 -9.4765e-01 -7.6557e-01 +9.2109e-01 -3.7144e+00
1240 0 +2.245721171e+00 +1.513957212e+02 +1.513957212e+02 -3.5029e-01 -9.1618e-01 -7.7777e-01 +8.9645e-01 -3.6973e+00
1245 0 +2.220220109e+00 +1.513702201e+02 +1.513702201e+02 -3.5705e-01 -9.0390e-01 -7.8781e-01 +8.9567e-01 -3.6926e+00
