% f evaluations | g evaluations | best noise-free fitness - Fopt (-4.620900000000e+02) + sum g_i+ | measured fitness | best measured fitness or single-digit g-values | x1 | x2...
1 0 +1.129495628e+02 -3.491404372e+02 -3.491404372e+02 +5.9671e-01 -3.8264e-02 +7.4769e-01 +1.6230e+00 -1.3415e-01
11 0 +8.693627080e+01 -3.751537292e+02 -3.751537292e+02 +4.2408e-01 -2.8508e-01 -5.7692e-01 +7.1168e-01 +1.1310e+00
26 0 +5.418183615e+01 -4.079081638e+02 -4.079081638e+02 +1.2564e+00 +1.6429e+00 +1.1191e+00 +3.0199e-01 +3.0741e+00
28 0 +4.322537026e+01 -4.188646297e+02 -4.188646297e+02 +6.7898e-01 +7.8537e-01 +6.6002e-01 +1.0667e+00 +1.9656e+00
35 0 +2.665416629e+01 -4.354358337e+02 -4.354358337e+02 -3.5439e-01 +9.6376e-01 +5.6630e-01 +7.6383e-01 +1.6116e+00
215 0 +2.437305378e+01 -4.377169462e+02 -4.377169462e+02 -2.4677e-01 +1.5122e+00 +1.0676e+00 +1.1361e+00 +2.2811e+00
518 0 +2.243922119e+01 -4.396507788e+02 -4.396507788e+02 -3.7606e-01 +1.4606e+00 +6.3374e-01 +7.7863e-01 +2.2550e+00
530 0 +1.525618970e+01 -4.468338103e+02 -4.468338103e+02 -1.4144e+00 +2.2825e+00 +2.1563e+00 +1.6798e+00 +2.3292e+00
960 0 +1.525243408e+01 -4.468375659e+02 -4.468375659e+02 -2.4727e+00 +2.3144e+00 +2.8365e+00 +1.6202e+00 +2.3068e+00
