% f evaluations | g evaluations | best noise-free fitness - Fopt (-6.211100000000e+02) + sum g_i+ | measured fitness | best measured fitness or single-digit g-values | x1 | x2...
1 0 +6.295856703e+07 +6.295794592e+07 +6.295794592e+07 +5.9671e-01 -3.8264e-02 +7.4769e-01 +1.6230e+00 -1.3415e-01
2 0 +2.089017495e+07 +2.088955384e+07 +2.088955384e+07 -1.3414e-01 +1.6792e+00 +8.6743e-01 -3.6947e-01 +6.4256e-01
7 0 +1.510354235e+07 +1.510292124e+07 +1.510292124e+07 -5.0171e-01 +1.9523e+00 +8.6503e-02 -9.5771e-01 +9.2254e-01
26 0 +1.181551984e+06 +1.180930874e+06 +1.180930874e+06 -2.0573e+00 +3.9456e+00 -2.3713e-01 -3.9214e+00 -7.2076e-01
62 0 +7.992058582e+05 +7.985847482e+05 +7.985847482e+05 -1.6184e+00 +4.7464e+00 -3.1907e+00 -2.1149e+00 -2.5826e+00
283 0 +7.474235494e+05 +7.468024394e+05 +7.468024394e+05 -6.9627e-01 +4.8212e+00 -4.2667e-01 -3.1393e+00 -1.0899e+00
284 0 +5.682666989e+05 +5.676455889e+05 +5.676455889e+05 -9.7356e-01 +3.9375e+00 -7.2737e-01 -2.7561e+00 -1.0068e+00
299 0 +5.412340656e+05 +5.406129556e+05 +5.406129556e+05 -1.2788e+00 +4.4589e+00 +6.9428e-02 -3.1936e+00 -4.0058e-01
317 0 +5.084614055e+05 +5.078402955e+05 +5.078402955e+05 -5.9704e-01 +4.2448e+00 -1.7869e+00 -2.7204e+00 -1.8307e+00
321 0 +2.629663672e+05 +2.623452572e+05 +2.623452572e+05 -1.0536e+00 +4.3564e+00 -3.6736e+00 -2.7142e+00 -2.9324e+00
350 0 +1.391701672e+05 +1.385490572e+05 +1.385490572e+05 -1.4287e+00 +4.5197e+00 -2.3392e+00 -3.2956e+00 -1.8216e+00
358 0 +1.722270703e+04 +1.660159703e+04 +1.660159703e+04 -8.8809e-01 +4.1112e+00 -2.9329e-01 -3.5493e+00 -7.1236e-01
606 0 +1.646774561e+04 +1.584663561e+04 +1.584663561e+04 -1.2748e+00 +4.8766e+00 -4.7386e+00 -2.5135e+00 -3.3078e+00
625 0 +1.254214446e+04 +1.192103446e+04 +1.192103446e+04 -1.0827e+00 +4.3027e+00 -2.0079e+00 -3.1663e+00 -1.6383e+00
638 0 +7.778405368e+03 +7.157295368e+03 +7.157295368e+03 -1.0944e+00 +4.4006e+00 -2.1794e+00 -3.1008e+00 -1.6718e+00
677 0 +5.317972278e+03 +4.696862278e+03 +4.696862278e+03 -9.3233e-01 +4.0765e+00 -8.3508e-02 -3.7375e+00 -5.2518e-01
703 0 +4.441515446e+03 +3.820405446e+03 +3.820405446e+03 -1.0892e+00 +4.2819e+00 -1.0283e+00 -3.4083e+00 -1.1108e+00
706 0 +2.060881456e+03 +1.439771456e+03 +1.439771456e+03 -1.0931e+00 +4.3119e+00 -1.3281e+00 -3.3280e+00 -1.2572e+00
799 0 +1.066394124e+03 +4.452841238e+02 +4.452841238e+02 -1.0610e+00 +4.2378e+00 -1.1991e+00 -3.3712e+00 -1.2026e+00
813 0 +1.034558671e+03 +4.134486706e+02 +4.134486706e+02 -9.7785e-01 +4.0882e+00 -4.1950e-01 -3.6347e+00 -8.0675e-01
877 0 +3.875609860e+02 -2.335490140e+02 -2.335490140e+02 -1.1434e+00 +4.4143e+00 -2.0547e+00 -3.1321e+00 -1.6782e+00
886 0 +3.186119378e+02 -3.024980622e+02 -3.024980622e+02 -1.0990e+00 +4.2913e+00 -1.3978e+00 -3.3402e+00 -1.2925e+00
919 0 +2.921158853e+02 -3.289941147e+02 -3.289941147e+02 -1.1263e+00 +4.4098e+00 -2.0190e+00 -3.1549e+00 -1.6595e+00
920 0 +1.751400162e+02 -4.459699838e+02 -4.459699838e+02 -1.1393e+00 +4.4115e+00 -2.0292e+00 -3.1620e+00 -1.6778e+00
1243 0 +1.641770783e+02 -4.569329217e+02 -4.569329217e+02 -1.2194e+00 +4.6537e+00 -3.5366e+00 -2.7471e+00 -2.5426e+00
