% f evaluations | g evaluations | best noise-free fitness - Fopt (-5.235000000000e+01) + sum g_i+ | measured fitness | best measured fitness or single-digit g-values | x1 | x2...
1 0 +8.573881695e+01 +3.338881695e+01 +3.338881695e+01 +5.9671e-01 -3.8264e-02 +7.4769e-01 +1.6230e+00 -1.3415e-01
2 0 +7.039536500e+01 +1.804536500e+01 +1.804536500e+01 -1.3414e-01 +1.6792e+00 +8.6743e-01 -3.6947e-01 +6.4256e-01
3 0 +9.862298760e+00 -4.248770124e+01 -4.248770124e+01 -3.6342e-01 -3.6573e-01 +3.4196e-01 -1.8133e+00 -1.6249e+00
28 0 +5.893708381e+00 -4.645629162e+01 -4.645629162e+01 -1.7652e+00 -2.5115e+00 +3.7215e-01 -2.1044e+00 -3.7111e+00
34 0 +3.092597567e+00 -4.925740243e+01 -4.925740243e+01 -2.3927e-01 -1.3674e+00 +2.2687e+00 -2.5888e+00 +7.1094e-01
36 0 +1.411241745e+00 -5.093875825e+01 -5.093875825e+01 -5.6628e-01 -1.7275e+00 +2.0506e+00 -8.9830e-01 -1.3035e+00
69 0 +7.921457978e-01 -5.155785420e+01 -5.155785420e+01 -7.5328e-01 -1.6507e+00 +1.4769e+00 -2.2919e+00 -1.4173e+00
184 0 +4.476047361e-01 -5.190239526e+01 -5.190239526e+01 -6.5037e-01 -1.1693e+00 +1.9905e+00 -1.7907e+00 -1.9878e+00
212 0 +4.421528688e-01 -5.190784713e+01 -5.190784713e+01 -9.0686e-01 -1.0460e+00 +2.0101e+00 -1.8417e+00 -1.2479e+00
221 0 +3.956536965e-01 -5.195434630e+01 -5.195434630e+01 -4.5526e-01 -1.4941e+00 +2.7553e+00 -2.2563e+00 -1.8477e+00
231 0 +3.365392117e-01 -5.201346079e+01 -5.201346079e+01 -6.7138e-01 -8.3947e-01 +2.3578e+00 -1.7262e+00 -1.6360e+00
252 0 +2.379584550e-01 -5.211204154e+01 -5.211204154e+01 -7.1238e-01 -1.3140e+00 +2.3390e+00 -1.7756e+00 -1.5562e+00
295 0 +1.194912792e-01 -5.223050872e+01 -5.223050872e+01 -7.8429e-01 -1.2481e+00 +2.4781e+00 -1.8478e+00 -1.4747e+00
370 0 +8.164778423e-02 -5.226835222e+01 -5.226835222e+01 -7.9855e-01 -1.1786e+00 +2.5762e+00 -1.9944e+00 -1.5695e+00
409 0 +4.810307080e-02 -5.230189693e+01 -5.230189693e+01 -8.1460e-01 -1.2082e+00 +2.6417e+00 -2.1719e+00 -1.3984e+00
414 0 +4.499250663e-02 -5.230500749e+01 -5.230500749e+01 -8.5260e-01 -1.3467e+00 +2.7365e+00 -2.2260e+00 -1.6783e+00
493 0 +3.279242594e-02 -5.231720757e+01 -5.231720757e+01 -9.5914e-01 -1.3905e+00 +2.7181e+00 -2.3057e+00 -1.6173e+00
523 0 +2.569748299e-02 -5.232430252e+01 -5.232430252e+01 -9.2549e-01 -1.3755e+00 +2.7814e+00 -2.4128e+00 -1.6163e+00
596 0 +4.738222552e-03 -5.234526178e+01 -5.234526178e+01 -8.9836e-01 -1.2797e+00 +2.5938e+00 -2.4279e+00 -1.5945e+00
889 0 +4.432960035e-03 -5.234556704e+01 -5.234556704e+01 -9.3023e-01 -1.2942e+00 +2.6061e+00 -2.4711e+00 -1.5770e+00
893 0 +4.129163300e-03 -5.234587084e+01 -5.234587084e+01 -8.6936e-01 -1.2321e+00 +2.5253e+00 -2.4027e+00 -1.5080e+00
895 0 +3.291992452e-03 -5.234670801e+01 -5.234670801e+01 -8.1335e-01 -1.2026e+00 +2.5096e+00 -2.2568e+00 -1.5571e+00
925 0 +1.587975571e-03 -5.234841202e+01 -5.234841202e+01 -8.8150e-01 -1.2623e+00 +2.5832e+00 -2.3943e+00 -1.5842e+00
986 0 +8.243862272e-04 -5.234917561e+01 -5.234917561e+01 -8.9147e-01 -1.2634e+00 +2.5700e+00 -2.4034e+00 -1.5498e+00
1039 0 +4.383341262e-04 -5.234956167e+01 -5.234956167e+01 -8.6267e-01 -1.2393e+00 +2.5395e+00 -2.3424e+00 -1.5416e+00
1083 0 +3.762546915e-04 -5.234962375e+01 -5.234962375e+01 -8.6546e-01 -1.2443e+00 +2.5470e+00 -2.3448e+00 -1.5364e+00
1093 0 +3.676717866e-04 -5.234963233e+01 -5.234963233e+01 -8.7433e-01 -1.2579e+00 +2.5718e+00 -2.3558e+00 -1.5426e+00
1099 0 +1.909016055e-04 -5.234980910e+01 -5.234980910e+01 -8.8361e-01 -1.2569e+00 +2.5553e+00 -2.3762e+00 -1.5384e+00
1116 0 +1.089126004e-04 -5.234989109e+01 -5.234989109e+01 -8.8085e-01 -1.2609e+00 +2.5724e+00 -2.3693e+00 -1.5480e+00
1184 0 +4.117752587e-05 -5.234995882e+01 -5.234995882e+01 -8.8520e-01 -1.2568e+00 +2.5520e+00 -2.3766e+00 -1.5256e+00
% f evaluations | g evaluations | best noise-free fitness - Fopt (-1.795400000000e+02) + sum g_i+ | measured fitness | best measured fitness or single-digit g-values | x1 | x2...
1 0 +1.728725235e+01 -1.622527477e+02 -1.622527477e+02 +5.9671e-01 -3.8264e-02 +7.4769e-01 +1.6230e+00 -1.3415e-01
22 0 +1.702440765e+01 -1.625155923e+02 -1.625155923e+02 +5.0405e-01 +1.9862e+00 +2.7458e-01 +3.5755e-01 +2.5554e-02
23 0 +1.510000685e+01 -1.644399931e+02 -1.644399931e+02 -1.8188e+00 +7.3486e-02 +1.6023e-01 +2.5632e+00 -9.2361e-02
24 0 +1.287642982e+01 -1.666635702e+02 -1.666635702e+02 +4.0155e-01 +6.5288e-02 -1.0687e+00 +1.2428e+00 +8.5193e-01
26 0 +7.055679117e+00 -1.724843209e+02 -1.724843209e+02 +3.0309e-01 +1.2732e+00 -1.5210e-01 +2.7617e+00 +2.1785e+00
55 0 +2.491057757e+00 -1.770489422e+02 -1.770489422e+02 +1.3454e+00 +1.1069e+00 -1.6920e+00 +2.9718e+00 +4.7312e+00
82 0 +2.176022286e+00 -1.773639777e+02 -1.773639777e+02 +9.2567e-01 -2.7671e-01 -3.7980e+00 +2.1435e+00 +2.2679e+00
164 0 +3.418777494e-01 -1.791981223e+02 -1.791981223e+02 +9.8544e-01 +4.5077e-01 -3.8207e+00 +2.6713e+00 +3.7699e+00
209 0 +2.670121747e-01 -1.792729878e+02 -1.792729878e+02 +4.7072e-01 +7.2341e-01 -3.5781e+00 +1.8237e+00 +3.9998e+00
213 0 +1.882049916e-01 -1.793517950e+02 -1.793517950e+02 +1.0671e+00 +7.4442e-01 -3.3776e+00 +2.6051e+00 +4.1481e+00
339 0 +1.441826183e-01 -1.793958174e+02 -1.793958174e+02 +1.2491e+00 +3.8160e-01 -3.5652e+00 +2.3986e+00 +3.8668e+00
391 0 +1.179850294e-01 -1.794220150e+02 -1.794220150e+02 +1.0777e+00 +5.8216e-01 -3.3669e+00 +2.7096e+00 +3.7237e+00
436 0 +9.363631713e-02 -1.794463637e+02 -1.794463637e+02 +7.7043e-01 +5.0519e-01 -3.4660e+00 +2.2814e+00 +3.9692e+00
463 0 +3.708547869e-02 -1.795029145e+02 -1.795029145e+02 +6.7839e-01 +6.4322e-01 -3.4910e+00 +2.2182e+00 +3.8767e+00
544 0 +2.042748529e-02 -1.795195725e+02 -1.795195725e+02 +9.6138e-01 +5.6268e-01 -3.4513e+00 +2.3513e+00 +3.8218e+00
580 0 +8.106575166e-03 -1.795318934e+02 -1.795318934e+02 +7.4615e-01 +5.8021e-01 -3.4376e+00 +2.4181e+00 +3.8742e+00
662 0 +1.922085117e-03 -1.795380779e+02 -1.795380779e+02 +7.8627e-01 +5.0757e-01 -3.4555e+00 +2.4189e+00 +3.8621e+00
751 0 +1.497806659e-03 -1.795385022e+02 -1.795385022e+02 +8.1431e-01 +4.8060e-01 -3.4508e+00 +2.3560e+00 +3.8191e+00
772 0 +1.394752151e-03 -1.795386052e+02 -1.795386052e+02 +7.3605e-01 +4.9291e-01 -3.4581e+00 +2.3125e+00 +3.8363e+00
789 0 +5.626383636e-04 -1.795394374e+02 -1.795394374e+02 +7.9288e-01 +4.8394e-01 -3.4477e+00 +2.3600e+00 +3.8241e+00
852 0 +5.250547474e-04 -1.795394749e+02 -1.795394749e+02 +7.9735e-01 +4.7189e-01 -3.4520e+00 +2.3500e+00 +3.8202e+00
854 0 +5.154822874e-04 -1.795394845e+02 -1.795394845e+02 +7.7370e-01 +5.1264e-01 -3.4512e+00 +2.3510e+00 +3.8426e+00
860 0 +4.261063454e-04 -1.795395739e+02 -1.795395739e+02 +7.8617e-01 +4.8977e-01 -3.4550e+00 +2.3307e+00 +3.8268e+00
906 0 +4.153014759e-04 -1.795395847e+02 -1.795395847e+02 +7.6893e-01 +5.2107e-01 -3.4489e+00 +2.3697e+00 +3.8499e+00
918 0 +2.069438577e-04 -1.795397931e+02 -1.795397931e+02 +7.7272e-01 +5.0812e-01 -3.4461e+00 +2.3850e+00 +3.8453e+00
970 0 +1.681979211e-04 -1.795398318e+02 -1.795398318e+02 +7.8949e-01 +4.8972e-01 -3.4507e+00 +2.3680e+00 +3.8332e+00
980 0 +1.107069502e-04 -1.795398893e+02 -1.795398893e+02 +7.7171e-01 +5.1088e-01 -3.4501e+00 +2.3703e+00 +3.8461e+00
1013 0 +8.442683225e-05 -1.795399156e+02 -1.795399156e+02 +7.8670e-01 +5.0716e-01 -3.4503e+00 +2.3668e+00 +3.8409e+00
1038 0 +5.605140822e-05 -1.795399439e+02 -1.795399439e+02 +7.8300e-01 +5.0431e-01 -3.4484e+00 +2.3792e+00 +3.8421e+00
1049 0 +5.143196347e-05 -1.795399486e+02 -1.795399486e+02 +7.8373e-01 +5.0354e-01 -3.4497e+00 +2.3671e+00 +3.8394e+00
1059 0 +4.774066727e-05 -1.795399523e+02 -1.795399523e+02 +7.8395e-01 +5.1282e-01 -3.4493e+00 +2.3832e+00 +3.8479e+00
1085 0 +4.543237307e-05 -1.795399546e+02 -1.795399546e+02 +7.9682e-01 +5.0531e-01 -3.4497e+00 +2.3799e+00 +3.8417e+00
1097 0 +3.284206011e-05 -1.795399672e+02 -1.795399672e+02 +7.9582e-01 +5.0600e-01 -3.4473e+00 +2.3948e+00 +3.8442e+00
1115 0 +2.463944139e-05 -1.795399754e+02 -1.795399754e+02 +7.9899e-01 +5.0322e-01 -3.4469e+00 +2.3894e+00 +3.8403e+00
1150 0 +1.807146873e-05 -1.795399819e+02 -1.795399819e+02 +7.9203e-01 +5.2196e-01 -3.4481e+00 +2.4022e+00 +3.8550e+00
1158 0 +1.491924687e-05 -1.795399851e+02 -1.795399851e+02 +7.9535e-01 +5.2347e-01 -3.4472e+00 +2.4120e+00 +3.8571e+00
1159 0 +1.436710843e-05 -1.795399856e+02 -1.795399856e+02 +7.9846e-01 +5.2087e-01 -3.4472e+00 +2.4109e+00 +3.8551e+00
% f evaluations | g evaluations | best noise-free fitness - Fopt (7.731000000000e+01) + sum g_i+ | measured fitness | best measured fitness or single-digit g-values | x1 | x2...
1 0 +1.401331818e+01 +9.132331818e+01 +9.132331818e+01 +5.9671e-01 -3.8264e-02 +7.4769e-01 +1.6230e+00 -1.3415e-01
2 0 +8.914043025e+00 +8.622404302e+01 +8.622404302e+01 -1.3414e-01 +1.6792e+00 +8.6743e-01 -3.6947e-01 +6.4256e-01
5 0 +8.304442480e+00 +8.561444248e+01 +8.561444248e+01 +1.5656e+00 -1.2578e-01 +1.6753e-01 -1.3247e+00 -4.4438e-01
7 0 +6.427803988e+00 +8.373780399e+01 +8.373780399e+01 -5.0171e-01 +1.9523e+00 +8.6503e-02 -9.5771e-01 +9.2254e-01
8 0 +2.591273114e+00 +7.990127311e+01 +7.990127311e+01 -1.1208e+00 +3.0886e-01 -1.8597e+00 -1.2282e+00 +2.9686e-01
13 0 +2.105129821e+00 +7.941512982e+01 +7.941512982e+01 -3.7917e-01 -8.5659e-02 -1.0063e+00 -1.0962e+00 +9.1253e-01
27 0 +1.304835183e+00 +7.861483518e+01 +7.861483518e+01 +6.4924e-01 +2.2751e-01 -1.7771e+00 -9.6502e-01 +3.8451e-01
52 0 +5.119867003e-01 +7.782198670e+01 +7.782198670e+01 +9.3913e-01 -5.4048e-01 -1.8314e+00 -2.1194e+00 +1.4941e+00
180 0 +8.067035509e-02 +7.739067036e+01 +7.739067036e+01 +6.1237e-01 -6.8014e-01 -2.4018e+00 -1.9240e+00 +1.0681e+00
295 0 +7.204733891e-02 +7.738204734e+01 +7.738204734e+01 +6.7743e-01 -8.3532e-01 -1.8792e+00 -1.8188e+00 +1.0306e+00
384 0 +6.625197608e-02 +7.737625198e+01 +7.737625198e+01 +9.6279e-01 -7.7638e-01 -2.2864e+00 -1.6156e+00 +1.0558e+00
387 0 +6.038650155e-02 +7.737038650e+01 +7.737038650e+01 +9.1265e-01 -5.6912e-01 -2.3357e+00 -1.6611e+00 +1.0144e+00
395 0 +4.942183817e-02 +7.735942184e+01 +7.735942184e+01 +1.0525e+00 -6.0997e-01 -2.3279e+00 -1.7364e+00 +9.9702e-01
412 0 +4.566172701e-02 +7.735566173e+01 +7.735566173e+01 +8.9267e-01 -6.9455e-01 -2.4101e+00 -1.6392e+00 +1.0779e+00
449 0 +3.872692279e-02 +7.734872692e+01 +7.734872692e+01 +8.9440e-01 -4.9920e-01 -2.0682e+00 -1.8518e+00 +1.0386e+00
468 0 +3.003838157e-02 +7.734003838e+01 +7.734003838e+01 +8.6291e-01 -4.4604e-01 -2.3947e+00 -1.9279e+00 +1.0342e+00
473 0 +2.664298541e-02 +7.733664299e+01 +7.733664299e+01 +8.7591e-01 -6.4452e-01 -2.3327e+00 -1.8886e+00 +1.0348e+00
488 0 +2.557251359e-02 +7.733557251e+01 +7.733557251e+01 +8.5381e-01 -5.2072e-01 -1.9728e+00 -1.9339e+00 +1.0101e+00
494 0 +2.312234847e-02 +7.733312235e+01 +7.733312235e+01 +1.0402e+00 -5.3268e-01 -2.0742e+00 -1.8250e+00 +9.5896e-01
509 0 +2.148513985e-02 +7.733148514e+01 +7.733148514e+01 +9.7630e-01 -6.7365e-01 -1.9985e+00 -1.9088e+00 +9.6351e-01
542 0 +1.566605921e-02 +7.732566606e+01 +7.732566606e+01 +8.3536e-01 -6.0841e-01 -2.2499e+00 -1.7984e+00 +1.0588e+00
543 0 +1.255865926e-02 +7.732255866e+01 +7.732255866e+01 +8.9086e-01 -5.3670e-01 -2.1625e+00 -1.9510e+00 +9.7860e-01
556 0 +1.069419077e-02 +7.732069419e+01 +7.732069419e+01 +8.3685e-01 -5.5708e-01 -2.3234e+00 -1.9186e+00 +1.0339e+00
575 0 +6.034949031e-03 +7.731603495e+01 +7.731603495e+01 +8.8864e-01 -5.8962e-01 -2.2518e+00 -1.8256e+00 +1.0324e+00
616 0 +5.465813728e-03 +7.731546581e+01 +7.731546581e+01 +8.3523e-01 -5.8166e-01 -2.1732e+00 -1.9187e+00 +1.0246e+00
669 0 +3.667349063e-03 +7.731366735e+01 +7.731366735e+01 +9.1381e-01 -5.7351e-01 -2.1280e+00 -1.8762e+00 +9.9564e-01
700 0 +1.978717411e-03 +7.731197872e+01 +7.731197872e+01 +8.7744e-01 -6.2008e-01 -2.0941e+00 -1.9117e+00 +9.9766e-01
754 0 +1.562010939e-03 +7.731156201e+01 +7.731156201e+01 +8.8914e-01 -5.8594e-01 -2.1951e+00 -1.8996e+00 +1.0030e+00
826 0 +7.159879884e-04 +7.731071599e+01 +7.731071599e+01 +8.7493e-01 -5.9689e-01 -2.1846e+00 -1.8792e+00 +1.0154e+00
832 0 +6.620052611e-04 +7.731066201e+01 +7.731066201e+01 +9.0949e-01 -5.8545e-01 -2.1824e+00 -1.8693e+00 +1.0027e+00
850 0 +4.976521552e-04 +7.731049765e+01 +7.731049765e+01 +8.8956e-01 -6.2964e-01 -2.1237e+00 -1.8724e+00 +1.0049e+00
866 0 +2.853625433e-04 +7.731028536e+01 +7.731028536e+01 +8.8529e-01 -6.1013e-01 -2.1479e+00 -1.8805e+00 +1.0075e+00
944 0 +7.809968108e-05 +7.731007810e+01 +7.731007810e+01 +8.9682e-01 -6.1442e-01 -2.1223e+00 -1.8811e+00 +1.0010e+00
987 0 +3.444596071e-05 +7.731003445e+01 +7.731003445e+01 +8.9625e-01 -6.0601e-01 -2.1273e+00 -1.8870e+00 +1.0006e+00
1095 0 +1.814151108e-05 +7.731001814e+01 +7.731001814e+01 +8.9597e-01 -6.0191e-01 -2.1441e+00 -1.8851e+00 +1.0022e+00
1114 0 +5.185114205e-06 +7.731000519e+01 +7.731000519e+01 +8.9629e-01 -6.0633e-01 -2.1182e+00 -1.8911e+00 +9.9912e-01
1139 0 +3.456498192e-06 +7.731000346e+01 +7.731000346e+01 +8.9505e-01 -6.0817e-01 -2.1213e+00 -1.8891e+00 +1.0002e+00
1167 0 +1.638086701e-06 +7.731000164e+01 +7.731000164e+01 +8.9516e-01 -6.0359e-01 -2.1334e+00 -1.8881e+00 +1.0012e+00
% f evaluations | g evaluations | best noise-free fitness - Fopt (3.992000000000e+01) + sum g_i+ | measured fitness | best measured fitness or single-digit g-values | x1 | x2...
1 0 +6.809865145e+00 +4.672986515e+01 +4.672986515e+01 +5.9671e-01 -3.8264e-02 +7.4769e-01 +1.6230e+00 -1.3415e-01
2 0 +6.257295728e+00 +4.617729573e+01 +4.617729573e+01 -1.3414e-01 +1.6792e+00 +8.6743e-01 -3.6947e-01 +6.4256e-01
3 0 +4.819167854e+00 +4.473916785e+01 +4.473916785e+01 -3.6342e-01 -3.6573e-01 +3.4196e-01 -1.8133e+00 -1.6249e+00
5 0 +3.783022034e+00 +4.370302203e+01 +4.370302203e+01 +1.5656e+00 -1.2578e-01 +1.6753e-01 -1.3247e+00 -4.4438e-01
27 0 +2.207748646e+00 +4.212774865e+01 +4.212774865e+01 +2.5551e+00 +2.2074e-01 +1.5089e+00 -1.4799e+00 -1.5212e+00
56 0 +1.840473019e+00 +4.176047302e+01 +4.176047302e+01 +4.2043e+00 -3.3770e-01 +1.9278e+00 -2.9150e+00 -3.5508e+00
60 0 +9.475928835e-01 +4.086759288e+01 +4.086759288e+01 +3.5687e+00 -2.6897e-01 +2.2459e+00 -1.7334e+00 -1.7922e+00
126 0 +9.426512006e-01 +4.086265120e+01 +4.086265120e+01 +4.6930e+00 -1.3207e+00 +2.4657e+00 -2.0810e+00 -2.8190e+00
151 0 +6.339208025e-01 +4.055392080e+01 +4.055392080e+01 +3.3909e+00 -1.4118e+00 +2.0454e+00 -2.6254e+00 -1.8282e+00
179 0 +5.054257898e-01 +4.042542579e+01 +4.042542579e+01 +4.0801e+00 -1.3064e+00 +2.7564e+00 -1.9010e+00 -1.5466e+00
238 0 +4.621922056e-01 +4.038219221e+01 +4.038219221e+01 +3.3094e+00 -1.1199e+00 +2.9113e+00 -2.4485e+00 -1.9801e+00
242 0 +2.607200548e-01 +4.018072005e+01 +4.018072005e+01 +3.5737e+00 -8.3018e-01 +2.8215e+00 -2.5087e+00 -2.1096e+00
281 0 +1.635436698e-01 +4.008354367e+01 +4.008354367e+01 +3.9025e+00 -1.2846e+00 +2.4123e+00 -2.7237e+00 -1.8321e+00
322 0 +7.789725700e-02 +3.999789726e+01 +3.999789726e+01 +3.7376e+00 -1.0851e+00 +2.7250e+00 -2.4133e+00 -2.0593e+00
334 0 +7.358991570e-02 +3.999358992e+01 +3.999358992e+01 +3.7396e+00 -1.2405e+00 +2.5425e+00 -2.1786e+00 -2.3232e+00
379 0 +4.028999495e-02 +3.996028999e+01 +3.996028999e+01 +3.8008e+00 -1.1949e+00 +2.3990e+00 -2.3434e+00 -2.2605e+00
381 0 +3.998983291e-02 +3.995998983e+01 +3.995998983e+01 +3.8835e+00 -1.1144e+00 +2.5349e+00 -2.3055e+00 -2.1192e+00
388 0 +1.858740131e-02 +3.993858740e+01 +3.993858740e+01 +3.8503e+00 -1.0191e+00 +2.4792e+00 -2.2897e+00 -2.2153e+00
417 0 +1.551663599e-02 +3.993551664e+01 +3.993551664e+01 +3.9157e+00 -1.0466e+00 +2.3476e+00 -2.1821e+00 -2.2057e+00
431 0 +1.198045965e-02 +3.993198046e+01 +3.993198046e+01 +3.9321e+00 -9.8356e-01 +2.4341e+00 -2.2471e+00 -2.1096e+00
507 0 +8.672944303e-03 +3.992867294e+01 +3.992867294e+01 +3.9257e+00 -1.0423e+00 +2.3935e+00 -2.3006e+00 -2.1147e+00
533 0 +3.691115257e-03 +3.992369112e+01 +3.992369112e+01 +3.9152e+00 -1.0345e+00 +2.4510e+00 -2.2795e+00 -2.1038e+00
634 0 +1.889744723e-03 +3.992188974e+01 +3.992188974e+01 +3.9122e+00 -1.0624e+00 +2.3933e+00 -2.2638e+00 -2.1395e+00
747 0 +1.809219730e-03 +3.992180922e+01 +3.992180922e+01 +3.9060e+00 -1.0730e+00 +2.4428e+00 -2.2701e+00 -2.0931e+00
761 0 +1.607226988e-03 +3.992160723e+01 +3.992160723e+01 +3.8913e+00 -1.0874e+00 +2.4459e+00 -2.2756e+00 -2.1102e+00
788 0 +1.548580479e-03 +3.992154858e+01 +3.992154858e+01 +3.8933e+00 -1.0753e+00 +2.4451e+00 -2.2716e+00 -2.1215e+00
792 0 +9.671515465e-04 +3.992096715e+01 +3.992096715e+01 +3.9085e+00 -1.0704e+00 +2.4294e+00 -2.2761e+00 -2.1009e+00
820 0 +7.930245932e-04 +3.992079302e+01 +3.992079302e+01 +3.9103e+00 -1.0730e+00 +2.4529e+00 -2.2935e+00 -2.0644e+00
842 0 +6.278963425e-04 +3.992062790e+01 +3.992062790e+01 +3.9136e+00 -1.0740e+00 +2.4449e+00 -2.2863e+00 -2.0659e+00
849 0 +4.750750989e-04 +3.992047508e+01 +3.992047508e+01 +3.9086e+00 -1.0750e+00 +2.4444e+00 -2.2877e+00 -2.0774e+00
893 0 +4.249715852e-04 +3.992042497e+01 +3.992042497e+01 +3.9247e+00 -1.0606e+00 +2.4255e+00 -2.2798e+00 -2.0741e+00
904 0 +3.345604392e-04 +3.992033456e+01 +3.992033456e+01 +3.9242e+00 -1.0682e+00 +2.4280e+00 -2.2887e+00 -2.0613e+00
935 0 +2.910073954e-04 +3.992029101e+01 +3.992029101e+01 +3.9270e+00 -1.0685e+00 +2.3993e+00 -2.2759e+00 -2.0900e+00
942 0 +2.213732903e-04 +3.992022137e+01 +3.992022137e+01 +3.9291e+00 -1.0590e+00 +2.4111e+00 -2.2769e+00 -2.0819e+00
1014 0 +2.019537171e-04 +3.992020195e+01 +3.992020195e+01 +3.9521e+00 -1.0682e+00 +2.3743e+00 -2.2863e+00 -2.0505e+00
1031 0 +8.614089086e-05 +3.992008614e+01 +3.992008614e+01 +3.9332e+00 -1.0714e+00 +2.3936e+00 -2.2782e+00 -2.0777e+00
1080 0 +5.345875458e-05 +3.992005346e+01 +3.992005346e+01 +3.9424e+00 -1.0671e+00 +2.3955e+00 -2.2861e+00 -2.0535e+00
1116 0 +4.966462439e-05 +3.992004966e+01 +3.992004966e+01 +3.9405e+00 -1.0651e+00 +2.3917e+00 -2.2811e+00 -2.0661e+00
1180 0 +3.978407771e-05 +3.992003978e+01 +3.992003978e+01 +3.9382e+00 -1.0645e+00 +2.4075e+00 -2.2853e+00 -2.0545e+00
1192 0 +3.806208376e-05 +3.992003806e+01 +3.992003806e+01 +3.9470e+00 -1.0684e+00 +2.3833e+00 -2.2852e+00 -2.0537e+00
1199 0 +1.318239158e-05 +3.992001318e+01 +3.992001318e+01 +3.9454e+00 -1.0665e+00 +2.3941e+00 -2.2867e+00 -2.0479e+00
% f evaluations | g evaluations | best noise-free fitness - Fopt (-5.661000000000e+01) + sum g_i+ | measured fitness | best measured fitness or single-digit g-values | x1 | x2...
1 0 +2.419317543e+01 -3.241682457e+01 -3.241682457e+01 +5.9671e-01 -3.8264e-02 +7.4769e-01 +1.6230e+00 -1.3415e-01
3 0 +1.632183632e+01 -4.028816368e+01 -4.028816368e+01 -3.6342e-01 -3.6573e-01 +3.4196e-01 -1.8133e+00 -1.6249e+00
14 0 +1.443108532e+01 -4.217891468e+01 -4.217891468e+01 +1.4562e+00 +2.7990e-02 +1.1035e+00 +4.6164e-01 -5.4512e-01
28 0 +8.096310060e+00 -4.851368994e+01 -4.851368994e+01 +8.8643e-01 +8.4648e-01 +1.7996e+00 -1.4677e+00 -1.1951e+00
65 0 +6.172458847e+00 -5.043754115e+01 -5.043754115e+01 +1.3146e+00 +4.2067e-01 +2.0347e+00 -1.1778e+00 -1.9862e+00
72 0 +5.518261862e+00 -5.109173814e+01 -5.109173814e+01 +1.4058e+00 +1.2576e+00 +1.8876e+00 -8.1018e-01 -1.9281e+00
77 0 +2.976546201e+00 -5.363345380e+01 -5.363345380e+01 +1.0793e+00 +2.2364e+00 +3.2746e+00 -2.0798e+00 -2.0768e+00
78 0 +2.705064858e+00 -5.390493514e+01 -5.390493514e+01 +1.3717e+00 +2.3713e+00 +2.2243e+00 -2.0064e+00 -3.4906e+00
102 0 +2.538351827e+00 -5.407164817e+01 -5.407164817e+01 +3.3124e+00 +4.7980e+00 +4.1968e+00 -3.1428e+00 -2.4918e+00
106 0 +1.863639159e+00 -5.474636084e+01 -5.474636084e+01 +2.1757e+00 +1.9183e+00 +3.1253e+00 -3.8442e+00 -1.9171e+00
110 0 +1.577700992e+00 -5.503229901e+01 -5.503229901e+01 +1.6515e+00 +3.1976e+00 +2.5956e+00 -1.9201e+00 -2.4001e+00
127 0 +1.309622149e+00 -5.530037785e+01 -5.530037785e+01 +2.0350e+00 +2.1565e+00 +4.3121e+00 -3.6991e+00 -3.6509e+00
195 0 +1.036566039e+00 -5.557343396e+01 -5.557343396e+01 +1.5560e+00 +3.1505e+00 +2.1824e+00 -2.7626e+00 -3.0076e+00
261 0 +9.250662810e-01 -5.568493372e+01 -5.568493372e+01 +1.1624e+00 +3.6063e+00 +3.2170e+00 -3.0009e+00 -3.5227e+00
265 0 +3.992214374e-01 -5.621077856e+01 -5.621077856e+01 +2.4757e+00 +3.2409e+00 +2.8677e+00 -3.2802e+00 -3.1923e+00
291 0 +1.481838486e-01 -5.646181615e+01 -5.646181615e+01 +1.9134e+00 +3.2676e+00 +2.9473e+00 -3.2875e+00 -3.2652e+00
386 0 +9.237936015e-02 -5.651762064e+01 -5.651762064e+01 +2.2215e+00 +3.0196e+00 +3.2181e+00 -3.3073e+00 -3.2386e+00
467 0 +8.272892696e-02 -5.652727107e+01 -5.652727107e+01 +2.0454e+00 +2.9476e+00 +2.8597e+00 -3.2955e+00 -3.2462e+00
469 0 +6.931359149e-02 -5.654068641e+01 -5.654068641e+01 +2.1906e+00 +3.0797e+00 +3.1798e+00 -3.4178e+00 -3.2061e+00
474 0 +6.821890404e-02 -5.654178110e+01 -5.654178110e+01 +1.7843e+00 +2.8463e+00 +3.0073e+00 -3.1147e+00 -3.0750e+00
511 0 +5.243783668e-02 -5.655756216e+01 -5.655756216e+01 +2.0939e+00 +3.0388e+00 +3.2523e+00 -3.4505e+00 -3.1543e+00
527 0 +5.001614958e-02 -5.655998385e+01 -5.655998385e+01 +1.8262e+00 +2.9667e+00 +3.3418e+00 -3.2326e+00 -2.9927e+00
528 0 +2.900889582e-02 -5.658099110e+01 -5.658099110e+01 +2.0543e+00 +2.9573e+00 +3.3530e+00 -3.4149e+00 -3.1113e+00
545 0 +2.783991434e-02 -5.658216009e+01 -5.658216009e+01 +1.7104e+00 +2.9677e+00 +3.2258e+00 -3.0931e+00 -3.0942e+00
570 0 +1.739783332e-02 -5.659260217e+01 -5.659260217e+01 +2.0296e+00 +2.8957e+00 +3.3322e+00 -3.3060e+00 -3.1324e+00
595 0 +9.965332186e-03 -5.660003467e+01 -5.660003467e+01 +1.9177e+00 +2.9712e+00 +3.1505e+00 -3.2124e+00 -3.1388e+00
637 0 +8.215940300e-03 -5.660178406e+01 -5.660178406e+01 +1.9232e+00 +2.9241e+00 +3.2550e+00 -3.2354e+00 -3.1036e+00
659 0 +9.682340901e-04 -5.660903177e+01 -5.660903177e+01 +1.9421e+00 +2.9348e+00 +3.1852e+00 -3.2427e+00 -3.1232e+00
877 0 +5.341126340e-04 -5.660946589e+01 -5.660946589e+01 +2.0019e+00 +2.9380e+00 +3.1696e+00 -3.2960e+00 -3.1241e+00
998 0 +3.130125047e-04 -5.660968699e+01 -5.660968699e+01 +1.9854e+00 +2.9129e+00 +3.2032e+00 -3.3032e+00 -3.0853e+00
1043 0 +2.550687594e-04 -5.660974493e+01 -5.660974493e+01 +1.9424e+00 +2.9117e+00 +3.2360e+00 -3.2785e+00 -3.0767e+00
1087 0 +1.766837526e-04 -5.660982332e+01 -5.660982332e+01 +1.9374e+00 +2.9108e+00 +3.2404e+00 -3.2778e+00 -3.0727e+00
1088 0 +1.382097650e-04 -5.660986179e+01 -5.660986179e+01 +1.9493e+00 +2.9185e+00 +3.2062e+00 -3.2833e+00 -3.0773e+00
1091 0 +1.067273022e-04 -5.660989327e+01 -5.660989327e+01 +1.9434e+00 +2.9114e+00 +3.2341e+00 -3.2812e+00 -3.0737e+00
1156 0 +8.185651355e-05 -5.660991814e+01 -5.660991814e+01 +1.9643e+00 +2.9178e+00 +3.1975e+00 -3.2883e+00 -3.0838e+00
1213 0 +8.114246089e-05 -5.660991886e+01 -5.660991886e+01 +1.9587e+00 +2.9272e+00 +3.1863e+00 -3.2775e+00 -3.0958e+00
% f evaluations | g evaluations | best noise-free fitness - Fopt (3.270000000000e+01) + sum g_i+ | measured fitness | best measured fitness or single-digit g-values | x1 | x2...
1 0 +4.738185807e+00 +3.743818581e+01 +3.743818581e+01 +5.9671e-01 -3.8264e-02 +7.4769e-01 +1.6230e+00 -1.3415e-01
6 0 +4.184781633e+00 +3.688478163e+01 +3.688478163e+01 +2.1092e-01 -1.0510e+00 +4.7570e-01 -5.0064e-01 -1.9169e-01
10 0 +4.114533253e+00 +3.681453325e+01 +3.681453325e+01 -6.1984e-01 -3.6064e-01 +1.1571e+00 +4.4362e-01 -1.6630e+00
20 0 +3.167832081e+00 +3.586783208e+01 +3.586783208e+01 -1.3635e+00 +3.9612e-01 +3.6106e-01 +1.0511e-01 -1.3459e-01
21 0 +2.979073793e+00 +3.567907379e+01 +3.567907379e+01 -1.3154e+00 -3.2065e-01 -2.4271e-01 -7.0228e-01 -6.1286e-02
28 0 +2.089155029e+00 +3.478915503e+01 +3.478915503e+01 -1.9463e+00 -8.9841e-01 +1.2767e+00 +1.3547e+00 +9.0930e-01
31 0 +8.978094158e-01 +3.359780942e+01 +3.359780942e+01 -1.4876e+00 -1.1720e+00 +1.8534e-01 +4.6187e-01 -1.9992e-01
105 0 +7.021981241e-01 +3.340219812e+01 +3.340219812e+01 -1.6462e+00 -1.6351e+00 +1.1410e+00 +5.8896e-01 -1.6031e-01
154 0 +4.885335666e-01 +3.318853357e+01 +3.318853357e+01 -1.6545e+00 -1.8671e+00 +2.5612e-01 +4.8304e-01 -1.8111e-02
215 0 +4.047709172e-01 +3.310477092e+01 +3.310477092e+01 -2.1189e+00 -1.5114e+00 +3.9629e-01 +1.3988e+00 -9.3197e-01
231 0 +2.186053264e-01 +3.291860533e+01 +3.291860533e+01 -2.0124e+00 -1.4941e+00 +3.7384e-01 +9.2747e-01 -5.3248e-01
270 0 +1.334016658e-01 +3.283340167e+01 +3.283340167e+01 -2.1380e+00 -1.4448e+00 +1.8641e-01 +1.7540e+00 -1.4048e-02
291 0 +1.313545741e-01 +3.283135457e+01 +3.283135457e+01 -2.2086e+00 -1.8901e+00 +4.8142e-01 +1.1177e+00 -1.6598e-01
339 0 +5.673643177e-02 +3.275673643e+01 +3.275673643e+01 -2.1857e+00 -1.5312e+00 +4.7777e-01 +1.4478e+00 -7.1561e-02
412 0 +5.579308737e-02 +3.275579309e+01 +3.275579309e+01 -2.0929e+00 -1.3987e+00 +3.2400e-01 +1.5037e+00 -1.6694e-01
434 0 +5.123200068e-02 +3.275123200e+01 +3.275123200e+01 -2.1324e+00 -1.5789e+00 +1.5218e-01 +1.4390e+00 -1.0854e-01
447 0 +1.530099077e-02 +3.271530099e+01 +3.271530099e+01 -2.0728e+00 -1.5422e+00 +2.4579e-01 +1.4411e+00 -1.8178e-01
466 0 +8.453517788e-03 +3.270845352e+01 +3.270845352e+01 -2.0962e+00 -1.6069e+00 +3.3048e-01 +1.3085e+00 -1.5340e-01
556 0 +4.099082863e-03 +3.270409908e+01 +3.270409908e+01 -2.1093e+00 -1.6377e+00 +3.0503e-01 +1.2370e+00 -1.8392e-01
671 0 +9.618821478e-04 +3.270096188e+01 +3.270096188e+01 -2.0806e+00 -1.6153e+00 +2.6145e-01 +1.2833e+00 -1.6454e-01
720 0 +4.990981409e-04 +3.270049910e+01 +3.270049910e+01 -2.0802e+00 -1.5934e+00 +2.8350e-01 +1.3168e+00 -1.5353e-01
882 0 +3.923551811e-04 +3.270039236e+01 +3.270039236e+01 -2.0874e+00 -1.6013e+00 +2.7762e-01 +1.2931e+00 -1.8607e-01
893 0 +3.395940683e-04 +3.270033959e+01 +3.270033959e+01 -2.0864e+00 -1.5768e+00 +2.7316e-01 +1.3411e+00 -1.8191e-01
922 0 +3.291664212e-04 +3.270032917e+01 +3.270032917e+01 -2.0743e+00 -1.5711e+00 +2.7465e-01 +1.3475e+00 -1.6096e-01
943 0 +1.742951065e-04 +3.270017430e+01 +3.270017430e+01 -2.0777e+00 -1.5909e+00 +2.7458e-01 +1.3144e+00 -1.6464e-01
951 0 +1.370814705e-04 +3.270013708e+01 +3.270013708e+01 -2.0801e+00 -1.5966e+00 +2.6931e-01 +1.3036e+00 -1.7519e-01
1010 0 +1.339629633e-04 +3.270013396e+01 +3.270013396e+01 -2.0761e+00 -1.5902e+00 +2.8704e-01 +1.3162e+00 -1.5123e-01
1014 0 +1.231181111e-04 +3.270012312e+01 +3.270012312e+01 -2.0728e+00 -1.5943e+00 +2.7566e-01 +1.3063e+00 -1.5703e-01
1025 0 +8.126997669e-05 +3.270008127e+01 +3.270008127e+01 -2.0697e+00 -1.5942e+00 +2.7099e-01 +1.3121e+00 -1.4828e-01
1038 0 +4.670236107e-05 +3.270004670e+01 +3.270004670e+01 -2.0761e+00 -1.5978e+00 +2.7945e-01 +1.3034e+00 -1.5632e-01
1075 0 +1.828473236e-05 +3.270001828e+01 +3.270001828e+01 -2.0730e+00 -1.5981e+00 +2.7305e-01 +1.3030e+00 -1.5556e-01
1110 0 +1.677992748e-05 +3.270001678e+01 +3.270001678e+01 -2.0766e+00 -1.5933e+00 +2.7049e-01 +1.3123e+00 -1.6358e-01
1146 0 +1.517271618e-05 +3.270001517e+01 +3.270001517e+01 -2.0746e+00 -1.5960e+00 +2.7507e-01 +1.3068e+00 -1.5695e-01
1156 0 +1.411486049e-05 +3.270001411e+01 +3.270001411e+01 -2.0721e+00 -1.5929e+00 +2.7506e-01 +1.3121e+00 -1.5223e-01
1162 0 +5.338353979e-06 +3.270000534e+01 +3.270000534e+01 -2.0767e+00 -1.5955e+00 +2.6963e-01 +1.3088e+00 -1.6416e-01
% f evaluations | g evaluations | best noise-free fitness - Fopt (-3.943000000000e+01) + sum g_i+ | measured fitness | best measured fitness or single-digit g-values | x1 | x2...
1 0 +2.093839249e+01 -1.849160751e+01 -1.849160751e+01 +5.9671e-01 -3.8264e-02 +7.4769e-01 +1.6230e+00 -1.3415e-01
9 0 +1.821593618e+01 -2.121406382e+01 -2.121406382e+01 +8.3847e-01 +2.7137e-01 -1.5648e-02 -2.0110e-01 -1.3785e+00
14 0 +1.049200278e+01 -2.893799722e+01 -2.893799722e+01 +1.4562e+00 +2.7990e-02 +1.1035e+00 +4.6164e-01 -5.4512e-01
26 0 +6.024570086e+00 -3.340542991e+01 -3.340542991e+01 +1.7096e+00 +3.3757e+00 +2.8209e+00 +3.2772e-01 -7.2672e-01
27 0 +5.728668520e+00 -3.370133148e+01 -3.370133148e+01 +3.1015e+00 +3.8643e-01 +1.9195e+00 +1.0744e+00 +1.5693e-01
52 0 +3.973999314e+00 -3.545600069e+01 -3.545600069e+01 +3.0307e+00 +3.5927e+00 +3.8035e+00 -2.8506e-01 +9.5992e-01
55 0 +3.192290610e+00 -3.623770939e+01 -3.623770939e+01 +2.1662e+00 +1.7587e+00 +2.1131e+00 +7.9939e-01 +4.1918e-01
69 0 +2.822618546e+00 -3.660738145e+01 -3.660738145e+01 +4.1569e+00 +4.3287e+00 +2.4025e+00 +1.9409e+00 -1.9076e-01
77 0 +2.327100332e+00 -3.710289967e+01 -3.710289967e+01 +3.7134e+00 +4.0913e+00 +1.1463e+00 +1.8402e+00 +1.0953e+00
133 0 +2.024054604e+00 -3.740594540e+01 -3.740594540e+01 +3.8339e+00 +2.6891e+00 +2.3116e+00 +2.6888e+00 +1.9692e+00
141 0 +1.142994663e+00 -3.828700534e+01 -3.828700534e+01 +3.0680e+00 +3.0594e+00 +2.3512e+00 +5.3609e-01 +8.5480e-01
148 0 +1.046032697e+00 -3.838396730e+01 -3.838396730e+01 +3.5939e+00 +4.4057e+00 +3.0129e+00 +7.8304e-01 +1.0346e+00
186 0 +8.684013646e-01 -3.856159864e+01 -3.856159864e+01 +4.3224e+00 +3.6986e+00 +3.3626e+00 +8.5908e-01 +1.6027e+00
197 0 +7.761492163e-01 -3.865385078e+01 -3.865385078e+01 +2.9914e+00 +3.8917e+00 +3.3331e+00 +1.9274e+00 +8.8023e-01
209 0 +7.667621055e-01 -3.866323789e+01 -3.866323789e+01 +3.9565e+00 +2.6956e+00 +2.6741e+00 +6.8476e-01 +1.3048e+00
212 0 +4.652008389e-01 -3.896479916e+01 -3.896479916e+01 +3.3685e+00 +3.6460e+00 +2.6776e+00 +2.1308e+00 +9.4860e-01
231 0 +2.392291845e-01 -3.919077082e+01 -3.919077082e+01 +3.6643e+00 +3.4483e+00 +2.6428e+00 +1.8234e+00 +1.4709e+00
276 0 +1.429022611e-01 -3.928709774e+01 -3.928709774e+01 +3.6102e+00 +3.4586e+00 +2.8384e+00 +1.6897e+00 +1.1952e+00
329 0 +1.357509332e-01 -3.929424907e+01 -3.929424907e+01 +3.9557e+00 +3.2780e+00 +2.7327e+00 +1.3628e+00 +1.3237e+00
392 0 +1.227970826e-01 -3.930720292e+01 -3.930720292e+01 +3.8066e+00 +3.3079e+00 +2.9127e+00 +1.6060e+00 +1.2716e+00
396 0 +4.864100033e-02 -3.938135900e+01 -3.938135900e+01 +3.7852e+00 +3.3854e+00 +2.9286e+00 +1.2240e+00 +1.2258e+00
413 0 +3.988398850e-02 -3.939011601e+01 -3.939011601e+01 +3.7156e+00 +3.2620e+00 +2.6816e+00 +1.5083e+00 +1.2759e+00
429 0 +3.192384021e-02 -3.939807616e+01 -3.939807616e+01 +3.9035e+00 +3.3289e+00 +3.0513e+00 +1.3139e+00 +1.1583e+00
487 0 +2.243044095e-02 -3.940756956e+01 -3.940756956e+01 +3.7504e+00 +3.4595e+00 +2.8369e+00 +1.5581e+00 +1.1073e+00
568 0 +1.747409401e-02 -3.941252591e+01 -3.941252591e+01 +3.7027e+00 +3.3202e+00 +2.8257e+00 +1.5367e+00 +1.1391e+00
569 0 +9.688046152e-03 -3.942031195e+01 -3.942031195e+01 +3.6416e+00 +3.4891e+00 +2.9119e+00 +1.4930e+00 +9.6807e-01
576 0 +4.698542123e-03 -3.942530146e+01 -3.942530146e+01 +3.8385e+00 +3.3473e+00 +2.9752e+00 +1.4124e+00 +1.1020e+00
653 0 +4.650083558e-03 -3.942534992e+01 -3.942534992e+01 +3.7924e+00 +3.3784e+00 +2.8919e+00 +1.4933e+00 +1.1232e+00
657 0 +3.386058996e-03 -3.942661394e+01 -3.942661394e+01 +3.7832e+00 +3.4188e+00 +2.9417e+00 +1.4900e+00 +1.0482e+00
694 0 +2.906504054e-03 -3.942709350e+01 -3.942709350e+01 +3.7842e+00 +3.3307e+00 +2.9386e+00 +1.4079e+00 +1.1149e+00
697 0 +2.630069268e-03 -3.942736993e+01 -3.942736993e+01 +3.7341e+00 +3.4217e+00 +2.9421e+00 +1.4697e+00 +1.0307e+00
777 0 +2.185929543e-03 -3.942781407e+01 -3.942781407e+01 +3.7299e+00 +3.3824e+00 +2.8956e+00 +1.4836e+00 +1.0715e+00
788 0 +2.034595622e-03 -3.942796540e+01 -3.942796540e+01 +3.7915e+00 +3.3570e+00 +2.9153e+00 +1.4730e+00 +1.1042e+00
790 0 +9.817962501e-04 -3.942901820e+01 -3.942901820e+01 +3.7757e+00 +3.4191e+00 +2.9494e+00 +1.4843e+00 +1.0434e+00
791 0 +7.959935798e-04 -3.942920401e+01 -3.942920401e+01 +3.7655e+00 +3.4128e+00 +2.9549e+00 +1.4591e+00 +1.0436e+00
817 0 +5.896449168e-04 -3.942941036e+01 -3.942941036e+01 +3.7478e+00 +3.3858e+00 +2.9160e+00 +1.4674e+00 +1.0732e+00
819 0 +5.159867388e-04 -3.942948401e+01 -3.942948401e+01 +3.7619e+00 +3.4135e+00 +2.9434e+00 +1.4829e+00 +1.0391e+00
852 0 +3.538663159e-04 -3.942964613e+01 -3.942964613e+01 +3.7455e+00 +3.3896e+00 +2.9186e+00 +1.4617e+00 +1.0734e+00
961 0 +3.061689994e-04 -3.942969383e+01 -3.942969383e+01 +3.7732e+00 +3.3656e+00 +2.9235e+00 +1.4434e+00 +1.1028e+00
982 0 +1.048069047e-04 -3.942989519e+01 -3.942989519e+01 +3.7489e+00 +3.3832e+00 +2.9115e+00 +1.4632e+00 +1.0845e+00
1015 0 +6.952810737e-05 -3.942993047e+01 -3.942993047e+01 +3.7530e+00 +3.3788e+00 +2.9040e+00 +1.4707e+00 +1.0931e+00
1045 0 +5.053733764e-05 -3.942994946e+01 -3.942994946e+01 +3.7642e+00 +3.3747e+00 +2.9196e+00 +1.4541e+00 +1.0926e+00
1056 0 +4.999157596e-05 -3.942995001e+01 -3.942995001e+01 +3.7585e+00 +3.3705e+00 +2.9084e+00 +1.4585e+00 +1.1001e+00
1063 0 +2.727301543e-05 -3.942997273e+01 -3.942997273e+01 +3.7554e+00 +3.3664e+00 +2.9046e+00 +1.4536e+00 +1.1060e+00
1149 0 +1.643068004e-05 -3.942998357e+01 -3.942998357e+01 +3.7663e+00 +3.3663e+00 +2.9131e+00 +1.4516e+00 +1.1050e+00
1156 0 +1.487073214e-05 -3.942998513e+01 -3.942998513e+01 +3.7609e+00 +3.3701e+00 +2.9097e+00 +1.4558e+00 +1.1023e+00
% f evaluations | g evaluations | best noise-free fitness - Fopt (4.197200000000e+02) + sum g_i+ | measured fitness | best measured fitness or single-digit g-values | x1 | x2...
1 0 +4.830635205e+01 +4.680263520e+02 +4.680263520e+02 +5.9671e-01 -3.8264e-02 +7.4769e-01 +1.6230e+00 -1.3415e-01
11 0 +3.359690083e+01 +4.533169008e+02 +4.533169008e+02 +4.2408e-01 -2.8508e-01 -5.7692e-01 +7.1168e-01 +1.1310e+00
23 0 +2.445796969e+01 +4.441779697e+02 +4.441779697e+02 -1.8188e+00 +7.3486e-02 +1.6023e-01 +2.5632e+00 -9.2361e-02
26 0 +1.495925948e+01 +4.346792595e+02 +4.346792595e+02 -1.0081e+00 -1.2154e+00 -2.0802e+00 +2.5873e+00 +2.4240e+00
28 0 +4.860109543e+00 +4.245801095e+02 +4.245801095e+02 -2.1017e-01 +2.0934e+00 +4.0823e-01 +2.1934e+00 +2.3109e+00
52 0 +3.025366456e+00 +4.227453665e+02 +4.227453665e+02 -1.8461e-01 +2.7926e+00 +5.0072e-01 +2.7080e+00 +2.4589e+00
55 0 +2.164313200e+00 +4.218843132e+02 +4.218843132e+02 -7.0300e-01 +1.6898e+00 +1.6863e-01 +2.9527e+00 +3.1623e+00
86 0 +1.348633636e+00 +4.210686336e+02 +4.210686336e+02 -8.0796e-01 +3.4225e+00 -1.9085e+00 +3.6047e+00 +1.9700e+00
106 0 +1.212932419e+00 +4.209329324e+02 +4.209329324e+02 +1.2115e-01 +2.7190e+00 -1.8207e+00 +3.8292e+00 +3.6058e+00
108 0 +1.171831273e+00 +4.208918313e+02 +4.208918313e+02 -3.9178e-01 +3.8631e+00 -1.1283e+00 +3.1859e+00 +3.1264e+00
172 0 +9.691564351e-01 +4.206891564e+02 +4.206891564e+02 -5.8001e-01 +3.4055e+00 -1.6603e+00 +4.4457e+00 +3.3791e+00
176 0 +7.516076684e-01 +4.204716077e+02 +4.204716077e+02 -2.0308e+00 +3.2074e+00 -1.3008e+00 +3.5639e+00 +3.0839e+00
225 0 +6.282808572e-01 +4.203482809e+02 +4.203482809e+02 -1.4694e+00 +2.6165e+00 -1.6006e+00 +4.3149e+00 +3.5379e+00
237 0 +1.785947131e-01 +4.198985947e+02 +4.198985947e+02 -1.2975e+00 +2.4680e+00 -1.3165e+00 +3.6934e+00 +3.6994e+00
304 0 +1.143004391e-01 +4.198343004e+02 +4.198343004e+02 -1.0999e+00 +2.9041e+00 -1.2674e+00 +3.7407e+00 +3.3516e+00
341 0 +7.732225487e-02 +4.197973223e+02 +4.197973223e+02 -1.1889e+00 +2.7773e+00 -1.4780e+00 +3.8071e+00 +3.3708e+00
378 0 +4.718030558e-02 +4.197671803e+02 +4.197671803e+02 -1.0946e+00 +2.7212e+00 -1.2035e+00 +3.8845e+00 +3.2848e+00
458 0 +4.130190209e-02 +4.197613019e+02 +4.197613019e+02 -1.2039e+00 +2.8997e+00 -1.2843e+00 +3.7477e+00 +3.2063e+00
478 0 +3.692565426e-02 +4.197569257e+02 +4.197569257e+02 -1.2647e+00 +2.7882e+00 -1.3389e+00 +3.7272e+00 +3.5366e+00
480 0 +2.580308165e-02 +4.197458031e+02 +4.197458031e+02 -1.2880e+00 +2.7848e+00 -1.3207e+00 +3.5776e+00 +3.4633e+00
485 0 +6.511920633e-03 +4.197265119e+02 +4.197265119e+02 -1.1727e+00 +2.7447e+00 -1.3196e+00 +3.7145e+00 +3.3383e+00
552 0 +4.210033191e-03 +4.197242100e+02 +4.197242100e+02 -1.1964e+00 +2.7803e+00 -1.3189e+00 +3.6328e+00 +3.3006e+00
576 0 +3.645436946e-03 +4.197236454e+02 +4.197236454e+02 -1.1798e+00 +2.7867e+00 -1.3007e+00 +3.6012e+00 +3.2161e+00
666 0 +1.088668017e-03 +4.197210887e+02 +4.197210887e+02 -1.1922e+00 +2.7947e+00 -1.2972e+00 +3.5544e+00 +3.1895e+00
751 0 +8.747472027e-04 +4.197208747e+02 +4.197208747e+02 -1.1546e+00 +2.7215e+00 -1.3179e+00 +3.6618e+00 +3.2539e+00
786 0 +7.331909306e-04 +4.197207332e+02 +4.197207332e+02 -1.1654e+00 +2.7695e+00 -1.3002e+00 +3.5891e+00 +3.1721e+00
809 0 +6.756280386e-04 +4.197206756e+02 +4.197206756e+02 -1.1530e+00 +2.7439e+00 -1.3106e+00 +3.6231e+00 +3.1984e+00
810 0 +5.000705620e-04 +4.197205001e+02 +4.197205001e+02 -1.1622e+00 +2.7602e+00 -1.3140e+00 +3.6648e+00 +3.2446e+00
876 0 +3.053989806e-04 +4.197203054e+02 +4.197203054e+02 -1.1709e+00 +2.7722e+00 -1.3101e+00 +3.5727e+00 +3.1758e+00
931 0 +2.562285778e-04 +4.197202562e+02 +4.197202562e+02 -1.1612e+00 +2.7610e+00 -1.3124e+00 +3.5693e+00 +3.1578e+00
942 0 +9.620735801e-05 +4.197200962e+02 +4.197200962e+02 -1.1648e+00 +2.7647e+00 -1.3088e+00 +3.5839e+00 +3.1748e+00
1016 0 +4.417152400e-05 +4.197200442e+02 +4.197200442e+02 -1.1659e+00 +2.7565e+00 -1.3121e+00 +3.6079e+00 +3.2062e+00
1035 0 +2.662143567e-05 +4.197200266e+02 +4.197200266e+02 -1.1596e+00 +2.7512e+00 -1.3120e+00 +3.6166e+00 +3.2021e+00
1049 0 +1.845241093e-05 +4.197200185e+02 +4.197200185e+02 -1.1605e+00 +2.7555e+00 -1.3118e+00 +3.6019e+00 +3.1881e+00
1158 0 +1.135742360e-05 +4.197200114e+02 +4.197200114e+02 -1.1621e+00 +2.7561e+00 -1.3108e+00 +3.5941e+00 +3.1846e+00
% f evaluations | g evaluations | best noise-free fitness - Fopt (7.640000000000e+00) + sum g_i+ | measured fitness | best measured fitness or single-digit g-values | x1 | x2...
1 0 +1.810879184e+01 +2.574879184e+01 +2.574879184e+01 +5.9671e-01 -3.8264e-02 +7.4769e-01 +1.6230e+00 -1.3415e-01
2 0 +1.593987314e+01 +2.357987314e+01 +2.357987314e+01 -1.3414e-01 +1.6792e+00 +8.6743e-01 -3.6947e-01 +6.4256e-01
22 0 +1.565379303e+01 +2.329379303e+01 +2.329379303e+01 +5.0405e-01 +1.9862e+00 +2.7458e-01 +3.5755e-01 +2.5554e-02
26 0 +8.772490685e+00 +1.641249069e+01 +1.641249069e+01 +1.4769e+00 +2.0997e+00 +9.1788e-01 +1.1775e+00 +9.1986e-01
52 0 +5.967306617e+00 +1.360730662e+01 +1.360730662e+01 +1.3016e+00 +1.8674e+00 +2.4289e+00 +1.3102e+00 +1.9256e+00
76 0 +2.675896007e+00 +1.031589601e+01 +1.031589601e+01 +2.3835e+00 +1.7238e+00 +2.3808e+00 +2.0595e+00 +3.5854e+00
80 0 +2.504013015e+00 +1.014401301e+01 +1.014401301e+01 +3.1386e+00 +2.7903e+00 +1.6069e+00 +2.9058e+00 +1.2608e+00
105 0 +2.404590351e+00 +1.004459035e+01 +1.004459035e+01 +4.2796e+00 +3.0056e+00 +2.1428e+00 +2.0450e+00 +2.6084e+00
140 0 +1.480757102e+00 +9.120757102e+00 +9.120757102e+00 +3.2833e+00 +2.5018e+00 +3.7897e+00 +4.8308e+00 +3.6828e+00
143 0 +1.156255282e+00 +8.796255282e+00 +8.796255282e+00 +2.6037e+00 +2.7653e+00 +2.6342e+00 +4.8906e+00 +3.2613e+00
158 0 +1.144455982e+00 +8.784455982e+00 +8.784455982e+00 +3.3891e+00 +2.5814e+00 +2.2647e+00 +3.9165e+00 +1.4735e+00
179 0 +1.048436611e+00 +8.688436611e+00 +8.688436611e+00 +2.8557e+00 +2.7503e+00 +2.3214e+00 +3.5135e+00 +1.8999e+00
181 0 +6.700948027e-01 +8.310094803e+00 +8.310094803e+00 +4.2407e+00 +2.6942e+00 +2.4856e+00 +3.3732e+00 +2.5760e+00
207 0 +5.255639572e-01 +8.165563957e+00 +8.165563957e+00 +3.7201e+00 +2.3907e+00 +2.6024e+00 +4.2506e+00 +3.3839e+00
279 0 +5.089257352e-01 +8.148925735e+00 +8.148925735e+00 +3.3313e+00 +2.7569e+00 +2.7072e+00 +3.5330e+00 +2.3024e+00
280 0 +3.587075429e-01 +7.998707543e+00 +7.998707543e+00 +4.0051e+00 +2.4231e+00 +3.2635e+00 +3.9123e+00 +2.6940e+00
311 0 +2.025771435e-01 +7.842577144e+00 +7.842577144e+00 +3.6254e+00 +2.7807e+00 +3.1833e+00 +4.2511e+00 +2.7877e+00
355 0 +1.908289562e-01 +7.830828956e+00 +7.830828956e+00 +3.3195e+00 +2.9300e+00 +2.9165e+00 +4.2606e+00 +2.6242e+00
356 0 +1.336616281e-01 +7.773661628e+00 +7.773661628e+00 +3.6823e+00 +2.7110e+00 +2.4431e+00 +3.6861e+00 +3.1112e+00
410 0 +9.984576244e-02 +7.739845762e+00 +7.739845762e+00 +3.6623e+00 +2.5429e+00 +2.7545e+00 +3.6998e+00 +2.7303e+00
476 0 +4.881499925e-02 +7.688814999e+00 +7.688814999e+00 +3.4457e+00 +2.6168e+00 +2.6400e+00 +3.9195e+00 +2.8618e+00
481 0 +3.670719857e-02 +7.676707199e+00 +7.676707199e+00 +3.5001e+00 +2.7512e+00 +2.6424e+00 +3.9106e+00 +2.8594e+00
554 0 +3.294736590e-02 +7.672947366e+00 +7.672947366e+00 +3.5208e+00 +2.5183e+00 +2.6153e+00 +3.8982e+00 +2.8486e+00
595 0 +2.324949600e-02 +7.663249496e+00 +7.663249496e+00 +3.5015e+00 +2.4832e+00 +2.7350e+00 +3.8686e+00 +2.6881e+00
635 0 +1.929097888e-02 +7.659290979e+00 +7.659290979e+00 +3.4492e+00 +2.7512e+00 +2.7079e+00 +3.9963e+00 +2.8293e+00
645 0 +1.316782825e-02 +7.653167828e+00 +7.653167828e+00 +3.5946e+00 +2.6285e+00 +2.7683e+00 +3.9208e+00 +2.8724e+00
650 0 +8.647463813e-03 +7.648647464e+00 +7.648647464e+00 +3.5948e+00 +2.5978e+00 +2.8077e+00 +3.8932e+00 +2.8113e+00
665 0 +4.958917614e-03 +7.644958918e+00 +7.644958918e+00 +3.5337e+00 +2.6902e+00 +2.6906e+00 +3.8818e+00 +2.8860e+00
681 0 +3.729102020e-03 +7.643729102e+00 +7.643729102e+00 +3.6020e+00 +2.5746e+00 +2.7300e+00 +3.8680e+00 +2.8458e+00
722 0 +2.763944177e-03 +7.642763944e+00 +7.642763944e+00 +3.5679e+00 +2.5962e+00 +2.7213e+00 +3.8824e+00 +2.8423e+00
764 0 +1.784246954e-03 +7.641784247e+00 +7.641784247e+00 +3.5541e+00 +2.5794e+00 +2.7253e+00 +3.9009e+00 +2.8193e+00
805 0 +1.562424861e-03 +7.641562425e+00 +7.641562425e+00 +3.5676e+00 +2.5783e+00 +2.7777e+00 +3.9015e+00 +2.8042e+00
809 0 +1.241864126e-03 +7.641241864e+00 +7.641241864e+00 +3.5464e+00 +2.5744e+00 +2.7909e+00 +3.8993e+00 +2.7764e+00
881 0 +1.179981670e-03 +7.641179982e+00 +7.641179982e+00 +3.5623e+00 +2.5795e+00 +2.7758e+00 +3.8955e+00 +2.8004e+00
884 0 +1.074817871e-03 +7.641074818e+00 +7.641074818e+00 +3.5557e+00 +2.6319e+00 +2.7743e+00 +3.8980e+00 +2.8256e+00
891 0 +3.771854202e-04 +7.640377185e+00 +7.640377185e+00 +3.5413e+00 +2.6027e+00 +2.7690e+00 +3.9065e+00 +2.8011e+00
934 0 +2.548821841e-04 +7.640254882e+00 +7.640254882e+00 +3.5346e+00 +2.6078e+00 +2.7729e+00 +3.9111e+00 +2.7972e+00
1068 0 +2.052575195e-04 +7.640205258e+00 +7.640205258e+00 +3.5249e+00 +2.6375e+00 +2.7621e+00 +3.9114e+00 +2.8111e+00
1075 0 +2.007603359e-04 +7.640200760e+00 +7.640200760e+00 +3.5313e+00 +2.6285e+00 +2.7526e+00 +3.9068e+00 +2.8150e+00
1079 0 +1.802315496e-04 +7.640180232e+00 +7.640180232e+00 +3.5436e+00 +2.6394e+00 +2.7433e+00 +3.8994e+00 +2.8350e+00
1086 0 +1.481141270e-04 +7.640148114e+00 +7.640148114e+00 +3.5291e+00 +2.6519e+00 +2.7468e+00 +3.9069e+00 +2.8297e+00
1100 0 +8.393487261e-05 +7.640083935e+00 +7.640083935e+00 +3.5289e+00 +2.6337e+00 +2.7553e+00 +3.9089e+00 +2.8153e+00
1111 0 +6.511995592e-05 +7.640065120e+00 +7.640065120e+00 +3.5283e+00 +2.6255e+00 +2.7573e+00 +3.9111e+00 +2.8095e+00
1129 0 +4.142279493e-05 +7.640041423e+00 +7.640041423e+00 +3.5305e+00 +2.6281e+00 +2.7567e+00 +3.9113e+00 +2.8130e+00
1181 0 +3.039204828e-05 +7.640030392e+00 +7.640030392e+00 +3.5297e+00 +2.6437e+00 +2.7546e+00 +3.9096e+00 +2.8222e+00
1185 0 +1.388726437e-05 +7.640013887e+00 +7.640013887e+00 +3.5308e+00 +2.6279e+00 +2.7580e+00 +3.9097e+00 +2.8123e+00
% f evaluations | g evaluations | best noise-free fitness - Fopt (-1.276800000000e+02) + sum g_i+ | measured fitness | best measured fitness or single-digit g-values | x1 | x2...
1 0 +7.496789357e+01 -5.271210643e+01 -5.271210643e+01 +5.9671e-01 -3.8264e-02 +7.4769e-01 +1.6230e+00 -1.3415e-01
2 0 +1.435804214e+01 -1.133219579e+02 -1.133219579e+02 -1.3414e-01 +1.6792e+00 +8.6743e-01 -3.6947e-01 +6.4256e-01
22 0 +1.285868250e+01 -1.148213175e+02 -1.148213175e+02 +5.0405e-01 +1.9862e+00 +2.7458e-01 +3.5755e-01 +2.5554e-02
27 0 +1.085958216e+01 -1.168204178e+02 -1.168204178e+02 +1.6641e+00 +4.0445e+00 -1.9206e+00 -5.8701e-01 -1.1438e-01
31 0 +9.461656005e+00 -1.182183440e+02 -1.182183440e+02 +8.6127e-01 +1.5571e+00 +1.5820e+00 -3.4937e-01 +1.4564e-01
45 0 +9.018841994e+00 -1.186611580e+02 -1.186611580e+02 +5.7135e-01 +2.5736e+00 +1.1882e+00 -1.0338e+00 +3.5958e-01
51 0 +4.504255519e+00 -1.231757445e+02 -1.231757445e+02 +3.0780e+00 +4.1281e+00 +1.4175e+00 +1.6736e+00 -1.1986e+00
54 0 +1.631363930e+00 -1.260486361e+02 -1.260486361e+02 +3.3590e+00 +3.4713e+00 +2.4091e+00 +3.1624e-01 -2.0269e+00
154 0 +1.520482290e+00 -1.261595177e+02 -1.261595177e+02 +3.2864e+00 +2.6234e+00 +2.1241e+00 +4.6889e-01 -3.3403e+00
187 0 +1.321927450e+00 -1.263580725e+02 -1.263580725e+02 +2.6434e+00 +3.1134e+00 +1.8484e+00 +1.4122e+00 -1.9572e+00
190 0 +9.770100887e-01 -1.267029899e+02 -1.267029899e+02 +3.4575e+00 +4.0471e+00 +2.6097e+00 -1.7392e-01 -2.9560e+00
194 0 +6.920844561e-01 -1.269879155e+02 -1.269879155e+02 +1.8561e+00 +3.6002e+00 +3.1947e+00 +5.5111e-01 -2.8389e+00
211 0 +6.216146340e-01 -1.270583854e+02 -1.270583854e+02 +2.1619e+00 +3.5089e+00 +1.8955e+00 +4.1866e-01 -2.2273e+00
214 0 +4.998552865e-01 -1.271801447e+02 -1.271801447e+02 +2.4903e+00 +3.3309e+00 +1.9612e+00 +8.9175e-01 -2.2174e+00
274 0 +4.731701533e-01 -1.272068298e+02 -1.272068298e+02 +2.2355e+00 +3.5966e+00 +2.0549e+00 +5.1981e-01 -3.4682e+00
280 0 +4.431430008e-01 -1.272368570e+02 -1.272368570e+02 +2.3884e+00 +3.2738e+00 +1.9659e+00 +5.3911e-01 -2.9801e+00
291 0 +4.401515462e-01 -1.272398485e+02 -1.272398485e+02 +2.0914e+00 +3.7880e+00 +2.1312e+00 +3.7723e-01 -2.6533e+00
302 0 +3.153919361e-01 -1.273646081e+02 -1.273646081e+02 +2.5489e+00 +3.6191e+00 +2.1947e+00 +8.8760e-01 -2.4533e+00
321 0 +3.136451171e-01 -1.273663549e+02 -1.273663549e+02 +2.4207e+00 +3.5241e+00 +2.2591e+00 +2.0312e-01 -2.8137e+00
328 0 +2.385330156e-01 -1.274414670e+02 -1.274414670e+02 +2.1507e+00 +3.9193e+00 +2.3545e+00 +4.1897e-01 -3.0561e+00
353 0 +1.459937320e-01 -1.275340063e+02 -1.275340063e+02 +2.4895e+00 +3.6344e+00 +2.6210e+00 +4.6152e-01 -2.8835e+00
389 0 +9.573787531e-02 -1.275842621e+02 -1.275842621e+02 +2.2929e+00 +3.9762e+00 +2.6029e+00 +4.3217e-01 -3.2137e+00
406 0 +9.316184297e-02 -1.275868382e+02 -1.275868382e+02 +2.2877e+00 +3.7237e+00 +2.6429e+00 +5.0495e-01 -2.9776e+00
412 0 +4.781130510e-02 -1.276321887e+02 -1.276321887e+02 +2.2593e+00 +3.9618e+00 +2.4690e+00 +5.8814e-01 -2.9506e+00
415 0 +4.295151447e-02 -1.276370485e+02 -1.276370485e+02 +2.2829e+00 +3.9459e+00 +2.6554e+00 +3.2267e-01 -2.8909e+00
419 0 +2.362137202e-02 -1.276563786e+02 -1.276563786e+02 +2.2099e+00 +3.6517e+00 +2.4852e+00 +6.4383e-01 -3.0256e+00
432 0 +1.995727306e-02 -1.276600427e+02 -1.276600427e+02 +2.2167e+00 +3.8716e+00 +2.5144e+00 +5.9361e-01 -2.9033e+00
553 0 +1.864034237e-02 -1.276613597e+02 -1.276613597e+02 +2.3268e+00 +3.6677e+00 +2.4886e+00 +5.3163e-01 -2.9633e+00
563 0 +1.261520621e-02 -1.276673848e+02 -1.276673848e+02 +2.2999e+00 +3.6482e+00 +2.5087e+00 +5.2421e-01 -2.7879e+00
579 0 +1.061567718e-02 -1.276693843e+02 -1.276693843e+02 +2.2971e+00 +3.7465e+00 +2.5292e+00 +5.0636e-01 -2.9230e+00
610 0 +5.178940888e-03 -1.276748211e+02 -1.276748211e+02 +2.2576e+00 +3.7641e+00 +2.5129e+00 +5.4501e-01 -2.9220e+00
644 0 +4.088288194e-03 -1.276759117e+02 -1.276759117e+02 +2.3057e+00 +3.7976e+00 +2.5215e+00 +4.9727e-01 -2.8642e+00
734 0 +3.810888964e-03 -1.276761891e+02 -1.276761891e+02 +2.2771e+00 +3.8574e+00 +2.5122e+00 +5.2801e-01 -2.8293e+00
794 0 +2.987970394e-03 -1.276770120e+02 -1.276770120e+02 +2.2546e+00 +3.9121e+00 +2.5313e+00 +5.2375e-01 -2.7787e+00
800 0 +2.457704189e-03 -1.276775423e+02 -1.276775423e+02 +2.2834e+00 +3.7925e+00 +2.5133e+00 +5.2533e-01 -2.8060e+00
820 0 +1.522779329e-03 -1.276784772e+02 -1.276784772e+02 +2.2721e+00 +3.8983e+00 +2.5232e+00 +5.1648e-01 -2.7897e+00
833 0 +1.002057248e-03 -1.276789979e+02 -1.276789979e+02 +2.2588e+00 +3.8525e+00 +2.5265e+00 +5.2398e-01 -2.8245e+00
868 0 +5.305805113e-04 -1.276794694e+02 -1.276794694e+02 +2.2714e+00 +3.8474e+00 +2.5192e+00 +5.2146e-01 -2.7859e+00
949 0 +3.872967329e-04 -1.276796127e+02 -1.276796127e+02 +2.2707e+00 +3.8394e+00 +2.5227e+00 +5.1710e-01 -2.8038e+00
981 0 +3.083730274e-04 -1.276796916e+02 -1.276796916e+02 +2.2699e+00 +3.8144e+00 +2.5155e+00 +5.2826e-01 -2.7791e+00
1017 0 +1.752556479e-04 -1.276798247e+02 -1.276798247e+02 +2.2753e+00 +3.8341e+00 +2.5232e+00 +5.1231e-01 -2.7971e+00
1033 0 +1.452097265e-04 -1.276798548e+02 -1.276798548e+02 +2.2616e+00 +3.8437e+00 +2.5219e+00 +5.2659e-01 -2.7941e+00
1089 0 +8.136289772e-05 -1.276799186e+02 -1.276799186e+02 +2.2668e+00 +3.8163e+00 +2.5182e+00 +5.2731e-01 -2.7912e+00
1127 0 +7.512816777e-05 -1.276799249e+02 -1.276799249e+02 +2.2650e+00 +3.7994e+00 +2.5169e+00 +5.3110e-01 -2.7988e+00
1133 0 +5.618072524e-05 -1.276799438e+02 -1.276799438e+02 +2.2601e+00 +3.8067e+00 +2.5149e+00 +5.3824e-01 -2.7901e+00
