% f evaluations | g evaluations | best noise-free fitness - Fopt (1.491500000000e+02) + sum g_i+ | measured fitness | best measured fitness or single-digit g-values | x1 | x2...
1 0 +1.589879163e+03 +1.739029163e+03 +1.739029163e+03 +5.9671e-01 -3.8264e-02 +7.4769e-01 +1.6230e+00 -1.3415e-01
4 0 +1.459283928e+03 +1.608433928e+03 +1.608433928e+03 -4.6229e-01 -9.1283e-01 +4.1425e-01 -8.0802e-01 -1.3123e+00
9 0 +1.233032610e+03 +1.382182610e+03 +1.382182610e+03 +8.3847e-01 +2.7137e-01 -1.5648e-02 -2.0110e-01 -1.3785e+00
13 0 +8.127868237e+02 +9.619368237e+02 +9.619368237e+02 -3.7917e-01 -8.5659e-02 -1.0063e+00 -1.0962e+00 +9.1253e-01
21 0 +7.176775228e+02 +8.668275228e+02 +8.668275228e+02 -1.3154e+00 -3.2065e-01 -2.4271e-01 -7.0228e-01 -6.1286e-02
23 0 +2.345660033e+02 +3.837160033e+02 +3.837160033e+02 -1.8188e+00 +7.3486e-02 +1.6023e-01 +2.5632e+00 -9.2361e-02
66 0 +1.106248128e+02 +2.597748128e+02 +2.597748128e+02 -2.1151e+00 -2.5972e-01 -6.5933e-01 +1.4096e+00 -3.2984e+00
158 0 +7.451893930e+01 +2.236689393e+02 +2.236689393e+02 -1.0094e+00 -8.2859e-01 -1.2264e+00 +1.2534e+00 -3.6945e+00
163 0 +6.617399984e+01 +2.153239998e+02 +2.153239998e+02 -1.6945e+00 -6.0582e-01 -4.3989e-01 +1.3587e+00 -2.8035e+00
284 0 +5.261856039e+01 +2.017685604e+02 +2.017685604e+02 -2.5210e-01 -9.5422e-01 -1.3431e+00 +8.3216e-01 -3.3726e+00
346 0 +1.062088398e+01 +1.597708840e+02 +1.597708840e+02 -1.6271e+00 -1.1036e+00 -9.9400e-01 +1.0231e+00 -3.8422e+00
412 0 +9.498285575e+00 +1.586482856e+02 +1.586482856e+02 -3.6436e-01 -8.3982e-01 -6.6971e-01 +1.2153e+00 -3.6891e+00
432 0 +7.623572970e+00 +1.567735730e+02 +1.567735730e+02 -1.0345e+00 -1.3137e+00 -9.7947e-01 +1.0117e+00 -3.8173e+00
437 0 +6.460130973e+00 +1.556101310e+02 +1.556101310e+02 -9.8046e-01 -1.2496e+00 -8.3403e-01 +8.9686e-01 -3.7113e+00
491 0 +6.316968911e+00 +1.554669689e+02 +1.554669689e+02 -4.1439e-01 -9.4148e-01 -7.3011e-01 +8.7449e-01 -3.9284e+00
513 0 +5.300943747e+00 +1.544509437e+02 +1.544509437e+02 -1.2480e+00 -1.2388e+00 -9.4865e-01 +8.7181e-01 -3.6838e+00
525 0 +4.299891657e+00 +1.534498917e+02 +1.534498917e+02 -5.9553e-01 -1.1099e+00 -9.6156e-01 +9.6129e-01 -3.7179e+00
555 0 +4.228589859e+00 +1.533785899e+02 +1.533785899e+02 -7.5896e-01 -1.2010e+00 -9.6780e-01 +9.0490e-01 -3.7758e+00
577 0 +4.077061244e+00 +1.532270612e+02 +1.532270612e+02 -9.4067e-01 -1.3935e+00 -9.4851e-01 +8.3124e-01 -3.7310e+00
634 0 +3.862562724e+00 +1.530125627e+02 +1.530125627e+02 -7.5374e-01 -1.3012e+00 -1.0263e+00 +8.7723e-01 -3.7023e+00
651 0 +3.719450419e+00 +1.528694504e+02 +1.528694504e+02 -5.2511e-01 -1.1227e+00 -8.4732e-01 +8.1811e-01 -3.7839e+00
682 0 +3.496742314e+00 +1.526467423e+02 +1.526467423e+02 -7.1513e-01 -1.2486e+00 -9.0358e-01 +8.7981e-01 -3.7128e+00
702 0 +3.365426158e+00 +1.525154262e+02 +1.525154262e+02 -7.1782e-01 -1.2201e+00 -9.7937e-01 +8.6095e-01 -3.7550e+00
705 0 +3.260774509e+00 +1.524107745e+02 +1.524107745e+02 -7.1426e-01 -1.2226e+00 -9.2924e-01 +8.7643e-01 -3.7444e+00
706 0 +3.122187577e+00 +1.522721876e+02 +1.522721876e+02 -5.6595e-01 -1.0760e+00 -9.1964e-01 +8.9820e-01 -3.7426e+00
771 0 +2.806622668e+00 +1.519566227e+02 +1.519566227e+02 -5.6603e-01 -1.0933e+00 -9.1158e-01 +8.7176e-01 -3.7214e+00
774 0 +2.786107988e+00 +1.519361080e+02 +1.519361080e+02 -4.9001e-01 -1.0699e+00 -8.9196e-01 +8.1655e-01 -3.7365e+00
802 0 +2.742989842e+00 +1.518929898e+02 +1.518929898e+02 -5.5963e-01 -1.1401e+00 -9.1058e-01 +8.6486e-01 -3.7326e+00
810 0 +2.684588538e+00 +1.518345885e+02 +1.518345885e+02 -5.6257e-01 -1.1186e+00 -9.0340e-01 +8.6279e-01 -3.7454e+00
849 0 +2.555622337e+00 +1.517056223e+02 +1.517056223e+02 -4.4124e-01 -9.9658e-01 -8.8444e-01 +8.5146e-01 -3.7313e+00
871 0 +2.508842575e+00 +1.516588426e+02 +1.516588426e+02 -3.9098e-01 -9.8060e-01 -8.1945e-01 +8.7166e-01 -3.7659e+00
884 0 +2.281025681e+00 +1.514310257e+02 +1.514310257e+02 -4.4530e-01 -9.7744e-01 -8.3200e-01 +8.7949e-01 -3.7153e+00
933 0 +2.029355190e+00 +1.511793552e+02 +1.511793552e+02 -3.4288e-01 -8.9792e-01 -7.6746e-01 +9.1829e-01 -3.7349e+00
985 0 +2.015860653e+00 +1.511658607e+02 +1.511658607e+02 -3.7979e-01 -9.1175e-01 -7.7937e-01 +8.8493e-01 -3.7535e+00
1003 0 +1.897856012e+00 +1.510478560e+02 +1.510478560e+02 -3.6571e-01 -8.9722e-01 -7.6081e-01 +8.9775e-01 -3.7416e+00
1022 0 +1.690971080e+00 +1.508409711e+02 +1.508409711e+02 -2.9984e-01 -7.9681e-01 -6.4932e-01 +9.3034e-01 -3.7551e+00
1057 0 +1.620531148e+00 +1.507705311e+02 +1.507705311e+02 -2.7400e-01 -7.6246e-01 -6.2923e-01 +9.3823e-01 -3.7347e+00
1149 0 +1.509957305e+00 +1.506599573e+02 +1.506599573e+02 -2.5600e-01 -7.6561e-01 -6.2761e-01 +9.7926e-01 -3.7267e+00
1173 0 +1.430280471e+00 +1.505802805e+02 +1.505802805e+02 -2.4031e-01 -7.2105e-01 -5.8811e-01 +1.0142e+00 -3.7389e+00
1229 0 +1.394993027e+00 +1.505449930e+02 +1.505449930e+02 -2.7310e-01 -7.6537e-01 -5.9915e-01 +9.8013e-01 -3.7191e+00
1242 0 +1.357211038e+00 +1.505072110e+02 +1.505072110e+02 -2.3176e-01 -7.3330e-01 -5.6655e-01 +1.0278e+00 -3.7075e+00
