% f evaluations | g evaluations | best noise-free fitness - Fopt (-5.494000000000e+01) + sum g_i+ | measured fitness | best measured fitness or single-digit g-values | x1 | x2...
1 0 +9.852913834e+06 +9.852858894e+06 +9.852858894e+06 +5.9671e-01 -3.8264e-02 +7.4769e-01 +1.6230e+00 -1.3415e-01
2 0 +2.715223623e+06 +2.715168683e+06 +2.715168683e+06 -1.3414e-01 +1.6792e+00 +8.6743e-01 -3.6947e-01 +6.4256e-01
7 0 +9.085897748e+05 +9.085348348e+05 +9.085348348e+05 -5.0171e-01 +1.9523e+00 +8.6503e-02 -9.5771e-01 +9.2254e-01
8 0 +5.441882390e+05 +5.441332990e+05 +5.441332990e+05 -1.1208e+00 +3.0886e-01 -1.8597e+00 -1.2282e+00 +2.9686e-01
29 0 +8.743075915e+04 +8.737581915e+04 +8.737581915e+04 -1.7960e+00 +2.3166e+00 -3.3140e-01 +1.1895e+00 +4.7780e-01
83 0 +2.487268243e+04 +2.481774243e+04 +2.481774243e+04 -2.0807e+00 +1.7304e+00 -2.5809e-01 +2.4607e+00 +6.6022e-01
87 0 +1.591531033e+04 +1.586037033e+04 +1.586037033e+04 -2.1319e+00 +7.1291e-01 +6.4930e-01 +3.1559e+00 +2.1241e+00
194 0 +1.302537211e+04 +1.297043211e+04 +1.297043211e+04 -1.2085e+00 +6.0375e-02 -1.9144e+00 +3.1782e+00 +2.1214e+00
211 0 +5.965986322e+03 +5.911046322e+03 +5.911046322e+03 -1.9023e+00 +4.4285e-01 -1.5612e+00 +3.1399e+00 +7.6851e-01
386 0 +3.916173296e+03 +3.861233296e+03 +3.861233296e+03 -3.0710e+00 -1.6341e+00 +6.7252e-02 +4.5413e+00 +2.2698e+00
429 0 +2.777060558e+03 +2.722120558e+03 +2.722120558e+03 -3.3348e+00 -2.7893e+00 -5.9089e-01 +4.9020e+00 +2.0007e+00
455 0 +1.900697349e+03 +1.845757349e+03 +1.845757349e+03 -3.4720e+00 -7.7577e-01 -1.0381e+00 +4.5228e+00 -3.9991e-01
523 0 +4.461398511e+02 +3.911998511e+02 +3.911998511e+02 -3.5013e+00 -7.6507e-01 +8.4998e-01 +4.5674e+00 +1.5192e+00
601 0 +3.144899618e+02 +2.595499618e+02 +2.595499618e+02 -3.3829e+00 -1.5423e+00 -2.3239e-01 +4.5850e+00 +1.1818e+00
654 0 +2.009717538e+02 +1.460317538e+02 +1.460317538e+02 -2.6360e+00 -2.0595e+00 -1.7919e+00 +4.0746e+00 +1.3155e+00
697 0 +8.891041914e+01 +3.397041914e+01 +3.397041914e+01 -2.8800e+00 -1.5836e+00 -1.1298e+00 +4.2203e+00 +1.2241e+00
711 0 +5.835181209e+01 +3.411812094e+00 +3.411812094e+00 -2.7298e+00 -1.9413e+00 -1.4978e+00 +4.1732e+00 +1.3769e+00
732 0 +5.683082534e+01 +1.890825336e+00 +1.890825336e+00 -2.3688e+00 -2.0042e+00 -2.0508e+00 +3.9297e+00 +1.4783e+00
741 0 +3.608951469e+01 -1.885048531e+01 -1.885048531e+01 -2.6925e+00 -1.8539e+00 -1.6344e+00 +4.1622e+00 +1.2439e+00
868 0 +2.427057016e+01 -3.066942984e+01 -3.066942984e+01 -2.9106e+00 -1.5651e+00 -1.0066e+00 +4.2323e+00 +1.2575e+00
892 0 +1.806946569e+01 -3.687053431e+01 -3.687053431e+01 -2.7059e+00 -1.3930e+00 -7.4656e-01 +4.0790e+00 +1.7294e+00
908 0 +1.016053501e+01 -4.477946499e+01 -4.477946499e+01 -2.3742e+00 -1.7191e+00 -1.5755e+00 +3.8886e+00 +1.7242e+00
991 0 +6.086657883e+00 -4.885334212e+01 -4.885334212e+01 -2.5505e+00 -1.5079e+00 -1.0188e+00 +3.9790e+00 +1.8138e+00
1060 0 +4.116508863e+00 -5.082349114e+01 -5.082349114e+01 -2.2645e+00 -1.5936e+00 -1.2949e+00 +3.7689e+00 +2.0817e+00
