% f evaluations | g evaluations | best noise-free fitness - Fopt (1.026100000000e+02) + sum g_i+ | measured fitness | best measured fitness or single-digit g-values | x1 | x2...
1 0 +1.660437975e+02 +2.686537975e+02 +2.686537975e+02 +5.9671e-01 -3.8264e-02 +7.4769e-01 +1.6230e+00 -1.3415e-01 -1.3414e-01 +1.6792e+00 +8.6743e-01 -3.6947e-01 +6.4256e-01
2 0 +1.622099313e+02 +2.648199313e+02 +2.648199313e+02 -3.6342e-01 -3.6573e-01 +3.4196e-01 -1.8133e+00 -1.6249e+00 -4.6229e-01 -9.1283e-01 +4.1425e-01 -8.0802e-01 -1.3123e+00
3 0 +1.616337172e+02 +2.642437172e+02 +2.642437172e+02 +1.5656e+00 -1.2578e-01 +1.6753e-01 -1.3247e+00 -4.4438e-01 +2.1092e-01 -1.0510e+00 +4.7570e-01 -5.0064e-01 -1.9169e-01
5 0 +1.396746580e+02 +2.422846580e+02 +2.422846580e+02 +8.3847e-01 +2.7137e-01 -1.5648e-02 -2.0110e-01 -1.3785e+00 -6.1984e-01 -3.6064e-01 +1.1571e+00 +4.4362e-01 -1.6630e+00
9 0 +1.244409204e+02 +2.270509204e+02 +2.270509204e+02 -1.1967e-01 +4.5711e-01 +1.5779e+00 -4.1827e-01 -7.0849e-01 -4.0176e-01 +1.0154e+00 +4.2875e-01 -4.2976e-01 +6.1327e-01
12 0 +8.816334265e+01 +1.907733426e+02 +1.907733426e+02 -1.8188e+00 +7.3486e-02 +1.6023e-01 +2.5632e+00 -9.2361e-02 +4.0155e-01 +6.5288e-02 -1.0687e+00 +1.2428e+00 +8.5193e-01
92 0 +8.724124645e+01 +1.898512465e+02 +1.898512465e+02 -1.2743e+00 -3.2798e-01 +7.3507e-01 +1.2999e+00 -1.5382e+00 +6.7390e-01 +1.4991e+00 -1.1378e+00 +4.9479e-02 +1.3048e+00
154 0 +7.739019189e+01 +1.800001919e+02 +1.800001919e+02 +1.7077e-02 -1.4512e+00 +3.9076e-01 +8.5521e-01 -1.3704e+00 +3.1065e+00 +1.5905e+00 -1.9417e-01 +1.8533e+00 -9.4102e-02
203 0 +7.275076384e+01 +1.753607638e+02 +1.753607638e+02 -1.5396e+00 -1.7080e+00 -2.1986e+00 +2.1336e+00 -1.9610e+00 +6.1124e-01 +6.3465e-01 -1.4381e+00 +3.3453e+00 +1.4773e+00
467 0 +7.192645153e+01 +1.745364515e+02 +1.745364515e+02 -2.0820e+00 -1.2937e+00 -1.8105e+00 +2.3475e+00 -2.8275e+00 +1.0600e+00 +1.2016e+00 -1.0997e+00 +1.0858e+00 +7.7885e-01
613 0 +6.451480937e+01 +1.671248094e+02 +1.671248094e+02 -2.5821e+00 -8.0988e-01 -2.5317e+00 +1.8538e+00 -1.6044e+00 +8.8295e-01 +6.3426e-01 -2.7312e+00 +2.0729e+00 +3.9841e-01
793 0 +6.431040578e+01 +1.669204058e+02 +1.669204058e+02 -1.3541e+00 -5.8080e-01 -2.5225e+00 +9.8203e-01 -1.9009e+00 +1.0977e+00 -5.3086e-02 -1.6610e+00 +1.5652e+00 +6.3647e-01
1151 0 +6.099343484e+01 +1.636034348e+02 +1.636034348e+02 -1.8099e+00 -6.0185e-01 -2.6812e+00 +1.3342e+00 -2.1963e+00 +1.2665e+00 +9.8459e-01 -2.2103e+00 +1.0721e+00 +5.5683e-01
1513 0 +5.523440998e+01 +1.578444100e+02 +1.578444100e+02 -2.3708e+00 -1.0417e+00 -2.2525e+00 +1.4211e+00 -1.5868e+00 +3.7352e-01 +1.5984e+00 -2.8631e+00 +1.0132e+00 +9.1307e-01
1537 0 +4.646037786e+01 +1.490703779e+02 +1.490703779e+02 -2.0225e+00 -1.5201e+00 -1.3929e+00 +1.1631e+00 -1.6329e+00 +1.0372e+00 +1.1396e+00 -1.8509e+00 +2.0357e+00 +7.4638e-01
% f evaluations | g evaluations | best noise-free fitness - Fopt (9.330000000000e+01) + sum g_i+ | measured fitness | best measured fitness or single-digit g-values | x1 | x2...
1 0 +2.041433467e+02 +2.974433467e+02 +2.974433467e+02 +5.9671e-01 -3.8264e-02 +7.4769e-01 +1.6230e+00 -1.3415e-01 -1.3414e-01 +1.6792e+00 +8.6743e-01 -3.6947e-01 +6.4256e-01
3 0 +1.643787018e+02 +2.576787018e+02 +2.576787018e+02 +1.5656e+00 -1.2578e-01 +1.6753e-01 -1.3247e+00 -4.4438e-01 +2.1092e-01 -1.0510e+00 +4.7570e-01 -5.0064e-01 -1.9169e-01
4 0 +1.538965097e+02 +2.471965097e+02 +2.471965097e+02 -5.0171e-01 +1.9523e+00 +8.6503e-02 -9.5771e-01 +9.2254e-01 -1.1208e+00 +3.0886e-01 -1.8597e+00 -1.2282e+00 +2.9686e-01
5 0 +1.433332112e+02 +2.366332112e+02 +2.366332112e+02 +8.3847e-01 +2.7137e-01 -1.5648e-02 -2.0110e-01 -1.3785e+00 -6.1984e-01 -3.6064e-01 +1.1571e+00 +4.4362e-01 -1.6630e+00
13 0 +1.313436920e+02 +2.246436920e+02 +2.246436920e+02 +8.9103e-01 -8.0939e-01 +1.5028e+00 -1.3019e+00 +6.8686e-01 +2.2905e+00 -8.9054e-01 -4.6630e-01 +1.9965e-01 -4.0348e-01
32 0 +1.197523705e+02 +2.130523705e+02 +2.130523705e+02 -1.1768e-01 +1.1988e+00 +9.2542e-01 +9.1351e-01 +1.4055e+00 +1.2100e-01 +7.8195e-01 -2.1027e-01 +4.2417e-01 -3.0143e-02
40 0 +1.164662424e+02 +2.097662424e+02 +2.097662424e+02 -7.9841e-01 +5.9192e-01 -1.2202e+00 +1.9315e+00 +1.2794e+00 -3.6918e-01 -1.6131e+00 +1.4539e+00 -1.4540e-02 +1.3378e+00
60 0 +1.088898319e+02 +2.021898319e+02 +2.021898319e+02 +4.5477e-01 -2.4717e-01 +1.0740e+00 +2.0531e-01 -5.2460e-01 +1.2221e-01 -1.8722e+00 -8.9247e-01 +1.3690e-01 +2.3858e-01
90 0 +9.671582133e+01 +1.900158213e+02 +1.900158213e+02 +1.2913e+00 +5.2826e-02 +8.1189e-01 +7.5511e-01 -1.2757e-01 +1.1571e-01 +6.4828e-01 -3.3973e-02 -6.5135e-01 -1.0633e-01
212 0 +9.584306589e+01 +1.891430659e+02 +1.891430659e+02 +1.4168e+00 -5.4220e-01 +1.0381e+00 +4.2732e-01 -1.3581e+00 +8.5728e-01 -4.1402e-01 -1.5088e-01 -6.8154e-01 -1.5069e+00
218 0 +9.383695409e+01 +1.871369541e+02 +1.871369541e+02 +9.8720e-01 -6.9851e-01 +3.7758e-01 +6.9894e-01 +1.0114e+00 +8.3373e-01 -1.0448e+00 +5.8589e-01 -4.8830e-01 +7.2130e-02
230 0 +8.570788720e+01 +1.790078872e+02 +1.790078872e+02 +2.4750e-01 -3.0051e-02 +6.6623e-01 +1.1969e+00 -1.9797e+00 +8.2978e-01 -1.7420e+00 -9.0977e-01 -8.9968e-01 -7.9787e-01
317 0 +8.087500269e+01 +1.741750027e+02 +1.741750027e+02 +8.3091e-01 -1.2728e+00 +7.4746e-01 +1.2618e+00 -1.7906e-01 +1.5472e+00 -1.3063e+00 -8.2253e-01 -2.0357e+00 -2.2849e+00
352 0 +7.015806750e+01 +1.634580675e+02 +1.634580675e+02 +1.1284e+00 -8.5611e-01 +5.6279e-01 +1.8814e+00 -7.1488e-01 +6.7729e-01 -8.3856e-01 -7.0690e-01 -1.8852e+00 -2.5141e-01
410 0 +6.225251804e+01 +1.555525180e+02 +1.555525180e+02 +1.3906e+00 -1.1354e+00 +8.9753e-01 +2.3840e+00 -1.3674e+00 +1.3219e+00 -1.5771e+00 -1.5976e+00 -1.9200e+00 -5.8262e-01
896 0 +6.167487336e+01 +1.549748734e+02 +1.549748734e+02 +3.4970e-01 -1.4512e+00 +4.6426e-01 +9.7236e-01 -4.6237e-01 +8.7424e-01 -1.4263e+00 -1.1209e+00 -2.8478e-02 -2.2509e+00
959 0 +4.263709017e+01 +1.359370902e+02 +1.359370902e+02 +1.5018e+00 -1.1295e+00 +4.7125e-01 +1.8853e+00 -9.4881e-01 +1.2668e+00 -9.8766e-01 -7.0351e-01 -8.3403e-01 -1.3054e+00
1497 0 +3.284391463e+01 +1.261439146e+02 +1.261439146e+02 +4.0220e-01 -1.2898e+00 +1.2379e+00 +1.3175e+00 -1.2178e+00 +1.2326e+00 -1.1953e+00 -1.2541e+00 -1.2919e+00 -2.3631e+00
2323 0 +2.307854699e+01 +1.163785470e+02 +1.163785470e+02 +5.2404e-01 -1.0008e+00 +1.1216e+00 +1.4994e+00 -8.8951e-01 +1.3262e+00 -1.2352e+00 -9.9244e-01 -8.9950e-01 -1.6331e+00
% f evaluations | g evaluations | best noise-free fitness - Fopt (1.364000000000e+01) + sum g_i+ | measured fitness | best measured fitness or single-digit g-values | x1 | x2...
1 0 +1.721594322e+02 +1.857994322e+02 +1.857994322e+02 +5.9671e-01 -3.8264e-02 +7.4769e-01 +1.6230e+00 -1.3415e-01 -1.3414e-01 +1.6792e+00 +8.6743e-01 -3.6947e-01 +6.4256e-01
2 0 +1.613578026e+02 +1.749978026e+02 +1.749978026e+02 -3.6342e-01 -3.6573e-01 +3.4196e-01 -1.8133e+00 -1.6249e+00 -4.6229e-01 -9.1283e-01 +4.1425e-01 -8.0802e-01 -1.3123e+00
7 0 +1.607743315e+02 +1.744143315e+02 +1.744143315e+02 -3.7917e-01 -8.5659e-02 -1.0063e+00 -1.0962e+00 +9.1253e-01 +1.4562e+00 +2.7990e-02 +1.1035e+00 +4.6164e-01 -5.4512e-01
8 0 +1.591245295e+02 +1.727645295e+02 +1.727645295e+02 +4.6140e-01 +1.6380e+00 +6.4174e-02 +1.6646e+00 -2.5197e+00 +9.2190e-01 +1.8705e-01 -1.9901e-01 +1.9176e-01 -1.8876e+00
12 0 +1.571647080e+02 +1.708047080e+02 +1.708047080e+02 -1.8188e+00 +7.3486e-02 +1.6023e-01 +2.5632e+00 -9.2361e-02 +4.0155e-01 +6.5288e-02 -1.0687e+00 +1.2428e+00 +8.5193e-01
15 0 +1.287897258e+02 +1.424297258e+02 +1.424297258e+02 +3.2746e-01 +1.4071e+00 -1.5075e+00 +2.8463e-01 +3.5988e-01 +8.8182e-01 -1.1370e+00 -1.2205e+00 +6.2194e-01 +3.9698e-01
19 0 +1.241392179e+02 +1.377792179e+02 +1.377792179e+02 +7.2567e-01 -7.5716e-01 -9.7089e-01 +5.8247e-01 -1.2346e-01 +8.1400e-01 +5.7324e-01 +2.7171e-02 -7.4679e-01 -1.4148e+00
46 0 +1.236389955e+02 +1.372789955e+02 +1.372789955e+02 +3.7321e-02 +1.0551e+00 -8.8573e-01 +6.0405e-01 -4.3026e-01 -6.9287e-01 -7.0304e-03 -9.3524e-01 -4.5365e-01 -1.0979e+00
51 0 +1.092713878e+02 +1.229113878e+02 +1.229113878e+02 +5.3198e-01 +3.0091e-01 +3.5248e-01 +8.6966e-01 +1.3248e+00 -6.3000e-01 -2.0008e+00 +2.4329e-01 -1.8054e-01 +1.6058e+00
210 0 +8.963180341e+01 +1.032718034e+02 +1.032718034e+02 +9.8018e-01 -4.4166e-01 -1.1873e+00 -1.1431e+00 -5.9763e-01 +5.6670e-01 +1.5463e-01 -9.6160e-01 -5.1294e-01 -4.2769e-01
342 0 +8.685622006e+01 +1.004962201e+02 +1.004962201e+02 +4.3494e-01 +7.7597e-01 -1.0189e+00 -1.6936e+00 -8.4193e-01 +8.1060e-01 -2.1352e-01 -1.3126e+00 -5.4891e-01 -1.6278e+00
386 0 +8.617198050e+01 +9.981198050e+01 +9.981198050e+01 +4.2464e-01 -1.9614e-01 -1.1235e+00 -7.0505e-02 -2.2936e-01 +8.6598e-01 +2.9861e-01 -1.1887e+00 -4.6169e-01 -3.9906e-01
573 0 +6.000874397e+01 +7.364874397e+01 +7.364874397e+01 +1.4061e+00 +6.6104e-01 -4.4847e-01 -2.1935e+00 -1.8907e+00 +4.8542e-01 +1.7865e+00 -2.0036e+00 -7.5271e-01 -1.2013e+00
627 0 +5.790493512e+01 +7.154493512e+01 +7.154493512e+01 +1.3243e+00 +1.5292e+00 -6.3861e-01 -1.5651e+00 -1.8820e+00 +7.1046e-01 +7.4894e-01 -1.1850e+00 -9.4548e-01 -1.2162e+00
1068 0 +5.191481168e+01 +6.555481168e+01 +6.555481168e+01 +6.3622e-01 +9.4716e-01 -1.2122e+00 -1.4579e+00 -2.2324e+00 +1.1453e+00 +1.4891e+00 -1.2483e+00 -2.1042e+00 -8.8888e-01
1194 0 +5.081921755e+01 +6.445921755e+01 +6.445921755e+01 +7.5292e-01 +1.3382e+00 -1.8138e+00 -9.4832e-01 -1.0515e+00 +1.3395e+00 +1.0013e+00 -1.4033e+00 -1.6334e+00 -5.4496e-01
1212 0 +4.969609966e+01 +6.333609966e+01 +6.333609966e+01 +1.4559e+00 +1.4695e+00 -1.9452e+00 -1.0999e+00 -1.9616e+00 +1.3614e+00 +1.5158e+00 -1.2423e+00 -1.7978e+00 -1.4328e+00
1369 0 +4.644108140e+01 +6.008108140e+01 +6.008108140e+01 +9.4495e-01 +1.6109e+00 -1.6168e+00 -8.9021e-01 -1.3628e+00 +1.3151e+00 +7.3967e-01 -1.4611e+00 -1.4280e+00 -3.5326e-01
1583 0 +3.555874147e+01 +4.919874147e+01 +4.919874147e+01 +1.4404e+00 +9.6867e-01 -1.6378e+00 -6.9812e-01 -1.1422e+00 +6.8753e-01 +1.2268e+00 -1.3351e+00 -1.1497e+00 -8.3792e-01
% f evaluations | g evaluations | best noise-free fitness - Fopt (1.948000000000e+02) + sum g_i+ | measured fitness | best measured fitness or single-digit g-values | x1 | x2...
1 0 +1.954988160e+02 +3.902988160e+02 +3.902988160e+02 +5.9671e-01 -3.8264e-02 +7.4769e-01 +1.6230e+00 -1.3415e-01 -1.3414e-01 +1.6792e+00 +8.6743e-01 -3.6947e-01 +6.4256e-01
2 0 +1.399612007e+02 +3.347612007e+02 +3.347612007e+02 -3.6342e-01 -3.6573e-01 +3.4196e-01 -1.8133e+00 -1.6249e+00 -4.6229e-01 -9.1283e-01 +4.1425e-01 -8.0802e-01 -1.3123e+00
6 0 +1.072936553e+02 +3.020936553e+02 +3.020936553e+02 +4.2408e-01 -2.8508e-01 -5.7692e-01 +7.1168e-01 +1.1310e+00 +1.0313e+00 -7.3922e-01 -2.0921e-01 +4.3126e-01 +1.0755e+00
67 0 +1.035953868e+02 +2.983953868e+02 +2.983953868e+02 +8.8147e-01 +1.2451e+00 -2.2436e-02 +1.1774e+00 +2.3907e+00 +3.5540e-01 -7.4611e-02 -9.1780e-01 +2.1085e+00 +4.5380e-02
123 0 +9.217830732e+01 +2.869783073e+02 +2.869783073e+02 -1.2940e-02 +8.9488e-01 -1.9865e-01 -5.8641e-01 +1.5518e-01 -1.2819e+00 -3.8646e-01 +1.0094e+00 +2.2342e+00 +1.4322e-01
150 0 +7.320216356e+01 +2.680021636e+02 +2.680021636e+02 -7.5994e-01 -3.8653e-01 -1.0616e+00 +6.4784e-01 +1.0014e+00 -5.8745e-01 +1.2166e-01 -7.1959e-01 +1.4246e+00 +9.8103e-01
592 0 +6.546717068e+01 +2.602671707e+02 +2.602671707e+02 +1.0710e+00 +1.4828e+00 -1.9365e+00 +1.6375e+00 +8.8367e-01 -2.1271e+00 -2.1732e+00 -2.8954e+00 +2.5470e+00 +8.9398e-01
850 0 +5.932186196e+01 +2.541218620e+02 +2.541218620e+02 +9.5394e-01 +1.2782e+00 -1.9675e+00 +7.0420e-01 +6.0673e-01 -1.7356e+00 -1.1558e+00 -1.4773e+00 +5.3368e-01 +9.9274e-01
1154 0 +5.923080822e+01 +2.540308082e+02 +2.540308082e+02 -5.8487e-01 +3.6920e-02 -1.4282e+00 +6.0679e-01 +5.1379e-01 -1.2815e+00 -1.6428e+00 -1.8332e+00 +1.0445e+00 +1.1031e+00
1230 0 +4.558050386e+01 +2.403805039e+02 +2.403805039e+02 +2.4389e-01 +5.3912e-01 -1.7279e+00 +1.4821e+00 +9.3465e-01 -1.1834e+00 -2.2330e+00 -2.0389e+00 +1.2831e+00 +1.5343e+00
2009 0 +4.049039599e+01 +2.352903960e+02 +2.352903960e+02 +7.7999e-01 +1.1330e+00 -1.2706e+00 +1.2340e+00 +8.0324e-01 -1.6960e+00 -1.4420e+00 -1.2608e+00 +9.0059e-01 +1.3518e+00
% f evaluations | g evaluations | best noise-free fitness - Fopt (-1.335900000000e+02) + sum g_i+ | measured fitness | best measured fitness or single-digit g-values | x1 | x2...
1 0 +1.730437133e+02 +3.945371328e+01 +3.945371328e+01 +5.9671e-01 -3.8264e-02 +7.4769e-01 +1.6230e+00 -1.3415e-01 -1.3414e-01 +1.6792e+00 +8.6743e-01 -3.6947e-01 +6.4256e-01
2 0 +1.597862231e+02 +2.619622310e+01 +2.619622310e+01 -3.6342e-01 -3.6573e-01 +3.4196e-01 -1.8133e+00 -1.6249e+00 -4.6229e-01 -9.1283e-01 +4.1425e-01 -8.0802e-01 -1.3123e+00
9 0 +1.326779140e+02 -9.120859939e-01 -9.120859939e-01 -1.1967e-01 +4.5711e-01 +1.5779e+00 -4.1827e-01 -7.0849e-01 -4.0176e-01 +1.0154e+00 +4.2875e-01 -4.2976e-01 +6.1327e-01
36 0 +1.211747369e+02 -1.241526310e+01 -1.241526310e+01 +4.1091e-01 +1.5754e+00 +9.5766e-01 -5.9939e-02 +8.0984e-02 -9.0253e-01 +8.1487e-02 -1.8866e-01 +4.2272e-01 -7.2723e-01
82 0 +1.125770812e+02 -2.101291882e+01 -2.101291882e+01 -6.0775e-02 -1.9082e-01 -1.3367e-01 +8.9866e-01 +5.3587e-01 -1.2302e+00 +2.8421e-01 +4.7599e-01 +7.0165e-01 -1.5007e+00
143 0 +1.004517793e+02 -3.313822074e+01 -3.313822074e+01 +8.3311e-01 -1.1688e+00 +3.4244e-01 +4.9888e-01 +1.2723e-01 +2.9303e-01 -4.1641e-01 +3.3139e-01 +1.0568e+00 -3.3962e-01
319 0 +9.196306748e+01 -4.162693252e+01 -4.162693252e+01 +8.8386e-01 -7.9737e-01 -6.1474e-01 -3.8180e-01 +1.1985e+00 -5.0809e-01 -4.3088e-01 +1.2438e+00 +1.2727e+00 +7.3288e-01
374 0 +8.099565992e+01 -5.259434008e+01 -5.259434008e+01 +1.5180e+00 -9.9727e-01 +1.5704e-02 +1.4701e+00 +1.8040e+00 -1.5608e-02 -2.2638e+00 +1.8002e+00 +1.1350e-01 -2.3007e-01
510 0 +7.401222356e+01 -5.957777644e+01 -5.957777644e+01 +2.1711e+00 -2.4824e-01 -1.4926e+00 -4.8342e-02 +1.9105e+00 -7.4522e-01 -9.1114e-01 +1.7616e+00 +3.0679e+00 +2.8571e-01
904 0 +7.104209522e+01 -6.254790478e+01 -6.254790478e+01 +1.4212e+00 -8.3669e-01 -1.1081e+00 +1.1866e+00 +2.3017e+00 -1.9517e+00 -6.6910e-01 +1.3728e+00 +1.2274e+00 -5.4678e-01
957 0 +6.819794910e+01 -6.539205090e+01 -6.539205090e+01 +2.1072e+00 -5.1417e-01 -8.7633e-01 +1.5711e+00 +2.8553e+00 -1.9292e+00 -1.2882e+00 +1.1044e+00 +1.5746e+00 -1.2077e-01
1047 0 +6.287629307e+01 -7.071370693e+01 -7.071370693e+01 +1.9708e+00 -1.8117e+00 -1.0874e+00 +1.5440e+00 +2.3186e+00 -6.6877e-01 -1.1322e+00 +9.0676e-01 +2.0191e+00 -1.7310e+00
1105 0 +6.067103883e+01 -7.291896117e+01 -7.291896117e+01 +1.7910e+00 -7.9748e-01 -2.0451e-01 +4.4513e-01 +1.8662e+00 -1.2529e+00 -2.0625e-01 +1.1198e+00 +7.7784e-01 -1.3374e+00
1184 0 +5.948712618e+01 -7.410287382e+01 -7.410287382e+01 +1.7364e+00 -1.0629e+00 -6.6907e-01 +1.1561e+00 +2.3367e+00 -2.1546e+00 -1.4147e+00 +2.3594e+00 +1.8238e+00 -1.1414e+00
1252 0 +4.497788364e+01 -8.861211636e+01 -8.861211636e+01 +1.4816e+00 -1.1424e+00 -7.5784e-01 +5.9957e-01 +7.1026e-01 -8.3584e-01 -1.1400e+00 +1.2773e+00 +1.4677e+00 -8.6863e-01
% f evaluations | g evaluations | best noise-free fitness - Fopt (-3.085000000000e+01) + sum g_i+ | measured fitness | best measured fitness or single-digit g-values | x1 | x2...
1 0 +1.315075751e+02 +1.006575751e+02 +1.006575751e+02 +5.9671e-01 -3.8264e-02 +7.4769e-01 +1.6230e+00 -1.3415e-01 -1.3414e-01 +1.6792e+00 +8.6743e-01 -3.6947e-01 +6.4256e-01
67 0 +1.313522234e+02 +1.005022234e+02 +1.005022234e+02 +1.1843e+00 +1.4916e+00 +1.3896e+00 +1.6922e+00 +2.2804e-01 -4.2850e-01 -1.1208e+00 +2.7316e-01 +1.3576e+00 -9.8965e-01
70 0 +9.907397089e+01 +6.822397089e+01 +6.822397089e+01 +7.5488e-01 +1.3473e+00 -4.1737e-01 +7.6678e-01 +3.4888e-01 +7.9606e-01 -1.5710e+00 -9.4764e-02 +1.4056e+00 +8.9180e-01
440 0 +7.640484131e+01 +4.555484131e+01 +4.555484131e+01 +1.0290e+00 +1.3613e+00 -2.0279e+00 +1.4256e-01 +1.6650e+00 +2.2364e+00 -1.7481e-01 +2.4829e+00 -2.0347e+00 +8.9553e-01
1062 0 +7.167547430e+01 +4.082547430e+01 +4.082547430e+01 +8.2238e-01 +2.6408e+00 -2.4198e+00 +1.7231e+00 +7.7812e-01 +1.4731e+00 -1.3203e+00 +8.7551e-01 -1.8769e+00 +9.2729e-01
1524 0 +6.933230030e+01 +3.848230030e+01 +3.848230030e+01 +1.3782e+00 +8.6925e-01 -5.5172e-01 +7.3235e-01 +2.0696e+00 +1.0413e+00 -2.0020e+00 +6.2409e-01 -1.1089e+00 +1.7397e+00
2065 0 +6.681651307e+01 +3.596651307e+01 +3.596651307e+01 +8.4711e-01 +1.4840e+00 -6.9185e-01 +1.0683e+00 +2.0558e+00 +2.5397e+00 -8.9381e-01 +2.1771e+00 -2.5021e+00 +2.0058e+00
2081 0 +6.654528861e+01 +3.569528861e+01 +3.569528861e+01 +1.6487e+00 +2.3275e+00 -1.8211e+00 +1.1670e+00 +1.4007e+00 +1.8757e+00 -1.0672e+00 +7.8070e-01 -9.2734e-01 +1.1676e+00
2256 0 +6.222174031e+01 +3.137174031e+01 +3.137174031e+01 +2.6620e+00 +8.4794e-01 -1.3107e+00 -2.9694e-01 +1.2915e+00 +1.6016e+00 -1.1380e+00 +1.7779e+00 -1.2407e+00 +1.8155e+00
% f evaluations | g evaluations | best noise-free fitness - Fopt (-9.200000000000e+00) + sum g_i+ | measured fitness | best measured fitness or single-digit g-values | x1 | x2...
1 0 +2.097373124e+02 +2.005373124e+02 +2.005373124e+02 +5.9671e-01 -3.8264e-02 +7.4769e-01 +1.6230e+00 -1.3415e-01 -1.3414e-01 +1.6792e+00 +8.6743e-01 -3.6947e-01 +6.4256e-01
2 0 +1.670872038e+02 +1.578872038e+02 +1.578872038e+02 -3.6342e-01 -3.6573e-01 +3.4196e-01 -1.8133e+00 -1.6249e+00 -4.6229e-01 -9.1283e-01 +4.1425e-01 -8.0802e-01 -1.3123e+00
5 0 +1.628649010e+02 +1.536649010e+02 +1.536649010e+02 +8.3847e-01 +2.7137e-01 -1.5648e-02 -2.0110e-01 -1.3785e+00 -6.1984e-01 -3.6064e-01 +1.1571e+00 +4.4362e-01 -1.6630e+00
10 0 +1.447175242e+02 +1.355175242e+02 +1.355175242e+02 +1.9708e-01 +1.0686e+00 -6.0205e-01 -2.2766e-01 -2.9211e-01 -1.3635e+00 +3.9612e-01 +3.6106e-01 +1.0511e-01 -1.3459e-01
11 0 +1.434526752e+02 +1.342526752e+02 +1.342526752e+02 -1.3154e+00 -3.2065e-01 -2.4271e-01 -7.0228e-01 -6.1286e-02 +5.0405e-01 +1.9862e+00 +2.7458e-01 +3.5755e-01 +2.5554e-02
22 0 +1.250648598e+02 +1.158648598e+02 +1.158648598e+02 +6.7089e-01 +1.2356e+00 +1.0540e+00 +7.5139e-01 -2.1527e-01 +8.5897e-01 -6.7283e-01 -1.3682e-01 -3.8536e-01 +1.8187e-01
24 0 +1.228589784e+02 +1.136589784e+02 +1.136589784e+02 -6.3037e-01 +3.1646e-01 +1.4557e-01 -5.5160e-01 +2.2439e+00 +7.3392e-01 -1.9251e+00 +2.8645e-01 -5.6179e-01 +9.5243e-01
63 0 +9.893078248e+01 +8.973078248e+01 +8.973078248e+01 +2.6720e-01 +3.9789e-01 -2.4482e-01 -5.1577e-02 +4.1399e-01 +7.9732e-01 -9.0298e-01 -1.0557e+00 -2.1857e-01 +1.4470e+00
265 0 +6.801059276e+01 +5.881059276e+01 +5.881059276e+01 +1.1906e+00 +5.5485e-01 +1.1049e+00 +8.0077e-01 +1.2957e+00 +1.7191e+00 -1.6313e+00 -1.2870e+00 +3.4320e-01 -2.5526e-01
587 0 +6.792495080e+01 +5.872495080e+01 +5.872495080e+01 +3.4898e-02 +2.1297e+00 +2.1968e+00 +1.6723e-01 +4.0116e-01 +1.0408e+00 -1.7873e+00 -1.0974e+00 +8.6866e-01 +1.3187e+00
887 0 +6.446882353e+01 +5.526882353e+01 +5.526882353e+01 +8.3578e-01 +7.3090e-01 +1.9003e+00 +9.2412e-01 +1.8878e+00 +9.2753e-01 -1.8538e+00 -2.7200e+00 +1.8757e+00 +9.0764e-01
1025 0 +5.123942174e+01 +4.203942174e+01 +4.203942174e+01 +1.6678e+00 +1.7366e+00 +2.1158e+00 +6.7100e-01 +2.1458e+00 +1.7829e+00 -2.1274e+00 -1.9223e+00 +1.7921e+00 +1.9151e+00
% f evaluations | g evaluations | best noise-free fitness - Fopt (-2.037600000000e+02) + sum g_i+ | measured fitness | best measured fitness or single-digit g-values | x1 | x2...
1 0 +1.342291040e+02 -6.953089600e+01 -6.953089600e+01 +5.9671e-01 -3.8264e-02 +7.4769e-01 +1.6230e+00 -1.3415e-01 -1.3414e-01 +1.6792e+00 +8.6743e-01 -3.6947e-01 +6.4256e-01
22 0 +1.231789671e+02 -8.058103293e+01 -8.058103293e+01 +6.7089e-01 +1.2356e+00 +1.0540e+00 +7.5139e-01 -2.1527e-01 +8.5897e-01 -6.7283e-01 -1.3682e-01 -3.8536e-01 +1.8187e-01
27 0 +1.035123500e+02 -1.002476500e+02 -1.002476500e+02 -8.2693e-01 +4.0475e-02 -3.1413e+00 -9.2439e-01 -1.5257e-01 -1.1478e+00 +1.7324e+00 -1.3301e+00 -3.4004e-01 +2.3074e-01
44 0 +9.435781486e+01 -1.094021851e+02 -1.094021851e+02 -1.0833e+00 -1.9392e+00 -1.6941e-01 +8.1754e-01 +1.6024e+00 +1.7409e-01 +1.7286e+00 -1.2801e+00 -1.6034e+00 +4.4452e-02
232 0 +8.269548714e+01 -1.210645129e+02 -1.210645129e+02 -2.9676e+00 -2.8158e+00 -1.7686e+00 -8.3732e-01 +1.4432e+00 -2.9268e-01 +3.6374e+00 -1.5887e-01 -1.7891e+00 +2.3526e-02
413 0 +7.763899463e+01 -1.261210054e+02 -1.261210054e+02 -2.2751e+00 -1.5647e+00 -8.4364e-01 -1.4567e+00 +1.0645e+00 -1.1940e+00 +2.6814e+00 -1.5494e+00 -2.5658e+00 -5.3900e-01
836 0 +7.183961564e+01 -1.319203844e+02 -1.319203844e+02 -1.5383e+00 -1.8866e+00 -4.4553e-01 -1.3200e+00 -1.4407e-01 -1.4215e+00 +2.6800e+00 -1.9828e+00 -1.6949e+00 -9.6543e-01
960 0 +5.857240442e+01 -1.451875956e+02 -1.451875956e+02 -9.8394e-01 -1.4354e+00 -1.4128e+00 -1.7476e+00 +1.6093e+00 -2.9097e-01 +1.2461e+00 -1.8253e+00 -1.9840e+00 -1.5278e+00
1673 0 +5.461944430e+01 -1.491405557e+02 -1.491405557e+02 -2.1151e+00 -9.6637e-01 -1.6610e+00 -2.9672e+00 +1.1822e+00 -9.3317e-01 +1.2204e+00 -1.5108e+00 -2.2902e+00 -1.5542e+00
1847 0 +5.102501461e+01 -1.527349854e+02 -1.527349854e+02 -1.3226e+00 -1.5573e+00 -2.4371e+00 -1.7717e+00 +2.2442e+00 -1.1920e+00 +1.0558e+00 -9.1601e-01 -1.6929e+00 -5.7019e-01
2402 0 +4.363340682e+01 -1.601265932e+02 -1.601265932e+02 -1.5936e+00 -1.5927e+00 -1.2374e+00 -1.8714e+00 +9.4410e-01 -1.6507e+00 +1.6438e+00 -9.6690e-01 -1.1665e+00 -6.3408e-01
% f evaluations | g evaluations | best noise-free fitness - Fopt (3.399000000000e+01) + sum g_i+ | measured fitness | best measured fitness or single-digit g-values | x1 | x2...
1 0 +1.818598110e+02 +2.158498110e+02 +2.158498110e+02 +5.9671e-01 -3.8264e-02 +7.4769e-01 +1.6230e+00 -1.3415e-01 -1.3414e-01 +1.6792e+00 +8.6743e-01 -3.6947e-01 +6.4256e-01
3 0 +1.566771258e+02 +1.906671258e+02 +1.906671258e+02 +1.5656e+00 -1.2578e-01 +1.6753e-01 -1.3247e+00 -4.4438e-01 +2.1092e-01 -1.0510e+00 +4.7570e-01 -5.0064e-01 -1.9169e-01
4 0 +1.133446374e+02 +1.473346374e+02 +1.473346374e+02 -5.0171e-01 +1.9523e+00 +8.6503e-02 -9.5771e-01 +9.2254e-01 -1.1208e+00 +3.0886e-01 -1.8597e+00 -1.2282e+00 +2.9686e-01
41 0 +1.113832334e+02 +1.453732334e+02 +1.453732334e+02 -1.4944e+00 -4.9938e-01 +1.0524e-01 +1.4698e-01 -3.5007e-01 +7.2285e-01 -9.6762e-01 -4.2379e-02 +2.2030e-01 +6.1444e-01
176 0 +8.620223910e+01 +1.201922391e+02 +1.201922391e+02 +2.2367e+00 +1.5606e+00 -1.0947e+00 -2.8920e+00 +1.0536e+00 -6.2748e-01 +1.3834e+00 -1.6314e+00 -8.2375e-02 -2.8064e-01
179 0 +8.586287991e+01 +1.198528799e+02 +1.198528799e+02 +1.5533e+00 +1.7497e+00 -8.4266e-01 -2.9849e-02 +2.1885e+00 -1.5934e+00 -1.5519e-01 -5.5137e-01 +1.1932e+00 -1.8138e+00
280 0 +8.002071682e+01 +1.140107168e+02 +1.140107168e+02 +1.6625e+00 +1.1391e+00 -3.0896e+00 -8.5794e-01 +2.0079e+00 -1.3704e+00 +5.0984e-02 -2.2183e+00 +2.4330e+00 -1.1644e+00
617 0 +7.081135831e+01 +1.048013583e+02 +1.048013583e+02 +2.2922e+00 +1.3414e+00 -1.1257e+00 -1.2047e+00 +2.1720e+00 -6.4321e-01 +1.5978e+00 -9.6905e-01 +2.6342e+00 -5.7923e-01
692 0 +6.709464189e+01 +1.010846419e+02 +1.010846419e+02 +2.4445e+00 +2.3189e+00 -1.6082e+00 -1.7054e+00 +2.3239e+00 -2.0949e+00 +1.4699e+00 -1.0812e+00 +1.6131e+00 -1.1704e+00
991 0 +5.452926245e+01 +8.851926245e+01 +8.851926245e+01 +3.0425e+00 +1.4089e+00 -2.1282e+00 -1.4897e+00 +2.4818e+00 -2.3212e+00 +1.8651e+00 -1.1051e+00 +1.8129e+00 -1.8141e+00
1731 0 +5.085630363e+01 +8.484630363e+01 +8.484630363e+01 +1.5377e+00 +1.4588e+00 -1.2743e+00 -1.9122e+00 +1.8439e+00 -1.3773e+00 +1.1070e+00 -1.8873e+00 +1.2340e+00 -1.2109e+00
2337 0 +4.800116222e+01 +8.199116222e+01 +8.199116222e+01 +1.2221e+00 +1.3254e+00 -1.3369e+00 -1.6743e+00 +1.7205e+00 -1.7298e+00 +1.3285e+00 -2.1562e+00 +1.4612e+00 -1.1306e+00
% f evaluations | g evaluations | best noise-free fitness - Fopt (-1.000000000000e+03) + sum g_i+ | measured fitness | best measured fitness or single-digit g-values | x1 | x2...
1 0 +2.174451937e+02 -7.825548063e+02 -7.825548063e+02 +5.9671e-01 -3.8264e-02 +7.4769e-01 +1.6230e+00 -1.3415e-01 -1.3414e-01 +1.6792e+00 +8.6743e-01 -3.6947e-01 +6.4256e-01
2 0 +1.920889044e+02 -8.079110956e+02 -8.079110956e+02 -3.6342e-01 -3.6573e-01 +3.4196e-01 -1.8133e+00 -1.6249e+00 -4.6229e-01 -9.1283e-01 +4.1425e-01 -8.0802e-01 -1.3123e+00
4 0 +1.296413628e+02 -8.703586372e+02 -8.703586372e+02 -5.0171e-01 +1.9523e+00 +8.6503e-02 -9.5771e-01 +9.2254e-01 -1.1208e+00 +3.0886e-01 -1.8597e+00 -1.2282e+00 +2.9686e-01
6 0 +1.276054200e+02 -8.723945800e+02 -8.723945800e+02 +4.2408e-01 -2.8508e-01 -5.7692e-01 +7.1168e-01 +1.1310e+00 +1.0313e+00 -7.3922e-01 -2.0921e-01 +4.3126e-01 +1.0755e+00
29 0 +1.108683436e+02 -8.891316564e+02 -8.891316564e+02 +2.1352e-01 +7.6213e-01 +1.6860e+00 -1.1378e+00 +2.2330e+00 -1.8521e+00 -5.1785e-02 +6.8832e-01 +3.8099e-01 -5.2270e-01
39 0 +9.416351412e+01 -9.058364859e+02 -9.058364859e+02 -7.3972e-01 -4.9939e-01 -2.0239e+00 -4.2576e-01 -6.5913e-01 +2.5039e-01 +4.4176e-01 +1.9762e+00 +1.0504e+00 -4.7690e-01
57 0 +9.322840664e+01 -9.067715934e+02 -9.067715934e+02 +1.2619e+00 +9.6102e-01 +1.1592e-01 -5.0171e-01 +1.2340e+00 -1.4494e+00 +6.6327e-01 -1.9929e-02 -1.2833e+00 -6.5811e-01
216 0 +8.959221307e+01 -9.104077869e+02 -9.104077869e+02 -1.8562e+00 -1.3922e+00 -8.6540e-01 -9.2751e-01 -1.3669e+00 +1.6886e+00 -1.2624e+00 +4.8507e-01 +1.2625e+00 +1.2149e+00
615 0 +8.908048857e+01 -9.109195114e+02 -9.109195114e+02 -2.5655e+00 -1.2252e+00 -2.0172e-01 +2.4178e-01 -3.1632e+00 +3.7461e-01 -2.1644e+00 +4.9839e-01 +6.5185e-01 +9.0067e-01
770 0 +8.536553452e+01 -9.146344655e+02 -9.146344655e+02 -1.1621e+00 -1.0531e+00 -1.3965e+00 +1.9276e+00 -1.0949e+00 +2.0028e+00 -1.4802e+00 +3.8775e-01 +1.7452e+00 +1.1134e+00
821 0 +8.236131228e+01 -9.176386877e+02 -9.176386877e+02 -1.8141e+00 -2.0296e+00 -2.5010e+00 +6.4464e-01 -1.8668e+00 +2.3396e+00 -7.1676e-01 +2.6149e+00 +1.2382e+00 +1.7061e+00
950 0 +8.142990011e+01 -9.185700999e+02 -9.185700999e+02 -1.5996e+00 -2.9527e+00 -1.7731e+00 +1.4359e+00 -1.9965e+00 +9.7385e-01 -1.1158e+00 +6.9276e-01 +1.7178e+00 +5.8954e-01
1028 0 +7.996691036e+01 -9.200330896e+02 -9.200330896e+02 -1.6786e+00 -1.3593e+00 -1.9188e+00 +7.1916e-01 -2.0414e+00 +3.1932e-01 -1.6713e+00 -5.8551e-02 +1.0354e+00 +1.2896e+00
1066 0 +7.435641779e+01 -9.256435822e+02 -9.256435822e+02 -1.0971e+00 -1.3557e+00 -1.2839e+00 +1.0197e+00 -1.7989e+00 +1.5700e+00 -2.1310e+00 +7.8933e-01 +4.5819e-01 +1.0672e+00
1146 0 +5.394225074e+01 -9.460577493e+02 -9.460577493e+02 -1.6660e+00 -1.8206e+00 -1.2792e+00 +1.7346e+00 -2.1810e+00 +1.0526e+00 -1.7373e+00 +1.4476e+00 +8.5485e-01 +1.2878e+00
1970 0 +5.101367967e+01 -9.489863203e+02 -9.489863203e+02 -2.0562e+00 -1.8177e+00 -1.3480e+00 +1.3592e+00 -1.7585e+00 +9.4789e-01 -2.8312e-01 +1.0918e+00 +1.9452e+00 +1.7108e+00
