% f evaluations | g evaluations | best noise-free fitness - Fopt (7.948000000000e+01) + sum g_i+ | measured fitness | best measured fitness or single-digit g-values | x1 | x2...
1 0 +1.369399054e+00 +8.084939905e+01 +8.084939905e+01 +5.9671e-01 -3.8264e-02
3 0 +1.195572614e+00 +8.067557261e+01 +8.067557261e+01 -1.3415e-01 -1.3414e-01
6 0 +1.005516380e+00 +8.048551638e+01 +8.048551638e+01 -3.6342e-01 -3.6573e-01
7 0 +4.389162223e-01 +7.991891622e+01 +7.991891622e+01 +3.4196e-01 -1.8133e+00
11 0 +3.462834951e-01 +7.982628350e+01 +7.982628350e+01 +1.2440e-01 -5.8252e-01
12 0 +2.280901145e-01 +7.970809011e+01 +7.970809011e+01 -5.8168e-02 -1.5193e+00
14 0 +9.830181186e-02 +7.957830181e+01 +7.957830181e+01 +4.2194e-01 -1.4208e+00
21 0 +7.438882828e-02 +7.955438883e+01 +7.955438883e+01 +3.3054e-01 -8.9537e-01
51 0 +3.156733786e-02 +7.951156734e+01 +7.951156734e+01 +4.2862e-01 -1.1312e+00
61 0 +1.511582484e-02 +7.949511582e+01 +7.949511582e+01 +2.1566e-01 -1.0396e+00
62 0 +8.816879207e-03 +7.948881688e+01 +7.948881688e+01 +1.6300e-01 -1.1842e+00
73 0 +2.224182970e-03 +7.948222418e+01 +7.948222418e+01 +2.4964e-01 -1.1097e+00
82 0 +1.951734241e-03 +7.948195173e+01 +7.948195173e+01 +2.7296e-01 -1.1175e+00
92 0 +7.620420351e-04 +7.948076204e+01 +7.948076204e+01 +2.5531e-01 -1.1293e+00
101 0 +1.750298258e-04 +7.948017503e+01 +7.948017503e+01 +2.6144e-01 -1.1468e+00
124 0 +1.234815698e-04 +7.948012348e+01 +7.948012348e+01 +2.6302e-01 -1.1612e+00
131 0 +5.787532888e-05 +7.948005788e+01 +7.948005788e+01 +2.4586e-01 -1.1537e+00
145 0 +1.675271871e-05 +7.948001675e+01 +7.948001675e+01 +2.4882e-01 -1.1558e+00
175 0 +8.740022537e-07 +7.948000087e+01 +7.948000087e+01 +2.5371e-01 -1.1570e+00
199 0 +4.362102146e-07 +7.948000044e+01 +7.948000044e+01 +2.5215e-01 -1.1569e+00
253 0 +1.111226027e-07 +7.948000011e+01 +7.948000011e+01 +2.5294e-01 -1.1571e+00
341 0 +7.210289255e-09 +7.948000001e+01 +7.948000001e+01 +2.5282e-01 -1.1569e+00
% f evaluations | g evaluations | best noise-free fitness - Fopt (3.944800000000e+02) + sum g_i+ | measured fitness | best measured fitness or single-digit g-values | x1 | x2...
1 0 +2.834072929e+01 +4.228207293e+02 +4.228207293e+02 +5.9671e-01 -3.8264e-02
3 0 +2.176653862e+01 +4.162465386e+02 +4.162465386e+02 -1.3415e-01 -1.3414e-01
6 0 +1.887005977e+01 +4.133500598e+02 +4.133500598e+02 -3.6342e-01 -3.6573e-01
8 0 +1.106445134e+01 +4.055444513e+02 +4.055444513e+02 -1.6249e+00 -4.6229e-01
15 0 +8.868914602e+00 +4.033489146e+02 +4.033489146e+02 -1.6459e+00 -9.4225e-01
18 0 +7.586195108e+00 +4.020661951e+02 +4.020661951e+02 -2.0841e+00 -8.1806e-01
21 0 +4.586216846e+00 +3.990662168e+02 +3.990662168e+02 -2.3819e+00 -1.3783e+00
24 0 +1.072706255e+00 +3.955527063e+02 +3.955527063e+02 -4.6198e+00 -2.1472e+00
26 0 +2.503658114e-01 +3.947303658e+02 +3.947303658e+02 -3.3997e+00 -2.8499e+00
36 0 +1.119096495e-01 +3.945919096e+02 +3.945919096e+02 -4.2118e+00 -3.0075e+00
64 0 +1.012519803e-01 +3.945812520e+02 +3.945812520e+02 -3.6230e+00 -3.0497e+00
71 0 +1.426842945e-02 +3.944942684e+02 +3.944942684e+02 -3.9997e+00 -2.9537e+00
84 0 +1.017206093e-02 +3.944901721e+02 +3.944901721e+02 -3.9870e+00 -2.9386e+00
126 0 +3.372421126e-03 +3.944833724e+02 +3.944833724e+02 -3.9405e+00 -2.8504e+00
127 0 +7.840518242e-05 +3.944800784e+02 +3.944800784e+02 -3.9072e+00 -2.8896e+00
194 0 +3.137762030e-05 +3.944800314e+02 +3.944800314e+02 -3.8929e+00 -2.8914e+00
227 0 +5.882817447e-06 +3.944800059e+02 +3.944800059e+02 -3.8994e+00 -2.8882e+00
254 0 +5.531655233e-06 +3.944800055e+02 +3.944800055e+02 -3.8979e+00 -2.8881e+00
255 0 +3.214357776e-07 +3.944800003e+02 +3.944800003e+02 -3.8984e+00 -2.8910e+00
323 0 +2.837257398e-07 +3.944800003e+02 +3.944800003e+02 -3.8979e+00 -2.8904e+00
357 0 +9.699414250e-08 +3.944800001e+02 +3.944800001e+02 -3.8983e+00 -2.8907e+00
% f evaluations | g evaluations | best noise-free fitness - Fopt (-2.471100000000e+02) + sum g_i+ | measured fitness | best measured fitness or single-digit g-values | x1 | x2...
1 0 +1.937533343e+01 -2.277346666e+02 -2.277346666e+02 +5.9671e-01 -3.8264e-02
3 0 +1.354049955e+01 -2.335695004e+02 -2.335695004e+02 -1.3415e-01 -1.3414e-01
5 0 +1.195056811e+01 -2.351594319e+02 -2.351594319e+02 -3.6947e-01 +6.4256e-01
8 0 +5.166898384e+00 -2.419431016e+02 -2.419431016e+02 -1.6249e+00 -4.6229e-01
12 0 +7.866912113e-01 -2.463233088e+02 -2.463233088e+02 -3.5954e+00 -6.6021e-01
23 0 +5.700357426e-01 -2.465399643e+02 -2.465399643e+02 -4.1274e+00 -4.7635e-01
36 0 +5.691049329e-01 -2.465408951e+02 -2.465408951e+02 -4.0719e+00 +9.0626e-01
37 0 +5.500137322e-01 -2.465599863e+02 -2.465599863e+02 -3.6601e+00 +9.3183e-01
43 0 +4.541919667e-01 -2.466558080e+02 -2.466558080e+02 -4.2876e+00 +6.6679e-01
51 0 +2.698071801e-01 -2.468401928e+02 -2.468401928e+02 -3.2791e+00 +1.9320e-01
53 0 +1.674161942e-01 -2.469425838e+02 -2.469425838e+02 -3.4585e+00 +4.3101e-01
61 0 +1.417654507e-01 -2.469682345e+02 -2.469682345e+02 -3.4232e+00 +1.7185e-01
62 0 +1.992437332e-02 -2.470900756e+02 -2.470900756e+02 -3.9195e+00 +1.3063e-01
91 0 +1.610619394e-02 -2.470938938e+02 -2.470938938e+02 -3.7567e+00 +8.3336e-02
116 0 +1.509791707e-02 -2.470949021e+02 -2.470949021e+02 -3.7165e+00 +1.1158e-01
128 0 +5.765576021e-03 -2.471042344e+02 -2.471042344e+02 -3.8369e+00 +1.3776e-01
131 0 +1.766733768e-03 -2.471082333e+02 -2.471082333e+02 -3.8355e+00 +2.2300e-01
146 0 +2.230986265e-04 -2.471097769e+02 -2.471097769e+02 -3.7936e+00 +1.8906e-01
148 0 +2.902681828e-05 -2.471099710e+02 -2.471099710e+02 -3.7939e+00 +2.0019e-01
199 0 +1.686179971e-05 -2.471099831e+02 -2.471099831e+02 -3.7992e+00 +2.0722e-01
234 0 +1.901372883e-06 -2.471099981e+02 -2.471099981e+02 -3.7998e+00 +2.0309e-01
288 0 +8.391389201e-07 -2.471099992e+02 -2.471099992e+02 -3.7981e+00 +2.0406e-01
290 0 +6.956777838e-07 -2.471099993e+02 -2.471099993e+02 -3.7989e+00 +2.0389e-01
308 0 +2.445221128e-07 -2.471099998e+02 -2.471099998e+02 -3.7988e+00 +2.0296e-01
325 0 +6.424147614e-08 -2.471099999e+02 -2.471099999e+02 -3.7986e+00 +2.0302e-01
345 0 +2.603633220e-08 -2.471100000e+02 -2.471100000e+02 -3.7982e+00 +2.0317e-01
346 0 +1.937831939e-08 -2.471100000e+02 -2.471100000e+02 -3.7984e+00 +2.0333e-01
403 0 +1.453202003e-08 -2.471100000e+02 -2.471100000e+02 -3.7985e+00 +2.0316e-01
407 0 +9.604121942e-09 -2.471100000e+02 -2.471100000e+02 -3.7984e+00 +2.0310e-01
% f evaluations | g evaluations | best noise-free fitness - Fopt (-1.520400000000e+02) + sum g_i+ | measured fitness | best measured fitness or single-digit g-values | x1 | x2...
1 0 +2.884564550e+00 -1.491554354e+02 -1.491554354e+02 +5.9671e-01 -3.8264e-02
2 0 +1.069611629e+00 -1.509703884e+02 -1.509703884e+02 +7.4769e-01 +1.6230e+00
5 0 +6.211084555e-01 -1.514188915e+02 -1.514188915e+02 -3.6947e-01 +6.4256e-01
15 0 +1.893809123e-01 -1.518506191e+02 -1.518506191e+02 -6.4851e-01 +1.6337e+00
17 0 +4.355318044e-02 -1.519964468e+02 -1.519964468e+02 -6.0750e-02 +1.4545e+00
54 0 +3.235250841e-02 -1.520076475e+02 -1.520076475e+02 -1.8700e-01 +1.2630e+00
64 0 +1.228501625e-02 -1.520277150e+02 -1.520277150e+02 -3.7066e-01 +1.4638e+00
81 0 +3.383489094e-04 -1.520396617e+02 -1.520396617e+02 -2.8368e-01 +1.4322e+00
132 0 +2.221404391e-04 -1.520397779e+02 -1.520397779e+02 -2.5721e-01 +1.4129e+00
148 0 +6.882383477e-05 -1.520399312e+02 -1.520399312e+02 -2.6943e-01 +1.4160e+00
163 0 +2.436807705e-05 -1.520399756e+02 -1.520399756e+02 -2.6742e-01 +1.4289e+00
167 0 +1.635651088e-05 -1.520399836e+02 -1.520399836e+02 -2.7074e-01 +1.4220e+00
174 0 +4.368243140e-06 -1.520399956e+02 -1.520399956e+02 -2.6717e-01 +1.4261e+00
228 0 +3.608114440e-06 -1.520399964e+02 -1.520399964e+02 -2.6910e-01 +1.4240e+00
244 0 +1.153517132e-06 -1.520399988e+02 -1.520399988e+02 -2.6822e-01 +1.4243e+00
294 0 +4.834221272e-07 -1.520399995e+02 -1.520399995e+02 -2.6789e-01 +1.4239e+00
295 0 +2.087107873e-07 -1.520399998e+02 -1.520399998e+02 -2.6687e-01 +1.4237e+00
354 0 +4.520822472e-08 -1.520400000e+02 -1.520400000e+02 -2.6738e-01 +1.4239e+00
405 0 +4.374214768e-08 -1.520400000e+02 -1.520400000e+02 -2.6699e-01 +1.4240e+00
408 0 +5.453330232e-09 -1.520400000e+02 -1.520400000e+02 -2.6721e-01 +1.4239e+00
% f evaluations | g evaluations | best noise-free fitness - Fopt (-2.525000000000e+01) + sum g_i+ | measured fitness | best measured fitness or single-digit g-values | x1 | x2...
1 0 +9.559982036e+00 -1.569001796e+01 -1.569001796e+01 +5.9671e-01 -3.8264e-02
2 0 +9.193842431e+00 -1.605615757e+01 -1.605615757e+01 +7.4769e-01 +1.6230e+00
4 0 +3.798882408e+00 -2.145111759e+01 -2.145111759e+01 +1.6792e+00 +8.6743e-01
12 0 +1.093239529e+00 -2.415676047e+01 -2.415676047e+01 +2.6945e+00 +1.3815e-01
22 0 +2.866985285e-01 -2.496330147e+01 -2.496330147e+01 +3.7168e+00 +1.1608e+00
31 0 +1.854765949e-01 -2.506452341e+01 -2.506452341e+01 +4.0297e+00 +5.2131e-01
51 0 +1.677312148e-01 -2.508226879e+01 -2.508226879e+01 +3.9720e+00 +8.3487e-01
52 0 +1.088438416e-01 -2.514115616e+01 -2.514115616e+01 +3.5113e+00 +3.2180e-01
72 0 +3.692196052e-02 -2.521307804e+01 -2.521307804e+01 +3.7947e+00 +5.6885e-01
81 0 +2.626617818e-02 -2.522373382e+01 -2.522373382e+01 +3.7413e+00 +5.3437e-01
92 0 +2.511799883e-02 -2.522488200e+01 -2.522488200e+01 +3.4815e+00 +5.4892e-01
102 0 +8.558179461e-03 -2.524144182e+01 -2.524144182e+01 +3.6466e+00 +5.4848e-01
105 0 +8.375760218e-03 -2.524162424e+01 -2.524162424e+01 +3.5414e+00 +6.9036e-01
111 0 +6.476569531e-03 -2.524352343e+01 -2.524352343e+01 +3.6937e+00 +6.4892e-01
112 0 +4.350506250e-03 -2.524564949e+01 -2.524564949e+01 +3.6588e+00 +6.8397e-01
121 0 +3.248058090e-03 -2.524675194e+01 -2.524675194e+01 +3.5869e+00 +6.8511e-01
123 0 +5.699060673e-04 -2.524943009e+01 -2.524943009e+01 +3.6354e+00 +6.2377e-01
160 0 +3.433271363e-04 -2.524965667e+01 -2.524965667e+01 +3.6275e+00 +6.4835e-01
192 0 +3.055896421e-04 -2.524969441e+01 -2.524969441e+01 +3.6062e+00 +6.1975e-01
205 0 +2.478155251e-04 -2.524975218e+01 -2.524975218e+01 +3.6157e+00 +6.5089e-01
208 0 +2.010350218e-04 -2.524979896e+01 -2.524979896e+01 +3.6128e+00 +6.4928e-01
209 0 +1.088509177e-04 -2.524989115e+01 -2.524989115e+01 +3.6119e+00 +6.4533e-01
214 0 +1.547706844e-05 -2.524998452e+01 -2.524998452e+01 +3.6107e+00 +6.3374e-01
226 0 +1.299720988e-05 -2.524998700e+01 -2.524998700e+01 +3.6131e+00 +6.3182e-01
250 0 +2.510524229e-06 -2.524999749e+01 -2.524999749e+01 +3.6138e+00 +6.3374e-01
298 0 +4.140847132e-07 -2.524999959e+01 -2.524999959e+01 +3.6138e+00 +6.3528e-01
310 0 +2.939255559e-07 -2.524999971e+01 -2.524999971e+01 +3.6141e+00 +6.3473e-01
318 0 +8.144408525e-08 -2.524999992e+01 -2.524999992e+01 +3.6145e+00 +6.3493e-01
472 0 +2.505311869e-08 -2.524999997e+01 -2.524999997e+01 +3.6145e+00 +6.3507e-01
476 0 +1.846121833e-08 -2.524999998e+01 -2.524999998e+01 +3.6143e+00 +6.3525e-01
490 0 +1.459306276e-08 -2.524999999e+01 -2.524999999e+01 +3.6144e+00 +6.3532e-01
499 0 +3.292939255e-10 -2.525000000e+01 -2.525000000e+01 +3.6144e+00 +6.3518e-01
% f evaluations | g evaluations | best noise-free fitness - Fopt (1.830100000000e+02) + sum g_i+ | measured fitness | best measured fitness or single-digit g-values | x1 | x2...
1 0 +1.733652460e+01 +2.003465246e+02 +2.003465246e+02 +5.9671e-01 -3.8264e-02
2 0 +1.050656324e+01 +1.935165632e+02 +1.935165632e+02 +7.4769e-01 +1.6230e+00
5 0 +9.175361740e+00 +1.921853617e+02 +1.921853617e+02 -3.6947e-01 +6.4256e-01
9 0 +8.726608556e+00 +1.917366086e+02 +1.917366086e+02 -9.1283e-01 +4.1425e-01
18 0 +8.227070411e+00 +1.912370704e+02 +1.912370704e+02 -9.0396e-01 +5.1300e-01
21 0 +6.829148142e+00 +1.898391481e+02 +1.898391481e+02 -8.1978e-01 +8.4561e-01
23 0 +5.206838028e+00 +1.882168380e+02 +1.882168380e+02 -6.5353e-01 +1.3685e+00
31 0 +4.072679467e+00 +1.870826795e+02 +1.870826795e+02 -2.0147e+00 +1.0888e+00
32 0 +3.880812261e+00 +1.868908123e+02 +1.868908123e+02 -8.3131e-01 +1.6272e+00
34 0 +3.506884618e+00 +1.865168846e+02 +1.865168846e+02 -1.3593e+00 +1.3992e+00
36 0 +2.240393993e+00 +1.852503940e+02 +1.852503940e+02 -1.0842e+00 +2.0383e+00
38 0 +2.087323791e+00 +1.850973238e+02 +1.850973238e+02 -1.1214e+00 +2.0747e+00
41 0 +3.264369344e-01 +1.833364369e+02 +1.833364369e+02 -1.5655e+00 +3.0720e+00
48 0 +2.195199496e-01 +1.832295199e+02 +1.832295199e+02 -2.5028e+00 +2.8117e+00
82 0 +1.566183026e-01 +1.831666183e+02 +1.831666183e+02 -1.7490e+00 +3.0202e+00
84 0 +3.821753869e-03 +1.830138218e+02 +1.830138218e+02 -2.1181e+00 +3.1624e+00
91 0 +7.507364993e-04 +1.830107507e+02 +1.830107507e+02 -2.1209e+00 +3.0803e+00
139 0 +4.436926679e-05 +1.830100444e+02 +1.830100444e+02 -2.1306e+00 +3.1071e+00
184 0 +7.877120396e-06 +1.830100079e+02 +1.830100079e+02 -2.1338e+00 +3.1049e+00
247 0 +5.186141436e-07 +1.830100005e+02 +1.830100005e+02 -2.1354e+00 +3.1029e+00
291 0 +4.567665997e-07 +1.830100005e+02 +1.830100005e+02 -2.1361e+00 +3.1039e+00
330 0 +1.669997118e-07 +1.830100002e+02 +1.830100002e+02 -2.1361e+00 +3.1028e+00
342 0 +4.434392054e-08 +1.830100000e+02 +1.830100000e+02 -2.1358e+00 +3.1032e+00
359 0 +3.759603828e-08 +1.830100000e+02 +1.830100000e+02 -2.1361e+00 +3.1030e+00
390 0 +3.556004913e-08 +1.830100000e+02 +1.830100000e+02 -2.1362e+00 +3.1031e+00
413 0 +3.522359293e-08 +1.830100000e+02 +1.830100000e+02 -2.1361e+00 +3.1034e+00
416 0 +3.154684691e-08 +1.830100000e+02 +1.830100000e+02 -2.1359e+00 +3.1031e+00
420 0 +1.961313956e-08 +1.830100000e+02 +1.830100000e+02 -2.1359e+00 +3.1031e+00
438 0 +2.800447874e-09 +1.830100000e+02 +1.830100000e+02 -2.1360e+00 +3.1033e+00
% f evaluations | g evaluations | best noise-free fitness - Fopt (1.835200000000e+02) + sum g_i+ | measured fitness | best measured fitness or single-digit g-values | x1 | x2...
1 0 +1.561834197e+01 +1.991383420e+02 +1.991383420e+02 +5.9671e-01 -3.8264e-02
3 0 +1.450944309e+01 +1.980294431e+02 +1.980294431e+02 -1.3415e-01 -1.3414e-01
6 0 +1.290368735e+01 +1.964236874e+02 +1.964236874e+02 -3.6342e-01 -3.6573e-01
7 0 +4.661922506e+00 +1.881819225e+02 +1.881819225e+02 +3.4196e-01 -1.8133e+00
13 0 +4.392647813e+00 +1.879126478e+02 +1.879126478e+02 +5.2593e-01 -1.9185e+00
15 0 +3.139079713e+00 +1.866590797e+02 +1.866590797e+02 -7.1015e-01 -2.3091e+00
21 0 +2.186113842e+00 +1.857061138e+02 +1.857061138e+02 -1.2860e+00 -4.7081e+00
22 0 +1.346893654e+00 +1.848668937e+02 +1.848668937e+02 -1.1796e+00 -4.0188e+00
23 0 +6.703358703e-01 +1.841903359e+02 +1.841903359e+02 -3.7263e-01 -4.6813e+00
24 0 +4.857129314e-03 +1.835248571e+02 +1.835248571e+02 +4.7323e-02 -3.9313e+00
93 0 +2.691513682e-03 +1.835226915e+02 +1.835226915e+02 -7.3086e-02 -3.9480e+00
116 0 +1.881247455e-03 +1.835218812e+02 +1.835218812e+02 -1.4271e-02 -3.9843e+00
121 0 +1.782592359e-03 +1.835217826e+02 +1.835217826e+02 -5.6291e-02 -3.9657e+00
123 0 +3.369420162e-05 +1.835200337e+02 +1.835200337e+02 -2.6047e-02 -3.9379e+00
187 0 +2.471403047e-05 +1.835200247e+02 +1.835200247e+02 -1.7964e-02 -3.9450e+00
228 0 +2.245988375e-05 +1.835200225e+02 +1.835200225e+02 -2.5963e-02 -3.9434e+00
314 0 +2.747066816e-06 +1.835200027e+02 +1.835200027e+02 -1.9969e-02 -3.9413e+00
% f evaluations | g evaluations | best noise-free fitness - Fopt (-5.938400000000e+02) + sum g_i+ | measured fitness | best measured fitness or single-digit g-values | x1 | x2...
1 0 +1.004314513e+01 -5.837968549e+02 -5.837968549e+02 +5.9671e-01 -3.8264e-02
3 0 +5.983629405e+00 -5.878563706e+02 -5.878563706e+02 -1.3415e-01 -1.3414e-01
5 0 +5.141032151e+00 -5.886989678e+02 -5.886989678e+02 -3.6947e-01 +6.4256e-01
6 0 +5.078959763e+00 -5.887610402e+02 -5.887610402e+02 -3.6342e-01 -3.6573e-01
8 0 +1.202325403e+00 -5.926376746e+02 -5.926376746e+02 -1.6249e+00 -4.6229e-01
15 0 +2.705634920e-01 -5.935694365e+02 -5.935694365e+02 -2.6546e+00 -4.1877e-01
42 0 +1.057463518e-01 -5.937342536e+02 -5.937342536e+02 -2.7533e+00 +3.6275e-01
65 0 +4.928466719e-03 -5.938350715e+02 -5.938350715e+02 -2.5380e+00 +1.5710e-01
94 0 +5.634095288e-04 -5.938394366e+02 -5.938394366e+02 -2.5735e+00 +1.1781e-01
132 0 +2.191975943e-05 -5.938399781e+02 -5.938399781e+02 -2.5652e+00 +9.2844e-02
204 0 +1.466899516e-05 -5.938399853e+02 -5.938399853e+02 -2.5714e+00 +9.1017e-02
205 0 +1.320993601e-05 -5.938399868e+02 -5.938399868e+02 -2.5712e+00 +9.1118e-02
207 0 +5.284550525e-06 -5.938399947e+02 -5.938399947e+02 -2.5704e+00 +9.2262e-02
226 0 +2.269006018e-06 -5.938399977e+02 -5.938399977e+02 -2.5705e+00 +9.5608e-02
250 0 +7.084003073e-07 -5.938399993e+02 -5.938399993e+02 -2.5704e+00 +9.4440e-02
259 0 +4.231428647e-07 -5.938399996e+02 -5.938399996e+02 -2.5692e+00 +9.4880e-02
265 0 +9.154075542e-08 -5.938399999e+02 -5.938399999e+02 -2.5699e+00 +9.4370e-02
304 0 +6.314189704e-08 -5.938399999e+02 -5.938399999e+02 -2.5698e+00 +9.4573e-02
306 0 +5.052015695e-09 -5.938400000e+02 -5.938400000e+02 -2.5696e+00 +9.4470e-02
% f evaluations | g evaluations | best noise-free fitness - Fopt (-1.000000000000e+03) + sum g_i+ | measured fitness | best measured fitness or single-digit g-values | x1 | x2...
1 0 +3.485321908e+01 -9.651467809e+02 -9.651467809e+02 +5.9671e-01 -3.8264e-02
2 0 +2.604813246e+01 -9.739518675e+02 -9.739518675e+02 +7.4769e-01 +1.6230e+00
5 0 +2.237241022e+01 -9.776275898e+02 -9.776275898e+02 -3.6947e-01 +6.4256e-01
9 0 +2.041070622e+01 -9.795892938e+02 -9.795892938e+02 -9.1283e-01 +4.1425e-01
11 0 +9.675322052e+00 -9.903246779e+02 -9.903246779e+02 -2.3720e+00 +1.1122e+00
21 0 +1.206586085e-02 -9.999879341e+02 -9.999879341e+02 -3.8186e+00 +3.9599e+00
86 0 +9.554582071e-03 -9.999904454e+02 -9.999904454e+02 -3.7468e+00 +3.8689e+00
101 0 +5.680818677e-03 -9.999943192e+02 -9.999943192e+02 -3.9184e+00 +3.8475e+00
120 0 +2.311824411e-03 -9.999976882e+02 -9.999976882e+02 -3.8716e+00 +3.8140e+00
147 0 +6.833888083e-04 -9.999993166e+02 -9.999993166e+02 -3.8693e+00 +3.8514e+00
174 0 +2.099868235e-04 -9.999997900e+02 -9.999997900e+02 -3.8548e+00 +3.8441e+00
175 0 +1.098943202e-04 -9.999998901e+02 -9.999998901e+02 -3.8536e+00 +3.8542e+00
204 0 +5.826828726e-05 -9.999999417e+02 -9.999999417e+02 -3.8458e+00 +3.8456e+00
205 0 +3.995889642e-06 -9.999999960e+02 -9.999999960e+02 -3.8438e+00 +3.8547e+00
253 0 +3.620460802e-07 -9.999999996e+02 -9.999999996e+02 -3.8434e+00 +3.8522e+00
323 0 +3.278315717e-07 -9.999999997e+02 -9.999999997e+02 -3.8434e+00 +3.8522e+00
329 0 +3.480568012e-08 -1.000000000e+03 -1.000000000e+03 -3.8431e+00 +3.8527e+00
363 0 +3.817945071e-09 -1.000000000e+03 -1.000000000e+03 -3.8433e+00 +3.8528e+00
% f evaluations | g evaluations | best noise-free fitness - Fopt (-2.531000000000e+01) + sum g_i+ | measured fitness | best measured fitness or single-digit g-values | x1 | x2...
1 0 +2.100137736e+01 -4.308622644e+00 -4.308622644e+00 +5.9671e-01 -3.8264e-02
2 0 +1.105166959e+01 -1.425833041e+01 -1.425833041e+01 +7.4769e-01 +1.6230e+00
4 0 +1.030679432e+01 -1.500320568e+01 -1.500320568e+01 +1.6792e+00 +8.6743e-01
11 0 +1.192238398e+00 -2.411776160e+01 -2.411776160e+01 +3.3590e+00 +2.4464e+00
21 0 +1.011270585e+00 -2.429872942e+01 -2.429872942e+01 +3.9271e+00 +4.4279e+00
23 0 +1.928520687e-01 -2.511714793e+01 -2.511714793e+01 +3.8120e+00 +3.2588e+00
41 0 +6.633935242e-02 -2.524366065e+01 -2.524366065e+01 +3.6470e+00 +3.3469e+00
51 0 +2.073225780e-02 -2.528926774e+01 -2.528926774e+01 +3.3269e+00 +3.5573e+00
71 0 +2.144369743e-03 -2.530785563e+01 -2.530785563e+01 +3.4278e+00 +3.5113e+00
126 0 +1.945626710e-03 -2.530805437e+01 -2.530805437e+01 +3.4734e+00 +3.5767e+00
136 0 +5.256140411e-05 -2.530994744e+01 -2.530994744e+01 +3.4630e+00 +3.5284e+00
170 0 +4.377889734e-06 -2.530999562e+01 -2.530999562e+01 +3.4706e+00 +3.5338e+00
297 0 +2.960949381e-06 -2.530999704e+01 -2.530999704e+01 +3.4687e+00 +3.5311e+00
337 0 +2.811434818e-07 -2.530999972e+01 -2.530999972e+01 +3.4684e+00 +3.5331e+00
400 0 +2.002885182e-07 -2.530999980e+01 -2.530999980e+01 +3.4692e+00 +3.5329e+00
