% f evaluations | g evaluations | best noise-free fitness - Fopt (1.491500000000e+02) + sum g_i+ | measured fitness | best measured fitness or single-digit g-values | x1 | x2...
1 0 +1.589879163e+03 +1.739029163e+03 +1.739029163e+03 +5.9671e-01 -3.8264e-02 +7.4769e-01 +1.6230e+00 -1.3415e-01
4 0 +1.459283928e+03 +1.608433928e+03 +1.608433928e+03 -4.6229e-01 -9.1283e-01 +4.1425e-01 -8.0802e-01 -1.3123e+00
9 0 +1.233032610e+03 +1.382182610e+03 +1.382182610e+03 +8.3847e-01 +2.7137e-01 -1.5648e-02 -2.0110e-01 -1.3785e+00
13 0 +8.127868237e+02 +9.619368237e+02 +9.619368237e+02 -3.7917e-01 -8.5659e-02 -1.0063e+00 -1.0962e+00 +9.1253e-01
21 0 +7.176775228e+02 +8.668275228e+02 +8.668275228e+02 -1.3154e+00 -3.2065e-01 -2.4271e-01 -7.0228e-01 -6.1286e-02
23 0 +2.345660033e+02 +3.837160033e+02 +3.837160033e+02 -1.8188e+00 +7.3486e-02 +1.6023e-01 +2.5632e+00 -9.2361e-02
47 0 +8.676617348e+01 +2.359161735e+02 +2.359161735e+02 -1.9578e+00 -6.6525e-01 +5.5724e-02 +2.6191e+00 -4.0657e-01
257 0 +6.446368253e+01 +2.136136825e+02 +2.136136825e+02 -1.6398e+00 -1.3092e+00 -1.3163e+00 +9.4426e-01 -3.1021e+00
274 0 +4.178926203e+01 +1.909392620e+02 +1.909392620e+02 -1.9872e+00 -7.3600e-01 -5.4715e-01 +1.1170e+00 -3.1091e+00
341 0 +3.334313726e+01 +1.824931373e+02 +1.824931373e+02 -1.4385e+00 -9.1911e-01 -7.2060e-01 +5.4470e-01 -3.4117e+00
361 0 +6.617200172e+00 +1.557672002e+02 +1.557672002e+02 -1.0839e+00 -1.2759e+00 -1.0534e+00 +9.5070e-01 -3.7830e+00
494 0 +5.888402073e+00 +1.550384021e+02 +1.550384021e+02 -1.3077e+00 -1.2762e+00 -9.2311e-01 +8.7389e-01 -3.8488e+00
518 0 +5.743056044e+00 +1.548930560e+02 +1.548930560e+02 -1.4028e+00 -1.1697e+00 -9.7802e-01 +8.9281e-01 -3.6701e+00
532 0 +5.645881403e+00 +1.547958814e+02 +1.547958814e+02 -1.1917e+00 -1.3903e+00 -1.0637e+00 +8.1719e-01 -3.7625e+00
537 0 +4.939130952e+00 +1.540891310e+02 +1.540891310e+02 -1.2464e+00 -1.3211e+00 -1.0190e+00 +8.5589e-01 -3.7964e+00
543 0 +4.716441577e+00 +1.538664416e+02 +1.538664416e+02 -1.1849e+00 -1.3824e+00 -9.4069e-01 +8.3077e-01 -3.7768e+00
604 0 +4.481624450e+00 +1.536316244e+02 +1.536316244e+02 -1.0569e+00 -1.4159e+00 -1.0029e+00 +8.7923e-01 -3.7115e+00
620 0 +4.286938989e+00 +1.534369390e+02 +1.534369390e+02 -9.6357e-01 -1.3099e+00 -9.4998e-01 +8.3141e-01 -3.7818e+00
650 0 +4.168229281e+00 +1.533182293e+02 +1.533182293e+02 -7.7423e-01 -1.2348e+00 -1.0099e+00 +9.0606e-01 -3.7011e+00
748 0 +3.964917010e+00 +1.531149170e+02 +1.531149170e+02 -7.0943e-01 -1.2599e+00 -9.3413e-01 +9.2770e-01 -3.6756e+00
772 0 +3.756668416e+00 +1.529066684e+02 +1.529066684e+02 -7.8015e-01 -1.2397e+00 -9.6801e-01 +8.1576e-01 -3.7323e+00
775 0 +3.681723310e+00 +1.528317233e+02 +1.528317233e+02 -8.4340e-01 -1.2856e+00 -9.8392e-01 +8.5297e-01 -3.7140e+00
808 0 +3.553746128e+00 +1.527037461e+02 +1.527037461e+02 -8.0262e-01 -1.3146e+00 -9.6960e-01 +8.9322e-01 -3.7468e+00
811 0 +3.537107324e+00 +1.526871073e+02 +1.526871073e+02 -7.2846e-01 -1.2287e+00 -9.7719e-01 +8.3533e-01 -3.7745e+00
826 0 +3.316626598e+00 +1.524666266e+02 +1.524666266e+02 -7.1014e-01 -1.2718e+00 -9.5296e-01 +8.4991e-01 -3.7121e+00
927 0 +3.281962016e+00 +1.524319620e+02 +1.524319620e+02 -6.4771e-01 -1.2342e+00 -9.7614e-01 +8.2932e-01 -3.7317e+00
980 0 +3.247631166e+00 +1.523976312e+02 +1.523976312e+02 -7.2398e-01 -1.2544e+00 -9.6358e-01 +8.6710e-01 -3.7124e+00
1006 0 +3.213507852e+00 +1.523635079e+02 +1.523635079e+02 -6.6085e-01 -1.2152e+00 -9.9106e-01 +8.6362e-01 -3.7301e+00
1031 0 +3.149502439e+00 +1.522995024e+02 +1.522995024e+02 -6.6486e-01 -1.2417e+00 -9.4951e-01 +8.7430e-01 -3.7340e+00
1035 0 +2.993771333e+00 +1.521437713e+02 +1.521437713e+02 -6.4084e-01 -1.1895e+00 -9.5693e-01 +8.4645e-01 -3.7340e+00
1053 0 +2.986160171e+00 +1.521361602e+02 +1.521361602e+02 -5.4635e-01 -1.1481e+00 -9.5209e-01 +8.7786e-01 -3.7277e+00
1064 0 +2.967939221e+00 +1.521179392e+02 +1.521179392e+02 -5.7074e-01 -1.1656e+00 -9.5824e-01 +8.6001e-01 -3.7380e+00
1104 0 +2.788304128e+00 +1.519383041e+02 +1.519383041e+02 -4.2546e-01 -9.9512e-01 -8.9818e-01 +8.8822e-01 -3.7455e+00
1181 0 +2.007409143e+00 +1.511574091e+02 +1.511574091e+02 -3.3290e-01 -8.8080e-01 -7.3224e-01 +8.9684e-01 -3.7084e+00
