% f evaluations | g evaluations | best noise-free fitness - Fopt (-1.000000000000e+03) + sum g_i+ | measured fitness | best measured fitness or single-digit g-values | x1 | x2...
1 0 +4.403845593e+01 -9.559615441e+02 -9.559615441e+02 +5.9671e-01 -3.8264e-02
2 0 +2.144233245e+00 -9.978557668e+02 -9.978557668e+02 +7.4769e-01 +1.6230e+00
59 0 +3.679012615e-01 -9.996320987e+02 -9.996320987e+02 +9.7489e-01 +1.2952e+00
% f evaluations | g evaluations | best noise-free fitness - Fopt (1.000000000000e+03) + sum g_i+ | measured fitness | best measured fitness or single-digit g-values | x1 | x2...
1 0 +9.032727769e+00 +1.009032728e+03 +1.009032728e+03 +5.9671e-01 -3.8264e-02
7 0 +1.427404897e+00 +1.001427405e+03 +1.001427405e+03 +3.4196e-01 -1.8133e+00
10 0 +1.412772851e-02 +1.000014128e+03 +1.000014128e+03 -8.0802e-01 -1.3123e+00
80 0 +3.683896562e-03 +1.000003684e+03 +1.000003684e+03 -1.4800e+00 -1.0031e+00
89 0 +2.821222015e-03 +1.000002821e+03 +1.000002821e+03 -1.0722e+00 -1.2440e+00
98 0 +1.822846343e-06 +1.000000002e+03 +1.000000002e+03 -6.6314e-01 -1.4337e+00
191 0 +2.123556442e-09 +1.000000000e+03 +1.000000000e+03 -6.9364e-01 -1.4138e+00
334 0 +1.136868377e-13 +1.000000000e+03 +1.000000000e+03 -7.1278e-01 -1.4040e+00
369 0 +0.000000000e+00 +1.000000000e+03 +1.000000000e+03 -7.1409e-01 -1.4033e+00
% f evaluations | g evaluations | best noise-free fitness - Fopt (-4.913000000000e+01) + sum g_i+ | measured fitness | best measured fitness or single-digit g-values | x1 | x2...
1 0 +4.998857520e+01 +8.585752008e-01 +8.585752008e-01 +5.9671e-01 -3.8264e-02
2 0 +1.983033245e+01 -2.929966755e+01 -2.929966755e+01 +7.4769e-01 +1.6230e+00
7 0 +2.510464149e+00 -4.661953585e+01 -4.661953585e+01 +3.4196e-01 -1.8133e+00
11 0 +1.302939964e+00 -4.782706004e+01 -4.782706004e+01 +7.7159e-01 -1.8102e+00
74 0 +1.110329582e+00 -4.801967042e+01 -4.801967042e+01 +8.1715e-01 -1.8335e+00
82 0 +8.018661128e-01 -4.832813389e+01 -4.832813389e+01 +1.0408e+00 -2.0747e+00
91 0 +7.089150387e-01 -4.842108496e+01 -4.842108496e+01 +9.2963e-01 -2.0028e+00
126 0 +7.014580076e-01 -4.842854199e+01 -4.842854199e+01 +8.8547e-01 -2.0909e+00
132 0 +7.012862527e-01 -4.842871375e+01 -4.842871375e+01 +9.2480e-01 -2.0925e+00
133 0 +6.998388565e-01 -4.843016114e+01 -4.843016114e+01 +9.2238e-01 -2.0899e+00
136 0 +6.927713693e-01 -4.843722863e+01 -4.843722863e+01 +8.9607e-01 -2.0471e+00
164 0 +6.919298479e-01 -4.843807015e+01 -4.843807015e+01 +9.0759e-01 -2.0507e+00
229 0 +6.918684606e-01 -4.843813154e+01 -4.843813154e+01 +9.0622e-01 -2.0531e+00
283 0 +6.918590623e-01 -4.843814094e+01 -4.843814094e+01 +9.0724e-01 -2.0538e+00
% f evaluations | g evaluations | best noise-free fitness - Fopt (2.977300000000e+02) + sum g_i+ | measured fitness | best measured fitness or single-digit g-values | x1 | x2...
1 0 +5.441405698e+01 +3.521440570e+02 +3.521440570e+02 +5.9671e-01 -3.8264e-02
2 0 +5.007336706e+01 +3.478033671e+02 +3.478033671e+02 +7.4769e-01 +1.6230e+00
3 0 +4.381194867e+01 +3.415419487e+02 +3.415419487e+02 -1.3415e-01 -1.3414e-01
4 0 +2.584368248e+01 +3.235736825e+02 +3.235736825e+02 +1.6792e+00 +8.6743e-01
5 0 +2.015718473e+01 +3.178871847e+02 +3.178871847e+02 -3.6947e-01 +6.4256e-01
10 0 +6.598501453e+00 +3.043285015e+02 +3.043285015e+02 -8.0802e-01 -1.3123e+00
11 0 +3.147488732e+00 +3.008774887e+02 +3.008774887e+02 -1.3650e+00 -1.5868e+00
31 0 +2.735815319e+00 +3.004658153e+02 +3.004658153e+02 -2.0675e+00 -1.7780e+00
82 0 +2.626018205e+00 +3.003560182e+02 +3.003560182e+02 -1.9401e+00 -1.7533e+00
97 0 +2.603096153e+00 +3.003330962e+02 +3.003330962e+02 -1.8500e+00 -1.7303e+00
131 0 +2.594885178e+00 +3.003248852e+02 +3.003248852e+02 -1.8568e+00 -1.7642e+00
135 0 +2.592340056e+00 +3.003223401e+02 +3.003223401e+02 -1.8735e+00 -1.7581e+00
200 0 +2.590825608e+00 +3.003208256e+02 +3.003208256e+02 -1.8476e+00 -1.7528e+00
202 0 +2.590672343e+00 +3.003206723e+02 +3.003206723e+02 -1.8512e+00 -1.7511e+00
253 0 +2.590637102e+00 +3.003206371e+02 +3.003206371e+02 -1.8398e+00 -1.7492e+00
256 0 +2.590556909e+00 +3.003205569e+02 +3.003205569e+02 -1.8454e+00 -1.7493e+00
297 0 +2.590549206e+00 +3.003205492e+02 +3.003205492e+02 -1.8423e+00 -1.7485e+00
% f evaluations | g evaluations | best noise-free fitness - Fopt (5.157000000000e+01) + sum g_i+ | measured fitness | best measured fitness or single-digit g-values | x1 | x2...
1 0 +7.184275721e+01 +1.234127572e+02 +1.234127572e+02 +5.9671e-01 -3.8264e-02
2 0 +1.087557893e+01 +6.244557893e+01 +6.244557893e+01 +7.4769e-01 +1.6230e+00
16 0 +5.712186118e+00 +5.728218612e+01 +5.728218612e+01 -2.8918e-02 +1.3314e+00
17 0 +2.609741075e+00 +5.417974108e+01 +5.417974108e+01 -1.7434e-01 +1.3286e+00
25 0 +1.651436728e-01 +5.173514367e+01 +5.173514367e+01 +7.1480e-01 +1.8196e+00
69 0 +7.148017192e-02 +5.164148017e+01 +5.164148017e+01 +9.2533e-01 +1.8360e+00
77 0 +2.982243913e-02 +5.159982244e+01 +5.159982244e+01 +7.2853e-01 +1.8710e+00
81 0 +2.335807806e-02 +5.159335808e+01 +5.159335808e+01 +9.5223e-01 +1.8018e+00
85 0 +1.517032699e-02 +5.158517033e+01 +5.158517033e+01 +1.0571e+00 +1.7512e+00
93 0 +1.006183686e-02 +5.158006184e+01 +5.158006184e+01 +1.1019e+00 +1.7023e+00
102 0 +8.114243542e-03 +5.157811424e+01 +5.157811424e+01 +1.1309e+00 +1.6904e+00
116 0 +7.641791403e-03 +5.157764179e+01 +5.157764179e+01 +1.1321e+00 +1.7041e+00
121 0 +3.899039396e-03 +5.157389904e+01 +5.157389904e+01 +1.2299e+00 +1.6551e+00
144 0 +3.231646533e-03 +5.157323165e+01 +5.157323165e+01 +1.4085e+00 +1.5629e+00
161 0 +1.729160666e-03 +5.157172916e+01 +5.157172916e+01 +1.4112e+00 +1.5756e+00
187 0 +1.283797989e-03 +5.157128380e+01 +5.157128380e+01 +1.4815e+00 +1.5337e+00
189 0 +9.692823762e-04 +5.157096928e+01 +5.157096928e+01 +1.4868e+00 +1.5366e+00
271 0 +7.729253324e-04 +5.157077293e+01 +5.157077293e+01 +1.5544e+00 +1.5115e+00
281 0 +5.982030612e-04 +5.157059820e+01 +5.157059820e+01 +1.5876e+00 +1.4923e+00
282 0 +4.190431261e-04 +5.157041904e+01 +5.157041904e+01 +1.6241e+00 +1.4837e+00
284 0 +2.835042071e-04 +5.157028350e+01 +5.157028350e+01 +1.6838e+00 +1.4595e+00
301 0 +6.931023177e-05 +5.157006931e+01 +5.157006931e+01 +1.8573e+00 +1.3830e+00
316 0 +3.366006181e-05 +5.157003366e+01 +5.157003366e+01 +1.8942e+00 +1.3660e+00
323 0 +4.368161527e-06 +5.157000437e+01 +5.157000437e+01 +2.0860e+00 +1.2795e+00
337 0 +1.728297924e-06 +5.157000173e+01 +5.157000173e+01 +2.0427e+00 +1.2889e+00
348 0 +3.757339897e-07 +5.157000038e+01 +5.157000038e+01 +2.1484e+00 +1.2451e+00
352 0 +8.196884949e-09 +5.157000001e+01 +5.157000001e+01 +2.0464e+00 +1.2915e+00
408 0 +8.171241461e-13 +5.157000000e+01 +5.157000000e+01 +2.0793e+00 +1.2771e+00
% f evaluations | g evaluations | best noise-free fitness - Fopt (1.527100000000e+02) + sum g_i+ | measured fitness | best measured fitness or single-digit g-values | x1 | x2...
1 0 +6.415095784e+01 +2.168609578e+02 +2.168609578e+02 +5.9671e-01 -3.8264e-02
2 0 +3.427211695e+01 +1.869821170e+02 +1.869821170e+02 +7.4769e-01 +1.6230e+00
3 0 +3.203681350e+01 +1.847468135e+02 +1.847468135e+02 -1.3415e-01 -1.3414e-01
5 0 +1.576653803e+01 +1.684765380e+02 +1.684765380e+02 -3.6947e-01 +6.4256e-01
8 0 +1.393335122e+01 +1.666433512e+02 +1.666433512e+02 -1.6249e+00 -4.6229e-01
9 0 +8.014698294e+00 +1.607246983e+02 +1.607246983e+02 -9.1283e-01 +4.1425e-01
11 0 +7.529084565e+00 +1.602390846e+02 +1.602390846e+02 -1.3983e+00 +3.5962e-01
52 0 +7.500946831e+00 +1.602109468e+02 +1.602109468e+02 -1.1689e+00 +6.6145e-01
55 0 +7.450505148e+00 +1.601605051e+02 +1.601605051e+02 -1.1288e+00 +3.2977e-01
64 0 +7.365267472e+00 +1.600752675e+02 +1.600752675e+02 -1.3073e+00 +3.4797e-01
77 0 +7.333318736e+00 +1.600433187e+02 +1.600433187e+02 -1.1389e+00 +5.3383e-01
81 0 +7.295511317e+00 +1.600055113e+02 +1.600055113e+02 -1.2067e+00 +3.8745e-01
83 0 +7.291604146e+00 +1.600016041e+02 +1.600016041e+02 -1.2102e+00 +5.0864e-01
91 0 +7.289839621e+00 +1.599998396e+02 +1.599998396e+02 -1.2523e+00 +4.0201e-01
93 0 +7.274904030e+00 +1.599849040e+02 +1.599849040e+02 -1.2131e+00 +4.7269e-01
112 0 +7.272196756e+00 +1.599821968e+02 +1.599821968e+02 -1.2052e+00 +4.5585e-01
129 0 +7.271686209e+00 +1.599816862e+02 +1.599816862e+02 -1.2105e+00 +4.4893e-01
169 0 +7.271646456e+00 +1.599816465e+02 +1.599816465e+02 -1.2129e+00 +4.5075e-01
179 0 +7.271635622e+00 +1.599816356e+02 +1.599816356e+02 -1.2129e+00 +4.4801e-01
229 0 +7.271629304e+00 +1.599816293e+02 +1.599816293e+02 -1.2129e+00 +4.4902e-01
% f evaluations | g evaluations | best noise-free fitness - Fopt (9.980000000000e+01) + sum g_i+ | measured fitness | best measured fitness or single-digit g-values | x1 | x2...
1 0 +6.730470470e+01 +1.671047047e+02 +1.671047047e+02 +5.9671e-01 -3.8264e-02
2 0 +2.565168917e+01 +1.254516892e+02 +1.254516892e+02 +7.4769e-01 +1.6230e+00
3 0 +5.770424859e+00 +1.055704249e+02 +1.055704249e+02 -1.3415e-01 -1.3414e-01
5 0 +2.942223957e+00 +1.027422240e+02 +1.027422240e+02 -3.6947e-01 +6.4256e-01
9 0 +1.989917941e+00 +1.017899179e+02 +1.017899179e+02 -9.1283e-01 +4.1425e-01
13 0 +1.291625120e-01 +9.992916251e+01 +9.992916251e+01 -9.6356e-01 +5.9029e-01
31 0 +2.011848208e-02 +9.982011848e+01 +9.982011848e+01 -9.8884e-01 +5.1723e-01
49 0 +9.668420728e-03 +9.980966842e+01 +9.980966842e+01 -1.4136e+00 +3.0614e-01
62 0 +3.257032122e-03 +9.980325703e+01 +9.980325703e+01 -1.4964e+00 +2.8876e-01
162 0 +2.447452560e-03 +9.980244745e+01 +9.980244745e+01 -1.5642e+00 +2.6606e-01
182 0 +3.251092538e-04 +9.980032511e+01 +9.980032511e+01 -1.7974e+00 +1.4942e-01
192 0 +5.984365599e-05 +9.980005984e+01 +9.980005984e+01 -1.9514e+00 +8.1934e-02
194 0 +2.356923147e-05 +9.980002357e+01 +9.980002357e+01 -2.0702e+00 +2.2810e-02
236 0 +6.517151988e-06 +9.980000652e+01 +9.980000652e+01 -2.0783e+00 +2.6245e-02
243 0 +5.797829346e-07 +9.980000058e+01 +9.980000058e+01 -2.1546e+00 -8.4967e-03
292 0 +4.721269420e-08 +9.980000005e+01 +9.980000005e+01 -2.2464e+00 -5.0271e-02
293 0 +1.644279735e-08 +9.980000002e+01 +9.980000002e+01 -2.2528e+00 -5.3629e-02
308 0 +7.451305351e-09 +9.980000001e+01 +9.980000001e+01 -2.2316e+00 -4.4114e-02
368 0 +0.000000000e+00 +9.980000000e+01 +9.980000000e+01 -2.2333e+00 -4.6007e-02
% f evaluations | g evaluations | best noise-free fitness - Fopt (-1.194100000000e+02) + sum g_i+ | measured fitness | best measured fitness or single-digit g-values | x1 | x2...
1 0 +4.927087867e+00 -1.144829121e+02 -1.144829121e+02 +5.9671e-01 -3.8264e-02
3 0 +2.079236804e+00 -1.173307632e+02 -1.173307632e+02 -1.3415e-01 -1.3414e-01
4 0 +4.887625289e-01 -1.189212375e+02 -1.189212375e+02 +1.6792e+00 +8.6743e-01
5 0 +5.875878939e-02 -1.193512412e+02 -1.193512412e+02 -3.6947e-01 +6.4256e-01
24 0 +5.844473230e-02 -1.193515553e+02 -1.193515553e+02 +4.2445e-02 +6.8720e-01
41 0 +2.530171910e-03 -1.194074698e+02 -1.194074698e+02 -5.1691e-01 +5.7187e-01
91 0 +1.454170604e-03 -1.194085458e+02 -1.194085458e+02 -5.7374e-01 +5.6918e-01
121 0 +1.255222319e-03 -1.194087448e+02 -1.194087448e+02 -5.8569e-01 +5.6530e-01
132 0 +1.230353808e-03 -1.194087696e+02 -1.194087696e+02 -6.3483e-01 +5.6647e-01
143 0 +9.209618815e-04 -1.194090790e+02 -1.194090790e+02 -7.0464e-01 +5.5740e-01
157 0 +8.910559428e-04 -1.194091089e+02 -1.194091089e+02 -6.7774e-01 +5.4900e-01
163 0 +2.667005930e-04 -1.194097333e+02 -1.194097333e+02 -8.1944e-01 +5.3158e-01
178 0 +2.328155815e-04 -1.194097672e+02 -1.194097672e+02 -8.4290e-01 +5.3243e-01
182 0 +1.950057262e-04 -1.194098050e+02 -1.194098050e+02 -9.5572e-01 +5.0640e-01
187 0 +1.351996516e-04 -1.194098648e+02 -1.194098648e+02 -9.0314e-01 +5.2442e-01
208 0 +1.124211718e-04 -1.194098876e+02 -1.194098876e+02 -9.1711e-01 +5.1820e-01
209 0 +2.497701372e-05 -1.194099750e+02 -1.194099750e+02 -1.0332e+00 +5.0468e-01
212 0 +6.599409318e-06 -1.194099934e+02 -1.194099934e+02 -1.2755e+00 +4.6565e-01
221 0 +3.630687686e-06 -1.194099964e+02 -1.194099964e+02 -1.3600e+00 +4.6405e-01
222 0 +3.632881374e-07 -1.194099996e+02 -1.194099996e+02 -1.3481e+00 +4.6310e-01
223 0 +1.150114315e-08 -1.194100000e+02 -1.194100000e+02 -1.2471e+00 +4.7463e-01
284 0 +3.076664257e-09 -1.194100000e+02 -1.194100000e+02 -1.3018e+00 +4.6801e-01
437 0 +0.000000000e+00 -1.194100000e+02 -1.194100000e+02 -1.2756e+00 +4.7146e-01
% f evaluations | g evaluations | best noise-free fitness - Fopt (1.077000000000e+01) + sum g_i+ | measured fitness | best measured fitness or single-digit g-values | x1 | x2...
1 0 +2.205906833e+01 +3.282906833e+01 +3.282906833e+01 +5.9671e-01 -3.8264e-02
3 0 +1.981494487e+00 +1.275149449e+01 +1.275149449e+01 -1.3415e-01 -1.3414e-01
6 0 +1.578183807e+00 +1.234818381e+01 +1.234818381e+01 -3.6342e-01 -3.6573e-01
22 0 +1.043196729e+00 +1.181319673e+01 +1.181319673e+01 -1.0418e+00 -9.7894e-01
40 0 +9.138929908e-01 +1.168389299e+01 +1.168389299e+01 -1.1056e+00 -1.2543e+00
62 0 +7.233833869e-01 +1.149338339e+01 +1.149338339e+01 -9.2059e-01 -9.3269e-01
71 0 +6.992865530e-01 +1.146928655e+01 +1.146928655e+01 -9.2007e-01 -9.5742e-01
84 0 +6.933671805e-01 +1.146336718e+01 +1.146336718e+01 -9.4376e-01 -9.9490e-01
131 0 +6.925479188e-01 +1.146254792e+01 +1.146254792e+01 -9.6129e-01 -1.0080e+00
186 0 +6.923392008e-01 +1.146233920e+01 +1.146233920e+01 -9.8493e-01 -1.0416e+00
188 0 +6.921362032e-01 +1.146213620e+01 +1.146213620e+01 -9.8522e-01 -1.0350e+00
199 0 +6.918854991e-01 +1.146188550e+01 +1.146188550e+01 -9.7702e-01 -1.0279e+00
248 0 +6.918667104e-01 +1.146186671e+01 +1.146186671e+01 -9.7776e-01 -1.0299e+00
285 0 +6.918576247e-01 +1.146185762e+01 +1.146185762e+01 -9.7467e-01 -1.0265e+00
% f evaluations | g evaluations | best noise-free fitness - Fopt (2.137000000000e+01) + sum g_i+ | measured fitness | best measured fitness or single-digit g-values | x1 | x2...
1 0 +3.098509816e+01 +5.235509816e+01 +5.235509816e+01 +5.9671e-01 -3.8264e-02
3 0 +3.234835134e+00 +2.460483513e+01 +2.460483513e+01 -1.3415e-01 -1.3414e-01
21 0 +2.081107804e+00 +2.345110780e+01 +2.345110780e+01 -1.4227e-01 +1.0738e-01
22 0 +2.014219159e+00 +2.338421916e+01 +2.338421916e+01 -4.9408e-01 -3.3870e-01
27 0 +1.747598110e+00 +2.311759811e+01 +2.311759811e+01 +2.1279e-01 +2.4944e-01
29 0 +5.664419579e-01 +2.193644196e+01 +2.193644196e+01 +3.2548e-01 +4.7558e-01
34 0 +4.984632260e-01 +2.186846323e+01 +2.186846323e+01 +4.6903e-01 +5.7670e-01
71 0 +4.190478618e-01 +2.178904786e+01 +2.178904786e+01 +6.8075e-01 +8.0397e-01
95 0 +3.130170126e-01 +2.168301701e+01 +2.168301701e+01 +8.1389e-01 +8.9183e-01
121 0 +1.457087413e-01 +2.151570874e+01 +2.151570874e+01 +1.0522e+00 +1.1255e+00
143 0 +7.401964726e-02 +2.144401965e+01 +2.144401965e+01 +1.3396e+00 +1.4116e+00
162 0 +3.918065893e-02 +2.140918066e+01 +2.140918066e+01 +1.6099e+00 +1.6972e+00
172 0 +4.800961578e-03 +2.137480096e+01 +2.137480096e+01 +1.9995e+00 +2.0554e+00
231 0 +1.832843678e-03 +2.137183284e+01 +2.137183284e+01 +2.2004e+00 +2.2214e+00
232 0 +8.147401284e-04 +2.137081474e+01 +2.137081474e+01 +2.2855e+00 +2.3250e+00
262 0 +8.074800833e-05 +2.137008075e+01 +2.137008075e+01 +2.7318e+00 +2.7270e+00
264 0 +3.080128013e-05 +2.137003080e+01 +2.137003080e+01 +2.5059e+00 +2.5207e+00
293 0 +2.642977382e-05 +2.137002643e+01 +2.137002643e+01 +2.5477e+00 +2.5735e+00
301 0 +9.242166612e-06 +2.137000924e+01 +2.137000924e+01 +2.8185e+00 +2.8270e+00
316 0 +9.156335068e-08 +2.137000009e+01 +2.137000009e+01 +2.7216e+00 +2.7327e+00
357 0 +8.826034303e-08 +2.137000009e+01 +2.137000009e+01 +2.7235e+00 +2.7341e+00
359 0 +2.087009676e-08 +2.137000002e+01 +2.137000002e+01 +2.6537e+00 +2.6659e+00
368 0 +2.729144910e-09 +2.137000000e+01 +2.137000000e+01 +2.6734e+00 +2.6866e+00
435 0 +5.435651929e-13 +2.137000000e+01 +2.137000000e+01 +2.6791e+00 +2.6910e+00
