% f evaluations | g evaluations | best noise-free fitness - Fopt (-6.211100000000e+02) + sum g_i+ | measured fitness | best measured fitness or single-digit g-values | x1 | x2...
1 0 +6.295856703e+07 +6.295794592e+07 +6.295794592e+07 +5.9671e-01 -3.8264e-02 +7.4769e-01 +1.6230e+00 -1.3415e-01
2 0 +2.089017495e+07 +2.088955384e+07 +2.088955384e+07 -1.3414e-01 +1.6792e+00 +8.6743e-01 -3.6947e-01 +6.4256e-01
7 0 +1.510354235e+07 +1.510292124e+07 +1.510292124e+07 -5.0171e-01 +1.9523e+00 +8.6503e-02 -9.5771e-01 +9.2254e-01
32 0 +1.249081482e+07 +1.249019371e+07 +1.249019371e+07 +3.6553e-01 +1.0110e+00 -8.8475e-01 -3.3274e+00 +3.8766e-01
33 0 +1.122256774e+07 +1.122194663e+07 +1.122194663e+07 +7.4223e-01 +2.0962e+00 -1.3631e+00 -2.4077e+00 +6.4022e-01
45 0 +6.312119712e+06 +6.311498602e+06 +6.311498602e+06 -9.3346e-01 +3.4876e+00 -1.1426e+00 -2.7228e+00 +1.3793e+00
76 0 +2.630577079e+06 +2.629955969e+06 +2.629955969e+06 +2.9234e-01 +4.0967e+00 -9.6030e-01 -3.5489e+00 +1.0354e-01
88 0 +9.537304311e+05 +9.531093211e+05 +9.531093211e+05 -9.3882e-01 +4.5223e+00 +2.8325e+00 -4.7210e+00 +9.5385e-01
107 0 +6.073289494e+05 +6.067078394e+05 +6.067078394e+05 -5.8352e-01 +3.5229e+00 +3.1168e+00 -4.6337e+00 +1.6302e+00
191 0 +2.933757663e+05 +2.927546563e+05 +2.927546563e+05 -4.8751e-01 +3.9169e+00 +1.7440e+00 -3.9238e+00 +4.4856e-01
239 0 +2.414536319e+05 +2.408325219e+05 +2.408325219e+05 -6.2429e-01 +3.9642e+00 +3.2883e-01 -4.2376e+00 -5.8284e-01
276 0 +1.871418974e+05 +1.865207874e+05 +1.865207874e+05 -4.4757e-01 +3.9421e+00 +2.0121e+00 -4.2901e+00 +3.6485e-01
279 0 +6.231722854e+04 +6.169611854e+04 +6.169611854e+04 -6.4417e-01 +3.8844e+00 +1.3770e+00 -4.0566e+00 +6.2362e-02
291 0 +4.722439953e+04 +4.660328953e+04 +4.660328953e+04 -7.5872e-01 +3.6003e+00 +1.9328e+00 -4.2662e+00 +2.0145e-01
525 0 +3.925393102e+04 +3.863282102e+04 +3.863282102e+04 -8.9552e-01 +4.0082e+00 +1.9945e-01 -3.8354e+00 -2.1816e-01
535 0 +3.898822267e+03 +3.277712267e+03 +3.277712267e+03 -9.0812e-01 +3.9034e+00 +7.6589e-01 -3.9366e+00 -1.9973e-01
675 0 +3.795557953e+03 +3.174447953e+03 +3.174447953e+03 -1.0750e+00 +4.2454e+00 -1.3987e+00 -3.3814e+00 -1.3147e+00
727 0 +1.472147082e+03 +8.510370818e+02 +8.510370818e+02 -1.1219e+00 +4.4032e+00 -2.0909e+00 -3.1342e+00 -1.6602e+00
805 0 +9.358032877e+02 +3.146932877e+02 +3.146932877e+02 -1.0586e+00 +4.2089e+00 -9.0030e-01 -3.4589e+00 -1.0749e+00
835 0 +6.262119410e+02 +5.101941032e+00 +5.101941032e+00 -9.3852e-01 +4.0739e+00 -1.1680e-01 -3.7019e+00 -6.2069e-01
965 0 +4.563911407e+02 -1.647188593e+02 -1.647188593e+02 -1.0240e+00 +4.1999e+00 -9.0618e-01 -3.4644e+00 -1.0419e+00
1019 0 +3.041566946e+02 -3.169533054e+02 -3.169533054e+02 -9.9322e-01 +4.1279e+00 -5.3912e-01 -3.5921e+00 -8.6398e-01
1082 0 +2.194457498e+02 -4.016642502e+02 -4.016642502e+02 -1.1513e+00 +4.4283e+00 -2.2294e+00 -3.1057e+00 -1.7870e+00
1086 0 +1.365855091e+02 -4.845244909e+02 -4.845244909e+02 -1.1528e+00 +4.4084e+00 -2.1004e+00 -3.1409e+00 -1.7017e+00
1088 0 +1.364610618e+02 -4.846489382e+02 -4.846489382e+02 -1.1387e+00 +4.4005e+00 -2.0231e+00 -3.1691e+00 -1.6680e+00
1089 0 +8.653889446e+01 -5.345711055e+02 -5.345711055e+02 -1.1423e+00 +4.4061e+00 -2.0252e+00 -3.1689e+00 -1.6646e+00
1096 0 +5.793976116e+01 -5.631702388e+02 -5.631702388e+02 -1.1293e+00 +4.3917e+00 -1.9585e+00 -3.1845e+00 -1.6153e+00
1173 0 +3.707667868e+01 -5.840333213e+02 -5.840333213e+02 -1.0964e+00 +4.3133e+00 -1.4709e+00 -3.3191e+00 -1.3520e+00
1214 0 +1.055477333e+01 -6.105552267e+02 -6.105552267e+02 -1.0646e+00 +4.2477e+00 -1.1527e+00 -3.4109e+00 -1.1753e+00
