% f evaluations | g evaluations | best noise-free fitness - Fopt (1.491500000000e+02) + sum g_i+ | measured fitness | best measured fitness or single-digit g-values | x1 | x2...
1 0 +1.589879163e+03 +1.739029163e+03 +1.739029163e+03 +5.9671e-01 -3.8264e-02 +7.4769e-01 +1.6230e+00 -1.3415e-01
4 0 +1.459283928e+03 +1.608433928e+03 +1.608433928e+03 -4.6229e-01 -9.1283e-01 +4.1425e-01 -8.0802e-01 -1.3123e+00
9 0 +1.233032610e+03 +1.382182610e+03 +1.382182610e+03 +8.3847e-01 +2.7137e-01 -1.5648e-02 -2.0110e-01 -1.3785e+00
13 0 +8.127868237e+02 +9.619368237e+02 +9.619368237e+02 -3.7917e-01 -8.5659e-02 -1.0063e+00 -1.0962e+00 +9.1253e-01
21 0 +7.176775228e+02 +8.668275228e+02 +8.668275228e+02 -1.3154e+00 -3.2065e-01 -2.4271e-01 -7.0228e-01 -6.1286e-02
23 0 +2.345660033e+02 +3.837160033e+02 +3.837160033e+02 -1.8188e+00 +7.3486e-02 +1.6023e-01 +2.5632e+00 -9.2361e-02
47 0 +8.676617348e+01 +2.359161735e+02 +2.359161735e+02 -1.9578e+00 -6.6525e-01 +5.5724e-02 +2.6191e+00 -4.0657e-01
83 0 +3.751376682e+01 +1.866637668e+02 +1.866637668e+02 -1.9676e-01 -9.1400e-01 -7.0613e-01 +5.8774e-01 -3.2750e+00
138 0 +2.773477361e+01 +1.768847736e+02 +1.768847736e+02 -1.7277e+00 -1.3732e+00 -1.0835e+00 +8.6493e-01 -3.7482e+00
171 0 +1.961742867e+01 +1.687674287e+02 +1.687674287e+02 -8.4534e-01 -1.4755e+00 -9.8940e-01 +8.9984e-01 -4.0991e+00
412 0 +1.681396411e+01 +1.659639641e+02 +1.659639641e+02 -3.0268e-01 -9.6712e-01 -1.1063e+00 +9.6477e-01 -3.5678e+00
423 0 +9.438864548e+00 +1.585888645e+02 +1.585888645e+02 -4.5739e-01 -9.9049e-01 -7.5570e-01 +1.0733e+00 -3.4858e+00
459 0 +5.691884767e+00 +1.548418848e+02 +1.548418848e+02 -4.7362e-01 -9.6951e-01 -7.9707e-01 +1.0348e+00 -3.5967e+00
479 0 +4.932877881e+00 +1.540828779e+02 +1.540828779e+02 -5.1975e-01 -1.0023e+00 -8.5235e-01 +8.3616e-01 -3.8685e+00
579 0 +4.509566674e+00 +1.536595667e+02 +1.536595667e+02 -4.8753e-01 -1.0051e+00 -7.4263e-01 +9.2255e-01 -3.8392e+00
590 0 +3.498649640e+00 +1.526486496e+02 +1.526486496e+02 -6.0446e-01 -1.1589e+00 -9.7737e-01 +9.0467e-01 -3.6868e+00
628 0 +2.773174155e+00 +1.519231742e+02 +1.519231742e+02 -3.3112e-01 -8.9662e-01 -7.7890e-01 +8.8937e-01 -3.8090e+00
630 0 +2.708473212e+00 +1.518584732e+02 +1.518584732e+02 -3.7678e-01 -9.5250e-01 -8.1156e-01 +9.5087e-01 -3.7528e+00
680 0 +2.588525948e+00 +1.517385259e+02 +1.517385259e+02 -4.0391e-01 -1.0021e+00 -8.2112e-01 +8.9512e-01 -3.7560e+00
688 0 +2.417846903e+00 +1.515678469e+02 +1.515678469e+02 -3.5712e-01 -8.7249e-01 -7.9767e-01 +8.9464e-01 -3.7554e+00
757 0 +1.957815194e+00 +1.511078152e+02 +1.511078152e+02 -2.4949e-01 -7.4136e-01 -5.8365e-01 +9.4703e-01 -3.6830e+00
763 0 +1.846413015e+00 +1.509964130e+02 +1.509964130e+02 -3.0918e-01 -8.1361e-01 -6.1169e-01 +1.0221e+00 -3.7244e+00
769 0 +1.570265911e+00 +1.507202659e+02 +1.507202659e+02 -2.7383e-01 -7.5292e-01 -5.5477e-01 +1.0255e+00 -3.7455e+00
816 0 +1.512597596e+00 +1.506625976e+02 +1.506625976e+02 -2.8781e-01 -7.4557e-01 -5.6549e-01 +1.0108e+00 -3.7358e+00
840 0 +1.429834603e+00 +1.505798346e+02 +1.505798346e+02 -2.4129e-01 -7.4771e-01 -5.9004e-01 +1.0095e+00 -3.7230e+00
914 0 +1.279387663e+00 +1.504293877e+02 +1.504293877e+02 -1.6991e-01 -5.8304e-01 -4.1560e-01 +1.1945e+00 -3.6659e+00
978 0 +1.114194501e+00 +1.502641945e+02 +1.502641945e+02 -2.2844e-01 -6.6124e-01 -4.9861e-01 +1.0877e+00 -3.6983e+00
1102 0 +1.108697818e+00 +1.502586978e+02 +1.502586978e+02 -2.2811e-01 -6.8768e-01 -5.3017e-01 +1.0689e+00 -3.7011e+00
1119 0 +1.088667000e+00 +1.502386670e+02 +1.502386670e+02 -2.4133e-01 -6.9316e-01 -5.2685e-01 +1.0623e+00 -3.6873e+00
1146 0 +1.047614832e+00 +1.501976148e+02 +1.501976148e+02 -2.0697e-01 -6.4332e-01 -4.6559e-01 +1.0929e+00 -3.7022e+00
1199 0 +1.009015940e+00 +1.501590159e+02 +1.501590159e+02 -2.0617e-01 -6.5093e-01 -4.8327e-01 +1.0832e+00 -3.6864e+00
1215 0 +1.007406523e+00 +1.501574065e+02 +1.501574065e+02 -2.2716e-01 -6.7390e-01 -5.0174e-01 +1.0777e+00 -3.6852e+00
1227 0 +9.704773174e-01 +1.501204773e+02 +1.501204773e+02 -1.9839e-01 -6.2443e-01 -4.1617e-01 +1.1379e+00 -3.6797e+00
1229 0 +7.959384344e-01 +1.499459384e+02 +1.499459384e+02 -1.8883e-01 -6.2259e-01 -4.2350e-01 +1.1579e+00 -3.6607e+00
