% f evaluations | g evaluations | best noise-free fitness - Fopt (4.078000000000e+01) + sum g_i+ | measured fitness | best measured fitness or single-digit g-values | x1 | x2...
1 0 +6.971655738e+01 +1.104965574e+02 +1.104965574e+02 +5.9671e-01 -3.8264e-02 +7.4769e-01 +1.6230e+00 -1.3415e-01
2 0 +1.678455227e+01 +5.756455227e+01 +5.756455227e+01 -1.3414e-01 +1.6792e+00 +8.6743e-01 -3.6947e-01 +6.4256e-01
7 0 +9.459257437e+00 +5.023925744e+01 +5.023925744e+01 -5.0171e-01 +1.9523e+00 +8.6503e-02 -9.5771e-01 +9.2254e-01
29 0 +8.217408410e+00 +4.899740841e+01 +4.899740841e+01 -1.6181e+00 +1.2580e+00 +1.0198e+00 -1.4276e+00 +1.9688e+00
91 0 +7.006605935e+00 +4.778660594e+01 +4.778660594e+01 -1.9272e+00 +2.3505e+00 +1.0112e+00 -1.9951e+00 +3.8357e-01
95 0 +6.199338479e+00 +4.697933848e+01 +4.697933848e+01 -2.4378e+00 +1.8635e+00 +1.2364e+00 -1.6618e+00 +2.5019e-01
137 0 +2.363654136e+00 +4.314365414e+01 +4.314365414e+01 -2.2346e+00 +8.0410e-01 +7.8220e-01 -1.4104e+00 +9.7114e-01
152 0 +2.007177765e+00 +4.278717777e+01 +4.278717777e+01 -1.9614e+00 +1.6346e+00 +5.8915e-01 -1.4764e+00 +9.6930e-01
273 0 +1.706759547e+00 +4.248675955e+01 +4.248675955e+01 -1.5825e+00 +1.1985e+00 +5.8401e-01 -1.8076e+00 +7.3646e-01
296 0 +1.660704413e+00 +4.244070441e+01 +4.244070441e+01 -1.6409e+00 +1.0885e+00 +5.9072e-01 -1.5504e+00 +8.3227e-01
313 0 +1.506495606e+00 +4.228649561e+01 +4.228649561e+01 -1.8288e+00 +1.0446e+00 +5.3341e-01 -1.5926e+00 +4.5200e-01
347 0 +1.437121079e+00 +4.221712108e+01 +4.221712108e+01 -1.6313e+00 +1.3617e+00 +4.0026e-01 -1.6012e+00 +4.5500e-01
386 0 +1.421075443e+00 +4.220107544e+01 +4.220107544e+01 -1.5671e+00 +1.2910e+00 +5.1799e-01 -1.3673e+00 +5.7169e-01
432 0 +1.403851416e+00 +4.218385142e+01 +4.218385142e+01 -1.6480e+00 +1.0806e+00 +4.9380e-01 -1.4834e+00 +5.7763e-01
439 0 +1.398212278e+00 +4.217821228e+01 +4.217821228e+01 -1.7690e+00 +1.2135e+00 +4.6714e-01 -1.4656e+00 +7.1827e-01
441 0 +1.380433936e+00 +4.216043394e+01 +4.216043394e+01 -1.6804e+00 +1.2026e+00 +5.4855e-01 -1.4410e+00 +3.7969e-01
456 0 +1.334950243e+00 +4.211495024e+01 +4.211495024e+01 -1.7912e+00 +1.1332e+00 +5.2316e-01 -1.5373e+00 +4.9456e-01
475 0 +1.284378892e+00 +4.206437889e+01 +4.206437889e+01 -1.8148e+00 +1.2407e+00 +5.4496e-01 -1.4820e+00 +5.3702e-01
632 0 +1.266558328e+00 +4.204655833e+01 +4.204655833e+01 -1.6732e+00 +1.2392e+00 +5.0934e-01 -1.4706e+00 +5.4742e-01
658 0 +1.265696767e+00 +4.204569677e+01 +4.204569677e+01 -1.7222e+00 +1.2764e+00 +5.7402e-01 -1.5256e+00 +6.0936e-01
685 0 +1.258542079e+00 +4.203854208e+01 +4.203854208e+01 -1.6973e+00 +1.2178e+00 +5.5499e-01 -1.5008e+00 +5.7273e-01
706 0 +1.254572848e+00 +4.203457285e+01 +4.203457285e+01 -1.6996e+00 +1.2847e+00 +5.6466e-01 -1.4852e+00 +5.4400e-01
732 0 +1.248675406e+00 +4.202867541e+01 +4.202867541e+01 -1.7303e+00 +1.2508e+00 +5.3744e-01 -1.5158e+00 +5.1802e-01
765 0 +1.246367067e+00 +4.202636707e+01 +4.202636707e+01 -1.7156e+00 +1.2703e+00 +5.2891e-01 -1.5182e+00 +5.4029e-01
832 0 +1.245905182e+00 +4.202590518e+01 +4.202590518e+01 -1.7183e+00 +1.2617e+00 +5.2979e-01 -1.5175e+00 +5.5062e-01
910 0 +1.245895808e+00 +4.202589581e+01 +4.202589581e+01 -1.7132e+00 +1.2671e+00 +5.4878e-01 -1.5198e+00 +5.4962e-01
932 0 +1.245674574e+00 +4.202567457e+01 +4.202567457e+01 -1.7106e+00 +1.2595e+00 +5.3628e-01 -1.5156e+00 +5.3844e-01
949 0 +1.245407139e+00 +4.202540714e+01 +4.202540714e+01 -1.7232e+00 +1.2602e+00 +5.4368e-01 -1.5177e+00 +5.4715e-01
1013 0 +1.245317194e+00 +4.202531719e+01 +4.202531719e+01 -1.7196e+00 +1.2588e+00 +5.4060e-01 -1.5205e+00 +5.4590e-01
1072 0 +1.245309302e+00 +4.202530930e+01 +4.202530930e+01 -1.7192e+00 +1.2608e+00 +5.4306e-01 -1.5181e+00 +5.4187e-01
1242 0 +1.245296313e+00 +4.202529631e+01 +4.202529631e+01 -1.7186e+00 +1.2576e+00 +5.4338e-01 -1.5188e+00 +5.4495e-01
