% f evaluations | g evaluations | best noise-free fitness - Fopt (-5.494000000000e+01) + sum g_i+ | measured fitness | best measured fitness or single-digit g-values | x1 | x2...
1 0 +9.852913834e+06 +9.852858894e+06 +9.852858894e+06 +5.9671e-01 -3.8264e-02 +7.4769e-01 +1.6230e+00 -1.3415e-01
2 0 +2.715223623e+06 +2.715168683e+06 +2.715168683e+06 -1.3414e-01 +1.6792e+00 +8.6743e-01 -3.6947e-01 +6.4256e-01
7 0 +9.085897748e+05 +9.085348348e+05 +9.085348348e+05 -5.0171e-01 +1.9523e+00 +8.6503e-02 -9.5771e-01 +9.2254e-01
8 0 +5.441882390e+05 +5.441332990e+05 +5.441332990e+05 -1.1208e+00 +3.0886e-01 -1.8597e+00 -1.2282e+00 +2.9686e-01
26 0 +4.522883120e+05 +4.522333720e+05 +4.522333720e+05 -2.0816e+00 -1.4199e+00 -7.8373e-01 +1.8969e-01 +1.1948e+00
39 0 +3.267387314e+05 +3.266837914e+05 +3.266837914e+05 -2.0818e+00 +7.1466e-01 +8.4203e-02 +1.1541e+00 +4.3822e-01
48 0 +1.792481817e+05 +1.791932417e+05 +1.791932417e+05 -2.5319e+00 +4.6175e-01 -2.0024e-01 +1.3819e+00 +2.4808e-01
63 0 +1.773494156e+05 +1.772944756e+05 +1.772944756e+05 -2.1162e+00 -2.6369e+00 -3.2044e+00 +1.8076e+00 +2.8805e-01
71 0 +4.678609869e+04 +4.673115869e+04 +4.673115869e+04 -8.7155e-01 +2.0732e+00 -1.7769e+00 +1.1557e+00 +6.6700e-01
92 0 +3.600813618e+04 +3.595319618e+04 +3.595319618e+04 -7.4106e-01 +1.9839e+00 -7.1268e-03 +1.4581e+00 +3.2640e+00
115 0 +2.921606353e+04 +2.916112353e+04 +2.916112353e+04 -2.1672e+00 +1.8574e+00 +9.4428e-01 +3.7048e+00 +1.5329e+00
219 0 +1.888092042e+04 +1.882598042e+04 +1.882598042e+04 -1.4687e+00 +1.2789e+00 -7.1798e-01 +3.2564e+00 +1.6029e+00
226 0 +3.756854994e+03 +3.701914994e+03 +3.701914994e+03 -3.5439e+00 -2.6694e-01 +2.0711e+00 +4.1540e+00 +2.1253e+00
301 0 +2.634071890e+03 +2.579131890e+03 +2.579131890e+03 -2.1841e+00 -2.9272e-01 -6.8876e-02 +3.6720e+00 +2.3568e+00
345 0 +3.419830466e+02 +2.870430466e+02 +2.870430466e+02 -2.9465e+00 -1.3098e+00 -5.5708e-01 +4.2553e+00 +1.4050e+00
424 0 +1.293215792e+02 +7.438157924e+01 +7.438157924e+01 -2.6135e+00 -9.8921e-01 -1.4483e-01 +3.8988e+00 +2.1615e+00
426 0 +7.969395621e+01 +2.475395621e+01 +2.475395621e+01 -2.2268e+00 -1.5185e+00 -7.8716e-01 +3.6773e+00 +2.5828e+00
569 0 +1.936583989e+01 -3.557416011e+01 -3.557416011e+01 -9.7542e-01 -1.6115e+00 -1.8630e+00 +2.7984e+00 +3.7133e+00
671 0 +8.186889869e+00 -4.675311013e+01 -4.675311013e+01 -1.6073e+00 -1.5199e+00 -1.4141e+00 +3.2697e+00 +3.0171e+00
841 0 +6.591637856e+00 -4.834836214e+01 -4.834836214e+01 -1.7500e+00 -1.4481e+00 -1.2910e+00 +3.3627e+00 +2.8400e+00
881 0 +2.548040848e+00 -5.239195915e+01 -5.239195915e+01 -2.2409e+00 -1.4795e+00 -1.0746e+00 +3.7300e+00 +2.2557e+00
903 0 +1.959460239e+00 -5.298053976e+01 -5.298053976e+01 -1.7202e+00 -1.5248e+00 -1.4346e+00 +3.3457e+00 +2.8065e+00
908 0 +8.961258489e-01 -5.404387415e+01 -5.404387415e+01 -1.9032e+00 -1.5429e+00 -1.3220e+00 +3.4803e+00 +2.6276e+00
952 0 +4.901077586e-01 -5.444989224e+01 -5.444989224e+01 -1.9436e+00 -1.5093e+00 -1.2642e+00 +3.5085e+00 +2.5911e+00
1112 0 +2.720996441e-01 -5.466790036e+01 -5.466790036e+01 -1.8236e+00 -1.5291e+00 -1.3575e+00 +3.4226e+00 +2.7150e+00
1143 0 +2.474414152e-01 -5.469255858e+01 -5.469255858e+01 -1.7533e+00 -1.5319e+00 -1.4161e+00 +3.3675e+00 +2.7760e+00
1173 0 +1.247520301e-01 -5.481524797e+01 -5.481524797e+01 -1.6709e+00 -1.4969e+00 -1.3776e+00 +3.2999e+00 +2.9263e+00
1197 0 +5.745316485e-02 -5.488254684e+01 -5.488254684e+01 -1.7803e+00 -1.5069e+00 -1.3566e+00 +3.3837e+00 +2.7706e+00
