% f evaluations | g evaluations | best noise-free fitness - Fopt (-5.465000000000e+02) + sum g_i+ | measured fitness | best measured fitness or single-digit g-values | x1 | x2...
1 0 +1.091501498e+04 +1.036851498e+04 +1.036851498e+04 +5.9671e-01 -3.8264e-02 +7.4769e-01 +1.6230e+00 -1.3415e-01 -1.3414e-01 +1.6792e+00 +8.6743e-01 -3.6947e-01 +6.4256e-01
3 0 +6.956514406e+03 +6.410014406e+03 +6.410014406e+03 +1.5656e+00 -1.2578e-01 +1.6753e-01 -1.3247e+00 -4.4438e-01 +2.1092e-01 -1.0510e+00 +4.7570e-01 -5.0064e-01 -1.9169e-01
9 0 +6.157488920e+03 +5.610988920e+03 +5.610988920e+03 -1.1967e-01 +4.5711e-01 +1.5779e+00 -4.1827e-01 -7.0849e-01 -4.0176e-01 +1.0154e+00 +4.2875e-01 -4.2976e-01 +6.1327e-01
18 0 +3.447284546e+03 +2.900784546e+03 +2.900784546e+03 -7.8951e-01 -7.1581e-01 +2.2898e-02 +4.4115e-01 +3.7669e-01 +9.2718e-01 +1.1300e-01 +1.5535e+00 -1.6466e-01 +2.8202e+00
24 0 +5.978157034e+02 +5.131570342e+01 +5.131570342e+01 -6.3037e-01 +3.1646e-01 +1.4557e-01 -5.5160e-01 +2.2439e+00 +7.3392e-01 -1.9251e+00 +2.8645e-01 -5.6179e-01 +9.5243e-01
52 0 +9.954119694e+00 -5.365458803e+02 -5.365458803e+02 -1.2769e+00 +8.4533e-01 -4.5672e-01 -1.4700e+00 +2.0726e+00 +4.7355e-02 -1.5670e+00 +2.4479e+00 -1.4005e+00 +1.0637e+00
125 0 +5.381392528e+00 -5.411186075e+02 -5.411186075e+02 +2.1575e+00 +3.0177e-01 +1.9617e+00 +9.1048e-01 +1.9165e+00 -1.9032e+00 -1.0315e+00 +2.2048e+00 -6.5446e-01 +1.3499e+00
201 0 +5.255101239e+00 -5.412448988e+02 -5.412448988e+02 +2.4940e+00 -6.8841e-01 +8.2788e-01 +4.2603e-01 +9.5061e-02 -3.2087e-01 -2.2520e+00 +1.3623e+00 -1.6442e+00 +1.5217e+00
302 0 +3.689775408e+00 -5.428102246e+02 -5.428102246e+02 +6.9874e-01 +1.4722e+00 +6.3785e-04 -1.4317e+00 +9.2158e-02 -2.0941e-01 -1.8189e+00 +1.3640e+00 -9.7185e-01 +1.4483e+00
443 0 +3.673448400e+00 -5.428265516e+02 -5.428265516e+02 +5.2086e-01 -1.1439e-01 +1.6730e+00 +1.2101e-01 +1.5982e+00 -7.6614e-01 -2.0410e+00 +1.6204e+00 -1.6072e+00 +2.1323e+00
449 0 +3.591613916e+00 -5.429083861e+02 -5.429083861e+02 +1.0004e-01 +1.4176e+00 -5.8714e-01 -1.9217e+00 +5.6120e-01 -7.9784e-01 -2.5412e+00 +1.1856e+00 -1.9431e+00 +1.5847e+00
455 0 +2.831713342e+00 -5.436682867e+02 -5.436682867e+02 +1.8040e+00 +9.5210e-01 +9.4721e-01 -2.5166e+00 -1.4005e-01 -6.8009e-01 -2.4389e+00 +1.2908e+00 -1.5075e+00 +1.9117e+00
883 0 +2.692507894e+00 -5.438074921e+02 -5.438074921e+02 +7.7808e-01 +1.6664e+00 -4.4710e-01 -1.9611e+00 +4.8619e-01 -2.4658e+00 -3.0892e-01 +1.4669e+00 -2.1747e+00 +1.2094e+00
1976 0 +2.408451692e+00 -5.440915483e+02 -5.440915483e+02 +1.4619e+00 +2.2570e+00 +1.2293e+00 -9.7347e-01 +1.6629e+00 -2.2542e+00 -3.8182e-01 +1.0622e+00 -2.2887e+00 +1.5231e+00
% f evaluations | g evaluations | best noise-free fitness - Fopt (1.000000000000e+03) + sum g_i+ | measured fitness | best measured fitness or single-digit g-values | x1 | x2...
1 0 +2.325706448e+04 +2.425706448e+04 +2.425706448e+04 +5.9671e-01 -3.8264e-02 +7.4769e-01 +1.6230e+00 -1.3415e-01 -1.3414e-01 +1.6792e+00 +8.6743e-01 -3.6947e-01 +6.4256e-01
2 0 +1.392651808e+02 +1.139265181e+03 +1.139265181e+03 -3.6342e-01 -3.6573e-01 +3.4196e-01 -1.8133e+00 -1.6249e+00 -4.6229e-01 -9.1283e-01 +4.1425e-01 -8.0802e-01 -1.3123e+00
51 0 +9.946097022e+01 +1.099460970e+03 +1.099460970e+03 -1.2700e+00 +9.2943e-01 +6.6387e-01 +6.7251e-01 -1.3999e-01 +2.2474e+00 +5.9224e-02 +1.3193e+00 -2.3722e+00 -1.3597e+00
59 0 +5.555109897e+01 +1.055551099e+03 +1.055551099e+03 -1.6693e-01 -7.7958e-01 -7.2085e-01 -1.0681e+00 -1.6835e+00 +9.9702e-02 -1.8490e+00 +8.5219e-01 -6.3336e-01 -1.3028e+00
205 0 +1.939575598e+01 +1.019395756e+03 +1.019395756e+03 +8.0665e-01 +1.6452e+00 +5.7373e-01 -3.0587e+00 -1.2108e+00 +2.2988e+00 -8.8299e-01 +4.4761e-01 -8.9908e-01 -1.7015e+00
305 0 +4.907363161e+00 +1.004907363e+03 +1.004907363e+03 +2.1020e+00 +8.0907e-01 +3.8407e-01 -2.3523e+00 -1.6684e+00 +1.9355e+00 -1.6086e+00 +1.4268e+00 -1.2852e+00 -1.2775e+00
315 0 +4.856709700e+00 +1.004856710e+03 +1.004856710e+03 +2.2286e+00 +7.6894e-01 -6.6936e-01 -1.8740e+00 -1.6613e+00 +1.0126e+00 -1.2301e+00 +1.4924e+00 -1.0877e+00 -2.1311e+00
353 0 +4.703421369e+00 +1.004703421e+03 +1.004703421e+03 +3.4555e-01 +1.6568e+00 -3.5675e-01 -1.1997e+00 -1.8946e+00 +6.4941e-01 -1.1330e+00 +1.7338e+00 -1.3018e+00 -1.3016e+00
373 0 +4.640171727e+00 +1.004640172e+03 +1.004640172e+03 -1.1660e+00 +2.0070e+00 -8.2464e-02 -4.3920e-01 -1.7536e+00 +1.3044e+00 -2.4914e+00 +1.5308e+00 -1.5059e+00 -2.3859e+00
390 0 +3.975437645e+00 +1.003975438e+03 +1.003975438e+03 +6.8722e-01 +7.7955e-01 -8.7141e-01 -2.0167e+00 -1.6131e+00 +9.9773e-01 -7.4118e-01 +2.3069e+00 -1.6725e+00 -1.8025e+00
402 0 +3.812987237e+00 +1.003812987e+03 +1.003812987e+03 -1.4106e-01 -7.6092e-01 -7.6759e-01 -8.6125e-01 -1.8271e+00 +1.4144e+00 -1.7462e+00 +1.1527e+00 -7.8025e-01 -1.2892e+00
411 0 +3.775958232e+00 +1.003775958e+03 +1.003775958e+03 +7.8058e-01 -5.1356e-01 +2.8969e-01 -5.8006e-01 -3.5431e-01 +4.1781e-01 -1.9841e+00 +1.6953e+00 -1.3181e+00 -1.1959e+00
425 0 +3.669239067e+00 +1.003669239e+03 +1.003669239e+03 +4.1600e-01 +1.2843e-01 -6.5358e-02 -1.0583e+00 -1.3000e+00 +1.0230e+00 -5.9884e-01 +1.0055e+00 -2.4446e+00 -1.4688e+00
433 0 +3.445016740e+00 +1.003445017e+03 +1.003445017e+03 +1.5194e+00 +1.2244e+00 -9.6096e-02 -1.8459e+00 -1.3688e+00 +2.1345e+00 -1.3901e+00 +1.1609e+00 -2.0100e+00 -1.2522e+00
437 0 +2.948011837e+00 +1.002948012e+03 +1.002948012e+03 +4.9551e-01 -3.5937e-01 -4.1247e-02 +2.2411e-01 -9.8464e-01 +2.2532e+00 -2.0546e+00 +2.0716e+00 -1.7563e+00 -7.6110e-01
1802 0 +2.703640666e+00 +1.002703641e+03 +1.002703641e+03 +7.0408e-01 +2.8683e+00 +8.6597e-01 -4.1237e-01 -1.8315e-01 +1.1580e+00 -2.3599e+00 +4.3701e-01 -1.6631e+00 -1.9227e+00
1981 0 +2.510783788e+00 +1.002510784e+03 +1.002510784e+03 +1.5204e+00 +2.1327e+00 +7.7535e-01 -1.2637e+00 -1.1968e-01 +8.0087e-01 -2.3793e+00 +5.1093e-01 -1.6551e+00 -1.4142e+00
% f evaluations | g evaluations | best noise-free fitness - Fopt (2.083800000000e+02) + sum g_i+ | measured fitness | best measured fitness or single-digit g-values | x1 | x2...
1 0 +1.446765782e+03 +1.655145782e+03 +1.655145782e+03 +5.9671e-01 -3.8264e-02 +7.4769e-01 +1.6230e+00 -1.3415e-01 -1.3414e-01 +1.6792e+00 +8.6743e-01 -3.6947e-01 +6.4256e-01
16 0 +8.295707060e+02 +1.037950706e+03 +1.037950706e+03 +3.5049e-01 +4.4645e-01 -5.8002e-01 +3.3225e-01 +3.9307e-01 -6.1435e-01 +1.9658e+00 +5.7383e-01 -1.0913e+00 +7.5655e-01
18 0 +6.442848808e+02 +8.526648808e+02 +8.526648808e+02 -7.8951e-01 -7.1581e-01 +2.2898e-02 +4.4115e-01 +3.7669e-01 +9.2718e-01 +1.1300e-01 +1.5535e+00 -1.6466e-01 +2.8202e+00
51 0 +1.652481364e+02 +3.736281364e+02 +3.736281364e+02 -4.9098e-01 +2.2225e-01 -5.4145e-01 +7.8358e-01 +1.7265e+00 -3.9331e-01 +2.7194e+00 +1.9298e+00 -2.4903e+00 +2.1099e+00
53 0 +1.539059551e+02 +3.622859551e+02 +3.622859551e+02 -4.4544e-01 -2.0604e-01 +5.7613e-01 +8.0401e-01 +3.4302e-01 -1.8151e-01 +4.2747e-01 +6.5414e-01 -1.2372e+00 +2.1040e+00
55 0 +6.781030641e+01 +2.761903064e+02 +2.761903064e+02 -9.8585e-01 +7.7489e-01 +3.8498e-01 +2.9341e-01 -4.0571e-01 +2.2382e+00 +1.6621e+00 +2.4360e-01 -1.2731e+00 +2.2821e+00
58 0 +1.299145296e+01 +2.213714530e+02 +2.213714530e+02 -1.2990e+00 -1.4352e+00 +1.3107e+00 +4.9784e-01 -3.4270e-01 +1.5060e+00 +2.0944e+00 +5.3103e-01 -1.0203e+00 +2.4273e+00
62 0 +3.386702504e+00 +2.117667025e+02 +2.117667025e+02 +1.3824e+00 +1.3354e+00 -5.5352e-01 +2.1905e-01 +9.3740e-01 +1.8492e+00 +6.0598e-01 +7.1878e-01 -1.2844e+00 +1.9821e+00
381 0 +3.132678097e+00 +2.115126781e+02 +2.115126781e+02 +1.4856e+00 +4.7567e-01 +9.5857e-01 +5.6277e-01 +3.9439e-01 +1.5367e+00 +4.2327e-01 +2.0279e+00 -1.9954e+00 +2.1318e+00
458 0 +2.935797908e+00 +2.113157979e+02 +2.113157979e+02 -1.1264e+00 +4.6098e-01 +2.4451e+00 +1.9734e+00 +9.2640e-01 +1.4832e+00 +1.4467e+00 +1.1482e+00 -7.0310e-01 +1.7585e+00
511 0 +2.716866562e+00 +2.110968666e+02 +2.110968666e+02 +2.4902e-01 +1.0131e+00 +2.4571e+00 +2.0388e-01 +3.7964e-01 +1.5854e+00 +1.6983e+00 +2.2788e+00 -1.6664e+00 +1.6351e+00
846 0 +2.692090751e+00 +2.110720908e+02 +2.110720908e+02 -4.2042e-01 +6.8472e-01 +2.4606e+00 +2.0494e+00 +7.8414e-01 +6.2129e-01 +8.1187e-01 +1.6140e+00 -1.8559e+00 +1.7531e+00
1223 0 +2.539253142e+00 +2.109192531e+02 +2.109192531e+02 -1.0637e+00 +8.6601e-01 +2.4767e+00 +2.0350e+00 +1.4590e+00 +1.1414e+00 +7.7770e-01 +2.0999e+00 -1.4652e+00 +2.2945e+00
1330 0 +2.492594192e+00 +2.108725942e+02 +2.108725942e+02 +9.7049e-02 -6.1551e-01 +2.6000e+00 +1.8491e+00 +8.3612e-01 +1.0927e+00 +6.3422e-01 +2.4983e+00 -1.2346e+00 +2.2886e+00
1439 0 +2.261069852e+00 +2.106410699e+02 +2.106410699e+02 -3.7674e-01 +3.8991e-01 +1.6006e+00 +2.1571e+00 +1.0773e+00 +9.4869e-01 +6.8419e-01 +2.4611e+00 -1.6081e+00 +2.2304e+00
% f evaluations | g evaluations | best noise-free fitness - Fopt (-1.449600000000e+02) + sum g_i+ | measured fitness | best measured fitness or single-digit g-values | x1 | x2...
1 0 +1.212691302e+04 +1.198195302e+04 +1.198195302e+04 +5.9671e-01 -3.8264e-02 +7.4769e-01 +1.6230e+00 -1.3415e-01 -1.3414e-01 +1.6792e+00 +8.6743e-01 -3.6947e-01 +6.4256e-01
3 0 +6.562005178e+03 +6.417045178e+03 +6.417045178e+03 +1.5656e+00 -1.2578e-01 +1.6753e-01 -1.3247e+00 -4.4438e-01 +2.1092e-01 -1.0510e+00 +4.7570e-01 -5.0064e-01 -1.9169e-01
18 0 +1.007615379e+03 +8.626553795e+02 +8.626553795e+02 -7.8951e-01 -7.1581e-01 +2.2898e-02 +4.4115e-01 +3.7669e-01 +9.2718e-01 +1.1300e-01 +1.5535e+00 -1.6466e-01 +2.8202e+00
51 0 +7.040913792e+02 +5.591313792e+02 +5.591313792e+02 +1.2808e+00 -8.4699e-01 +6.9728e-01 -1.9474e-01 +7.5464e-01 +1.4952e+00 -6.6422e-01 +2.9971e+00 -1.1504e+00 +1.0317e+00
53 0 +4.500458143e+02 +3.050858143e+02 +3.050858143e+02 +1.5964e-01 -4.4174e-01 +3.7920e-01 +8.3967e-01 -3.0401e-01 +7.8215e-01 -3.9031e-02 +1.3098e+00 -1.2670e+00 +2.6412e+00
56 0 +4.071350445e+02 +2.621750445e+02 +2.621750445e+02 -2.0923e+00 -5.9174e-01 +2.9227e-01 -1.5508e+00 +3.9890e-01 +1.6062e+00 -1.4338e+00 +1.3191e+00 -7.4275e-01 +6.7197e-01
58 0 +5.338483420e+00 -1.396215166e+02 -1.396215166e+02 -5.7623e-01 -7.4119e-01 -9.7290e-01 -8.7900e-01 -4.2451e-01 +2.5031e+00 -3.9310e-01 +6.2334e-01 -1.5450e+00 +1.5791e+00
260 0 +3.552406193e+00 -1.414075938e+02 -1.414075938e+02 +1.1085e+00 -2.7289e+00 -2.0901e+00 -2.1145e+00 -2.0888e+00 +2.0469e+00 -3.0103e-02 +2.4232e+00 -5.5568e-01 +1.0981e+00
445 0 +3.528333982e+00 -1.414316660e+02 -1.414316660e+02 +5.3636e-01 -3.5704e-01 -1.5909e+00 -2.1783e+00 +1.0448e-01 +1.2970e+00 -1.2443e+00 +1.9915e+00 -7.2119e-01 +2.5752e+00
461 0 +3.504819802e+00 -1.414551802e+02 -1.414551802e+02 +1.5527e+00 -9.7945e-01 -1.8956e+00 -2.0875e+00 -4.0371e-01 +6.8078e-01 -5.6352e-01 +1.7966e+00 -1.2499e+00 +1.1732e+00
534 0 +3.146520123e+00 -1.418134799e+02 -1.418134799e+02 -2.0957e+00 -6.2197e-01 +1.3088e-01 -8.2323e-01 -1.1510e+00 +1.3327e+00 -1.4780e+00 +7.0846e-01 -1.8655e+00 +9.9478e-01
564 0 +3.043032571e+00 -1.419169674e+02 -1.419169674e+02 +5.6786e-01 -6.9127e-01 -6.9903e-01 +2.6288e-02 -1.3679e+00 +1.7602e+00 -5.1577e-01 +1.1108e+00 -1.1041e+00 +1.7132e+00
782 0 +2.886341207e+00 -1.420736588e+02 -1.420736588e+02 +1.6845e+00 -9.7170e-01 -2.8817e-01 -3.9560e-02 -5.6485e-01 +1.8607e+00 -1.7868e+00 +6.9489e-01 -1.7051e+00 +1.0485e+00
1146 0 +2.513947475e+00 -1.424460525e+02 -1.424460525e+02 +1.5936e+00 -2.9357e-01 -2.3570e+00 -5.3370e-01 -3.9133e-01 +2.5225e+00 -1.5676e+00 +1.8148e+00 -2.2267e+00 +1.7119e+00
% f evaluations | g evaluations | best noise-free fitness - Fopt (-6.300000000000e+00) + sum g_i+ | measured fitness | best measured fitness or single-digit g-values | x1 | x2...
1 0 +1.256826576e+04 +1.256196576e+04 +1.256196576e+04 +5.9671e-01 -3.8264e-02 +7.4769e-01 +1.6230e+00 -1.3415e-01 -1.3414e-01 +1.6792e+00 +8.6743e-01 -3.6947e-01 +6.4256e-01
6 0 +1.020567980e+04 +1.019937980e+04 +1.019937980e+04 +4.2408e-01 -2.8508e-01 -5.7692e-01 +7.1168e-01 +1.1310e+00 +1.0313e+00 -7.3922e-01 -2.0921e-01 +4.3126e-01 +1.0755e+00
11 0 +7.331867473e+03 +7.325567473e+03 +7.325567473e+03 -1.3154e+00 -3.2065e-01 -2.4271e-01 -7.0228e-01 -6.1286e-02 +5.0405e-01 +1.9862e+00 +2.7458e-01 +3.5755e-01 +2.5554e-02
12 0 +1.008820205e+03 +1.002520205e+03 +1.002520205e+03 -1.8188e+00 +7.3486e-02 +1.6023e-01 +2.5632e+00 -9.2361e-02 +4.0155e-01 +6.5288e-02 -1.0687e+00 +1.2428e+00 +8.5193e-01
49 0 +9.393481970e+02 +9.330481970e+02 +9.330481970e+02 -2.7918e-02 -8.5554e-01 -1.5064e+00 +3.0346e-01 -6.5635e-01 -1.3223e+00 -5.4657e-01 -9.8155e-01 +1.7871e+00 +9.8164e-01
56 0 +6.303637992e+01 +5.673637992e+01 +5.673637992e+01 -1.1426e+00 -1.2157e+00 -7.5886e-01 +1.5029e+00 -5.8005e-01 +1.4575e-01 +1.2587e+00 -8.2624e-01 +2.1617e+00 +1.1554e+00
69 0 +3.747373025e+00 -2.552626975e+00 -2.552626975e+00 -1.8830e+00 -7.0125e-02 +3.9957e-02 +1.3205e+00 -1.3423e+00 -1.4282e+00 +5.4328e-01 -1.8885e+00 +1.7350e+00 +1.8221e+00
108 0 +3.018109024e+00 -3.281890976e+00 -3.281890976e+00 -5.8221e-01 -1.8249e+00 -6.7197e-01 +8.1057e-01 -2.4586e+00 -1.0857e+00 +1.4195e+00 -7.0620e-01 +2.3369e+00 +2.0327e+00
1039 0 +2.780466025e+00 -3.519533975e+00 -3.519533975e+00 +1.1967e+00 -2.2045e+00 -2.0461e+00 +6.4002e-01 -1.2082e+00 -1.1640e+00 +7.5613e-01 -1.0100e+00 +1.4163e+00 +1.8946e+00
2261 0 +2.475205919e+00 -3.824794081e+00 -3.824794081e+00 +2.1336e+00 +2.8249e-01 -1.2346e+00 +5.9923e-01 -2.8372e-01 -2.5396e+00 +1.9809e+00 -1.2592e+00 +1.0950e+00 +1.7208e+00
% f evaluations | g evaluations | best noise-free fitness - Fopt (-1.367600000000e+02) + sum g_i+ | measured fitness | best measured fitness or single-digit g-values | x1 | x2...
1 0 +2.793038749e+04 +2.779362749e+04 +2.779362749e+04 +5.9671e-01 -3.8264e-02 +7.4769e-01 +1.6230e+00 -1.3415e-01 -1.3414e-01 +1.6792e+00 +8.6743e-01 -3.6947e-01 +6.4256e-01
2 0 +1.056117851e+04 +1.042441851e+04 +1.042441851e+04 -3.6342e-01 -3.6573e-01 +3.4196e-01 -1.8133e+00 -1.6249e+00 -4.6229e-01 -9.1283e-01 +4.1425e-01 -8.0802e-01 -1.3123e+00
5 0 +6.694606946e+02 +5.327006946e+02 +5.327006946e+02 +8.3847e-01 +2.7137e-01 -1.5648e-02 -2.0110e-01 -1.3785e+00 -6.1984e-01 -3.6064e-01 +1.1571e+00 +4.4362e-01 -1.6630e+00
43 0 +1.383732447e+02 +1.613244677e+00 +1.613244677e+00 +2.1607e+00 +1.8553e+00 -1.4896e-01 +1.0716e+00 +7.4538e-01 +1.4686e+00 -8.6492e-01 +7.8605e-01 +1.1584e+00 -1.6587e+00
52 0 +7.440568806e+01 -6.235431194e+01 -6.235431194e+01 +7.7662e-01 -1.1558e+00 -6.3861e-02 -8.0806e-01 -2.8741e-01 +2.5385e+00 -1.3852e+00 +8.1268e-01 +2.1749e+00 -1.0563e+00
53 0 +4.504629920e+00 -1.322553701e+02 -1.322553701e+02 +3.8675e-01 -1.0732e+00 -2.4907e-01 -2.9158e-01 -5.7626e-01 +9.9532e-01 -2.1674e+00 +1.8898e+00 +1.2446e+00 -1.4190e+00
83 0 +3.941909307e+00 -1.328180907e+02 -1.328180907e+02 +1.7027e+00 +2.6315e-01 -5.3352e-01 +1.2081e+00 -2.1279e+00 +7.9636e-01 -2.4227e+00 +1.8098e+00 +1.5610e+00 -1.3424e+00
307 0 +3.637307595e+00 -1.331226924e+02 -1.331226924e+02 +1.8326e+00 +2.1319e-01 +6.8804e-01 +4.4978e-01 -1.1782e+00 +8.9172e-01 -1.1853e+00 +9.5293e-01 +1.9350e+00 -1.3004e+00
411 0 +3.320350130e+00 -1.334396499e+02 -1.334396499e+02 -1.1354e+00 -3.2142e+00 +1.8521e-01 +8.1175e-01 -2.1902e+00 +1.1607e-01 -9.7249e-01 +8.8190e-01 +2.0645e+00 -1.0336e+00
521 0 +3.182619186e+00 -1.335773808e+02 -1.335773808e+02 -6.7424e-01 +5.7823e-01 -5.3065e-01 -1.0895e-01 -1.5957e+00 +1.4722e+00 -2.2005e+00 +1.2932e+00 +1.8615e+00 -2.1324e+00
583 0 +2.683444580e+00 -1.340765554e+02 -1.340765554e+02 +8.2555e-01 -2.5641e-02 -1.2498e+00 +1.4426e+00 -1.2293e-01 +1.2459e+00 -2.4001e+00 +1.9081e+00 +8.6087e-01 -2.4655e+00
692 0 +2.426696362e+00 -1.343333036e+02 -1.343333036e+02 +2.0617e+00 -2.0470e+00 -7.6955e-01 +9.4192e-01 -1.4460e-02 +2.0961e+00 -2.0958e+00 +1.2562e+00 +1.9453e+00 -9.8155e-01
% f evaluations | g evaluations | best noise-free fitness - Fopt (3.667500000000e+02) + sum g_i+ | measured fitness | best measured fitness or single-digit g-values | x1 | x2...
1 0 +1.264534005e+03 +1.631284005e+03 +1.631284005e+03 +5.9671e-01 -3.8264e-02 +7.4769e-01 +1.6230e+00 -1.3415e-01 -1.3414e-01 +1.6792e+00 +8.6743e-01 -3.6947e-01 +6.4256e-01
16 0 +8.741600024e+01 +4.541660002e+02 +4.541660002e+02 +3.5049e-01 +4.4645e-01 -5.8002e-01 +3.3225e-01 +3.9307e-01 -6.1435e-01 +1.9658e+00 +5.7383e-01 -1.0913e+00 +7.5655e-01
51 0 +3.227962165e+00 +3.699779622e+02 +3.699779622e+02 -2.3083e-01 +4.7467e-01 +4.3098e-01 +1.3364e+00 +7.4704e-02 -1.2624e+00 +1.1451e+00 +8.3294e-01 -1.1454e+00 +1.6361e+00
515 0 +3.152237468e+00 +3.699022375e+02 +3.699022375e+02 +7.7629e-01 -5.3728e-01 +2.3078e+00 +1.3091e+00 +1.6815e+00 -1.4999e+00 +2.2406e+00 +7.3283e-01 -2.0527e+00 +1.3484e+00
526 0 +2.408145328e+00 +3.691581453e+02 +3.691581453e+02 -2.2766e+00 +7.9341e-01 +8.7006e-02 +2.5840e+00 -1.5493e-01 -6.3466e-01 +1.2892e+00 +2.2638e+00 -1.3819e+00 +2.2258e+00
% f evaluations | g evaluations | best noise-free fitness - Fopt (-2.486900000000e+02) + sum g_i+ | measured fitness | best measured fitness or single-digit g-values | x1 | x2...
1 0 +2.200581551e+04 +2.175712551e+04 +2.175712551e+04 +5.9671e-01 -3.8264e-02 +7.4769e-01 +1.6230e+00 -1.3415e-01 -1.3414e-01 +1.6792e+00 +8.6743e-01 -3.6947e-01 +6.4256e-01
3 0 +1.000797953e+04 +9.759289531e+03 +9.759289531e+03 +1.5656e+00 -1.2578e-01 +1.6753e-01 -1.3247e+00 -4.4438e-01 +2.1092e-01 -1.0510e+00 +4.7570e-01 -5.0064e-01 -1.9169e-01
4 0 +8.522240993e+03 +8.273550993e+03 +8.273550993e+03 -5.0171e-01 +1.9523e+00 +8.6503e-02 -9.5771e-01 +9.2254e-01 -1.1208e+00 +3.0886e-01 -1.8597e+00 -1.2282e+00 +2.9686e-01
6 0 +6.922304381e+03 +6.673614381e+03 +6.673614381e+03 +4.2408e-01 -2.8508e-01 -5.7692e-01 +7.1168e-01 +1.1310e+00 +1.0313e+00 -7.3922e-01 -2.0921e-01 +4.3126e-01 +1.0755e+00
22 0 +4.657010881e+03 +4.408320881e+03 +4.408320881e+03 +6.7089e-01 +1.2356e+00 +1.0540e+00 +7.5139e-01 -2.1527e-01 +8.5897e-01 -6.7283e-01 -1.3682e-01 -3.8536e-01 +1.8187e-01
23 0 +1.087479119e+03 +8.387891193e+02 +8.387891193e+02 +2.4147e+00 -1.7673e+00 +7.8626e-01 -1.5127e+00 -3.7193e-01 +1.1890e+00 +1.6428e-01 -9.7774e-01 -6.1530e-01 +7.7960e-01
52 0 +7.906423787e+00 -2.407835762e+02 -2.407835762e+02 +1.2853e+00 -7.0867e-01 +1.2500e-01 -5.9979e-01 -6.1693e-01 +1.1372e+00 -3.4725e-01 -2.0970e+00 -6.5173e-01 +1.1617e+00
102 0 +4.502928778e+00 -2.441870712e+02 -2.441870712e+02 +1.5590e+00 +8.9164e-01 +2.5256e+00 +4.2009e-01 -5.0426e-01 +1.4751e+00 -1.5486e+00 -1.3169e+00 -8.7164e-01 +2.0248e+00
358 0 +3.459641507e+00 -2.452303585e+02 -2.452303585e+02 -3.5555e-01 -1.1020e-01 +1.8781e+00 +5.4023e-01 -1.2755e+00 +3.8842e-01 -7.3788e-01 -9.1756e-01 -2.2938e+00 +8.8100e-01
478 0 +3.313956173e+00 -2.453760438e+02 -2.453760438e+02 +4.4778e-01 +3.2228e-02 +2.8124e+00 +1.2334e+00 -1.5093e-01 +1.8589e+00 -1.3555e+00 -8.4575e-01 -2.5327e+00 +1.7271e+00
543 0 +3.132777971e+00 -2.455572220e+02 -2.455572220e+02 -1.5397e+00 +9.1496e-02 +1.7406e+00 +1.4601e+00 -2.7656e-01 +1.1012e+00 -1.6573e+00 -1.7811e+00 -1.4590e+00 +1.8464e+00
674 0 +3.033084035e+00 -2.456569160e+02 -2.456569160e+02 -1.4696e-01 -1.7442e+00 +1.5043e+00 +2.2118e+00 -7.5920e-02 +2.0722e+00 -1.9481e+00 -1.7594e+00 -1.8078e+00 +1.7808e+00
1166 0 +2.965256862e+00 -2.457247431e+02 -2.457247431e+02 +1.1534e+00 -4.9383e-01 +5.8668e-01 +1.3285e+00 -1.6573e+00 +2.2461e+00 -1.5721e+00 -1.4215e+00 -1.3427e+00 +1.1550e+00
1498 0 +2.929329318e+00 -2.457606707e+02 -2.457606707e+02 +1.1315e+00 -7.8220e-02 +2.5496e+00 -2.9149e-01 -1.3275e+00 +1.3379e+00 -2.4256e+00 -1.5779e+00 -9.6529e-01 +1.5588e+00
1745 0 +2.792002989e+00 -2.458979970e+02 -2.458979970e+02 +2.3567e+00 -8.3606e-01 +2.5487e+00 +1.3340e-01 -1.9228e+00 +1.5459e+00 -2.1690e+00 -1.5903e+00 -1.2837e+00 +1.4907e+00
2145 0 +2.520673858e+00 -2.461693261e+02 -2.461693261e+02 +2.0327e+00 +1.0947e+00 +2.8426e+00 -5.0349e-01 -2.0447e+00 +1.2180e+00 -2.1112e+00 -2.1317e+00 -1.4592e+00 +1.8087e+00
% f evaluations | g evaluations | best noise-free fitness - Fopt (-6.786000000000e+01) + sum g_i+ | measured fitness | best measured fitness or single-digit g-values | x1 | x2...
1 0 +1.745251708e+04 +1.738465708e+04 +1.738465708e+04 +5.9671e-01 -3.8264e-02 +7.4769e-01 +1.6230e+00 -1.3415e-01 -1.3414e-01 +1.6792e+00 +8.6743e-01 -3.6947e-01 +6.4256e-01
2 0 +9.265202356e+03 +9.197342356e+03 +9.197342356e+03 -3.6342e-01 -3.6573e-01 +3.4196e-01 -1.8133e+00 -1.6249e+00 -4.6229e-01 -9.1283e-01 +4.1425e-01 -8.0802e-01 -1.3123e+00
4 0 +6.775097145e+03 +6.707237145e+03 +6.707237145e+03 -5.0171e-01 +1.9523e+00 +8.6503e-02 -9.5771e-01 +9.2254e-01 -1.1208e+00 +3.0886e-01 -1.8597e+00 -1.2282e+00 +2.9686e-01
8 0 +5.381616998e+03 +5.313756998e+03 +5.313756998e+03 +4.6140e-01 +1.6380e+00 +6.4174e-02 +1.6646e+00 -2.5197e+00 +9.2190e-01 +1.8705e-01 -1.9901e-01 +1.9176e-01 -1.8876e+00
19 0 +2.597339762e+03 +2.529479762e+03 +2.529479762e+03 +7.2567e-01 -7.5716e-01 -9.7089e-01 +5.8247e-01 -1.2346e-01 +8.1400e-01 +5.7324e-01 +2.7171e-02 -7.4679e-01 -1.4148e+00
45 0 +1.865163505e+03 +1.797303505e+03 +1.797303505e+03 +4.8407e-01 +6.7305e-02 -1.9674e+00 +1.0880e-02 -1.2045e+00 +7.6967e-01 +4.6660e-01 -8.3988e-01 -4.1387e-01 -9.5921e-01
46 0 +4.624882570e+02 +3.946282570e+02 +3.946282570e+02 +3.7321e-02 +1.0551e+00 -8.8573e-01 +6.0405e-01 -4.3026e-01 -6.9287e-01 -7.0304e-03 -9.3524e-01 -4.5365e-01 -1.0979e+00
55 0 +2.794091474e+02 +2.115491474e+02 +2.115491474e+02 +2.0771e-01 -1.7066e-01 -1.5327e+00 +7.3754e-01 -1.0933e+00 -9.1670e-02 +2.0518e+00 -1.4277e+00 -7.0198e-01 -1.8693e+00
61 0 +2.693945993e+02 +2.015345993e+02 +2.015345993e+02 -1.5142e+00 +1.6616e-01 +4.5664e-02 +4.6667e-01 -2.1387e+00 -1.6037e+00 -2.7314e-01 -2.9358e+00 -9.7152e-01 -2.5306e+00
62 0 +1.354417977e+02 +6.758179770e+01 +6.758179770e+01 -7.3000e-01 -9.8644e-01 -7.8995e-01 +3.2157e+00 -1.1959e-01 -5.1568e-02 +2.5790e-01 -7.4257e-01 -1.4014e+00 -2.2007e+00
133 0 +6.551182276e+01 -2.348177241e+00 -2.348177241e+00 -2.8406e+00 -1.1731e+00 +5.9800e-01 -2.1719e-01 -4.0427e-01 -7.6000e-02 +3.8889e-01 -7.7996e-01 -2.2672e+00 -1.5657e+00
151 0 +3.493596100e+01 -3.292403900e+01 -3.292403900e+01 -2.1692e+00 -2.2125e+00 +1.9499e-01 +2.7991e+00 +3.3154e-01 -1.5033e+00 +1.8508e+00 -1.3354e+00 -1.9064e+00 -1.4327e+00
154 0 +1.016665016e+01 -5.769334984e+01 -5.769334984e+01 -1.6296e-01 -6.4136e-01 -7.2383e-01 +9.5556e-01 -2.1058e+00 -1.2574e+00 +3.7976e-01 -6.0313e-01 -2.3655e+00 -2.0221e+00
302 0 +5.266170029e+00 -6.259382997e+01 -6.259382997e+01 -1.3533e+00 +5.1891e-01 +9.2455e-01 -4.5693e-01 -7.9975e-02 -1.8413e+00 +1.3914e+00 -1.5656e+00 -1.6253e+00 -2.3541e+00
307 0 +4.966385487e+00 -6.289361451e+01 -6.289361451e+01 -1.1027e-01 -1.0385e+00 +3.1130e-01 +9.2084e-01 +2.7393e-01 -6.1676e-01 +1.8062e+00 -1.8031e+00 -1.1765e+00 -1.8453e+00
309 0 +4.585828144e+00 -6.327417186e+01 -6.327417186e+01 +1.5753e-01 +2.0637e-01 -9.0716e-01 +1.9558e+00 -2.7502e-01 -1.8577e+00 +1.1266e+00 -5.0511e-01 -2.2954e+00 -1.5033e+00
326 0 +3.321179044e+00 -6.453882096e+01 -6.453882096e+01 +1.8080e+00 +1.4951e+00 +1.3280e+00 +2.1812e+00 -4.3204e-01 -5.4825e-01 +1.9227e+00 -3.3172e-01 -1.6997e+00 -1.8474e+00
632 0 +3.268846447e+00 -6.459115355e+01 -6.459115355e+01 +1.3491e+00 -4.7760e-01 -8.7152e-02 +1.7748e+00 -9.3756e-01 -1.9111e+00 +1.8756e+00 -2.1156e+00 -7.4263e-01 -2.3726e+00
852 0 +3.208144317e+00 -6.465185568e+01 -6.465185568e+01 -4.3375e-01 -5.5533e-01 -1.1587e-01 +2.4605e+00 -7.1145e-01 -1.3488e+00 +2.4086e+00 -5.9830e-01 -1.8218e+00 -1.4979e+00
953 0 +2.961790817e+00 -6.489820918e+01 -6.489820918e+01 -1.9932e+00 +5.0239e-01 -1.5078e-01 +2.0265e+00 -3.2099e-02 -1.5074e+00 +1.1829e+00 -1.1817e+00 -2.2853e+00 -1.2668e+00
1308 0 +2.727657744e+00 -6.513234226e+01 -6.513234226e+01 -3.5754e-01 +2.3954e-01 +7.9266e-01 +2.4719e+00 +1.5043e-01 -1.1173e+00 +1.0361e+00 -1.9230e+00 -2.1284e+00 -1.3872e+00
1634 0 +2.721117268e+00 -6.513888273e+01 -6.513888273e+01 +1.6651e+00 +4.9238e-02 +1.2907e+00 +2.2275e+00 +1.0260e-01 -1.4523e+00 +1.2134e+00 -2.2645e+00 -1.7321e+00 -1.6373e+00
% f evaluations | g evaluations | best noise-free fitness - Fopt (-2.329000000000e+01) + sum g_i+ | measured fitness | best measured fitness or single-digit g-values | x1 | x2...
1 0 +1.566941948e+04 +1.564612948e+04 +1.564612948e+04 +5.9671e-01 -3.8264e-02 +7.4769e-01 +1.6230e+00 -1.3415e-01 -1.3414e-01 +1.6792e+00 +8.6743e-01 -3.6947e-01 +6.4256e-01
3 0 +1.461601409e+04 +1.459272409e+04 +1.459272409e+04 +1.5656e+00 -1.2578e-01 +1.6753e-01 -1.3247e+00 -4.4438e-01 +2.1092e-01 -1.0510e+00 +4.7570e-01 -5.0064e-01 -1.9169e-01
6 0 +4.199093936e+03 +4.175803936e+03 +4.175803936e+03 +4.2408e-01 -2.8508e-01 -5.7692e-01 +7.1168e-01 +1.1310e+00 +1.0313e+00 -7.3922e-01 -2.0921e-01 +4.3126e-01 +1.0755e+00
18 0 +2.162401052e+03 +2.139111052e+03 +2.139111052e+03 -7.8951e-01 -7.1581e-01 +2.2898e-02 +4.4115e-01 +3.7669e-01 +9.2718e-01 +1.1300e-01 +1.5535e+00 -1.6466e-01 +2.8202e+00
51 0 +5.800633340e+02 +5.567733340e+02 +5.567733340e+02 -7.1042e-01 +2.8556e-01 -1.4187e+00 +8.2777e-01 +1.6849e-01 +9.4124e-01 -5.1213e-01 +9.1484e-01 +1.2983e+00 +2.1068e+00
52 0 +4.498344815e+02 +4.265444815e+02 +4.265444815e+02 -1.7219e+00 +4.2831e-01 +1.0352e-01 +1.9676e-02 +5.6165e-01 +2.8209e-01 -3.0947e+00 +1.0277e+00 +1.3486e+00 +2.2588e+00
57 0 +3.568423674e+02 +3.335523674e+02 +3.335523674e+02 -1.0780e+00 -7.6215e-01 +5.9960e-01 -8.3903e-01 -1.2774e-01 +3.6646e-01 -2.3877e-01 +3.3528e-01 +2.1952e+00 +2.1031e+00
75 0 +2.899893800e+02 +2.666993800e+02 +2.666993800e+02 -1.3073e-01 +9.6066e-01 -4.5049e-01 -3.5040e-01 -6.9574e-01 -4.0724e-01 -2.9856e+00 +1.6105e+00 +5.3820e-01 +1.5097e+00
102 0 +2.436237419e+02 +2.203337419e+02 +2.203337419e+02 -2.1171e+00 -3.4263e-01 +1.2972e+00 -8.7999e-01 -4.3120e-01 -7.5020e-02 -9.1482e-01 +2.5607e+00 +1.6191e+00 +2.5741e+00
106 0 +2.359116320e+02 +2.126216320e+02 +2.126216320e+02 +8.8344e-01 +1.5241e-01 +2.1521e-02 -2.2086e+00 +1.1374e+00 +1.6455e+00 -2.6108e-01 +2.0740e+00 +8.4067e-01 +1.6789e+00
133 0 +2.046297502e+02 +1.813397502e+02 +1.813397502e+02 +1.0210e+00 -4.7670e-01 -1.3336e+00 -1.7608e+00 -2.5639e+00 +6.1023e-01 -1.2435e+00 +1.9236e+00 +6.5473e-01 +1.6260e+00
154 0 +1.419817371e+01 -9.091826287e+00 -9.091826287e+00 -1.2521e+00 +1.6242e+00 +1.0008e+00 +4.7363e-01 -2.0650e+00 -3.9650e-01 -2.5671e+00 +1.1728e+00 +2.1033e+00 +1.3764e+00
303 0 +4.605742723e+00 -1.868425728e+01 -1.868425728e+01 +5.3213e-02 +1.5329e+00 +4.8871e-01 -3.9668e-01 -9.2526e-01 +7.9563e-01 -1.8526e+00 +1.9504e+00 +1.6319e+00 +1.3143e+00
305 0 +3.611181258e+00 -1.967881874e+01 -1.967881874e+01 +1.0624e+00 +1.0713e+00 +1.3796e+00 -1.2006e+00 -8.3945e-01 +2.5099e+00 -2.6358e-01 +1.8011e+00 +2.2263e+00 +1.8925e+00
457 0 +3.541900940e+00 -1.974809906e+01 -1.974809906e+01 -1.3533e+00 +1.4040e+00 +1.3002e+00 -1.1154e+00 -6.6164e-01 +3.6371e-02 -1.2782e+00 +1.7347e+00 +1.4304e+00 +1.4020e+00
579 0 +3.408842425e+00 -1.988115757e+01 -1.988115757e+01 +3.1640e-01 +1.2178e+00 +1.3950e+00 -2.3374e+00 -1.1096e+00 +1.3952e+00 -1.4669e+00 +1.9268e+00 +2.0194e+00 +2.1322e+00
631 0 +3.276180628e+00 -2.001381937e+01 -2.001381937e+01 +3.6591e-01 +1.8583e+00 +2.1692e+00 -2.0903e+00 -8.1197e-01 +1.6542e+00 -9.6767e-01 +2.4912e+00 +1.4337e+00 +1.4315e+00
637 0 +3.091298766e+00 -2.019870123e+01 -2.019870123e+01 +9.3082e-01 +2.1591e+00 +2.1448e+00 -8.7681e-01 -1.6799e+00 +3.1151e-01 -6.3260e-01 +9.9587e-01 +1.0034e+00 +1.5884e+00
644 0 +2.999653247e+00 -2.029034675e+01 -2.029034675e+01 -5.5238e-01 +5.6384e-01 +4.0842e-01 -2.5306e+00 -2.2835e-02 +1.2462e+00 -6.8886e-01 +2.2793e+00 +2.0725e+00 +1.2483e+00
651 0 +2.897154881e+00 -2.039284512e+01 -2.039284512e+01 +1.0731e+00 +1.4278e+00 +1.3217e+00 +3.0008e-02 -3.5532e-01 +1.7081e+00 -5.4798e-01 +1.8088e+00 +1.4995e+00 +1.1120e+00
1772 0 +2.892850638e+00 -2.039714936e+01 -2.039714936e+01 +9.7948e-01 +6.6219e-01 +1.0826e+00 -1.6285e+00 -1.3687e-01 +6.7825e-01 -7.7532e-01 +1.7464e+00 +7.8319e-01 +1.5564e+00
1857 0 +2.706315278e+00 -2.058368472e+01 -2.058368472e+01 +1.9172e+00 +2.1475e+00 +7.9940e-01 -1.7084e+00 -5.5208e-01 +5.0199e-01 -2.2424e+00 +1.6532e+00 +1.7736e+00 +2.1407e+00
1937 0 +2.691945266e+00 -2.059805473e+01 -2.059805473e+01 +2.0085e+00 +6.5231e-01 +8.8511e-01 -8.8001e-01 -9.0772e-01 +5.3457e-01 -1.4730e+00 +7.4372e-01 +2.4224e+00 +2.0968e+00
2353 0 +2.413556250e+00 -2.087644375e+01 -2.087644375e+01 +2.1057e+00 +1.0310e+00 +1.5453e+00 -1.3724e+00 -1.2918e+00 +5.3933e-01 -2.5307e+00 +1.3189e-01 +2.2031e+00 +2.0244e+00
