% f evaluations | g evaluations | best noise-free fitness - Fopt (2.997000000000e+01) + sum g_i+ | measured fitness | best measured fitness or single-digit g-values | x1 | x2...
1 0 +1.462433005e+03 +1.492403005e+03 +1.492403005e+03 +5.9671e-01 -3.8264e-02 +7.4769e-01 +1.6230e+00 -1.3415e-01
2 0 +1.061073956e+03 +1.091043956e+03 +1.091043956e+03 -1.3414e-01 +1.6792e+00 +8.6743e-01 -3.6947e-01 +6.4256e-01
3 0 +9.472936951e+02 +9.772636951e+02 +9.772636951e+02 -3.6342e-01 -3.6573e-01 +3.4196e-01 -1.8133e+00 -1.6249e+00
5 0 +8.776131466e+02 +9.075831466e+02 +9.075831466e+02 +1.5656e+00 -1.2578e-01 +1.6753e-01 -1.3247e+00 -4.4438e-01
7 0 +8.010567977e+02 +8.310267977e+02 +8.310267977e+02 -5.0171e-01 +1.9523e+00 +8.6503e-02 -9.5771e-01 +9.2254e-01
8 0 +5.991701095e+02 +6.291401095e+02 +6.291401095e+02 -1.1208e+00 +3.0886e-01 -1.8597e+00 -1.2282e+00 +2.9686e-01
27 0 +4.097068194e+02 +4.396768194e+02 +4.396768194e+02 -5.9822e-01 -4.2879e-01 -1.7965e+00 -2.1827e+00 +1.7471e+00
56 0 +3.382873599e+02 +3.682573599e+02 +3.682573599e+02 -4.7807e-01 +2.7111e-01 -2.1966e+00 -2.8788e+00 +1.0426e+00
121 0 +3.137424010e+02 +3.437124010e+02 +3.437124010e+02 -4.5826e-01 +5.3098e-01 -2.2440e+00 -1.7381e+00 +1.7551e+00
141 0 +2.628108583e+02 +2.927808583e+02 +2.927808583e+02 +1.3988e+00 -4.6410e+00 -3.8676e+00 -2.5372e+00 +2.8473e+00
233 0 +2.044372920e+02 +2.344072920e+02 +2.344072920e+02 +1.8279e+00 -2.6438e+00 -3.5278e+00 -2.6098e+00 +1.2281e+00
260 0 +1.478379316e+02 +1.778079316e+02 +1.778079316e+02 +3.1638e-01 -3.5315e-01 -3.2939e+00 -1.6743e+00 +2.6107e+00
397 0 +1.141636346e+02 +1.441336346e+02 +1.441336346e+02 +5.7262e-01 -1.0781e+00 -3.2800e+00 -1.7907e+00 +2.4865e+00
412 0 +5.600233238e+01 +8.597233238e+01 +8.597233238e+01 +1.1549e+00 -1.6860e+00 -3.6144e+00 -1.7689e+00 +3.0237e+00
554 0 +4.184427990e+01 +7.181427990e+01 +7.181427990e+01 +1.3426e+00 -3.0032e+00 -4.0811e+00 -1.9327e+00 +2.5812e+00
579 0 +4.067238725e+01 +7.064238725e+01 +7.064238725e+01 +1.4367e+00 -2.6450e+00 -3.9605e+00 -1.9699e+00 +2.7252e+00
591 0 +3.879478835e+01 +6.876478835e+01 +6.876478835e+01 +1.1447e+00 -2.6405e+00 -3.8439e+00 -1.9259e+00 +2.7409e+00
600 0 +3.778905262e+01 +6.775905262e+01 +6.775905262e+01 +1.1421e+00 -2.5048e+00 -3.7169e+00 -2.0359e+00 +2.5959e+00
655 0 +3.279483306e+01 +6.276483306e+01 +6.276483306e+01 +1.5892e+00 -3.7364e+00 -4.1703e+00 -2.0709e+00 +2.2799e+00
677 0 +3.274234609e+01 +6.271234609e+01 +6.271234609e+01 +1.5211e+00 -3.2577e+00 -3.9948e+00 -2.1664e+00 +2.5056e+00
685 0 +2.485275876e+01 +5.482275876e+01 +5.482275876e+01 +1.0499e+00 -2.1327e+00 -3.8260e+00 -1.8615e+00 +3.0087e+00
703 0 +2.178873611e+01 +5.175873611e+01 +5.175873611e+01 +9.8337e-01 -1.7910e+00 -3.6359e+00 -1.8974e+00 +2.9799e+00
714 0 +1.869076889e+01 +4.866076889e+01 +4.866076889e+01 +8.4532e-01 -1.8610e+00 -3.7057e+00 -1.9948e+00 +2.9700e+00
729 0 +1.455618203e+01 +4.452618203e+01 +4.452618203e+01 +8.4739e-01 -1.6848e+00 -3.6486e+00 -1.8961e+00 +3.0678e+00
810 0 +8.963626480e+00 +3.893362648e+01 +3.893362648e+01 +9.5504e-01 -2.0318e+00 -3.7567e+00 -1.9736e+00 +2.9702e+00
836 0 +8.607397037e+00 +3.857739704e+01 +3.857739704e+01 +5.1137e-01 -8.2484e-01 -3.4300e+00 -1.8810e+00 +3.4602e+00
852 0 +8.336066661e+00 +3.830606666e+01 +3.830606666e+01 +8.3604e-01 -1.5288e+00 -3.6391e+00 -1.8953e+00 +3.1846e+00
871 0 +6.902257075e+00 +3.687225708e+01 +3.687225708e+01 +7.2361e-01 -1.3320e+00 -3.5844e+00 -1.8809e+00 +3.3034e+00
890 0 +6.308874585e+00 +3.627887458e+01 +3.627887458e+01 +8.0257e-01 -1.4553e+00 -3.5960e+00 -1.8945e+00 +3.2229e+00
908 0 +5.167928086e+00 +3.513792809e+01 +3.513792809e+01 +9.0857e-01 -1.7522e+00 -3.6862e+00 -1.9221e+00 +3.1083e+00
915 0 +4.557959519e+00 +3.452795952e+01 +3.452795952e+01 +8.8464e-01 -1.7025e+00 -3.6596e+00 -1.9397e+00 +3.0772e+00
940 0 +2.978528135e+00 +3.294852813e+01 +3.294852813e+01 +1.0361e+00 -2.0995e+00 -3.7554e+00 -1.9842e+00 +2.9461e+00
1088 0 +2.965878475e+00 +3.293587848e+01 +3.293587848e+01 +9.9223e-01 -1.9888e+00 -3.7277e+00 -1.9645e+00 +3.0103e+00
1126 0 +2.480068445e+00 +3.245006844e+01 +3.245006844e+01 +1.0405e+00 -2.1631e+00 -3.7758e+00 -1.9890e+00 +2.9372e+00
1164 0 +1.838940119e+00 +3.180894012e+01 +3.180894012e+01 +8.6832e-01 -1.6946e+00 -3.6520e+00 -1.9485e+00 +3.1094e+00
1168 0 +7.775155704e-01 +3.074751557e+01 +3.074751557e+01 +7.8427e-01 -1.4726e+00 -3.6019e+00 -1.9225e+00 +3.1967e+00
