% f evaluations | g evaluations | best noise-free fitness - Fopt (3.590000000000e+01) + sum g_i+ | measured fitness | best measured fitness or single-digit g-values | x1 | x2...
1 0 +3.391355936e+04 +3.394945936e+04 +3.394945936e+04 +5.9671e-01 -3.8264e-02 +7.4769e-01 +1.6230e+00 -1.3415e-01
10 0 +1.809916825e+04 +1.813506825e+04 +1.813506825e+04 -6.1984e-01 -3.6064e-01 +1.1571e+00 +4.4362e-01 -1.6630e+00
15 0 +3.090526178e+03 +3.126426178e+03 +3.126426178e+03 +4.6140e-01 +1.6380e+00 +6.4174e-02 +1.6646e+00 -2.5197e+00
27 0 +3.822398355e+01 +7.412398355e+01 +7.412398355e+01 -1.5523e-01 +1.1836e+00 +2.7885e+00 +7.5573e-01 -4.1133e+00
49 0 +2.367015928e+01 +5.957015928e+01 +5.957015928e+01 +1.3564e+00 +1.3324e-01 +1.0766e+00 +2.8427e+00 -2.2848e+00
253 0 +1.266718541e+01 +4.856718541e+01 +4.856718541e+01 +1.8023e+00 +3.1086e+00 +1.9659e+00 +4.1976e+00 -2.1551e+00
466 0 +1.142739830e+01 +4.732739830e+01 +4.732739830e+01 +1.6265e+00 +1.1359e+00 +1.7604e+00 +3.1187e+00 -2.3752e+00
492 0 +5.304606758e+00 +4.120460676e+01 +4.120460676e+01 +2.0308e+00 +5.7247e-01 +2.9574e+00 +2.8842e+00 -2.6609e+00
704 0 +4.321034326e+00 +4.022103433e+01 +4.022103433e+01 +2.0690e+00 +1.1012e+00 +2.6763e+00 +3.6824e+00 -2.1617e+00
713 0 +3.841534452e+00 +3.974153445e+01 +3.974153445e+01 +2.1497e+00 +9.2424e-01 +2.5498e+00 +2.9783e+00 -2.3916e+00
853 0 +3.396564219e+00 +3.929656422e+01 +3.929656422e+01 +2.1721e+00 +1.8955e+00 +2.0965e+00 +3.5402e+00 -1.8521e+00
977 0 +1.824079151e+00 +3.772407915e+01 +3.772407915e+01 +2.3342e+00 +1.2574e+00 +2.4142e+00 +3.4275e+00 -1.9180e+00
1040 0 +1.717273590e+00 +3.761727359e+01 +3.761727359e+01 +2.4376e+00 +1.7585e+00 +2.2408e+00 +3.4650e+00 -1.7675e+00
1115 0 +1.618182027e+00 +3.751818203e+01 +3.751818203e+01 +2.7535e+00 +1.5644e+00 +2.3855e+00 +3.8653e+00 -1.9725e+00
1133 0 +1.216824180e+00 +3.711682418e+01 +3.711682418e+01 +2.4457e+00 +9.9775e-01 +2.7379e+00 +3.4814e+00 -1.8260e+00
1247 0 +8.365004577e-01 +3.673650046e+01 +3.673650046e+01 +2.6863e+00 +1.6168e+00 +2.3367e+00 +3.6102e+00 -1.6802e+00
