% f evaluations | g evaluations | best noise-free fitness - Fopt (7.948000000000e+01) + sum g_i+ | measured fitness | best measured fitness or single-digit g-values | x1 | x2...
1 0 +2.947775049e+01 +1.089577505e+02 +1.089577505e+02 +5.9671e-01 -3.8264e-02 +7.4769e-01 +1.6230e+00 -1.3415e-01 -1.3414e-01 +1.6792e+00 +8.6743e-01 -3.6947e-01 +6.4256e-01
2 0 +2.248677078e+01 +1.019667708e+02 +1.019667708e+02 -3.6342e-01 -3.6573e-01 +3.4196e-01 -1.8133e+00 -1.6249e+00 -4.6229e-01 -9.1283e-01 +4.1425e-01 -8.0802e-01 -1.3123e+00
5 0 +1.762174394e+01 +9.710174394e+01 +9.710174394e+01 +8.3847e-01 +2.7137e-01 -1.5648e-02 -2.0110e-01 -1.3785e+00 -6.1984e-01 -3.6064e-01 +1.1571e+00 +4.4362e-01 -1.6630e+00
8 0 +1.369798541e+01 +9.317798541e+01 +9.317798541e+01 +4.6140e-01 +1.6380e+00 +6.4174e-02 +1.6646e+00 -2.5197e+00 +9.2190e-01 +1.8705e-01 -1.9901e-01 +1.9176e-01 -1.8876e+00
19 0 +1.288681928e+01 +9.236681928e+01 +9.236681928e+01 +7.2567e-01 -7.5716e-01 -9.7089e-01 +5.8247e-01 -1.2346e-01 +8.1400e-01 +5.7324e-01 +2.7171e-02 -7.4679e-01 -1.4148e+00
54 0 +1.131853618e+01 +9.079853618e+01 +9.079853618e+01 -3.0928e-01 -1.2325e+00 +5.4055e-01 -2.0866e-02 -2.3677e+00 +2.3255e-01 +1.0157e+00 -1.0902e+00 -3.8345e-01 -1.9811e+00
70 0 +9.651747791e+00 +8.913174779e+01 +8.913174779e+01 +4.6640e-02 +4.7894e-01 -1.2267e+00 +1.8576e+00 -1.8584e+00 +1.2566e+00 -1.0926e+00 -7.1171e-01 -3.9186e-02 -1.9869e+00
269 0 +9.190961229e+00 +8.867096123e+01 +8.867096123e+01 -3.9255e-01 -1.6090e-01 +8.0256e-03 +9.7734e-01 -4.4304e+00 +6.4694e-01 -5.8915e-01 +2.5813e-01 -3.2484e+00 -2.4147e+00
301 0 +4.893029804e+00 +8.437302980e+01 +8.437302980e+01 +5.7596e-01 -1.2858e+00 -3.0312e-01 +5.9856e-01 -2.3716e+00 +7.7435e-01 +2.9671e-01 -9.8247e-01 -5.3702e-01 -2.8898e+00
319 0 +3.439120570e+00 +8.291912057e+01 +8.291912057e+01 +1.1768e+00 -7.3767e-01 -1.2978e+00 +1.6039e+00 -1.8153e+00 +1.0199e+00 -4.0246e-01 +2.5281e-01 -8.5594e-01 -2.6273e+00
365 0 +2.740772552e+00 +8.222077255e+01 +8.222077255e+01 -3.5746e-01 -6.9318e-01 -8.0756e-01 +7.6842e-01 -3.2340e+00 +6.4196e-01 +1.9888e-01 -2.9584e-03 -1.5034e+00 -2.4806e+00
454 0 +2.555184645e+00 +8.203518465e+01 +8.203518465e+01 -1.0200e-01 -7.7803e-01 -7.7610e-01 +8.0010e-01 -2.4891e+00 +4.5862e-02 -7.4665e-01 +4.2893e-02 -1.8123e+00 -2.4268e+00
530 0 +2.419766130e+00 +8.189976613e+01 +8.189976613e+01 -8.3641e-01 -1.1272e+00 -8.5456e-01 +1.3225e+00 -3.3311e+00 +1.0086e+00 +5.4485e-02 +2.0706e-01 -1.5596e+00 -3.2975e+00
557 0 +2.066045083e+00 +8.154604508e+01 +8.154604508e+01 +1.4598e-01 -1.5021e+00 -1.7334e-01 +1.5603e+00 -3.1280e+00 +1.1429e-01 -5.7681e-01 +1.0727e+00 -1.4455e+00 -3.2421e+00
569 0 +1.858923429e+00 +8.133892343e+01 +8.133892343e+01 -1.6494e-01 -2.8831e-01 -9.4935e-01 +1.7571e+00 -2.5144e+00 +1.1375e+00 +7.8457e-02 +6.5497e-02 -1.2371e+00 -2.6853e+00
625 0 +1.224472659e+00 +8.070447266e+01 +8.070447266e+01 -3.8006e-01 -9.4725e-01 -9.7893e-01 +2.4491e+00 -2.3891e+00 +2.1832e-01 +2.1789e-01 +4.2214e-01 -1.3143e+00 -3.0611e+00
648 0 +8.364965115e-01 +8.031649651e+01 +8.031649651e+01 +3.0743e-01 -1.2495e+00 -1.3883e+00 +2.1032e+00 -2.8902e+00 +4.6968e-01 -5.5715e-01 +2.7264e-01 -1.7595e+00 -2.7765e+00
821 0 +7.011028352e-01 +8.018110284e+01 +8.018110284e+01 -3.2166e-01 -1.0177e+00 -9.8407e-01 +1.8972e+00 -2.5005e+00 +4.3056e-01 +1.9025e-01 +1.7837e-01 -1.8007e+00 -3.4067e+00
827 0 +6.752810621e-01 +8.015528106e+01 +8.015528106e+01 +8.2006e-01 -1.1021e+00 -5.8766e-01 +1.6322e+00 -2.8411e+00 +5.8146e-01 -1.8775e-01 +3.1344e-01 -1.9204e+00 -2.7737e+00
852 0 +5.474142757e-01 +8.002741428e+01 +8.002741428e+01 +5.6060e-01 -9.3066e-01 -9.5416e-01 +1.9518e+00 -2.4406e+00 +4.1994e-01 +1.6272e-01 +1.7328e-02 -1.8038e+00 -3.4678e+00
935 0 +2.422556177e-01 +7.972225562e+01 +7.972225562e+01 +4.7453e-01 -8.9726e-01 -9.7829e-01 +2.0130e+00 -2.7671e+00 +4.8469e-01 +6.3696e-02 +2.0008e-02 -1.6145e+00 -3.0208e+00
1062 0 +2.079607286e-01 +7.968796073e+01 +7.968796073e+01 +2.1836e-01 -9.4206e-01 -6.5787e-01 +1.9968e+00 -2.3725e+00 +3.7058e-01 -1.5932e-01 +6.8022e-02 -1.7682e+00 -2.8779e+00
1104 0 +1.912343008e-01 +7.967123430e+01 +7.967123430e+01 +3.5464e-01 -1.3776e+00 -7.3508e-01 +2.0844e+00 -2.7044e+00 +1.7106e-01 -1.3051e-01 +2.6856e-01 -1.6533e+00 -3.1610e+00
1143 0 +1.838062194e-01 +7.966380622e+01 +7.966380622e+01 +3.4379e-01 -1.0841e+00 -8.1069e-01 +1.9327e+00 -2.5661e+00 +4.1265e-01 -1.7714e-01 +9.6173e-02 -1.5808e+00 -2.6752e+00
1156 0 +1.819460528e-01 +7.966194605e+01 +7.966194605e+01 +5.1363e-01 -1.0350e+00 -6.0785e-01 +2.0500e+00 -2.6275e+00 +5.2794e-01 -2.5905e-01 +2.1577e-01 -1.7681e+00 -2.9366e+00
1179 0 +6.631008755e-02 +7.954631009e+01 +7.954631009e+01 +2.6774e-01 -1.2863e+00 -6.9451e-01 +1.7974e+00 -2.6148e+00 +4.8350e-01 -1.5046e-01 +8.2281e-03 -1.6449e+00 -2.9425e+00
1213 0 +4.621739894e-02 +7.952621740e+01 +7.952621740e+01 +2.2268e-01 -1.1639e+00 -8.5285e-01 +1.9042e+00 -2.5814e+00 +4.0387e-01 -1.3388e-01 +2.4593e-01 -1.6184e+00 -3.0740e+00
1390 0 +3.379277294e-02 +7.951379277e+01 +7.951379277e+01 +1.7947e-01 -1.2193e+00 -7.7158e-01 +1.8376e+00 -2.6455e+00 +4.3083e-01 -5.1346e-02 +1.3791e-01 -1.5486e+00 -3.0284e+00
1470 0 +3.095331944e-02 +7.951095332e+01 +7.951095332e+01 +3.9792e-01 -1.1677e+00 -7.4258e-01 +1.8773e+00 -2.7237e+00 +4.2139e-01 -1.2129e-01 +1.0693e-01 -1.6620e+00 -2.9873e+00
1515 0 +1.765780410e-02 +7.949765780e+01 +7.949765780e+01 +2.5605e-01 -1.2019e+00 -8.1964e-01 +1.8743e+00 -2.6924e+00 +4.2061e-01 -1.4532e-01 +1.2770e-01 -1.6364e+00 -3.1002e+00
1527 0 +1.662171092e-02 +7.949662171e+01 +7.949662171e+01 +2.4057e-01 -1.1919e+00 -7.2327e-01 +1.8822e+00 -2.6355e+00 +4.6649e-01 -7.8010e-02 +1.3895e-01 -1.5707e+00 -2.9868e+00
1649 0 +1.293591376e-02 +7.949293591e+01 +7.949293591e+01 +2.7140e-01 -1.1083e+00 -7.6555e-01 +1.9307e+00 -2.6241e+00 +4.3779e-01 -1.7042e-01 +7.1460e-02 -1.6318e+00 -3.0536e+00
1714 0 +1.272740727e-02 +7.949272741e+01 +7.949272741e+01 +2.5047e-01 -1.1506e+00 -6.3391e-01 +1.8911e+00 -2.7063e+00 +4.2526e-01 -6.7348e-02 +1.1929e-01 -1.6384e+00 -3.0458e+00
1771 0 +1.215983682e-02 +7.949215984e+01 +7.949215984e+01 +2.3158e-01 -1.1418e+00 -6.7588e-01 +1.9644e+00 -2.6726e+00 +4.6429e-01 -1.9017e-01 +1.5704e-01 -1.6537e+00 -3.0545e+00
1779 0 +9.230453338e-03 +7.948923045e+01 +7.948923045e+01 +2.7434e-01 -1.2060e+00 -7.5770e-01 +1.9323e+00 -2.7276e+00 +4.1265e-01 -1.1603e-01 +9.4382e-02 -1.6053e+00 -3.0752e+00
1797 0 +8.153760921e-03 +7.948815376e+01 +7.948815376e+01 +2.8162e-01 -1.1109e+00 -6.9724e-01 +1.9329e+00 -2.6594e+00 +4.6272e-01 -9.5771e-02 +1.4671e-01 -1.6287e+00 -3.0042e+00
1813 0 +3.891931817e-03 +7.948389193e+01 +7.948389193e+01 +2.6375e-01 -1.1228e+00 -7.4196e-01 +1.9165e+00 -2.6445e+00 +4.6114e-01 -1.1764e-01 +1.0751e-01 -1.6255e+00 -3.0416e+00
1881 0 +3.168716911e-03 +7.948316872e+01 +7.948316872e+01 +2.5207e-01 -1.1686e+00 -7.0031e-01 +1.9300e+00 -2.6439e+00 +4.3077e-01 -1.1249e-01 +1.5172e-01 -1.6381e+00 -3.0514e+00
1905 0 +3.068738668e-03 +7.948306874e+01 +7.948306874e+01 +2.4781e-01 -1.1505e+00 -7.0612e-01 +1.9114e+00 -2.6804e+00 +4.4442e-01 -9.4899e-02 +1.6189e-01 -1.6513e+00 -3.0544e+00
1911 0 +2.199886511e-03 +7.948219989e+01 +7.948219989e+01 +2.7430e-01 -1.1669e+00 -7.2191e-01 +1.9197e+00 -2.6648e+00 +4.6347e-01 -1.4302e-01 +1.1683e-01 -1.6343e+00 -3.0452e+00
2037 0 +9.678810962e-04 +7.948096788e+01 +7.948096788e+01 +2.4360e-01 -1.1441e+00 -7.4509e-01 +1.9215e+00 -2.6674e+00 +4.3610e-01 -1.1134e-01 +1.2412e-01 -1.6364e+00 -3.0475e+00
2117 0 +8.838722971e-04 +7.948088387e+01 +7.948088387e+01 +2.6141e-01 -1.1545e+00 -7.3195e-01 +1.9170e+00 -2.6710e+00 +4.4606e-01 -1.3445e-01 +1.0992e-01 -1.6474e+00 -3.0514e+00
2216 0 +7.321984489e-04 +7.948073220e+01 +7.948073220e+01 +2.5057e-01 -1.1647e+00 -7.3607e-01 +1.9256e+00 -2.6826e+00 +4.4702e-01 -9.7394e-02 +1.2136e-01 -1.6437e+00 -3.0574e+00
2245 0 +7.183596408e-04 +7.948071836e+01 +7.948071836e+01 +2.4606e-01 -1.1673e+00 -7.1720e-01 +1.9186e+00 -2.6704e+00 +4.3232e-01 -9.9908e-02 +1.2378e-01 -1.6386e+00 -3.0519e+00
2313 0 +6.846617163e-04 +7.948068466e+01 +7.948068466e+01 +2.5816e-01 -1.1682e+00 -7.2473e-01 +1.9315e+00 -2.6720e+00 +4.5359e-01 -1.2283e-01 +1.2543e-01 -1.6377e+00 -3.0634e+00
2315 0 +6.591042531e-04 +7.948065910e+01 +7.948065910e+01 +2.5503e-01 -1.1535e+00 -7.1952e-01 +1.9268e+00 -2.6679e+00 +4.3869e-01 -1.2276e-01 +1.2157e-01 -1.6359e+00 -3.0716e+00
2423 0 +2.098949857e-04 +7.948020989e+01 +7.948020989e+01 +2.4708e-01 -1.1596e+00 -7.3030e-01 +1.9216e+00 -2.6737e+00 +4.4070e-01 -1.1690e-01 +1.1535e-01 -1.6345e+00 -3.0560e+00
2457 0 +1.694118383e-04 +7.948016941e+01 +7.948016941e+01 +2.4711e-01 -1.1623e+00 -7.2728e-01 +1.9313e+00 -2.6785e+00 +4.3909e-01 -1.1468e-01 +1.1837e-01 -1.6426e+00 -3.0570e+00
% f evaluations | g evaluations | best noise-free fitness - Fopt (3.944800000000e+02) + sum g_i+ | measured fitness | best measured fitness or single-digit g-values | x1 | x2...
1 0 +8.761602456e+01 +4.820960246e+02 +4.820960246e+02 +5.9671e-01 -3.8264e-02 +7.4769e-01 +1.6230e+00 -1.3415e-01 -1.3414e-01 +1.6792e+00 +8.6743e-01 -3.6947e-01 +6.4256e-01
11 0 +7.822032072e+01 +4.727003207e+02 +4.727003207e+02 -1.3154e+00 -3.2065e-01 -2.4271e-01 -7.0228e-01 -6.1286e-02 +5.0405e-01 +1.9862e+00 +2.7458e-01 +3.5755e-01 +2.5554e-02
19 0 +7.383007722e+01 +4.683100772e+02 +4.683100772e+02 +7.2567e-01 -7.5716e-01 -9.7089e-01 +5.8247e-01 -1.2346e-01 +8.1400e-01 +5.7324e-01 +2.7171e-02 -7.4679e-01 -1.4148e+00
27 0 +6.538882679e+01 +4.598688268e+02 +4.598688268e+02 -8.2693e-01 +4.0475e-02 -3.1413e+00 -9.2439e-01 -1.5257e-01 -1.1478e+00 +1.7324e+00 -1.3301e+00 -3.4004e-01 +2.3074e-01
44 0 +5.980977154e+01 +4.542897715e+02 +4.542897715e+02 -1.0833e+00 -1.9392e+00 -1.6941e-01 +8.1754e-01 +1.6024e+00 +1.7409e-01 +1.7286e+00 -1.2801e+00 -1.6034e+00 +4.4452e-02
51 0 +2.962171880e+01 +4.241017188e+02 +4.241017188e+02 -1.1511e+00 -2.1283e+00 -3.1743e+00 +2.5432e+00 -3.5492e-01 -1.5302e+00 +1.7717e+00 -3.5912e-01 -4.1248e-01 -1.5738e-01
107 0 +2.446469955e+01 +4.189446995e+02 +4.189446995e+02 -2.0916e+00 -2.6817e+00 -3.4804e+00 +2.9413e+00 +1.6294e+00 -2.5923e+00 +4.3634e+00 +6.4043e-01 -2.5827e+00 +2.7596e-02
141 0 +2.375084487e+01 +4.182308449e+02 +4.182308449e+02 -1.7200e+00 -1.8175e-02 -3.6783e+00 +2.6145e+00 +3.6592e-01 -2.1340e+00 +1.1714e+00 -5.8254e-01 -7.5481e-01 -1.9884e+00
151 0 +2.149410442e+01 +4.159741044e+02 +4.159741044e+02 -3.0633e+00 -2.4859e+00 -2.9742e+00 +4.1023e+00 +4.6651e-01 -2.9918e-01 +3.3201e+00 -3.3816e+00 -2.4717e+00 -2.0963e+00
158 0 +1.937365759e+01 +4.138536576e+02 +4.138536576e+02 -3.7526e+00 -3.8422e+00 -2.1563e+00 +4.0863e+00 +1.6081e-01 -2.4801e+00 +3.1463e-01 +1.5841e+00 -7.0832e-01 -3.0740e+00
164 0 +9.109809578e+00 +4.035898096e+02 +4.035898096e+02 -2.6426e+00 -1.4470e+00 -3.4758e+00 +3.4548e+00 +2.0963e+00 -1.8183e+00 +4.0568e+00 -2.9883e-01 -1.3193e+00 -2.4038e+00
357 0 +6.158115702e+00 +4.006381157e+02 +4.006381157e+02 -2.4144e+00 -3.5350e+00 -4.0787e+00 +3.8157e+00 +1.0254e+00 -3.7953e+00 +3.9837e+00 -2.1879e-01 -2.2422e+00 -3.1433e+00
444 0 +5.407415269e+00 +3.998874153e+02 +3.998874153e+02 -3.1334e+00 -3.1934e+00 -2.8799e+00 +3.3078e+00 +1.2193e+00 -3.7664e+00 +2.3655e+00 -6.4733e-01 -2.3119e-01 -2.7064e+00
505 0 +4.540283406e+00 +3.990202834e+02 +3.990202834e+02 -3.6594e+00 -2.9548e+00 -3.7688e+00 +3.4564e+00 +2.5986e+00 -2.3032e+00 +4.3211e+00 -6.5004e-01 -9.8618e-01 -3.4073e+00
572 0 +1.741852807e+00 +3.962218528e+02 +3.962218528e+02 -4.1646e+00 -3.5317e+00 -3.7028e+00 +3.8011e+00 -1.3619e-01 -2.8876e+00 +3.8468e+00 -6.8010e-01 -1.1602e+00 -3.6841e+00
910 0 +9.626418510e-01 +3.954426419e+02 +3.954426419e+02 -4.0634e+00 -2.5667e+00 -4.1518e+00 +3.8475e+00 +9.2570e-01 -2.5115e+00 +2.8111e+00 -2.5097e-01 -7.6296e-01 -3.6439e+00
921 0 +9.151860324e-01 +3.953951860e+02 +3.953951860e+02 -4.2751e+00 -2.7106e+00 -3.5412e+00 +3.9077e+00 +2.3214e-01 -2.9050e+00 +3.2063e+00 -6.2273e-01 -1.2971e+00 -3.9590e+00
1051 0 +8.750826793e-01 +3.953550827e+02 +3.953550827e+02 -3.5282e+00 -2.7321e+00 -3.7569e+00 +4.1019e+00 +9.9609e-01 -2.4571e+00 +3.8149e+00 -1.0738e+00 -1.1571e+00 -3.8625e+00
1109 0 +8.663602821e-01 +3.953463603e+02 +3.953463603e+02 -4.1539e+00 -2.7086e+00 -3.7806e+00 +4.1083e+00 +1.5179e+00 -2.9511e+00 +3.5078e+00 -4.7079e-01 -1.0335e+00 -3.2383e+00
1118 0 +5.152489779e-01 +3.949952490e+02 +3.949952490e+02 -3.7902e+00 -3.3162e+00 -3.8480e+00 +3.7785e+00 +6.3387e-01 -2.5826e+00 +3.5374e+00 -8.3216e-01 -6.0766e-01 -3.8423e+00
1204 0 +3.656705054e-01 +3.948456705e+02 +3.948456705e+02 -3.7438e+00 -2.9246e+00 -3.5876e+00 +3.7167e+00 +5.8096e-01 -2.7805e+00 +3.2403e+00 -7.7398e-01 -5.7619e-01 -3.7277e+00
1208 0 +3.462494349e-01 +3.948262494e+02 +3.948262494e+02 -3.4610e+00 -2.8825e+00 -3.7542e+00 +4.0922e+00 +7.9019e-01 -2.6846e+00 +3.2200e+00 -4.9201e-01 -9.2292e-01 -3.7109e+00
1209 0 +2.792538311e-01 +3.947592538e+02 +3.947592538e+02 -3.6287e+00 -3.2059e+00 -3.7329e+00 +4.0244e+00 +9.8052e-01 -3.0865e+00 +3.4018e+00 -4.3640e-01 -9.3595e-01 -3.6414e+00
1228 0 +2.378018140e-01 +3.947178018e+02 +3.947178018e+02 -4.0780e+00 -2.8195e+00 -3.7408e+00 +4.0762e+00 +1.0741e+00 -2.9214e+00 +3.7075e+00 -4.6387e-01 -9.2048e-01 -3.9145e+00
1255 0 +2.010041205e-01 +3.946810041e+02 +3.946810041e+02 -3.8971e+00 -2.9812e+00 -3.8827e+00 +3.9055e+00 +7.4578e-01 -2.6466e+00 +3.4502e+00 -8.4417e-01 -6.7229e-01 -3.7898e+00
1273 0 +1.838992037e-01 +3.946638992e+02 +3.946638992e+02 -4.0420e+00 -2.7294e+00 -3.8739e+00 +3.9527e+00 +7.4098e-01 -3.0319e+00 +3.4546e+00 -3.1808e-01 -8.6929e-01 -3.8772e+00
1301 0 +1.485090424e-01 +3.946285090e+02 +3.946285090e+02 -4.0057e+00 -3.0097e+00 -3.7521e+00 +3.8554e+00 +6.2835e-01 -2.8320e+00 +3.3296e+00 -7.5548e-01 -9.9739e-01 -3.6433e+00
1310 0 +1.214364656e-01 +3.946014365e+02 +3.946014365e+02 -3.8686e+00 -2.9393e+00 -3.8458e+00 +3.8887e+00 +8.6335e-01 -3.1675e+00 +3.6076e+00 -5.9181e-01 -1.0241e+00 -3.7176e+00
1354 0 +8.805443257e-02 +3.945680544e+02 +3.945680544e+02 -3.9080e+00 -3.0207e+00 -3.6996e+00 +3.8959e+00 +8.3862e-01 -2.8747e+00 +3.3608e+00 -5.3975e-01 -6.6592e-01 -3.6974e+00
1366 0 +7.697599229e-02 +3.945569760e+02 +3.945569760e+02 -3.8724e+00 -2.8895e+00 -3.8808e+00 +4.1054e+00 +9.5613e-01 -2.7713e+00 +3.4279e+00 -6.4586e-01 -9.0372e-01 -3.7218e+00
1424 0 +6.738056933e-02 +3.945473806e+02 +3.945473806e+02 -3.8844e+00 -2.9251e+00 -3.8653e+00 +3.9538e+00 +8.9846e-01 -2.8023e+00 +3.4973e+00 -7.4362e-01 -7.4630e-01 -3.6593e+00
1441 0 +3.702670657e-02 +3.945170267e+02 +3.945170267e+02 -3.8383e+00 -2.8241e+00 -3.8213e+00 +3.9122e+00 +9.1135e-01 -2.9227e+00 +3.5283e+00 -6.4841e-01 -8.4661e-01 -3.6128e+00
1512 0 +3.320774364e-02 +3.945132077e+02 +3.945132077e+02 -3.9144e+00 -2.9850e+00 -3.7980e+00 +3.8738e+00 +7.7022e-01 -2.9210e+00 +3.5020e+00 -7.0317e-01 -8.6991e-01 -3.7083e+00
1549 0 +2.563737284e-02 +3.945056374e+02 +3.945056374e+02 -3.8173e+00 -2.8037e+00 -3.8306e+00 +3.9084e+00 +8.5001e-01 -2.8368e+00 +3.4062e+00 -6.3376e-01 -8.9639e-01 -3.6786e+00
1582 0 +2.432685303e-02 +3.945043269e+02 +3.945043269e+02 -3.8705e+00 -2.8091e+00 -3.7672e+00 +3.8636e+00 +8.4140e-01 -2.9537e+00 +3.5182e+00 -5.3229e-01 -8.5369e-01 -3.7146e+00
1587 0 +1.855713780e-02 +3.944985571e+02 +3.944985571e+02 -3.9044e+00 -2.8637e+00 -3.7815e+00 +3.9652e+00 +8.4939e-01 -2.9814e+00 +3.4146e+00 -5.9325e-01 -9.1946e-01 -3.6608e+00
1620 0 +1.387535906e-02 +3.944938754e+02 +3.944938754e+02 -3.9675e+00 -2.8937e+00 -3.8363e+00 +3.9203e+00 +8.6851e-01 -2.9211e+00 +3.3708e+00 -5.8164e-01 -8.4734e-01 -3.7167e+00
1650 0 +7.739459468e-03 +3.944877395e+02 +3.944877395e+02 -3.8534e+00 -2.8640e+00 -3.7973e+00 +3.8965e+00 +8.7050e-01 -2.8619e+00 +3.4431e+00 -6.1045e-01 -8.3282e-01 -3.7160e+00
1783 0 +6.481595796e-03 +3.944864816e+02 +3.944864816e+02 -3.8631e+00 -2.8872e+00 -3.8265e+00 +3.8756e+00 +8.6295e-01 -2.8721e+00 +3.4417e+00 -6.2991e-01 -9.0258e-01 -3.6985e+00
1791 0 +4.632255867e-03 +3.944846323e+02 +3.944846323e+02 -3.8730e+00 -2.8631e+00 -3.8249e+00 +3.9130e+00 +8.4118e-01 -2.9387e+00 +3.4639e+00 -5.9445e-01 -8.9760e-01 -3.7592e+00
1987 0 +3.357363771e-03 +3.944833574e+02 +3.944833574e+02 -3.8904e+00 -2.8574e+00 -3.7858e+00 +3.8948e+00 +8.4861e-01 -2.8950e+00 +3.4495e+00 -5.7424e-01 -8.9743e-01 -3.7615e+00
2079 0 +2.426793907e-03 +3.944824268e+02 +3.944824268e+02 -3.9126e+00 -2.8958e+00 -3.7762e+00 +3.9303e+00 +8.4750e-01 -2.8870e+00 +3.4510e+00 -5.9582e-01 -8.6900e-01 -3.7207e+00
2111 0 +1.926982692e-03 +3.944819270e+02 +3.944819270e+02 -3.9220e+00 -2.9036e+00 -3.7878e+00 +3.8912e+00 +8.7507e-01 -2.9021e+00 +3.4574e+00 -6.0541e-01 -8.6464e-01 -3.7394e+00
2179 0 +1.047293303e-03 +3.944810473e+02 +3.944810473e+02 -3.9049e+00 -2.8783e+00 -3.8085e+00 +3.8972e+00 +8.6493e-01 -2.9062e+00 +3.4469e+00 -6.0792e-01 -8.8651e-01 -3.7604e+00
2329 0 +6.080876446e-04 +3.944806081e+02 +3.944806081e+02 -3.8838e+00 -2.8803e+00 -3.8111e+00 +3.9080e+00 +8.7167e-01 -2.9004e+00 +3.4471e+00 -6.0444e-01 -8.8376e-01 -3.7320e+00
2445 0 +5.273484829e-04 +3.944805273e+02 +3.944805273e+02 -3.8929e+00 -2.8875e+00 -3.7988e+00 +3.9166e+00 +8.6155e-01 -2.9193e+00 +3.4472e+00 -5.9429e-01 -8.8532e-01 -3.7448e+00
% f evaluations | g evaluations | best noise-free fitness - Fopt (-2.471100000000e+02) + sum g_i+ | measured fitness | best measured fitness or single-digit g-values | x1 | x2...
1 0 +9.458130888e+01 -1.525286911e+02 -1.525286911e+02 +5.9671e-01 -3.8264e-02 +7.4769e-01 +1.6230e+00 -1.3415e-01 -1.3414e-01 +1.6792e+00 +8.6743e-01 -3.6947e-01 +6.4256e-01
2 0 +8.008364625e+01 -1.670263537e+02 -1.670263537e+02 -3.6342e-01 -3.6573e-01 +3.4196e-01 -1.8133e+00 -1.6249e+00 -4.6229e-01 -9.1283e-01 +4.1425e-01 -8.0802e-01 -1.3123e+00
4 0 +7.041624239e+01 -1.766937576e+02 -1.766937576e+02 -5.0171e-01 +1.9523e+00 +8.6503e-02 -9.5771e-01 +9.2254e-01 -1.1208e+00 +3.0886e-01 -1.8597e+00 -1.2282e+00 +2.9686e-01
11 0 +5.517904283e+01 -1.919309572e+02 -1.919309572e+02 -1.3154e+00 -3.2065e-01 -2.4271e-01 -7.0228e-01 -6.1286e-02 +5.0405e-01 +1.9862e+00 +2.7458e-01 +3.5755e-01 +2.5554e-02
51 0 +5.194899713e+01 -1.951610029e+02 -1.951610029e+02 -2.4008e+00 -1.0497e+00 -3.2179e+00 -1.4433e+00 -7.5817e-01 -9.7659e-01 +3.8976e-01 -1.8528e+00 -1.1922e+00 +1.5070e-01
53 0 +4.391136749e+01 -2.031986325e+02 -2.031986325e+02 -1.9691e+00 -2.7780e-01 -2.8515e+00 -2.8918e+00 +9.9251e-01 +2.7205e+00 +1.6409e+00 -1.1302e+00 +1.5922e+00 +5.6371e-01
64 0 +3.665988452e+01 -2.104501155e+02 -2.104501155e+02 -1.5976e+00 +1.0628e+00 -6.9848e-01 -3.0755e+00 -1.5712e-01 +5.0191e-01 +1.5025e+00 -7.8865e-01 +1.6239e-01 +3.8032e-01
108 0 +3.187770942e+01 -2.152322906e+02 -2.152322906e+02 -4.6313e+00 +1.5065e+00 -1.9453e+00 +3.2279e-01 -1.4263e+00 +1.4923e+00 +1.4558e+00 -2.0294e+00 -1.9383e-01 +1.5436e+00
111 0 +2.267254038e+01 -2.244374596e+02 -2.244374596e+02 -4.5441e+00 +1.6447e+00 -4.7061e-01 -7.1714e-01 -2.4579e+00 +1.4408e+00 +2.6295e+00 -2.1672e+00 -9.7434e-01 +4.2587e-01
121 0 +1.662520888e+01 -2.304847911e+02 -2.304847911e+02 -3.7591e+00 +1.9125e+00 -2.4465e+00 -2.0452e+00 -3.5768e+00 +1.0908e-01 +2.3203e+00 -3.2241e+00 -6.6263e-01 +1.7400e+00
208 0 +1.379955925e+01 -2.333104407e+02 -2.333104407e+02 -3.5807e+00 +1.4753e+00 -8.0275e-01 -2.1924e+00 -2.9200e+00 +6.8278e-01 +1.7881e+00 -3.2115e+00 -2.1649e+00 +3.3151e+00
235 0 +9.527072173e+00 -2.375829278e+02 -2.375829278e+02 -4.0980e+00 -1.9805e-01 -1.7608e+00 -4.6760e+00 -1.6939e+00 +3.2553e+00 +4.0127e+00 -4.6269e+00 +1.4763e-01 +1.0547e+00
377 0 +2.985523251e+00 -2.441244767e+02 -2.441244767e+02 -3.7249e+00 +5.3675e-01 -9.0456e-01 -3.8532e+00 -2.0510e+00 +2.0997e+00 +3.8035e+00 -2.9723e+00 -5.2660e-01 +3.2837e+00
577 0 +2.612322773e+00 -2.444976772e+02 -2.444976772e+02 -2.7682e+00 +4.4121e-01 -4.8653e-02 -2.9754e+00 -3.0587e+00 +2.0423e+00 +3.6114e+00 -3.9936e+00 +3.7543e-01 +2.4572e+00
746 0 +1.355631559e+00 -2.457543684e+02 -2.457543684e+02 -3.3582e+00 -2.6628e-01 -9.2731e-01 -4.0807e+00 -2.7257e+00 +2.0779e+00 +2.8785e+00 -3.4058e+00 -3.9789e-01 +2.5905e+00
860 0 +1.313581617e+00 -2.457964184e+02 -2.457964184e+02 -3.2939e+00 +3.7959e-01 -9.5546e-01 -3.3196e+00 -2.8562e+00 +2.4970e+00 +3.9490e+00 -3.8034e+00 -2.3344e-01 +2.4247e+00
873 0 +1.230296291e+00 -2.458797037e+02 -2.458797037e+02 -3.7472e+00 +7.0887e-01 -5.9946e-01 -4.3164e+00 -3.0735e+00 +2.1495e+00 +3.6697e+00 -3.5166e+00 +3.4653e-01 +2.7340e+00
944 0 +1.056577400e+00 -2.460534226e+02 -2.460534226e+02 -4.2006e+00 +2.9174e-01 -6.2410e-01 -3.6925e+00 -3.2033e+00 +2.6305e+00 +3.4036e+00 -3.7363e+00 +6.2284e-01 +2.3475e+00
972 0 +7.421386992e-01 -2.463678613e+02 -2.463678613e+02 -3.8816e+00 +7.5451e-01 -6.5245e-01 -3.8477e+00 -3.3032e+00 +2.6171e+00 +2.7322e+00 -3.7723e+00 -1.3417e-01 +2.9271e+00
974 0 +4.559272134e-01 -2.466540728e+02 -2.466540728e+02 -3.9908e+00 +5.4084e-01 -7.9019e-01 -3.3137e+00 -3.0175e+00 +2.3688e+00 +3.2464e+00 -4.2061e+00 -3.9918e-02 +2.5828e+00
1071 0 +3.387276213e-01 -2.467712724e+02 -2.467712724e+02 -3.7595e+00 +4.2896e-01 -6.9942e-01 -4.0372e+00 -2.9363e+00 +2.5000e+00 +3.0858e+00 -3.6671e+00 -1.3942e-01 +2.9699e+00
1191 0 +2.058329397e-01 -2.469041671e+02 -2.469041671e+02 -3.9889e+00 +1.7927e-01 -4.0421e-01 -3.6774e+00 -2.9788e+00 +2.4210e+00 +3.1914e+00 -3.8150e+00 -2.9270e-01 +2.7915e+00
1419 0 +1.975277085e-01 -2.469124723e+02 -2.469124723e+02 -3.8003e+00 +3.6406e-01 -9.0470e-01 -3.7193e+00 -3.1876e+00 +2.3171e+00 +2.9886e+00 -4.1210e+00 +7.0413e-02 +2.8653e+00
1429 0 +1.140868939e-01 -2.469959131e+02 -2.469959131e+02 -3.8122e+00 +2.7675e-02 -7.0607e-01 -3.4972e+00 -3.1859e+00 +2.4289e+00 +3.3628e+00 -3.9055e+00 -1.3910e-01 +2.8232e+00
1511 0 +5.288262433e-02 -2.470571174e+02 -2.470571174e+02 -3.8889e+00 +2.2224e-01 -5.4475e-01 -3.7104e+00 -3.0651e+00 +2.4310e+00 +3.2354e+00 -3.9387e+00 +1.0512e-03 +2.7740e+00
1662 0 +4.850199938e-02 -2.470614980e+02 -2.470614980e+02 -3.9274e+00 +1.7041e-01 -7.6068e-01 -3.7131e+00 -3.0741e+00 +2.2988e+00 +3.2110e+00 -3.9166e+00 -1.3042e-01 +2.6777e+00
1677 0 +4.636979213e-02 -2.470636302e+02 -2.470636302e+02 -3.8152e+00 +2.2324e-01 -6.1740e-01 -3.7876e+00 -3.2019e+00 +2.2784e+00 +3.0929e+00 -3.9001e+00 -1.1631e-01 +2.8448e+00
1682 0 +4.570999059e-02 -2.470642900e+02 -2.470642900e+02 -3.8221e+00 +3.2156e-01 -6.9679e-01 -3.5923e+00 -3.1182e+00 +2.2463e+00 +3.2794e+00 -3.8045e+00 -7.3845e-02 +2.8164e+00
1709 0 +4.296429519e-02 -2.470670357e+02 -2.470670357e+02 -3.8154e+00 +2.1846e-01 -7.3888e-01 -3.6523e+00 -3.2170e+00 +2.2446e+00 +3.2645e+00 -4.0282e+00 -8.7473e-02 +2.8912e+00
1714 0 +3.120999248e-02 -2.470787900e+02 -2.470787900e+02 -3.7149e+00 +2.7234e-01 -5.9774e-01 -3.6638e+00 -3.0807e+00 +2.3553e+00 +3.2352e+00 -3.8590e+00 -1.3738e-01 +2.8051e+00
1724 0 +2.959552514e-02 -2.470804045e+02 -2.470804045e+02 -3.8160e+00 +3.6573e-01 -6.8930e-01 -3.6843e+00 -3.0724e+00 +2.3496e+00 +3.1953e+00 -3.9186e+00 -5.3796e-02 +2.8327e+00
1753 0 +2.879420248e-02 -2.470812058e+02 -2.470812058e+02 -3.8226e+00 +3.0246e-01 -7.0655e-01 -3.6178e+00 -3.1332e+00 +2.3483e+00 +3.2053e+00 -3.8185e+00 -7.3939e-02 +2.8516e+00
1757 0 +2.719179658e-02 -2.470828082e+02 -2.470828082e+02 -3.7898e+00 +2.5168e-01 -6.9326e-01 -3.7661e+00 -3.1246e+00 +2.3278e+00 +3.1957e+00 -4.0474e+00 -9.3192e-02 +2.8288e+00
1762 0 +1.933903714e-02 -2.470906610e+02 -2.470906610e+02 -3.8352e+00 +1.7702e-01 -7.0478e-01 -3.7470e+00 -3.0717e+00 +2.3639e+00 +3.3126e+00 -3.8835e+00 -4.0572e-02 +2.8012e+00
1794 0 +1.619111703e-02 -2.470938089e+02 -2.470938089e+02 -3.7530e+00 +2.2563e-01 -7.5216e-01 -3.7532e+00 -3.0970e+00 +2.2754e+00 +3.1937e+00 -3.9578e+00 -1.1447e-01 +2.8164e+00
1801 0 +1.587490631e-02 -2.470941251e+02 -2.470941251e+02 -3.8005e+00 +1.8498e-01 -6.9404e-01 -3.7803e+00 -3.0970e+00 +2.2846e+00 +3.2323e+00 -3.9880e+00 -9.5309e-02 +2.7974e+00
1863 0 +1.313511348e-02 -2.470968649e+02 -2.470968649e+02 -3.8320e+00 +1.3129e-01 -6.5877e-01 -3.7090e+00 -3.1015e+00 +2.3278e+00 +3.2699e+00 -3.9129e+00 -8.1785e-02 +2.7702e+00
1896 0 +8.583028745e-03 -2.471014170e+02 -2.471014170e+02 -3.7700e+00 +2.3421e-01 -7.4051e-01 -3.7335e+00 -3.1062e+00 +2.3386e+00 +3.2193e+00 -3.9098e+00 -5.6202e-02 +2.8649e+00
1964 0 +8.323235939e-03 -2.471016768e+02 -2.471016768e+02 -3.8548e+00 +2.2813e-01 -6.8897e-01 -3.6917e+00 -3.1379e+00 +2.2817e+00 +3.2274e+00 -3.9099e+00 -1.1192e-01 +2.8281e+00
2009 0 +7.282249187e-03 -2.471027178e+02 -2.471027178e+02 -3.7908e+00 +1.8414e-01 -6.8813e-01 -3.6379e+00 -3.1091e+00 +2.3468e+00 +3.2455e+00 -3.8887e+00 -3.8046e-02 +2.8452e+00
2057 0 +6.249132914e-03 -2.471037509e+02 -2.471037509e+02 -3.8333e+00 +2.2994e-01 -6.7984e-01 -3.6728e+00 -3.0913e+00 +2.2834e+00 +3.2586e+00 -3.9377e+00 -8.9760e-02 +2.8415e+00
2061 0 +4.483617216e-03 -2.471055164e+02 -2.471055164e+02 -3.7904e+00 +2.1887e-01 -6.4592e-01 -3.7203e+00 -3.1103e+00 +2.2983e+00 +3.2350e+00 -3.9145e+00 -5.5887e-02 +2.8037e+00
2148 0 +3.639044524e-03 -2.471063610e+02 -2.471063610e+02 -3.7665e+00 +1.9224e-01 -6.9939e-01 -3.7039e+00 -3.1109e+00 +2.3025e+00 +3.2227e+00 -3.8930e+00 -6.3881e-02 +2.7857e+00
2229 0 +2.643480964e-03 -2.471073565e+02 -2.471073565e+02 -3.7895e+00 +2.1523e-01 -6.9501e-01 -3.6949e+00 -3.1070e+00 +2.3063e+00 +3.2075e+00 -3.9392e+00 -1.0990e-01 +2.8175e+00
2251 0 +1.986761744e-03 -2.471080132e+02 -2.471080132e+02 -3.7784e+00 +2.1377e-01 -6.6062e-01 -3.6896e+00 -3.0867e+00 +2.3013e+00 +3.2204e+00 -3.9115e+00 -8.0661e-02 +2.8169e+00
2282 0 +1.771412712e-03 -2.471082286e+02 -2.471082286e+02 -3.7833e+00 +1.9615e-01 -7.0757e-01 -3.7114e+00 -3.1016e+00 +2.3038e+00 +3.2381e+00 -3.9077e+00 -6.3472e-02 +2.8088e+00
2358 0 +1.622758154e-03 -2.471083772e+02 -2.471083772e+02 -3.7909e+00 +2.1316e-01 -6.9023e-01 -3.7047e+00 -3.0876e+00 +2.3156e+00 +3.2489e+00 -3.9097e+00 -5.4610e-02 +2.8223e+00
2364 0 +1.402509272e-03 -2.471085975e+02 -2.471085975e+02 -3.8116e+00 +2.1257e-01 -6.8358e-01 -3.7047e+00 -3.0885e+00 +2.3198e+00 +3.2097e+00 -3.8972e+00 -5.3510e-02 +2.8205e+00
2408 0 +5.150478478e-04 -2.471094850e+02 -2.471094850e+02 -3.7973e+00 +1.9532e-01 -6.9755e-01 -3.6973e+00 -3.0939e+00 +2.3060e+00 +3.2275e+00 -3.9041e+00 -6.5626e-02 +2.8224e+00
% f evaluations | g evaluations | best noise-free fitness - Fopt (-1.520400000000e+02) + sum g_i+ | measured fitness | best measured fitness or single-digit g-values | x1 | x2...
1 0 +5.467007893e+01 -9.736992107e+01 -9.736992107e+01 +5.9671e-01 -3.8264e-02 +7.4769e-01 +1.6230e+00 -1.3415e-01 -1.3414e-01 +1.6792e+00 +8.6743e-01 -3.6947e-01 +6.4256e-01
6 0 +3.091387674e+01 -1.211261233e+02 -1.211261233e+02 +4.2408e-01 -2.8508e-01 -5.7692e-01 +7.1168e-01 +1.1310e+00 +1.0313e+00 -7.3922e-01 -2.0921e-01 +4.3126e-01 +1.0755e+00
15 0 +3.066403163e+01 -1.213759684e+02 -1.213759684e+02 +3.2746e-01 +1.4071e+00 -1.5075e+00 +2.8463e-01 +3.5988e-01 +8.8182e-01 -1.1370e+00 -1.2205e+00 +6.2194e-01 +3.9698e-01
40 0 +2.379105509e+01 -1.282489449e+02 -1.282489449e+02 -7.9841e-01 +5.9192e-01 -1.2202e+00 +1.9315e+00 +1.2794e+00 -3.6918e-01 -1.6131e+00 +1.4539e+00 -1.4540e-02 +1.3378e+00
51 0 +2.313944031e+01 -1.289005597e+02 -1.289005597e+02 +1.9790e+00 +2.8947e-01 -3.1226e+00 +8.5035e-01 +1.8714e+00 -1.9191e+00 -1.4505e+00 -2.6189e-01 +1.0997e+00 +1.2638e+00
54 0 +1.273694546e+01 -1.393030545e+02 -1.393030545e+02 -3.3891e-01 +1.0906e+00 -2.9497e+00 +3.3781e+00 +5.4483e-01 -1.7308e+00 -5.7615e-01 -6.2145e-01 +1.4118e+00 +1.3581e+00
109 0 +9.337312083e+00 -1.427026879e+02 -1.427026879e+02 -1.6776e+00 +1.3659e+00 -2.7396e+00 +3.3280e+00 +1.5363e+00 -5.2634e-01 -2.8626e+00 +1.4573e-01 +1.4436e+00 +3.6922e+00
167 0 +9.154355567e+00 -1.428856444e+02 -1.428856444e+02 +9.8105e-01 +1.1942e+00 -2.7613e+00 +3.8189e+00 +3.6481e+00 +8.4252e-01 -2.4073e-01 -1.9748e+00 +1.6018e-01 +3.8017e+00
372 0 +5.552410273e+00 -1.464875897e+02 -1.464875897e+02 -1.1863e+00 +1.1676e+00 -4.4068e+00 +4.0151e+00 +2.7151e+00 +1.2114e+00 -1.2495e+00 +2.4516e-01 +2.1644e-01 +3.4660e+00
388 0 +5.431872720e+00 -1.466081273e+02 -1.466081273e+02 +5.9142e-01 +8.4607e-01 -3.5824e+00 +3.2360e+00 +2.8922e+00 -1.5267e+00 -4.6238e-01 -2.1998e-01 +1.4317e+00 +4.3721e+00
461 0 +1.184833252e+00 -1.508551667e+02 -1.508551667e+02 +1.3376e-01 +1.7751e+00 -4.2468e+00 +3.4797e+00 +1.9386e+00 -1.7570e-01 -5.0760e-01 -7.8204e-01 +1.0592e+00 +3.7773e+00
636 0 +8.214040913e-01 -1.512185959e+02 -1.512185959e+02 -1.4410e-01 +1.0556e+00 -4.1800e+00 +3.5652e+00 +2.5810e+00 +4.8959e-01 -5.9151e-01 -7.8895e-01 +2.0207e+00 +3.6569e+00
663 0 +8.103609080e-01 -1.512296391e+02 -1.512296391e+02 -7.6580e-02 +1.4700e+00 -3.7365e+00 +3.3677e+00 +1.9605e+00 +2.7748e-01 -1.0838e+00 -4.2815e-01 +9.0563e-01 +3.6681e+00
727 0 +3.947568298e-01 -1.516452432e+02 -1.516452432e+02 -4.1102e-01 +1.2945e+00 -3.7009e+00 +3.2566e+00 +1.9953e+00 +1.9892e-01 -1.1533e+00 -6.6282e-01 +1.2849e+00 +3.4959e+00
993 0 +2.813186540e-01 -1.517586813e+02 -1.517586813e+02 +6.4690e-02 +1.4295e+00 -3.9901e+00 +3.4527e+00 +2.3920e+00 -6.0919e-03 -8.7885e-01 -5.7023e-01 +1.2596e+00 +3.6869e+00
1105 0 +2.575470213e-01 -1.517824530e+02 -1.517824530e+02 -3.7965e-01 +1.1979e+00 -3.8630e+00 +3.5812e+00 +2.3658e+00 +2.3481e-01 -1.0157e+00 -9.4465e-01 +1.4744e+00 +3.6227e+00
1109 0 +2.358615599e-01 -1.518041384e+02 -1.518041384e+02 -4.6428e-01 +1.4113e+00 -3.8810e+00 +2.9991e+00 +2.2745e+00 +4.5442e-02 -9.7409e-01 -9.2683e-01 +1.3813e+00 +3.4862e+00
1158 0 +1.291637780e-01 -1.519108362e+02 -1.519108362e+02 -2.3363e-01 +1.2662e+00 -3.9262e+00 +3.2299e+00 +2.5731e+00 +1.7025e-01 -7.5982e-01 -9.4143e-01 +1.5231e+00 +3.5266e+00
1265 0 +8.446141188e-02 -1.519555386e+02 -1.519555386e+02 -1.2354e-01 +1.3070e+00 -3.8950e+00 +3.1427e+00 +2.5033e+00 +2.0884e-01 -9.1484e-01 -6.3304e-01 +1.5838e+00 +3.5264e+00
1357 0 +6.549972622e-02 -1.519745003e+02 -1.519745003e+02 -3.5644e-01 +1.4849e+00 -3.8838e+00 +3.3394e+00 +2.3535e+00 +2.4175e-01 -7.4785e-01 -6.8162e-01 +1.3673e+00 +3.5322e+00
1396 0 +5.629238777e-02 -1.519837076e+02 -1.519837076e+02 -2.5493e-01 +1.4632e+00 -3.7665e+00 +3.2658e+00 +2.4331e+00 +8.6933e-02 -9.2242e-01 -5.8509e-01 +1.5003e+00 +3.5759e+00
1413 0 +5.137326578e-02 -1.519886267e+02 -1.519886267e+02 -3.8961e-01 +1.4127e+00 -3.7813e+00 +3.2511e+00 +2.4034e+00 +8.5997e-02 -8.3936e-01 -6.6298e-01 +1.5756e+00 +3.4581e+00
1514 0 +4.850644640e-02 -1.519914936e+02 -1.519914936e+02 -3.1930e-01 +1.4514e+00 -3.9405e+00 +3.2532e+00 +2.2919e+00 +1.9594e-01 -9.7390e-01 -5.8667e-01 +1.5264e+00 +3.5229e+00
1544 0 +4.835713483e-02 -1.519916429e+02 -1.519916429e+02 -3.6926e-01 +1.3636e+00 -3.8582e+00 +3.2642e+00 +2.4184e+00 +7.2063e-02 -9.4821e-01 -6.4956e-01 +1.6227e+00 +3.4709e+00
1560 0 +4.816648054e-02 -1.519918335e+02 -1.519918335e+02 -2.1949e-01 +1.4179e+00 -3.9089e+00 +3.1506e+00 +2.3833e+00 +1.1266e-01 -8.2738e-01 -7.1785e-01 +1.5355e+00 +3.6125e+00
1566 0 +2.231321546e-02 -1.520176868e+02 -1.520176868e+02 -2.8056e-01 +1.5163e+00 -3.9308e+00 +3.3601e+00 +2.3771e+00 +8.2599e-02 -8.6559e-01 -6.6107e-01 +1.5377e+00 +3.4864e+00
1603 0 +1.462242843e-02 -1.520253776e+02 -1.520253776e+02 -2.3369e-01 +1.4339e+00 -3.9347e+00 +3.3378e+00 +2.3581e+00 +1.4801e-01 -8.2429e-01 -7.0805e-01 +1.5500e+00 +3.5298e+00
1656 0 +1.447865602e-02 -1.520255213e+02 -1.520255213e+02 -2.6984e-01 +1.3861e+00 -3.8451e+00 +3.2295e+00 +2.4038e+00 +1.2498e-01 -8.7576e-01 -7.0845e-01 +1.4961e+00 +3.5154e+00
1688 0 +1.300291406e-02 -1.520269971e+02 -1.520269971e+02 -2.7105e-01 +1.4314e+00 -3.8906e+00 +3.3102e+00 +2.3951e+00 +1.6850e-01 -8.9369e-01 -5.9970e-01 +1.5125e+00 +3.4731e+00
1692 0 +1.294186380e-02 -1.520270581e+02 -1.520270581e+02 -2.2868e-01 +1.3601e+00 -3.8872e+00 +3.3360e+00 +2.4018e+00 +1.5054e-01 -8.3056e-01 -7.1191e-01 +1.5031e+00 +3.4397e+00
1743 0 +1.065775868e-02 -1.520293422e+02 -1.520293422e+02 -2.0475e-01 +1.4200e+00 -3.9304e+00 +3.3421e+00 +2.3727e+00 +1.6700e-01 -8.4757e-01 -6.8374e-01 +1.5279e+00 +3.4949e+00
1804 0 +6.846949125e-03 -1.520331531e+02 -1.520331531e+02 -2.4501e-01 +1.4266e+00 -3.9338e+00 +3.2745e+00 +2.3912e+00 +1.8456e-01 -8.4360e-01 -7.2690e-01 +1.5154e+00 +3.4397e+00
1812 0 +6.669226062e-03 -1.520333308e+02 -1.520333308e+02 -2.9001e-01 +1.3852e+00 -3.9306e+00 +3.2599e+00 +2.4205e+00 +1.4915e-01 -8.6860e-01 -7.5193e-01 +1.5171e+00 +3.4962e+00
1897 0 +6.483378903e-03 -1.520335166e+02 -1.520335166e+02 -2.6067e-01 +1.4667e+00 -3.9227e+00 +3.2820e+00 +2.3742e+00 +1.8078e-01 -9.0159e-01 -6.9902e-01 +1.4716e+00 +3.4909e+00
1921 0 +4.300071774e-03 -1.520356999e+02 -1.520356999e+02 -2.9311e-01 +1.4132e+00 -3.9251e+00 +3.3265e+00 +2.3890e+00 +1.6002e-01 -8.4649e-01 -7.2231e-01 +1.5049e+00 +3.4700e+00
1942 0 +4.110709839e-03 -1.520358893e+02 -1.520358893e+02 -2.8612e-01 +1.4438e+00 -3.9479e+00 +3.2542e+00 +2.4369e+00 +1.3902e-01 -8.8713e-01 -7.0997e-01 +1.5010e+00 +3.4607e+00
2052 0 +3.199814705e-03 -1.520368002e+02 -1.520368002e+02 -2.5251e-01 +1.4523e+00 -3.9194e+00 +3.2734e+00 +2.4199e+00 +1.4319e-01 -9.0345e-01 -6.7242e-01 +1.4895e+00 +3.4837e+00
2058 0 +2.769307326e-03 -1.520372307e+02 -1.520372307e+02 -2.7391e-01 +1.4376e+00 -3.9282e+00 +3.2892e+00 +2.4189e+00 +1.7849e-01 -8.8296e-01 -6.6546e-01 +1.4992e+00 +3.5011e+00
2076 0 +2.272573524e-03 -1.520377274e+02 -1.520377274e+02 -2.5995e-01 +1.4091e+00 -3.9248e+00 +3.3094e+00 +2.3921e+00 +1.4776e-01 -8.5251e-01 -6.9733e-01 +1.5203e+00 +3.4829e+00
2112 0 +1.551372104e-03 -1.520384486e+02 -1.520384486e+02 -2.5409e-01 +1.4162e+00 -3.9323e+00 +3.3034e+00 +2.4350e+00 +1.5056e-01 -8.8651e-01 -6.7928e-01 +1.5200e+00 +3.4871e+00
2158 0 +1.289008373e-03 -1.520387110e+02 -1.520387110e+02 -2.5851e-01 +1.4198e+00 -3.9245e+00 +3.3166e+00 +2.4102e+00 +1.6215e-01 -8.5838e-01 -6.8954e-01 +1.4935e+00 +3.4848e+00
2184 0 +1.077103122e-03 -1.520389229e+02 -1.520389229e+02 -2.6968e-01 +1.4198e+00 -3.9337e+00 +3.3097e+00 +2.4138e+00 +1.4071e-01 -8.6873e-01 -7.1239e-01 +1.5157e+00 +3.4953e+00
2240 0 +7.327544002e-04 -1.520392672e+02 -1.520392672e+02 -2.7971e-01 +1.4131e+00 -3.9318e+00 +3.2826e+00 +2.4241e+00 +1.3779e-01 -8.7685e-01 -7.0437e-01 +1.4996e+00 +3.4837e+00
2264 0 +5.774838716e-04 -1.520394225e+02 -1.520394225e+02 -2.7070e-01 +1.4187e+00 -3.9180e+00 +3.2843e+00 +2.4122e+00 +1.4209e-01 -8.8664e-01 -7.0717e-01 +1.5003e+00 +3.4703e+00
2304 0 +4.792315318e-04 -1.520395208e+02 -1.520395208e+02 -2.6574e-01 +1.4267e+00 -3.9272e+00 +3.3010e+00 +2.4110e+00 +1.5518e-01 -8.8581e-01 -6.8532e-01 +1.5073e+00 +3.4780e+00
2476 0 +4.149337114e-04 -1.520395851e+02 -1.520395851e+02 -2.7647e-01 +1.4270e+00 -3.9146e+00 +3.2918e+00 +2.4134e+00 +1.5503e-01 -8.7917e-01 -6.9236e-01 +1.4930e+00 +3.4768e+00
% f evaluations | g evaluations | best noise-free fitness - Fopt (-2.525000000000e+01) + sum g_i+ | measured fitness | best measured fitness or single-digit g-values | x1 | x2...
1 0 +7.857251988e+01 +5.332251988e+01 +5.332251988e+01 +5.9671e-01 -3.8264e-02 +7.4769e-01 +1.6230e+00 -1.3415e-01 -1.3414e-01 +1.6792e+00 +8.6743e-01 -3.6947e-01 +6.4256e-01
2 0 +5.816399830e+01 +3.291399830e+01 +3.291399830e+01 -3.6342e-01 -3.6573e-01 +3.4196e-01 -1.8133e+00 -1.6249e+00 -4.6229e-01 -9.1283e-01 +4.1425e-01 -8.0802e-01 -1.3123e+00
3 0 +3.880260911e+01 +1.355260911e+01 +1.355260911e+01 +1.5656e+00 -1.2578e-01 +1.6753e-01 -1.3247e+00 -4.4438e-01 +2.1092e-01 -1.0510e+00 +4.7570e-01 -5.0064e-01 -1.9169e-01
34 0 +3.558384592e+01 +1.033384592e+01 +1.033384592e+01 +8.7753e-02 -7.9725e-01 +1.7580e-01 -5.7716e-01 +1.0751e+00 -4.7057e-02 -7.2550e-01 -2.2139e-01 +5.1293e-01 -4.6372e-01
43 0 +3.500506012e+01 +9.755060116e+00 +9.755060116e+00 +2.1607e+00 +1.8553e+00 -1.4896e-01 +1.0716e+00 +7.4538e-01 +1.4686e+00 -8.6492e-01 +7.8605e-01 +1.1584e+00 -1.6587e+00
50 0 +3.277625276e+01 +7.526252758e+00 +7.526252758e+00 +9.2027e-02 +1.5799e+00 +1.7737e-01 -7.6128e-01 +1.6231e+00 +6.3891e-01 -9.3725e-01 -9.0339e-02 -7.7562e-01 -1.2828e+00
53 0 +2.172670204e+01 -3.523297963e+00 -3.523297963e+00 +1.9802e+00 +8.1523e-01 +4.3945e-01 -3.9358e-01 +6.0611e-01 +2.0727e-01 -2.8376e-01 -1.6798e+00 +1.3804e+00 -2.1207e+00
102 0 +2.160603043e+01 -3.643969575e+00 -3.643969575e+00 +1.2418e+00 +3.6155e-02 -6.7221e-01 -1.9869e+00 +3.9022e+00 +2.9584e+00 -3.8462e+00 -3.0516e+00 +2.2215e+00 -1.6410e+00
103 0 +1.624713383e+01 -9.002866171e+00 -9.002866171e+00 +3.3084e+00 -3.6681e-01 +2.4746e-01 -1.9552e+00 +1.6055e+00 +1.8761e-01 -1.8782e+00 -1.6410e-01 +3.5601e+00 -1.5559e+00
155 0 +7.122022090e+00 -1.812797791e+01 -1.812797791e+01 +2.7399e+00 -9.9459e-02 -1.6558e+00 -2.3058e+00 +4.7392e+00 -5.0993e-01 -4.2302e+00 -2.3410e+00 +1.5587e+00 -2.3989e+00
376 0 +5.918692634e+00 -1.933130737e+01 -1.933130737e+01 +2.5597e+00 +1.3711e+00 -1.2731e+00 -1.2998e+00 +3.8066e+00 +2.3421e-01 -3.3257e+00 -1.7854e+00 +2.3313e-01 -1.5536e+00
515 0 +5.388617390e+00 -1.986138261e+01 -1.986138261e+01 +4.4995e+00 +7.6724e-01 -1.4638e+00 -1.0399e+00 +3.5303e+00 -6.3376e-01 -1.3144e+00 -2.1477e+00 +2.3426e+00 -1.9720e+00
547 0 +4.103020094e+00 -2.114697991e+01 -2.114697991e+01 +3.3159e+00 +1.1064e+00 -2.7640e+00 -2.4304e+00 +3.6795e+00 +1.0133e-01 -3.3054e+00 -2.4707e+00 +1.6902e+00 -3.3538e+00
568 0 +3.820469101e+00 -2.142953090e+01 -2.142953090e+01 +4.0442e+00 -2.8330e-01 -2.5888e-01 -2.4766e+00 +3.0791e+00 -1.7992e-01 -2.3306e+00 -2.1681e+00 +1.3256e+00 -3.7387e+00
592 0 +3.219425358e+00 -2.203057464e+01 -2.203057464e+01 +4.2651e+00 +4.3136e-01 -1.2974e+00 -2.3160e+00 +4.4475e+00 -3.0860e-01 -1.9843e+00 -1.5120e+00 +4.1155e-01 -2.2252e+00
599 0 +2.793818469e+00 -2.245618153e+01 -2.245618153e+01 +3.7565e+00 +1.3628e-01 -8.0287e-01 -1.9214e+00 +4.0240e+00 +8.2342e-01 -2.5368e+00 -2.5468e+00 +1.6414e+00 -2.4343e+00
628 0 +1.204833961e+00 -2.404516604e+01 -2.404516604e+01 +3.7311e+00 +5.6603e-01 -9.7368e-01 -2.0609e+00 +3.7157e+00 -2.7007e-01 -2.0061e+00 -1.8785e+00 +1.5315e+00 -1.9646e+00
833 0 +1.176545152e+00 -2.407345485e+01 -2.407345485e+01 +3.1103e+00 +6.9900e-01 -1.2658e+00 -1.7081e+00 +2.8719e+00 +2.6879e-01 -2.2861e+00 -2.1847e+00 +1.5953e+00 -3.0284e+00
905 0 +9.765718893e-01 -2.427342811e+01 -2.427342811e+01 +3.6110e+00 +7.3327e-01 -1.1113e+00 -2.0233e+00 +3.0126e+00 +2.4477e-01 -2.0430e+00 -2.3843e+00 +1.0247e+00 -2.4289e+00
923 0 +8.926520018e-01 -2.435734800e+01 -2.435734800e+01 +2.8974e+00 +7.2437e-01 -1.2957e+00 -2.1093e+00 +3.0823e+00 -4.8954e-01 -2.5865e+00 -2.1858e+00 +1.2557e+00 -2.6144e+00
939 0 +7.206287061e-01 -2.452937129e+01 -2.452937129e+01 +3.9004e+00 +1.2389e+00 -1.2997e+00 -2.1253e+00 +3.4585e+00 +4.4212e-02 -2.7088e+00 -2.1924e+00 +1.4221e+00 -2.7233e+00
1024 0 +5.041491841e-01 -2.474585082e+01 -2.474585082e+01 +3.5665e+00 +9.4245e-01 -1.7751e+00 -2.1876e+00 +3.1181e+00 +2.0708e-01 -2.6465e+00 -2.0170e+00 +1.1819e+00 -2.9314e+00
1063 0 +4.770224598e-01 -2.477297754e+01 -2.477297754e+01 +3.4879e+00 +1.0309e+00 -1.2640e+00 -1.8915e+00 +3.4614e+00 +1.0091e-01 -2.4601e+00 -1.5988e+00 +1.3541e+00 -2.3655e+00
1080 0 +4.713754891e-01 -2.477862451e+01 -2.477862451e+01 +3.7602e+00 +1.0320e+00 -1.5034e+00 -2.2469e+00 +3.2505e+00 +2.5376e-01 -2.4969e+00 -1.7164e+00 +1.1649e+00 -3.0143e+00
1097 0 +3.995843586e-01 -2.485041564e+01 -2.485041564e+01 +3.4615e+00 +4.9832e-01 -1.5038e+00 -2.0599e+00 +3.5261e+00 -1.4185e-01 -2.0945e+00 -1.6274e+00 +1.2521e+00 -2.3503e+00
1116 0 +3.005224539e-01 -2.494947755e+01 -2.494947755e+01 +3.4838e+00 +6.1507e-01 -1.4983e+00 -2.0564e+00 +3.2331e+00 -2.2217e-01 -2.4804e+00 -1.9863e+00 +1.5766e+00 -2.2850e+00
1119 0 +2.492317759e-01 -2.500076822e+01 -2.500076822e+01 +3.4252e+00 +5.5081e-01 -1.2177e+00 -2.2146e+00 +3.3307e+00 -2.2818e-01 -2.1138e+00 -1.8725e+00 +1.2321e+00 -2.6149e+00
1166 0 +2.330577172e-01 -2.501694228e+01 -2.501694228e+01 +3.2755e+00 +4.9262e-01 -1.6227e+00 -1.9747e+00 +3.2542e+00 -9.1878e-02 -2.5310e+00 -1.8918e+00 +1.4027e+00 -2.5906e+00
1214 0 +2.068573784e-01 -2.504314262e+01 -2.504314262e+01 +3.7013e+00 +6.1505e-01 -1.2734e+00 -2.1728e+00 +3.0926e+00 -1.7589e-01 -2.7858e+00 -1.9846e+00 +1.3772e+00 -2.6782e+00
1219 0 +1.860377058e-01 -2.506396229e+01 -2.506396229e+01 +3.5688e+00 +8.2526e-01 -1.1271e+00 -2.0363e+00 +3.1972e+00 -1.8159e-02 -2.3302e+00 -1.8763e+00 +1.2996e+00 -2.5973e+00
1248 0 +1.511246720e-01 -2.509887533e+01 -2.509887533e+01 +3.6026e+00 +7.6283e-01 -1.2224e+00 -2.1560e+00 +3.4260e+00 -1.1794e-01 -2.5867e+00 -1.7129e+00 +1.5467e+00 -2.6934e+00
1317 0 +1.221432616e-01 -2.512785674e+01 -2.512785674e+01 +3.6775e+00 +5.6521e-01 -1.3908e+00 -2.2649e+00 +3.2086e+00 +2.0873e-02 -2.3204e+00 -1.7938e+00 +1.4477e+00 -2.8582e+00
1370 0 +6.808349751e-02 -2.518191650e+01 -2.518191650e+01 +3.5581e+00 +6.7485e-01 -1.4264e+00 -1.9721e+00 +3.3029e+00 -3.7934e-02 -2.4537e+00 -1.8537e+00 +1.2335e+00 -2.5373e+00
1499 0 +2.823796352e-02 -2.522176204e+01 -2.522176204e+01 +3.5794e+00 +6.0736e-01 -1.4397e+00 -2.1033e+00 +3.3059e+00 -7.9144e-02 -2.5019e+00 -1.8572e+00 +1.2502e+00 -2.5444e+00
1652 0 +2.243015774e-02 -2.522756984e+01 -2.522756984e+01 +3.7219e+00 +6.5836e-01 -1.4153e+00 -2.1861e+00 +3.3047e+00 -1.3632e-01 -2.4839e+00 -1.8163e+00 +1.3955e+00 -2.6413e+00
1653 0 +1.836089049e-02 -2.523163911e+01 -2.523163911e+01 +3.5745e+00 +5.9767e-01 -1.4474e+00 -2.0972e+00 +3.2521e+00 -6.7877e-02 -2.4952e+00 -1.8637e+00 +1.2542e+00 -2.7207e+00
1754 0 +1.809512207e-02 -2.523190488e+01 -2.523190488e+01 +3.6082e+00 +6.7552e-01 -1.5225e+00 -2.1370e+00 +3.2614e+00 -8.1314e-02 -2.4697e+00 -1.7811e+00 +1.3678e+00 -2.6614e+00
1804 0 +1.394583523e-02 -2.523605416e+01 -2.523605416e+01 +3.5414e+00 +5.9283e-01 -1.4022e+00 -2.1333e+00 +3.2603e+00 -9.0679e-02 -2.4692e+00 -1.8806e+00 +1.2986e+00 -2.6629e+00
1809 0 +1.267346296e-02 -2.523732654e+01 -2.523732654e+01 +3.6393e+00 +6.0195e-01 -1.3820e+00 -2.1372e+00 +3.2769e+00 -1.1446e-01 -2.3898e+00 -1.8482e+00 +1.3259e+00 -2.6684e+00
1840 0 +7.856273161e-03 -2.524214373e+01 -2.524214373e+01 +3.5997e+00 +6.5398e-01 -1.4141e+00 -2.1801e+00 +3.3367e+00 -9.7732e-02 -2.5114e+00 -1.8220e+00 +1.3313e+00 -2.6164e+00
1859 0 +5.694379770e-03 -2.524430562e+01 -2.524430562e+01 +3.6263e+00 +6.4924e-01 -1.4000e+00 -2.1706e+00 +3.2498e+00 -1.2794e-01 -2.4906e+00 -1.8105e+00 +1.2766e+00 -2.6829e+00
1913 0 +3.017801122e-03 -2.524698220e+01 -2.524698220e+01 +3.5840e+00 +6.2296e-01 -1.4130e+00 -2.1362e+00 +3.2768e+00 -1.1272e-01 -2.5005e+00 -1.8221e+00 +1.2951e+00 -2.6645e+00
1960 0 +2.430688999e-03 -2.524756931e+01 -2.524756931e+01 +3.6189e+00 +6.4089e-01 -1.4402e+00 -2.1223e+00 +3.2927e+00 -9.9809e-02 -2.4972e+00 -1.8084e+00 +1.2916e+00 -2.6831e+00
2067 0 +1.945595163e-03 -2.524805440e+01 -2.524805440e+01 +3.6066e+00 +6.3122e-01 -1.4262e+00 -2.1609e+00 +3.3080e+00 -8.7535e-02 -2.4681e+00 -1.7972e+00 +1.3196e+00 -2.6406e+00
2088 0 +1.800651412e-03 -2.524819935e+01 -2.524819935e+01 +3.6305e+00 +6.1527e-01 -1.4071e+00 -2.1594e+00 +3.2928e+00 -9.0468e-02 -2.4846e+00 -1.8298e+00 +1.3143e+00 -2.6940e+00
2159 0 +1.640120613e-03 -2.524835988e+01 -2.524835988e+01 +3.6076e+00 +6.2210e-01 -1.4271e+00 -2.1798e+00 +3.2966e+00 -9.5158e-02 -2.4744e+00 -1.8188e+00 +1.2922e+00 -2.6864e+00
2168 0 +8.366685564e-04 -2.524916333e+01 -2.524916333e+01 +3.6028e+00 +6.2126e-01 -1.4231e+00 -2.1508e+00 +3.2971e+00 -1.0678e-01 -2.4766e+00 -1.8092e+00 +1.2949e+00 -2.6620e+00
2210 0 +7.888648909e-04 -2.524921114e+01 -2.524921114e+01 +3.5961e+00 +6.3396e-01 -1.4248e+00 -2.1569e+00 +3.3031e+00 -8.7362e-02 -2.4734e+00 -1.8237e+00 +1.3085e+00 -2.6823e+00
2300 0 +7.433970850e-04 -2.524925660e+01 -2.524925660e+01 +3.6122e+00 +6.2236e-01 -1.4133e+00 -2.1460e+00 +3.2957e+00 -9.0302e-02 -2.4763e+00 -1.8057e+00 +1.3015e+00 -2.6833e+00
2301 0 +6.127872494e-04 -2.524938721e+01 -2.524938721e+01 +3.6067e+00 +6.2118e-01 -1.4161e+00 -2.1587e+00 +3.2929e+00 -9.4288e-02 -2.4696e+00 -1.8096e+00 +1.3192e+00 -2.6619e+00
2325 0 +4.381915404e-04 -2.524956181e+01 -2.524956181e+01 +3.6091e+00 +6.3140e-01 -1.4191e+00 -2.1511e+00 +3.3135e+00 -1.0868e-01 -2.4775e+00 -1.8135e+00 +1.3179e+00 -2.6680e+00
2374 0 +4.351244093e-04 -2.524956488e+01 -2.524956488e+01 +3.5984e+00 +6.3597e-01 -1.4223e+00 -2.1439e+00 +3.2929e+00 -1.0952e-01 -2.4737e+00 -1.8174e+00 +1.3099e+00 -2.6703e+00
2431 0 +3.008719630e-04 -2.524969913e+01 -2.524969913e+01 +3.6228e+00 +6.3351e-01 -1.4309e+00 -2.1485e+00 +3.3021e+00 -1.0292e-01 -2.4742e+00 -1.8075e+00 +1.3070e+00 -2.6733e+00
% f evaluations | g evaluations | best noise-free fitness - Fopt (1.830100000000e+02) + sum g_i+ | measured fitness | best measured fitness or single-digit g-values | x1 | x2...
1 0 +9.554552462e+01 +2.785555246e+02 +2.785555246e+02 +5.9671e-01 -3.8264e-02 +7.4769e-01 +1.6230e+00 -1.3415e-01 -1.3414e-01 +1.6792e+00 +8.6743e-01 -3.6947e-01 +6.4256e-01
2 0 +6.577898979e+01 +2.487889898e+02 +2.487889898e+02 -3.6342e-01 -3.6573e-01 +3.4196e-01 -1.8133e+00 -1.6249e+00 -4.6229e-01 -9.1283e-01 +4.1425e-01 -8.0802e-01 -1.3123e+00
5 0 +5.295806634e+01 +2.359680663e+02 +2.359680663e+02 +8.3847e-01 +2.7137e-01 -1.5648e-02 -2.0110e-01 -1.3785e+00 -6.1984e-01 -3.6064e-01 +1.1571e+00 +4.4362e-01 -1.6630e+00
8 0 +5.127748709e+01 +2.342874871e+02 +2.342874871e+02 +4.6140e-01 +1.6380e+00 +6.4174e-02 +1.6646e+00 -2.5197e+00 +9.2190e-01 +1.8705e-01 -1.9901e-01 +1.9176e-01 -1.8876e+00
14 0 +4.561028268e+01 +2.286202827e+02 +2.286202827e+02 -1.4507e+00 +1.6856e-01 -9.6230e-01 +5.7359e-01 -8.1942e-01 +1.6499e+00 -6.8325e-01 -2.2206e-01 +9.1352e-01 -1.1309e+00
51 0 +4.200781150e+01 +2.250178115e+02 +2.250178115e+02 -9.7670e-01 +2.1841e+00 -1.9273e+00 -1.7648e+00 -1.1669e+00 +1.4599e+00 -1.8970e+00 -9.3414e-01 +1.1898e-01 -2.4533e+00
52 0 +3.379315240e+01 +2.168031524e+02 +2.168031524e+02 -1.6378e+00 +2.3228e+00 -1.5321e+00 -1.4519e+00 -2.0494e+00 -1.0810e+00 -1.1695e+00 +2.2761e+00 -6.5963e-01 -1.3093e+00
65 0 +3.240314846e+01 +2.154131485e+02 +2.154131485e+02 -5.2431e-01 -1.8148e-01 -1.7750e+00 +1.7907e+00 -4.9489e-01 +1.1238e+00 -3.1355e+00 +5.3432e-01 +3.7883e+00 -9.7311e-01
73 0 +2.953012484e+01 +2.125401248e+02 +2.125401248e+02 -2.6127e-01 +1.5831e+00 -5.1169e-01 +4.8902e-02 -1.2996e+00 +5.3441e-01 -2.5623e+00 +3.1222e-01 +3.0684e+00 +5.0707e-02
103 0 +2.469529432e+01 +2.077052943e+02 +2.077052943e+02 -3.0772e+00 +1.3674e+00 -1.0449e+00 +2.9228e+00 -4.0920e+00 -1.9308e+00 -2.8672e+00 +2.9974e+00 +3.9933e+00 +2.8322e-01
105 0 +8.174111966e+00 +1.911841120e+02 +1.911841120e+02 -1.3070e+00 +3.8943e+00 -1.7791e+00 +2.1253e+00 -3.7173e+00 -1.1974e+00 -3.3291e+00 +1.6608e+00 +2.2584e+00 -3.0455e+00
155 0 +7.351420475e+00 +1.903614205e+02 +1.903614205e+02 -3.9849e+00 +2.4441e+00 -2.3551e+00 +1.0230e+00 -4.5136e+00 -2.5239e-01 -4.6593e+00 +2.4453e+00 +1.6113e+00 -2.0435e+00
366 0 +6.832407117e+00 +1.898424071e+02 +1.898424071e+02 -1.8410e+00 +3.1552e+00 -9.8318e-01 +4.7969e-01 -4.1782e+00 -9.6860e-02 -3.9088e+00 +3.3604e+00 +1.5094e+00 -2.2863e+00
468 0 +6.000833873e+00 +1.890108339e+02 +1.890108339e+02 -3.2577e+00 +2.5273e+00 -2.9393e+00 -2.1126e-02 -3.2122e+00 +8.9218e-01 -3.9329e+00 +2.3502e+00 +1.4734e+00 -1.2547e+00
521 0 +5.620040599e+00 +1.886300406e+02 +1.886300406e+02 -3.4300e+00 +3.2071e+00 -2.4802e+00 -1.4434e-01 -3.6400e+00 +6.1952e-01 -3.5596e+00 +2.3979e+00 +2.6973e+00 -7.4268e-01
605 0 +5.087173356e+00 +1.880971734e+02 +1.880971734e+02 -2.2562e+00 +4.6360e+00 -3.1534e+00 +1.4726e+00 -2.9199e+00 +4.5001e-01 -4.7907e+00 +3.3736e+00 +3.6563e+00 -2.2695e+00
612 0 +2.767221013e+00 +1.857772210e+02 +1.857772210e+02 -2.2504e+00 +2.4736e+00 -2.1800e+00 +1.1402e+00 -4.1384e+00 +6.1125e-01 -3.7299e+00 +2.9878e+00 +2.3458e+00 -3.1710e+00
654 0 +2.041273546e+00 +1.850512735e+02 +1.850512735e+02 -2.6975e+00 +3.3836e+00 -1.9768e+00 +5.4493e-01 -3.6121e+00 +9.3144e-01 -3.8194e+00 +2.7202e+00 +3.0479e+00 -1.8198e+00
694 0 +1.974116575e+00 +1.849841166e+02 +1.849841166e+02 -2.2352e+00 +2.5361e+00 -2.8869e+00 +1.3995e+00 -3.9830e+00 -4.4657e-01 -3.1515e+00 +2.9200e+00 +2.7562e+00 -2.0419e+00
777 0 +1.868199488e+00 +1.848781995e+02 +1.848781995e+02 -1.8368e+00 +2.9309e+00 -2.4181e+00 +1.8106e+00 -3.2832e+00 +1.9348e-01 -4.1522e+00 +2.5891e+00 +3.2250e+00 -1.3576e+00
782 0 +1.220655869e+00 +1.842306559e+02 +1.842306559e+02 -2.3660e+00 +3.2302e+00 -3.2001e+00 +7.4117e-01 -3.5263e+00 +8.9523e-01 -3.9602e+00 +2.9040e+00 +3.4693e+00 -1.9283e+00
804 0 +8.962779197e-01 +1.839062779e+02 +1.839062779e+02 -2.6781e+00 +3.1296e+00 -2.5142e+00 +9.3339e-01 -3.1525e+00 +4.4030e-01 -4.3042e+00 +2.6329e+00 +3.2467e+00 -2.1250e+00
856 0 +8.388736102e-01 +1.838488736e+02 +1.838488736e+02 -1.7366e+00 +2.6089e+00 -2.8209e+00 +1.1387e+00 -3.8180e+00 +5.9284e-01 -3.9874e+00 +2.3226e+00 +2.8887e+00 -2.6219e+00
880 0 +8.173778758e-01 +1.838273779e+02 +1.838273779e+02 -2.5535e+00 +3.1421e+00 -2.8218e+00 +9.8672e-01 -4.0723e+00 +4.0141e-01 -3.4394e+00 +2.5880e+00 +3.1410e+00 -2.1306e+00
941 0 +7.665716528e-01 +1.837765717e+02 +1.837765717e+02 -2.3741e+00 +2.5688e+00 -3.0616e+00 +1.1546e+00 -3.8619e+00 +6.3520e-01 -3.6903e+00 +2.7196e+00 +2.6755e+00 -2.0386e+00
954 0 +6.588711737e-01 +1.836688712e+02 +1.836688712e+02 -1.8024e+00 +2.5193e+00 -3.0081e+00 +1.0375e+00 -3.5848e+00 -3.6365e-02 -3.8229e+00 +2.8116e+00 +2.8962e+00 -2.2576e+00
996 0 +5.892365590e-01 +1.835992366e+02 +1.835992366e+02 -2.1427e+00 +3.3885e+00 -3.1101e+00 +1.1933e+00 -3.3517e+00 +2.3622e-01 -3.7163e+00 +2.9307e+00 +3.1890e+00 -1.9282e+00
1053 0 +5.859491020e-01 +1.835959491e+02 +1.835959491e+02 -2.2769e+00 +2.9160e+00 -3.1801e+00 +1.4585e+00 -3.6563e+00 +4.8502e-02 -4.1630e+00 +2.9033e+00 +2.6914e+00 -2.1574e+00
1070 0 +3.020317177e-01 +1.833120317e+02 +1.833120317e+02 -1.7805e+00 +3.1395e+00 -3.0251e+00 +9.7585e-01 -3.4300e+00 -2.3922e-02 -4.0003e+00 +2.5285e+00 +2.9115e+00 -2.0238e+00
1159 0 +2.744576691e-01 +1.832844577e+02 +1.832844577e+02 -2.1087e+00 +3.1029e+00 -2.6363e+00 +8.8978e-01 -3.5008e+00 +6.5604e-02 -3.7840e+00 +2.3514e+00 +2.8370e+00 -1.9019e+00
1187 0 +2.289311144e-01 +1.832389311e+02 +1.832389311e+02 -2.2935e+00 +3.3619e+00 -2.8631e+00 +1.1289e+00 -3.7538e+00 +6.0659e-02 -3.8976e+00 +2.6237e+00 +2.6657e+00 -2.1362e+00
1214 0 +2.146465650e-01 +1.832246466e+02 +1.832246466e+02 -2.0786e+00 +3.0933e+00 -2.8668e+00 +9.8795e-01 -3.8649e+00 -4.5695e-02 -3.9506e+00 +2.6056e+00 +2.7610e+00 -2.2239e+00
1223 0 +1.390759139e-01 +1.831490759e+02 +1.831490759e+02 -2.2230e+00 +2.8218e+00 -2.8051e+00 +9.8420e-01 -3.6483e+00 +4.5157e-01 -4.0005e+00 +2.6319e+00 +2.7849e+00 -2.1747e+00
1321 0 +1.244523756e-01 +1.831344524e+02 +1.831344524e+02 -2.1368e+00 +2.8868e+00 -2.8028e+00 +1.0145e+00 -3.4147e+00 +2.7394e-01 -3.9463e+00 +2.7751e+00 +2.9187e+00 -2.2769e+00
1391 0 +1.192321850e-01 +1.831292322e+02 +1.831292322e+02 -2.2855e+00 +2.9979e+00 -2.6812e+00 +9.1624e-01 -3.4351e+00 +2.9076e-01 -3.9692e+00 +2.5991e+00 +2.7331e+00 -2.3090e+00
1392 0 +3.779750763e-02 +1.830477975e+02 +1.830477975e+02 -2.0992e+00 +3.0968e+00 -2.8395e+00 +9.0231e-01 -3.5419e+00 +3.0461e-01 -3.9542e+00 +2.4427e+00 +2.8704e+00 -2.2287e+00
1477 0 +2.961942741e-02 +1.830396194e+02 +1.830396194e+02 -2.2195e+00 +3.1078e+00 -2.7706e+00 +1.0029e+00 -3.6165e+00 +1.9979e-01 -3.9747e+00 +2.5459e+00 +2.7834e+00 -2.1602e+00
1521 0 +2.143526271e-02 +1.830314353e+02 +1.830314353e+02 -2.1801e+00 +3.1438e+00 -2.8578e+00 +1.0135e+00 -3.5669e+00 +2.3375e-01 -4.0631e+00 +2.5618e+00 +2.8399e+00 -2.1226e+00
1562 0 +1.754951131e-02 +1.830275495e+02 +1.830275495e+02 -2.1632e+00 +3.1052e+00 -2.8496e+00 +1.0708e+00 -3.5634e+00 +2.1714e-01 -3.9860e+00 +2.6523e+00 +2.8812e+00 -2.2402e+00
1762 0 +1.714853171e-02 +1.830271485e+02 +1.830271485e+02 -2.1585e+00 +3.1017e+00 -2.8653e+00 +9.6098e-01 -3.5546e+00 +2.7565e-01 -3.8762e+00 +2.6125e+00 +2.8907e+00 -2.2268e+00
1780 0 +1.627057687e-02 +1.830262706e+02 +1.830262706e+02 -2.1146e+00 +3.0402e+00 -2.8859e+00 +9.9759e-01 -3.5902e+00 +3.0998e-01 -3.9387e+00 +2.5120e+00 +2.9033e+00 -2.2047e+00
1790 0 +1.572402085e-02 +1.830257240e+02 +1.830257240e+02 -2.1062e+00 +3.1358e+00 -2.8635e+00 +1.0632e+00 -3.5484e+00 +2.1492e-01 -3.9585e+00 +2.6174e+00 +2.7768e+00 -2.1464e+00
1798 0 +1.338608428e-02 +1.830233861e+02 +1.830233861e+02 -2.0952e+00 +3.0571e+00 -2.7880e+00 +9.8448e-01 -3.5769e+00 +2.8927e-01 -3.9949e+00 +2.5421e+00 +2.8681e+00 -2.1762e+00
1811 0 +1.280911107e-02 +1.830228091e+02 +1.830228091e+02 -2.1761e+00 +3.0727e+00 -2.9375e+00 +1.0424e+00 -3.5789e+00 +2.7545e-01 -3.9309e+00 +2.5383e+00 +2.8253e+00 -2.1936e+00
1836 0 +5.060790589e-03 +1.830150608e+02 +1.830150608e+02 -2.1305e+00 +3.1364e+00 -2.8438e+00 +1.0283e+00 -3.5483e+00 +2.7918e-01 -3.9443e+00 +2.5342e+00 +2.7995e+00 -2.1881e+00
1990 0 +4.904215576e-03 +1.830149042e+02 +1.830149042e+02 -2.1429e+00 +3.1204e+00 -2.8560e+00 +1.0086e+00 -3.5834e+00 +2.7294e-01 -3.9173e+00 +2.5606e+00 +2.8089e+00 -2.2032e+00
2112 0 +3.411725396e-03 +1.830134117e+02 +1.830134117e+02 -2.1177e+00 +3.0969e+00 -2.8645e+00 +1.0002e+00 -3.5397e+00 +2.7885e-01 -3.9728e+00 +2.5363e+00 +2.8381e+00 -2.1975e+00
2121 0 +3.122633146e-03 +1.830131226e+02 +1.830131226e+02 -2.1279e+00 +3.0852e+00 -2.8780e+00 +1.0609e+00 -3.5575e+00 +2.9063e-01 -3.9764e+00 +2.5826e+00 +2.8410e+00 -2.2059e+00
2215 0 +2.101155311e-03 +1.830121012e+02 +1.830121012e+02 -2.1529e+00 +3.0832e+00 -2.8525e+00 +1.0271e+00 -3.5744e+00 +2.9249e-01 -3.9424e+00 +2.5770e+00 +2.8443e+00 -2.2117e+00
2218 0 +1.619795032e-03 +1.830116198e+02 +1.830116198e+02 -2.1340e+00 +3.0955e+00 -2.8309e+00 +1.0247e+00 -3.5717e+00 +2.7831e-01 -3.9512e+00 +2.5888e+00 +2.8594e+00 -2.2060e+00
2319 0 +1.219688010e-03 +1.830112197e+02 +1.830112197e+02 -2.1550e+00 +3.1071e+00 -2.8430e+00 +1.0221e+00 -3.5540e+00 +2.7153e-01 -3.9809e+00 +2.5775e+00 +2.8485e+00 -2.1794e+00
2425 0 +1.010252218e-03 +1.830110103e+02 +1.830110103e+02 -2.1286e+00 +3.0992e+00 -2.8605e+00 +1.0260e+00 -3.5402e+00 +2.8747e-01 -3.9632e+00 +2.5901e+00 +2.8380e+00 -2.1802e+00
2455 0 +6.259235179e-04 +1.830106259e+02 +1.830106259e+02 -2.1345e+00 +3.1180e+00 -2.8511e+00 +1.0238e+00 -3.5601e+00 +2.6981e-01 -3.9474e+00 +2.5858e+00 +2.8420e+00 -2.1873e+00
2479 0 +5.300363443e-04 +1.830105300e+02 +1.830105300e+02 -2.1245e+00 +3.0999e+00 -2.8490e+00 +1.0243e+00 -3.5597e+00 +2.8921e-01 -3.9510e+00 +2.5689e+00 +2.8589e+00 -2.1835e+00
% f evaluations | g evaluations | best noise-free fitness - Fopt (1.835200000000e+02) + sum g_i+ | measured fitness | best measured fitness or single-digit g-values | x1 | x2...
1 0 +5.510628016e+01 +2.386262802e+02 +2.386262802e+02 +5.9671e-01 -3.8264e-02 +7.4769e-01 +1.6230e+00 -1.3415e-01 -1.3414e-01 +1.6792e+00 +8.6743e-01 -3.6947e-01 +6.4256e-01
7 0 +3.679053764e+01 +2.203105376e+02 +2.203105376e+02 -3.7917e-01 -8.5659e-02 -1.0063e+00 -1.0962e+00 +9.1253e-01 +1.4562e+00 +2.7990e-02 +1.1035e+00 +4.6164e-01 -5.4512e-01
11 0 +3.373874618e+01 +2.172587462e+02 +2.172587462e+02 -1.3154e+00 -3.2065e-01 -2.4271e-01 -7.0228e-01 -6.1286e-02 +5.0405e-01 +1.9862e+00 +2.7458e-01 +3.5755e-01 +2.5554e-02
39 0 +3.077747010e+01 +2.142974701e+02 +2.142974701e+02 -7.3972e-01 -4.9939e-01 -2.0239e+00 -4.2576e-01 -6.5913e-01 +2.5039e-01 +4.4176e-01 +1.9762e+00 +1.0504e+00 -4.7690e-01
52 0 +1.849596370e+01 +2.020159637e+02 +2.020159637e+02 -9.6769e-01 -2.0442e+00 -2.2028e-01 -4.7855e-01 -8.6918e-01 +1.3489e+00 +2.2695e+00 +1.3453e+00 +2.5653e+00 -2.7506e-01
105 0 +1.751139595e+01 +2.010313959e+02 +2.010313959e+02 -1.2907e+00 -2.4955e+00 -4.6522e+00 -7.9081e-01 -1.6350e+00 +2.0895e+00 +2.4118e+00 +3.9922e+00 -4.4930e-01 -2.5402e-01
160 0 +1.419980498e+01 +1.977198050e+02 +1.977198050e+02 -1.0897e+00 -3.3081e+00 -3.0787e+00 -1.0418e+00 +9.4635e-01 +4.6324e+00 +2.4933e+00 +2.2150e+00 +2.4412e+00 +5.9532e-01
223 0 +8.927526767e+00 +1.924475268e+02 +1.924475268e+02 +8.6377e-01 -2.8848e+00 -2.9325e+00 -1.8421e+00 -1.9516e-01 +1.5465e+00 +3.7046e+00 +4.3970e+00 +2.4791e+00 -1.4132e-01
466 0 +8.251648635e+00 +1.917716486e+02 +1.917716486e+02 -5.2215e-01 -4.3165e+00 -9.9950e-01 +2.3750e-01 -8.0411e-01 +3.2031e+00 +3.3767e+00 +2.7089e+00 +1.4743e+00 -4.6596e-01
473 0 +4.648675429e+00 +1.881686754e+02 +1.881686754e+02 +2.6228e-01 -4.0240e+00 -3.2219e+00 -1.9546e+00 -1.8835e+00 +2.0626e+00 +3.1734e+00 +3.1637e+00 +2.1579e+00 -6.3893e-01
474 0 +4.275194234e+00 +1.877951942e+02 +1.877951942e+02 +1.0746e+00 -4.1458e+00 -3.6325e+00 -2.2192e+00 -1.2866e+00 +3.1229e+00 +3.2825e+00 +1.9579e+00 +8.1267e-01 -2.8356e-01
526 0 +3.985590240e+00 +1.875055902e+02 +1.875055902e+02 +2.0805e-02 -3.6463e+00 -2.6292e+00 -1.2291e+00 -1.6951e+00 +2.3725e+00 +3.2406e+00 +3.6005e+00 +9.0063e-01 -1.0691e+00
537 0 +1.295330786e+00 +1.848153308e+02 +1.848153308e+02 -4.2327e-01 -3.4989e+00 -2.9235e+00 -2.0590e+00 -3.5315e-01 +2.2891e+00 +3.1168e+00 +2.7991e+00 +1.3780e+00 -2.4309e-01
772 0 +1.127302319e+00 +1.846473023e+02 +1.846473023e+02 -1.3066e-01 -3.8830e+00 -2.6476e+00 -2.1908e+00 -1.1777e+00 +1.9363e+00 +3.6776e+00 +3.0757e+00 +7.7725e-01 -4.2844e-01
881 0 +1.124000948e+00 +1.846440009e+02 +1.846440009e+02 -9.3759e-03 -4.0204e+00 -1.7112e+00 -1.7670e+00 -8.2493e-01 +2.2685e+00 +2.9146e+00 +2.4113e+00 +8.5319e-01 -1.5725e-01
888 0 +1.016601372e+00 +1.845366014e+02 +1.845366014e+02 +1.4323e-01 -4.1421e+00 -2.4583e+00 -2.0099e+00 -5.9843e-01 +2.9807e+00 +3.5298e+00 +2.9747e+00 +1.1846e+00 -8.8147e-01
892 0 +9.715900923e-01 +1.844915901e+02 +1.844915901e+02 -6.0444e-02 -3.6671e+00 -2.7492e+00 -2.1235e+00 -6.9021e-01 +2.8357e+00 +3.2057e+00 +2.0440e+00 +1.2396e+00 +1.6313e-01
909 0 +3.517066262e-01 +1.838717066e+02 +1.838717066e+02 +1.6544e-01 -3.9765e+00 -2.4571e+00 -2.2307e+00 -9.0394e-01 +2.6709e+00 +3.3258e+00 +2.5291e+00 +1.3152e+00 -1.5590e-01
1041 0 +1.199109079e-01 +1.836399109e+02 +1.836399109e+02 +8.2918e-02 -3.9212e+00 -2.2141e+00 -1.7739e+00 -6.8265e-01 +2.5989e+00 +3.5549e+00 +2.5885e+00 +9.8876e-01 -1.1611e-01
1245 0 +1.101956793e-01 +1.836301957e+02 +1.836301957e+02 -2.3274e-01 -3.9496e+00 -2.3640e+00 -2.0109e+00 -7.3945e-01 +2.6146e+00 +3.5871e+00 +2.6099e+00 +8.5108e-01 -8.3682e-02
1273 0 +5.666752532e-02 +1.835766675e+02 +1.835766675e+02 -2.8439e-02 -4.0646e+00 -2.2831e+00 -2.1523e+00 -5.8189e-01 +2.4364e+00 +3.6819e+00 +2.5577e+00 +9.3369e-01 -2.4738e-01
1412 0 +3.233762905e-02 +1.835523376e+02 +1.835523376e+02 -2.3760e-02 -3.9867e+00 -2.4230e+00 -2.0756e+00 -6.8584e-01 +2.5710e+00 +3.6045e+00 +2.5659e+00 +1.1103e+00 -8.3173e-02
1506 0 +3.168590974e-02 +1.835516859e+02 +1.835516859e+02 -1.9927e-02 -3.8847e+00 -2.2272e+00 -2.0287e+00 -7.6772e-01 +2.5118e+00 +3.6699e+00 +2.5260e+00 +1.0485e+00 -2.2027e-01
1562 0 +2.770615150e-02 +1.835477062e+02 +1.835477062e+02 -6.6314e-03 -4.0473e+00 -2.3925e+00 -2.0054e+00 -6.6335e-01 +2.4675e+00 +3.6467e+00 +2.5526e+00 +1.1210e+00 -1.4240e-01
1583 0 +2.712545738e-02 +1.835471255e+02 +1.835471255e+02 -7.8601e-02 -3.9943e+00 -2.3415e+00 -2.0828e+00 -7.3287e-01 +2.4750e+00 +3.6300e+00 +2.4860e+00 +1.0394e+00 -9.0553e-02
1602 0 +1.682958538e-02 +1.835368296e+02 +1.835368296e+02 +5.5895e-02 -3.9753e+00 -2.3483e+00 -1.9917e+00 -6.4118e-01 +2.4838e+00 +3.6192e+00 +2.5396e+00 +9.6099e-01 -1.4675e-01
1613 0 +1.402031889e-02 +1.835340203e+02 +1.835340203e+02 +3.8435e-02 -3.9365e+00 -2.3379e+00 -1.9924e+00 -7.0255e-01 +2.5131e+00 +3.6703e+00 +2.5155e+00 +1.0171e+00 -2.2680e-01
1628 0 +1.066189668e-02 +1.835306619e+02 +1.835306619e+02 -3.7559e-02 -3.9107e+00 -2.3822e+00 -2.0449e+00 -6.8557e-01 +2.5161e+00 +3.6753e+00 +2.5164e+00 +9.7763e-01 -1.9029e-01
1713 0 +1.058156295e-02 +1.835305816e+02 +1.835305816e+02 -1.4191e-02 -3.9818e+00 -2.2920e+00 -2.0175e+00 -6.1949e-01 +2.5431e+00 +3.6288e+00 +2.6095e+00 +1.0199e+00 -2.0710e-01
1714 0 +6.793664375e-03 +1.835267937e+02 +1.835267937e+02 -4.2429e-02 -3.9609e+00 -2.3341e+00 -2.0203e+00 -6.3590e-01 +2.5210e+00 +3.5691e+00 +2.5380e+00 +1.0394e+00 -1.9273e-01
1742 0 +4.443869073e-03 +1.835244439e+02 +1.835244439e+02 +1.2240e-02 -3.9587e+00 -2.3383e+00 -2.0708e+00 -6.8233e-01 +2.4946e+00 +3.6290e+00 +2.5662e+00 +9.9679e-01 -1.9670e-01
1914 0 +4.010443699e-03 +1.835240104e+02 +1.835240104e+02 -1.7084e-02 -3.9649e+00 -2.3377e+00 -2.0612e+00 -6.5026e-01 +2.5145e+00 +3.6273e+00 +2.5208e+00 +1.0429e+00 -1.4006e-01
1960 0 +2.911900680e-03 +1.835229119e+02 +1.835229119e+02 -2.3717e-02 -3.9215e+00 -2.3411e+00 -2.0683e+00 -6.6989e-01 +2.4938e+00 +3.6443e+00 +2.5384e+00 +1.0463e+00 -2.0422e-01
2000 0 +2.581997690e-03 +1.835225820e+02 +1.835225820e+02 -1.9947e-02 -3.9449e+00 -2.3550e+00 -2.0668e+00 -6.6722e-01 +2.4965e+00 +3.6317e+00 +2.5795e+00 +1.0558e+00 -1.9121e-01
2085 0 +2.515814447e-03 +1.835225158e+02 +1.835225158e+02 -2.6657e-02 -3.9494e+00 -2.3548e+00 -2.0561e+00 -6.4721e-01 +2.4968e+00 +3.6604e+00 +2.5525e+00 +1.0565e+00 -1.8716e-01
2091 0 +2.376353001e-03 +1.835223764e+02 +1.835223764e+02 +1.3127e-02 -3.9411e+00 -2.3303e+00 -2.0713e+00 -6.6225e-01 +2.5002e+00 +3.6325e+00 +2.5708e+00 +1.0273e+00 -1.8905e-01
2121 0 +1.653194640e-03 +1.835216532e+02 +1.835216532e+02 -2.7957e-02 -3.9238e+00 -2.3126e+00 -2.0426e+00 -6.3600e-01 +2.5000e+00 +3.6410e+00 +2.5658e+00 +1.0385e+00 -1.8690e-01
2209 0 +1.247989332e-03 +1.835212480e+02 +1.835212480e+02 -2.0923e-02 -3.9392e+00 -2.3495e+00 -2.0421e+00 -6.6129e-01 +2.5066e+00 +3.6198e+00 +2.5292e+00 +1.0251e+00 -1.7463e-01
2275 0 +1.202318934e-03 +1.835212023e+02 +1.835212023e+02 -2.6637e-02 -3.9595e+00 -2.3508e+00 -2.0474e+00 -6.6454e-01 +2.4886e+00 +3.6467e+00 +2.5554e+00 +1.0299e+00 -1.7995e-01
2345 0 +6.247364036e-04 +1.835206247e+02 +1.835206247e+02 -1.8165e-02 -3.9430e+00 -2.3444e+00 -2.0356e+00 -6.5252e-01 +2.5015e+00 +3.6181e+00 +2.5508e+00 +1.0397e+00 -1.7311e-01
2404 0 +2.231146225e-04 +1.835202231e+02 +1.835202231e+02 -2.5436e-02 -3.9408e+00 -2.3347e+00 -2.0369e+00 -6.5234e-01 +2.4981e+00 +3.6318e+00 +2.5616e+00 +1.0262e+00 -1.8452e-01
% f evaluations | g evaluations | best noise-free fitness - Fopt (-5.938400000000e+02) + sum g_i+ | measured fitness | best measured fitness or single-digit g-values | x1 | x2...
1 0 +6.429881275e+01 -5.295411872e+02 -5.295411872e+02 +5.9671e-01 -3.8264e-02 +7.4769e-01 +1.6230e+00 -1.3415e-01 -1.3414e-01 +1.6792e+00 +8.6743e-01 -3.6947e-01 +6.4256e-01
3 0 +6.195942218e+01 -5.318805778e+02 -5.318805778e+02 +1.5656e+00 -1.2578e-01 +1.6753e-01 -1.3247e+00 -4.4438e-01 +2.1092e-01 -1.0510e+00 +4.7570e-01 -5.0064e-01 -1.9169e-01
4 0 +5.345708640e+01 -5.403829136e+02 -5.403829136e+02 -5.0171e-01 +1.9523e+00 +8.6503e-02 -9.5771e-01 +9.2254e-01 -1.1208e+00 +3.0886e-01 -1.8597e+00 -1.2282e+00 +2.9686e-01
6 0 +3.896935722e+01 -5.548706428e+02 -5.548706428e+02 +4.2408e-01 -2.8508e-01 -5.7692e-01 +7.1168e-01 +1.1310e+00 +1.0313e+00 -7.3922e-01 -2.0921e-01 +4.3126e-01 +1.0755e+00
24 0 +3.006072911e+01 -5.637792709e+02 -5.637792709e+02 -6.3037e-01 +3.1646e-01 +1.4557e-01 -5.5160e-01 +2.2439e+00 +7.3392e-01 -1.9251e+00 +2.8645e-01 -5.6179e-01 +9.5243e-01
51 0 +2.814743100e+01 -5.656925690e+02 -5.656925690e+02 -1.9197e-01 -3.4792e-01 -2.4583e+00 +1.1609e+00 +3.3126e+00 +2.1372e+00 -1.0898e+00 -2.0039e+00 -3.3843e+00 +9.9990e-01
52 0 +1.199217732e+01 -5.818478227e+02 -5.818478227e+02 -1.9827e+00 +7.2721e-01 +2.3900e-01 -3.2694e-02 +1.1460e+00 +1.5111e+00 -4.3409e+00 -1.6697e+00 -1.7307e+00 +5.1536e-01
131 0 +8.079236778e+00 -5.857607632e+02 -5.857607632e+02 -3.5086e+00 -9.9575e-01 +3.1738e-01 +2.1182e+00 -6.9887e-01 +3.1916e+00 -3.4010e+00 -1.4215e+00 -2.1339e+00 +1.9367e+00
144 0 +7.998184961e+00 -5.858418150e+02 -5.858418150e+02 -1.7744e+00 +1.0707e+00 -8.4738e-01 +3.1103e+00 +2.1544e+00 +2.1798e+00 -3.6194e+00 -2.3664e+00 -3.5352e+00 +8.3707e-01
154 0 +7.304946164e+00 -5.865350538e+02 -5.865350538e+02 -3.4819e+00 +2.3976e-01 +1.5532e+00 +1.3131e+00 -2.2567e-02 +1.8309e+00 -2.1697e+00 -1.2416e+00 -2.8700e+00 +2.0178e+00
432 0 +5.201265756e+00 -5.886387342e+02 -5.886387342e+02 -3.0964e+00 -1.1739e-01 +1.6053e-01 +3.0130e+00 +1.8483e+00 +2.2137e+00 -1.9797e+00 -2.5601e+00 -3.4603e+00 +1.9639e+00
438 0 +3.329840988e+00 -5.905101590e+02 -5.905101590e+02 -2.9742e+00 +1.5097e+00 +2.6564e-01 +2.2142e+00 +1.3727e+00 +2.5975e+00 -4.5035e+00 -2.2008e+00 -3.0722e+00 +2.0508e+00
616 0 +3.251012989e+00 -5.905889870e+02 -5.905889870e+02 -1.9226e+00 -8.1587e-01 +6.9175e-01 +2.2619e+00 +1.1953e+00 +3.7441e+00 -3.1159e+00 -1.7280e+00 -3.1836e+00 +2.5008e+00
622 0 +2.997065282e+00 -5.908429347e+02 -5.908429347e+02 -1.9993e+00 +1.9203e-01 +7.4350e-01 +1.4838e+00 +1.7578e+00 +1.4746e+00 -3.6915e+00 -7.0881e-01 -3.0279e+00 +2.3303e+00
634 0 +2.654123110e+00 -5.911858769e+02 -5.911858769e+02 -1.6256e+00 -4.3609e-01 +5.2044e-01 +2.4844e+00 +8.7353e-01 +2.3466e+00 -3.6931e+00 -8.8674e-01 -2.7679e+00 +1.7732e+00
644 0 +1.890568997e+00 -5.919494310e+02 -5.919494310e+02 -1.5403e+00 +6.3550e-01 +3.3325e-01 +2.2103e+00 +1.2963e+00 +2.7202e+00 -3.9106e+00 -2.1234e+00 -3.4868e+00 +2.3479e+00
712 0 +1.142972888e+00 -5.926970271e+02 -5.926970271e+02 -2.3831e+00 +3.7795e-01 +5.0771e-01 +1.5133e+00 +1.2197e+00 +1.8144e+00 -3.7152e+00 -1.4110e+00 -2.8157e+00 +2.3990e+00
789 0 +1.094698654e+00 -5.927453013e+02 -5.927453013e+02 -2.2151e+00 +3.3541e-03 +5.2053e-01 +1.6359e+00 +1.2265e+00 +2.2141e+00 -3.3399e+00 -2.4222e+00 -3.2468e+00 +2.5198e+00
875 0 +1.068560703e+00 -5.927714393e+02 -5.927714393e+02 -3.0501e+00 -2.1217e-01 +3.0077e-01 +2.0702e+00 +9.9650e-01 +2.2256e+00 -3.3076e+00 -2.0268e+00 -2.5797e+00 +2.0719e+00
908 0 +9.382035575e-01 -5.929017964e+02 -5.929017964e+02 -2.8325e+00 +5.3820e-01 +6.5819e-01 +2.0198e+00 +1.2451e+00 +2.5935e+00 -3.7928e+00 -1.5777e+00 -3.0039e+00 +1.5472e+00
980 0 +4.804453398e-01 -5.933595547e+02 -5.933595547e+02 -2.6630e+00 +1.2063e-01 +5.5423e-01 +1.7244e+00 +1.1104e+00 +2.2794e+00 -3.8178e+00 -1.4971e+00 -2.8858e+00 +2.5658e+00
997 0 +4.684841779e-01 -5.933715158e+02 -5.933715158e+02 -2.4910e+00 +3.0473e-01 +6.5789e-01 +2.0812e+00 +1.2584e+00 +2.4203e+00 -4.1319e+00 -1.5827e+00 -2.8063e+00 +2.0902e+00
1060 0 +4.600587680e-01 -5.933799412e+02 -5.933799412e+02 -2.4881e+00 +8.1237e-02 +2.0704e-01 +2.0099e+00 +1.3232e+00 +2.6227e+00 -3.8718e+00 -1.2782e+00 -3.0171e+00 +2.2713e+00
1082 0 +4.015418818e-01 -5.934384581e+02 -5.934384581e+02 -2.2992e+00 +5.6553e-01 +6.2809e-01 +2.2440e+00 +1.4166e+00 +2.4896e+00 -3.5220e+00 -1.6550e+00 -3.0883e+00 +2.5612e+00
1107 0 +3.325202301e-01 -5.935074798e+02 -5.935074798e+02 -2.2138e+00 +2.2331e-01 +6.9374e-01 +2.2740e+00 +1.4955e+00 +2.6002e+00 -3.9180e+00 -1.7634e+00 -2.8949e+00 +2.2378e+00
1112 0 +9.921639117e-02 -5.937407836e+02 -5.937407836e+02 -2.5404e+00 +3.2527e-01 +5.5251e-01 +2.2773e+00 +1.2661e+00 +2.4506e+00 -3.5652e+00 -1.7539e+00 -3.1499e+00 +2.2388e+00
1402 0 +7.092308367e-02 -5.937690769e+02 -5.937690769e+02 -2.7161e+00 +4.3157e-02 +4.9514e-01 +2.1058e+00 +1.2816e+00 +2.5591e+00 -3.5373e+00 -1.7725e+00 -3.1078e+00 +2.1768e+00
1433 0 +6.435763966e-02 -5.937756424e+02 -5.937756424e+02 -2.5704e+00 +1.4639e-01 +5.0306e-01 +2.2456e+00 +1.2511e+00 +2.5260e+00 -3.6345e+00 -1.9054e+00 -3.0500e+00 +2.3055e+00
1486 0 +5.296771347e-02 -5.937870323e+02 -5.937870323e+02 -2.5963e+00 +1.5223e-01 +5.6916e-01 +2.0795e+00 +1.2617e+00 +2.5772e+00 -3.5958e+00 -1.8181e+00 -3.1685e+00 +2.2191e+00
1552 0 +4.535408645e-02 -5.937946459e+02 -5.937946459e+02 -2.6584e+00 +1.9126e-01 +6.1432e-01 +2.1788e+00 +1.3093e+00 +2.4994e+00 -3.7150e+00 -1.7985e+00 -3.1593e+00 +2.2966e+00
1562 0 +3.395040075e-02 -5.938060496e+02 -5.938060496e+02 -2.5094e+00 +1.3782e-01 +6.3189e-01 +2.0766e+00 +1.2623e+00 +2.4303e+00 -3.6130e+00 -1.7980e+00 -3.0849e+00 +2.3725e+00
1611 0 +2.250277965e-02 -5.938174972e+02 -5.938174972e+02 -2.6168e+00 +8.5956e-02 +6.4394e-01 +2.1254e+00 +1.3125e+00 +2.4342e+00 -3.5880e+00 -1.7580e+00 -3.1527e+00 +2.2500e+00
1689 0 +1.760426998e-02 -5.938223957e+02 -5.938223957e+02 -2.5369e+00 +4.7309e-02 +4.9944e-01 +2.1373e+00 +1.3167e+00 +2.4025e+00 -3.6183e+00 -1.7185e+00 -3.0947e+00 +2.2630e+00
1691 0 +1.413353172e-02 -5.938258665e+02 -5.938258665e+02 -2.5650e+00 +1.9253e-01 +5.7233e-01 +2.1458e+00 +1.3569e+00 +2.5172e+00 -3.6288e+00 -1.7178e+00 -3.0978e+00 +2.2795e+00
1835 0 +5.126405958e-03 -5.938348736e+02 -5.938348736e+02 -2.5680e+00 +9.8013e-02 +5.6356e-01 +2.1393e+00 +1.3617e+00 +2.4315e+00 -3.5994e+00 -1.7331e+00 -3.0411e+00 +2.3450e+00
2025 0 +5.030139127e-03 -5.938349699e+02 -5.938349699e+02 -2.5364e+00 +1.1618e-01 +5.6323e-01 +2.0871e+00 +1.3507e+00 +2.4719e+00 -3.6290e+00 -1.7656e+00 -3.0679e+00 +2.2792e+00
2047 0 +2.706665343e-03 -5.938372933e+02 -5.938372933e+02 -2.5377e+00 +1.0373e-01 +5.5188e-01 +2.1153e+00 +1.3664e+00 +2.4838e+00 -3.6386e+00 -1.7326e+00 -3.0505e+00 +2.2971e+00
2155 0 +1.642427290e-03 -5.938383576e+02 -5.938383576e+02 -2.5698e+00 +1.0519e-01 +5.6433e-01 +2.1557e+00 +1.3657e+00 +2.4924e+00 -3.6389e+00 -1.7377e+00 -3.0585e+00 +2.3015e+00
2202 0 +1.058548857e-03 -5.938389415e+02 -5.938389415e+02 -2.5686e+00 +9.4665e-02 +5.7443e-01 +2.1540e+00 +1.3534e+00 +2.4818e+00 -3.6187e+00 -1.7415e+00 -3.0659e+00 +2.3115e+00
2323 0 +9.123070748e-04 -5.938390877e+02 -5.938390877e+02 -2.5639e+00 +8.5182e-02 +5.7591e-01 +2.1490e+00 +1.3614e+00 +2.4881e+00 -3.6170e+00 -1.7428e+00 -3.0701e+00 +2.3019e+00
2382 0 +5.765951059e-04 -5.938394234e+02 -5.938394234e+02 -2.5792e+00 +9.0680e-02 +5.8728e-01 +2.1340e+00 +1.3737e+00 +2.4689e+00 -3.6259e+00 -1.7351e+00 -3.0562e+00 +2.2992e+00
% f evaluations | g evaluations | best noise-free fitness - Fopt (-1.000000000000e+03) + sum g_i+ | measured fitness | best measured fitness or single-digit g-values | x1 | x2...
1 0 +8.750484297e+01 -9.124951570e+02 -9.124951570e+02 +5.9671e-01 -3.8264e-02 +7.4769e-01 +1.6230e+00 -1.3415e-01 -1.3414e-01 +1.6792e+00 +8.6743e-01 -3.6947e-01 +6.4256e-01
4 0 +6.514350762e+01 -9.348564924e+02 -9.348564924e+02 -5.0171e-01 +1.9523e+00 +8.6503e-02 -9.5771e-01 +9.2254e-01 -1.1208e+00 +3.0886e-01 -1.8597e+00 -1.2282e+00 +2.9686e-01
7 0 +6.257479941e+01 -9.374252006e+02 -9.374252006e+02 -3.7917e-01 -8.5659e-02 -1.0063e+00 -1.0962e+00 +9.1253e-01 +1.4562e+00 +2.7990e-02 +1.1035e+00 +4.6164e-01 -5.4512e-01
11 0 +5.696031974e+01 -9.430396803e+02 -9.430396803e+02 -1.3154e+00 -3.2065e-01 -2.4271e-01 -7.0228e-01 -6.1286e-02 +5.0405e-01 +1.9862e+00 +2.7458e-01 +3.5755e-01 +2.5554e-02
27 0 +5.400405404e+01 -9.459959460e+02 -9.459959460e+02 -8.2693e-01 +4.0475e-02 -3.1413e+00 -9.2439e-01 -1.5257e-01 -1.1478e+00 +1.7324e+00 -1.3301e+00 -3.4004e-01 +2.3074e-01
51 0 +4.397015327e+01 -9.560298467e+02 -9.560298467e+02 -3.6026e+00 +2.2687e+00 -3.7338e-01 -1.4698e+00 +4.0732e+00 +7.4680e-02 -3.1612e-01 +1.2593e+00 +2.5631e-01 -2.6187e-01
72 0 +4.012992898e+01 -9.598700710e+02 -9.598700710e+02 -3.0911e-02 +3.2984e+00 -1.7647e+00 -8.3518e-01 +4.3185e-01 -5.4393e-01 +1.2805e+00 +1.6726e+00 -8.9425e-01 -3.6662e-01
82 0 +3.964477302e+01 -9.603552270e+02 -9.603552270e+02 -3.4197e+00 +1.1908e+00 -2.0822e+00 +2.9430e-02 +2.0378e+00 -1.8022e+00 +1.5698e+00 +2.5160e+00 +6.0810e-01 +3.6191e-02
103 0 +1.030384555e+01 -9.896961545e+02 -9.896961545e+02 -4.5777e+00 +2.0351e+00 -3.4493e+00 -2.5452e+00 +3.1705e+00 +1.1857e+00 +1.8669e+00 +9.2408e-01 -3.8537e-01 +2.8229e+00
314 0 +9.737597068e+00 -9.902624029e+02 -9.902624029e+02 -3.2792e+00 +4.5765e+00 -4.9612e+00 -3.1224e+00 +1.8831e-01 +8.4982e-01 +2.9338e+00 +4.0745e-01 -2.2406e+00 +1.5483e+00
356 0 +5.047514768e+00 -9.949524852e+02 -9.949524852e+02 -3.6189e+00 +4.9969e+00 -3.7870e+00 -3.2937e+00 +1.1334e+00 +1.0485e+00 +3.6307e+00 +2.7924e-01 -1.4374e+00 +2.4045e+00
457 0 +4.869318668e+00 -9.951306813e+02 -9.951306813e+02 -4.1907e+00 +4.3588e+00 -3.8416e+00 -2.4201e+00 +2.6594e+00 +1.1112e+00 +1.9409e+00 +5.6404e-01 -1.0815e+00 +2.4907e+00
600 0 +4.743002427e+00 -9.952569976e+02 -9.952569976e+02 -3.0921e+00 +3.5689e+00 -3.7326e+00 -2.7621e+00 +1.5669e+00 -3.8186e-01 +3.2713e+00 +1.9444e+00 -1.0714e+00 +1.8398e+00
608 0 +3.861639400e+00 -9.961383606e+02 -9.961383606e+02 -3.9136e+00 +3.5879e+00 -3.9522e+00 -2.7869e+00 +2.3440e+00 +3.7477e-01 +2.9228e+00 +2.7449e+00 -1.9114e+00 +2.3156e+00
615 0 +3.816053131e+00 -9.961839469e+02 -9.961839469e+02 -3.6411e+00 +2.7235e+00 -3.8663e+00 -1.6070e+00 +1.6962e+00 +1.0822e+00 +3.8990e+00 +9.5972e-01 -5.0694e-01 +2.4826e+00
645 0 +2.941453845e+00 -9.970585462e+02 -9.970585462e+02 -4.1535e+00 +3.5939e+00 -3.8737e+00 -2.7932e+00 +1.7519e+00 +2.0457e+00 +3.8313e+00 +2.3605e+00 -4.7722e-01 +1.7556e+00
664 0 +1.936127765e+00 -9.980638722e+02 -9.980638722e+02 -4.4531e+00 +4.1772e+00 -4.1624e+00 -2.0205e+00 +2.3441e+00 +1.2069e+00 +3.0919e+00 +1.6741e+00 -1.4661e+00 +1.0973e+00
802 0 +1.769990948e+00 -9.982300091e+02 -9.982300091e+02 -4.2159e+00 +4.1725e+00 -3.9102e+00 -2.1610e+00 +2.8753e+00 +1.5188e+00 +3.2366e+00 +1.1339e+00 -2.0099e+00 +1.2980e+00
831 0 +1.184671311e+00 -9.988153287e+02 -9.988153287e+02 -3.6229e+00 +3.0448e+00 -4.0499e+00 -2.5251e+00 +2.2717e+00 +1.4302e+00 +3.6790e+00 +1.8844e+00 -1.1750e+00 +1.5619e+00
865 0 +1.106796348e+00 -9.988932037e+02 -9.988932037e+02 -3.7146e+00 +4.3541e+00 -3.9196e+00 -2.1495e+00 +2.6507e+00 +1.4820e+00 +3.4421e+00 +1.2250e+00 -1.7986e+00 +2.4997e+00
867 0 +7.041278322e-01 -9.992958722e+02 -9.992958722e+02 -3.9890e+00 +3.6446e+00 -3.6018e+00 -2.1960e+00 +1.9326e+00 +1.4648e+00 +3.3744e+00 +1.8918e+00 -1.3307e+00 +2.0705e+00
885 0 +5.544697691e-01 -9.994455302e+02 -9.994455302e+02 -3.6599e+00 +3.8006e+00 -3.6408e+00 -2.9489e+00 +2.5097e+00 +1.6031e+00 +3.6475e+00 +1.6334e+00 -1.3658e+00 +2.1463e+00
955 0 +5.264016521e-01 -9.994735983e+02 -9.994735983e+02 -3.8547e+00 +3.9268e+00 -3.7004e+00 -2.0287e+00 +2.2268e+00 +1.7574e+00 +3.4052e+00 +1.3895e+00 -1.4171e+00 +2.0822e+00
1041 0 +4.546442323e-01 -9.995453558e+02 -9.995453558e+02 -3.5393e+00 +4.0299e+00 -3.9015e+00 -2.2488e+00 +2.6018e+00 +1.3214e+00 +3.7484e+00 +1.0711e+00 -1.6656e+00 +1.8303e+00
1052 0 +4.055287074e-01 -9.995944713e+02 -9.995944713e+02 -3.9269e+00 +3.9354e+00 -4.0365e+00 -2.6698e+00 +2.0247e+00 +1.6335e+00 +3.9509e+00 +1.3148e+00 -1.5607e+00 +1.7662e+00
1059 0 +2.148997529e-01 -9.997851002e+02 -9.997851002e+02 -3.9161e+00 +3.8159e+00 -3.8466e+00 -2.4482e+00 +2.0101e+00 +1.4523e+00 +3.5866e+00 +1.4025e+00 -1.6014e+00 +1.7054e+00
1110 0 +1.600958331e-01 -9.998399042e+02 -9.998399042e+02 -3.8839e+00 +3.9177e+00 -3.9375e+00 -2.3874e+00 +2.2607e+00 +1.5165e+00 +3.8008e+00 +1.5743e+00 -1.6638e+00 +1.9304e+00
1207 0 +1.492484345e-01 -9.998507516e+02 -9.998507516e+02 -3.8558e+00 +3.6657e+00 -3.9082e+00 -2.4964e+00 +2.5172e+00 +1.3958e+00 +3.8197e+00 +1.2241e+00 -1.4016e+00 +1.9421e+00
1262 0 +1.425028531e-01 -9.998574971e+02 -9.998574971e+02 -3.7722e+00 +3.8955e+00 -3.6977e+00 -2.5732e+00 +2.2929e+00 +1.3794e+00 +3.7449e+00 +1.4404e+00 -1.1087e+00 +1.8718e+00
1268 0 +9.148152406e-02 -9.999085185e+02 -9.999085185e+02 -3.8292e+00 +3.7394e+00 -3.7871e+00 -2.3758e+00 +2.1928e+00 +1.1838e+00 +3.8178e+00 +1.3222e+00 -1.2779e+00 +1.8435e+00
1270 0 +6.147092464e-02 -9.999385291e+02 -9.999385291e+02 -3.8157e+00 +3.7960e+00 -3.9025e+00 -2.4862e+00 +2.3130e+00 +1.4883e+00 +3.6824e+00 +1.4542e+00 -1.3012e+00 +1.9080e+00
1358 0 +5.838943969e-02 -9.999416106e+02 -9.999416106e+02 -3.9396e+00 +4.0104e+00 -3.7606e+00 -2.4894e+00 +2.3254e+00 +1.3695e+00 +3.6988e+00 +1.4308e+00 -1.4835e+00 +2.0227e+00
1389 0 +5.370383845e-02 -9.999462962e+02 -9.999462962e+02 -3.7534e+00 +3.8610e+00 -3.7440e+00 -2.5191e+00 +2.3107e+00 +1.2564e+00 +3.8199e+00 +1.3738e+00 -1.3637e+00 +2.0564e+00
1433 0 +5.088870775e-02 -9.999491113e+02 -9.999491113e+02 -3.8769e+00 +3.9522e+00 -3.7964e+00 -2.5292e+00 +2.2355e+00 +1.2958e+00 +3.6185e+00 +1.5468e+00 -1.3731e+00 +1.9233e+00
1436 0 +4.905056671e-02 -9.999509494e+02 -9.999509494e+02 -3.9429e+00 +3.9003e+00 -3.7853e+00 -2.4421e+00 +2.2309e+00 +1.3454e+00 +3.8446e+00 +1.4952e+00 -1.3648e+00 +1.8556e+00
1480 0 +3.974875731e-02 -9.999602512e+02 -9.999602512e+02 -3.8700e+00 +3.8423e+00 -3.8801e+00 -2.3908e+00 +2.2440e+00 +1.2524e+00 +3.8339e+00 +1.3622e+00 -1.3224e+00 +1.9596e+00
1494 0 +3.309842051e-02 -9.999669016e+02 -9.999669016e+02 -3.8808e+00 +3.8887e+00 -3.8224e+00 -2.4274e+00 +2.2323e+00 +1.3072e+00 +3.8225e+00 +1.4465e+00 -1.3919e+00 +2.0440e+00
1524 0 +3.005583192e-02 -9.999699442e+02 -9.999699442e+02 -3.8617e+00 +3.9266e+00 -3.8463e+00 -2.5010e+00 +2.3375e+00 +1.3172e+00 +3.6119e+00 +1.3860e+00 -1.3425e+00 +1.8960e+00
1533 0 +2.598481312e-02 -9.999740152e+02 -9.999740152e+02 -3.9346e+00 +3.7970e+00 -3.7735e+00 -2.4366e+00 +2.3474e+00 +1.2223e+00 +3.6897e+00 +1.3837e+00 -1.4412e+00 +1.9254e+00
1558 0 +2.471830693e-02 -9.999752817e+02 -9.999752817e+02 -3.8562e+00 +3.8218e+00 -3.8211e+00 -2.4584e+00 +2.3738e+00 +1.2367e+00 +3.7073e+00 +1.4339e+00 -1.3226e+00 +1.9928e+00
1563 0 +1.898198976e-02 -9.999810180e+02 -9.999810180e+02 -3.9254e+00 +3.8206e+00 -3.7907e+00 -2.4894e+00 +2.3311e+00 +1.3285e+00 +3.6502e+00 +1.4319e+00 -1.4276e+00 +1.9715e+00
1609 0 +1.708658636e-02 -9.999829134e+02 -9.999829134e+02 -3.8075e+00 +3.7935e+00 -3.7671e+00 -2.3911e+00 +2.3039e+00 +1.3146e+00 +3.7266e+00 +1.4916e+00 -1.4091e+00 +1.8936e+00
1668 0 +1.655927361e-02 -9.999834407e+02 -9.999834407e+02 -3.8870e+00 +3.8638e+00 -3.8302e+00 -2.3736e+00 +2.2352e+00 +1.2410e+00 +3.7162e+00 +1.4354e+00 -1.4375e+00 +1.9285e+00
1707 0 +1.484912318e-02 -9.999851509e+02 -9.999851509e+02 -3.8135e+00 +3.8104e+00 -3.7642e+00 -2.4095e+00 +2.3438e+00 +1.2956e+00 +3.7292e+00 +1.4588e+00 -1.4271e+00 +1.9907e+00
1712 0 +1.128867983e-02 -9.999887113e+02 -9.999887113e+02 -3.8889e+00 +3.8756e+00 -3.8300e+00 -2.3985e+00 +2.3519e+00 +1.2770e+00 +3.6805e+00 +1.4126e+00 -1.3801e+00 +1.9361e+00
1715 0 +8.851202451e-03 -9.999911488e+02 -9.999911488e+02 -3.8525e+00 +3.8965e+00 -3.7982e+00 -2.4556e+00 +2.3456e+00 +1.3047e+00 +3.6744e+00 +1.4007e+00 -1.3740e+00 +1.9334e+00
1769 0 +8.566403077e-03 -9.999914336e+02 -9.999914336e+02 -3.8771e+00 +3.8582e+00 -3.8504e+00 -2.4259e+00 +2.3346e+00 +1.2783e+00 +3.6958e+00 +1.4696e+00 -1.3808e+00 +1.9197e+00
1798 0 +7.129217727e-03 -9.999928708e+02 -9.999928708e+02 -3.8860e+00 +3.8301e+00 -3.8219e+00 -2.4518e+00 +2.2472e+00 +1.3152e+00 +3.7160e+00 +1.4482e+00 -1.4480e+00 +1.9258e+00
1852 0 +6.604461097e-03 -9.999933955e+02 -9.999933955e+02 -3.8490e+00 +3.8211e+00 -3.7626e+00 -2.4660e+00 +2.2959e+00 +1.3152e+00 +3.7118e+00 +1.4402e+00 -1.3824e+00 +1.9248e+00
1931 0 +4.613906981e-03 -9.999953861e+02 -9.999953861e+02 -3.8459e+00 +3.8560e+00 -3.7959e+00 -2.4366e+00 +2.2588e+00 +1.2828e+00 +3.7100e+00 +1.4311e+00 -1.3815e+00 +1.9405e+00
1954 0 +3.694662336e-03 -9.999963053e+02 -9.999963053e+02 -3.8423e+00 +3.8285e+00 -3.8215e+00 -2.4208e+00 +2.2849e+00 +1.3286e+00 +3.7071e+00 +1.4011e+00 -1.4446e+00 +1.9080e+00
2009 0 +3.069675458e-03 -9.999969303e+02 -9.999969303e+02 -3.8593e+00 +3.8468e+00 -3.7953e+00 -2.4527e+00 +2.2861e+00 +1.2981e+00 +3.7480e+00 +1.4187e+00 -1.3937e+00 +1.9076e+00
2066 0 +2.749593050e-03 -9.999972504e+02 -9.999972504e+02 -3.8159e+00 +3.8304e+00 -3.8149e+00 -2.4430e+00 +2.3009e+00 +1.2738e+00 +3.7155e+00 +1.4359e+00 -1.4111e+00 +1.9393e+00
2105 0 +2.697490466e-03 -9.999973025e+02 -9.999973025e+02 -3.8106e+00 +3.8712e+00 -3.8287e+00 -2.4662e+00 +2.2911e+00 +1.3171e+00 +3.7124e+00 +1.4405e+00 -1.4225e+00 +1.9162e+00
2164 0 +1.476208190e-03 -9.999985238e+02 -9.999985238e+02 -3.8533e+00 +3.8499e+00 -3.8303e+00 -2.4410e+00 +2.2878e+00 +1.3357e+00 +3.7164e+00 +1.4151e+00 -1.4047e+00 +1.9194e+00
2205 0 +1.086584805e-03 -9.999989134e+02 -9.999989134e+02 -3.8472e+00 +3.8544e+00 -3.8286e+00 -2.4535e+00 +2.2878e+00 +1.3039e+00 +3.7151e+00 +1.4159e+00 -1.4410e+00 +1.9173e+00
2221 0 +1.012834167e-03 -9.999989872e+02 -9.999989872e+02 -3.8326e+00 +3.8495e+00 -3.8304e+00 -2.4605e+00 +2.2915e+00 +1.3175e+00 +3.7180e+00 +1.4087e+00 -1.4287e+00 +1.9195e+00
2223 0 +5.887839502e-04 -9.999994112e+02 -9.999994112e+02 -3.8485e+00 +3.8534e+00 -3.8335e+00 -2.4512e+00 +2.3071e+00 +1.3233e+00 +3.7225e+00 +1.4154e+00 -1.4207e+00 +1.9274e+00
2320 0 +5.164347249e-04 -9.999994836e+02 -9.999994836e+02 -3.8553e+00 +3.8518e+00 -3.8192e+00 -2.4373e+00 +2.2942e+00 +1.3141e+00 +3.7234e+00 +1.4311e+00 -1.4086e+00 +1.9244e+00
2451 0 +5.077988606e-04 -9.999994922e+02 -9.999994922e+02 -3.8491e+00 +3.8610e+00 -3.8243e+00 -2.4492e+00 +2.2908e+00 +1.3160e+00 +3.7159e+00 +1.4228e+00 -1.4225e+00 +1.9163e+00
2462 0 +3.518379972e-04 -9.999996482e+02 -9.999996482e+02 -3.8370e+00 +3.8437e+00 -3.8191e+00 -2.4481e+00 +2.3024e+00 +1.2991e+00 +3.7207e+00 +1.4143e+00 -1.4053e+00 +1.9266e+00
2477 0 +3.405207611e-04 -9.999996595e+02 -9.999996595e+02 -3.8499e+00 +3.8446e+00 -3.8260e+00 -2.4497e+00 +2.3081e+00 +1.3138e+00 +3.7133e+00 +1.4268e+00 -1.4175e+00 +1.9313e+00
% f evaluations | g evaluations | best noise-free fitness - Fopt (-2.531000000000e+01) + sum g_i+ | measured fitness | best measured fitness or single-digit g-values | x1 | x2...
1 0 +5.348964174e+01 +2.817964174e+01 +2.817964174e+01 +5.9671e-01 -3.8264e-02 +7.4769e-01 +1.6230e+00 -1.3415e-01 -1.3414e-01 +1.6792e+00 +8.6743e-01 -3.6947e-01 +6.4256e-01
4 0 +5.229092179e+01 +2.698092179e+01 +2.698092179e+01 -5.0171e-01 +1.9523e+00 +8.6503e-02 -9.5771e-01 +9.2254e-01 -1.1208e+00 +3.0886e-01 -1.8597e+00 -1.2282e+00 +2.9686e-01
22 0 +4.375766773e+01 +1.844766773e+01 +1.844766773e+01 +6.7089e-01 +1.2356e+00 +1.0540e+00 +7.5139e-01 -2.1527e-01 +8.5897e-01 -6.7283e-01 -1.3682e-01 -3.8536e-01 +1.8187e-01
53 0 +3.864508203e+01 +1.333508203e+01 +1.333508203e+01 +9.7189e-01 +2.1970e+00 -4.4119e-01 +2.3076e-01 +3.1557e+00 +6.2656e-01 +3.6926e-01 +1.4131e+00 -1.7093e+00 -1.3782e+00
54 0 +3.089054575e+01 +5.580545750e+00 +5.580545750e+00 +1.4128e+00 +2.1299e+00 -1.5937e-01 +1.3891e+00 +1.8334e+00 -1.7847e+00 +3.4498e-01 +1.3517e+00 -2.9062e-01 -1.2807e+00
67 0 +2.575994304e+01 +4.499430364e-01 +4.499430364e-01 +6.8382e-01 +1.3210e+00 +9.5060e-01 +8.1431e-01 +2.6009e+00 -1.4964e-01 -2.1382e+00 -2.6048e-01 -1.8114e+00 -3.3937e-01
74 0 +2.563387377e+01 +3.238737660e-01 +3.238737660e-01 +2.6823e+00 +1.1234e+00 +5.2672e-02 +1.9803e-02 +6.0192e-01 -5.3793e-01 -9.1399e-02 +2.2789e-01 -3.0413e+00 -1.4130e-01
113 0 +2.480702551e+01 -5.029744932e-01 -5.029744932e-01 +3.4089e-01 +1.6547e+00 -6.6857e-01 +3.0735e+00 +2.4511e+00 -1.9410e+00 -3.0759e+00 +1.9918e+00 -1.4337e+00 +5.5550e-01
124 0 +2.331413674e+01 -1.995863256e+00 -1.995863256e+00 +3.2577e+00 +1.2069e+00 +2.5331e+00 +1.2494e+00 +5.7091e-01 +1.0363e+00 -1.4051e+00 +4.1336e-01 -3.6838e+00 +9.6272e-01
129 0 +2.139032159e+01 -3.919678408e+00 -3.919678408e+00 +1.0809e+00 +3.0929e+00 +5.2746e-01 +1.5140e+00 +8.2439e-01 -2.8589e+00 +6.4086e-01 +9.5677e-01 -1.7642e+00 +1.5774e+00
158 0 +1.825327706e+01 -7.056722940e+00 -7.056722940e+00 +1.9656e+00 +4.4664e+00 +1.0626e+00 +1.9915e+00 +3.7349e+00 -1.5777e+00 -2.4334e+00 +1.3854e+00 -4.8827e-01 -1.7039e-01
160 0 +1.612903927e+01 -9.180960725e+00 -9.180960725e+00 +2.2301e+00 +3.9660e+00 -5.8718e-01 +2.4943e+00 +4.7630e+00 -2.2639e+00 -1.4923e+00 +1.5474e+00 -1.9688e+00 +2.4310e+00
176 0 +1.228758531e+01 -1.302241469e+01 -1.302241469e+01 +4.1477e+00 +3.1716e+00 +2.1484e+00 +1.7692e+00 +1.6027e+00 -2.0361e+00 -1.0161e+00 -1.7087e+00 -2.3168e+00 -3.6076e-01
291 0 +1.174113256e+01 -1.356886744e+01 -1.356886744e+01 +2.0553e+00 +2.9960e+00 +9.9249e-01 +3.0886e+00 +1.1939e+00 -1.6447e+00 -1.4609e+00 -2.0105e+00 -2.6454e+00 +2.4335e+00
310 0 +5.249750816e+00 -2.006024918e+01 -2.006024918e+01 +3.2256e+00 +4.9684e+00 +9.1181e-02 +2.0488e+00 +2.7380e+00 -9.3860e-01 -1.2310e+00 -8.3533e-02 -3.5193e+00 +1.3356e+00
532 0 +4.475208258e+00 -2.083479174e+01 -2.083479174e+01 +4.3965e+00 +4.5552e+00 +1.2600e+00 +3.8050e+00 +1.5643e+00 -1.4973e+00 -2.4431e+00 +5.4270e-01 -4.0307e+00 +4.8577e-01
552 0 +1.570603706e+00 -2.373939629e+01 -2.373939629e+01 +3.0995e+00 +3.1677e+00 +1.0354e+00 +3.2972e+00 +2.2242e+00 -1.0199e+00 -1.6001e+00 +2.1487e-01 -4.1813e+00 +6.3757e-01
711 0 +1.323341996e+00 -2.398665800e+01 -2.398665800e+01 +3.0456e+00 +3.7747e+00 +6.6623e-01 +3.7667e+00 +2.9226e+00 -2.1397e+00 -1.6486e+00 -1.8282e-01 -3.4250e+00 +6.7565e-01
720 0 +9.908082527e-01 -2.431919175e+01 -2.431919175e+01 +2.8662e+00 +3.7020e+00 +1.4427e+00 +3.2975e+00 +2.4632e+00 -1.4493e+00 -1.6377e+00 +4.5855e-02 -3.2343e+00 +1.1843e+00
760 0 +6.686078661e-01 -2.464139213e+01 -2.464139213e+01 +3.0781e+00 +3.8304e+00 +9.7644e-01 +3.6992e+00 +2.4614e+00 -1.5770e+00 -1.5120e+00 +3.1086e-01 -3.1433e+00 +9.9720e-01
837 0 +5.862099876e-01 -2.472379001e+01 -2.472379001e+01 +3.1752e+00 +3.3614e+00 +1.0077e+00 +2.7548e+00 +2.3899e+00 -1.7229e+00 -1.8442e+00 +7.2914e-01 -3.3261e+00 +9.6199e-01
1088 0 +5.086613197e-01 -2.480133868e+01 -2.480133868e+01 +3.0560e+00 +3.4329e+00 +7.9905e-01 +3.4289e+00 +2.0735e+00 -1.7468e+00 -1.9795e+00 +4.7408e-03 -3.4019e+00 +9.8482e-01
1096 0 +3.925559373e-01 -2.491744406e+01 -2.491744406e+01 +3.5137e+00 +3.1780e+00 +5.7400e-01 +3.3508e+00 +2.2493e+00 -1.7031e+00 -1.7964e+00 +4.1589e-01 -3.6796e+00 +1.1550e+00
1113 0 +2.987116945e-01 -2.501128831e+01 -2.501128831e+01 +3.2608e+00 +3.6859e+00 +8.6564e-01 +3.5016e+00 +2.2945e+00 -1.8087e+00 -1.3350e+00 +2.4758e-01 -3.3194e+00 +9.5349e-01
1201 0 +2.922647498e-01 -2.501773525e+01 -2.501773525e+01 +3.7429e+00 +3.6681e+00 +6.5842e-01 +3.0337e+00 +2.2630e+00 -1.9895e+00 -1.7816e+00 +3.0692e-01 -3.6369e+00 +1.0803e+00
1231 0 +2.706675947e-01 -2.503933241e+01 -2.503933241e+01 +3.5710e+00 +3.7007e+00 +1.0640e+00 +3.2053e+00 +2.5235e+00 -1.9152e+00 -1.3074e+00 +2.4684e-01 -3.3831e+00 +8.4472e-01
1253 0 +1.997997663e-01 -2.511020023e+01 -2.511020023e+01 +3.4290e+00 +3.7933e+00 +8.8126e-01 +3.1373e+00 +2.4672e+00 -1.8351e+00 -1.8399e+00 +8.1270e-02 -3.6444e+00 +1.0418e+00
1276 0 +1.983737184e-01 -2.511162628e+01 -2.511162628e+01 +3.2164e+00 +3.6247e+00 +8.5232e-01 +3.2053e+00 +2.2824e+00 -1.6854e+00 -1.9651e+00 +2.5289e-01 -3.2949e+00 +9.7429e-01
1307 0 +1.870083264e-01 -2.512299167e+01 -2.512299167e+01 +3.3319e+00 +3.5578e+00 +7.9476e-01 +2.9356e+00 +2.4006e+00 -1.7885e+00 -1.5720e+00 +5.6752e-02 -3.5909e+00 +8.1443e-01
1325 0 +1.359627925e-01 -2.517403721e+01 -2.517403721e+01 +3.4802e+00 +3.4085e+00 +8.3664e-01 +3.2909e+00 +2.3918e+00 -1.6982e+00 -1.6524e+00 +4.5614e-02 -3.5992e+00 +1.1356e+00
1339 0 +1.070752978e-01 -2.520292470e+01 -2.520292470e+01 +3.4346e+00 +3.5236e+00 +7.0512e-01 +3.4005e+00 +2.5261e+00 -1.7863e+00 -1.7766e+00 +2.3499e-01 -3.4155e+00 +8.9808e-01
1472 0 +9.575668729e-02 -2.521424331e+01 -2.521424331e+01 +3.3754e+00 +3.5824e+00 +8.0525e-01 +3.1603e+00 +2.4530e+00 -1.8581e+00 -1.5950e+00 +4.7761e-01 -3.5638e+00 +9.4708e-01
1486 0 +7.428791002e-02 -2.523571209e+01 -2.523571209e+01 +3.5051e+00 +3.4289e+00 +9.4699e-01 +3.0741e+00 +2.4509e+00 -1.8044e+00 -1.6756e+00 +1.6961e-01 -3.5275e+00 +8.3823e-01
1552 0 +4.678580062e-02 -2.526321420e+01 -2.526321420e+01 +3.5424e+00 +3.5254e+00 +8.6581e-01 +3.2151e+00 +2.4680e+00 -1.8536e+00 -1.5730e+00 +2.4368e-01 -3.4145e+00 +8.3867e-01
1647 0 +4.285315780e-02 -2.526714684e+01 -2.526714684e+01 +3.5074e+00 +3.5641e+00 +9.6177e-01 +3.1465e+00 +2.4037e+00 -1.7611e+00 -1.5391e+00 +1.6144e-01 -3.4198e+00 +9.6183e-01
1707 0 +4.089043854e-02 -2.526910956e+01 -2.526910956e+01 +3.5679e+00 +3.5144e+00 +8.5892e-01 +3.2355e+00 +2.2619e+00 -1.7349e+00 -1.5824e+00 +2.0883e-01 -3.3907e+00 +9.8250e-01
1709 0 +3.088025331e-02 -2.527911975e+01 -2.527911975e+01 +3.5223e+00 +3.6248e+00 +8.2135e-01 +3.2377e+00 +2.3168e+00 -1.7935e+00 -1.7174e+00 +3.2853e-01 -3.4808e+00 +9.3956e-01
1718 0 +1.603720461e-02 -2.529396280e+01 -2.529396280e+01 +3.5089e+00 +3.6051e+00 +8.1949e-01 +3.2084e+00 +2.3855e+00 -1.7744e+00 -1.6301e+00 +2.4697e-01 -3.3571e+00 +9.4544e-01
1813 0 +1.276527006e-02 -2.529723473e+01 -2.529723473e+01 +3.4696e+00 +3.5231e+00 +7.9643e-01 +3.1425e+00 +2.4513e+00 -1.7303e+00 -1.6978e+00 +2.4055e-01 -3.4091e+00 +9.5039e-01
1936 0 +1.028816080e-02 -2.529971184e+01 -2.529971184e+01 +3.4289e+00 +3.5354e+00 +8.1029e-01 +3.1967e+00 +2.4274e+00 -1.7320e+00 -1.6392e+00 +2.4572e-01 -3.4546e+00 +1.0181e+00
1945 0 +9.661720545e-03 -2.530033828e+01 -2.530033828e+01 +3.4711e+00 +3.5882e+00 +8.4302e-01 +3.1881e+00 +2.3567e+00 -1.7236e+00 -1.6150e+00 +2.2758e-01 -3.4194e+00 +9.5944e-01
1952 0 +9.261850084e-03 -2.530073815e+01 -2.530073815e+01 +3.4836e+00 +3.5602e+00 +8.3651e-01 +3.1838e+00 +2.4087e+00 -1.7918e+00 -1.6980e+00 +2.8385e-01 -3.4787e+00 +9.1197e-01
1953 0 +5.981209105e-03 -2.530401879e+01 -2.530401879e+01 +3.4363e+00 +3.5696e+00 +8.6120e-01 +3.1813e+00 +2.3854e+00 -1.7259e+00 -1.6723e+00 +3.0312e-01 -3.4538e+00 +9.5619e-01
2068 0 +5.929583382e-03 -2.530407042e+01 -2.530407042e+01 +3.4529e+00 +3.5734e+00 +8.9242e-01 +3.1758e+00 +2.3980e+00 -1.7476e+00 -1.6861e+00 +2.9123e-01 -3.4107e+00 +9.4545e-01
2084 0 +5.083057245e-03 -2.530491694e+01 -2.530491694e+01 +3.4351e+00 +3.5258e+00 +8.9453e-01 +3.2136e+00 +2.3992e+00 -1.7393e+00 -1.6572e+00 +2.5879e-01 -3.4562e+00 +9.6248e-01
2160 0 +4.548115490e-03 -2.530545188e+01 -2.530545188e+01 +3.4749e+00 +3.5094e+00 +8.5798e-01 +3.1786e+00 +2.4084e+00 -1.7618e+00 -1.6984e+00 +2.2814e-01 -3.4293e+00 +9.3564e-01
2183 0 +4.520712479e-03 -2.530547929e+01 -2.530547929e+01 +3.4543e+00 +3.5370e+00 +8.8920e-01 +3.2065e+00 +2.3482e+00 -1.7529e+00 -1.6612e+00 +2.7747e-01 -3.4206e+00 +9.4060e-01
2192 0 +4.301143009e-03 -2.530569886e+01 -2.530569886e+01 +3.4687e+00 +3.5214e+00 +8.3857e-01 +3.2161e+00 +2.3907e+00 -1.7605e+00 -1.6234e+00 +2.5593e-01 -3.3957e+00 +9.6344e-01
2212 0 +4.078677671e-03 -2.530592132e+01 -2.530592132e+01 +3.4772e+00 +3.5378e+00 +8.1002e-01 +3.1701e+00 +2.3964e+00 -1.7412e+00 -1.6753e+00 +2.5372e-01 -3.4000e+00 +9.7844e-01
2229 0 +3.825562320e-03 -2.530617444e+01 -2.530617444e+01 +3.4838e+00 +3.5223e+00 +8.5111e-01 +3.1696e+00 +2.3878e+00 -1.7449e+00 -1.7107e+00 +2.7957e-01 -3.4221e+00 +9.8855e-01
2251 0 +2.857158904e-03 -2.530714284e+01 -2.530714284e+01 +3.4423e+00 +3.5104e+00 +8.2718e-01 +3.1785e+00 +2.3995e+00 -1.7421e+00 -1.6663e+00 +2.7530e-01 -3.4332e+00 +9.5034e-01
2322 0 +2.141223730e-03 -2.530785878e+01 -2.530785878e+01 +3.4686e+00 +3.5378e+00 +8.5063e-01 +3.2137e+00 +2.3849e+00 -1.7683e+00 -1.6918e+00 +2.4504e-01 -3.4389e+00 +9.7846e-01
2340 0 +1.446460677e-03 -2.530855354e+01 -2.530855354e+01 +3.4531e+00 +3.5093e+00 +8.4390e-01 +3.1834e+00 +2.3865e+00 -1.7608e+00 -1.6772e+00 +2.4984e-01 -3.4442e+00 +9.6970e-01
2430 0 +1.404062825e-03 -2.530859594e+01 -2.530859594e+01 +3.4689e+00 +3.5311e+00 +8.3857e-01 +3.1676e+00 +2.3743e+00 -1.7776e+00 -1.6737e+00 +2.6618e-01 -3.4497e+00 +9.7122e-01
2489 0 +1.051711055e-03 -2.530894829e+01 -2.530894829e+01 +3.4749e+00 +3.5346e+00 +8.3878e-01 +3.2030e+00 +2.3964e+00 -1.7817e+00 -1.6629e+00 +2.6961e-01 -3.4328e+00 +9.7369e-01
