% f evaluations | g evaluations | best noise-free fitness - Fopt (7.948000000000e+01) + sum g_i+ | measured fitness | best measured fitness or single-digit g-values | x1 | x2...
1 0 +1.011270869e+01 +8.959270869e+01 +8.959270869e+01 +5.9671e-01 -3.8264e-02 +7.4769e-01 +1.6230e+00 -1.3415e-01
9 0 +9.106632127e+00 +8.858663213e+01 +8.858663213e+01 +8.3847e-01 +2.7137e-01 -1.5648e-02 -2.0110e-01 -1.3785e+00
10 0 +8.168478149e+00 +8.764847815e+01 +8.764847815e+01 -6.1984e-01 -3.6064e-01 +1.1571e+00 +4.4362e-01 -1.6630e+00
16 0 +6.167429177e+00 +8.564742918e+01 +8.564742918e+01 +9.2190e-01 +1.8705e-01 -1.9901e-01 +1.9176e-01 -1.8876e+00
26 0 +1.640719302e+00 +8.112071930e+01 +8.112071930e+01 -3.0357e-01 -1.0683e+00 -1.6441e+00 +1.3795e+00 -3.1023e+00
29 0 +6.891852233e-01 +8.016918522e+01 +8.016918522e+01 +4.0478e-01 -1.0800e+00 -7.2373e-01 +1.2313e+00 -2.2600e+00
138 0 +5.601119163e-01 +8.004011192e+01 +8.004011192e+01 +3.1888e-01 -7.1290e-01 -7.6436e-01 +2.5221e+00 -2.7278e+00
185 0 +4.760846525e-01 +7.995608465e+01 +7.995608465e+01 +4.8990e-01 -1.0862e+00 -1.0426e-01 +1.7756e+00 -2.7705e+00
208 0 +2.122455360e-01 +7.969224554e+01 +7.969224554e+01 +2.6868e-01 -1.4738e+00 -8.2812e-01 +2.2370e+00 -2.7456e+00
249 0 +1.634274580e-01 +7.964342746e+01 +7.964342746e+01 +5.6343e-02 -1.3406e+00 -8.8589e-01 +2.0655e+00 -2.8941e+00
253 0 +1.008537696e-01 +7.958085377e+01 +7.958085377e+01 +4.2081e-01 -1.0675e+00 -9.5924e-01 +1.8461e+00 -2.7343e+00
260 0 +2.022011016e-02 +7.950022011e+01 +7.950022011e+01 +2.1381e-01 -1.2373e+00 -6.1925e-01 +1.9193e+00 -2.6461e+00
439 0 +4.088593437e-03 +7.948408859e+01 +7.948408859e+01 +2.8243e-01 -1.2100e+00 -7.3119e-01 +1.9337e+00 -2.6973e+00
512 0 +2.233616855e-03 +7.948223362e+01 +7.948223362e+01 +2.4870e-01 -1.1503e+00 -6.7867e-01 +1.9347e+00 -2.6879e+00
586 0 +2.016280787e-03 +7.948201628e+01 +7.948201628e+01 +2.5647e-01 -1.1375e+00 -7.3862e-01 +1.9128e+00 -2.6457e+00
591 0 +1.770533977e-03 +7.948177053e+01 +7.948177053e+01 +2.3980e-01 -1.1735e+00 -7.4863e-01 +1.9017e+00 -2.6704e+00
595 0 +8.069916096e-04 +7.948080699e+01 +7.948080699e+01 +2.3856e-01 -1.1614e+00 -7.4694e-01 +1.9328e+00 -2.6847e+00
635 0 +2.443103426e-04 +7.948024431e+01 +7.948024431e+01 +2.5071e-01 -1.1607e+00 -7.2838e-01 +1.9391e+00 -2.6874e+00
699 0 +1.629581720e-04 +7.948016296e+01 +7.948016296e+01 +2.5232e-01 -1.1521e+00 -7.2491e-01 +1.9151e+00 -2.6845e+00
717 0 +9.648582747e-05 +7.948009649e+01 +7.948009649e+01 +2.5008e-01 -1.1542e+00 -7.1836e-01 +1.9248e+00 -2.6739e+00
738 0 +9.025948052e-05 +7.948009026e+01 +7.948009026e+01 +2.5719e-01 -1.1595e+00 -7.1853e-01 +1.9302e+00 -2.6764e+00
767 0 +8.524473012e-05 +7.948008524e+01 +7.948008524e+01 +2.5911e-01 -1.1535e+00 -7.2757e-01 +1.9308e+00 -2.6824e+00
788 0 +5.298315146e-05 +7.948005298e+01 +7.948005298e+01 +2.5314e-01 -1.1509e+00 -7.2615e-01 +1.9230e+00 -2.6793e+00
794 0 +4.787018582e-06 +7.948000479e+01 +7.948000479e+01 +2.5266e-01 -1.1552e+00 -7.2355e-01 +1.9271e+00 -2.6820e+00
866 0 +2.951992258e-06 +7.948000295e+01 +7.948000295e+01 +2.5281e-01 -1.1553e+00 -7.2415e-01 +1.9271e+00 -2.6813e+00
960 0 +2.086460029e-06 +7.948000209e+01 +7.948000209e+01 +2.5374e-01 -1.1567e+00 -7.2458e-01 +1.9263e+00 -2.6817e+00
962 0 +1.005305378e-06 +7.948000101e+01 +7.948000101e+01 +2.5327e-01 -1.1571e+00 -7.2323e-01 +1.9265e+00 -2.6811e+00
999 0 +9.550065982e-07 +7.948000096e+01 +7.948000096e+01 +2.5262e-01 -1.1559e+00 -7.2362e-01 +1.9265e+00 -2.6810e+00
1017 0 +4.083095035e-07 +7.948000041e+01 +7.948000041e+01 +2.5310e-01 -1.1565e+00 -7.2370e-01 +1.9267e+00 -2.6806e+00
1107 0 +2.120491160e-07 +7.948000021e+01 +7.948000021e+01 +2.5258e-01 -1.1571e+00 -7.2394e-01 +1.9266e+00 -2.6809e+00
1117 0 +9.156953240e-08 +7.948000009e+01 +7.948000009e+01 +2.5300e-01 -1.1567e+00 -7.2403e-01 +1.9265e+00 -2.6807e+00
1146 0 +6.778506645e-08 +7.948000007e+01 +7.948000007e+01 +2.5289e-01 -1.1566e+00 -7.2395e-01 +1.9265e+00 -2.6809e+00
% f evaluations | g evaluations | best noise-free fitness - Fopt (3.944800000000e+02) + sum g_i+ | measured fitness | best measured fitness or single-digit g-values | x1 | x2...
1 0 +5.524091239e+01 +4.497209124e+02 +4.497209124e+02 +5.9671e-01 -3.8264e-02 +7.4769e-01 +1.6230e+00 -1.3415e-01
8 0 +4.839629028e+01 +4.428762903e+02 +4.428762903e+02 -1.1208e+00 +3.0886e-01 -1.8597e+00 -1.2282e+00 +2.9686e-01
11 0 +4.615028007e+01 +4.406302801e+02 +4.406302801e+02 +4.2408e-01 -2.8508e-01 -5.7692e-01 +7.1168e-01 +1.1310e+00
23 0 +3.151930799e+01 +4.259993080e+02 +4.259993080e+02 -1.8188e+00 +7.3486e-02 +1.6023e-01 +2.5632e+00 -9.2361e-02
26 0 +1.785290597e+01 +4.123329060e+02 +4.123329060e+02 -2.3772e+00 -7.7705e-02 -2.4732e+00 +1.8234e+00 +2.0943e+00
54 0 +1.068720187e+01 +4.051672019e+02 +4.051672019e+02 -3.4472e+00 -1.2081e+00 -1.2871e+00 +3.6411e+00 -2.6198e-01
58 0 +2.681204979e+00 +3.971612050e+02 +3.971612050e+02 -3.8569e+00 -3.6247e+00 -2.6276e+00 +3.1142e+00 +4.9343e-01
107 0 +2.434604967e+00 +3.969146050e+02 +3.969146050e+02 -3.5370e+00 -4.2796e+00 -3.6525e+00 +3.5970e+00 +3.5295e-01
112 0 +1.667553487e+00 +3.961475535e+02 +3.961475535e+02 -3.9237e+00 -3.8124e+00 -3.0983e+00 +4.3832e+00 +1.1642e+00
203 0 +1.267559228e+00 +3.957475592e+02 +3.957475592e+02 -3.8714e+00 -2.7156e+00 -3.7787e+00 +2.9369e+00 +3.1396e-01
267 0 +1.148523344e+00 +3.956285233e+02 +3.956285233e+02 -3.9135e+00 -3.4100e+00 -3.7241e+00 +2.9717e+00 +8.5718e-01
279 0 +1.137772417e+00 +3.956177724e+02 +3.956177724e+02 -4.8010e+00 -3.3047e+00 -3.9546e+00 +4.2275e+00 +7.0237e-01
287 0 +6.591197080e-01 +3.951391197e+02 +3.951391197e+02 -3.9151e+00 -3.4213e+00 -3.7470e+00 +4.2005e+00 +1.3949e+00
291 0 +4.101853135e-01 +3.948901853e+02 +3.948901853e+02 -4.3979e+00 -2.7606e+00 -3.4954e+00 +3.9817e+00 +1.0684e+00
305 0 +3.687473953e-01 +3.948487474e+02 +3.948487474e+02 -4.0987e+00 -2.6897e+00 -4.0836e+00 +3.8518e+00 +4.0489e-01
319 0 +2.812945621e-01 +3.947612946e+02 +3.947612946e+02 -4.2880e+00 -2.5516e+00 -3.8096e+00 +3.9731e+00 +9.5968e-01
354 0 +2.767691737e-01 +3.947567692e+02 +3.947567692e+02 -3.9826e+00 -2.4196e+00 -3.8772e+00 +4.1011e+00 +7.9431e-01
358 0 +2.348827231e-01 +3.947148827e+02 +3.947148827e+02 -4.1103e+00 -2.8687e+00 -3.4568e+00 +4.1471e+00 +9.6757e-01
381 0 +2.338212788e-01 +3.947138213e+02 +3.947138213e+02 -3.9677e+00 -2.4736e+00 -3.8711e+00 +3.9634e+00 +6.4180e-01
395 0 +5.699606344e-02 +3.945369961e+02 +3.945369961e+02 -3.8222e+00 -2.8968e+00 -3.7762e+00 +3.6913e+00 +7.9189e-01
412 0 +4.702848622e-02 +3.945270285e+02 +3.945270285e+02 -3.9061e+00 -2.8427e+00 -3.8607e+00 +3.7125e+00 +9.2242e-01
484 0 +4.401597347e-02 +3.945240160e+02 +3.945240160e+02 -3.7813e+00 -2.8433e+00 -3.9424e+00 +3.8355e+00 +9.1885e-01
488 0 +3.287691355e-02 +3.945128769e+02 +3.945128769e+02 -3.9597e+00 -2.9229e+00 -3.7898e+00 +4.0540e+00 +7.8249e-01
491 0 +2.371149671e-02 +3.945037115e+02 +3.945037115e+02 -3.8990e+00 -2.8048e+00 -3.6875e+00 +3.9496e+00 +8.2381e-01
507 0 +1.054543406e-02 +3.944905454e+02 +3.944905454e+02 -3.9437e+00 -2.9122e+00 -3.7970e+00 +3.8456e+00 +7.9296e-01
525 0 +8.225406892e-03 +3.944882254e+02 +3.944882254e+02 -3.8557e+00 -2.8997e+00 -3.7241e+00 +3.9189e+00 +8.6065e-01
559 0 +3.856718321e-03 +3.944838567e+02 +3.944838567e+02 -3.9231e+00 -2.9190e+00 -3.8269e+00 +3.9069e+00 +8.1646e-01
609 0 +3.728902330e-03 +3.944837289e+02 +3.944837289e+02 -3.9119e+00 -2.8884e+00 -3.8125e+00 +3.9303e+00 +9.1241e-01
621 0 +1.326202016e-03 +3.944813262e+02 +3.944813262e+02 -3.9102e+00 -2.9077e+00 -3.8033e+00 +3.9139e+00 +8.3060e-01
640 0 +1.273921997e-03 +3.944812739e+02 +3.944812739e+02 -3.8705e+00 -2.8778e+00 -3.7967e+00 +3.8883e+00 +8.6168e-01
675 0 +4.982043604e-04 +3.944804982e+02 +3.944804982e+02 -3.8826e+00 -2.8895e+00 -3.8063e+00 +3.8941e+00 +8.4919e-01
679 0 +1.508979501e-04 +3.944801509e+02 +3.944801509e+02 -3.8906e+00 -2.8983e+00 -3.8035e+00 +3.9107e+00 +8.5839e-01
779 0 +1.254972534e-04 +3.944801255e+02 +3.944801255e+02 -3.9029e+00 -2.8810e+00 -3.8022e+00 +3.9041e+00 +8.5547e-01
780 0 +9.072542957e-05 +3.944800907e+02 +3.944800907e+02 -3.8958e+00 -2.8857e+00 -3.7961e+00 +3.9083e+00 +8.5530e-01
782 0 +5.635355717e-05 +3.944800564e+02 +3.944800564e+02 -3.8977e+00 -2.8849e+00 -3.8036e+00 +3.9058e+00 +8.5431e-01
875 0 +2.861607288e-05 +3.944800286e+02 +3.944800286e+02 -3.9025e+00 -2.8890e+00 -3.8025e+00 +3.9070e+00 +8.5642e-01
881 0 +2.706193112e-05 +3.944800271e+02 +3.944800271e+02 -3.8985e+00 -2.8858e+00 -3.8016e+00 +3.9074e+00 +8.6064e-01
919 0 +9.859509532e-06 +3.944800099e+02 +3.944800099e+02 -3.8997e+00 -2.8882e+00 -3.8016e+00 +3.9070e+00 +8.6000e-01
945 0 +8.595630845e-06 +3.944800086e+02 +3.944800086e+02 -3.8964e+00 -2.8905e+00 -3.8035e+00 +3.9040e+00 +8.6006e-01
974 0 +5.995619688e-06 +3.944800060e+02 +3.944800060e+02 -3.8992e+00 -2.8914e+00 -3.8030e+00 +3.9042e+00 +8.5786e-01
1021 0 +3.483283820e-06 +3.944800035e+02 +3.944800035e+02 -3.8975e+00 -2.8903e+00 -3.8035e+00 +3.9054e+00 +8.6035e-01
1036 0 +1.788061923e-06 +3.944800018e+02 +3.944800018e+02 -3.8987e+00 -2.8900e+00 -3.8028e+00 +3.9066e+00 +8.5846e-01
1072 0 +6.480040611e-07 +3.944800006e+02 +3.944800006e+02 -3.8985e+00 -2.8903e+00 -3.8028e+00 +3.9049e+00 +8.5915e-01
1116 0 +5.518822945e-07 +3.944800006e+02 +3.944800006e+02 -3.8981e+00 -2.8899e+00 -3.8020e+00 +3.9056e+00 +8.5898e-01
1191 0 +5.382337918e-07 +3.944800005e+02 +3.944800005e+02 -3.8989e+00 -2.8907e+00 -3.8020e+00 +3.9057e+00 +8.5913e-01
1194 0 +3.677711220e-07 +3.944800004e+02 +3.944800004e+02 -3.8988e+00 -2.8899e+00 -3.8024e+00 +3.9055e+00 +8.5920e-01
1240 0 +3.284807804e-07 +3.944800003e+02 +3.944800003e+02 -3.8987e+00 -2.8908e+00 -3.8021e+00 +3.9056e+00 +8.5914e-01
% f evaluations | g evaluations | best noise-free fitness - Fopt (-2.471100000000e+02) + sum g_i+ | measured fitness | best measured fitness or single-digit g-values | x1 | x2...
1 0 +5.847827411e+01 -1.886317259e+02 -1.886317259e+02 +5.9671e-01 -3.8264e-02 +7.4769e-01 +1.6230e+00 -1.3415e-01
2 0 +4.306940898e+01 -2.040405910e+02 -2.040405910e+02 -1.3414e-01 +1.6792e+00 +8.6743e-01 -3.6947e-01 +6.4256e-01
3 0 +1.889029931e+01 -2.282197007e+02 -2.282197007e+02 -3.6342e-01 -3.6573e-01 +3.4196e-01 -1.8133e+00 -1.6249e+00
26 0 +1.096108809e+01 -2.361489119e+02 -2.361489119e+02 -3.1324e+00 +9.1772e-01 +4.2186e-01 -4.4450e+00 -2.3567e-01
30 0 +7.998047248e+00 -2.391119528e+02 -2.391119528e+02 -2.0098e+00 +1.4171e+00 +4.4900e-01 -3.7856e+00 -1.6792e+00
59 0 +7.361959192e+00 -2.397480408e+02 -2.397480408e+02 -4.0771e+00 +2.2423e+00 -1.0813e+00 -2.6460e+00 -4.4709e+00
75 0 +7.299704089e+00 -2.398102959e+02 -2.398102959e+02 -1.8514e+00 -6.9410e-01 -1.0904e+00 -2.6073e+00 -1.9289e+00
78 0 +4.756826985e+00 -2.423531730e+02 -2.423531730e+02 -3.9055e+00 +1.0431e+00 -6.2310e-01 -3.2852e+00 -1.1319e+00
106 0 +3.908695281e+00 -2.432013047e+02 -2.432013047e+02 -4.7731e+00 +1.1356e-04 +9.5118e-01 -3.2427e+00 -3.2361e+00
150 0 +1.871501528e+00 -2.452384985e+02 -2.452384985e+02 -4.4802e+00 -8.0289e-01 -1.1992e+00 -4.0216e+00 -3.2643e+00
208 0 +1.275049916e+00 -2.458349501e+02 -2.458349501e+02 -4.6694e+00 -4.4424e-01 -6.2884e-01 -3.7778e+00 -3.3921e+00
211 0 +5.538584287e-01 -2.465561416e+02 -2.465561416e+02 -3.7487e+00 +8.9626e-01 -6.8432e-01 -3.6478e+00 -2.8363e+00
266 0 +4.534807529e-01 -2.466565192e+02 -2.466565192e+02 -3.4191e+00 +2.2086e-01 -1.5876e-01 -3.8401e+00 -3.0390e+00
283 0 +2.552198263e-01 -2.468547802e+02 -2.468547802e+02 -3.4326e+00 -3.1685e-02 -7.4992e-01 -3.9244e+00 -3.0075e+00
289 0 +1.384122393e-01 -2.469715878e+02 -2.469715878e+02 -3.6610e+00 +3.6373e-01 -9.4449e-01 -3.6337e+00 -2.9370e+00
313 0 +6.600876371e-02 -2.470439912e+02 -2.470439912e+02 -3.7746e+00 +3.3558e-02 -6.9217e-01 -3.5372e+00 -2.9854e+00
334 0 +4.227366991e-02 -2.470677263e+02 -2.470677263e+02 -3.7332e+00 +1.4005e-01 -5.5703e-01 -3.5890e+00 -3.0244e+00
403 0 +3.029518856e-02 -2.470797048e+02 -2.470797048e+02 -3.6692e+00 +2.7829e-01 -7.2228e-01 -3.6425e+00 -3.1673e+00
427 0 +2.097449125e-02 -2.470890255e+02 -2.470890255e+02 -3.7493e+00 +1.1150e-01 -6.1395e-01 -3.6269e+00 -3.1065e+00
464 0 +8.481631115e-03 -2.471015184e+02 -2.471015184e+02 -3.7948e+00 +1.6581e-01 -7.1337e-01 -3.7066e+00 -3.0196e+00
498 0 +7.653212467e-03 -2.471023468e+02 -2.471023468e+02 -3.7841e+00 +1.8593e-01 -6.5877e-01 -3.6164e+00 -3.0767e+00
502 0 +6.476866261e-03 -2.471035231e+02 -2.471035231e+02 -3.8647e+00 +2.1385e-01 -7.0493e-01 -3.6533e+00 -3.1176e+00
510 0 +6.450542416e-03 -2.471035495e+02 -2.471035495e+02 -3.8399e+00 +2.1220e-01 -7.1642e-01 -3.7355e+00 -3.0540e+00
530 0 +2.148856074e-03 -2.471078511e+02 -2.471078511e+02 -3.7791e+00 +1.9751e-01 -6.9224e-01 -3.6886e+00 -3.0575e+00
585 0 +6.131063833e-04 -2.471093869e+02 -2.471093869e+02 -3.8023e+00 +1.9098e-01 -6.7779e-01 -3.7067e+00 -3.0938e+00
664 0 +5.448497273e-04 -2.471094552e+02 -2.471094552e+02 -3.7911e+00 +2.1558e-01 -6.9528e-01 -3.6920e+00 -3.0813e+00
666 0 +3.795490045e-04 -2.471096205e+02 -2.471096205e+02 -3.8042e+00 +1.9444e-01 -6.9810e-01 -3.6808e+00 -3.0886e+00
695 0 +2.905049034e-04 -2.471097095e+02 -2.471097095e+02 -3.7894e+00 +1.9801e-01 -6.9250e-01 -3.7045e+00 -3.0971e+00
701 0 +3.792201912e-05 -2.471099621e+02 -2.471099621e+02 -3.8008e+00 +2.0346e-01 -6.8675e-01 -3.6899e+00 -3.0960e+00
777 0 +3.511211261e-05 -2.471099649e+02 -2.471099649e+02 -3.7973e+00 +2.0155e-01 -6.9254e-01 -3.6887e+00 -3.1040e+00
838 0 +2.322816502e-05 -2.471099768e+02 -2.471099768e+02 -3.7976e+00 +1.9968e-01 -6.9360e-01 -3.6898e+00 -3.1008e+00
863 0 +1.827911856e-05 -2.471099817e+02 -2.471099817e+02 -3.7987e+00 +2.0215e-01 -6.9349e-01 -3.6934e+00 -3.0965e+00
900 0 +1.550165945e-05 -2.471099845e+02 -2.471099845e+02 -3.7958e+00 +2.0059e-01 -6.9246e-01 -3.6910e+00 -3.0998e+00
912 0 +7.191526038e-06 -2.471099928e+02 -2.471099928e+02 -3.7973e+00 +2.0077e-01 -6.9077e-01 -3.6911e+00 -3.0992e+00
942 0 +4.763464830e-06 -2.471099952e+02 -2.471099952e+02 -3.7968e+00 +2.0295e-01 -6.9254e-01 -3.6907e+00 -3.0989e+00
965 0 +3.334492476e-06 -2.471099967e+02 -2.471099967e+02 -3.7995e+00 +2.0436e-01 -6.9163e-01 -3.6904e+00 -3.0991e+00
973 0 +1.317155892e-06 -2.471099987e+02 -2.471099987e+02 -3.7975e+00 +2.0263e-01 -6.9113e-01 -3.6909e+00 -3.0996e+00
1041 0 +1.168912604e-06 -2.471099988e+02 -2.471099988e+02 -3.7988e+00 +2.0275e-01 -6.9033e-01 -3.6913e+00 -3.0992e+00
1065 0 +9.950811375e-07 -2.471099990e+02 -2.471099990e+02 -3.7984e+00 +2.0270e-01 -6.9126e-01 -3.6909e+00 -3.0984e+00
1090 0 +7.459682649e-07 -2.471099993e+02 -2.471099993e+02 -3.7987e+00 +2.0240e-01 -6.9115e-01 -3.6911e+00 -3.0994e+00
1104 0 +7.359238055e-07 -2.471099993e+02 -2.471099993e+02 -3.7978e+00 +2.0361e-01 -6.9129e-01 -3.6910e+00 -3.0989e+00
1146 0 +5.599215172e-07 -2.471099994e+02 -2.471099994e+02 -3.7982e+00 +2.0344e-01 -6.9076e-01 -3.6910e+00 -3.0997e+00
1167 0 +3.688709000e-07 -2.471099996e+02 -2.471099996e+02 -3.7984e+00 +2.0276e-01 -6.9125e-01 -3.6908e+00 -3.0991e+00
1170 0 +3.418618064e-07 -2.471099997e+02 -2.471099997e+02 -3.7983e+00 +2.0310e-01 -6.9079e-01 -3.6908e+00 -3.0992e+00
1193 0 +3.026253239e-07 -2.471099997e+02 -2.471099997e+02 -3.7986e+00 +2.0294e-01 -6.9113e-01 -3.6910e+00 -3.0988e+00
% f evaluations | g evaluations | best noise-free fitness - Fopt (-1.520400000000e+02) + sum g_i+ | measured fitness | best measured fitness or single-digit g-values | x1 | x2...
1 0 +3.403783364e+01 -1.180021664e+02 -1.180021664e+02 +5.9671e-01 -3.8264e-02 +7.4769e-01 +1.6230e+00 -1.3415e-01
8 0 +3.121681866e+01 -1.208231813e+02 -1.208231813e+02 -1.1208e+00 +3.0886e-01 -1.8597e+00 -1.2282e+00 +2.9686e-01
11 0 +2.294944794e+01 -1.290905521e+02 -1.290905521e+02 +4.2408e-01 -2.8508e-01 -5.7692e-01 +7.1168e-01 +1.1310e+00
24 0 +1.712590137e+01 -1.349140986e+02 -1.349140986e+02 +4.0155e-01 +6.5288e-02 -1.0687e+00 +1.2428e+00 +8.5193e-01
26 0 +1.571129724e+01 -1.363287028e+02 -1.363287028e+02 +1.5975e-02 +6.9141e-01 -7.4204e-01 +3.0304e+00 +2.0707e-01
31 0 +1.118067597e+01 -1.408593240e+02 -1.408593240e+02 -1.6517e-01 +1.6268e+00 -1.4362e+00 +2.6555e+00 +2.9200e-01
50 0 +1.024036535e+01 -1.417996347e+02 -1.417996347e+02 -1.2358e+00 +1.8242e-01 -3.3000e+00 +1.5760e+00 +3.1943e-01
52 0 +5.008572808e+00 -1.470314272e+02 -1.470314272e+02 -7.1277e-01 +1.4313e+00 -3.5045e+00 +1.9640e+00 +7.2896e-01
54 0 +2.948733981e+00 -1.490912660e+02 -1.490912660e+02 -3.5790e-01 +1.5841e+00 -3.2528e+00 +3.5088e+00 +8.6411e-01
57 0 +2.432473202e+00 -1.496075268e+02 -1.496075268e+02 -3.9119e-01 +2.1072e+00 -2.7507e+00 +2.6036e+00 +2.1169e+00
179 0 +2.427881545e+00 -1.496121185e+02 -1.496121185e+02 -1.7867e+00 +1.6770e+00 -3.8495e+00 +3.1417e+00 +2.2599e+00
207 0 +1.913285302e+00 -1.501267147e+02 -1.501267147e+02 -2.3514e-01 +2.4124e+00 -4.1353e+00 +4.1684e+00 +2.0567e+00
254 0 +1.374525664e+00 -1.506654743e+02 -1.506654743e+02 +4.2692e-01 +1.8106e+00 -4.6736e+00 +3.3823e+00 +2.0006e+00
255 0 +4.533803010e-01 -1.515866197e+02 -1.515866197e+02 -6.4776e-01 +9.3044e-01 -3.9890e+00 +3.1726e+00 +2.6323e+00
309 0 +4.484011104e-01 -1.515915989e+02 -1.515915989e+02 -4.0013e-01 +1.2970e+00 -3.4300e+00 +3.4952e+00 +2.0580e+00
312 0 +4.446494533e-01 -1.515953505e+02 -1.515953505e+02 +1.4936e-01 +1.2656e+00 -3.7223e+00 +3.1804e+00 +1.9816e+00
318 0 +4.437605730e-01 -1.515962394e+02 -1.515962394e+02 -1.7390e-01 +1.6554e+00 -4.0255e+00 +3.1487e+00 +1.8280e+00
320 0 +1.341164273e-01 -1.519058836e+02 -1.519058836e+02 -4.7366e-01 +1.5280e+00 -4.2023e+00 +3.2457e+00 +2.3872e+00
422 0 +9.864036597e-02 -1.519413596e+02 -1.519413596e+02 -5.0813e-01 +1.4353e+00 -3.7900e+00 +3.3102e+00 +2.2705e+00
423 0 +8.352297733e-02 -1.519564770e+02 -1.519564770e+02 -2.1983e-01 +1.4029e+00 -3.6987e+00 +3.2003e+00 +2.2763e+00
453 0 +2.636824158e-02 -1.520136318e+02 -1.520136318e+02 -3.6615e-01 +1.4020e+00 -3.9538e+00 +3.2629e+00 +2.5380e+00
510 0 +2.340994362e-02 -1.520165901e+02 -1.520165901e+02 -1.7549e-01 +1.5234e+00 -3.9087e+00 +3.3170e+00 +2.4859e+00
565 0 +2.156817989e-02 -1.520184318e+02 -1.520184318e+02 -2.1012e-01 +1.3732e+00 -3.9306e+00 +3.3548e+00 +2.5303e+00
573 0 +7.429072444e-03 -1.520325709e+02 -1.520325709e+02 -2.7176e-01 +1.4176e+00 -3.9575e+00 +3.3762e+00 +2.4189e+00
577 0 +7.040580930e-03 -1.520329594e+02 -1.520329594e+02 -3.0407e-01 +1.4094e+00 -3.8636e+00 +3.2746e+00 +2.3841e+00
601 0 +2.422507375e-03 -1.520375775e+02 -1.520375775e+02 -2.5657e-01 +1.4010e+00 -3.9520e+00 +3.2646e+00 +2.4179e+00
673 0 +6.937843390e-04 -1.520393062e+02 -1.520393062e+02 -2.6334e-01 +1.4131e+00 -3.9460e+00 +3.3072e+00 +2.4175e+00
676 0 +4.674189271e-04 -1.520395326e+02 -1.520395326e+02 -2.5395e-01 +1.4361e+00 -3.9318e+00 +3.3057e+00 +2.4232e+00
780 0 +3.455781961e-04 -1.520396544e+02 -1.520396544e+02 -2.6322e-01 +1.4226e+00 -3.9090e+00 +3.3056e+00 +2.4192e+00
802 0 +1.547359405e-04 -1.520398453e+02 -1.520398453e+02 -2.6960e-01 +1.4134e+00 -3.9200e+00 +3.2947e+00 +2.4164e+00
852 0 +1.866282201e-05 -1.520399813e+02 -1.520399813e+02 -2.6374e-01 +1.4237e+00 -3.9226e+00 +3.2977e+00 +2.4181e+00
1000 0 +1.524212229e-05 -1.520399848e+02 -1.520399848e+02 -2.6736e-01 +1.4208e+00 -3.9234e+00 +3.2973e+00 +2.4209e+00
1013 0 +1.254573365e-05 -1.520399875e+02 -1.520399875e+02 -2.6572e-01 +1.4247e+00 -3.9274e+00 +3.2977e+00 +2.4207e+00
1019 0 +1.070767297e-05 -1.520399893e+02 -1.520399893e+02 -2.6914e-01 +1.4246e+00 -3.9258e+00 +3.2974e+00 +2.4169e+00
1057 0 +8.043457456e-06 -1.520399920e+02 -1.520399920e+02 -2.6672e-01 +1.4237e+00 -3.9226e+00 +3.2970e+00 +2.4175e+00
1064 0 +7.328019279e-06 -1.520399927e+02 -1.520399927e+02 -2.6593e-01 +1.4232e+00 -3.9246e+00 +3.2946e+00 +2.4192e+00
1111 0 +6.657051102e-06 -1.520399933e+02 -1.520399933e+02 -2.6824e-01 +1.4233e+00 -3.9237e+00 +3.2969e+00 +2.4172e+00
1137 0 +6.464964429e-06 -1.520399935e+02 -1.520399935e+02 -2.6795e-01 +1.4225e+00 -3.9243e+00 +3.2976e+00 +2.4209e+00
1138 0 +6.445809078e-06 -1.520399936e+02 -1.520399936e+02 -2.6526e-01 +1.4227e+00 -3.9242e+00 +3.2959e+00 +2.4195e+00
1140 0 +5.669973149e-06 -1.520399943e+02 -1.520399943e+02 -2.6818e-01 +1.4255e+00 -3.9248e+00 +3.2955e+00 +2.4201e+00
1146 0 +2.388639700e-06 -1.520399976e+02 -1.520399976e+02 -2.6754e-01 +1.4244e+00 -3.9262e+00 +3.2968e+00 +2.4197e+00
1195 0 +2.114944493e-06 -1.520399979e+02 -1.520399979e+02 -2.6641e-01 +1.4246e+00 -3.9242e+00 +3.2977e+00 +2.4194e+00
1219 0 +1.966664399e-06 -1.520399980e+02 -1.520399980e+02 -2.6770e-01 +1.4229e+00 -3.9242e+00 +3.2966e+00 +2.4194e+00
1236 0 +1.891456776e-06 -1.520399981e+02 -1.520399981e+02 -2.6842e-01 +1.4237e+00 -3.9250e+00 +3.2973e+00 +2.4194e+00
1242 0 +7.776782809e-07 -1.520399992e+02 -1.520399992e+02 -2.6776e-01 +1.4245e+00 -3.9246e+00 +3.2971e+00 +2.4189e+00
% f evaluations | g evaluations | best noise-free fitness - Fopt (-2.525000000000e+01) + sum g_i+ | measured fitness | best measured fitness or single-digit g-values | x1 | x2...
1 0 +4.029412696e+01 +1.504412696e+01 +1.504412696e+01 +5.9671e-01 -3.8264e-02 +7.4769e-01 +1.6230e+00 -1.3415e-01
2 0 +3.060641206e+01 +5.356412060e+00 +5.356412060e+00 -1.3414e-01 +1.6792e+00 +8.6743e-01 -3.6947e-01 +6.4256e-01
5 0 +2.198391297e+01 -3.266087028e+00 -3.266087028e+00 +1.5656e+00 -1.2578e-01 +1.6753e-01 -1.3247e+00 -4.4438e-01
12 0 +2.164277263e+01 -3.607227374e+00 -3.607227374e+00 +1.0313e+00 -7.3922e-01 -2.0921e-01 +4.3126e-01 +1.0755e+00
26 0 +1.050804363e+01 -1.474195637e+01 -1.474195637e+01 +8.2549e-01 +5.1455e-01 -5.6902e-01 -1.5442e+00 +2.0247e+00
51 0 +7.160124111e+00 -1.808987589e+01 -1.808987589e+01 +3.2186e+00 +1.8728e+00 -3.7367e+00 -2.4779e+00 +3.3758e+00
53 0 +1.550857905e+00 -2.369914210e+01 -2.369914210e+01 +3.6136e+00 +4.8054e-01 -2.3967e+00 -2.6256e+00 +2.7031e+00
179 0 +1.499920880e+00 -2.375007912e+01 -2.375007912e+01 +3.4518e+00 -2.9984e-01 -1.9810e+00 -2.6167e+00 +3.0303e+00
207 0 +5.617381746e-01 -2.468826183e+01 -2.468826183e+01 +3.6076e+00 +2.7233e-01 -1.0575e+00 -2.2702e+00 +2.7642e+00
310 0 +5.306174144e-01 -2.471938259e+01 -2.471938259e+01 +4.1401e+00 +3.9144e-01 -1.6157e+00 -2.4957e+00 +3.4958e+00
312 0 +4.813827804e-01 -2.476861722e+01 -2.476861722e+01 +3.4131e+00 +4.1335e-01 -1.3726e+00 -2.4001e+00 +3.8696e+00
328 0 +4.302888309e-01 -2.481971117e+01 -2.481971117e+01 +3.2968e+00 +9.1832e-01 -1.0480e+00 -1.9548e+00 +3.5623e+00
333 0 +2.157483221e-01 -2.503425168e+01 -2.503425168e+01 +3.9126e+00 +7.4238e-01 -1.2073e+00 -2.1593e+00 +3.5601e+00
368 0 +1.007306800e-01 -2.514926932e+01 -2.514926932e+01 +3.8269e+00 +7.2481e-01 -1.2696e+00 -2.2800e+00 +3.3875e+00
378 0 +8.174615731e-02 -2.516825384e+01 -2.516825384e+01 +3.7048e+00 +4.3940e-01 -1.5271e+00 -2.1249e+00 +3.1440e+00
385 0 +6.224982500e-02 -2.518775018e+01 -2.518775018e+01 +3.7051e+00 +4.7781e-01 -1.2599e+00 -2.2011e+00 +3.2689e+00
415 0 +3.532822583e-02 -2.521467177e+01 -2.521467177e+01 +3.6100e+00 +6.8336e-01 -1.4868e+00 -2.1782e+00 +3.1292e+00
461 0 +1.572473713e-02 -2.523427526e+01 -2.523427526e+01 +3.6109e+00 +5.8746e-01 -1.4746e+00 -2.2197e+00 +3.3752e+00
526 0 +1.425975506e-02 -2.523574024e+01 -2.523574024e+01 +3.5757e+00 +5.6543e-01 -1.4903e+00 -2.1163e+00 +3.3397e+00
537 0 +1.402769265e-02 -2.523597231e+01 -2.523597231e+01 +3.5231e+00 +7.0328e-01 -1.4075e+00 -2.1707e+00 +3.2738e+00
542 0 +6.762444521e-03 -2.524323756e+01 -2.524323756e+01 +3.6883e+00 +6.5213e-01 -1.4282e+00 -2.1768e+00 +3.2768e+00
591 0 +4.109138621e-03 -2.524589086e+01 -2.524589086e+01 +3.6251e+00 +6.0889e-01 -1.4166e+00 -2.1502e+00 +3.3540e+00
645 0 +2.254076144e-03 -2.524774592e+01 -2.524774592e+01 +3.5986e+00 +6.2067e-01 -1.3967e+00 -2.1810e+00 +3.2774e+00
654 0 +2.170306531e-03 -2.524782969e+01 -2.524782969e+01 +3.6438e+00 +6.6660e-01 -1.4114e+00 -2.1535e+00 +3.3114e+00
674 0 +7.039143608e-04 -2.524929609e+01 -2.524929609e+01 +3.6233e+00 +6.3992e-01 -1.4440e+00 -2.1611e+00 +3.3025e+00
703 0 +5.493741527e-04 -2.524945063e+01 -2.524945063e+01 +3.6117e+00 +6.3322e-01 -1.4378e+00 -2.1684e+00 +3.2910e+00
708 0 +2.979403795e-04 -2.524970206e+01 -2.524970206e+01 +3.6026e+00 +6.3357e-01 -1.4236e+00 -2.1544e+00 +3.2846e+00
709 0 +2.082597008e-04 -2.524979174e+01 -2.524979174e+01 +3.6174e+00 +6.2284e-01 -1.4243e+00 -2.1508e+00 +3.2909e+00
771 0 +1.585404312e-04 -2.524984146e+01 -2.524984146e+01 +3.6206e+00 +6.3963e-01 -1.4270e+00 -2.1525e+00 +3.3052e+00
782 0 +7.835147123e-05 -2.524992165e+01 -2.524992165e+01 +3.6219e+00 +6.3331e-01 -1.4236e+00 -2.1536e+00 +3.3005e+00
806 0 +4.329559635e-05 -2.524995670e+01 -2.524995670e+01 +3.6168e+00 +6.3758e-01 -1.4203e+00 -2.1578e+00 +3.2990e+00
848 0 +2.766319082e-05 -2.524997234e+01 -2.524997234e+01 +3.6163e+00 +6.3153e-01 -1.4219e+00 -2.1548e+00 +3.2994e+00
891 0 +1.348465237e-05 -2.524998652e+01 -2.524998652e+01 +3.6158e+00 +6.3253e-01 -1.4205e+00 -2.1512e+00 +3.2960e+00
943 0 +7.167716536e-06 -2.524999283e+01 -2.524999283e+01 +3.6135e+00 +6.3399e-01 -1.4226e+00 -2.1509e+00 +3.2964e+00
970 0 +3.209225415e-06 -2.524999679e+01 -2.524999679e+01 +3.6132e+00 +6.3551e-01 -1.4212e+00 -2.1538e+00 +3.2962e+00
1034 0 +2.706054097e-06 -2.524999729e+01 -2.524999729e+01 +3.6145e+00 +6.3601e-01 -1.4229e+00 -2.1533e+00 +3.2970e+00
1093 0 +1.858289835e-06 -2.524999814e+01 -2.524999814e+01 +3.6152e+00 +6.3446e-01 -1.4216e+00 -2.1530e+00 +3.2960e+00
1098 0 +1.000260355e-06 -2.524999900e+01 -2.524999900e+01 +3.6149e+00 +6.3552e-01 -1.4224e+00 -2.1527e+00 +3.2970e+00
1120 0 +5.000068235e-07 -2.524999950e+01 -2.524999950e+01 +3.6148e+00 +6.3536e-01 -1.4220e+00 -2.1527e+00 +3.2971e+00
1191 0 +4.656607118e-07 -2.524999953e+01 -2.524999953e+01 +3.6142e+00 +6.3499e-01 -1.4216e+00 -2.1525e+00 +3.2962e+00
1195 0 +3.834551912e-07 -2.524999962e+01 -2.524999962e+01 +3.6147e+00 +6.3492e-01 -1.4219e+00 -2.1531e+00 +3.2969e+00
1215 0 +9.580403315e-08 -2.524999990e+01 -2.524999990e+01 +3.6144e+00 +6.3539e-01 -1.4216e+00 -2.1528e+00 +3.2970e+00
% f evaluations | g evaluations | best noise-free fitness - Fopt (1.830100000000e+02) + sum g_i+ | measured fitness | best measured fitness or single-digit g-values | x1 | x2...
1 0 +4.236095108e+01 +2.253709511e+02 +2.253709511e+02 +5.9671e-01 -3.8264e-02 +7.4769e-01 +1.6230e+00 -1.3415e-01
2 0 +3.946142376e+01 +2.224714238e+02 +2.224714238e+02 -1.3414e-01 +1.6792e+00 +8.6743e-01 -3.6947e-01 +6.4256e-01
3 0 +3.719105346e+01 +2.202010535e+02 +2.202010535e+02 -3.6342e-01 -3.6573e-01 +3.4196e-01 -1.8133e+00 -1.6249e+00
7 0 +3.664427003e+01 +2.196542700e+02 +2.196542700e+02 -5.0171e-01 +1.9523e+00 +8.6503e-02 -9.5771e-01 +9.2254e-01
8 0 +2.977187971e+01 +2.127818797e+02 +2.127818797e+02 -1.1208e+00 +3.0886e-01 -1.8597e+00 -1.2282e+00 +2.9686e-01
15 0 +1.887600169e+01 +2.018860017e+02 +2.018860017e+02 +4.6140e-01 +1.6380e+00 +6.4174e-02 +1.6646e+00 -2.5197e+00
38 0 +1.116438874e+01 +1.941743887e+02 +1.941743887e+02 -2.1218e-01 +8.3548e-01 -3.2597e+00 +2.7293e-01 -2.2990e+00
56 0 +1.061510336e+01 +1.936251034e+02 +1.936251034e+02 -1.6986e+00 +1.2851e+00 -4.3874e+00 +6.9338e-01 -1.4009e+00
75 0 +8.696479184e+00 +1.917064792e+02 +1.917064792e+02 -1.3362e-01 +3.1122e+00 -2.8484e+00 +2.1230e+00 -1.6883e+00
90 0 +5.228182191e+00 +1.882381822e+02 +1.882381822e+02 -2.1198e+00 +4.6493e+00 -2.0777e+00 -3.4931e-01 -2.9767e+00
102 0 +2.863893003e+00 +1.858738930e+02 +1.858738930e+02 -2.2106e+00 +4.4702e+00 -3.2777e+00 +1.6732e+00 -4.1846e+00
144 0 +2.131961396e+00 +1.851419614e+02 +1.851419614e+02 -8.1512e-01 +3.4668e+00 -2.7151e+00 +9.5521e-01 -3.0765e+00
175 0 +1.115044813e+00 +1.841250448e+02 +1.841250448e+02 -2.7855e+00 +2.8507e+00 -2.9200e+00 +1.7813e+00 -3.8011e+00
230 0 +6.572670027e-01 +1.836672670e+02 +1.836672670e+02 -2.1359e+00 +3.4218e+00 -2.8774e+00 +1.6303e+00 -3.9976e+00
262 0 +1.069412725e-01 +1.831169413e+02 +1.831169413e+02 -2.2344e+00 +3.3383e+00 -2.8572e+00 +8.4656e-01 -3.6489e+00
328 0 +8.262794368e-02 +1.830926279e+02 +1.830926279e+02 -1.9788e+00 +3.0030e+00 -2.9325e+00 +8.2621e-01 -3.5631e+00
365 0 +4.646199056e-02 +1.830564620e+02 +1.830564620e+02 -1.9563e+00 +3.1792e+00 -2.8938e+00 +9.8258e-01 -3.6234e+00
436 0 +3.882620821e-02 +1.830488262e+02 +1.830488262e+02 -2.1483e+00 +3.2166e+00 -2.7162e+00 +1.0593e+00 -3.6374e+00
449 0 +1.417985500e-02 +1.830241799e+02 +1.830241799e+02 -2.1116e+00 +3.0591e+00 -2.7717e+00 +1.0574e+00 -3.6233e+00
501 0 +5.195042471e-03 +1.830151950e+02 +1.830151950e+02 -2.1280e+00 +3.1084e+00 -2.8572e+00 +1.1008e+00 -3.5536e+00
519 0 +3.379256862e-03 +1.830133793e+02 +1.830133793e+02 -2.1242e+00 +3.1201e+00 -2.8587e+00 +1.0073e+00 -3.6059e+00
557 0 +2.604050182e-03 +1.830126041e+02 +1.830126041e+02 -2.1396e+00 +3.0673e+00 -2.8789e+00 +1.0514e+00 -3.5466e+00
572 0 +1.120635538e-03 +1.830111206e+02 +1.830111206e+02 -2.1153e+00 +3.1003e+00 -2.8308e+00 +1.0380e+00 -3.5440e+00
611 0 +9.932172735e-04 +1.830109932e+02 +1.830109932e+02 -2.1473e+00 +3.0855e+00 -2.8610e+00 +1.0216e+00 -3.5366e+00
630 0 +3.109779092e-04 +1.830103110e+02 +1.830103110e+02 -2.1375e+00 +3.1030e+00 -2.8646e+00 +1.0174e+00 -3.5562e+00
666 0 +1.575545329e-04 +1.830101576e+02 +1.830101576e+02 -2.1352e+00 +3.1109e+00 -2.8428e+00 +1.0331e+00 -3.5578e+00
712 0 +9.475264287e-05 +1.830100948e+02 +1.830100948e+02 -2.1354e+00 +3.1055e+00 -2.8432e+00 +1.0265e+00 -3.5581e+00
746 0 +6.228272696e-05 +1.830100623e+02 +1.830100623e+02 -2.1326e+00 +3.1075e+00 -2.8522e+00 +1.0251e+00 -3.5602e+00
757 0 +3.049552947e-05 +1.830100305e+02 +1.830100305e+02 -2.1350e+00 +3.1010e+00 -2.8492e+00 +1.0331e+00 -3.5590e+00
791 0 +2.825086639e-05 +1.830100283e+02 +1.830100283e+02 -2.1339e+00 +3.1025e+00 -2.8544e+00 +1.0263e+00 -3.5594e+00
820 0 +1.945005064e-05 +1.830100195e+02 +1.830100195e+02 -2.1393e+00 +3.1014e+00 -2.8506e+00 +1.0283e+00 -3.5555e+00
836 0 +1.567152017e-05 +1.830100157e+02 +1.830100157e+02 -2.1361e+00 +3.1027e+00 -2.8549e+00 +1.0272e+00 -3.5556e+00
837 0 +1.297066208e-05 +1.830100130e+02 +1.830100130e+02 -2.1390e+00 +3.1023e+00 -2.8514e+00 +1.0280e+00 -3.5563e+00
888 0 +1.223652853e-05 +1.830100122e+02 +1.830100122e+02 -2.1371e+00 +3.1038e+00 -2.8542e+00 +1.0319e+00 -3.5560e+00
889 0 +3.785498848e-06 +1.830100038e+02 +1.830100038e+02 -2.1353e+00 +3.1035e+00 -2.8538e+00 +1.0296e+00 -3.5568e+00
965 0 +3.140015650e-06 +1.830100031e+02 +1.830100031e+02 -2.1364e+00 +3.1035e+00 -2.8518e+00 +1.0305e+00 -3.5554e+00
997 0 +2.028922268e-06 +1.830100020e+02 +1.830100020e+02 -2.1368e+00 +3.1034e+00 -2.8530e+00 +1.0293e+00 -3.5565e+00
1052 0 +1.338147229e-06 +1.830100013e+02 +1.830100013e+02 -2.1354e+00 +3.1036e+00 -2.8517e+00 +1.0300e+00 -3.5561e+00
1061 0 +8.628068144e-07 +1.830100009e+02 +1.830100009e+02 -2.1360e+00 +3.1035e+00 -2.8515e+00 +1.0302e+00 -3.5564e+00
1099 0 +1.829789369e-07 +1.830100002e+02 +1.830100002e+02 -2.1362e+00 +3.1030e+00 -2.8517e+00 +1.0296e+00 -3.5567e+00
1223 0 +1.552799347e-07 +1.830100002e+02 +1.830100002e+02 -2.1362e+00 +3.1036e+00 -2.8520e+00 +1.0296e+00 -3.5568e+00
% f evaluations | g evaluations | best noise-free fitness - Fopt (1.835200000000e+02) + sum g_i+ | measured fitness | best measured fitness or single-digit g-values | x1 | x2...
1 0 +3.883284946e+01 +2.223528495e+02 +2.223528495e+02 +5.9671e-01 -3.8264e-02 +7.4769e-01 +1.6230e+00 -1.3415e-01
3 0 +2.105516925e+01 +2.045751692e+02 +2.045751692e+02 -3.6342e-01 -3.6573e-01 +3.4196e-01 -1.8133e+00 -1.6249e+00
4 0 +1.887700508e+01 +2.023970051e+02 +2.023970051e+02 -4.6229e-01 -9.1283e-01 +4.1425e-01 -8.0802e-01 -1.3123e+00
26 0 +6.055764256e+00 +1.895757643e+02 +1.895757643e+02 +4.9628e-01 -1.7765e+00 -2.3845e+00 -3.0817e+00 -7.9510e-01
52 0 +5.142878155e+00 +1.886628782e+02 +1.886628782e+02 -7.9795e-01 -4.8462e+00 -4.1240e+00 -1.8615e+00 -1.3549e+00
58 0 +4.161921947e+00 +1.876819219e+02 +1.876819219e+02 -1.7546e+00 -2.9044e+00 -2.3834e+00 -1.8181e+00 -8.3077e-01
59 0 +3.627109734e+00 +1.871471097e+02 +1.871471097e+02 -3.6876e-02 -3.3049e+00 -1.3543e+00 -1.3079e+00 +6.5401e-01
77 0 +3.217251327e+00 +1.867372513e+02 +1.867372513e+02 -1.6405e-01 -3.3690e+00 -1.0373e+00 -1.4963e+00 -1.5997e+00
126 0 +1.863218242e+00 +1.853832182e+02 +1.853832182e+02 +4.9568e-01 -3.0535e+00 -2.4206e+00 -1.3630e+00 -7.7251e-02
127 0 +7.155419144e-01 +1.842355419e+02 +1.842355419e+02 +3.0981e-01 -3.7395e+00 -1.7107e+00 -1.9158e+00 -2.5811e-01
196 0 +6.823000788e-01 +1.842023001e+02 +1.842023001e+02 -5.0330e-01 -4.1549e+00 -1.8380e+00 -2.3086e+00 -3.6098e-01
235 0 +3.988456588e-01 +1.839188457e+02 +1.839188457e+02 -3.2097e-01 -3.7620e+00 -2.7148e+00 -1.9807e+00 -2.9932e-01
261 0 +3.524744447e-01 +1.838724744e+02 +1.838724744e+02 -2.2655e-01 -3.8642e+00 -2.0322e+00 -2.0530e+00 -1.9603e-01
264 0 +2.407978321e-01 +1.837607978e+02 +1.837607978e+02 -1.4156e-01 -3.5739e+00 -2.1701e+00 -2.0775e+00 -9.0871e-01
294 0 +1.236886974e-01 +1.836436887e+02 +1.836436887e+02 -8.0406e-02 -3.7923e+00 -2.2208e+00 -1.8228e+00 -4.6662e-01
324 0 +9.388460780e-02 +1.836138846e+02 +1.836138846e+02 +1.0310e-01 -3.8273e+00 -2.2233e+00 -1.9859e+00 -8.8040e-01
342 0 +7.619545373e-02 +1.835961955e+02 +1.835961955e+02 +1.6381e-01 -3.7876e+00 -2.3926e+00 -2.1438e+00 -5.8965e-01
379 0 +5.179429418e-02 +1.835717943e+02 +1.835717943e+02 -6.8075e-02 -3.8985e+00 -2.1573e+00 -2.1446e+00 -5.7921e-01
396 0 +4.541352518e-02 +1.835654135e+02 +1.835654135e+02 +4.3038e-02 -4.0525e+00 -2.2519e+00 -2.1647e+00 -7.4339e-01
407 0 +1.845852550e-02 +1.835384585e+02 +1.835384585e+02 +5.2936e-02 -3.9700e+00 -2.2598e+00 -2.0397e+00 -7.3831e-01
426 0 +1.310280381e-02 +1.835331028e+02 +1.835331028e+02 +1.0981e-02 -3.9992e+00 -2.2813e+00 -1.9845e+00 -6.0798e-01
494 0 +9.759172520e-03 +1.835297592e+02 +1.835297592e+02 +4.0710e-02 -3.9275e+00 -2.3213e+00 -1.9690e+00 -6.6026e-01
501 0 +9.125747217e-03 +1.835291257e+02 +1.835291257e+02 -6.2376e-03 -3.9274e+00 -2.2673e+00 -1.9786e+00 -6.6184e-01
506 0 +5.368483641e-03 +1.835253685e+02 +1.835253685e+02 -3.0751e-02 -3.9213e+00 -2.2723e+00 -2.0690e+00 -6.3874e-01
555 0 +4.082807353e-03 +1.835240828e+02 +1.835240828e+02 -1.6719e-02 -3.9942e+00 -2.3460e+00 -2.0640e+00 -6.3069e-01
557 0 +2.248301508e-03 +1.835222483e+02 +1.835222483e+02 -6.4755e-02 -3.9527e+00 -2.3306e+00 -2.0374e+00 -6.4297e-01
611 0 +2.143602716e-03 +1.835221436e+02 +1.835221436e+02 -1.7611e-02 -3.9732e+00 -2.3379e+00 -2.0185e+00 -6.8012e-01
616 0 +1.805571876e-03 +1.835218056e+02 +1.835218056e+02 +2.2303e-03 -3.9195e+00 -2.3533e+00 -2.0447e+00 -6.3790e-01
636 0 +1.194934472e-03 +1.835211949e+02 +1.835211949e+02 -2.0543e-02 -3.9330e+00 -2.3276e+00 -2.0760e+00 -6.5728e-01
644 0 +7.239217088e-04 +1.835207239e+02 +1.835207239e+02 -2.0535e-02 -3.9379e+00 -2.3123e+00 -2.0569e+00 -6.5188e-01
684 0 +7.158340790e-04 +1.835207158e+02 +1.835207158e+02 -3.7301e-02 -3.9513e+00 -2.3167e+00 -2.0365e+00 -6.6148e-01
690 0 +6.370922095e-04 +1.835206371e+02 +1.835206371e+02 -3.0640e-02 -3.9535e+00 -2.3426e+00 -2.0532e+00 -6.7327e-01
694 0 +4.792161692e-04 +1.835204792e+02 +1.835204792e+02 -3.1878e-02 -3.9376e+00 -2.3477e+00 -2.0436e+00 -6.4421e-01
714 0 +2.749312183e-04 +1.835202749e+02 +1.835202749e+02 -1.6455e-02 -3.9423e+00 -2.3484e+00 -2.0468e+00 -6.6383e-01
722 0 +1.870995973e-04 +1.835201871e+02 +1.835201871e+02 -3.1479e-02 -3.9433e+00 -2.3325e+00 -2.0402e+00 -6.6617e-01
743 0 +1.131357264e-04 +1.835201131e+02 +1.835201131e+02 -2.5625e-02 -3.9495e+00 -2.3287e+00 -2.0423e+00 -6.5862e-01
752 0 +1.036805237e-04 +1.835201037e+02 +1.835201037e+02 -2.3161e-02 -3.9497e+00 -2.3303e+00 -2.0430e+00 -6.5337e-01
783 0 +9.542595120e-05 +1.835200954e+02 +1.835200954e+02 -2.1512e-02 -3.9391e+00 -2.3385e+00 -2.0385e+00 -6.6474e-01
788 0 +5.681233574e-05 +1.835200568e+02 +1.835200568e+02 -2.6124e-02 -3.9469e+00 -2.3322e+00 -2.0432e+00 -6.5590e-01
804 0 +5.290748814e-05 +1.835200529e+02 +1.835200529e+02 -2.6730e-02 -3.9425e+00 -2.3319e+00 -2.0388e+00 -6.5789e-01
805 0 +3.140112599e-05 +1.835200314e+02 +1.835200314e+02 -2.2380e-02 -3.9444e+00 -2.3324e+00 -2.0474e+00 -6.5643e-01
844 0 +2.455809775e-05 +1.835200246e+02 +1.835200246e+02 -2.5377e-02 -3.9416e+00 -2.3319e+00 -2.0450e+00 -6.5675e-01
849 0 +2.273607126e-05 +1.835200227e+02 +1.835200227e+02 -2.3628e-02 -3.9445e+00 -2.3367e+00 -2.0410e+00 -6.5780e-01
852 0 +8.243759368e-06 +1.835200082e+02 +1.835200082e+02 -2.0728e-02 -3.9431e+00 -2.3348e+00 -2.0411e+00 -6.5829e-01
900 0 +7.296102552e-06 +1.835200073e+02 +1.835200073e+02 -2.1759e-02 -3.9436e+00 -2.3358e+00 -2.0421e+00 -6.5721e-01
909 0 +6.830508340e-06 +1.835200068e+02 +1.835200068e+02 -2.3696e-02 -3.9401e+00 -2.3340e+00 -2.0434e+00 -6.5752e-01
915 0 +6.300256956e-06 +1.835200063e+02 +1.835200063e+02 -2.0783e-02 -3.9406e+00 -2.3355e+00 -2.0438e+00 -6.5936e-01
959 0 +4.983521393e-06 +1.835200050e+02 +1.835200050e+02 -2.1757e-02 -3.9426e+00 -2.3360e+00 -2.0440e+00 -6.5662e-01
961 0 +1.584336360e-06 +1.835200016e+02 +1.835200016e+02 -2.2443e-02 -3.9421e+00 -2.3352e+00 -2.0434e+00 -6.5752e-01
1055 0 +1.204699259e-06 +1.835200012e+02 +1.835200012e+02 -2.0974e-02 -3.9417e+00 -2.3339e+00 -2.0429e+00 -6.5689e-01
1067 0 +1.093729253e-06 +1.835200011e+02 +1.835200011e+02 -2.1599e-02 -3.9423e+00 -2.3347e+00 -2.0428e+00 -6.5708e-01
1069 0 +5.573939461e-07 +1.835200006e+02 +1.835200006e+02 -2.1263e-02 -3.9414e+00 -2.3350e+00 -2.0434e+00 -6.5771e-01
1111 0 +2.974257143e-07 +1.835200003e+02 +1.835200003e+02 -2.1600e-02 -3.9415e+00 -2.3346e+00 -2.0429e+00 -6.5800e-01
1170 0 +1.539623611e-07 +1.835200002e+02 +1.835200002e+02 -2.1402e-02 -3.9415e+00 -2.3347e+00 -2.0434e+00 -6.5756e-01
% f evaluations | g evaluations | best noise-free fitness - Fopt (-5.938400000000e+02) + sum g_i+ | measured fitness | best measured fitness or single-digit g-values | x1 | x2...
1 0 +1.258635390e+01 -5.812536461e+02 -5.812536461e+02 +5.9671e-01 -3.8264e-02 +7.4769e-01 +1.6230e+00 -1.3415e-01
11 0 +1.250345270e+01 -5.813365473e+02 -5.813365473e+02 +4.2408e-01 -2.8508e-01 -5.7692e-01 +7.1168e-01 +1.1310e+00
20 0 +7.957893987e+00 -5.858821060e+02 -5.858821060e+02 -1.3635e+00 +3.9612e-01 +3.6106e-01 +1.0511e-01 -1.3459e-01
23 0 +3.046311511e+00 -5.907936885e+02 -5.907936885e+02 -1.8188e+00 +7.3486e-02 +1.6023e-01 +2.5632e+00 -9.2361e-02
32 0 +2.599837864e+00 -5.912401621e+02 -5.912401621e+02 -1.1142e+00 +5.5254e-01 +7.3247e-01 +2.0276e+00 +8.8177e-01
64 0 +2.313359159e+00 -5.915266408e+02 -5.915266408e+02 -3.0076e+00 +1.0036e+00 -5.4275e-01 +2.0968e+00 +1.5918e+00
65 0 +1.681574475e+00 -5.921584255e+02 -5.921584255e+02 -1.7028e+00 +6.8913e-01 +9.7179e-01 +2.0526e+00 +2.0067e+00
66 0 +1.441456307e+00 -5.923985437e+02 -5.923985437e+02 -2.0610e+00 +2.6225e-01 +1.0103e+00 +1.2688e+00 +1.8296e+00
116 0 +1.004479371e+00 -5.928355206e+02 -5.928355206e+02 -2.4198e+00 -2.1412e-01 +8.8807e-01 +2.8630e+00 +8.6143e-01
140 0 +6.642821114e-01 -5.931757179e+02 -5.931757179e+02 -2.3040e+00 -5.4007e-01 +3.7228e-01 +1.7762e+00 +1.5198e+00
150 0 +3.962489759e-01 -5.934437510e+02 -5.934437510e+02 -2.4355e+00 -2.6127e-01 +9.0617e-01 +2.5016e+00 +1.2980e+00
231 0 +3.543380513e-01 -5.934856619e+02 -5.934856619e+02 -2.6120e+00 +5.9632e-01 +4.5451e-01 +1.8775e+00 +1.2208e+00
242 0 +3.432263789e-01 -5.934967736e+02 -5.934967736e+02 -2.9734e+00 -7.2614e-02 +8.4538e-01 +2.4089e+00 +1.3245e+00
256 0 +2.813536533e-01 -5.935586463e+02 -5.935586463e+02 -2.5185e+00 -1.3859e-01 +9.1300e-01 +2.4569e+00 +1.4271e+00
265 0 +2.447327857e-01 -5.935952672e+02 -5.935952672e+02 -2.9163e+00 +3.0802e-01 +5.2746e-01 +1.9435e+00 +1.5683e+00
268 0 +1.476444301e-01 -5.936923556e+02 -5.936923556e+02 -2.5846e+00 +8.0881e-02 +6.1465e-01 +2.3606e+00 +1.0600e+00
282 0 +1.263874746e-01 -5.937136125e+02 -5.937136125e+02 -2.7638e+00 +3.2346e-01 +5.9740e-01 +2.3194e+00 +1.3341e+00
303 0 +1.103763339e-01 -5.937296237e+02 -5.937296237e+02 -2.5158e+00 +3.4205e-02 +5.5445e-01 +2.3073e+00 +1.6373e+00
304 0 +8.805031557e-02 -5.937519497e+02 -5.937519497e+02 -2.5695e+00 +2.6442e-01 +7.1226e-01 +2.2110e+00 +1.5494e+00
320 0 +5.203397584e-02 -5.937879660e+02 -5.937879660e+02 -2.5318e+00 +3.1133e-01 +5.8842e-01 +2.0844e+00 +1.3372e+00
339 0 +3.473890445e-02 -5.938052611e+02 -5.938052611e+02 -2.4264e+00 +9.5359e-02 +5.6638e-01 +2.0402e+00 +1.4404e+00
379 0 +1.966931391e-02 -5.938203307e+02 -5.938203307e+02 -2.6479e+00 +1.9314e-01 +6.0967e-01 +2.0897e+00 +1.3875e+00
429 0 +1.354031457e-02 -5.938264597e+02 -5.938264597e+02 -2.5048e+00 +1.3493e-01 +5.0260e-01 +2.0854e+00 +1.3428e+00
434 0 +7.161437362e-03 -5.938328386e+02 -5.938328386e+02 -2.5950e+00 +4.9942e-02 +6.2784e-01 +2.1373e+00 +1.3289e+00
507 0 +5.567120241e-03 -5.938344329e+02 -5.938344329e+02 -2.5703e+00 +1.1255e-01 +6.1194e-01 +2.0765e+00 +1.3859e+00
509 0 +3.137567134e-03 -5.938368624e+02 -5.938368624e+02 -2.5818e+00 +6.4129e-02 +5.8269e-01 +2.0980e+00 +1.3926e+00
513 0 +1.845724141e-03 -5.938381543e+02 -5.938381543e+02 -2.6040e+00 +7.0392e-02 +5.7616e-01 +2.1286e+00 +1.3597e+00
519 0 +1.100668818e-03 -5.938388993e+02 -5.938388993e+02 -2.5519e+00 +1.0725e-01 +5.7748e-01 +2.1176e+00 +1.3848e+00
628 0 +8.714824097e-04 -5.938391285e+02 -5.938391285e+02 -2.5663e+00 +1.0040e-01 +5.8689e-01 +2.1491e+00 +1.3854e+00
630 0 +7.945863193e-04 -5.938392054e+02 -5.938392054e+02 -2.5816e+00 +1.0649e-01 +5.7851e-01 +2.1152e+00 +1.3775e+00
655 0 +2.767208449e-04 -5.938397233e+02 -5.938397233e+02 -2.5733e+00 +8.7466e-02 +5.7249e-01 +2.1197e+00 +1.3710e+00
703 0 +5.022807773e-05 -5.938399498e+02 -5.938399498e+02 -2.5647e+00 +9.5007e-02 +5.6996e-01 +2.1341e+00 +1.3618e+00
776 0 +2.474399366e-05 -5.938399753e+02 -5.938399753e+02 -2.5701e+00 +9.6971e-02 +5.6981e-01 +2.1320e+00 +1.3697e+00
825 0 +1.436252433e-05 -5.938399856e+02 -5.938399856e+02 -2.5699e+00 +9.5346e-02 +5.7238e-01 +2.1363e+00 +1.3640e+00
913 0 +3.435215831e-06 -5.938399966e+02 -5.938399966e+02 -2.5683e+00 +9.3137e-02 +5.7177e-01 +2.1334e+00 +1.3662e+00
966 0 +1.326798042e-06 -5.938399987e+02 -5.938399987e+02 -2.5695e+00 +9.3643e-02 +5.7149e-01 +2.1342e+00 +1.3660e+00
1039 0 +1.136215133e-06 -5.938399989e+02 -5.938399989e+02 -2.5693e+00 +9.3698e-02 +5.7152e-01 +2.1335e+00 +1.3670e+00
1112 0 +3.948679250e-07 -5.938399996e+02 -5.938399996e+02 -2.5695e+00 +9.4050e-02 +5.7166e-01 +2.1334e+00 +1.3661e+00
1168 0 +3.602719971e-07 -5.938399996e+02 -5.938399996e+02 -2.5698e+00 +9.4578e-02 +5.7182e-01 +2.1331e+00 +1.3664e+00
1215 0 +3.094276053e-07 -5.938399997e+02 -5.938399997e+02 -2.5698e+00 +9.4523e-02 +5.7229e-01 +2.1333e+00 +1.3661e+00
% f evaluations | g evaluations | best noise-free fitness - Fopt (-1.000000000000e+03) + sum g_i+ | measured fitness | best measured fitness or single-digit g-values | x1 | x2...
1 0 +7.821436367e+01 -9.217856363e+02 -9.217856363e+02 +5.9671e-01 -3.8264e-02 +7.4769e-01 +1.6230e+00 -1.3415e-01
2 0 +4.752873392e+01 -9.524712661e+02 -9.524712661e+02 -1.3414e-01 +1.6792e+00 +8.6743e-01 -3.6947e-01 +6.4256e-01
7 0 +3.416422951e+01 -9.658357705e+02 -9.658357705e+02 -5.0171e-01 +1.9523e+00 +8.6503e-02 -9.5771e-01 +9.2254e-01
8 0 +2.931774548e+01 -9.706822545e+02 -9.706822545e+02 -1.1208e+00 +3.0886e-01 -1.8597e+00 -1.2282e+00 +2.9686e-01
26 0 +1.055323084e+01 -9.894467692e+02 -9.894467692e+02 -2.7775e+00 +1.1196e+00 -3.0589e+00 -3.1372e+00 +1.3589e+00
51 0 +7.540568061e+00 -9.924594319e+02 -9.924594319e+02 -4.0118e+00 +3.0840e+00 -1.4278e+00 -1.5705e+00 +2.9527e+00
55 0 +6.950367181e+00 -9.930496328e+02 -9.930496328e+02 -2.5007e+00 +3.0439e+00 -1.8031e+00 -2.9410e+00 +2.7179e+00
78 0 +4.819284317e+00 -9.951807157e+02 -9.951807157e+02 -3.1684e+00 +4.2015e+00 -2.2638e+00 -1.5977e+00 +3.3480e+00
115 0 +3.544440946e+00 -9.964555591e+02 -9.964555591e+02 -2.1668e+00 +3.1634e+00 -4.0150e+00 -2.1522e+00 +2.6687e+00
126 0 +1.308707052e+00 -9.986912929e+02 -9.986912929e+02 -2.9895e+00 +3.7629e+00 -3.4140e+00 -2.9140e+00 +2.7324e+00
178 0 +1.288251261e+00 -9.987117487e+02 -9.987117487e+02 -3.4840e+00 +4.0632e+00 -3.4325e+00 -3.2958e+00 +2.7914e+00
181 0 +1.083455876e+00 -9.989165441e+02 -9.989165441e+02 -3.3189e+00 +4.7146e+00 -3.5761e+00 -2.4217e+00 +2.3718e+00
229 0 +7.049471114e-01 -9.992950529e+02 -9.992950529e+02 -3.2945e+00 +4.3207e+00 -3.9838e+00 -2.1669e+00 +2.0163e+00
262 0 +5.052099336e-01 -9.994947901e+02 -9.994947901e+02 -3.2091e+00 +4.1052e+00 -3.8487e+00 -2.6358e+00 +2.3508e+00
288 0 +4.029778621e-01 -9.995970221e+02 -9.995970221e+02 -3.8879e+00 +4.0778e+00 -3.5864e+00 -2.2626e+00 +2.8122e+00
303 0 +3.225394542e-01 -9.996774605e+02 -9.996774605e+02 -4.1257e+00 +4.2861e+00 -4.0203e+00 -2.3443e+00 +2.3733e+00
305 0 +2.731396335e-01 -9.997268604e+02 -9.997268604e+02 -3.7693e+00 +4.1992e+00 -3.5671e+00 -2.1969e+00 +2.1557e+00
311 0 +1.017198035e-01 -9.998982802e+02 -9.998982802e+02 -3.8495e+00 +3.7764e+00 -3.9456e+00 -2.6556e+00 +2.4915e+00
403 0 +3.644249808e-02 -9.999635575e+02 -9.999635575e+02 -3.9507e+00 +3.8353e+00 -3.8177e+00 -2.5546e+00 +2.4134e+00
437 0 +1.851125244e-02 -9.999814887e+02 -9.999814887e+02 -3.8152e+00 +3.8692e+00 -3.7841e+00 -2.3202e+00 +2.3188e+00
462 0 +1.505499493e-02 -9.999849450e+02 -9.999849450e+02 -3.8229e+00 +3.7689e+00 -3.8861e+00 -2.4105e+00 +2.2538e+00
477 0 +8.603467995e-03 -9.999913965e+02 -9.999913965e+02 -3.9163e+00 +3.8675e+00 -3.8526e+00 -2.4127e+00 +2.2691e+00
511 0 +8.257256079e-03 -9.999917427e+02 -9.999917427e+02 -3.9138e+00 +3.8692e+00 -3.8122e+00 -2.4172e+00 +2.2548e+00
531 0 +6.532252843e-03 -9.999934677e+02 -9.999934677e+02 -3.8033e+00 +3.8831e+00 -3.7956e+00 -2.4428e+00 +2.2430e+00
589 0 +4.055977202e-03 -9.999959440e+02 -9.999959440e+02 -3.8622e+00 +3.8746e+00 -3.8404e+00 -2.4006e+00 +2.2718e+00
612 0 +1.714358993e-03 -9.999982856e+02 -9.999982856e+02 -3.8138e+00 +3.8622e+00 -3.8491e+00 -2.4446e+00 +2.3003e+00
657 0 +1.353715373e-03 -9.999986463e+02 -9.999986463e+02 -3.8501e+00 +3.8412e+00 -3.8194e+00 -2.4294e+00 +2.2707e+00
675 0 +1.086863226e-03 -9.999989131e+02 -9.999989131e+02 -3.8697e+00 +3.8579e+00 -3.8032e+00 -2.4444e+00 +2.3054e+00
686 0 +2.076157915e-04 -9.999997924e+02 -9.999997924e+02 -3.8375e+00 +3.8576e+00 -3.8304e+00 -2.4384e+00 +2.3055e+00
761 0 +1.530308671e-04 -9.999998470e+02 -9.999998470e+02 -3.8444e+00 +3.8570e+00 -3.8307e+00 -2.4524e+00 +2.3031e+00
788 0 +1.410587877e-04 -9.999998589e+02 -9.999998589e+02 -3.8433e+00 +3.8485e+00 -3.8308e+00 -2.4459e+00 +2.3070e+00
810 0 +1.227204046e-04 -9.999998773e+02 -9.999998773e+02 -3.8468e+00 +3.8437e+00 -3.8172e+00 -2.4445e+00 +2.2983e+00
822 0 +9.912410599e-05 -9.999999009e+02 -9.999999009e+02 -3.8395e+00 +3.8486e+00 -3.8172e+00 -2.4512e+00 +2.3049e+00
831 0 +5.349804985e-05 -9.999999465e+02 -9.999999465e+02 -3.8406e+00 +3.8510e+00 -3.8213e+00 -2.4404e+00 +2.2967e+00
888 0 +3.305796645e-05 -9.999999669e+02 -9.999999669e+02 -3.8430e+00 +3.8536e+00 -3.8194e+00 -2.4404e+00 +2.3013e+00
897 0 +1.464037825e-05 -9.999999854e+02 -9.999999854e+02 -3.8406e+00 +3.8533e+00 -3.8197e+00 -2.4452e+00 +2.2988e+00
906 0 +1.016863575e-05 -9.999999898e+02 -9.999999898e+02 -3.8426e+00 +3.8511e+00 -3.8238e+00 -2.4461e+00 +2.2995e+00
974 0 +6.896099762e-06 -9.999999931e+02 -9.999999931e+02 -3.8420e+00 +3.8517e+00 -3.8202e+00 -2.4461e+00 +2.2994e+00
995 0 +5.106008530e-06 -9.999999949e+02 -9.999999949e+02 -3.8451e+00 +3.8538e+00 -3.8220e+00 -2.4452e+00 +2.3003e+00
998 0 +9.087018498e-07 -9.999999991e+02 -9.999999991e+02 -3.8428e+00 +3.8524e+00 -3.8214e+00 -2.4463e+00 +2.3008e+00
1116 0 +8.302138212e-07 -9.999999992e+02 -9.999999992e+02 -3.8439e+00 +3.8527e+00 -3.8221e+00 -2.4454e+00 +2.3011e+00
1146 0 +3.019686119e-07 -9.999999997e+02 -9.999999997e+02 -3.8436e+00 +3.8528e+00 -3.8218e+00 -2.4454e+00 +2.3011e+00
1238 0 +2.758392839e-07 -9.999999997e+02 -9.999999997e+02 -3.8434e+00 +3.8531e+00 -3.8218e+00 -2.4453e+00 +2.3009e+00
1241 0 +2.708464990e-07 -9.999999997e+02 -9.999999997e+02 -3.8436e+00 +3.8528e+00 -3.8218e+00 -2.4458e+00 +2.3010e+00
% f evaluations | g evaluations | best noise-free fitness - Fopt (-2.531000000000e+01) + sum g_i+ | measured fitness | best measured fitness or single-digit g-values | x1 | x2...
1 0 +2.981377482e+01 +4.503774821e+00 +4.503774821e+00 +5.9671e-01 -3.8264e-02 +7.4769e-01 +1.6230e+00 -1.3415e-01
22 0 +2.509585509e+01 -2.141449063e-01 -2.141449063e-01 +5.0405e-01 +1.9862e+00 +2.7458e-01 +3.5755e-01 +2.5554e-02
26 0 +2.054502150e+01 -4.764978502e+00 -4.764978502e+00 -3.2145e-01 +2.7818e+00 +3.1314e-01 +9.1046e-01 +2.0078e+00
28 0 +1.193858905e+01 -1.337141095e+01 -1.337141095e+01 +2.5424e+00 +2.2776e+00 -8.2381e-01 +1.0850e+00 +8.7793e-01
51 0 +6.998939344e+00 -1.831106066e+01 -1.831106066e+01 +4.2776e+00 +3.3072e+00 +1.6531e+00 +8.0936e-01 +2.3316e+00
52 0 +6.164151941e+00 -1.914584806e+01 -1.914584806e+01 +3.1607e+00 +1.9589e+00 +1.3757e+00 +3.7708e+00 +6.6175e-01
53 0 +4.249298214e+00 -2.106070179e+01 -2.106070179e+01 +3.8177e+00 +2.9111e+00 +6.9974e-01 +1.8070e+00 +1.0400e+00
76 0 +1.420467664e+00 -2.388953234e+01 -2.388953234e+01 +4.1004e+00 +3.8698e+00 +1.5950e+00 +3.6645e+00 +2.7457e+00
129 0 +2.367179265e-01 -2.507328207e+01 -2.507328207e+01 +3.4642e+00 +3.5637e+00 +7.6691e-01 +2.7900e+00 +2.6541e+00
321 0 +1.576443308e-01 -2.515235567e+01 -2.515235567e+01 +3.7689e+00 +3.2974e+00 +7.4446e-01 +3.1928e+00 +2.3669e+00
341 0 +9.911049453e-02 -2.521088951e+01 -2.521088951e+01 +3.5892e+00 +3.4921e+00 +7.8369e-01 +3.2526e+00 +2.6589e+00
355 0 +6.775388386e-02 -2.524224612e+01 -2.524224612e+01 +3.6473e+00 +3.4948e+00 +7.4882e-01 +3.0879e+00 +2.2691e+00
357 0 +3.921169212e-02 -2.527078831e+01 -2.527078831e+01 +3.4151e+00 +3.4936e+00 +7.8404e-01 +3.1302e+00 +2.2232e+00
407 0 +3.119297914e-02 -2.527880702e+01 -2.527880702e+01 +3.4788e+00 +3.4935e+00 +8.4514e-01 +3.0200e+00 +2.3448e+00
430 0 +1.121201921e-02 -2.529878798e+01 -2.529878798e+01 +3.5520e+00 +3.5421e+00 +8.3270e-01 +3.2331e+00 +2.3470e+00
515 0 +2.725915351e-03 -2.530727408e+01 -2.530727408e+01 +3.4805e+00 +3.5068e+00 +8.6111e-01 +3.1482e+00 +2.4069e+00
552 0 +2.048089882e-03 -2.530795191e+01 -2.530795191e+01 +3.4824e+00 +3.5435e+00 +8.3241e-01 +3.2222e+00 +2.3941e+00
560 0 +1.757140180e-03 -2.530824286e+01 -2.530824286e+01 +3.4754e+00 +3.4940e+00 +8.4509e-01 +3.1836e+00 +2.3752e+00
564 0 +8.958907383e-04 -2.530910411e+01 -2.530910411e+01 +3.4572e+00 +3.5088e+00 +8.4937e-01 +3.1799e+00 +2.3988e+00
603 0 +6.041497836e-04 -2.530939585e+01 -2.530939585e+01 +3.4555e+00 +3.5168e+00 +8.6150e-01 +3.1820e+00 +2.3958e+00
610 0 +4.560309375e-04 -2.530954397e+01 -2.530954397e+01 +3.4711e+00 +3.5279e+00 +8.5462e-01 +3.1872e+00 +2.4078e+00
662 0 +3.348078036e-04 -2.530966519e+01 -2.530966519e+01 +3.4753e+00 +3.5254e+00 +8.4119e-01 +3.1956e+00 +2.3916e+00
705 0 +2.501225741e-05 -2.530997499e+01 -2.530997499e+01 +3.4713e+00 +3.5329e+00 +8.5197e-01 +3.1903e+00 +2.3889e+00
843 0 +3.198447803e-06 -2.530999680e+01 -2.530999680e+01 +3.4686e+00 +3.5331e+00 +8.5272e-01 +3.1848e+00 +2.3879e+00
892 0 +7.724258317e-07 -2.530999923e+01 -2.530999923e+01 +3.4692e+00 +3.5329e+00 +8.5205e-01 +3.1865e+00 +2.3871e+00
1043 0 +6.126564038e-07 -2.530999939e+01 -2.530999939e+01 +3.4687e+00 +3.5328e+00 +8.5264e-01 +3.1871e+00 +2.3874e+00
1125 0 +4.411891794e-07 -2.530999956e+01 -2.530999956e+01 +3.4688e+00 +3.5324e+00 +8.5296e-01 +3.1866e+00 +2.3867e+00
