% f evaluations | g evaluations | best noise-free fitness - Fopt (3.590000000000e+01) + sum g_i+ | measured fitness | best measured fitness or single-digit g-values | x1 | x2...
1 0 +3.090490570e+05 +3.090849570e+05 +3.090849570e+05 +5.9671e-01 -3.8264e-02 +7.4769e-01 +1.6230e+00 -1.3415e-01 -1.3414e-01 +1.6792e+00 +8.6743e-01 -3.6947e-01 +6.4256e-01
3 0 +2.688576330e+05 +2.688935330e+05 +2.688935330e+05 +1.5656e+00 -1.2578e-01 +1.6753e-01 -1.3247e+00 -4.4438e-01 +2.1092e-01 -1.0510e+00 +4.7570e-01 -5.0064e-01 -1.9169e-01
4 0 +2.638876136e+05 +2.639235136e+05 +2.639235136e+05 -5.0171e-01 +1.9523e+00 +8.6503e-02 -9.5771e-01 +9.2254e-01 -1.1208e+00 +3.0886e-01 -1.8597e+00 -1.2282e+00 +2.9686e-01
9 0 +2.231684420e+05 +2.232043420e+05 +2.232043420e+05 -1.1967e-01 +4.5711e-01 +1.5779e+00 -4.1827e-01 -7.0849e-01 -4.0176e-01 +1.0154e+00 +4.2875e-01 -4.2976e-01 +6.1327e-01
21 0 +1.923015603e+05 +1.923374603e+05 +1.923374603e+05 +4.5779e-01 +6.6078e-01 +1.1831e+00 +1.1538e+00 -1.2777e+00 -8.3783e-01 +6.1504e-01 +6.1379e-01 +6.1505e-01 +3.9527e+00
51 0 +7.161187740e+04 +7.164777740e+04 +7.164777740e+04 +9.3572e-01 +9.5970e-01 +2.5313e+00 -5.1168e-02 +2.9644e-01 -8.7454e-01 -1.2042e+00 +2.5141e-02 -1.1360e+00 +3.1057e-01
53 0 +3.397771302e+04 +3.401361302e+04 +3.401361302e+04 +1.6646e+00 +2.5154e+00 +1.5614e+00 +9.5428e-01 -1.8390e+00 -8.8620e-01 -3.9728e-01 -7.1117e-01 -2.2295e+00 +1.5088e+00
59 0 +2.078491435e+04 +2.082081435e+04 +2.082081435e+04 +9.3534e-01 +2.1448e+00 +2.6253e+00 +2.0453e-01 +6.3440e-01 -2.5315e+00 -1.8916e+00 +5.1797e-01 -7.6855e-01 +1.0879e+00
103 0 +7.626370749e+03 +7.662270749e+03 +7.662270749e+03 +1.4490e-01 +2.8612e+00 +3.3792e+00 -1.5595e+00 +5.7718e-01 +3.3746e-01 -3.6366e+00 -5.4274e-02 -2.2520e+00 +3.7238e+00
105 0 +2.125254770e+03 +2.161154770e+03 +2.161154770e+03 +3.4915e-03 +4.0567e+00 +3.6237e+00 -2.5380e+00 +1.6517e-01 -2.8125e+00 -1.8754e+00 -4.1957e-01 -1.2660e-01 +2.9287e+00
207 0 +5.949141422e+02 +6.308141422e+02 +6.308141422e+02 -1.3097e-01 +3.3724e+00 +3.7954e+00 -4.0552e+00 -1.2437e+00 +1.0592e+00 -3.9955e+00 -1.3978e+00 -1.3982e+00 +3.6385e+00
301 0 +9.807886329e+01 +1.339788633e+02 +1.339788633e+02 +1.9121e+00 +3.5761e+00 +2.6611e+00 -1.7338e+00 -5.5968e-01 -1.4560e+00 -2.8508e+00 -1.5720e+00 -1.5833e+00 +1.5642e+00
361 0 +8.180966893e+01 +1.177096689e+02 +1.177096689e+02 -5.9725e-01 +3.4080e+00 +4.1844e+00 -1.0875e+00 +6.4166e-01 -2.7060e+00 -2.3158e+00 -3.6482e+00 -3.9125e+00 +8.7482e-01
407 0 +6.465887768e+01 +1.005588777e+02 +1.005588777e+02 +1.9567e+00 +3.6470e+00 +2.7324e+00 -9.0596e-01 -2.0401e+00 -1.9416e+00 -3.2220e+00 -2.1621e+00 -2.8661e+00 +7.3135e-01
651 0 +5.897187448e+01 +9.487187448e+01 +9.487187448e+01 +8.9008e-01 +3.3590e+00 +4.1265e+00 +3.8587e-01 -1.1830e+00 -2.1035e+00 -2.0736e+00 -2.7014e+00 -3.6523e+00 +8.4016e-01
701 0 +4.152234242e+01 +7.742234242e+01 +7.742234242e+01 +2.5495e+00 +3.0216e+00 +4.3558e+00 +1.3935e+00 -1.5389e+00 -4.4732e+00 -1.9995e+00 -3.0019e+00 -4.1802e+00 -1.5854e+00
801 0 +4.105098979e+01 +7.695098979e+01 +7.695098979e+01 +3.0405e+00 +2.7209e+00 +3.2594e+00 +1.8285e+00 -1.4725e+00 -4.5649e+00 -2.0823e+00 -2.1737e+00 -4.4194e+00 -5.2654e-01
892 0 +3.756352757e+01 +7.346352757e+01 +7.346352757e+01 +2.8253e+00 +3.5085e+00 +4.0907e+00 +2.1355e+00 -4.8126e-01 -3.0888e+00 -2.1772e+00 -7.5137e-01 -2.7780e+00 -1.5814e+00
949 0 +3.696964672e+01 +7.286964672e+01 +7.286964672e+01 +2.5278e+00 +2.9833e+00 +3.5985e+00 +4.2338e-01 -1.5548e+00 -2.5712e+00 -3.2205e+00 -2.2865e+00 -3.5539e+00 -1.1610e+00
958 0 +3.688892844e+01 +7.278892844e+01 +7.278892844e+01 +1.7624e+00 +3.4665e+00 +3.0835e+00 +1.5067e+00 +5.4941e-01 -4.0298e+00 -3.1888e+00 -2.7790e+00 -4.0323e+00 -3.2802e-01
1008 0 +3.644355729e+01 +7.234355729e+01 +7.234355729e+01 +2.4603e+00 +4.5438e+00 +3.1739e+00 +1.7878e+00 -3.9492e-01 -2.9152e+00 -2.6846e+00 -1.4870e+00 -3.0045e+00 -9.7101e-01
1030 0 +2.356231354e+01 +5.946231354e+01 +5.946231354e+01 +2.0090e+00 +3.9619e+00 +3.1877e+00 +1.7039e+00 -4.3014e-01 -2.3459e+00 -2.8814e+00 -1.8192e+00 -2.1357e+00 -1.8516e+00
1251 0 +7.067069331e+00 +4.296706933e+01 +4.296706933e+01 +2.2156e+00 +2.0877e+00 +2.5876e+00 +3.0678e+00 -1.2584e+00 -2.5636e+00 -3.4190e+00 -1.9527e+00 -3.3513e+00 -1.5408e+00
2043 0 +5.199647579e+00 +4.109964758e+01 +4.109964758e+01 +2.2967e+00 +2.1450e+00 +2.8517e+00 +2.8344e+00 -9.6029e-01 -3.1138e+00 -2.6768e+00 -2.2399e+00 -3.3409e+00 -2.0296e+00
2270 0 +4.899826385e+00 +4.079982639e+01 +4.079982639e+01 +2.4220e+00 +1.9021e+00 +2.4102e+00 +2.4301e+00 -1.5083e+00 -2.6610e+00 -2.8170e+00 -2.0800e+00 -3.1868e+00 -1.9519e+00
2352 0 +2.976608240e+00 +3.887660824e+01 +3.887660824e+01 +2.5851e+00 +1.9569e+00 +2.6139e+00 +2.8098e+00 -1.5160e+00 -2.7747e+00 -2.8416e+00 -2.0814e+00 -3.3548e+00 -2.4141e+00
2413 0 +2.463227562e+00 +3.836322756e+01 +3.836322756e+01 +2.5597e+00 +1.8392e+00 +2.5936e+00 +3.1040e+00 -1.0195e+00 -2.9235e+00 -2.8406e+00 -1.8335e+00 -3.2193e+00 -2.4533e+00
% f evaluations | g evaluations | best noise-free fitness - Fopt (3.137000000000e+01) + sum g_i+ | measured fitness | best measured fitness or single-digit g-values | x1 | x2...
1 0 +1.643424689e+05 +1.643738389e+05 +1.643738389e+05 +5.9671e-01 -3.8264e-02 +7.4769e-01 +1.6230e+00 -1.3415e-01 -1.3414e-01 +1.6792e+00 +8.6743e-01 -3.6947e-01 +6.4256e-01
5 0 +1.017071090e+05 +1.017384790e+05 +1.017384790e+05 +8.3847e-01 +2.7137e-01 -1.5648e-02 -2.0110e-01 -1.3785e+00 -6.1984e-01 -3.6064e-01 +1.1571e+00 +4.4362e-01 -1.6630e+00
33 0 +6.327828245e+04 +6.330965245e+04 +6.330965245e+04 +1.9700e-01 +6.9516e-01 -7.1822e-01 +2.1924e+00 -9.0602e-01 -1.1142e+00 +1.2581e+00 +8.9166e-01 +7.2412e-01 +7.2835e-01
39 0 +6.154235215e+04 +6.157372215e+04 +6.157372215e+04 -7.3972e-01 -4.9939e-01 -2.0239e+00 -4.2576e-01 -6.5913e-01 +2.5039e-01 +4.4176e-01 +1.9762e+00 +1.0504e+00 -4.7690e-01
52 0 +4.687846321e+04 +4.690983321e+04 +4.690983321e+04 +9.3546e-01 -3.1666e-01 -2.0510e+00 +1.2228e+00 -2.2177e+00 -5.5886e-01 +2.8188e+00 +2.7645e+00 +1.8482e+00 +8.2213e-01
55 0 +4.589711589e+04 +4.592848589e+04 +4.592848589e+04 -1.6024e-01 -1.5478e-01 -2.3675e+00 +3.0683e-01 -9.2849e-01 -9.4642e-01 -4.9013e-01 +7.7467e-01 +1.0810e+00 -5.1677e-02
56 0 +2.423011574e+04 +2.426148574e+04 +2.426148574e+04 -6.9985e-01 +1.6104e+00 -1.9156e+00 -1.5715e+00 -2.7052e+00 -3.6272e-01 -6.0606e-01 +1.1213e-01 +1.9630e+00 +1.4135e+00
101 0 +1.890817674e+04 +1.893954674e+04 +1.893954674e+04 +7.9612e-01 +1.8497e+00 -2.5737e+00 +5.2937e-01 -9.4148e-01 -2.7440e+00 -1.5890e+00 +1.5829e+00 +8.2935e-01 +8.4180e-01
102 0 +1.846456308e+04 +1.849593308e+04 +1.849593308e+04 +7.1723e-01 +1.4670e+00 -3.9418e+00 +1.2030e+00 -4.3511e+00 -1.0216e+00 -1.2481e+00 +1.4791e+00 +2.5536e+00 -2.6477e-01
116 0 +1.150821524e+04 +1.153958524e+04 +1.153958524e+04 +1.9088e-01 +1.9118e+00 -1.4861e+00 +3.6492e+00 +6.9236e-02 -2.9237e+00 -3.9304e-01 +3.5583e+00 +2.3103e+00 +7.4458e-01
117 0 +6.857751702e+03 +6.889121702e+03 +6.889121702e+03 +2.1746e-01 +7.6010e-01 -1.6390e+00 +4.5348e-01 -3.7390e+00 -6.4935e-02 -3.4860e-01 +1.1170e+00 +1.9499e+00 +3.6345e-01
155 0 +2.297383843e+02 +2.611083843e+02 +2.611083843e+02 +4.0293e+00 +4.9349e+00 -1.5280e+00 -5.1596e-01 -4.1260e+00 -2.4822e+00 +2.0384e+00 +2.4906e+00 +3.9523e+00 +3.0789e+00
251 0 +2.229043761e+02 +2.542743761e+02 +2.542743761e+02 +3.9398e+00 +3.7063e+00 +9.5680e-01 -1.8587e+00 -2.3841e+00 -2.6340e+00 +1.8074e+00 +3.8853e+00 +4.4403e+00 +8.3975e-01
253 0 +2.064432184e+02 +2.378132184e+02 +2.378132184e+02 +2.8469e+00 +1.6369e+00 -1.1867e-01 -2.5760e+00 -4.9343e+00 -2.9495e+00 +3.6413e-01 +4.5684e+00 +2.5086e+00 +3.3726e+00
302 0 +1.621159607e+02 +1.934859607e+02 +1.934859607e+02 +1.2442e+00 +2.1512e+00 -1.3923e+00 -4.1601e+00 -4.6207e+00 -2.3776e+00 -1.8574e+00 +4.0214e+00 +1.7795e+00 +9.3524e-01
332 0 +1.160149069e+02 +1.473849069e+02 +1.473849069e+02 +8.3210e-01 +3.0931e+00 -2.0687e+00 -1.3194e+00 -2.6537e+00 -3.1791e+00 +8.1758e-01 +4.0067e+00 +1.7404e+00 +7.5738e-01
352 0 +1.083698388e+02 +1.397398388e+02 +1.397398388e+02 +5.9617e-02 +2.6639e+00 -1.4027e+00 -2.0900e+00 -3.9637e+00 -2.5825e+00 -1.9578e+00 +3.5676e+00 +3.4238e+00 -3.4684e-01
367 0 +1.030654734e+02 +1.344354734e+02 +1.344354734e+02 +1.2944e+00 +1.1383e+00 -1.0898e+00 -9.8345e-01 -2.6459e+00 -2.4443e+00 +3.7214e-01 +3.3036e+00 +2.2665e+00 +2.1586e+00
413 0 +7.826982195e+01 +1.096398220e+02 +1.096398220e+02 +9.0796e-01 +3.1923e+00 -1.6016e+00 +5.8570e-01 -3.7349e+00 -2.1513e+00 -7.1732e-01 +2.5598e+00 +1.6123e+00 +2.1509e+00
466 0 +7.764679703e+01 +1.090167970e+02 +1.090167970e+02 +2.3067e+00 +2.0810e+00 -7.1850e-01 +2.5701e+00 -3.6935e+00 -3.9078e+00 +3.7036e-01 +3.6314e+00 +1.4893e+00 +1.3244e+00
523 0 +7.358304345e+01 +1.049530435e+02 +1.049530435e+02 +1.4778e+00 +3.4125e+00 -2.7848e+00 +8.6694e-01 -2.6650e+00 -3.1251e+00 -7.7785e-01 +3.1240e+00 +1.5197e+00 +2.1336e+00
604 0 +7.265037725e+01 +1.040203773e+02 +1.040203773e+02 +1.4021e+00 +2.7218e+00 -1.6975e+00 +9.8263e-01 -3.7649e+00 -2.2259e+00 -5.1318e-01 +3.0763e+00 +2.2128e+00 +4.8600e-01
638 0 +6.957432022e+01 +1.009443202e+02 +1.009443202e+02 +1.8790e+00 +2.0758e+00 -5.0951e-01 +3.3119e+00 -2.0299e+00 -3.3807e+00 +9.6349e-01 +3.9638e+00 +2.4083e+00 -1.6728e-01
652 0 +5.842944477e+01 +8.979944477e+01 +8.979944477e+01 +1.9317e+00 +3.6783e+00 -2.1983e+00 +1.9332e+00 -2.2812e+00 -2.8417e+00 -1.3175e+00 +3.1093e+00 +1.9429e+00 +6.3233e-01
657 0 +5.814564689e+01 +8.951564689e+01 +8.951564689e+01 +1.1739e+00 +2.7312e+00 -1.2856e+00 +2.6640e+00 -1.7364e+00 -3.2458e+00 -8.7786e-01 +3.3966e+00 +2.7635e+00 +1.8638e+00
751 0 +4.830062269e+01 +7.967062269e+01 +7.967062269e+01 +1.5866e+00 +2.9850e+00 -1.4960e+00 +3.2028e+00 -2.3682e+00 -2.9925e+00 -8.8864e-01 +3.6004e+00 +1.4269e+00 +1.8775e+00
806 0 +3.176443914e+01 +6.313443914e+01 +6.313443914e+01 +1.8250e+00 +2.1238e+00 -3.1747e+00 +2.8752e+00 -2.7066e+00 -1.6220e+00 -3.1946e+00 +3.6136e+00 +2.0519e+00 +7.7744e-01
901 0 +2.750066536e+01 +5.887066536e+01 +5.887066536e+01 +1.6288e+00 +1.7518e+00 -1.5000e+00 +3.0527e+00 -2.2230e+00 -1.8676e+00 -2.3945e+00 +3.7705e+00 +1.5420e+00 +1.6196e+00
955 0 +2.241196866e+01 +5.378196866e+01 +5.378196866e+01 +1.3693e-01 +2.6061e+00 -3.4979e+00 +3.7123e+00 -3.0421e+00 -1.6395e+00 -2.3529e+00 +2.9418e+00 +9.5870e-01 +1.3604e+00
1055 0 +2.195032595e+01 +5.332032595e+01 +5.332032595e+01 +1.1965e+00 +2.6278e+00 -3.5114e+00 +3.1285e+00 -3.2405e+00 -8.8064e-01 -2.8196e+00 +2.7913e+00 +1.2837e+00 +8.2701e-01
1151 0 +1.290452976e+01 +4.427452976e+01 +4.427452976e+01 +1.0994e+00 +2.3262e+00 -3.2705e+00 +3.1510e+00 -2.5632e+00 -1.0656e+00 -2.9643e+00 +3.0290e+00 +1.0608e+00 +6.9874e-01
1454 0 +1.249498995e+01 +4.386498995e+01 +4.386498995e+01 +7.0511e-01 +2.8325e+00 -3.4538e+00 +3.3297e+00 -2.8565e+00 -9.9970e-01 -3.4662e+00 +3.0017e+00 +1.0009e+00 +5.6106e-01
1456 0 +1.232106705e+01 +4.369106705e+01 +4.369106705e+01 +2.4499e-01 +2.8064e+00 -3.7345e+00 +3.0285e+00 -2.5025e+00 -5.9314e-01 -3.5334e+00 +2.3151e+00 +1.3983e+00 +7.0315e-01
1502 0 +1.216183348e+01 +4.353183348e+01 +4.353183348e+01 +4.3650e-01 +2.7895e+00 -3.7881e+00 +3.2189e+00 -2.6667e+00 -5.0850e-01 -3.0967e+00 +2.8785e+00 +4.8037e-01 +1.0161e+00
1506 0 +6.470740903e+00 +3.784074090e+01 +3.784074090e+01 -9.6039e-02 +2.3975e+00 -3.7435e+00 +2.7546e+00 -2.3446e+00 -5.2280e-01 -3.7556e+00 +2.5426e+00 +6.4263e-01 +7.3774e-01
1556 0 +5.748467910e+00 +3.711846791e+01 +3.711846791e+01 +8.4734e-02 +2.3888e+00 -3.1992e+00 +3.5484e+00 -2.6317e+00 -3.8624e-01 -3.2273e+00 +2.3557e+00 +7.2734e-01 +6.0537e-01
1706 0 +3.613817777e+00 +3.498381778e+01 +3.498381778e+01 +4.4500e-01 +2.5725e+00 -3.6657e+00 +3.6571e+00 -2.2193e+00 -2.2518e-01 -3.4444e+00 +2.4050e+00 +6.5770e-01 -1.4130e-02
1957 0 +3.064798326e+00 +3.443479833e+01 +3.443479833e+01 +4.1608e-01 +2.5156e+00 -3.7291e+00 +3.6271e+00 -1.9312e+00 +4.8441e-02 -3.5580e+00 +2.2931e+00 +7.6370e-01 +1.3007e-01
2003 0 +2.842413233e+00 +3.421241323e+01 +3.421241323e+01 +2.9197e-01 +2.6560e+00 -3.9961e+00 +3.8071e+00 -2.0739e+00 -1.5779e-01 -3.4688e+00 +2.3021e+00 +4.7779e-01 +6.9981e-02
2005 0 +2.800999987e+00 +3.417099999e+01 +3.417099999e+01 +4.7150e-01 +2.4662e+00 -3.7263e+00 +3.6002e+00 -2.0493e+00 -3.0743e-04 -3.7386e+00 +2.3133e+00 +6.6985e-01 +1.4428e-01
2006 0 +2.715302400e+00 +3.408530240e+01 +3.408530240e+01 +9.8603e-02 +2.4274e+00 -3.7910e+00 +3.4847e+00 -1.9612e+00 -1.7829e-01 -3.5119e+00 +2.3498e+00 +6.6079e-01 +2.9054e-01
2054 0 +2.640833891e+00 +3.401083389e+01 +3.401083389e+01 +2.7893e-01 +2.6848e+00 -4.0290e+00 +3.9122e+00 -2.1054e+00 -9.6503e-03 -3.4687e+00 +2.1565e+00 +4.8438e-01 +7.7140e-02
2152 0 +2.492978742e+00 +3.386297874e+01 +3.386297874e+01 +2.1003e-01 +2.6052e+00 -3.8684e+00 +3.8732e+00 -1.9675e+00 +1.3444e-02 -3.6057e+00 +2.3431e+00 +5.2310e-01 +2.5791e-01
2208 0 +1.772787537e+00 +3.314278754e+01 +3.314278754e+01 -5.7631e-02 +2.2719e+00 -3.7322e+00 +3.6600e+00 -2.1151e+00 -7.0075e-02 -3.5187e+00 +2.2276e+00 +7.3374e-01 +2.0615e-01
2452 0 +1.688952205e+00 +3.305895220e+01 +3.305895220e+01 +5.7962e-02 +2.3494e+00 -3.8284e+00 +3.5495e+00 -2.1094e+00 +1.8932e-02 -3.6352e+00 +2.1302e+00 +7.0484e-01 -1.3201e-01
% f evaluations | g evaluations | best noise-free fitness - Fopt (-1.000000000000e+03) + sum g_i+ | measured fitness | best measured fitness or single-digit g-values | x1 | x2...
1 0 +2.725748886e+05 +2.715748886e+05 +2.715748886e+05 +5.9671e-01 -3.8264e-02 +7.4769e-01 +1.6230e+00 -1.3415e-01 -1.3414e-01 +1.6792e+00 +8.6743e-01 -3.6947e-01 +6.4256e-01
9 0 +2.315698115e+05 +2.305698115e+05 +2.305698115e+05 -1.1967e-01 +4.5711e-01 +1.5779e+00 -4.1827e-01 -7.0849e-01 -4.0176e-01 +1.0154e+00 +4.2875e-01 -4.2976e-01 +6.1327e-01
12 0 +2.069264728e+05 +2.059264728e+05 +2.059264728e+05 -1.8188e+00 +7.3486e-02 +1.6023e-01 +2.5632e+00 -9.2361e-02 +4.0155e-01 +6.5288e-02 -1.0687e+00 +1.2428e+00 +8.5193e-01
21 0 +1.426838322e+05 +1.416838322e+05 +1.416838322e+05 +4.5779e-01 +6.6078e-01 +1.1831e+00 +1.1538e+00 -1.2777e+00 -8.3783e-01 +6.1504e-01 +6.1379e-01 +6.1505e-01 +3.9527e+00
51 0 +6.398287630e+04 +6.298287630e+04 +6.298287630e+04 -2.3952e+00 -1.7794e-01 -1.6291e-02 +1.8161e+00 -2.6205e+00 -1.4903e+00 +1.0202e-01 -1.8947e+00 -2.5165e-02 +3.8056e+00
102 0 +1.609491510e+04 +1.509491510e+04 +1.509491510e+04 -1.9730e+00 -3.7847e+00 +1.7539e+00 +3.8672e+00 -4.5339e+00 -2.2340e+00 +5.1747e-01 -2.1098e+00 -7.5151e-01 +3.3089e+00
151 0 +6.668203158e+03 +5.668203158e+03 +5.668203158e+03 -2.3968e+00 -2.5479e+00 +4.6337e+00 +1.2251e+00 -4.4656e+00 -4.1756e+00 +1.8812e+00 -2.8888e+00 -1.5208e-01 +4.8527e+00
262 0 +6.654010343e+03 +5.654010343e+03 +5.654010343e+03 -3.5672e-01 -2.5973e+00 +4.3834e+00 +4.7358e+00 -2.3847e+00 -2.2727e+00 +6.2505e-01 -5.6568e-01 -2.1095e+00 +3.2285e+00
351 0 +3.309328410e+03 +2.309328410e+03 +2.309328410e+03 -1.0116e+00 -2.8005e+00 +1.7464e+00 +4.8219e+00 -3.0185e+00 -2.1597e+00 +5.0349e-01 -2.7545e+00 -1.7417e+00 +4.3324e+00
406 0 +4.574622397e+02 -5.425377603e+02 -5.425377603e+02 -1.2156e+00 -2.2928e+00 +3.2312e+00 +4.2957e+00 -2.6724e+00 -5.6751e-01 +6.1869e-01 -4.0905e+00 +7.6858e-01 +4.2865e+00
457 0 +9.810080581e+01 -9.018991942e+02 -9.018991942e+02 -1.3444e+00 -3.6464e+00 +3.4626e+00 +3.7252e+00 -3.6312e+00 -1.2074e+00 +1.1809e+00 -3.8577e+00 -2.3478e+00 +4.7014e+00
466 0 +9.306100577e+01 -9.069389942e+02 -9.069389942e+02 -9.7148e-01 -3.4059e+00 +2.9138e+00 +2.4217e+00 -3.2653e+00 -9.2908e-01 +1.7883e+00 -3.7024e+00 +8.2000e-01 +3.2088e+00
512 0 +5.275487819e+01 -9.472451218e+02 -9.472451218e+02 -4.7238e-01 -3.5761e+00 +4.7025e+00 +3.0591e+00 -2.5578e+00 -1.0048e+00 +9.7006e-01 -4.0928e+00 -1.0157e+00 +3.8780e+00
672 0 +5.104535335e+01 -9.489546466e+02 -9.489546466e+02 -1.0263e+00 -3.1412e+00 +3.7782e+00 +1.8214e+00 -1.9134e+00 -8.8190e-01 +1.3734e+00 -4.7370e+00 -3.1630e-01 +3.6115e+00
752 0 +4.454975427e+01 -9.554502457e+02 -9.554502457e+02 -7.5117e-01 -4.0700e+00 +3.5606e+00 +4.5096e+00 -1.4190e+00 -8.8944e-01 +1.0921e+00 -3.5380e+00 -4.4044e-01 +3.8920e+00
802 0 +2.700575993e+01 -9.729942401e+02 -9.729942401e+02 +2.5947e-01 -3.3797e+00 +4.6211e+00 +4.5243e+00 -1.3568e+00 -2.6676e-01 +3.7175e-01 -3.7052e+00 -2.1955e-01 +4.1388e+00
928 0 +2.292837953e+01 -9.770716205e+02 -9.770716205e+02 +1.3308e-01 -2.7516e+00 +3.8696e+00 +4.7688e+00 -4.8808e-01 -1.0990e+00 +5.5024e-01 -4.1249e+00 -7.5992e-01 +3.9725e+00
973 0 +1.471478179e+01 -9.852852182e+02 -9.852852182e+02 +2.2433e-01 -3.2439e+00 +3.7471e+00 +4.6301e+00 -4.7359e-01 -2.2448e-01 +7.3452e-01 -3.9455e+00 -1.5318e+00 +3.2264e+00
1201 0 +1.239171724e+01 -9.876082828e+02 -9.876082828e+02 +3.1495e-01 -3.4609e+00 +3.6356e+00 +3.5803e+00 -6.4348e-01 -4.1385e-01 +5.1443e-01 -4.3441e+00 -9.0925e-01 +3.0916e+00
1251 0 +1.178794967e+01 -9.882120503e+02 -9.882120503e+02 +2.8109e-01 -3.1565e+00 +3.2520e+00 +2.8365e+00 -8.4738e-01 -1.0837e+00 -8.8796e-02 -4.0394e+00 -1.0395e+00 +2.9373e+00
1351 0 +1.014483173e+01 -9.898551683e+02 -9.898551683e+02 -3.4385e-01 -3.3449e+00 +3.4626e+00 +3.8189e+00 -7.6691e-01 -2.5074e-02 +6.4788e-02 -4.4927e+00 +2.2050e-02 +2.6544e+00
1357 0 +9.674787138e+00 -9.903252129e+02 -9.903252129e+02 +1.3517e-01 -3.6051e+00 +3.5749e+00 +3.5134e+00 -1.1667e+00 -3.6154e-01 -7.9821e-02 -4.9928e+00 -5.6150e-01 +2.7515e+00
1405 0 +7.700988430e+00 -9.922990116e+02 -9.922990116e+02 +3.1864e-01 -3.2009e+00 +3.0952e+00 +3.4645e+00 -6.8140e-01 -4.2066e-01 +5.3762e-01 -4.4492e+00 -7.1441e-01 +2.4190e+00
1407 0 +6.687279523e+00 -9.933127205e+02 -9.933127205e+02 +2.0715e-01 -3.6344e+00 +3.1565e+00 +3.6354e+00 -5.1207e-01 -8.6756e-01 +1.0998e-01 -4.7034e+00 -5.8316e-01 +2.2684e+00
1506 0 +6.500049835e+00 -9.934999502e+02 -9.934999502e+02 +5.0807e-02 -3.3000e+00 +3.3070e+00 +3.8882e+00 -4.3724e-01 -4.8994e-01 +4.2078e-01 -4.5914e+00 -7.3465e-01 +2.2727e+00
1611 0 +5.965931300e+00 -9.940340687e+02 -9.940340687e+02 +6.7481e-02 -3.4128e+00 +3.5650e+00 +3.4206e+00 -6.7913e-01 -9.6929e-02 -1.9919e-01 -4.9054e+00 -6.3956e-01 +2.5974e+00
1633 0 +5.515767409e+00 -9.944842326e+02 -9.944842326e+02 +1.8686e-01 -3.3195e+00 +3.3087e+00 +3.5542e+00 -5.8908e-01 -5.7981e-01 +3.1534e-02 -4.5466e+00 -9.2632e-01 +2.4901e+00
1753 0 +4.761777715e+00 -9.952382223e+02 -9.952382223e+02 +1.1544e-01 -3.0034e+00 +3.1927e+00 +3.5825e+00 -6.9542e-01 -3.8351e-01 -5.6985e-03 -4.7551e+00 -8.8437e-01 +2.4133e+00
1778 0 +4.382558803e+00 -9.956174412e+02 -9.956174412e+02 +3.9278e-02 -3.3937e+00 +3.0945e+00 +3.6277e+00 -1.0958e+00 -1.8006e-01 -3.2197e-01 -4.2441e+00 -1.2337e+00 +2.3816e+00
1801 0 +3.479770915e+00 -9.965202291e+02 -9.965202291e+02 +2.5627e-01 -3.2623e+00 +3.2203e+00 +3.5933e+00 -7.7481e-01 -3.6476e-01 -1.5643e-01 -4.3105e+00 -9.8842e-01 +2.2711e+00
1860 0 +3.025485309e+00 -9.969745147e+02 -9.969745147e+02 +4.2083e-02 -3.1941e+00 +3.2785e+00 +3.2738e+00 -1.0192e+00 -2.8774e-01 -4.3762e-01 -4.0541e+00 -1.1816e+00 +2.1903e+00
2006 0 +2.693152348e+00 -9.973068477e+02 -9.973068477e+02 -1.9970e-01 -3.1778e+00 +3.0626e+00 +3.2901e+00 -7.6105e-01 -8.5581e-02 -9.8172e-02 -4.2756e+00 -9.2232e-01 +1.8224e+00
2161 0 +2.559644685e+00 -9.974403553e+02 -9.974403553e+02 -4.4998e-02 -3.1440e+00 +3.1810e+00 +3.5711e+00 -7.4508e-01 -4.5063e-01 -5.2008e-01 -4.1131e+00 -7.5608e-01 +2.0559e+00
2206 0 +2.497550475e+00 -9.975024495e+02 -9.975024495e+02 -8.6636e-02 -3.3596e+00 +2.8865e+00 +3.2109e+00 -1.0933e+00 -2.0558e-01 -4.3483e-01 -4.2625e+00 -9.7942e-01 +1.8491e+00
2253 0 +2.380314057e+00 -9.976196859e+02 -9.976196859e+02 -1.3609e-01 -3.2916e+00 +3.0768e+00 +3.3824e+00 -7.2966e-01 -3.7192e-01 -5.3860e-01 -4.2706e+00 -1.0240e+00 +2.0260e+00
2312 0 +2.352932494e+00 -9.976470675e+02 -9.976470675e+02 -1.7066e-01 -3.4147e+00 +3.2227e+00 +3.5692e+00 -8.3609e-01 -2.9220e-01 -5.2906e-01 -4.2390e+00 -1.0135e+00 +1.9657e+00
2351 0 +2.153288335e+00 -9.978467117e+02 -9.978467117e+02 +7.4147e-03 -3.1242e+00 +2.9790e+00 +3.2302e+00 -8.0800e-01 -3.5382e-01 -4.4966e-01 -4.1652e+00 -1.0061e+00 +1.9419e+00
2355 0 +2.023372507e+00 -9.979766275e+02 -9.979766275e+02 -3.5808e-02 -3.3426e+00 +3.2507e+00 +3.5806e+00 -8.5587e-01 -4.2152e-01 -6.6860e-01 -3.9960e+00 -9.7360e-01 +1.9642e+00
2402 0 +1.644736408e+00 -9.983552636e+02 -9.983552636e+02 -1.8697e-01 -3.1712e+00 +2.8702e+00 +3.4239e+00 -7.6341e-01 -4.0430e-01 -5.0270e-01 -4.1656e+00 -1.1241e+00 +1.8515e+00
2403 0 +1.507093399e+00 -9.984929066e+02 -9.984929066e+02 -6.4767e-02 -3.2112e+00 +2.8289e+00 +3.4129e+00 -7.6259e-01 -4.0332e-01 -3.7301e-01 -4.1536e+00 -1.0480e+00 +1.7418e+00
2451 0 +1.385648106e+00 -9.986143519e+02 -9.986143519e+02 -9.8240e-02 -3.2294e+00 +2.9658e+00 +3.5538e+00 -7.9769e-01 -7.6616e-02 -5.5139e-01 -4.1168e+00 -1.0084e+00 +1.9185e+00
% f evaluations | g evaluations | best noise-free fitness - Fopt (1.319200000000e+02) + sum g_i+ | measured fitness | best measured fitness or single-digit g-values | x1 | x2...
1 0 +5.885807765e+05 +5.887126965e+05 +5.887126965e+05 +5.9671e-01 -3.8264e-02 +7.4769e-01 +1.6230e+00 -1.3415e-01 -1.3414e-01 +1.6792e+00 +8.6743e-01 -3.6947e-01 +6.4256e-01
2 0 +5.199055727e+05 +5.200374927e+05 +5.200374927e+05 -3.6342e-01 -3.6573e-01 +3.4196e-01 -1.8133e+00 -1.6249e+00 -4.6229e-01 -9.1283e-01 +4.1425e-01 -8.0802e-01 -1.3123e+00
5 0 +3.766513236e+05 +3.767832436e+05 +3.767832436e+05 +8.3847e-01 +2.7137e-01 -1.5648e-02 -2.0110e-01 -1.3785e+00 -6.1984e-01 -3.6064e-01 +1.1571e+00 +4.4362e-01 -1.6630e+00
8 0 +3.728570265e+05 +3.729889465e+05 +3.729889465e+05 +4.6140e-01 +1.6380e+00 +6.4174e-02 +1.6646e+00 -2.5197e+00 +9.2190e-01 +1.8705e-01 -1.9901e-01 +1.9176e-01 -1.8876e+00
39 0 +2.359326861e+05 +2.360646061e+05 +2.360646061e+05 -7.3972e-01 -4.9939e-01 -2.0239e+00 -4.2576e-01 -6.5913e-01 +2.5039e-01 +4.4176e-01 +1.9762e+00 +1.0504e+00 -4.7690e-01
55 0 +1.754464104e+05 +1.755783304e+05 +1.755783304e+05 -6.6257e-01 +1.8472e+00 -1.5060e+00 +1.5112e+00 -1.2021e+00 -3.3300e-01 -1.6261e+00 +3.0778e+00 +1.5149e+00 -1.2678e+00
60 0 +1.210743159e+05 +1.212062359e+05 +1.212062359e+05 -1.5853e+00 +4.5100e-01 -3.2971e+00 -1.7044e+00 -9.0615e-01 -1.1288e+00 -8.9898e-01 +2.4480e+00 -8.9743e-02 +1.2506e+00
101 0 +2.074913875e+04 +2.088105875e+04 +2.088105875e+04 -2.8730e+00 +1.8807e+00 -3.7829e+00 +1.0990e+00 -2.5100e+00 -1.8053e+00 -1.6182e+00 +3.7886e+00 -1.1685e+00 -1.8303e-01
303 0 +1.914498746e+04 +1.927690746e+04 +1.927690746e+04 -3.5529e+00 +2.4306e+00 -1.9906e+00 +1.0378e+00 -2.8567e+00 +1.4434e+00 -7.8005e-01 +4.1444e+00 -1.6051e+00 -1.1068e+00
304 0 +6.969051597e+03 +7.100971597e+03 +7.100971597e+03 -2.9165e+00 +3.2255e+00 -3.1512e+00 -5.2625e-01 -3.8659e+00 -1.4578e+00 -2.6088e+00 +3.1598e+00 -2.1029e+00 -7.6038e-02
365 0 +1.612778380e+03 +1.744698380e+03 +1.744698380e+03 -4.0046e+00 +2.4647e+00 -2.3318e+00 +3.1336e+00 -3.9573e+00 +2.0525e+00 -3.8233e+00 +4.8665e+00 -1.6646e+00 +1.3305e+00
482 0 +1.956221369e+02 +3.275421369e+02 +3.275421369e+02 -4.0463e+00 +9.8456e-01 -3.8372e+00 +1.1999e+00 -4.0599e+00 +2.3233e-01 -3.3431e+00 +3.6863e+00 -8.0974e-01 +2.2526e+00
514 0 +8.913060943e+01 +2.210506094e+02 +2.210506094e+02 -4.6184e+00 +2.8209e+00 -4.3728e+00 +3.6485e+00 -4.1442e+00 +5.4626e-01 -4.8347e+00 +4.1507e+00 -1.4423e-01 -3.8036e-01
553 0 +4.290969234e+01 +1.748296923e+02 +1.748296923e+02 -3.7550e+00 +2.5151e+00 -4.3390e+00 -2.6692e-01 -4.0635e+00 -4.8696e-01 -4.5740e+00 +3.6921e+00 -2.1376e+00 +9.2877e-01
554 0 +4.256308805e+01 +1.744830881e+02 +1.744830881e+02 -4.3169e+00 +2.2444e+00 -4.0650e+00 +3.4399e-02 -3.2817e+00 +9.7077e-01 -4.0806e+00 +4.7536e+00 -1.2751e+00 +1.9257e+00
603 0 +2.361704017e+01 +1.555370402e+02 +1.555370402e+02 -4.9904e+00 +1.7961e+00 -3.9469e+00 +1.1314e+00 -3.6561e+00 +1.4142e+00 -3.9115e+00 +4.9301e+00 -1.5377e+00 +2.2547e+00
801 0 +2.212376908e+01 +1.540437691e+02 +1.540437691e+02 -4.1012e+00 +2.3068e+00 -4.2383e+00 -1.5457e-01 -3.0249e+00 +5.8985e-01 -4.2039e+00 +4.1287e+00 -2.0333e+00 +1.8106e+00
906 0 +1.305508312e+01 +1.449750831e+02 +1.449750831e+02 -4.9278e+00 +2.1205e+00 -3.9661e+00 +2.2828e-01 -2.9918e+00 +8.6649e-01 -3.8090e+00 +4.0933e+00 -1.3284e+00 +2.1968e+00
1001 0 +1.212620435e+01 +1.440462043e+02 +1.440462043e+02 -4.4451e+00 +2.3963e+00 -4.1569e+00 -8.1138e-02 -2.6953e+00 +1.0822e+00 -3.9850e+00 +3.5145e+00 -1.1022e+00 +2.1486e+00
1151 0 +1.036724904e+01 +1.422872490e+02 +1.422872490e+02 -4.5628e+00 +2.0784e+00 -4.0083e+00 -3.3754e-01 -3.0034e+00 +1.2658e+00 -3.7665e+00 +3.3805e+00 -1.6384e+00 +2.3404e+00
1202 0 +7.652445807e+00 +1.395724458e+02 +1.395724458e+02 -4.1952e+00 +2.1333e+00 -4.2222e+00 -2.9449e-01 -2.5920e+00 +1.6028e+00 -3.9083e+00 +3.6009e+00 -1.3118e+00 +2.1629e+00
1321 0 +6.322940102e+00 +1.382429401e+02 +1.382429401e+02 -4.7807e+00 +2.0932e+00 -4.0190e+00 -3.4906e-01 -2.4595e+00 +1.4881e+00 -3.3667e+00 +3.5289e+00 -7.4867e-01 +2.2743e+00
1502 0 +6.305576680e+00 +1.382255767e+02 +1.382255767e+02 -4.6374e+00 +1.7038e+00 -4.1006e+00 +4.4456e-01 -2.5066e+00 +1.6015e+00 -3.3120e+00 +3.7216e+00 -1.0946e+00 +2.4434e+00
1505 0 +5.886468877e+00 +1.378064689e+02 +1.378064689e+02 -4.6207e+00 +1.9235e+00 -4.0210e+00 +3.2296e-03 -2.4836e+00 +1.6018e+00 -3.5201e+00 +3.6074e+00 -1.6073e+00 +2.3242e+00
1552 0 +4.089690580e+00 +1.360096906e+02 +1.360096906e+02 -4.6773e+00 +1.7595e+00 -3.7935e+00 +1.3200e-01 -2.4162e+00 +1.9497e+00 -3.5019e+00 +3.5460e+00 -1.3392e+00 +2.4043e+00
1762 0 +3.531065225e+00 +1.354510652e+02 +1.354510652e+02 -4.7684e+00 +1.9313e+00 -4.0057e+00 +6.9422e-02 -2.2939e+00 +2.1161e+00 -3.5020e+00 +3.5424e+00 -1.2873e+00 +2.6175e+00
1763 0 +3.396871764e+00 +1.353168718e+02 +1.353168718e+02 -4.5353e+00 +1.9406e+00 -3.8742e+00 +1.2657e-01 -2.2005e+00 +2.2639e+00 -3.6740e+00 +3.7307e+00 -1.5000e+00 +2.5522e+00
1801 0 +2.445814982e+00 +1.343658150e+02 +1.343658150e+02 -4.6919e+00 +1.9080e+00 -3.7541e+00 +8.5469e-02 -2.1459e+00 +2.4314e+00 -3.3453e+00 +3.6877e+00 -1.6281e+00 +2.6152e+00
1855 0 +2.314722446e+00 +1.342347224e+02 +1.342347224e+02 -4.2057e+00 +1.8077e+00 -3.6193e+00 +5.0292e-02 -2.0174e+00 +2.6061e+00 -3.5864e+00 +4.0108e+00 -1.6028e+00 +2.8219e+00
2101 0 +2.122356962e+00 +1.340423570e+02 +1.340423570e+02 -4.6760e+00 +1.8994e+00 -3.7940e+00 +7.1138e-02 -1.9020e+00 +2.3143e+00 -3.3841e+00 +3.6403e+00 -1.0013e+00 +2.6236e+00
2265 0 +2.045025172e+00 +1.339650252e+02 +1.339650252e+02 -4.5174e+00 +1.9147e+00 -3.7524e+00 -2.1491e-01 -1.9443e+00 +2.1572e+00 -3.4666e+00 +3.8234e+00 -1.3945e+00 +2.6420e+00
2304 0 +1.426482560e+00 +1.333464826e+02 +1.333464826e+02 -4.4476e+00 +2.0466e+00 -3.7115e+00 -1.5569e-01 -1.9913e+00 +2.3839e+00 -3.2854e+00 +3.6430e+00 -1.2215e+00 +2.5768e+00
2351 0 +1.393814539e+00 +1.333138145e+02 +1.333138145e+02 -4.3505e+00 +2.0754e+00 -3.9472e+00 -8.8899e-02 -1.7679e+00 +2.5236e+00 -3.4238e+00 +3.6364e+00 -1.2442e+00 +2.6187e+00
2402 0 +1.371014983e+00 +1.332910150e+02 +1.332910150e+02 -4.4353e+00 +1.8559e+00 -3.9258e+00 -1.7464e-01 -1.8111e+00 +2.3814e+00 -3.4393e+00 +3.6241e+00 -1.1388e+00 +2.6600e+00
2403 0 +1.189205639e+00 +1.331092056e+02 +1.331092056e+02 -4.4247e+00 +2.0881e+00 -3.7899e+00 -2.8520e-01 -1.7944e+00 +2.3192e+00 -3.2764e+00 +3.7221e+00 -1.3100e+00 +2.6139e+00
% f evaluations | g evaluations | best noise-free fitness - Fopt (5.908400000000e+02) + sum g_i+ | measured fitness | best measured fitness or single-digit g-values | x1 | x2...
1 0 +7.245945316e+03 +7.836785316e+03 +7.836785316e+03 +5.9671e-01 -3.8264e-02 +7.4769e-01 +1.6230e+00 -1.3415e-01 -1.3414e-01 +1.6792e+00 +8.6743e-01 -3.6947e-01 +6.4256e-01
11 0 +1.374302282e+02 +7.282702282e+02 +7.282702282e+02 -1.3154e+00 -3.2065e-01 -2.4271e-01 -7.0228e-01 -6.1286e-02 +5.0405e-01 +1.9862e+00 +2.7458e-01 +3.5755e-01 +2.5554e-02
30 0 +1.218067021e+02 +7.126467021e+02 +7.126467021e+02 -1.0812e-01 -3.9300e-01 -4.8936e-01 +9.4960e-01 +4.5702e-01 -5.9291e-01 +9.9960e-01 +4.0730e-01 +9.1286e-01 +7.2963e-01
33 0 +1.179064277e+02 +7.087464277e+02 +7.087464277e+02 +1.9700e-01 +6.9516e-01 -7.1822e-01 +2.1924e+00 -9.0602e-01 -1.1142e+00 +1.2581e+00 +8.9166e-01 +7.2412e-01 +7.2835e-01
284 0 +1.019623330e+02 +6.928023330e+02 +6.928023330e+02 +4.1078e-01 +7.8043e-01 -2.2582e+00 -9.1510e-01 -6.1657e-02 -1.1134e+00 +1.8628e+00 +1.0013e+00 +3.6981e+00 -4.9939e-01
351 0 +6.667428234e+01 +6.575142823e+02 +6.575142823e+02 +3.1784e-01 -1.1127e+00 -2.5559e+00 +1.4224e-01 -2.8300e-01 -2.9468e-01 +2.6205e+00 +5.7859e-01 +1.5846e+00 +4.6873e-01
651 0 +6.242104175e+01 +6.532610418e+02 +6.532610418e+02 -1.3669e+00 -8.4623e-01 -2.6664e+00 -3.7547e-01 -1.2593e+00 +5.5104e-01 +3.6336e+00 +1.8709e+00 +2.7769e+00 -2.4448e+00
707 0 +4.232218078e+01 +6.331621808e+02 +6.331621808e+02 +2.7059e-01 -1.2912e+00 -2.1682e+00 +5.7190e-01 -1.4237e+00 -6.4870e-01 +2.0558e+00 +7.7654e-01 +3.0646e+00 -2.3213e+00
751 0 +3.880442216e+01 +6.296444222e+02 +6.296444222e+02 -8.9902e-01 -5.2498e-01 -3.9233e+00 -1.4298e+00 -1.8254e+00 +8.3502e-01 +3.5272e+00 +5.6501e-01 +3.6324e+00 -3.3369e+00
759 0 +3.645837411e+01 +6.272983741e+02 +6.272983741e+02 -8.0139e-01 -3.3332e+00 -2.5434e+00 -1.4714e+00 -1.0139e+00 +1.2718e+00 +4.3501e+00 +1.3699e+00 +4.8135e+00 -2.6398e+00
808 0 +2.664157877e+01 +6.174815788e+02 +6.174815788e+02 -1.8473e-02 -1.2963e+00 -2.8181e+00 -6.8565e-01 -7.9832e-01 +2.4975e-01 +2.8716e+00 -4.1149e-02 +3.9866e+00 -1.9950e+00
1001 0 +2.310303194e+01 +6.139430319e+02 +6.139430319e+02 +2.3136e-02 -1.8863e+00 -2.8167e+00 -5.5663e-01 -7.8619e-01 +1.2453e+00 +2.7065e+00 +9.8552e-01 +3.4103e+00 -2.0632e+00
1101 0 +1.785050583e+01 +6.086905058e+02 +6.086905058e+02 +1.1708e+00 -2.5894e+00 -2.7060e+00 -4.6047e-01 -1.2433e+00 +3.1083e-01 +3.0644e+00 +7.3198e-01 +3.5763e+00 -2.2921e+00
1102 0 +1.539272773e+01 +6.062327277e+02 +6.062327277e+02 +8.7432e-01 -1.6568e+00 -2.9326e+00 -4.7818e-01 -5.9146e-01 +9.7390e-01 +3.0190e+00 +3.8636e-01 +4.0839e+00 -1.9979e+00
1253 0 +1.232202313e+01 +6.031620231e+02 +6.031620231e+02 +4.6664e-01 -2.8139e+00 -3.9692e+00 -1.0058e+00 -1.2459e+00 +2.3519e-01 +2.9779e+00 +4.0410e-01 +3.3881e+00 -2.4375e+00
1301 0 +1.222151223e+01 +6.030615122e+02 +6.030615122e+02 +4.5433e-01 -2.6272e+00 -3.8945e+00 -8.5031e-01 -8.7920e-01 +2.4427e-01 +2.9546e+00 -3.5237e-02 +4.0873e+00 -2.7081e+00
1454 0 +1.182869601e+01 +6.026686960e+02 +6.026686960e+02 +9.2994e-01 -2.1757e+00 -3.5503e+00 -1.0471e+00 -7.1085e-01 +2.9653e-01 +2.9407e+00 +1.8500e-01 +3.8278e+00 -2.6796e+00
1508 0 +1.175574146e+01 +6.025957415e+02 +6.025957415e+02 +6.4302e-01 -2.9686e+00 -3.8982e+00 -7.8366e-01 -8.7026e-01 +4.5199e-01 +2.8627e+00 +5.1824e-01 +3.7887e+00 -2.2309e+00
1551 0 +1.143567121e+01 +6.022756712e+02 +6.022756712e+02 +8.0955e-01 -2.6956e+00 -3.3847e+00 -5.2593e-01 -9.2846e-01 +2.1445e-01 +2.8880e+00 +7.4613e-02 +3.6237e+00 -2.0470e+00
1561 0 +9.586948496e+00 +6.004269485e+02 +6.004269485e+02 +1.0100e+00 -2.6312e+00 -3.8805e+00 -7.6143e-01 -1.1879e+00 -1.3242e-01 +2.3848e+00 +1.2017e-01 +3.1839e+00 -2.6115e+00
1670 0 +7.532647214e+00 +5.983726472e+02 +5.983726472e+02 +7.0024e-01 -2.8337e+00 -3.7649e+00 -6.0743e-01 -5.4930e-01 +3.5539e-01 +2.8720e+00 +9.9124e-02 +3.4415e+00 -2.8044e+00
1703 0 +6.401701392e+00 +5.972417014e+02 +5.972417014e+02 +9.2266e-01 -2.6582e+00 -3.9371e+00 -7.3011e-01 -3.0234e-01 +4.4328e-01 +2.6518e+00 +4.1418e-02 +3.3260e+00 -2.6070e+00
1770 0 +4.715152061e+00 +5.955551521e+02 +5.955551521e+02 +7.2500e-01 -2.8531e+00 -3.5638e+00 -8.9772e-01 -1.7834e-01 +8.9958e-01 +3.2223e+00 -2.7781e-01 +3.4992e+00 -2.4172e+00
1853 0 +4.656621240e+00 +5.954966212e+02 +5.954966212e+02 +7.2702e-01 -2.9670e+00 -3.5174e+00 -8.6191e-01 -3.4946e-01 +8.1798e-01 +2.8177e+00 -3.4355e-02 +3.3927e+00 -2.1796e+00
1901 0 +3.793268743e+00 +5.946332687e+02 +5.946332687e+02 +7.0686e-01 -3.0252e+00 -3.6175e+00 -9.4932e-01 -3.2940e-01 +8.2259e-01 +3.0503e+00 -3.0952e-01 +3.1361e+00 -2.5215e+00
2002 0 +3.386618627e+00 +5.942266186e+02 +5.942266186e+02 +1.1739e+00 -2.7762e+00 -3.5377e+00 -1.2426e+00 -2.5683e-01 +8.3320e-01 +3.0336e+00 -2.5085e-01 +3.4651e+00 -2.0465e+00
2101 0 +2.322454423e+00 +5.931624544e+02 +5.931624544e+02 +9.6054e-01 -2.9522e+00 -3.1469e+00 -1.1248e+00 -1.9292e-01 +9.5113e-01 +2.6960e+00 -4.9476e-01 +2.8469e+00 -2.2111e+00
2171 0 +1.673413606e+00 +5.925134136e+02 +5.925134136e+02 +1.0550e+00 -3.0411e+00 -3.6927e+00 -9.6972e-01 -2.6232e-01 +8.1638e-01 +2.5715e+00 -3.2801e-01 +3.2348e+00 -2.1691e+00
2352 0 +1.417910955e+00 +5.922579110e+02 +5.922579110e+02 +1.0415e+00 -3.1381e+00 -3.6129e+00 -8.6308e-01 -4.9553e-01 +7.4060e-01 +2.6028e+00 -4.3297e-01 +3.2455e+00 -2.1457e+00
2452 0 +1.385046460e+00 +5.922250465e+02 +5.922250465e+02 +1.3263e+00 -2.8580e+00 -3.4440e+00 -1.0621e+00 -4.6754e-01 +5.9783e-01 +2.5249e+00 -5.0154e-01 +3.0147e+00 -2.1574e+00
2453 0 +1.362400186e+00 +5.922024002e+02 +5.922024002e+02 +1.2245e+00 -2.9210e+00 -3.3113e+00 -1.1455e+00 -5.1681e-01 +7.1815e-01 +2.3847e+00 -5.6526e-01 +2.9796e+00 -1.9374e+00
% f evaluations | g evaluations | best noise-free fitness - Fopt (6.749000000000e+01) + sum g_i+ | measured fitness | best measured fitness or single-digit g-values | x1 | x2...
1 0 +1.379411307e+05 +1.380086207e+05 +1.380086207e+05 +5.9671e-01 -3.8264e-02 +7.4769e-01 +1.6230e+00 -1.3415e-01 -1.3414e-01 +1.6792e+00 +8.6743e-01 -3.6947e-01 +6.4256e-01
12 0 +8.747920287e+04 +8.754669287e+04 +8.754669287e+04 -1.8188e+00 +7.3486e-02 +1.6023e-01 +2.5632e+00 -9.2361e-02 +4.0155e-01 +6.5288e-02 -1.0687e+00 +1.2428e+00 +8.5193e-01
21 0 +6.523583802e+04 +6.530332802e+04 +6.530332802e+04 +4.5779e-01 +6.6078e-01 +1.1831e+00 +1.1538e+00 -1.2777e+00 -8.3783e-01 +6.1504e-01 +6.1379e-01 +6.1505e-01 +3.9527e+00
53 0 +6.064230905e+04 +6.070979905e+04 +6.070979905e+04 -2.4328e+00 +4.6218e-01 +4.2151e-02 +2.7582e+00 +2.5148e+00 -7.2272e-01 +3.4195e-01 +3.5016e-01 +2.6446e+00 +2.0977e+00
57 0 +3.382438847e+04 +3.389187847e+04 +3.389187847e+04 -7.0065e-01 -1.1352e+00 +1.2460e-01 +1.4585e+00 +2.8605e-01 +2.8312e-01 +1.9607e+00 +5.6497e-01 +2.1045e+00 +2.2097e+00
58 0 +1.822985139e+04 +1.829734139e+04 +1.829734139e+04 -7.5653e-01 +1.0879e+00 +9.3840e-01 +1.7635e+00 +7.2872e-01 -8.1593e-01 +2.0933e+00 -6.1134e-01 +1.0346e+00 +3.4081e+00
59 0 +6.424066207e+03 +6.491556207e+03 +6.491556207e+03 -2.7904e-01 -1.1453e+00 +1.3651e+00 +7.4131e-01 +4.9621e-01 -2.5116e+00 +2.3829e+00 -1.5377e+00 +1.6275e+00 +3.5443e+00
75 0 +3.662157841e+03 +3.729647841e+03 +3.729647841e+03 +1.7524e-01 +6.2864e-01 +5.1747e-01 +2.1281e+00 -1.1636e-01 -1.7568e+00 +3.9457e+00 -7.1284e-04 +1.3408e+00 +3.7818e+00
126 0 +1.937398423e+03 +2.004888423e+03 +2.004888423e+03 -2.6892e+00 -1.1220e+00 -1.2018e+00 +1.4375e+00 +4.5824e-01 +5.6084e-01 +3.0122e+00 -1.5612e+00 +3.5104e+00 +2.0705e+00
131 0 +1.891338991e+03 +1.958828991e+03 +1.958828991e+03 -7.3983e-01 -2.7445e+00 -7.3961e-01 +4.8439e+00 +1.2740e+00 -1.9243e+00 +2.5415e+00 -2.1839e+00 +3.9561e+00 +3.7069e+00
203 0 +2.112533361e+02 +2.787433361e+02 +2.787433361e+02 -2.1813e+00 -3.2500e-01 -1.0211e-01 +2.2282e+00 -8.4629e-01 -2.0242e+00 +4.5472e+00 -4.5801e+00 +2.2687e+00 +4.7902e+00
256 0 +5.775026117e+01 +1.252402612e+02 +1.252402612e+02 +5.0047e-01 +4.8245e-01 -1.1708e+00 +5.1085e-01 +1.7370e-01 -9.5783e-02 +4.5134e+00 -4.1428e+00 +3.6811e+00 +3.0371e+00
511 0 +5.687269120e+01 +1.243626912e+02 +1.243626912e+02 -1.1223e+00 -7.9120e-01 -5.8715e-01 +1.9034e+00 -2.9100e-04 -1.2484e+00 +3.6233e+00 -3.2213e+00 +2.9858e+00 +2.9330e+00
551 0 +4.418889691e+01 +1.116788969e+02 +1.116788969e+02 -1.2767e-01 -1.1508e+00 -5.5784e-01 +2.4702e-02 +1.7870e+00 -1.7682e+00 +4.5099e+00 -4.0796e+00 +3.9956e+00 +3.6006e+00
577 0 +4.372238884e+01 +1.112123888e+02 +1.112123888e+02 -1.1471e+00 -9.9858e-01 -5.1735e-01 +1.0772e+00 +1.4426e-02 -2.5385e-01 +2.9562e+00 -3.0341e+00 +3.1890e+00 +2.1599e+00
617 0 +4.345395182e+01 +1.109439518e+02 +1.109439518e+02 -1.1587e+00 -9.8199e-01 -6.7949e-01 +3.3321e+00 +2.0800e+00 -1.0378e+00 +3.0350e+00 -3.7416e+00 +3.4667e+00 +1.0418e+00
620 0 +4.230608268e+01 +1.097960827e+02 +1.097960827e+02 -6.1795e-01 -5.8515e-01 -1.5482e+00 +1.3151e+00 +2.2490e+00 -1.9171e+00 +3.9858e+00 -2.4778e+00 +2.0780e+00 +1.7226e+00
704 0 +3.823819045e+01 +1.057281905e+02 +1.057281905e+02 -1.4696e+00 -7.7573e-01 -1.0466e+00 +5.5594e-01 +1.8747e+00 -1.5711e+00 +3.8141e+00 -3.5220e+00 +3.0676e+00 +2.6562e+00
756 0 +2.543587158e+01 +9.292587158e+01 +9.292587158e+01 -7.1083e-02 -1.1466e+00 +8.2659e-02 +1.0614e+00 +1.5925e+00 -1.6408e+00 +3.9083e+00 -3.1989e+00 +2.4026e+00 +1.2171e+00
801 0 +2.396712380e+01 +9.145712380e+01 +9.145712380e+01 -1.1714e+00 -4.9670e-01 -2.1117e-01 +9.2508e-01 +1.9325e+00 -2.5200e-01 +3.9962e+00 -3.4919e+00 +4.9693e+00 +1.3546e+00
989 0 +2.292949039e+01 +9.041949039e+01 +9.041949039e+01 -6.8013e-01 -1.1477e+00 +6.0017e-01 +2.1515e-01 +1.9231e+00 -1.2443e+00 +3.5363e+00 -3.9170e+00 +4.0479e+00 +1.8432e+00
1001 0 +2.181917392e+01 +8.930917392e+01 +8.930917392e+01 -8.2779e-01 -9.0036e-01 +1.6307e-01 +4.9019e-01 +2.0412e+00 -6.0342e-01 +3.7469e+00 -3.3388e+00 +3.8687e+00 +2.0716e+00
1007 0 +1.928890684e+01 +8.677890684e+01 +8.677890684e+01 -4.7906e-01 -6.5859e-01 -2.7066e-01 +8.5931e-01 +1.7121e+00 -7.3316e-01 +2.7214e+00 -3.5294e+00 +3.9590e+00 +1.5470e+00
1053 0 +1.773309374e+01 +8.522309374e+01 +8.522309374e+01 -7.2927e-01 -4.8573e-01 +1.5093e-02 +2.8967e-01 +1.8367e+00 -9.9350e-01 +3.1372e+00 -3.7289e+00 +3.8698e+00 +1.3400e+00
1151 0 +1.201863703e+01 +7.950863703e+01 +7.950863703e+01 -8.2776e-01 -8.2523e-01 +8.5727e-02 +8.6057e-01 +2.1861e+00 -1.4628e-01 +2.8432e+00 -3.5966e+00 +3.6246e+00 +1.4411e+00
1212 0 +1.086614667e+01 +7.835614667e+01 +7.835614667e+01 -1.1354e+00 -1.5808e+00 +6.0322e-02 +1.2919e-02 +2.4004e+00 +1.4743e-01 +2.5677e+00 -3.3101e+00 +4.2510e+00 +1.2430e+00
1433 0 +9.578532984e+00 +7.706853298e+01 +7.706853298e+01 -7.4264e-01 -1.5576e+00 +3.0343e-01 +2.3181e-01 +2.3233e+00 -2.2687e-01 +2.8030e+00 -3.6955e+00 +3.4726e+00 +1.0946e+00
1434 0 +8.452403755e+00 +7.594240375e+01 +7.594240375e+01 -6.5871e-01 -1.2337e+00 +1.5999e-01 +4.1712e-01 +2.7656e+00 -3.5717e-01 +3.0775e+00 -3.5925e+00 +3.5506e+00 +1.3358e+00
1444 0 +7.024346372e+00 +7.451434637e+01 +7.451434637e+01 -6.7517e-01 -9.5397e-01 +3.7494e-01 +1.1661e-01 +2.4393e+00 -1.6100e-01 +2.8472e+00 -3.8141e+00 +4.0087e+00 +1.1585e+00
1553 0 +6.843002160e+00 +7.433300216e+01 +7.433300216e+01 -4.2341e-01 -1.4336e+00 +4.1651e-01 +1.8301e-01 +2.5625e+00 -2.9280e-01 +2.7925e+00 -3.8061e+00 +3.7202e+00 +8.0818e-01
1554 0 +5.903586530e+00 +7.339358653e+01 +7.339358653e+01 -9.6059e-01 -8.6213e-01 +2.6481e-02 +4.4827e-01 +2.9540e+00 +5.2035e-02 +2.9501e+00 -3.7483e+00 +3.9543e+00 +9.7369e-01
1703 0 +5.642170819e+00 +7.313217082e+01 +7.313217082e+01 -6.1464e-01 -1.6007e+00 -1.9473e-01 +6.5560e-02 +2.9077e+00 -1.4333e-01 +2.6810e+00 -3.4763e+00 +3.9326e+00 +3.4448e-01
1754 0 +5.468359368e+00 +7.295835937e+01 +7.295835937e+01 -6.3444e-01 -1.5964e+00 +1.8383e-01 +5.4590e-01 +3.0574e+00 -2.2327e-01 +2.8272e+00 -3.1903e+00 +3.5482e+00 +6.6041e-01
1798 0 +4.325475964e+00 +7.181547596e+01 +7.181547596e+01 -1.1304e+00 -8.4188e-01 -1.7940e-01 +7.1242e-01 +3.3658e+00 +1.4241e-01 +2.4860e+00 -3.4048e+00 +4.1782e+00 +5.5976e-01
1829 0 +3.126506839e+00 +7.061650684e+01 +7.061650684e+01 -9.7171e-01 -9.4558e-01 +2.8582e-01 +7.9110e-01 +3.1632e+00 +2.0599e-02 +2.4024e+00 -3.3208e+00 +3.7489e+00 +5.2389e-01
1833 0 +2.811547673e+00 +7.030154767e+01 +7.030154767e+01 -6.8973e-01 -1.3977e+00 +1.4357e-01 +1.9066e-01 +3.2979e+00 -1.2089e-02 +2.5687e+00 -3.3104e+00 +3.9502e+00 +5.2878e-01
1960 0 +2.523759160e+00 +7.001375916e+01 +7.001375916e+01 -7.8218e-01 -1.1011e+00 +6.4843e-01 +2.8333e-01 +2.9325e+00 +1.7928e-01 +2.1974e+00 -3.4007e+00 +3.9044e+00 +8.0825e-01
2004 0 +2.461027731e+00 +6.995102773e+01 +6.995102773e+01 -6.7037e-01 -1.2606e+00 +5.7343e-01 +3.4097e-01 +3.1047e+00 -2.3878e-02 +2.1936e+00 -3.3538e+00 +4.1564e+00 +6.1297e-01
2151 0 +1.725073012e+00 +6.921507301e+01 +6.921507301e+01 -5.3908e-01 -8.1447e-01 +7.3138e-01 +3.4479e-01 +3.0780e+00 +3.5927e-02 +2.1755e+00 -3.3925e+00 +3.9536e+00 +4.7851e-01
2302 0 +1.448950021e+00 +6.893895002e+01 +6.893895002e+01 -7.3391e-01 -1.0045e+00 +6.1429e-01 +4.3000e-01 +3.0748e+00 +2.1340e-01 +2.1379e+00 -3.3760e+00 +3.9123e+00 +6.1519e-01
2314 0 +1.404281071e+00 +6.889428107e+01 +6.889428107e+01 -7.6089e-01 -1.1161e+00 +5.0118e-01 +4.9719e-01 +3.2737e+00 +1.4191e-01 +2.3954e+00 -3.2949e+00 +3.5433e+00 +4.0550e-01
2352 0 +9.888965304e-01 +6.847889653e+01 +6.847889653e+01 -8.1023e-01 -1.0470e+00 +5.7459e-01 +3.6124e-01 +3.2575e+00 +2.1659e-01 +2.1701e+00 -3.2267e+00 +3.8770e+00 +3.8760e-01
% f evaluations | g evaluations | best noise-free fitness - Fopt (3.085000000000e+01) + sum g_i+ | measured fitness | best measured fitness or single-digit g-values | x1 | x2...
1 0 +3.157382535e+05 +3.157691035e+05 +3.157691035e+05 +5.9671e-01 -3.8264e-02 +7.4769e-01 +1.6230e+00 -1.3415e-01 -1.3414e-01 +1.6792e+00 +8.6743e-01 -3.6947e-01 +6.4256e-01
2 0 +1.188176023e+05 +1.188484523e+05 +1.188484523e+05 -3.6342e-01 -3.6573e-01 +3.4196e-01 -1.8133e+00 -1.6249e+00 -4.6229e-01 -9.1283e-01 +4.1425e-01 -8.0802e-01 -1.3123e+00
5 0 +1.158634390e+05 +1.158942890e+05 +1.158942890e+05 +8.3847e-01 +2.7137e-01 -1.5648e-02 -2.0110e-01 -1.3785e+00 -6.1984e-01 -3.6064e-01 +1.1571e+00 +4.4362e-01 -1.6630e+00
52 0 +6.548514072e+04 +6.551599072e+04 +6.551599072e+04 +2.5749e+00 -9.2213e-01 +1.2833e+00 -1.1721e+00 -6.3160e-01 -5.5236e-01 -1.3084e+00 +1.2787e+00 +7.1439e-02 -2.4511e+00
98 0 +6.322298133e+04 +6.325383133e+04 +6.325383133e+04 +4.2930e-01 -1.5878e-01 -1.1670e+00 -1.4910e+00 +4.3593e-01 +5.1422e-01 -4.3314e-01 +4.3061e-01 -8.5598e-01 -2.2160e+00
102 0 +5.137572822e+04 +5.140657822e+04 +5.140657822e+04 +4.4302e+00 -1.3155e+00 -1.0230e+00 -4.1051e-01 +7.6985e-01 -2.6882e+00 -3.4333e+00 +2.3452e+00 +4.0510e-01 -3.7993e+00
105 0 +3.791633988e+04 +3.794718988e+04 +3.794718988e+04 +1.4892e+00 -9.3608e-01 -1.4279e+00 -4.7301e+00 -3.8428e-01 -6.8189e-01 +5.8233e-01 +1.4672e+00 -3.1030e+00 -4.7210e+00
122 0 +3.221441880e+04 +3.224526880e+04 +3.224526880e+04 +1.5914e+00 -2.6338e+00 -1.1678e+00 -1.4236e+00 +3.9830e+00 +7.6784e-01 -2.8712e+00 +3.4229e+00 -3.5833e-01 -4.2845e+00
153 0 +1.875138814e+04 +1.878223814e+04 +1.878223814e+04 +3.3269e+00 -1.7297e+00 -2.6384e+00 -2.8369e+00 +4.0543e+00 +3.1619e+00 -2.1904e+00 +2.4800e+00 -3.4086e+00 -4.0729e+00
202 0 +4.711028651e+02 +5.019528651e+02 +5.019528651e+02 +2.4232e+00 -3.4735e+00 -1.7328e+00 -1.6482e+00 +2.8927e+00 -7.8347e-01 -3.5864e+00 +3.7215e+00 -1.4618e+00 -3.4822e+00
253 0 +2.100252385e+02 +2.408752385e+02 +2.408752385e+02 +1.3650e+00 +1.0525e+00 -3.0832e+00 -2.2529e+00 +2.6540e+00 -2.2545e+00 -4.0320e+00 +3.0059e+00 +6.6514e-01 -4.8680e+00
402 0 +1.103637325e+02 +1.412137325e+02 +1.412137325e+02 +1.0930e+00 -1.2422e+00 -2.3211e+00 -3.1623e+00 +3.0483e+00 -1.2123e+00 -4.1184e+00 +3.1616e+00 -9.1911e-01 -4.8330e+00
539 0 +9.225531318e+01 +1.231053132e+02 +1.231053132e+02 +1.1128e+00 -2.3862e+00 -3.9924e+00 -2.4768e+00 +3.7837e+00 +4.7838e-01 -4.1062e+00 +3.2141e+00 -2.9523e+00 -4.6120e+00
548 0 +7.865562054e+01 +1.095056205e+02 +1.095056205e+02 -1.0688e+00 +3.6818e-01 -2.7880e+00 -3.3942e+00 +1.8984e+00 +9.0829e-02 -3.3125e+00 +2.4027e+00 -2.4110e+00 -3.6696e+00
554 0 +4.939875395e+01 +8.024875395e+01 +8.024875395e+01 +1.4270e+00 -2.5119e+00 -2.0408e+00 -2.6671e+00 +3.3445e+00 +1.0778e+00 -3.3809e+00 +2.6726e+00 -2.8431e+00 -4.0989e+00
619 0 +2.802091928e+01 +5.887091928e+01 +5.887091928e+01 +2.9661e+00 -4.2707e+00 -1.6932e+00 -2.8102e+00 +2.9109e+00 +6.6407e-01 -2.5211e+00 +2.4999e+00 -1.9195e+00 -3.7825e+00
901 0 +2.224356497e+01 +5.309356497e+01 +5.309356497e+01 +3.3118e+00 -3.7393e+00 -6.4842e-01 -2.4315e+00 +1.8902e+00 +1.4205e+00 -1.5544e+00 +3.4927e+00 -2.1992e+00 -4.5086e+00
1054 0 +2.068743776e+01 +5.153743776e+01 +5.153743776e+01 +2.6776e+00 -4.1064e+00 -1.5323e+00 -2.7347e+00 +2.2860e+00 +1.1811e+00 -1.6812e+00 +2.5619e+00 -2.0992e+00 -4.0742e+00
1150 0 +2.057344632e+01 +5.142344632e+01 +5.142344632e+01 +2.5215e+00 -4.6149e+00 -1.6837e+00 -2.3911e+00 +3.1647e+00 +1.1630e+00 -2.0017e+00 +1.6272e+00 -2.3581e+00 -3.3963e+00
1254 0 +1.972765601e+01 +5.057765601e+01 +5.057765601e+01 +2.6180e+00 -2.9488e+00 -5.2550e-01 -2.7001e+00 +3.0551e+00 +1.3091e+00 -1.1918e+00 +3.6350e+00 -2.2079e+00 -4.1143e+00
1256 0 +1.434769690e+01 +4.519769690e+01 +4.519769690e+01 +2.9081e+00 -4.5490e+00 -1.4720e+00 -1.8687e+00 +3.4978e+00 +1.4120e+00 -8.1056e-01 +3.1469e+00 -2.9587e+00 -3.7833e+00
1355 0 +1.249479506e+01 +4.334479506e+01 +4.334479506e+01 +3.0361e+00 -4.1138e+00 -4.2614e-01 -2.6731e+00 +1.9527e+00 +1.1266e+00 -8.3996e-01 +2.5121e+00 -2.1654e+00 -4.4347e+00
1404 0 +1.248413261e+01 +4.333413261e+01 +4.333413261e+01 +3.1265e+00 -3.1958e+00 -4.4103e-01 -2.6447e+00 +1.8667e+00 +1.5902e+00 -6.8493e-01 +2.9303e+00 -1.1978e+00 -4.3986e+00
1452 0 +1.031686377e+01 +4.116686377e+01 +4.116686377e+01 +3.2802e+00 -4.3517e+00 -3.6865e-01 -2.1368e+00 +1.7065e+00 +1.5278e+00 -8.5117e-01 +2.7629e+00 -1.9890e+00 -4.1693e+00
1459 0 +9.042872140e+00 +3.989287214e+01 +3.989287214e+01 +3.0045e+00 -3.7911e+00 -9.4632e-01 -2.4114e+00 +2.5123e+00 +4.5521e-01 -4.5787e-01 +2.6072e+00 -2.2108e+00 -3.5588e+00
1552 0 +7.666591745e+00 +3.851659175e+01 +3.851659175e+01 +3.2368e+00 -3.3536e+00 -8.5248e-01 -2.5714e+00 +2.2712e+00 +8.8155e-01 -4.9070e-01 +2.5850e+00 -1.7242e+00 -3.8990e+00
1555 0 +6.668575223e+00 +3.751857522e+01 +3.751857522e+01 +2.7435e+00 -2.9420e+00 -5.8887e-01 -2.5096e+00 +2.2267e+00 +1.4087e+00 -7.1102e-01 +2.5895e+00 -1.8161e+00 -3.5530e+00
1801 0 +5.614884828e+00 +3.646488483e+01 +3.646488483e+01 +3.0963e+00 -4.1647e+00 -6.8411e-01 -2.1857e+00 +2.1744e+00 +1.0443e+00 -9.0364e-01 +2.5033e+00 -2.0837e+00 -3.4195e+00
1812 0 +5.276025261e+00 +3.612602526e+01 +3.612602526e+01 +3.0346e+00 -3.4652e+00 -6.0501e-01 -1.9528e+00 +2.3043e+00 +9.9224e-01 -9.7470e-01 +2.6684e+00 -1.9899e+00 -3.1725e+00
1869 0 +5.038211295e+00 +3.588821129e+01 +3.588821129e+01 +2.7613e+00 -3.8286e+00 -4.9306e-01 -2.6735e+00 +2.6273e+00 +1.1254e+00 -5.9990e-01 +1.9959e+00 -1.8534e+00 -3.4809e+00
1904 0 +4.582877429e+00 +3.543287743e+01 +3.543287743e+01 +2.4136e+00 -3.5427e+00 -3.6541e-01 -2.2547e+00 +2.4334e+00 +1.2351e+00 -5.6330e-01 +2.4609e+00 -2.3080e+00 -3.3775e+00
1951 0 +4.031911033e+00 +3.488191103e+01 +3.488191103e+01 +2.5717e+00 -3.9560e+00 -3.8992e-01 -2.5346e+00 +2.5403e+00 +1.1397e+00 -1.6858e-01 +2.2673e+00 -2.2999e+00 -3.5811e+00
2003 0 +3.811971204e+00 +3.466197120e+01 +3.466197120e+01 +2.9181e+00 -4.0244e+00 -7.3080e-01 -2.0909e+00 +2.4570e+00 +9.4625e-01 -3.5189e-01 +2.2670e+00 -2.3453e+00 -3.3798e+00
2052 0 +3.712562861e+00 +3.456256286e+01 +3.456256286e+01 +2.8022e+00 -3.8120e+00 -1.9726e-01 -2.6933e+00 +2.2528e+00 +5.0704e-01 -5.4768e-01 +2.0508e+00 -1.8748e+00 -3.3484e+00
2201 0 +2.778110090e+00 +3.362811009e+01 +3.362811009e+01 +2.7213e+00 -3.6595e+00 -3.8985e-01 -2.5143e+00 +2.0538e+00 +8.2766e-01 -4.4052e-01 +2.2427e+00 -1.8244e+00 -3.3821e+00
2253 0 +2.046026188e+00 +3.289602619e+01 +3.289602619e+01 +2.8397e+00 -3.6064e+00 -2.3268e-01 -2.5126e+00 +1.8925e+00 +9.2375e-01 -2.3448e-01 +1.9565e+00 -1.7858e+00 -3.4627e+00
% f evaluations | g evaluations | best noise-free fitness - Fopt (-1.255000000000e+01) + sum g_i+ | measured fitness | best measured fitness or single-digit g-values | x1 | x2...
1 0 +5.623986172e+05 +5.623860672e+05 +5.623860672e+05 +5.9671e-01 -3.8264e-02 +7.4769e-01 +1.6230e+00 -1.3415e-01 -1.3414e-01 +1.6792e+00 +8.6743e-01 -3.6947e-01 +6.4256e-01
6 0 +3.534377773e+05 +3.534252273e+05 +3.534252273e+05 +4.2408e-01 -2.8508e-01 -5.7692e-01 +7.1168e-01 +1.1310e+00 +1.0313e+00 -7.3922e-01 -2.0921e-01 +4.3126e-01 +1.0755e+00
12 0 +3.036977624e+05 +3.036852124e+05 +3.036852124e+05 -1.8188e+00 +7.3486e-02 +1.6023e-01 +2.5632e+00 -9.2361e-02 +4.0155e-01 +6.5288e-02 -1.0687e+00 +1.2428e+00 +8.5193e-01
38 0 +1.716953995e+05 +1.716828495e+05 +1.716828495e+05 +1.2451e-01 +5.9800e-01 +1.5511e+00 +1.0593e+00 +2.2532e+00 -6.6735e-01 +9.7232e-01 +2.8334e-01 +2.2898e+00 -7.0830e-01
51 0 +8.523816849e+04 +8.522561849e+04 +8.522561849e+04 +4.5606e-01 +1.5867e+00 +1.7363e+00 +2.7987e+00 +1.0018e+00 +2.6587e-01 -9.7290e-01 +1.3458e+00 +2.2048e+00 -3.5130e+00
53 0 +4.775363741e+04 +4.774108741e+04 +4.774108741e+04 +6.0267e-01 +2.8915e+00 +6.1629e-01 +2.0293e+00 +8.2955e-01 -2.4456e-01 -1.9052e-02 -4.9185e-01 +3.6057e+00 +1.1836e-01
58 0 +3.211940336e+04 +3.210685336e+04 +3.210685336e+04 +7.4907e-01 +1.1334e+00 +1.6086e+00 +3.5169e+00 +3.1488e+00 -2.6798e+00 -1.5267e+00 +2.1858e-01 +1.0194e+00 -5.9664e-01
101 0 +3.693288676e+03 +3.680738676e+03 +3.680738676e+03 +1.2455e+00 +3.4363e+00 +1.3968e-01 +4.2472e+00 +3.9224e+00 -4.0521e+00 -2.4000e-01 +1.4636e+00 +3.0430e+00 -5.5330e-03
152 0 +3.290794856e+02 +3.165294856e+02 +3.165294856e+02 +2.6624e+00 +2.7891e+00 -3.3874e+00 +4.3831e+00 +2.3786e+00 +1.1785e+00 +2.5811e+00 -1.5244e+00 +4.9662e+00 +2.2871e+00
251 0 +8.959716146e+01 +7.704716146e+01 +7.704716146e+01 +4.1180e+00 +3.1292e+00 -5.1185e-01 +3.2355e+00 +2.0879e+00 -3.3918e+00 -8.9662e-01 -2.1367e+00 +4.2141e+00 +2.2765e+00
301 0 +8.930062720e+01 +7.675062720e+01 +7.675062720e+01 +1.7405e+00 +4.2792e+00 +1.1142e+00 +3.5011e+00 +3.8063e+00 -1.3621e+00 -1.7830e+00 -1.8955e+00 +4.3507e+00 +1.8233e+00
360 0 +7.085225602e+01 +5.830225602e+01 +5.830225602e+01 +3.5959e+00 +9.6069e-01 +4.9261e-01 +2.6610e+00 +4.6600e+00 -1.0227e+00 -7.0919e-01 -3.1530e-01 +4.2617e+00 +8.8816e-01
448 0 +6.688415134e+01 +5.433415134e+01 +5.433415134e+01 +4.7609e+00 +1.5906e+00 -1.6551e+00 +2.6357e+00 +2.9886e+00 -3.9949e+00 -2.8043e+00 -2.4934e+00 +3.6782e+00 +1.8892e+00
474 0 +6.509631021e+01 +5.254631021e+01 +5.254631021e+01 +1.8391e+00 +3.4157e+00 +3.1366e+00 +4.7239e+00 +2.5289e+00 -1.4714e-01 -1.1856e+00 -3.2379e-01 +2.7892e+00 -1.8584e+00
501 0 +6.299328873e+01 +5.044328873e+01 +5.044328873e+01 +3.2497e+00 +3.2605e+00 +1.0652e+00 +3.0877e+00 +4.0028e+00 -1.8865e+00 -1.6125e+00 -1.1236e+00 +4.5459e+00 +2.7933e-01
504 0 +5.952635617e+01 +4.697635617e+01 +4.697635617e+01 +2.4361e+00 +2.5610e+00 -2.0875e-01 +3.2189e+00 +3.6909e+00 -2.2473e+00 -3.1294e+00 -1.5422e+00 +3.5556e+00 +1.7127e+00
556 0 +4.388928446e+01 +3.133928446e+01 +3.133928446e+01 +2.2125e+00 +3.0807e+00 +1.5449e+00 +3.6641e+00 +2.7865e+00 -1.9940e+00 -2.0816e+00 -4.1541e-01 +3.2710e+00 +1.2075e-01
705 0 +3.936825393e+01 +2.681825393e+01 +2.681825393e+01 +3.0308e+00 +4.1778e+00 +2.4217e+00 +3.3128e+00 +2.2383e+00 -1.5806e+00 -1.3472e+00 -1.4780e+00 +2.6812e+00 -9.6282e-01
742 0 +2.872691499e+01 +1.617691499e+01 +1.617691499e+01 +3.3500e+00 +1.9698e+00 +2.9244e+00 +2.6332e+00 +2.8707e+00 -2.4905e+00 -1.9037e+00 -5.4985e-01 +3.9531e+00 +5.6980e-01
1001 0 +2.397524854e+01 +1.142524854e+01 +1.142524854e+01 +3.4000e+00 +2.2225e+00 +1.9191e+00 +2.6814e+00 +2.8027e+00 -2.5587e+00 -1.8357e+00 -1.9569e+00 +2.7402e+00 +4.2950e-01
1020 0 +1.990832419e+01 +7.358324193e+00 +7.358324193e+00 +3.4724e+00 +1.6964e+00 +1.9816e+00 +2.3254e+00 +2.6463e+00 -2.6226e+00 -2.0500e+00 -1.0519e+00 +3.5918e+00 -6.2683e-01
1156 0 +1.694329404e+01 +4.393294040e+00 +4.393294040e+00 +3.8868e+00 +2.8586e+00 +1.2942e+00 +2.2525e+00 +1.2470e+00 -2.7618e+00 -2.7146e+00 -1.4706e+00 +3.0700e+00 -1.0952e+00
1238 0 +1.447042598e+01 +1.920425976e+00 +1.920425976e+00 +2.9995e+00 +2.6040e+00 +1.4291e+00 +2.0155e+00 +2.6577e+00 -2.5465e+00 -1.4591e+00 -6.3231e-01 +3.0437e+00 -1.3400e+00
1257 0 +1.311903069e+01 +5.690306899e-01 +5.690306899e-01 +3.3234e+00 +3.5772e+00 +1.9679e+00 +2.1526e+00 +1.7829e+00 -2.0970e+00 -2.5392e+00 -8.5067e-01 +3.0050e+00 -1.2611e+00
1301 0 +1.250406960e+01 -4.593039831e-02 -4.593039831e-02 +3.0105e+00 +2.7186e+00 +2.0939e+00 +2.4018e+00 +1.9997e+00 -2.5793e+00 -1.8515e+00 -8.6156e-01 +3.0163e+00 -1.4488e+00
1302 0 +9.214739158e+00 -3.335260842e+00 -3.335260842e+00 +3.5309e+00 +2.7785e+00 +1.7793e+00 +1.8231e+00 +2.3575e+00 -2.7936e+00 -1.9536e+00 -1.1954e+00 +2.9351e+00 -1.2857e+00
1554 0 +8.056275472e+00 -4.493724528e+00 -4.493724528e+00 +3.5001e+00 +3.2329e+00 +2.2516e+00 +2.1708e+00 +1.6016e+00 -2.9691e+00 -2.1823e+00 -8.2280e-01 +2.7954e+00 -1.3066e+00
1555 0 +6.767331263e+00 -5.782668737e+00 -5.782668737e+00 +3.4169e+00 +2.9280e+00 +2.2824e+00 +2.2644e+00 +1.8482e+00 -3.2536e+00 -2.3386e+00 -6.0097e-01 +2.7102e+00 -1.3482e+00
1602 0 +4.448248222e+00 -8.101751778e+00 -8.101751778e+00 +3.3827e+00 +3.0604e+00 +2.3323e+00 +1.6652e+00 +2.1496e+00 -2.9890e+00 -2.1074e+00 -8.5220e-01 +2.8453e+00 -1.7789e+00
1751 0 +3.984180480e+00 -8.565819520e+00 -8.565819520e+00 +3.2867e+00 +3.1329e+00 +2.0972e+00 +1.5982e+00 +1.7990e+00 -3.1467e+00 -2.3216e+00 -1.0520e+00 +2.7259e+00 -1.4161e+00
1806 0 +3.877454563e+00 -8.672545437e+00 -8.672545437e+00 +3.4909e+00 +2.6677e+00 +2.4792e+00 +1.8764e+00 +1.7595e+00 -3.1843e+00 -2.0438e+00 -9.2165e-01 +2.6664e+00 -1.3482e+00
1855 0 +3.760902916e+00 -8.789097084e+00 -8.789097084e+00 +3.3881e+00 +2.5202e+00 +2.2577e+00 +2.0243e+00 +1.9114e+00 -3.3054e+00 -2.3050e+00 -1.0565e+00 +2.5888e+00 -1.3442e+00
1901 0 +3.760117388e+00 -8.789882612e+00 -8.789882612e+00 +3.7509e+00 +2.8117e+00 +2.1925e+00 +1.6887e+00 +1.8687e+00 -3.2913e+00 -2.3370e+00 -7.9641e-01 +2.4960e+00 -1.1197e+00
2003 0 +3.099355000e+00 -9.450645000e+00 -9.450645000e+00 +3.3752e+00 +2.7644e+00 +2.2507e+00 +1.9630e+00 +1.7159e+00 -3.6132e+00 -2.2287e+00 -1.0441e+00 +2.4002e+00 -1.0089e+00
2053 0 +2.979297427e+00 -9.570702573e+00 -9.570702573e+00 +3.3683e+00 +2.5739e+00 +2.3895e+00 +2.1356e+00 +1.7295e+00 -3.4246e+00 -2.4762e+00 -8.2748e-01 +2.3671e+00 -1.1303e+00
2054 0 +2.501814055e+00 -1.004818594e+01 -1.004818594e+01 +3.2499e+00 +2.7795e+00 +2.4754e+00 +1.8995e+00 +1.9981e+00 -3.6607e+00 -2.2273e+00 -9.6248e-01 +2.4241e+00 -1.2960e+00
2058 0 +2.267383901e+00 -1.028261610e+01 -1.028261610e+01 +3.4083e+00 +2.7252e+00 +2.6044e+00 +1.8969e+00 +1.9645e+00 -3.4223e+00 -2.0665e+00 -9.3290e-01 +2.3064e+00 -1.2975e+00
2102 0 +2.203757226e+00 -1.034624277e+01 -1.034624277e+01 +3.3572e+00 +2.8850e+00 +2.4547e+00 +1.8159e+00 +1.6566e+00 -3.4417e+00 -2.1943e+00 -8.4555e-01 +2.4334e+00 -1.5280e+00
2195 0 +2.179054771e+00 -1.037094523e+01 -1.037094523e+01 +3.3333e+00 +2.9446e+00 +2.6210e+00 +1.7790e+00 +1.8008e+00 -3.2830e+00 -2.1497e+00 -9.7368e-01 +2.4458e+00 -1.5038e+00
2248 0 +1.386517703e+00 -1.116348230e+01 -1.116348230e+01 +3.3907e+00 +2.6006e+00 +2.4954e+00 +1.8277e+00 +1.7308e+00 -3.3944e+00 -2.3081e+00 -7.9630e-01 +2.3583e+00 -1.3923e+00
2293 0 +1.334529211e+00 -1.121547079e+01 -1.121547079e+01 +3.4902e+00 +2.6152e+00 +2.4787e+00 +1.7034e+00 +1.8974e+00 -3.3696e+00 -2.3961e+00 -8.7454e-01 +2.4124e+00 -1.4519e+00
2403 0 +1.139486848e+00 -1.141051315e+01 -1.141051315e+01 +3.4562e+00 +2.4207e+00 +2.5045e+00 +1.5373e+00 +1.8937e+00 -3.1929e+00 -2.3034e+00 -8.6130e-01 +2.4770e+00 -1.3803e+00
% f evaluations | g evaluations | best noise-free fitness - Fopt (5.383900000000e+02) + sum g_i+ | measured fitness | best measured fitness or single-digit g-values | x1 | x2...
1 0 +3.573413297e+05 +3.578797197e+05 +3.578797197e+05 +5.9671e-01 -3.8264e-02 +7.4769e-01 +1.6230e+00 -1.3415e-01 -1.3414e-01 +1.6792e+00 +8.6743e-01 -3.6947e-01 +6.4256e-01
2 0 +1.580851749e+05 +1.586235649e+05 +1.586235649e+05 -3.6342e-01 -3.6573e-01 +3.4196e-01 -1.8133e+00 -1.6249e+00 -4.6229e-01 -9.1283e-01 +4.1425e-01 -8.0802e-01 -1.3123e+00
3 0 +1.313167039e+05 +1.318550939e+05 +1.318550939e+05 +1.5656e+00 -1.2578e-01 +1.6753e-01 -1.3247e+00 -4.4438e-01 +2.1092e-01 -1.0510e+00 +4.7570e-01 -5.0064e-01 -1.9169e-01
5 0 +1.119884296e+05 +1.125268196e+05 +1.125268196e+05 +8.3847e-01 +2.7137e-01 -1.5648e-02 -2.0110e-01 -1.3785e+00 -6.1984e-01 -3.6064e-01 +1.1571e+00 +4.4362e-01 -1.6630e+00
8 0 +1.102827705e+05 +1.108211605e+05 +1.108211605e+05 +4.6140e-01 +1.6380e+00 +6.4174e-02 +1.6646e+00 -2.5197e+00 +9.2190e-01 +1.8705e-01 -1.9901e-01 +1.9176e-01 -1.8876e+00
51 0 +1.003561575e+05 +1.008945475e+05 +1.008945475e+05 +4.3447e-01 +1.0581e+00 +7.9502e-01 -1.1981e-02 -2.4065e+00 -6.3481e-02 +8.1429e-01 +8.2131e-01 -1.6747e+00 -1.5502e+00
53 0 +3.272882117e+04 +3.326721117e+04 +3.326721117e+04 +1.6819e+00 -9.9381e-01 -1.6466e+00 +4.2811e-02 -3.2457e+00 -1.3510e+00 -1.8106e+00 +5.8248e-01 +7.3616e-01 -2.0259e+00
62 0 +1.942077930e+04 +1.995916930e+04 +1.995916930e+04 +1.3002e+00 +3.1181e+00 +5.4544e-01 +2.5996e-01 -4.0137e+00 +1.2324e+00 -9.2736e-01 +8.6490e-01 -7.3214e-01 -7.4932e-01
108 0 +1.054755374e+04 +1.108594374e+04 +1.108594374e+04 +3.7521e+00 +9.8996e-01 +7.3560e-01 -2.4657e+00 -3.6408e+00 +8.7133e-01 +6.3976e-01 +1.6256e+00 +6.7092e-01 -4.1184e-01
151 0 +6.948271158e+03 +7.486661158e+03 +7.486661158e+03 +2.0607e+00 +4.3776e+00 +6.4140e-01 -4.1871e+00 -4.1358e+00 +3.3690e+00 +2.5924e-02 -1.5312e-01 -2.8810e+00 -9.6871e-01
216 0 +2.158557124e+02 +7.542457124e+02 +7.542457124e+02 +2.7019e+00 +3.6757e+00 -3.6123e+00 -3.6335e+00 -4.7563e+00 -1.6878e+00 +7.4825e-01 +1.0566e+00 -4.4915e+00 -5.3969e-01
354 0 +9.099150613e+01 +6.293815061e+02 +6.293815061e+02 +4.7726e+00 +2.8899e+00 +6.6058e-01 -1.0022e+00 -4.2556e+00 -8.1766e-01 +4.4388e-01 +1.8848e+00 -1.4424e+00 -1.7520e+00
520 0 +8.056570361e+01 +6.189557036e+02 +6.189557036e+02 +3.8168e+00 +1.5584e+00 -1.3701e+00 -1.1289e+00 -4.6471e+00 +1.9037e-01 -6.1330e-01 -5.5158e-01 -7.8782e-01 -1.6344e+00
545 0 +6.383084873e+01 +6.022208487e+02 +6.022208487e+02 +3.5471e+00 +3.0977e+00 -1.5741e+00 -5.6709e-01 -4.3195e+00 -2.6860e+00 -2.6404e+00 -1.0633e-01 -1.9313e+00 -1.6300e+00
649 0 +6.185933302e+01 +6.002493330e+02 +6.002493330e+02 +3.9530e+00 +1.9865e+00 +5.3356e-01 +2.1107e-01 -4.5896e+00 -2.1710e-01 -1.2527e+00 +2.0009e+00 -2.6732e+00 -3.5270e+00
751 0 +5.306503798e+01 +5.914550380e+02 +5.914550380e+02 +4.5725e+00 +2.0797e+00 -1.4601e+00 +3.6167e-01 -3.6647e+00 -1.1180e+00 -1.0483e+00 +6.8067e-01 -2.7893e+00 -1.9057e+00
752 0 +5.245768120e+01 +5.908476812e+02 +5.908476812e+02 +3.7851e+00 +1.0081e+00 -2.4341e+00 +7.6627e-01 -3.9723e+00 -1.5382e+00 -2.4064e+00 +6.2185e-01 -3.1977e+00 -2.3958e+00
851 0 +5.178404029e+01 +5.901740403e+02 +5.901740403e+02 +3.6224e+00 +3.1721e+00 -1.4927e+00 +1.0087e-01 -4.3595e+00 -1.5858e+00 -2.0682e+00 +1.1762e+00 -3.1457e+00 -1.8029e+00
893 0 +4.446869215e+01 +5.828586921e+02 +5.828586921e+02 +4.7436e+00 +2.0292e+00 -8.3896e-01 +6.9675e-01 -3.8178e+00 -1.3738e+00 -2.0585e+00 +1.3950e+00 -2.7626e+00 -1.5634e+00
901 0 +3.920082429e+01 +5.775908243e+02 +5.775908243e+02 +3.9966e+00 +2.1090e+00 -9.8991e-01 +9.2335e-01 -4.3906e+00 -7.1934e-01 -1.2055e+00 +1.2560e+00 -2.5408e+00 -1.7239e+00
902 0 +3.074347735e+01 +5.691334774e+02 +5.691334774e+02 +4.0060e+00 +2.5380e+00 +3.0255e-02 +1.3851e+00 -4.6338e+00 -1.6444e+00 -2.2966e+00 +1.5443e+00 -2.9551e+00 -2.3902e+00
905 0 +2.337011686e+01 +5.617601169e+02 +5.617601169e+02 +3.2484e+00 +3.4703e+00 -8.5970e-01 +1.4497e+00 -4.1209e+00 -9.7128e-01 -1.6306e+00 +7.1599e-01 -2.7246e+00 -1.8204e+00
1052 0 +2.293927282e+01 +5.613292728e+02 +5.613292728e+02 +3.7168e+00 +2.2197e+00 -8.9917e-03 +1.4676e+00 -4.0860e+00 -1.1385e+00 -1.3932e+00 +1.0127e+00 -2.0010e+00 -2.3351e+00
1103 0 +1.861728538e+01 +5.570072854e+02 +5.570072854e+02 +3.5387e+00 +2.2716e+00 -7.9965e-02 +2.0969e+00 -4.3070e+00 -1.4345e+00 -2.2226e+00 +1.9724e+00 -2.9175e+00 -2.9833e+00
1137 0 +1.223307816e+01 +5.506230782e+02 +5.506230782e+02 +3.6207e+00 +2.5505e+00 +8.1021e-01 +2.2872e+00 -4.4351e+00 -1.0620e+00 -1.6427e+00 +1.9961e+00 -1.9147e+00 -2.3182e+00
1404 0 +1.200882047e+01 +5.503988205e+02 +5.503988205e+02 +3.9406e+00 +2.8957e+00 +7.0667e-01 +2.6467e+00 -4.4572e+00 -1.9202e+00 -1.1824e+00 +1.9606e+00 -2.0276e+00 -2.3068e+00
1502 0 +1.111257992e+01 +5.495025799e+02 +5.495025799e+02 +4.1947e+00 +2.4972e+00 +1.2269e+00 +2.6981e+00 -4.4460e+00 -2.0370e+00 -1.9952e+00 +2.2838e+00 -1.3811e+00 -2.7790e+00
1589 0 +8.212229711e+00 +5.466022297e+02 +5.466022297e+02 +3.6371e+00 +2.5813e+00 +1.0772e+00 +2.5951e+00 -4.6659e+00 -1.9904e+00 -2.0803e+00 +1.5641e+00 -1.1226e+00 -2.2412e+00
1654 0 +7.399683475e+00 +5.457896835e+02 +5.457896835e+02 +3.7152e+00 +2.6171e+00 +9.7354e-01 +2.5788e+00 -4.2757e+00 -1.9685e+00 -2.0870e+00 +2.4632e+00 -1.7969e+00 -2.3080e+00
1754 0 +7.197487023e+00 +5.455874870e+02 +5.455874870e+02 +3.6552e+00 +2.7790e+00 +1.9952e-01 +2.7621e+00 -4.3749e+00 -1.8459e+00 -2.0086e+00 +2.1893e+00 -2.3552e+00 -2.4678e+00
1803 0 +5.932491709e+00 +5.443224917e+02 +5.443224917e+02 +3.8619e+00 +2.6200e+00 +8.7380e-01 +3.0697e+00 -4.3897e+00 -2.2176e+00 -2.5045e+00 +1.9020e+00 -1.8122e+00 -2.6961e+00
1904 0 +5.563435829e+00 +5.439534358e+02 +5.439534358e+02 +3.4945e+00 +2.7642e+00 +8.0563e-01 +2.8107e+00 -4.1724e+00 -1.8526e+00 -1.9921e+00 +2.4565e+00 -1.6657e+00 -2.8824e+00
2004 0 +5.097391038e+00 +5.434873910e+02 +5.434873910e+02 +3.6157e+00 +2.5357e+00 +4.4491e-01 +2.7368e+00 -3.8323e+00 -1.8064e+00 -1.9448e+00 +2.2395e+00 -1.9663e+00 -2.3676e+00
2008 0 +4.928166269e+00 +5.433181663e+02 +5.433181663e+02 +3.8016e+00 +2.4667e+00 +6.0524e-01 +3.0319e+00 -4.1536e+00 -1.8820e+00 -2.0821e+00 +2.1959e+00 -2.0362e+00 -2.9038e+00
2011 0 +4.707656449e+00 +5.430976564e+02 +5.430976564e+02 +3.7059e+00 +2.6308e+00 +5.7204e-01 +2.9058e+00 -4.1023e+00 -2.0157e+00 -2.2032e+00 +1.9160e+00 -1.9856e+00 -2.6544e+00
2052 0 +2.842652115e+00 +5.412326521e+02 +5.412326521e+02 +3.5361e+00 +2.9513e+00 +5.5852e-01 +3.1111e+00 -3.9182e+00 -1.9172e+00 -1.9595e+00 +2.0691e+00 -2.0858e+00 -2.7832e+00
2201 0 +2.517596814e+00 +5.409075968e+02 +5.409075968e+02 +3.6247e+00 +2.7808e+00 +5.1402e-01 +3.3216e+00 -3.9990e+00 -1.7189e+00 -2.0457e+00 +2.0435e+00 -2.1789e+00 -2.9174e+00
2402 0 +2.502844644e+00 +5.408928446e+02 +5.408928446e+02 +3.5771e+00 +2.6973e+00 +4.5833e-01 +3.2985e+00 -3.9599e+00 -1.8158e+00 -1.9129e+00 +2.0696e+00 -2.1344e+00 -2.9230e+00
2453 0 +2.481088873e+00 +5.408710889e+02 +5.408710889e+02 +3.5462e+00 +2.6480e+00 +6.3520e-01 +3.1797e+00 -3.8808e+00 -1.7406e+00 -1.9436e+00 +1.9716e+00 -2.0379e+00 -2.7747e+00
2456 0 +2.375557086e+00 +5.407655571e+02 +5.407655571e+02 +3.5946e+00 +2.6601e+00 +6.2939e-01 +3.2370e+00 -3.9463e+00 -1.6439e+00 -1.9523e+00 +2.2098e+00 -2.0048e+00 -2.9314e+00
2462 0 +2.350203609e+00 +5.407402036e+02 +5.407402036e+02 +3.5203e+00 +2.6310e+00 +8.9464e-01 +3.1319e+00 -3.8518e+00 -1.7399e+00 -2.0230e+00 +1.9834e+00 -1.8001e+00 -2.6221e+00
2478 0 +2.326859381e+00 +5.407168594e+02 +5.407168594e+02 +3.5035e+00 +2.7617e+00 +8.8178e-01 +3.0598e+00 -3.8882e+00 -1.6623e+00 -2.0648e+00 +2.1748e+00 -1.6277e+00 -2.7735e+00
% f evaluations | g evaluations | best noise-free fitness - Fopt (-1.055600000000e+02) + sum g_i+ | measured fitness | best measured fitness or single-digit g-values | x1 | x2...
1 0 +6.489641357e+05 +6.488585757e+05 +6.488585757e+05 +5.9671e-01 -3.8264e-02 +7.4769e-01 +1.6230e+00 -1.3415e-01 -1.3414e-01 +1.6792e+00 +8.6743e-01 -3.6947e-01 +6.4256e-01
2 0 +2.224974950e+05 +2.223919350e+05 +2.223919350e+05 -3.6342e-01 -3.6573e-01 +3.4196e-01 -1.8133e+00 -1.6249e+00 -4.6229e-01 -9.1283e-01 +4.1425e-01 -8.0802e-01 -1.3123e+00
13 0 +1.911212720e+05 +1.910157120e+05 +1.910157120e+05 +8.9103e-01 -8.0939e-01 +1.5028e+00 -1.3019e+00 +6.8686e-01 +2.2905e+00 -8.9054e-01 -4.6630e-01 +1.9965e-01 -4.0348e-01
52 0 +1.564691825e+05 +1.563636225e+05 +1.563636225e+05 +1.3925e+00 -1.6510e+00 +7.7307e-01 -2.2095e+00 +9.7074e-01 +9.8338e-01 -1.4347e+00 -7.4973e-01 -6.1187e-02 +6.7272e-01
53 0 +1.412682509e+05 +1.411626909e+05 +1.411626909e+05 +1.0416e+00 -1.1306e+00 +1.1521e+00 -2.5497e+00 +2.1912e+00 +1.4698e+00 -1.8958e-01 -1.5117e+00 -6.5279e-01 +2.3448e-02
54 0 +1.062106877e+05 +1.061051277e+05 +1.061051277e+05 +1.5512e+00 -4.0211e+00 +1.1077e+00 -1.7787e+00 +1.3652e-01 +1.6439e+00 -8.0169e-01 -1.8966e+00 -1.2206e+00 +1.7530e+00
65 0 +7.140132042e+04 +7.129576042e+04 +7.129576042e+04 +6.2710e-01 -1.2910e+00 +1.6656e+00 -3.0789e+00 -1.0859e+00 -1.2496e+00 -1.6190e+00 -4.2970e-01 +7.6115e-01 -8.9340e-01
102 0 +1.047611076e+04 +1.037055076e+04 +1.037055076e+04 +2.0116e+00 -3.3291e+00 +3.6936e+00 -1.7184e+00 -8.6838e-01 +7.3487e-01 -2.2667e+00 -2.0827e+00 -1.1430e-01 -3.2721e+00
151 0 +2.129889849e+02 +1.074289849e+02 +1.074289849e+02 -2.3645e-01 -4.8857e+00 +3.6868e+00 -4.7281e+00 +2.4841e+00 +1.0308e+00 -1.5037e+00 -2.1992e+00 -1.2272e+00 -3.8445e+00
303 0 +1.884250697e+02 +8.286506972e+01 +8.286506972e+01 +7.6599e-02 -4.5078e+00 +3.2636e+00 -4.3304e+00 +1.9154e+00 -9.4986e-01 -3.7670e+00 -1.3846e+00 -2.7122e+00 -3.4693e+00
366 0 +1.033426627e+02 -2.217337334e+00 -2.217337334e+00 -1.6346e+00 -4.9479e+00 +3.7598e+00 -3.9574e+00 +7.3454e-01 -2.0300e+00 -2.8758e+00 -4.3095e-01 +1.8819e+00 -3.3459e+00
432 0 +1.001812789e+02 -5.378721087e+00 -5.378721087e+00 -2.4741e+00 -3.9701e+00 +2.9567e+00 -4.8422e+00 -1.6266e+00 -5.8320e-01 -7.0725e-01 -2.8563e+00 +1.0325e+00 -3.6347e+00
440 0 +5.448116981e+01 -5.107883019e+01 -5.107883019e+01 -6.2154e-01 -3.9239e+00 +3.8857e+00 -3.6851e+00 -2.0190e-01 -1.6489e+00 -2.1734e+00 -8.4581e-01 +1.5091e+00 -2.2550e+00
614 0 +4.601420367e+01 -5.954579633e+01 -5.954579633e+01 -1.0198e+00 -3.8497e+00 +4.9969e+00 -1.9428e+00 -6.5327e-01 -5.5970e-01 -1.8613e+00 -1.9165e+00 +2.2590e+00 -3.0081e+00
701 0 +3.959767298e+01 -6.596232702e+01 -6.596232702e+01 +7.4676e-01 -3.5700e+00 +3.2745e+00 -2.3420e+00 -9.5786e-01 +1.3856e-01 -2.6360e+00 -7.2918e-01 +5.4552e-01 -3.0992e+00
753 0 +3.822081587e+01 -6.733918413e+01 -6.733918413e+01 -1.5105e+00 -3.9966e+00 +3.7990e+00 -2.8562e+00 -1.9620e+00 +2.5296e-01 -1.2285e+00 -1.3194e+00 +2.3985e+00 -3.4195e+00
810 0 +3.538464634e+01 -7.017535366e+01 -7.017535366e+01 -2.3801e-01 -4.2205e+00 +4.1479e+00 -2.3124e+00 -1.4383e+00 -2.7208e-02 -3.9769e+00 -9.8402e-01 +1.8850e+00 -3.2154e+00
852 0 +2.426554948e+01 -8.129445052e+01 -8.129445052e+01 -3.9923e-01 -4.9878e+00 +3.8792e+00 -1.4725e+00 -1.7876e+00 +1.2794e-01 -3.5037e+00 -1.5168e+00 +2.5960e+00 -2.7484e+00
904 0 +2.417830804e+01 -8.138169196e+01 -8.138169196e+01 +5.0899e-04 -4.5757e+00 +4.3734e+00 -1.0066e+00 -1.6649e+00 +7.0977e-01 -2.8509e+00 -9.4305e-01 +1.9539e+00 -3.7013e+00
957 0 +2.389197978e+01 -8.166802022e+01 -8.166802022e+01 +4.8365e-01 -4.3146e+00 +4.0119e+00 -2.1871e+00 -1.3763e+00 +9.7365e-01 -3.7908e+00 -1.0779e+00 +1.5437e+00 -2.2662e+00
1002 0 +2.379008425e+01 -8.176991575e+01 -8.176991575e+01 +3.9859e-01 -4.3893e+00 +3.1580e+00 -2.0128e+00 -1.8656e+00 +1.4348e+00 -3.4939e+00 -4.4478e-01 +1.2838e+00 -2.7009e+00
1004 0 +2.343558160e+01 -8.212441840e+01 -8.212441840e+01 +3.0104e-01 -4.8625e+00 +4.4241e+00 -1.9863e+00 -1.5988e+00 -2.8883e-01 -2.9004e+00 -1.0515e+00 +2.9718e+00 -2.3536e+00
1059 0 +1.953121046e+01 -8.602878954e+01 -8.602878954e+01 +6.4489e-01 -4.9674e+00 +3.9799e+00 -1.3799e+00 -1.2711e+00 +1.0265e+00 -4.1751e+00 -9.6320e-01 +2.7730e+00 -1.4542e+00
1091 0 +1.245369557e+01 -9.310630443e+01 -9.310630443e+01 +3.4823e-01 -4.7895e+00 +4.2540e+00 -1.9922e+00 -2.1489e+00 +7.5255e-01 -2.9371e+00 -4.6044e-01 +2.6341e+00 -2.3139e+00
1202 0 +1.223939450e+01 -9.332060550e+01 -9.332060550e+01 +4.3968e-01 -4.6967e+00 +4.1072e+00 -1.5022e+00 -1.9418e+00 +8.1117e-01 -3.5222e+00 -6.9639e-01 +1.9822e+00 -2.1209e+00
1219 0 +7.037960250e+00 -9.852203975e+01 -9.852203975e+01 +3.0273e-01 -4.4367e+00 +4.2026e+00 -1.2983e+00 -2.2817e+00 +9.3587e-01 -2.7400e+00 -1.0361e+00 +2.1179e+00 -2.1048e+00
1453 0 +6.994776892e+00 -9.856522311e+01 -9.856522311e+01 +7.8122e-01 -4.5288e+00 +4.3504e+00 -1.1696e+00 -1.9489e+00 +1.4504e+00 -2.6875e+00 -8.7999e-01 +2.8133e+00 -1.9770e+00
1472 0 +6.716176154e+00 -9.884382385e+01 -9.884382385e+01 +7.1882e-01 -4.2539e+00 +4.2806e+00 -1.3087e+00 -1.9742e+00 +1.1082e+00 -3.0140e+00 -4.9798e-01 +2.7772e+00 -2.2549e+00
1501 0 +6.598480791e+00 -9.896151921e+01 -9.896151921e+01 +8.9582e-01 -4.0148e+00 +3.9700e+00 -1.1723e+00 -1.8127e+00 +9.9900e-01 -3.4419e+00 -5.8403e-01 +2.3221e+00 -2.0357e+00
1502 0 +6.276568242e+00 -9.928343176e+01 -9.928343176e+01 +1.0416e+00 -4.7782e+00 +4.1776e+00 -1.2866e+00 -2.1775e+00 +9.9902e-01 -3.6315e+00 -2.2478e-01 +3.0008e+00 -1.7773e+00
1504 0 +5.849736743e+00 -9.971026326e+01 -9.971026326e+01 +9.5247e-01 -4.9144e+00 +4.2763e+00 -1.0396e+00 -2.2878e+00 +1.0614e+00 -3.4867e+00 -4.6571e-01 +2.8566e+00 -1.9748e+00
1554 0 +5.456851353e+00 -1.001031486e+02 -1.001031486e+02 +8.7160e-01 -4.4135e+00 +4.2018e+00 -8.8606e-01 -2.0153e+00 +1.0978e+00 -3.4225e+00 -8.2393e-01 +2.5787e+00 -1.9891e+00
1663 0 +4.965650464e+00 -1.005943495e+02 -1.005943495e+02 +1.2892e+00 -4.2829e+00 +4.0547e+00 -1.0967e+00 -2.1047e+00 +1.3334e+00 -3.3033e+00 -1.0435e+00 +2.2600e+00 -1.7683e+00
1804 0 +4.805285063e+00 -1.007547149e+02 -1.007547149e+02 +7.0142e-01 -4.1517e+00 +4.0797e+00 -1.2191e+00 -2.1920e+00 +1.0825e+00 -3.4297e+00 -9.4558e-01 +2.5549e+00 -1.9532e+00
1809 0 +3.874550993e+00 -1.016854490e+02 -1.016854490e+02 +1.2408e+00 -4.2995e+00 +4.0132e+00 -1.4407e+00 -2.3425e+00 +9.5079e-01 -2.9732e+00 -8.7304e-01 +2.4025e+00 -1.5862e+00
1818 0 +3.156479514e+00 -1.024035205e+02 -1.024035205e+02 +9.0006e-01 -4.3301e+00 +4.2951e+00 -1.1491e+00 -2.3869e+00 +1.3021e+00 -3.2485e+00 -6.8375e-01 +3.0260e+00 -1.8791e+00
1851 0 +3.150698910e+00 -1.024093011e+02 -1.024093011e+02 +7.9839e-01 -4.1357e+00 +4.2242e+00 -1.1826e+00 -2.3030e+00 +9.9242e-01 -3.1046e+00 -9.3697e-01 +2.8137e+00 -1.7919e+00
1853 0 +1.700498277e+00 -1.038595017e+02 -1.038595017e+02 +1.0507e+00 -4.0184e+00 +3.8421e+00 -1.2681e+00 -2.6945e+00 +1.1032e+00 -3.0347e+00 -1.0829e+00 +2.4283e+00 -1.6483e+00
1956 0 +1.351752000e+00 -1.042082480e+02 -1.042082480e+02 +1.0804e+00 -3.9561e+00 +4.0246e+00 -9.8852e-01 -2.4953e+00 +1.2190e+00 -3.3756e+00 -9.4535e-01 +2.6396e+00 -1.6205e+00
2001 0 +1.288394593e+00 -1.042716054e+02 -1.042716054e+02 +1.2651e+00 -4.1521e+00 +4.0509e+00 -1.0019e+00 -2.6509e+00 +1.2721e+00 -3.3672e+00 -8.1942e-01 +2.4817e+00 -1.7090e+00
2202 0 +1.287322637e+00 -1.042726774e+02 -1.042726774e+02 +1.0678e+00 -4.0386e+00 +3.9884e+00 -1.1377e+00 -2.5634e+00 +1.0642e+00 -3.2606e+00 -6.6252e-01 +2.6456e+00 -1.7892e+00
2301 0 +9.296130755e-01 -1.046303869e+02 -1.046303869e+02 +1.3480e+00 -3.9059e+00 +4.0396e+00 -9.9134e-01 -2.4680e+00 +9.9404e-01 -3.3024e+00 -6.2112e-01 +2.6850e+00 -1.8004e+00
2403 0 +8.288735840e-01 -1.047311264e+02 -1.047311264e+02 +1.2725e+00 -3.9995e+00 +4.0666e+00 -1.0127e+00 -2.5387e+00 +1.0264e+00 -3.4660e+00 -6.9910e-01 +2.6659e+00 -1.7398e+00
2451 0 +7.066164760e-01 -1.048533835e+02 -1.048533835e+02 +1.2221e+00 -3.9971e+00 +3.9906e+00 -9.6771e-01 -2.6366e+00 +1.1192e+00 -3.3702e+00 -8.0691e-01 +2.7112e+00 -1.7681e+00
