% f evaluations | g evaluations | best noise-free fitness - Fopt (-5.235000000000e+01) + sum g_i+ | measured fitness | best measured fitness or single-digit g-values | x1 | x2...
1 0 +8.573881695e+01 +3.338881695e+01 +3.338881695e+01 +5.9671e-01 -3.8264e-02 +7.4769e-01 +1.6230e+00 -1.3415e-01
2 0 +7.039536500e+01 +1.804536500e+01 +1.804536500e+01 -1.3414e-01 +1.6792e+00 +8.6743e-01 -3.6947e-01 +6.4256e-01
3 0 +9.862298760e+00 -4.248770124e+01 -4.248770124e+01 -3.6342e-01 -3.6573e-01 +3.4196e-01 -1.8133e+00 -1.6249e+00
26 0 +6.332359747e+00 -4.601764025e+01 -4.601764025e+01 -1.5350e+00 -3.9231e+00 +1.3650e+00 -9.6133e-01 -3.8977e+00
30 0 +3.008113017e+00 -4.934188698e+01 -4.934188698e+01 +1.4325e+00 -2.0125e+00 +1.7343e+00 -3.7838e+00 -1.5066e+00
39 0 +2.799201871e+00 -4.955079813e+01 -4.955079813e+01 -1.6853e+00 -5.8888e-01 +2.4350e+00 -1.7825e+00 -3.4392e+00
44 0 +1.349918344e+00 -5.100008166e+01 -5.100008166e+01 +1.0189e-01 -6.6052e-01 +2.0575e+00 -3.2565e+00 -1.6548e+00
72 0 +8.729960751e-01 -5.147700392e+01 -5.147700392e+01 -1.8692e+00 -1.4913e+00 +2.1221e+00 -2.4107e+00 -1.3655e+00
257 0 +6.288778137e-01 -5.172112219e+01 -5.172112219e+01 -7.0009e-02 -9.3770e-01 +2.1295e+00 -2.1186e+00 -1.4570e+00
258 0 +4.276766816e-01 -5.192232332e+01 -5.192232332e+01 -1.0385e+00 -1.5664e+00 +2.1374e+00 -1.9698e+00 -1.1758e+00
281 0 +2.117114937e-01 -5.213828851e+01 -5.213828851e+01 -6.5380e-01 -1.1130e+00 +2.7603e+00 -1.9195e+00 -1.6006e+00
352 0 +2.057563871e-01 -5.214424361e+01 -5.214424361e+01 -6.9617e-01 -1.2655e+00 +2.3464e+00 -1.7972e+00 -1.2816e+00
378 0 +1.269875303e-01 -5.222301247e+01 -5.222301247e+01 -9.9009e-01 -1.2787e+00 +2.2646e+00 -2.5475e+00 -1.7550e+00
392 0 +1.208774361e-01 -5.222912256e+01 -5.222912256e+01 -1.0566e+00 -1.3061e+00 +2.6124e+00 -2.2013e+00 -1.4262e+00
433 0 +8.640283226e-02 -5.226359717e+01 -5.226359717e+01 -8.4599e-01 -1.2306e+00 +2.4723e+00 -2.6400e+00 -1.4074e+00
467 0 +6.532961169e-02 -5.228467039e+01 -5.228467039e+01 -8.1511e-01 -1.2684e+00 +2.5031e+00 -2.0045e+00 -1.4355e+00
573 0 +5.792115231e-02 -5.229207885e+01 -5.229207885e+01 -8.0606e-01 -1.2042e+00 +2.3170e+00 -2.2227e+00 -1.4516e+00
575 0 +3.662079319e-02 -5.231337921e+01 -5.231337921e+01 -7.9958e-01 -1.2336e+00 +2.5327e+00 -2.3511e+00 -1.5012e+00
580 0 +1.736574148e-02 -5.233263426e+01 -5.233263426e+01 -8.0577e-01 -1.1246e+00 +2.3600e+00 -2.3856e+00 -1.4335e+00
586 0 +1.051053597e-02 -5.233948946e+01 -5.233948946e+01 -8.4687e-01 -1.1741e+00 +2.3938e+00 -2.3234e+00 -1.3741e+00
736 0 +7.726265054e-03 -5.234227373e+01 -5.234227373e+01 -8.2793e-01 -1.1918e+00 +2.4624e+00 -2.2721e+00 -1.4037e+00
871 0 +7.716072156e-03 -5.234228393e+01 -5.234228393e+01 -8.5088e-01 -1.2562e+00 +2.5807e+00 -2.2410e+00 -1.5325e+00
893 0 +5.796266935e-03 -5.234420373e+01 -5.234420373e+01 -8.8335e-01 -1.2621e+00 +2.5720e+00 -2.3216e+00 -1.5285e+00
912 0 +3.436175339e-03 -5.234656382e+01 -5.234656382e+01 -9.0535e-01 -1.2849e+00 +2.5807e+00 -2.3835e+00 -1.5282e+00
966 0 +2.391632418e-03 -5.234760837e+01 -5.234760837e+01 -8.5641e-01 -1.2616e+00 +2.6138e+00 -2.3363e+00 -1.5556e+00
1063 0 +1.979856145e-03 -5.234802014e+01 -5.234802014e+01 -9.0676e-01 -1.2978e+00 +2.6287e+00 -2.3926e+00 -1.5641e+00
1067 0 +1.098194549e-03 -5.234890181e+01 -5.234890181e+01 -8.4948e-01 -1.2332e+00 +2.5380e+00 -2.3166e+00 -1.4995e+00
1195 0 +9.174592957e-04 -5.234908254e+01 -5.234908254e+01 -8.9486e-01 -1.2548e+00 +2.5281e+00 -2.3982e+00 -1.5143e+00
1232 0 +7.678731672e-04 -5.234923213e+01 -5.234923213e+01 -9.1381e-01 -1.2780e+00 +2.5611e+00 -2.4072e+00 -1.5111e+00
