% f evaluations | g evaluations | best noise-free fitness - Fopt (-1.694000000000e+01) + sum g_i+ | measured fitness | best measured fitness or single-digit g-values | x1 | x2...
1 0 +1.324093633e+01 -3.699063674e+00 -3.699063674e+00 +5.9671e-01 -3.8264e-02 +7.4769e-01 +1.6230e+00 -1.3415e-01
5 0 +1.237830438e+01 -4.561695617e+00 -4.561695617e+00 +1.5656e+00 -1.2578e-01 +1.6753e-01 -1.3247e+00 -4.4438e-01
12 0 +1.195851158e+01 -4.981488421e+00 -4.981488421e+00 +1.0313e+00 -7.3922e-01 -2.0921e-01 +4.3126e-01 +1.0755e+00
14 0 +1.086104601e+01 -6.078953987e+00 -6.078953987e+00 +1.4562e+00 +2.7990e-02 +1.1035e+00 +4.6164e-01 -5.4512e-01
25 0 +6.718572502e+00 -1.022142750e+01 -1.022142750e+01 +8.9103e-01 -8.0939e-01 +1.5028e+00 -1.3019e+00 +6.8686e-01
59 0 +4.962268204e+00 -1.197773180e+01 -1.197773180e+01 +1.7983e+00 -1.0664e-01 +1.0114e-01 +4.0080e-01 +1.3632e+00
113 0 +3.306855865e+00 -1.363314413e+01 -1.363314413e+01 +3.3057e+00 +2.7231e+00 -4.4018e-01 -8.9991e-01 +1.3970e+00
170 0 +2.880436615e+00 -1.405956338e+01 -1.405956338e+01 +3.8952e+00 +2.4280e+00 -1.0864e+00 +5.7787e-01 +2.2459e-01
175 0 +2.530499678e+00 -1.440950032e+01 -1.440950032e+01 +3.7764e+00 +9.8696e-01 -6.0522e-01 +6.3421e-01 +1.5122e+00
260 0 +2.455677223e+00 -1.448432278e+01 -1.448432278e+01 +4.9949e+00 +3.6736e+00 -6.3068e-01 +1.2678e+00 +1.2089e+00
275 0 +1.140546159e+00 -1.579945384e+01 -1.579945384e+01 +4.3542e+00 +2.5114e+00 -1.4460e+00 +1.2774e+00 +1.5847e+00
406 0 +5.143500838e-01 -1.642564992e+01 -1.642564992e+01 +3.8093e+00 +2.8285e+00 -1.5841e+00 +1.7127e+00 +1.4681e+00
585 0 +4.715941497e-01 -1.646840585e+01 -1.646840585e+01 +4.0981e+00 +2.9931e+00 -1.2474e+00 +1.1926e+00 +1.6760e+00
648 0 +3.555498291e-01 -1.658445017e+01 -1.658445017e+01 +3.4887e+00 +2.6784e+00 -1.6055e+00 +1.8072e+00 +1.5838e+00
708 0 +3.258073937e-01 -1.661419261e+01 -1.661419261e+01 +3.3562e+00 +2.4940e+00 -1.6609e+00 +1.6426e+00 +1.2266e+00
847 0 +2.175872015e-01 -1.672241280e+01 -1.672241280e+01 +3.8738e+00 +2.5809e+00 -1.4935e+00 +1.3550e+00 +1.3954e+00
899 0 +1.739037027e-01 -1.676609630e+01 -1.676609630e+01 +3.9065e+00 +2.8372e+00 -1.4093e+00 +1.3371e+00 +1.5217e+00
1029 0 +1.708893155e-01 -1.676911068e+01 -1.676911068e+01 +3.5689e+00 +2.4764e+00 -1.6511e+00 +1.5551e+00 +1.3782e+00
1044 0 +1.098085766e-01 -1.683019142e+01 -1.683019142e+01 +3.6742e+00 +2.5339e+00 -1.6088e+00 +1.4619e+00 +1.3770e+00
1163 0 +9.089469890e-02 -1.684910530e+01 -1.684910530e+01 +3.6490e+00 +2.5700e+00 -1.5729e+00 +1.4868e+00 +1.4272e+00
1215 0 +8.921847162e-02 -1.685078153e+01 -1.685078153e+01 +3.6820e+00 +2.5968e+00 -1.5046e+00 +1.5232e+00 +1.4524e+00
