% f evaluations | g evaluations | best noise-free fitness - Fopt (-1.000000000000e+03) + sum g_i+ | measured fitness | best measured fitness or single-digit g-values | x1 | x2...
1 0 +2.230668134e+01 -9.776933187e+02 -9.776933187e+02 +5.9671e-01 -3.8264e-02 +7.4769e-01 +1.6230e+00 -1.3415e-01
9 0 +2.156985621e+01 -9.784301438e+02 -9.784301438e+02 +8.3847e-01 +2.7137e-01 -1.5648e-02 -2.0110e-01 -1.3785e+00
14 0 +2.196735054e+00 -9.978032649e+02 -9.978032649e+02 +1.4562e+00 +2.7990e-02 +1.1035e+00 +4.6164e-01 -5.4512e-01
229 0 +2.030109755e+00 -9.979698902e+02 -9.979698902e+02 +7.1576e-01 +1.9539e-01 +1.8845e+00 -5.6067e-01 -1.9448e+00
273 0 +1.291528738e+00 -9.987084713e+02 -9.987084713e+02 +1.4625e-01 +9.8582e-01 +3.3087e+00 -1.6134e-01 -2.5185e+00
287 0 +5.225100140e-01 -9.994774900e+02 -9.994774900e+02 +3.5317e-01 +6.1501e-01 +3.6229e+00 -1.3669e+00 -2.7839e+00
414 0 +5.088230710e-01 -9.994911769e+02 -9.994911769e+02 +9.6998e-01 +7.1281e-01 +3.5282e+00 -5.4189e-01 -2.2765e+00
417 0 +5.013185415e-02 -9.999498681e+02 -9.999498681e+02 +1.0173e+00 +8.2527e-01 +2.8642e+00 -6.9270e-01 -2.2296e+00
495 0 +3.266871316e-02 -9.999673313e+02 -9.999673313e+02 +1.0153e+00 +4.0237e-01 +2.6042e+00 -1.2540e+00 -2.2644e+00
572 0 +3.081257480e-02 -9.999691874e+02 -9.999691874e+02 +1.2878e+00 +3.9131e-01 +2.6405e+00 -1.3980e+00 -2.2112e+00
573 0 +1.725945065e-02 -9.999827405e+02 -9.999827405e+02 +1.1304e+00 +3.4690e-01 +2.7365e+00 -1.5854e+00 -2.4209e+00
591 0 +1.188064280e-02 -9.999881194e+02 -9.999881194e+02 +9.0677e-01 +7.5935e-01 +3.1567e+00 -8.1072e-01 -2.4176e+00
600 0 +5.161614509e-03 -9.999948384e+02 -9.999948384e+02 +1.7071e+00 +5.9615e-01 +2.2665e+00 +4.5234e-03 -1.3452e+00
609 0 +2.135713812e-04 -9.999997864e+02 -9.999997864e+02 +1.4791e+00 +6.6934e-01 +2.5067e+00 -5.5300e-02 -1.5482e+00
781 0 +1.620534272e-05 -9.999999838e+02 -9.999999838e+02 +1.4539e+00 +7.4649e-01 +2.5669e+00 -3.2424e-02 -1.5826e+00
934 0 +7.914568755e-06 -9.999999921e+02 -9.999999921e+02 +1.3724e+00 +7.2579e-01 +2.5870e+00 +1.3835e-02 -1.5831e+00
955 0 +6.662429314e-06 -9.999999933e+02 -9.999999933e+02 +1.3875e+00 +7.7429e-01 +2.6424e+00 -1.9043e-02 -1.6212e+00
960 0 +3.974048013e-06 -9.999999960e+02 -9.999999960e+02 +1.3485e+00 +7.6244e-01 +2.6462e+00 -1.1543e-02 -1.6376e+00
989 0 +1.796256015e-06 -9.999999982e+02 -9.999999982e+02 +1.3851e+00 +7.6655e-01 +2.6488e+00 -6.7930e-02 -1.6535e+00
1073 0 +1.445256885e-06 -9.999999986e+02 -9.999999986e+02 +1.3290e+00 +7.3364e-01 +2.6754e+00 -1.8886e-01 -1.7429e+00
