% f evaluations | g evaluations | best noise-free fitness - Fopt (4.078000000000e+01) + sum g_i+ | measured fitness | best measured fitness or single-digit g-values | x1 | x2...
1 0 +6.971655738e+01 +1.104965574e+02 +1.104965574e+02 +5.9671e-01 -3.8264e-02 +7.4769e-01 +1.6230e+00 -1.3415e-01
2 0 +1.678455227e+01 +5.756455227e+01 +5.756455227e+01 -1.3414e-01 +1.6792e+00 +8.6743e-01 -3.6947e-01 +6.4256e-01
7 0 +9.459257437e+00 +5.023925744e+01 +5.023925744e+01 -5.0171e-01 +1.9523e+00 +8.6503e-02 -9.5771e-01 +9.2254e-01
33 0 +6.305900796e+00 +4.708590080e+01 +4.708590080e+01 -2.0793e+00 +6.6306e-01 +1.2379e+00 -2.0745e+00 +1.1132e+00
71 0 +6.004449633e+00 +4.678444963e+01 +4.678444963e+01 -2.7564e+00 +8.8644e-01 -4.1345e-02 -1.4350e+00 +4.4003e-01
102 0 +2.725704514e+00 +4.350570451e+01 +4.350570451e+01 -1.7380e+00 +7.5738e-01 +1.1439e+00 -1.2567e+00 +9.0283e-01
201 0 +2.203046591e+00 +4.298304659e+01 +4.298304659e+01 -2.2064e+00 +1.5844e+00 +1.0021e+00 -1.7040e+00 +6.6291e-01
224 0 +2.008156581e+00 +4.278815658e+01 +4.278815658e+01 -1.6787e+00 +9.0782e-01 +8.7924e-01 -1.8523e+00 +3.5451e-01
342 0 +2.005288179e+00 +4.278528818e+01 +4.278528818e+01 -1.8892e+00 +1.5297e+00 +2.3354e-01 -1.7591e+00 +2.1065e-01
352 0 +1.983833448e+00 +4.276383345e+01 +4.276383345e+01 -1.9841e+00 +1.0316e+00 +8.8481e-01 -1.6950e+00 +8.1089e-01
354 0 +1.881405148e+00 +4.266140515e+01 +4.266140515e+01 -1.8215e+00 +1.0287e+00 +8.8739e-01 -1.6581e+00 +7.0405e-01
360 0 +1.867251006e+00 +4.264725101e+01 +4.264725101e+01 -1.5055e+00 +1.0915e+00 +5.4306e-01 -1.4839e+00 +9.1243e-01
368 0 +1.479017437e+00 +4.225901744e+01 +4.225901744e+01 -1.6934e+00 +1.0381e+00 +6.4567e-01 -1.5467e+00 +5.8607e-01
403 0 +1.424590550e+00 +4.220459055e+01 +4.220459055e+01 -1.6750e+00 +1.2133e+00 +5.6262e-01 -1.5428e+00 +7.5500e-01
426 0 +1.303219799e+00 +4.208321980e+01 +4.208321980e+01 -1.7678e+00 +1.2291e+00 +5.7668e-01 -1.5180e+00 +4.4061e-01
485 0 +1.294408569e+00 +4.207440857e+01 +4.207440857e+01 -1.7493e+00 +1.2287e+00 +6.1703e-01 -1.5718e+00 +5.9985e-01
490 0 +1.284029892e+00 +4.206402989e+01 +4.206402989e+01 -1.7310e+00 +1.1621e+00 +5.2960e-01 -1.5099e+00 +5.6769e-01
498 0 +1.272177927e+00 +4.205217793e+01 +4.205217793e+01 -1.7581e+00 +1.2278e+00 +4.9575e-01 -1.4787e+00 +5.8442e-01
560 0 +1.260612790e+00 +4.204061279e+01 +4.204061279e+01 -1.7399e+00 +1.2008e+00 +5.2833e-01 -1.5248e+00 +5.5267e-01
651 0 +1.258305248e+00 +4.203830525e+01 +4.203830525e+01 -1.6816e+00 +1.2550e+00 +5.8319e-01 -1.5233e+00 +5.6627e-01
656 0 +1.255843890e+00 +4.203584389e+01 +4.203584389e+01 -1.7279e+00 +1.2491e+00 +5.1756e-01 -1.4901e+00 +5.8247e-01
662 0 +1.251926452e+00 +4.203192645e+01 +4.203192645e+01 -1.7028e+00 +1.2354e+00 +5.2310e-01 -1.4930e+00 +5.3602e-01
663 0 +1.251089679e+00 +4.203108968e+01 +4.203108968e+01 -1.7402e+00 +1.2713e+00 +5.3987e-01 -1.5292e+00 +5.7314e-01
682 0 +1.249909666e+00 +4.202990967e+01 +4.202990967e+01 -1.7370e+00 +1.2584e+00 +5.4119e-01 -1.4863e+00 +5.4884e-01
684 0 +1.249836377e+00 +4.202983638e+01 +4.202983638e+01 -1.7307e+00 +1.2762e+00 +5.3812e-01 -1.5225e+00 +5.7202e-01
693 0 +1.248229215e+00 +4.202822922e+01 +4.202822922e+01 -1.7068e+00 +1.2792e+00 +5.4197e-01 -1.5314e+00 +5.3461e-01
695 0 +1.246965231e+00 +4.202696523e+01 +4.202696523e+01 -1.7209e+00 +1.2687e+00 +5.4726e-01 -1.5148e+00 +5.6251e-01
714 0 +1.246809641e+00 +4.202680964e+01 +4.202680964e+01 -1.7319e+00 +1.2558e+00 +5.4453e-01 -1.5180e+00 +5.3029e-01
810 0 +1.246538529e+00 +4.202653853e+01 +4.202653853e+01 -1.7062e+00 +1.2669e+00 +5.4641e-01 -1.5244e+00 +5.5318e-01
825 0 +1.245596455e+00 +4.202559645e+01 +4.202559645e+01 -1.7181e+00 +1.2656e+00 +5.4035e-01 -1.5159e+00 +5.3719e-01
931 0 +1.245359941e+00 +4.202535994e+01 +4.202535994e+01 -1.7188e+00 +1.2604e+00 +5.4056e-01 -1.5137e+00 +5.4034e-01
1179 0 +1.245340204e+00 +4.202534020e+01 +4.202534020e+01 -1.7211e+00 +1.2603e+00 +5.3923e-01 -1.5143e+00 +5.4266e-01
1181 0 +1.245305312e+00 +4.202530531e+01 +4.202530531e+01 -1.7189e+00 +1.2580e+00 +5.4005e-01 -1.5148e+00 +5.4656e-01
1202 0 +1.245289087e+00 +4.202528909e+01 +4.202528909e+01 -1.7206e+00 +1.2606e+00 +5.4029e-01 -1.5164e+00 +5.4401e-01
1235 0 +1.245277320e+00 +4.202527732e+01 +4.202527732e+01 -1.7184e+00 +1.2589e+00 +5.4001e-01 -1.5152e+00 +5.4537e-01
