% f evaluations | g evaluations | best noise-free fitness - Fopt (-4.620900000000e+02) + sum g_i+ | measured fitness | best measured fitness or single-digit g-values | x1 | x2...
1 0 +1.129495628e+02 -3.491404372e+02 -3.491404372e+02 +5.9671e-01 -3.8264e-02 +7.4769e-01 +1.6230e+00 -1.3415e-01
11 0 +8.693627080e+01 -3.751537292e+02 -3.751537292e+02 +4.2408e-01 -2.8508e-01 -5.7692e-01 +7.1168e-01 +1.1310e+00
26 0 +5.750830487e+01 -4.045816951e+02 -4.045816951e+02 -8.2089e-01 +1.3425e-01 +1.8577e+00 -1.9330e-01 +1.9950e+00
59 0 +5.586246107e+01 -4.062275389e+02 -4.062275389e+02 -1.0478e-01 +2.8918e+00 +1.4081e+00 +1.1036e+00 +1.9528e+00
60 0 +4.192064966e+01 -4.201693503e+02 -4.201693503e+02 +8.3679e-01 +9.5905e-01 +1.5514e+00 +1.8149e+00 +1.9224e+00
95 0 +3.788238816e+01 -4.242076118e+02 -4.242076118e+02 -1.4832e+00 +2.2841e+00 +1.5446e+00 +2.1939e-01 +2.4545e+00
236 0 +3.622757910e+01 -4.258624209e+02 -4.258624209e+02 -2.4233e+00 +3.6184e+00 +2.9389e+00 +8.5084e-01 +1.3316e+00
278 0 +2.953497912e+01 -4.325550209e+02 -4.325550209e+02 -2.5797e+00 +3.9128e+00 +2.9831e+00 +1.1815e+00 +2.0187e+00
304 0 +2.770830240e+01 -4.343816976e+02 -4.343816976e+02 -2.2190e+00 +3.0767e+00 +2.0034e+00 +7.7372e-01 +1.9541e+00
356 0 +1.895059712e+01 -4.431394029e+02 -4.431394029e+02 -1.4068e+00 +2.9363e+00 +2.9094e+00 +7.5239e-01 +2.7118e+00
405 0 +1.412967902e+01 -4.479603210e+02 -4.479603210e+02 -2.5191e+00 +3.0883e+00 +1.5074e+00 +1.1906e+00 +2.2874e+00
561 0 +1.099714558e+01 -4.510928544e+02 -4.510928544e+02 -2.2504e+00 +3.0444e+00 +2.2087e+00 +1.1977e+00 +2.8847e+00
673 0 +1.013607315e+01 -4.519539269e+02 -4.519539269e+02 -2.3071e+00 +3.6630e+00 +2.1918e+00 +7.2894e-01 +2.9510e+00
802 0 +8.011861104e+00 -4.540781389e+02 -4.540781389e+02 -2.2284e+00 +2.9344e+00 +2.1540e+00 +7.0810e-01 +2.3003e+00
833 0 +5.609752105e+00 -4.564802479e+02 -4.564802479e+02 -2.3363e+00 +3.1586e+00 +2.2032e+00 +7.8259e-01 +2.2732e+00
866 0 +3.869844884e+00 -4.582201551e+02 -4.582201551e+02 -2.2910e+00 +3.0786e+00 +2.1587e+00 +7.2451e-01 +2.3062e+00
912 0 +2.448113309e+00 -4.596418867e+02 -4.596418867e+02 -2.3821e+00 +3.1054e+00 +2.1779e+00 +7.3425e-01 +2.3014e+00
956 0 +2.278476592e+00 -4.598115234e+02 -4.598115234e+02 -2.3640e+00 +3.0864e+00 +2.1820e+00 +7.4197e-01 +2.2966e+00
1009 0 +2.145522579e+00 -4.599444774e+02 -4.599444774e+02 -2.3465e+00 +3.0865e+00 +2.2111e+00 +7.5903e-01 +2.3000e+00
1028 0 +2.134660825e+00 -4.599553392e+02 -4.599553392e+02 -2.3236e+00 +3.0494e+00 +2.2366e+00 +7.2616e-01 +2.2910e+00
1030 0 +1.677509752e+00 -4.604124902e+02 -4.604124902e+02 -2.3586e+00 +3.0665e+00 +2.2078e+00 +7.3794e-01 +2.2994e+00
1073 0 +1.496681341e+00 -4.605933187e+02 -4.605933187e+02 -2.3725e+00 +3.1087e+00 +2.2084e+00 +7.1677e-01 +2.2953e+00
1171 0 +1.435941512e+00 -4.606540585e+02 -4.606540585e+02 -2.3363e+00 +3.0926e+00 +2.2065e+00 +7.2795e-01 +2.3091e+00
1188 0 +1.339464767e+00 -4.607505352e+02 -4.607505352e+02 -2.3309e+00 +3.0860e+00 +2.2127e+00 +7.2502e-01 +2.2977e+00
1204 0 +1.259663802e+00 -4.608303362e+02 -4.608303362e+02 -2.3514e+00 +3.1106e+00 +2.2198e+00 +7.1719e-01 +2.3026e+00
1239 0 +1.110659946e+00 -4.609793401e+02 -4.609793401e+02 -2.3454e+00 +3.1243e+00 +2.2253e+00 +7.3085e-01 +2.3023e+00
% f evaluations | g evaluations | best noise-free fitness - Fopt (7.766000000000e+01) + sum g_i+ | measured fitness | best measured fitness or single-digit g-values | x1 | x2...
1 0 +1.791812367e+02 +2.568412367e+02 +2.568412367e+02 +5.9671e-01 -3.8264e-02 +7.4769e-01 +1.6230e+00 -1.3415e-01
4 0 +1.543904635e+02 +2.320504635e+02 +2.320504635e+02 -4.6229e-01 -9.1283e-01 +4.1425e-01 -8.0802e-01 -1.3123e+00
10 0 +1.414335642e+02 +2.190935642e+02 +2.190935642e+02 -6.1984e-01 -3.6064e-01 +1.1571e+00 +4.4362e-01 -1.6630e+00
15 0 +8.075741188e+01 +1.584174119e+02 +1.584174119e+02 +4.6140e-01 +1.6380e+00 +6.4174e-02 +1.6646e+00 -2.5197e+00
27 0 +7.226738773e+01 +1.499273877e+02 +1.499273877e+02 +2.5214e-01 -9.9094e-01 +7.1828e-01 +3.9955e+00 -3.0052e+00
53 0 +4.578032101e+01 +1.234403210e+02 +1.234403210e+02 +4.1884e-01 +6.5554e-01 -6.1257e-01 +1.8136e+00 -2.8503e+00
101 0 +3.958031511e+01 +1.172403151e+02 +1.172403151e+02 +4.8428e-01 -2.9499e+00 -1.2303e+00 +3.3566e+00 -2.3133e+00
102 0 +3.774563281e+01 +1.154056328e+02 +1.154056328e+02 +8.4571e-01 -3.1996e+00 -1.8633e+00 +2.9819e+00 -2.5099e+00
214 0 +3.252237375e+01 +1.101823737e+02 +1.101823737e+02 +2.5960e-01 -1.4836e+00 -1.3617e+00 +3.4192e+00 -3.1624e+00
254 0 +3.099954508e+01 +1.086595451e+02 +1.086595451e+02 +2.2952e+00 -1.5702e-01 -2.8920e+00 +2.7841e+00 -1.7998e+00
302 0 +1.262073712e+01 +9.028073712e+01 +9.028073712e+01 +3.1594e-01 -2.1991e-01 -7.4137e-01 +3.7895e+00 -2.4285e+00
377 0 +1.158711965e+01 +8.924711965e+01 +8.924711965e+01 +4.4716e-01 +6.0662e-01 -7.0386e-01 +3.2989e+00 -2.1109e+00
676 0 +1.069612644e+01 +8.835612644e+01 +8.835612644e+01 +4.5325e-01 +3.2899e-02 -7.1123e-01 +3.7776e+00 -2.1337e+00
780 0 +1.024329792e+01 +8.790329792e+01 +8.790329792e+01 +5.2757e-01 -7.2866e-02 -7.1343e-01 +3.7686e+00 -2.0974e+00
803 0 +9.629882916e+00 +8.728988292e+01 +8.728988292e+01 +4.8714e-01 -9.7491e-02 -7.2325e-01 +3.7720e+00 -2.0895e+00
812 0 +9.612345887e+00 +8.727234589e+01 +8.727234589e+01 +5.1562e-01 -1.0372e-01 -7.2114e-01 +3.7851e+00 -2.0773e+00
813 0 +8.757618511e+00 +8.641761851e+01 +8.641761851e+01 +3.9237e-01 -4.3200e-02 -7.1139e-01 +3.7860e+00 -2.1185e+00
853 0 +8.686464572e+00 +8.634646457e+01 +8.634646457e+01 +4.3741e-01 -8.8668e-02 -7.2637e-01 +3.7896e+00 -2.1213e+00
886 0 +8.164386273e+00 +8.582438627e+01 +8.582438627e+01 +4.4683e-01 -5.5931e-02 -7.2111e-01 +3.7944e+00 -2.0994e+00
918 0 +8.089932841e+00 +8.574993284e+01 +8.574993284e+01 +4.4827e-01 -3.4642e-02 -7.2772e-01 +3.7907e+00 -2.0913e+00
1018 0 +8.014720602e+00 +8.567472060e+01 +8.567472060e+01 +4.4885e-01 -2.7393e-02 -7.2018e-01 +3.7957e+00 -2.1010e+00
% f evaluations | g evaluations | best noise-free fitness - Fopt (1.156800000000e+02) + sum g_i+ | measured fitness | best measured fitness or single-digit g-values | x1 | x2...
1 0 +3.385512246e+02 +4.542312246e+02 +4.542312246e+02 +5.9671e-01 -3.8264e-02 +7.4769e-01 +1.6230e+00 -1.3415e-01
3 0 +2.497642453e+02 +3.654442453e+02 +3.654442453e+02 -3.6342e-01 -3.6573e-01 +3.4196e-01 -1.8133e+00 -1.6249e+00
4 0 +2.364409766e+02 +3.521209766e+02 +3.521209766e+02 -4.6229e-01 -9.1283e-01 +4.1425e-01 -8.0802e-01 -1.3123e+00
9 0 +2.186345603e+02 +3.343145603e+02 +3.343145603e+02 +8.3847e-01 +2.7137e-01 -1.5648e-02 -2.0110e-01 -1.3785e+00
10 0 +1.395068487e+02 +2.551868487e+02 +2.551868487e+02 -6.1984e-01 -3.6064e-01 +1.1571e+00 +4.4362e-01 -1.6630e+00
15 0 +9.955338524e+01 +2.152333852e+02 +2.152333852e+02 +4.6140e-01 +1.6380e+00 +6.4174e-02 +1.6646e+00 -2.5197e+00
28 0 +6.312332559e+01 +1.788033256e+02 +1.788033256e+02 -1.8879e+00 +1.1124e+00 +2.2574e+00 +2.2923e+00 -4.3611e+00
77 0 +5.784306763e+01 +1.735230676e+02 +1.735230676e+02 +2.1726e+00 -1.5068e-01 +7.1078e-01 +1.8754e+00 -3.5858e+00
78 0 +5.565196625e+01 +1.713319663e+02 +1.713319663e+02 -2.3401e+00 -9.0968e-01 +1.4460e+00 +1.9744e+00 -3.9661e+00
79 0 +4.192023929e+01 +1.576002393e+02 +1.576002393e+02 -2.2439e+00 -1.4778e+00 -3.4264e-01 +2.7425e+00 -3.7328e+00
122 0 +3.408343843e+01 +1.497634384e+02 +1.497634384e+02 -4.3850e+00 +2.4535e-01 -3.3493e-01 +2.7745e+00 -2.9694e+00
213 0 +2.320031424e+01 +1.388803142e+02 +1.388803142e+02 -2.1055e+00 -1.7891e+00 -1.4021e+00 +3.4721e+00 -3.5865e+00
301 0 +1.967902719e+01 +1.353590272e+02 +1.353590272e+02 -3.0830e+00 -1.5870e+00 -4.2717e-01 +3.0553e+00 -3.2386e+00
429 0 +1.177992121e+01 +1.274599212e+02 +1.274599212e+02 -2.2086e+00 -1.0587e+00 -3.8737e-01 +3.0073e+00 -3.5606e+00
727 0 +1.133601109e+01 +1.270160111e+02 +1.270160111e+02 -2.2304e+00 -9.7405e-01 -5.0056e-01 +3.1184e+00 -3.6236e+00
778 0 +7.896600024e+00 +1.235766000e+02 +1.235766000e+02 -2.3192e+00 -1.0064e+00 -4.3615e-01 +3.0966e+00 -3.6003e+00
784 0 +4.748512909e+00 +1.204285129e+02 +1.204285129e+02 -2.2798e+00 -1.0571e+00 -3.7974e-01 +3.0834e+00 -3.6111e+00
862 0 +2.773517827e+00 +1.184535178e+02 +1.184535178e+02 -2.1800e+00 -9.8988e-01 -3.8153e-01 +3.0588e+00 -3.5878e+00
952 0 +2.427994821e+00 +1.181079948e+02 +1.181079948e+02 -2.1344e+00 -9.8166e-01 -3.9031e-01 +3.0676e+00 -3.6000e+00
956 0 +1.641143948e+00 +1.173211439e+02 +1.173211439e+02 -2.1719e+00 -9.5420e-01 -3.6171e-01 +3.1070e+00 -3.6084e+00
1001 0 +1.442916257e+00 +1.171229163e+02 +1.171229163e+02 -2.2111e+00 -9.8320e-01 -3.5940e-01 +3.1025e+00 -3.6074e+00
1030 0 +1.112922853e+00 +1.167929229e+02 +1.167929229e+02 -2.1751e+00 -9.9399e-01 -3.6129e-01 +3.0903e+00 -3.5997e+00
1034 0 +1.006369100e+00 +1.166863691e+02 +1.166863691e+02 -2.1785e+00 -9.8290e-01 -3.5513e-01 +3.0867e+00 -3.6059e+00
% f evaluations | g evaluations | best noise-free fitness - Fopt (-3.710000000000e+00) + sum g_i+ | measured fitness | best measured fitness or single-digit g-values | x1 | x2...
1 0 +2.193732719e+02 +2.156632719e+02 +2.156632719e+02 +5.9671e-01 -3.8264e-02 +7.4769e-01 +1.6230e+00 -1.3415e-01
11 0 +1.932292623e+02 +1.895192623e+02 +1.895192623e+02 +4.2408e-01 -2.8508e-01 -5.7692e-01 +7.1168e-01 +1.1310e+00
12 0 +1.777730186e+02 +1.740630186e+02 +1.740630186e+02 +1.0313e+00 -7.3922e-01 -2.0921e-01 +4.3126e-01 +1.0755e+00
24 0 +1.734705678e+02 +1.697605678e+02 +1.697605678e+02 +4.0155e-01 +6.5288e-02 -1.0687e+00 +1.2428e+00 +8.5193e-01
26 0 +1.135529057e+02 +1.098429057e+02 +1.098429057e+02 +2.4127e+00 -1.0797e-01 +1.1636e+00 +1.3554e+00 +1.2955e+00
51 0 +5.013344137e+01 +4.642344137e+01 +4.642344137e+01 +2.2044e+00 -1.1125e-01 +1.1256e+00 +3.6661e+00 +3.2238e+00
52 0 +4.837671862e+01 +4.466671862e+01 +4.466671862e+01 +1.8937e-01 -2.0911e-01 +1.1920e+00 +3.9675e+00 +2.3408e+00
82 0 +3.353685491e+01 +2.982685491e+01 +2.982685491e+01 +1.3690e+00 -3.5764e+00 +1.7898e+00 +3.2964e+00 +3.1649e+00
212 0 +1.548628409e+01 +1.177628409e+01 +1.177628409e+01 +3.0708e+00 -8.6233e-01 +1.8584e+00 +3.3984e+00 +3.1476e+00
423 0 +6.744147167e+00 +3.034147167e+00 +3.034147167e+00 +2.1258e+00 -7.8894e-01 +1.7817e+00 +3.9139e+00 +3.4836e+00
1060 0 +6.548220478e+00 +2.838220478e+00 +2.838220478e+00 +3.1420e+00 -7.7560e-01 +1.2040e+00 +3.9193e+00 +2.8334e+00
1089 0 +6.526093512e+00 +2.816093512e+00 +2.816093512e+00 +3.1579e+00 -7.8513e-01 +1.2062e+00 +3.9039e+00 +2.8471e+00
1137 0 +6.345738664e+00 +2.635738664e+00 +2.635738664e+00 +3.1483e+00 -7.2850e-01 +1.2122e+00 +3.9079e+00 +2.8423e+00
1195 0 +6.309237153e+00 +2.599237153e+00 +2.599237153e+00 +3.0995e+00 -7.3127e-01 +1.1987e+00 +3.9185e+00 +2.8356e+00
1208 0 +6.290656085e+00 +2.580656085e+00 +2.580656085e+00 +3.0983e+00 -7.3130e-01 +1.1872e+00 +3.9009e+00 +2.8358e+00
1245 0 +6.100661567e+00 +2.390661567e+00 +2.390661567e+00 +3.1129e+00 -7.5619e-01 +1.1930e+00 +3.9149e+00 +2.8482e+00
% f evaluations | g evaluations | best noise-free fitness - Fopt (1.321800000000e+02) + sum g_i+ | measured fitness | best measured fitness or single-digit g-values | x1 | x2...
1 0 +3.588725412e+02 +4.910525412e+02 +4.910525412e+02 +5.9671e-01 -3.8264e-02 +7.4769e-01 +1.6230e+00 -1.3415e-01
2 0 +3.204147329e+02 +4.525947329e+02 +4.525947329e+02 -1.3414e-01 +1.6792e+00 +8.6743e-01 -3.6947e-01 +6.4256e-01
3 0 +1.369962166e+02 +2.691762166e+02 +2.691762166e+02 -3.6342e-01 -3.6573e-01 +3.4196e-01 -1.8133e+00 -1.6249e+00
4 0 +1.191585793e+02 +2.513385793e+02 +2.513385793e+02 -4.6229e-01 -9.1283e-01 +4.1425e-01 -8.0802e-01 -1.3123e+00
27 0 +1.040246332e+02 +2.362046332e+02 +2.362046332e+02 +1.0096e-01 +3.5880e-01 +1.7332e+00 -7.3450e-01 -2.2434e+00
34 0 +9.013554585e+01 +2.223155458e+02 +2.223155458e+02 +5.3978e-01 -2.2715e-01 +5.8396e-01 -2.3956e+00 -1.7631e+00
53 0 +5.381500255e+01 +1.859950026e+02 +1.859950026e+02 -6.1778e-02 +7.7032e-01 +4.2981e+00 -2.3906e+00 -2.4464e+00
108 0 +4.654871115e+01 +1.787287111e+02 +1.787287111e+02 -6.1022e-01 +7.0428e-01 +4.7952e+00 -1.5721e+00 -2.4479e+00
152 0 +4.426556751e+01 +1.764455675e+02 +1.764455675e+02 -6.3811e-01 +1.4696e+00 +1.9499e+00 -1.4505e+00 -2.2723e+00
156 0 +3.831139200e+01 +1.704913920e+02 +1.704913920e+02 -1.6183e+00 +1.5267e+00 +2.7515e+00 -2.5365e+00 -3.2015e+00
267 0 +3.128109607e+01 +1.634610961e+02 +1.634610961e+02 -4.7954e-01 +2.3195e+00 +2.8421e+00 -2.3219e+00 -2.2152e+00
322 0 +1.807163515e+01 +1.502516352e+02 +1.502516352e+02 -1.8235e+00 +3.1287e+00 +2.9924e+00 -1.9845e+00 -2.4670e+00
376 0 +1.490420552e+01 +1.470842055e+02 +1.470842055e+02 -2.7429e+00 +2.9712e+00 +3.4292e+00 -1.9779e+00 -2.5701e+00
716 0 +1.084961072e+01 +1.430296107e+02 +1.430296107e+02 -4.7205e+00 +1.4692e+00 +2.9924e+00 -1.9001e+00 -2.5091e+00
909 0 +1.081603890e+01 +1.429960389e+02 +1.429960389e+02 -3.7720e+00 +2.8989e+00 +2.9242e+00 -2.0179e+00 -2.1081e+00
928 0 +1.081265132e+01 +1.429926513e+02 +1.429926513e+02 -3.8239e+00 +2.9417e+00 +3.5016e+00 -2.0304e+00 -2.1121e+00
1026 0 +8.567415643e+00 +1.407474156e+02 +1.407474156e+02 -3.7727e+00 +3.0300e+00 +3.5293e+00 -1.9890e+00 -2.0926e+00
1030 0 +7.289826976e+00 +1.394698270e+02 +1.394698270e+02 -3.8425e+00 +3.0243e+00 +3.4829e+00 -1.9512e+00 -2.1656e+00
1035 0 +6.775118984e+00 +1.389551190e+02 +1.389551190e+02 -3.8449e+00 +3.0524e+00 +3.4523e+00 -1.9411e+00 -2.1388e+00
1078 0 +6.159839870e+00 +1.383398399e+02 +1.383398399e+02 -3.7899e+00 +2.9355e+00 +3.4463e+00 -1.9479e+00 -2.1495e+00
1084 0 +6.118625141e+00 +1.382986251e+02 +1.382986251e+02 -3.7399e+00 +3.0085e+00 +3.4438e+00 -1.9916e+00 -2.1356e+00
1120 0 +5.580495443e+00 +1.377604954e+02 +1.377604954e+02 -3.7647e+00 +2.9829e+00 +3.4665e+00 -1.9852e+00 -2.1304e+00
1161 0 +5.178051933e+00 +1.373580519e+02 +1.373580519e+02 -3.7588e+00 +2.9962e+00 +3.4657e+00 -1.9740e+00 -2.1252e+00
1211 0 +5.127086531e+00 +1.373070865e+02 +1.373070865e+02 -3.7559e+00 +3.0093e+00 +3.4618e+00 -1.9748e+00 -2.1348e+00
1239 0 +5.100809020e+00 +1.372808090e+02 +1.372808090e+02 -3.7478e+00 +3.0082e+00 +3.4656e+00 -1.9650e+00 -2.1356e+00
1244 0 +5.036091427e+00 +1.372160914e+02 +1.372160914e+02 -3.7565e+00 +3.0185e+00 +3.4633e+00 -1.9611e+00 -2.1327e+00
% f evaluations | g evaluations | best noise-free fitness - Fopt (-3.930000000000e+01) + sum g_i+ | measured fitness | best measured fitness or single-digit g-values | x1 | x2...
1 0 +8.840574272e+01 +4.910574272e+01 +4.910574272e+01 +5.9671e-01 -3.8264e-02 +7.4769e-01 +1.6230e+00 -1.3415e-01
23 0 +8.229488900e+01 +4.299488900e+01 +4.299488900e+01 -1.8188e+00 +7.3486e-02 +1.6023e-01 +2.5632e+00 -9.2361e-02
28 0 +5.623310851e+01 +1.693310851e+01 +1.693310851e+01 -2.6195e+00 +4.4223e-01 +8.8842e-01 +3.7485e+00 +1.4481e-01
34 0 +5.331113469e+01 +1.401113469e+01 +1.401113469e+01 -8.1247e-02 -4.2076e-01 +1.6295e+00 +2.5116e+00 -1.9706e-01
79 0 +4.151535291e+01 +2.215352907e+00 +2.215352907e+00 -2.5015e+00 +4.6263e-01 +1.9405e+00 +2.5746e+00 +1.4463e+00
90 0 +3.012834756e+01 -9.171652445e+00 -9.171652445e+00 -5.0959e-01 -2.1739e+00 +2.3415e+00 +2.8740e+00 +1.7795e+00
93 0 +2.371313253e+01 -1.558686747e+01 -1.558686747e+01 -5.3838e-01 -2.5175e-01 +3.3902e+00 +3.8493e+00 +1.3836e+00
310 0 +2.370981837e+01 -1.559018163e+01 -1.559018163e+01 -2.2842e+00 -5.4760e-01 +1.7155e+00 +3.4703e+00 +6.7837e-01
437 0 +8.901865633e+00 -3.039813437e+01 -3.039813437e+01 -3.5047e+00 -4.8365e-01 +2.4241e+00 +3.4073e+00 +1.0077e+00
564 0 +7.235717379e+00 -3.206428262e+01 -3.206428262e+01 -2.4918e+00 -4.8744e-01 +2.2699e+00 +3.3147e+00 +1.0095e+00
654 0 +3.454219429e+00 -3.584578057e+01 -3.584578057e+01 -2.5703e+00 -3.8127e-01 +2.3418e+00 +3.3473e+00 +1.0373e+00
677 0 +3.425943160e+00 -3.587405684e+01 -3.587405684e+01 -2.5536e+00 -4.0694e-01 +2.2681e+00 +3.3597e+00 +1.0130e+00
705 0 +2.429601781e+00 -3.687039822e+01 -3.687039822e+01 -2.6123e+00 -4.0615e-01 +2.3345e+00 +3.3886e+00 +1.0116e+00
733 0 +1.642932062e+00 -3.765706794e+01 -3.765706794e+01 -2.5052e+00 -3.9672e-01 +2.3447e+00 +3.3710e+00 +1.0189e+00
857 0 +1.221641016e+00 -3.807835898e+01 -3.807835898e+01 -2.5409e+00 -4.1351e-01 +2.3400e+00 +3.3761e+00 +9.9763e-01
920 0 +1.187252598e+00 -3.811274740e+01 -3.811274740e+01 -2.5367e+00 -3.8785e-01 +2.3378e+00 +3.3752e+00 +9.9638e-01
973 0 +1.120825506e+00 -3.817917449e+01 -3.817917449e+01 -2.5205e+00 -4.0208e-01 +2.3205e+00 +3.3746e+00 +1.0021e+00
1111 0 +1.104501206e+00 -3.819549879e+01 -3.819549879e+01 -2.5477e+00 -4.0508e-01 +2.3312e+00 +3.3764e+00 +1.0012e+00
1147 0 +1.101296551e+00 -3.819870345e+01 -3.819870345e+01 -2.5524e+00 -4.0484e-01 +2.3277e+00 +3.3726e+00 +1.0013e+00
1174 0 +1.073920891e+00 -3.822607911e+01 -3.822607911e+01 -2.5490e+00 -3.9435e-01 +2.3312e+00 +3.3655e+00 +1.0051e+00
% f evaluations | g evaluations | best noise-free fitness - Fopt (4.296000000000e+01) + sum g_i+ | measured fitness | best measured fitness or single-digit g-values | x1 | x2...
1 0 +1.472612197e+02 +1.902212197e+02 +1.902212197e+02 +5.9671e-01 -3.8264e-02 +7.4769e-01 +1.6230e+00 -1.3415e-01
2 0 +1.195171133e+02 +1.624771133e+02 +1.624771133e+02 -1.3414e-01 +1.6792e+00 +8.6743e-01 -3.6947e-01 +6.4256e-01
7 0 +8.787456334e+01 +1.308345633e+02 +1.308345633e+02 -5.0171e-01 +1.9523e+00 +8.6503e-02 -9.5771e-01 +9.2254e-01
13 0 +6.760719276e+01 +1.105671928e+02 +1.105671928e+02 -3.7917e-01 -8.5659e-02 -1.0063e+00 -1.0962e+00 +9.1253e-01
24 0 +6.157492244e+01 +1.045349224e+02 +1.045349224e+02 +4.0155e-01 +6.5288e-02 -1.0687e+00 +1.2428e+00 +8.5193e-01
26 0 +6.095576626e+01 +1.039157663e+02 +1.039157663e+02 -1.4607e+00 +1.2402e+00 -1.9737e+00 +1.7092e+00 +1.2561e+00
27 0 +5.558426729e+01 +9.854426729e+01 +9.854426729e+01 -1.5433e+00 +8.9636e-01 -9.5712e-01 +3.0974e-02 +8.4205e-01
31 0 +4.866113459e+01 +9.162113459e+01 +9.162113459e+01 +3.7961e-01 +7.8292e-01 -1.2259e+00 +1.0085e-01 +9.3576e-01
57 0 +4.554153338e+01 +8.850153338e+01 +8.850153338e+01 -1.4905e+00 +1.0957e+00 -1.7530e+00 +1.0295e+00 +3.6583e-01
66 0 +4.319056221e+01 +8.615056221e+01 +8.615056221e+01 +3.8759e-01 +1.3314e+00 -3.4714e+00 +1.8728e+00 +8.9520e-01
70 0 +4.041129071e+01 +8.337129071e+01 +8.337129071e+01 +8.1729e-01 +9.6662e-01 -2.0881e+00 -1.5750e-01 +1.3159e+00
78 0 +3.247777164e+01 +7.543777164e+01 +7.543777164e+01 +6.0715e-01 +1.6454e+00 -3.8731e+00 +6.3263e-01 -1.2639e-01
193 0 +2.587533046e+01 +6.883533046e+01 +6.883533046e+01 +3.2780e-01 +8.7634e-01 -3.3522e+00 +1.1211e+00 +1.2447e+00
218 0 +1.334268017e+01 +5.630268017e+01 +5.630268017e+01 +2.5280e+00 +9.5359e-01 -2.2083e+00 +5.0128e-01 +9.1638e-01
517 0 +1.150387284e+01 +5.446387284e+01 +5.446387284e+01 +1.5367e+00 +2.3783e+00 -3.4224e+00 +1.4312e+00 +1.2299e+00
536 0 +8.543814595e+00 +5.150381460e+01 +5.150381460e+01 +1.3937e+00 +2.4067e+00 -3.3967e+00 +9.8952e-01 +1.2685e+00
767 0 +7.713295353e+00 +5.067329535e+01 +5.067329535e+01 +1.6132e+00 +1.6827e+00 -3.3522e+00 +9.7655e-01 +1.2380e+00
768 0 +7.369790912e+00 +5.032979091e+01 +5.032979091e+01 +1.6257e+00 +1.7532e+00 -3.3709e+00 +9.8140e-01 +1.2191e+00
778 0 +4.309864680e+00 +4.726986468e+01 +4.726986468e+01 +1.5742e+00 +1.7667e+00 -3.4234e+00 +1.0191e+00 +1.2337e+00
876 0 +2.630709454e+00 +4.559070945e+01 +4.559070945e+01 +1.5349e+00 +1.7299e+00 -3.3503e+00 +1.0001e+00 +1.2573e+00
909 0 +2.598473388e+00 +4.555847339e+01 +4.555847339e+01 +1.4669e+00 +1.7523e+00 -3.3571e+00 +1.0268e+00 +1.2542e+00
956 0 +2.499794462e+00 +4.545979446e+01 +4.545979446e+01 +1.4896e+00 +1.7389e+00 -3.3946e+00 +1.0325e+00 +1.2527e+00
981 0 +2.408500434e+00 +4.536850043e+01 +4.536850043e+01 +1.5202e+00 +1.7674e+00 -3.3576e+00 +1.0290e+00 +1.2509e+00
991 0 +2.403804030e+00 +4.536380403e+01 +4.536380403e+01 +1.5121e+00 +1.7074e+00 -3.3592e+00 +1.0216e+00 +1.2649e+00
992 0 +2.028177534e+00 +4.498817753e+01 +4.498817753e+01 +1.5109e+00 +1.7357e+00 -3.3677e+00 +1.0199e+00 +1.2612e+00
1107 0 +2.005713352e+00 +4.496571335e+01 +4.496571335e+01 +1.5107e+00 +1.7343e+00 -3.3648e+00 +1.0231e+00 +1.2502e+00
1108 0 +2.003025450e+00 +4.496302545e+01 +4.496302545e+01 +1.5067e+00 +1.7346e+00 -3.3655e+00 +1.0218e+00 +1.2538e+00
% f evaluations | g evaluations | best noise-free fitness - Fopt (2.842200000000e+02) + sum g_i+ | measured fitness | best measured fitness or single-digit g-values | x1 | x2...
1 0 +1.151310287e+02 +3.993510287e+02 +3.993510287e+02 +5.9671e-01 -3.8264e-02 +7.4769e-01 +1.6230e+00 -1.3415e-01
2 0 +1.149715815e+02 +3.991915815e+02 +3.991915815e+02 -1.3414e-01 +1.6792e+00 +8.6743e-01 -3.6947e-01 +6.4256e-01
11 0 +5.437298342e+01 +3.385929834e+02 +3.385929834e+02 +4.2408e-01 -2.8508e-01 -5.7692e-01 +7.1168e-01 +1.1310e+00
42 0 +4.214843572e+01 +3.263684357e+02 +3.263684357e+02 -1.0682e+00 +1.0473e+00 -1.4569e+00 +1.5461e+00 +1.8568e+00
76 0 +4.090025371e+01 +3.251202537e+02 +3.251202537e+02 -1.5367e+00 +1.1484e+00 -1.6184e+00 +1.8887e+00 +2.1110e+00
77 0 +2.413813806e+01 +3.083581381e+02 +3.083581381e+02 -3.0203e+00 -2.0610e-01 -1.1514e+00 +2.5833e+00 +2.5374e+00
238 0 +1.800972127e+01 +3.022297213e+02 +3.022297213e+02 -1.8786e+00 +5.1965e-01 -1.5268e+00 +2.2171e+00 +1.5599e+00
342 0 +1.687709224e+01 +3.010970922e+02 +3.010970922e+02 -3.1020e+00 +1.4043e+00 -5.0649e-01 +1.4110e+00 +1.8453e+00
577 0 +1.328196360e+01 +2.975019636e+02 +2.975019636e+02 -2.0546e+00 +1.4098e+00 -1.6599e+00 +1.7273e+00 +1.8542e+00
601 0 +8.764069802e+00 +2.929840698e+02 +2.929840698e+02 -2.2106e+00 +1.3380e+00 -1.6516e+00 +1.8331e+00 +1.8292e+00
754 0 +6.534317798e+00 +2.907543178e+02 +2.907543178e+02 -2.1470e+00 +1.3149e+00 -1.6369e+00 +1.8237e+00 +1.8437e+00
851 0 +6.361527918e+00 +2.905815279e+02 +2.905815279e+02 -2.1235e+00 +1.3239e+00 -1.6538e+00 +1.8055e+00 +1.8366e+00
854 0 +6.351116379e+00 +2.905711164e+02 +2.905711164e+02 -2.1351e+00 +1.3337e+00 -1.6578e+00 +1.8146e+00 +1.8468e+00
882 0 +6.321785523e+00 +2.905417855e+02 +2.905417855e+02 -2.0644e+00 +1.3026e+00 -1.6425e+00 +1.8244e+00 +1.8467e+00
884 0 +6.236820347e+00 +2.904568203e+02 +2.904568203e+02 -2.0804e+00 +1.3540e+00 -1.6354e+00 +1.8306e+00 +1.8408e+00
894 0 +6.159883610e+00 +2.903798836e+02 +2.903798836e+02 -2.0915e+00 +1.3250e+00 -1.6685e+00 +1.8144e+00 +1.8429e+00
939 0 +6.144924986e+00 +2.903649250e+02 +2.903649250e+02 -2.0720e+00 +1.3384e+00 -1.6482e+00 +1.8223e+00 +1.8422e+00
943 0 +6.106233039e+00 +2.903262330e+02 +2.903262330e+02 -2.1106e+00 +1.3308e+00 -1.6406e+00 +1.8282e+00 +1.8457e+00
969 0 +6.061385853e+00 +2.902813859e+02 +2.902813859e+02 -2.1050e+00 +1.3363e+00 -1.6506e+00 +1.8291e+00 +1.8432e+00
972 0 +6.043840370e+00 +2.902638404e+02 +2.902638404e+02 -2.1024e+00 +1.3447e+00 -1.6506e+00 +1.8131e+00 +1.8440e+00
978 0 +6.041211466e+00 +2.902612115e+02 +2.902612115e+02 -2.0859e+00 +1.3339e+00 -1.6385e+00 +1.8215e+00 +1.8427e+00
997 0 +6.033578531e+00 +2.902535785e+02 +2.902535785e+02 -2.1129e+00 +1.3391e+00 -1.6400e+00 +1.8179e+00 +1.8433e+00
1011 0 +6.029889341e+00 +2.902498893e+02 +2.902498893e+02 -2.0856e+00 +1.3390e+00 -1.6515e+00 +1.8217e+00 +1.8441e+00
1012 0 +6.015609138e+00 +2.902356091e+02 +2.902356091e+02 -2.1006e+00 +1.3206e+00 -1.6457e+00 +1.8254e+00 +1.8424e+00
1019 0 +6.011977387e+00 +2.902319774e+02 +2.902319774e+02 -2.1025e+00 +1.3190e+00 -1.6400e+00 +1.8190e+00 +1.8411e+00
1054 0 +6.005863767e+00 +2.902258638e+02 +2.902258638e+02 -2.0958e+00 +1.3311e+00 -1.6485e+00 +1.8202e+00 +1.8379e+00
1057 0 +6.005744753e+00 +2.902257448e+02 +2.902257448e+02 -2.0966e+00 +1.3357e+00 -1.6528e+00 +1.8252e+00 +1.8403e+00
1060 0 +5.991200347e+00 +2.902112003e+02 +2.902112003e+02 -2.1007e+00 +1.3296e+00 -1.6529e+00 +1.8208e+00 +1.8391e+00
1123 0 +5.983191994e+00 +2.902031920e+02 +2.902031920e+02 -2.0986e+00 +1.3300e+00 -1.6514e+00 +1.8201e+00 +1.8396e+00
% f evaluations | g evaluations | best noise-free fitness - Fopt (-3.217000000000e+01) + sum g_i+ | measured fitness | best measured fitness or single-digit g-values | x1 | x2...
1 0 +4.090506357e+02 +3.768806357e+02 +3.768806357e+02 +5.9671e-01 -3.8264e-02 +7.4769e-01 +1.6230e+00 -1.3415e-01
3 0 +1.329801551e+02 +1.008101551e+02 +1.008101551e+02 -3.6342e-01 -3.6573e-01 +3.4196e-01 -1.8133e+00 -1.6249e+00
10 0 +1.089214680e+02 +7.675146796e+01 +7.675146796e+01 -6.1984e-01 -3.6064e-01 +1.1571e+00 +4.4362e-01 -1.6630e+00
15 0 +9.984044688e+01 +6.767044688e+01 +6.767044688e+01 +4.6140e-01 +1.6380e+00 +6.4174e-02 +1.6646e+00 -2.5197e+00
26 0 +6.226138944e+01 +3.009138944e+01 +3.009138944e+01 +2.7417e+00 +1.7378e+00 -7.6244e-01 -9.9488e-01 -3.4406e+00
27 0 +6.070361469e+01 +2.853361469e+01 +2.853361469e+01 +1.9532e+00 +6.3136e-02 -6.0895e-01 -2.7723e-02 -3.7086e+00
30 0 +4.204164803e+01 +9.871648032e+00 +9.871648032e+00 +1.4803e+00 +1.1640e+00 +4.5480e-01 -8.9328e-01 -3.4737e+00
84 0 +3.887569023e+01 +6.705690234e+00 +6.705690234e+00 +6.2958e-01 +3.9405e-01 +4.9611e-01 +1.1699e-01 -4.0079e+00
90 0 +3.853558433e+01 +6.365584333e+00 +6.365584333e+00 +1.3544e+00 -2.7300e-01 -2.9607e-01 -1.3268e+00 -3.7430e+00
110 0 +3.365998519e+01 +1.489985194e+00 +1.489985194e+00 +2.4622e+00 +2.7370e+00 +3.7500e-01 -9.7557e-01 -3.1656e+00
155 0 +3.196626149e+01 -2.037385131e-01 -2.037385131e-01 +1.5357e+00 +1.9410e+00 +1.2669e+00 -4.9030e-01 -2.9150e+00
252 0 +2.585055767e+01 -6.319442329e+00 -6.319442329e+00 -5.8040e-01 +4.7118e-01 +3.0940e-02 -4.7059e-01 -3.3124e+00
311 0 +2.453297591e+01 -7.637024090e+00 -7.637024090e+00 +1.2950e+00 +1.8836e+00 +5.3421e-02 -4.9521e-01 -3.0430e+00
319 0 +1.361576827e+01 -1.855423173e+01 -1.855423173e+01 +2.3473e+00 +1.9362e+00 -1.5617e-01 -1.0999e-01 -3.0769e+00
505 0 +9.276020464e+00 -2.289397954e+01 -2.289397954e+01 +1.4173e+00 +1.8031e+00 -1.8330e-01 -5.1817e-01 -3.0525e+00
688 0 +9.083983408e+00 -2.308601659e+01 -2.308601659e+01 +1.4763e+00 +1.9120e+00 -1.5454e-01 -5.9038e-01 -3.0742e+00
702 0 +7.906301668e+00 -2.426369833e+01 -2.426369833e+01 +1.3541e+00 +1.8527e+00 -1.1698e-01 -5.5911e-01 -3.0634e+00
724 0 +7.824481787e+00 -2.434551821e+01 -2.434551821e+01 +1.4567e+00 +1.8670e+00 -1.7234e-01 -5.5460e-01 -3.0327e+00
730 0 +6.211616642e+00 -2.595838336e+01 -2.595838336e+01 +1.4204e+00 +1.8756e+00 -1.6542e-01 -5.7256e-01 -3.2869e+00
779 0 +6.098900747e+00 -2.607109925e+01 -2.607109925e+01 +1.4378e+00 +1.8604e+00 -1.5080e-01 -5.5171e-01 -3.0793e+00
940 0 +6.087973674e+00 -2.608202633e+01 -2.608202633e+01 +1.4445e+00 +1.8452e+00 -1.3891e-01 -5.4885e-01 -3.0705e+00
973 0 +6.063691265e+00 -2.610630874e+01 -2.610630874e+01 +1.4507e+00 +1.8603e+00 -1.3457e-01 -5.5162e-01 -3.0725e+00
1096 0 +6.010948959e+00 -2.615905104e+01 -2.615905104e+01 +1.4389e+00 +1.8561e+00 -1.4087e-01 -5.4487e-01 -3.0749e+00
1115 0 +6.004558086e+00 -2.616544191e+01 -2.616544191e+01 +1.4402e+00 +1.8527e+00 -1.4139e-01 -5.4997e-01 -3.0788e+00
1150 0 +5.986582023e+00 -2.618341798e+01 -2.618341798e+01 +1.4451e+00 +1.8541e+00 -1.4084e-01 -5.4388e-01 -3.0802e+00
% f evaluations | g evaluations | best noise-free fitness - Fopt (-5.858000000000e+01) + sum g_i+ | measured fitness | best measured fitness or single-digit g-values | x1 | x2...
1 0 +3.587055980e+02 +3.001255980e+02 +3.001255980e+02 +5.9671e-01 -3.8264e-02 +7.4769e-01 +1.6230e+00 -1.3415e-01
3 0 +1.811120990e+02 +1.225320990e+02 +1.225320990e+02 -3.6342e-01 -3.6573e-01 +3.4196e-01 -1.8133e+00 -1.6249e+00
4 0 +1.555307745e+02 +9.695077450e+01 +9.695077450e+01 -4.6229e-01 -9.1283e-01 +4.1425e-01 -8.0802e-01 -1.3123e+00
10 0 +1.185964731e+02 +6.001647308e+01 +6.001647308e+01 -6.1984e-01 -3.6064e-01 +1.1571e+00 +4.4362e-01 -1.6630e+00
16 0 +1.173139190e+02 +5.873391899e+01 +5.873391899e+01 +9.2190e-01 +1.8705e-01 -1.9901e-01 +1.9176e-01 -1.8876e+00
26 0 +8.236034787e+01 +2.378034787e+01 +2.378034787e+01 -3.3285e-01 -1.5129e+00 -4.6673e-01 +8.7437e-01 -4.7932e+00
30 0 +6.650377887e+01 +7.923778869e+00 +7.923778869e+00 +2.2601e+00 +2.9297e-01 -1.5620e-01 +2.8601e-01 -2.8268e+00
32 0 +6.625582883e+01 +7.675828831e+00 +7.675828831e+00 -1.3662e+00 -8.2907e-01 +1.9453e+00 +1.1684e+00 -2.9618e+00
83 0 +5.832902579e+01 -2.509742058e-01 -2.509742058e-01 -3.8083e+00 -1.7215e+00 +3.7089e-01 +1.2834e+00 -2.9462e+00
97 0 +4.814594411e+01 -1.043405589e+01 -1.043405589e+01 +7.4770e-01 -2.2690e+00 +8.9066e-01 +1.0430e+00 -2.4624e+00
108 0 +4.771429894e+01 -1.086570106e+01 -1.086570106e+01 +5.4900e-01 -1.2589e+00 +1.4364e+00 +2.2703e+00 -3.3776e+00
123 0 +3.519857574e+01 -2.338142426e+01 -2.338142426e+01 +3.3092e+00 -2.4845e+00 +1.0491e+00 +3.5826e+00 -3.8936e+00
241 0 +2.078437275e+01 -3.779562725e+01 -3.779562725e+01 +3.4264e+00 -3.2911e+00 +1.5764e+00 +1.8001e+00 -3.5567e+00
298 0 +1.288027657e+01 -4.569972343e+01 -4.569972343e+01 +1.4980e+00 -1.7912e+00 +4.5072e-01 +1.9069e+00 -3.1787e+00
464 0 +1.179331667e+01 -4.678668333e+01 -4.678668333e+01 +1.6656e+00 -2.4622e+00 +3.3838e-01 +1.7980e+00 -3.8723e+00
516 0 +8.395269746e+00 -5.018473025e+01 -5.018473025e+01 +1.5543e+00 -1.7107e+00 +9.0004e-01 +1.4545e+00 -3.1886e+00
611 0 +6.313417014e+00 -5.226658299e+01 -5.226658299e+01 +2.4810e+00 -1.6462e+00 +9.8307e-01 +1.8310e+00 -3.2442e+00
905 0 +6.305799801e+00 -5.227420020e+01 -5.227420020e+01 +1.5877e+00 -1.6583e+00 +3.3795e-01 +1.4855e+00 -3.2298e+00
913 0 +5.388498144e+00 -5.319150186e+01 -5.319150186e+01 +1.6086e+00 -1.6575e+00 +3.6196e-01 +1.4499e+00 -3.2379e+00
987 0 +5.213648642e+00 -5.336635136e+01 -5.336635136e+01 +1.5949e+00 -1.7023e+00 +3.8970e-01 +1.4564e+00 -3.2362e+00
1030 0 +5.199269903e+00 -5.338073010e+01 -5.338073010e+01 +1.5919e+00 -1.7070e+00 +3.7983e-01 +1.4587e+00 -3.2361e+00
1031 0 +5.195943053e+00 -5.338405695e+01 -5.338405695e+01 +1.5842e+00 -1.6887e+00 +3.9710e-01 +1.4584e+00 -3.2201e+00
1047 0 +5.105167444e+00 -5.347483256e+01 -5.347483256e+01 +1.5847e+00 -1.6706e+00 +3.6346e-01 +1.4536e+00 -3.2274e+00
1065 0 +5.029118922e+00 -5.355088108e+01 -5.355088108e+01 +1.5857e+00 -1.6817e+00 +3.7851e-01 +1.4637e+00 -3.2258e+00
1109 0 +5.026804265e+00 -5.355319573e+01 -5.355319573e+01 +1.5917e+00 -1.6791e+00 +3.8935e-01 +1.4587e+00 -3.2263e+00
1119 0 +5.020387318e+00 -5.355961268e+01 -5.355961268e+01 +1.6006e+00 -1.6784e+00 +3.7282e-01 +1.4558e+00 -3.2308e+00
1124 0 +4.984684994e+00 -5.359531501e+01 -5.359531501e+01 +1.5901e+00 -1.6787e+00 +3.7834e-01 +1.4606e+00 -3.2274e+00
