% f evaluations | g evaluations | best noise-free fitness - Fopt (1.000000000000e+03) + sum g_i+ | measured fitness | best measured fitness or single-digit g-values | x1 | x2...
1 0 +2.984910205e+02 +1.298491020e+03 +1.298491020e+03 +5.9671e-01 -3.8264e-02 +7.4769e-01 +1.6230e+00 -1.3415e-01 -1.3414e-01 +1.6792e+00 +8.6743e-01 -3.6947e-01 +6.4256e-01
4 0 +2.938053637e+02 +1.293805364e+03 +1.293805364e+03 -5.0171e-01 +1.9523e+00 +8.6503e-02 -9.5771e-01 +9.2254e-01 -1.1208e+00 +3.0886e-01 -1.8597e+00 -1.2282e+00 +2.9686e-01
5 0 +2.686715148e+02 +1.268671515e+03 +1.268671515e+03 +8.3847e-01 +2.7137e-01 -1.5648e-02 -2.0110e-01 -1.3785e+00 -6.1984e-01 -3.6064e-01 +1.1571e+00 +4.4362e-01 -1.6630e+00
6 0 +2.376751905e+02 +1.237675191e+03 +1.237675191e+03 +4.2408e-01 -2.8508e-01 -5.7692e-01 +7.1168e-01 +1.1310e+00 +1.0313e+00 -7.3922e-01 -2.0921e-01 +4.3126e-01 +1.0755e+00
40 0 +2.070141682e+02 +1.207014168e+03 +1.207014168e+03 -7.9841e-01 +5.9192e-01 -1.2202e+00 +1.9315e+00 +1.2794e+00 -3.6918e-01 -1.6131e+00 +1.4539e+00 -1.4540e-02 +1.3378e+00
51 0 +1.984776490e+02 +1.198477649e+03 +1.198477649e+03 +8.0960e-01 +8.5026e-01 +8.8875e-01 +1.8835e+00 +2.2790e+00 -2.5659e+00 -3.9298e-01 +9.1192e-01 +7.5335e-01 +1.0600e+00
53 0 +1.948660038e+02 +1.194866004e+03 +1.194866004e+03 -7.0362e-01 +1.2265e-01 -1.1179e+00 +1.1024e+00 +6.8279e-01 -1.9423e+00 -2.0222e+00 +1.7622e+00 +3.8609e-01 +5.6977e-01
54 0 +1.793783597e+02 +1.179378360e+03 +1.179378360e+03 +4.9930e-01 +1.1863e+00 +1.6022e+00 +8.6512e-01 +1.0324e+00 -1.3374e+00 -1.2137e+00 -6.0586e-01 +5.0219e-01 +1.3175e-01
106 0 +1.354744455e+02 +1.135474446e+03 +1.135474446e+03 -1.0627e+00 +2.7165e+00 +1.0281e+00 +1.7657e+00 +2.4555e+00 -1.7917e+00 -2.0080e+00 +5.3001e-01 -1.4070e+00 -4.2131e-01
120 0 +1.282309724e+02 +1.128230972e+03 +1.128230972e+03 -5.7516e-01 -2.2796e-01 +2.5356e+00 +3.3020e+00 +1.4802e+00 -2.1354e+00 -2.5464e+00 +8.6512e-01 +8.2621e-01 -2.9044e-01
254 0 +1.102255593e+02 +1.110225559e+03 +1.110225559e+03 -1.2058e+00 +1.7183e+00 +1.4283e+00 +3.8984e+00 +3.2552e+00 -3.7479e+00 -2.0032e+00 +4.9202e-01 -1.9186e+00 -1.1231e+00
354 0 +1.097279557e+02 +1.109727956e+03 +1.109727956e+03 -4.7605e+00 +1.7610e+00 +2.4594e+00 +3.3759e+00 -5.0056e-01 -4.9933e+00 -1.8394e+00 +6.3957e-01 -1.2395e+00 -8.8076e-01
362 0 +1.086970050e+02 +1.108697005e+03 +1.108697005e+03 -2.1021e+00 +1.8084e+00 +7.7738e-01 +3.4393e+00 -4.3698e-02 -3.1252e+00 -9.1679e-01 +3.1069e+00 -2.9458e+00 -1.4311e+00
363 0 +1.073269549e+02 +1.107326955e+03 +1.107326955e+03 -2.5916e+00 +3.3947e+00 +3.3258e+00 +2.7771e+00 +2.7227e+00 -2.3137e+00 -2.1825e+00 +1.9045e+00 -2.4351e+00 -4.5684e-01
408 0 +1.072480827e+02 +1.107248083e+03 +1.107248083e+03 -1.2893e+00 +2.4408e+00 +3.4544e+00 +3.3263e+00 +1.5516e+00 -3.6983e+00 -1.1453e+00 +5.4754e-01 -1.0531e+00 -2.7464e+00
411 0 +9.545650901e+01 +1.095456509e+03 +1.095456509e+03 -1.0371e+00 +9.2814e-01 +2.5631e+00 +2.6016e+00 +2.4751e+00 -1.0902e+00 -1.6396e+00 +1.1465e+00 -2.0642e+00 -4.5531e-01
479 0 +8.719003672e+01 +1.087190037e+03 +1.087190037e+03 -1.5464e+00 +2.4110e+00 +3.4242e+00 +3.5544e+00 +5.3580e-01 -1.5590e+00 -2.1883e+00 +9.1927e-01 -2.9075e+00 +8.1213e-01
506 0 +7.384576548e+01 +1.073845765e+03 +1.073845765e+03 -9.5440e-01 +3.2194e+00 +1.6530e+00 +3.3406e+00 +1.5173e+00 -3.2329e+00 -1.3845e+00 +9.2053e-01 -2.4935e+00 -3.5086e+00
556 0 +6.901032249e+01 +1.069010322e+03 +1.069010322e+03 -1.7287e+00 +2.2019e+00 +2.3824e+00 +3.3262e+00 +1.6875e+00 -2.6776e+00 -1.3499e+00 -6.4038e-01 -2.4547e+00 +6.7421e-02
926 0 +6.848578621e+01 +1.068485786e+03 +1.068485786e+03 -2.2410e+00 +2.7717e+00 +2.8963e+00 +3.2524e+00 +2.0892e+00 -2.0561e+00 -1.7149e+00 +9.3775e-01 -1.8036e+00 -6.3942e-01
970 0 +6.647715696e+01 +1.066477157e+03 +1.066477157e+03 -2.5041e+00 +2.7743e+00 +3.2048e+00 +2.5973e+00 +2.8011e+00 -1.9994e+00 -2.9855e+00 +8.3150e-01 -2.0821e+00 -2.6114e-01
998 0 +5.132593819e+01 +1.051325938e+03 +1.051325938e+03 -3.0111e+00 +2.7450e+00 +2.5375e+00 +3.2118e+00 +2.0302e+00 -3.1079e+00 -1.7139e+00 +4.2346e-01 -2.4867e+00 -6.4913e-01
1928 0 +5.002119507e+01 +1.050021195e+03 +1.050021195e+03 -3.2399e+00 +2.3297e+00 +3.9158e+00 +3.8274e+00 +1.9962e+00 -3.3458e+00 -1.9970e+00 -4.4393e-01 -2.4098e+00 -1.0395e+00
2027 0 +4.797303565e+01 +1.047973036e+03 +1.047973036e+03 -3.3708e+00 +1.9950e+00 +3.4743e+00 +3.3303e+00 +2.4367e+00 -3.5364e+00 -1.4109e+00 -8.7827e-01 -1.3628e+00 -1.1986e+00
% f evaluations | g evaluations | best noise-free fitness - Fopt (7.003000000000e+01) + sum g_i+ | measured fitness | best measured fitness or single-digit g-values | x1 | x2...
1 0 +4.690146268e+02 +5.390446268e+02 +5.390446268e+02 +5.9671e-01 -3.8264e-02 +7.4769e-01 +1.6230e+00 -1.3415e-01 -1.3414e-01 +1.6792e+00 +8.6743e-01 -3.6947e-01 +6.4256e-01
2 0 +4.259955140e+02 +4.960255140e+02 +4.960255140e+02 -3.6342e-01 -3.6573e-01 +3.4196e-01 -1.8133e+00 -1.6249e+00 -4.6229e-01 -9.1283e-01 +4.1425e-01 -8.0802e-01 -1.3123e+00
3 0 +3.624191263e+02 +4.324491263e+02 +4.324491263e+02 +1.5656e+00 -1.2578e-01 +1.6753e-01 -1.3247e+00 -4.4438e-01 +2.1092e-01 -1.0510e+00 +4.7570e-01 -5.0064e-01 -1.9169e-01
5 0 +3.389819524e+02 +4.090119524e+02 +4.090119524e+02 +8.3847e-01 +2.7137e-01 -1.5648e-02 -2.0110e-01 -1.3785e+00 -6.1984e-01 -3.6064e-01 +1.1571e+00 +4.4362e-01 -1.6630e+00
10 0 +3.239878079e+02 +3.940178079e+02 +3.940178079e+02 +1.9708e-01 +1.0686e+00 -6.0205e-01 -2.2766e-01 -2.9211e-01 -1.3635e+00 +3.9612e-01 +3.6106e-01 +1.0511e-01 -1.3459e-01
27 0 +2.355858842e+02 +3.056158842e+02 +3.056158842e+02 -8.2693e-01 +4.0475e-02 -3.1413e+00 -9.2439e-01 -1.5257e-01 -1.1478e+00 +1.7324e+00 -1.3301e+00 -3.4004e-01 +2.3074e-01
57 0 +1.235748641e+02 +1.936048641e+02 +1.936048641e+02 -6.0808e-01 -1.7143e+00 -3.3125e+00 -8.3945e-01 -7.8657e-01 -2.3648e+00 -9.7536e-01 +5.5134e-01 -3.6223e-01 +3.0032e-01
352 0 +1.018886223e+02 +1.719186223e+02 +1.719186223e+02 -1.5851e-01 -1.9995e+00 -3.2383e+00 -1.9652e+00 +7.8255e-02 -3.7086e+00 -8.9925e-01 +2.1892e-01 -2.0538e+00 -1.9428e+00
451 0 +9.309643934e+01 +1.631264393e+02 +1.631264393e+02 -3.1600e-01 -2.0316e+00 -3.3086e+00 -1.5119e+00 -9.9616e-02 -3.1788e+00 +1.7610e-02 +1.2339e+00 -2.4807e+00 -2.8269e-01
454 0 +6.662033643e+01 +1.366503364e+02 +1.366503364e+02 -1.2684e+00 -1.8151e+00 -3.2542e+00 -5.6987e-01 -3.5373e-01 -2.6218e+00 -1.3948e+00 +9.3300e-01 -3.7982e+00 +5.5067e-01
563 0 +6.320646558e+01 +1.332364656e+02 +1.332364656e+02 -3.1866e-01 -3.1451e+00 -4.1155e+00 -2.4319e+00 +4.2563e-01 -3.6860e+00 -1.9285e+00 +1.9394e+00 -2.9171e+00 +5.3670e-01
658 0 +6.314386001e+01 +1.331738600e+02 +1.331738600e+02 -6.1219e-01 -2.3800e+00 -4.0394e+00 -1.4880e+00 -8.1128e-01 -3.8657e+00 -5.4815e-01 +1.5195e+00 -2.5017e+00 +5.1935e-01
669 0 +5.918527670e+01 +1.292152767e+02 +1.292152767e+02 -6.4306e-01 -2.6408e+00 -3.3476e+00 -1.2164e+00 +2.9729e-02 -3.6218e+00 -2.8047e-01 +1.9980e+00 -3.6551e+00 +5.1923e-01
1389 0 +5.530957593e+01 +1.253395759e+02 +1.253395759e+02 -6.4049e-01 -3.3072e+00 -3.8421e+00 -1.7360e+00 +5.1927e-01 -3.6161e+00 -1.5447e+00 +1.2848e+00 -3.7346e+00 +4.1651e-01
% f evaluations | g evaluations | best noise-free fitness - Fopt (-4.822000000000e+01) + sum g_i+ | measured fitness | best measured fitness or single-digit g-values | x1 | x2...
1 0 +5.985105985e+02 +5.502905985e+02 +5.502905985e+02 +5.9671e-01 -3.8264e-02 +7.4769e-01 +1.6230e+00 -1.3415e-01 -1.3414e-01 +1.6792e+00 +8.6743e-01 -3.6947e-01 +6.4256e-01
8 0 +5.062778837e+02 +4.580578837e+02 +4.580578837e+02 +4.6140e-01 +1.6380e+00 +6.4174e-02 +1.6646e+00 -2.5197e+00 +9.2190e-01 +1.8705e-01 -1.9901e-01 +1.9176e-01 -1.8876e+00
19 0 +4.842947987e+02 +4.360747987e+02 +4.360747987e+02 +7.2567e-01 -7.5716e-01 -9.7089e-01 +5.8247e-01 -1.2346e-01 +8.1400e-01 +5.7324e-01 +2.7171e-02 -7.4679e-01 -1.4148e+00
35 0 +4.522011048e+02 +4.039811048e+02 +4.039811048e+02 -7.2222e-01 +3.4369e-01 +3.4497e-01 -4.0694e-01 -3.7104e-01 +3.3205e-01 -1.3481e+00 -1.3075e+00 -6.1844e-01 -1.1345e-01
44 0 +4.333077766e+02 +3.850877766e+02 +3.850877766e+02 -1.0833e+00 -1.9392e+00 -1.6941e-01 +8.1754e-01 +1.6024e+00 +1.7409e-01 +1.7286e+00 -1.2801e+00 -1.6034e+00 +4.4452e-02
45 0 +4.321406550e+02 +3.839206550e+02 +3.839206550e+02 +4.8407e-01 +6.7305e-02 -1.9674e+00 +1.0880e-02 -1.2045e+00 +7.6967e-01 +4.6660e-01 -8.3988e-01 -4.1387e-01 -9.5921e-01
51 0 +3.563234889e+02 +3.081034889e+02 +3.081034889e+02 +1.2509e-01 +1.3421e+00 -4.4867e+00 +3.6129e-01 -2.0530e+00 +9.8381e-01 -4.1939e-01 -2.0112e+00 -5.0363e-01 +1.2704e+00
52 0 +3.395082334e+02 +2.912882334e+02 +2.912882334e+02 -2.0488e+00 -2.3120e+00 +5.1144e-02 +4.9197e-01 -1.5194e-01 -1.4462e-01 +5.9478e-01 -1.2659e-01 -3.0725e+00 -1.4459e-02
53 0 +3.380876866e+02 +2.898676866e+02 +2.898676866e+02 +2.8326e-01 +2.1161e-01 -1.2748e+00 +3.1412e-01 -2.6381e+00 +1.1999e+00 -8.9942e-01 -1.7793e+00 -1.3477e+00 -2.5242e+00
55 0 +3.342707748e+02 +2.860507748e+02 +2.860507748e+02 -1.7773e-01 +5.7199e-01 -1.7430e+00 +2.0784e+00 -1.0882e-01 +7.0520e-01 -1.9310e-01 -1.7342e+00 -5.6929e-01 +1.8617e+00
57 0 +2.936963088e+02 +2.454763088e+02 +2.454763088e+02 -5.6806e-01 +1.2308e+00 -3.0441e+00 +1.9438e+00 -7.1777e-01 +1.7736e+00 -6.4657e-01 -7.3133e-01 -6.0462e-02 -1.2490e-01
60 0 +2.562719101e+02 +2.080519101e+02 +2.080519101e+02 -6.3252e-01 +4.5042e-01 -2.4428e-02 +1.5221e+00 -2.5060e+00 +4.1651e-01 +6.3835e-01 -2.5222e-01 -1.5356e+00 +1.1760e+00
101 0 +2.216516174e+02 +1.734316174e+02 +1.734316174e+02 -7.8602e-01 -1.0823e+00 -3.6897e+00 +3.4799e+00 -1.2550e+00 +2.4251e+00 -2.1957e+00 -5.0384e-01 -3.1775e+00 +1.9767e+00
105 0 +2.070730336e+02 +1.588530336e+02 +1.588530336e+02 -6.8501e-01 +1.8429e+00 -2.4730e+00 +1.5595e+00 -2.1886e+00 +4.1391e-01 -1.4620e+00 -4.6492e-01 -3.8808e+00 +2.1891e+00
109 0 +1.933483084e+02 +1.451283084e+02 +1.451283084e+02 -2.4895e+00 +1.1743e+00 -2.4743e+00 +3.4641e+00 -1.3253e+00 +2.0528e+00 -7.3026e-01 +4.3186e-01 -1.3472e+00 +1.5672e+00
115 0 +1.837301221e+02 +1.355101221e+02 +1.355101221e+02 -1.2861e+00 +1.0133e+00 -2.7907e+00 +3.6192e-01 -1.1262e+00 +1.9112e+00 -1.2541e+00 +1.9511e+00 -2.5739e+00 +1.6254e+00
159 0 +1.799297119e+02 +1.317097119e+02 +1.317097119e+02 -2.9490e+00 -1.0472e+00 -4.7060e+00 -6.4189e-01 -3.2574e+00 +7.3855e-01 -2.7303e+00 +1.7709e+00 -2.2794e+00 +3.7334e+00
188 0 +1.639254348e+02 +1.157054348e+02 +1.157054348e+02 -1.5762e+00 -3.8875e-01 -3.0996e+00 +2.7714e+00 +1.5143e-01 +4.1101e+00 -3.3854e+00 -5.0270e-01 -4.3119e+00 +1.5358e+00
225 0 +1.600828400e+02 +1.118628400e+02 +1.118628400e+02 -2.8756e-01 +4.3987e-02 +6.6122e-01 -1.5128e-01 -1.1227e+00 +4.6025e+00 -1.4278e+00 +1.0024e+00 -3.4417e+00 +4.4437e+00
302 0 +1.349995025e+02 +8.677950254e+01 +8.677950254e+01 -2.0997e+00 +1.5539e+00 -3.3746e+00 +1.4131e+00 -2.7609e+00 +3.0125e+00 -2.8295e+00 +1.4911e-01 -9.9777e-01 +2.8324e+00
402 0 +1.177747048e+02 +6.955470481e+01 +6.955470481e+01 -2.0498e+00 -2.2101e+00 -1.3326e+00 +4.4357e-01 -1.4514e+00 +4.1880e+00 -2.8715e+00 +1.0594e+00 -4.9263e+00 +2.7205e+00
410 0 +1.122854742e+02 +6.406547418e+01 +6.406547418e+01 -1.7806e+00 +9.2347e-01 -1.9557e+00 -4.8429e-01 -2.2267e+00 +3.3415e+00 -4.0325e+00 +1.1291e-01 -2.6433e+00 +2.6866e+00
505 0 +9.167913697e+01 +4.345913697e+01 +4.345913697e+01 -2.1501e+00 -7.4100e-01 -2.2850e+00 +9.7357e-01 -4.6293e+00 +2.2662e+00 -2.9609e+00 +1.1964e+00 -2.1207e+00 +3.6547e+00
570 0 +6.586739097e+01 +1.764739097e+01 +1.764739097e+01 -1.1111e+00 -8.6151e-01 -2.2500e+00 +3.4981e-01 -2.0092e+00 +4.0752e+00 -3.0485e+00 -7.0530e-01 -2.3115e+00 +4.4088e+00
705 0 +6.107701330e+01 +1.285701330e+01 +1.285701330e+01 -1.5113e+00 -4.5254e-01 -3.3828e+00 -8.8809e-03 -2.5939e+00 +4.1627e+00 -2.6365e+00 +1.1812e+00 -3.0417e+00 +3.2511e+00
945 0 +5.544075714e+01 +7.220757136e+00 +7.220757136e+00 -1.3893e+00 -4.8754e-01 -3.1005e+00 -4.5681e-01 -3.5523e+00 +4.5796e+00 -4.1447e+00 -1.6878e-01 -1.7453e+00 +2.9841e+00
988 0 +3.831492253e+01 -9.905077475e+00 -9.905077475e+00 -1.1218e+00 -7.1450e-02 -2.1336e+00 -6.4473e-01 -4.3646e+00 +3.2989e+00 -3.6266e+00 +7.8456e-01 -2.7321e+00 +3.9042e+00
% f evaluations | g evaluations | best noise-free fitness - Fopt (2.547000000000e+01) + sum g_i+ | measured fitness | best measured fitness or single-digit g-values | x1 | x2...
1 0 +4.380488020e+02 +4.635188020e+02 +4.635188020e+02 +5.9671e-01 -3.8264e-02 +7.4769e-01 +1.6230e+00 -1.3415e-01 -1.3414e-01 +1.6792e+00 +8.6743e-01 -3.6947e-01 +6.4256e-01
2 0 +2.529510905e+02 +2.784210905e+02 +2.784210905e+02 -3.6342e-01 -3.6573e-01 +3.4196e-01 -1.8133e+00 -1.6249e+00 -4.6229e-01 -9.1283e-01 +4.1425e-01 -8.0802e-01 -1.3123e+00
11 0 +2.305142672e+02 +2.559842672e+02 +2.559842672e+02 -1.3154e+00 -3.2065e-01 -2.4271e-01 -7.0228e-01 -6.1286e-02 +5.0405e-01 +1.9862e+00 +2.7458e-01 +3.5755e-01 +2.5554e-02
14 0 +2.216462330e+02 +2.471162330e+02 +2.471162330e+02 -1.4507e+00 +1.6856e-01 -9.6230e-01 +5.7359e-01 -8.1942e-01 +1.6499e+00 -6.8325e-01 -2.2206e-01 +9.1352e-01 -1.1309e+00
39 0 +2.079405809e+02 +2.334105809e+02 +2.334105809e+02 -7.3972e-01 -4.9939e-01 -2.0239e+00 -4.2576e-01 -6.5913e-01 +2.5039e-01 +4.4176e-01 +1.9762e+00 +1.0504e+00 -4.7690e-01
52 0 +2.076516529e+02 +2.331216529e+02 +2.331216529e+02 -2.4258e+00 -1.1802e+00 +1.1124e+00 -2.5904e-01 -1.4713e+00 -1.0364e+00 -7.0647e-01 +2.0407e+00 +8.0784e-01 -8.5123e-01
53 0 +1.966571019e+02 +2.221271019e+02 +2.221271019e+02 -7.9786e-01 -2.2937e-02 -2.4478e+00 -1.3145e+00 -1.3195e+00 +1.6590e+00 -8.2641e-01 +2.1376e+00 +9.3164e-01 -3.0479e+00
54 0 +1.875714465e+02 +2.130414465e+02 +2.130414465e+02 -2.2447e+00 +8.1512e-01 -8.9728e-01 -1.7855e+00 +1.6064e+00 -8.1929e-01 -1.7708e+00 +2.1822e+00 +1.2849e+00 -2.3610e+00
55 0 +1.549423428e+02 +1.804123428e+02 +1.804123428e+02 -2.9154e+00 -7.3295e-01 -2.4693e+00 -6.1614e-01 -4.7309e-01 -8.0236e-01 -1.3611e+00 -5.4100e-01 +2.0364e+00 -1.2812e+00
62 0 +1.548337822e+02 +1.803037822e+02 +1.803037822e+02 -2.7904e+00 -4.4111e-01 -2.0850e+00 +1.1049e+00 +1.0571e-01 -7.0982e-01 +3.7602e-02 +9.1702e-01 +1.0909e+00 -1.3831e+00
103 0 +1.184618124e+02 +1.439318124e+02 +1.439318124e+02 -4.1678e+00 -2.0513e+00 -1.4472e+00 -2.6076e+00 -1.8829e-02 +2.1136e+00 -1.8686e+00 +2.8216e+00 +4.3882e+00 -1.6684e+00
113 0 +8.583272734e+01 +1.113027273e+02 +1.113027273e+02 -4.0271e+00 -2.5117e+00 -1.7105e+00 +3.9513e-01 -1.2779e+00 -3.9567e-01 -7.0668e-01 -9.7843e-01 +2.9812e+00 -2.1642e+00
501 0 +8.081457467e+01 +1.062845747e+02 +1.062845747e+02 -4.0403e+00 -1.8050e+00 +2.0816e-01 -2.3106e+00 -1.3341e+00 -5.0398e-01 -1.2770e+00 +1.5273e+00 +3.9418e+00 +3.0193e-02
590 0 +6.473452895e+01 +9.020452895e+01 +9.020452895e+01 -3.5913e+00 -1.0268e+00 -2.0138e+00 -2.0093e+00 -7.2699e-01 -7.5641e-01 -2.6088e+00 +3.5609e-01 +2.8489e+00 -1.1339e+00
623 0 +5.483535925e+01 +8.030535925e+01 +8.030535925e+01 -2.8938e+00 -2.0110e+00 -1.7369e+00 -2.6176e+00 -1.4687e+00 +3.6223e-02 -1.7324e+00 +1.3704e+00 +2.7030e+00 -9.7450e-01
1411 0 +5.455104882e+01 +8.002104882e+01 +8.002104882e+01 -3.9939e+00 -1.2392e+00 -2.2598e+00 -2.3491e+00 -2.7505e+00 -4.3722e-01 -1.1285e+00 +6.1221e-01 +3.9436e+00 +1.6178e-01
2083 0 +4.638162546e+01 +7.185162546e+01 +7.185162546e+01 -3.3113e+00 -2.5683e+00 -1.5177e+00 -1.7689e+00 -1.8603e+00 -5.9878e-01 -1.6478e+00 -1.0367e-01 +2.9625e+00 -5.9809e-01
% f evaluations | g evaluations | best noise-free fitness - Fopt (-1.008100000000e+02) + sum g_i+ | measured fitness | best measured fitness or single-digit g-values | x1 | x2...
1 0 +2.131168030e+02 +1.123068030e+02 +1.123068030e+02 +5.9671e-01 -3.8264e-02 +7.4769e-01 +1.6230e+00 -1.3415e-01 -1.3414e-01 +1.6792e+00 +8.6743e-01 -3.6947e-01 +6.4256e-01
3 0 +2.048179485e+02 +1.040079485e+02 +1.040079485e+02 +1.5656e+00 -1.2578e-01 +1.6753e-01 -1.3247e+00 -4.4438e-01 +2.1092e-01 -1.0510e+00 +4.7570e-01 -5.0064e-01 -1.9169e-01
6 0 +1.333763575e+02 +3.256635750e+01 +3.256635750e+01 +4.2408e-01 -2.8508e-01 -5.7692e-01 +7.1168e-01 +1.1310e+00 +1.0313e+00 -7.3922e-01 -2.0921e-01 +4.3126e-01 +1.0755e+00
51 0 +1.324810969e+02 +3.167109686e+01 +3.167109686e+01 +2.1933e+00 +1.8059e+00 +1.0849e+00 +6.7702e-01 +1.5302e+00 +8.2969e-02 -1.2093e+00 +9.1599e-01 -1.3586e+00 +7.2942e-01
54 0 +1.159772459e+02 +1.516724590e+01 +1.516724590e+01 +4.4703e-01 -1.8701e-01 +1.6489e-01 +3.2059e-01 +1.0166e+00 +5.0294e-01 -1.9363e-01 +9.4869e-01 -1.8735e+00 +8.7181e-01
66 0 +9.185715417e+01 -8.952845831e+00 -8.952845831e+00 +5.2656e-01 +3.3851e-01 +3.2547e-01 -7.3884e-01 +1.9944e+00 +9.4306e-01 +1.0573e+00 +1.5585e+00 -6.5166e-01 -4.4259e-01
183 0 +8.755261209e+01 -1.325738791e+01 -1.325738791e+01 -7.4679e-04 +8.2528e-02 -4.4361e-03 -3.7325e-02 +2.0923e+00 +1.3306e+00 -9.0554e-01 +1.3963e+00 -2.5082e+00 +9.9106e-01
322 0 +8.752053622e+01 -1.328946378e+01 -1.328946378e+01 -9.2000e-01 +4.4455e-01 +2.3093e+00 -7.2754e-01 +4.7114e+00 -1.5302e-02 +3.9994e-01 +2.9450e+00 -4.9758e+00 +7.5508e-01
366 0 +7.790228769e+01 -2.290771231e+01 -2.290771231e+01 -6.6520e-01 +9.7477e-01 +8.9226e-01 -7.1518e-01 +2.5033e+00 -1.2206e-01 -4.4403e-03 +1.9785e+00 -4.0090e+00 +1.8955e+00
474 0 +7.419677670e+01 -2.661322330e+01 -2.661322330e+01 +5.2548e-01 +1.1606e+00 +1.9565e+00 +5.0745e-01 +2.6537e+00 +1.1835e+00 -9.6250e-01 +2.9162e+00 -2.6174e+00 -7.0361e-01
480 0 +7.345739754e+01 -2.735260246e+01 -2.735260246e+01 +1.1180e+00 +5.3981e-01 -9.9513e-02 -9.2616e-01 +3.0583e+00 +1.3670e+00 -5.4170e-01 +3.2305e-01 -3.1804e+00 +1.1355e+00
560 0 +6.996289223e+01 -3.084710777e+01 -3.084710777e+01 +4.4348e-01 +3.1792e-01 +1.1160e+00 +5.0052e-02 +2.3405e+00 +2.2069e+00 +3.0097e-01 +1.5587e+00 -3.8363e+00 -1.5567e+00
578 0 +6.305056684e+01 -3.775943316e+01 -3.775943316e+01 +1.3309e+00 +1.3881e+00 +8.4609e-01 -9.4905e-01 +3.1359e+00 +2.2530e+00 -2.4589e-01 +2.3121e+00 -2.8508e+00 -8.5951e-01
606 0 +5.445264580e+01 -4.635735420e+01 -4.635735420e+01 +1.5487e+00 +1.0161e+00 +8.6745e-01 +7.5781e-01 +3.2616e+00 +1.6991e+00 +4.5244e-01 +8.6193e-01 -3.5035e+00 -1.6470e-01
633 0 +5.426693665e+01 -4.654306335e+01 -4.654306335e+01 +1.4981e+00 +2.8611e-01 +1.8051e+00 +1.0199e-01 +3.2066e+00 +2.9608e+00 +3.4597e-01 +1.0957e+00 -4.5351e+00 -1.2052e+00
783 0 +5.103988095e+01 -4.977011905e+01 -4.977011905e+01 +2.1324e+00 +1.2230e+00 +2.4413e+00 +1.0798e+00 +3.4154e+00 +2.2926e+00 +1.1130e+00 +1.7371e+00 -4.2451e+00 -1.8523e+00
1007 0 +4.064470850e+01 -6.016529150e+01 -6.016529150e+01 +1.3897e+00 +5.5347e-01 +2.3359e+00 +6.1863e-01 +3.2488e+00 +2.2642e+00 +9.6917e-01 +1.5229e+00 -4.0064e+00 -1.0892e+00
% f evaluations | g evaluations | best noise-free fitness - Fopt (-3.531300000000e+02) + sum g_i+ | measured fitness | best measured fitness or single-digit g-values | x1 | x2...
1 0 +3.447623710e+02 -8.367629021e+00 -8.367629021e+00 +5.9671e-01 -3.8264e-02 +7.4769e-01 +1.6230e+00 -1.3415e-01 -1.3414e-01 +1.6792e+00 +8.6743e-01 -3.6947e-01 +6.4256e-01
2 0 +2.900329853e+02 -6.309701472e+01 -6.309701472e+01 -3.6342e-01 -3.6573e-01 +3.4196e-01 -1.8133e+00 -1.6249e+00 -4.6229e-01 -9.1283e-01 +4.1425e-01 -8.0802e-01 -1.3123e+00
3 0 +2.655766200e+02 -8.755338001e+01 -8.755338001e+01 +1.5656e+00 -1.2578e-01 +1.6753e-01 -1.3247e+00 -4.4438e-01 +2.1092e-01 -1.0510e+00 +4.7570e-01 -5.0064e-01 -1.9169e-01
7 0 +2.462419201e+02 -1.068880799e+02 -1.068880799e+02 -3.7917e-01 -8.5659e-02 -1.0063e+00 -1.0962e+00 +9.1253e-01 +1.4562e+00 +2.7990e-02 +1.1035e+00 +4.6164e-01 -5.4512e-01
18 0 +1.835908094e+02 -1.695391906e+02 -1.695391906e+02 -7.8951e-01 -7.1581e-01 +2.2898e-02 +4.4115e-01 +3.7669e-01 +9.2718e-01 +1.1300e-01 +1.5535e+00 -1.6466e-01 +2.8202e+00
51 0 +1.565522666e+02 -1.965777334e+02 -1.965777334e+02 -1.0782e+00 -1.1248e+00 -1.5912e+00 -2.7718e-01 +5.7362e-01 +3.3754e-01 +4.9502e-01 +1.4125e+00 +5.7292e-01 +2.1695e+00
74 0 +1.394048556e+02 -2.137251444e+02 -2.137251444e+02 -7.8552e-01 -3.1505e-02 -6.2274e-01 -2.2036e+00 -5.5406e-01 -1.9918e-02 -7.3807e-01 +2.7902e+00 +1.1697e+00 +5.8983e-01
115 0 +1.147656983e+02 -2.383643017e+02 -2.383643017e+02 -1.6585e+00 +1.4720e+00 -7.8869e-01 -7.1975e-01 -2.6737e+00 -4.5709e-01 +2.0887e-01 +2.7551e+00 +3.6113e-01 +2.1951e+00
151 0 +9.716279740e+01 -2.559672026e+02 -2.559672026e+02 -1.9639e+00 -4.1380e-01 -1.2106e+00 -3.5005e+00 -6.8466e-01 +3.4887e-01 -9.4972e-01 +1.8083e+00 +1.0410e+00 +1.8230e+00
202 0 +9.293068867e+01 -2.601993113e+02 -2.601993113e+02 -2.6730e+00 +3.4261e-02 -5.5386e-01 -3.7987e+00 -1.9344e-01 -1.2126e+00 -1.0823e+00 +1.7101e+00 +5.3649e-01 +2.1883e+00
303 0 +7.555562047e+01 -2.775743795e+02 -2.775743795e+02 -1.0588e+00 -5.8554e-01 -1.8123e+00 -3.6696e+00 -8.6848e-04 +2.5284e-01 -2.0495e+00 +3.4937e+00 -1.5339e-01 +2.6693e+00
473 0 +6.547505760e+01 -2.876549424e+02 -2.876549424e+02 -1.9280e+00 +6.1209e-01 -1.9420e+00 -2.1382e+00 -1.0603e+00 -7.7245e-01 -1.2947e+00 +4.1512e+00 +1.2351e+00 +2.4011e+00
561 0 +5.360024027e+01 -2.995297597e+02 -2.995297597e+02 -4.4932e-01 +2.8050e-01 -2.2019e+00 -3.4777e+00 -9.0463e-01 -1.0024e-01 -2.2191e-01 +1.8564e+00 +1.6196e+00 +2.1984e+00
729 0 +4.021633714e+01 -3.129136629e+02 -3.129136629e+02 -2.0523e+00 +5.2371e-01 -1.6350e+00 -4.3169e+00 -9.7809e-01 +4.0438e-01 -1.7992e+00 +3.7786e+00 +2.1914e+00 +2.1871e+00
1347 0 +3.729680972e+01 -3.158331903e+02 -3.158331903e+02 -1.7135e+00 +2.8816e-01 -2.0565e+00 -3.1434e+00 -8.6528e-01 +5.7994e-01 -7.4023e-01 +2.3814e+00 +2.0418e+00 +2.1512e+00
1701 0 +3.604904335e+01 -3.170809567e+02 -3.170809567e+02 -2.0751e+00 +7.8396e-01 -2.1135e+00 -3.5371e+00 -1.1483e+00 -4.3303e-02 -1.0088e+00 +2.4878e+00 +2.0883e+00 +2.5936e+00
1851 0 +3.408660179e+01 -3.190433982e+02 -3.190433982e+02 -1.9780e+00 +6.4375e-01 -2.0452e+00 -3.4734e+00 -1.2452e+00 -1.7911e-01 -9.5638e-01 +2.4376e+00 +2.0951e+00 +2.4305e+00
1901 0 +3.021728381e+01 -3.229127162e+02 -3.229127162e+02 -1.8540e+00 +6.4159e-01 -2.2469e+00 -3.4253e+00 -1.3617e+00 -2.2535e-01 -9.1297e-01 +2.5405e+00 +2.1471e+00 +2.3867e+00
1951 0 +1.383586848e+01 -3.392941315e+02 -3.392941315e+02 -1.9279e+00 +6.5475e-01 -2.1082e+00 -3.4592e+00 -1.2742e+00 -2.8122e-01 -9.7466e-01 +2.4795e+00 +2.1796e+00 +2.4546e+00
2101 0 +1.374598197e+01 -3.393840180e+02 -3.393840180e+02 -1.7482e+00 +7.4093e-01 -2.1451e+00 -3.3822e+00 -1.1788e+00 -2.0242e-01 -9.0384e-01 +2.4948e+00 +2.0829e+00 +2.4581e+00
2151 0 +1.040213707e+01 -3.427278629e+02 -3.427278629e+02 -1.8558e+00 +7.7093e-01 -2.1874e+00 -3.4422e+00 -1.3235e+00 -2.6363e-01 -9.5864e-01 +2.4765e+00 +2.2402e+00 +2.4638e+00
2155 0 +1.037599115e+01 -3.427540088e+02 -3.427540088e+02 -1.8115e+00 +7.1735e-01 -2.1070e+00 -3.3909e+00 -1.1573e+00 -2.1354e-01 -9.5451e-01 +2.5420e+00 +2.1038e+00 +2.5183e+00
2201 0 +7.131413485e+00 -3.459985865e+02 -3.459985865e+02 -1.9022e+00 +7.1418e-01 -2.1829e+00 -3.4391e+00 -1.2428e+00 -2.1396e-01 -9.5596e-01 +2.4315e+00 +2.1885e+00 +2.4781e+00
2301 0 +5.750631435e+00 -3.473793686e+02 -3.473793686e+02 -1.8006e+00 +7.0794e-01 -2.2066e+00 -3.4359e+00 -1.1828e+00 -1.6397e-01 -9.2079e-01 +2.5387e+00 +2.1712e+00 +2.4402e+00
2351 0 +3.048438564e+00 -3.500815614e+02 -3.500815614e+02 -1.8171e+00 +7.0675e-01 -2.1801e+00 -3.4107e+00 -1.2072e+00 -2.1552e-01 -9.5046e-01 +2.4961e+00 +2.1595e+00 +2.4610e+00
% f evaluations | g evaluations | best noise-free fitness - Fopt (8.716000000000e+01) + sum g_i+ | measured fitness | best measured fitness or single-digit g-values | x1 | x2...
1 0 +3.064025736e+02 +3.935625736e+02 +3.935625736e+02 +5.9671e-01 -3.8264e-02 +7.4769e-01 +1.6230e+00 -1.3415e-01 -1.3414e-01 +1.6792e+00 +8.6743e-01 -3.6947e-01 +6.4256e-01
5 0 +2.847463446e+02 +3.719063446e+02 +3.719063446e+02 +8.3847e-01 +2.7137e-01 -1.5648e-02 -2.0110e-01 -1.3785e+00 -6.1984e-01 -3.6064e-01 +1.1571e+00 +4.4362e-01 -1.6630e+00
8 0 +2.176103578e+02 +3.047703578e+02 +3.047703578e+02 +4.6140e-01 +1.6380e+00 +6.4174e-02 +1.6646e+00 -2.5197e+00 +9.2190e-01 +1.8705e-01 -1.9901e-01 +1.9176e-01 -1.8876e+00
53 0 +2.020345646e+02 +2.891945646e+02 +2.891945646e+02 +1.2827e+00 +1.2087e+00 -2.8433e+00 +3.2061e+00 +7.1605e-01 -7.8264e-01 +1.1029e+00 +6.4899e-01 +5.8111e-01 -1.8393e+00
55 0 +1.641888474e+02 +2.513488474e+02 +2.513488474e+02 +2.5998e+00 +3.1798e+00 +3.1973e-01 +2.1951e+00 -7.2686e-01 -8.3030e-01 +4.9868e-01 +6.1244e-01 +5.7932e-01 -1.2160e+00
75 0 +1.518044709e+02 +2.389644709e+02 +2.389644709e+02 +6.4671e-01 +6.3054e-01 -2.1957e-01 +8.5071e-01 -2.5413e+00 -8.1935e-01 -8.7696e-01 +2.0287e+00 +7.2212e-01 -1.5767e-01
116 0 +1.293687025e+02 +2.165287025e+02 +2.165287025e+02 +9.7918e-01 +2.7821e+00 -1.5347e+00 +4.8277e-01 +1.1052e+00 -4.4192e-01 +1.0112e+00 +2.9347e+00 -1.7236e+00 +3.6752e-01
168 0 +1.159731953e+02 +2.031331953e+02 +2.031331953e+02 +2.8406e+00 +2.9927e+00 -3.5605e+00 +1.8105e+00 +1.6156e-01 +4.5725e-02 +6.8874e-01 +2.7272e+00 -1.0712e+00 -2.5968e-01
374 0 +8.787942011e+01 +1.750394201e+02 +1.750394201e+02 +4.1805e-01 +7.1137e-01 -4.7147e+00 +3.4210e+00 +8.2168e-01 -3.6234e+00 +1.9063e+00 +1.9769e+00 -3.0700e+00 +9.5166e-02
556 0 +5.731377586e+01 +1.444737759e+02 +1.444737759e+02 +1.8470e+00 +1.4645e+00 -1.8726e+00 +4.9609e+00 +1.1378e+00 -1.2112e+00 +1.5001e+00 +2.1199e+00 -3.8158e+00 -1.6317e+00
1848 0 +5.354710710e+01 +1.407071071e+02 +1.407071071e+02 +2.7255e+00 +9.3277e-01 -1.8784e+00 +3.9070e+00 +1.1531e+00 -1.4301e+00 +1.1995e+00 +1.9753e+00 -2.5198e+00 +8.7164e-01
% f evaluations | g evaluations | best noise-free fitness - Fopt (-3.475000000000e+01) + sum g_i+ | measured fitness | best measured fitness or single-digit g-values | x1 | x2...
1 0 +4.898656078e+02 +4.551156078e+02 +4.551156078e+02 +5.9671e-01 -3.8264e-02 +7.4769e-01 +1.6230e+00 -1.3415e-01 -1.3414e-01 +1.6792e+00 +8.6743e-01 -3.6947e-01 +6.4256e-01
4 0 +3.640691597e+02 +3.293191597e+02 +3.293191597e+02 -5.0171e-01 +1.9523e+00 +8.6503e-02 -9.5771e-01 +9.2254e-01 -1.1208e+00 +3.0886e-01 -1.8597e+00 -1.2282e+00 +2.9686e-01
51 0 +2.701949198e+02 +2.354449198e+02 +2.354449198e+02 +7.4288e-01 +2.7907e+00 +4.6593e-01 +2.1049e-02 +1.1556e+00 -2.8632e+00 +1.0943e+00 +6.3389e-01 -2.6478e+00 -1.7874e+00
54 0 +2.462384680e+02 +2.114884680e+02 +2.114884680e+02 +1.6391e+00 +9.0869e-01 -1.0075e+00 +1.3632e+00 +7.4024e-01 -8.6900e-01 +2.1094e+00 -2.2836e+00 -2.2128e+00 -1.7861e-01
102 0 +2.134785662e+02 +1.787285662e+02 +1.787285662e+02 +3.8854e-01 +2.6961e+00 +2.0490e+00 +2.5019e+00 -1.1822e-01 -3.8631e+00 +3.2819e+00 -2.5421e+00 -2.0445e+00 -5.2107e-01
104 0 +1.661625926e+02 +1.314125926e+02 +1.314125926e+02 +2.3433e+00 +2.7028e+00 -1.0049e+00 +1.9686e-01 -2.1908e+00 -4.7722e+00 -8.3110e-02 -3.6531e+00 -1.2717e+00 +8.2143e-01
105 0 +1.590755028e+02 +1.243255028e+02 +1.243255028e+02 +1.8664e+00 +3.9354e+00 -1.6103e+00 +1.6684e+00 +3.4058e-01 -4.6772e+00 +9.6648e-01 -2.9289e+00 -8.1306e-01 -2.1964e+00
204 0 +1.570914651e+02 +1.223414651e+02 +1.223414651e+02 +2.1447e+00 +3.7680e+00 -9.3465e-01 +2.5384e+00 -1.4519e+00 -4.5384e+00 +2.8276e+00 +9.4083e-01 -4.6292e+00 -3.8928e+00
252 0 +1.513636123e+02 +1.166136123e+02 +1.166136123e+02 +1.1192e+00 +4.2843e+00 +2.2728e+00 +3.6100e+00 +1.3614e+00 -3.8859e+00 +1.5848e+00 -3.8868e-01 -4.0328e+00 -8.4498e-01
302 0 +1.366095228e+02 +1.018595228e+02 +1.018595228e+02 -8.2679e-01 +3.5362e+00 -2.3529e+00 +1.0112e+00 -1.9116e-01 -1.8309e+00 +9.2197e-01 -2.8492e+00 -3.1920e+00 +4.7028e-01
355 0 +1.141163441e+02 +7.936634413e+01 +7.936634413e+01 +1.8863e+00 +3.3472e+00 -4.9719e-01 +3.0265e+00 +1.2938e+00 -2.8881e+00 +1.8098e+00 -2.9146e+00 -2.1443e+00 +6.8568e-01
403 0 +1.058400303e+02 +7.109003028e+01 +7.109003028e+01 +1.4831e+00 +3.1020e+00 -8.6686e-01 +3.3442e+00 -1.1065e+00 -1.9786e+00 +7.1226e-01 -4.2258e+00 -2.4211e+00 +6.4624e-01
451 0 +1.017515588e+02 +6.700155881e+01 +6.700155881e+01 +1.4102e+00 +2.2658e+00 -6.0206e-01 +2.1645e+00 -3.7688e-01 -3.5031e+00 +1.1862e+00 -2.2577e+00 -2.7967e+00 +5.3261e-01
468 0 +9.105380497e+01 +5.630380497e+01 +5.630380497e+01 +9.6247e-02 +3.7903e+00 -1.3887e+00 +1.5175e+00 -1.9814e+00 -3.2774e+00 +4.8897e-01 -1.8659e+00 -3.6635e+00 +2.7354e-01
556 0 +6.189695732e+01 +2.714695732e+01 +2.714695732e+01 +1.2517e+00 +2.1800e+00 +8.4602e-02 +3.6802e+00 -9.4830e-01 -3.3555e+00 +2.3160e+00 -3.2912e+00 -2.8518e+00 +1.2355e+00
1073 0 +4.385471954e+01 +9.104719543e+00 +9.104719543e+00 +2.2134e+00 +2.9666e+00 +9.9675e-01 +3.5790e+00 -2.3919e+00 -3.3755e+00 +2.3097e+00 -3.1239e+00 -3.5049e+00 +2.7880e+00
% f evaluations | g evaluations | best noise-free fitness - Fopt (-1.000000000000e+03) + sum g_i+ | measured fitness | best measured fitness or single-digit g-values | x1 | x2...
1 0 +3.737056854e+02 -6.262943146e+02 -6.262943146e+02 +5.9671e-01 -3.8264e-02 +7.4769e-01 +1.6230e+00 -1.3415e-01 -1.3414e-01 +1.6792e+00 +8.6743e-01 -3.6947e-01 +6.4256e-01
2 0 +2.602376507e+02 -7.397623493e+02 -7.397623493e+02 -3.6342e-01 -3.6573e-01 +3.4196e-01 -1.8133e+00 -1.6249e+00 -4.6229e-01 -9.1283e-01 +4.1425e-01 -8.0802e-01 -1.3123e+00
5 0 +2.085217722e+02 -7.914782278e+02 -7.914782278e+02 +8.3847e-01 +2.7137e-01 -1.5648e-02 -2.0110e-01 -1.3785e+00 -6.1984e-01 -3.6064e-01 +1.1571e+00 +4.4362e-01 -1.6630e+00
7 0 +1.879951466e+02 -8.120048534e+02 -8.120048534e+02 -3.7917e-01 -8.5659e-02 -1.0063e+00 -1.0962e+00 +9.1253e-01 +1.4562e+00 +2.7990e-02 +1.1035e+00 +4.6164e-01 -5.4512e-01
51 0 +1.868463556e+02 -8.131536444e+02 -8.131536444e+02 +3.0013e-01 +1.5459e-01 -7.2135e-02 -1.0610e+00 +5.8371e-01 -9.0406e-01 +2.1811e-01 +1.5398e+00 +1.0131e+00 -2.4261e+00
62 0 +1.830361532e+02 -8.169638468e+02 -8.169638468e+02 -8.3095e-01 -1.3931e+00 -3.8321e-01 -1.5644e+00 +5.4809e-01 -1.7741e-02 -2.9989e-01 +1.8241e+00 +2.4428e+00 -1.5778e-01
75 0 +1.541422208e+02 -8.458577792e+02 -8.458577792e+02 -1.2302e+00 -1.5866e+00 -5.5075e-01 -8.5500e-01 +1.6710e+00 -8.6217e-01 -8.8857e-01 +2.6105e+00 +1.2705e+00 -1.7588e+00
148 0 +1.000141804e+02 -8.999858196e+02 -8.999858196e+02 -2.6641e+00 -2.1129e+00 -9.7692e-01 -2.6860e+00 +1.9250e+00 -1.7891e+00 +1.1444e-01 +2.4821e+00 +2.1391e+00 -7.8445e-01
274 0 +8.202751652e+01 -9.179724835e+02 -9.179724835e+02 -3.0123e+00 -2.1500e+00 +2.8271e-02 -2.3152e+00 +2.0103e+00 -3.2819e+00 -3.9865e-01 +4.8801e+00 +4.5236e+00 -4.3423e+00
355 0 +7.284105026e+01 -9.271589497e+02 -9.271589497e+02 -3.4667e+00 -1.2949e+00 -1.6219e+00 -3.1391e+00 +5.9990e-01 -1.0339e+00 +1.7747e+00 +2.6390e+00 +2.6616e+00 -3.4589e+00
564 0 +7.119728476e+01 -9.288027152e+02 -9.288027152e+02 -2.0548e+00 -9.1603e-01 -2.8373e-01 -8.5819e-01 -4.3523e-02 -6.2476e-01 +1.1217e+00 +2.8391e+00 +2.6066e+00 -3.4928e+00
629 0 +6.880238794e+01 -9.311976121e+02 -9.311976121e+02 -3.5357e+00 -3.4297e+00 -3.9068e-01 -1.9454e+00 +9.0230e-01 -2.8113e+00 +5.0148e-01 +3.6147e+00 +2.2369e+00 -3.1866e+00
696 0 +6.436290666e+01 -9.356370933e+02 -9.356370933e+02 -2.9386e+00 -3.3636e+00 -6.3803e-01 -2.1375e+00 -2.4956e-02 -2.9926e+00 -7.3467e-01 +3.0018e+00 +1.9695e+00 -3.5075e+00
760 0 +6.290724645e+01 -9.370927536e+02 -9.370927536e+02 -2.9133e+00 -3.0055e+00 -2.0899e-01 -2.7349e+00 -8.1368e-01 -3.2745e+00 +1.3859e-01 +4.6445e+00 +2.0369e+00 -3.2801e+00
798 0 +3.829401875e+01 -9.617059812e+02 -9.617059812e+02 -3.9363e+00 -3.9041e+00 +2.8246e-03 -2.9684e+00 +2.7304e-01 -3.3022e+00 -3.3080e-01 +4.2973e+00 +2.9742e+00 -3.8874e+00
992 0 +2.809110470e+01 -9.719088953e+02 -9.719088953e+02 -3.7072e+00 -3.0429e+00 +2.2830e-01 -3.0529e+00 -2.0110e-01 -2.5715e+00 -5.5299e-02 +3.9524e+00 +2.4722e+00 -3.4603e+00
1751 0 +2.663031778e+01 -9.733696822e+02 -9.733696822e+02 -3.7405e+00 -2.7840e+00 -5.0773e-01 -2.4547e+00 +1.7758e-03 -2.5108e+00 +1.5306e-01 +3.1430e+00 +2.4256e+00 -3.4108e+00
1851 0 +2.518323198e+01 -9.748167680e+02 -9.748167680e+02 -3.6843e+00 -2.8121e+00 -3.8630e-01 -2.5131e+00 -6.0112e-02 -2.5901e+00 +3.3190e-01 +3.1460e+00 +2.3000e+00 -3.4786e+00
1901 0 +2.145920720e+01 -9.785407928e+02 -9.785407928e+02 -3.7735e+00 -2.7942e+00 -5.0947e-01 -2.4599e+00 +2.4379e-03 -2.5692e+00 +3.6242e-01 +3.0582e+00 +2.4827e+00 -3.5004e+00
1902 0 +1.999082337e+01 -9.800091766e+02 -9.800091766e+02 -3.8081e+00 -2.8643e+00 -4.0775e-01 -2.5753e+00 -1.2302e-01 -2.4655e+00 +3.9290e-01 +3.1054e+00 +2.3054e+00 -3.5024e+00
1952 0 +1.647497643e+01 -9.835250236e+02 -9.835250236e+02 -3.7098e+00 -2.7893e+00 -4.8761e-01 -2.4786e+00 -1.3610e-01 -2.5997e+00 +3.9965e-01 +3.1175e+00 +2.3854e+00 -3.5429e+00
2151 0 +8.722362440e+00 -9.912776376e+02 -9.912776376e+02 -3.7402e+00 -2.8133e+00 -5.0944e-01 -2.5971e+00 -8.2637e-02 -2.5995e+00 +2.8603e-01 +3.1626e+00 +2.4329e+00 -3.5031e+00
2152 0 +6.408805714e+00 -9.935911943e+02 -9.935911943e+02 -3.7896e+00 -2.8001e+00 -4.9522e-01 -2.5315e+00 -4.3623e-02 -2.5591e+00 +3.5840e-01 +3.0744e+00 +2.4348e+00 -3.5130e+00
2252 0 +6.025361264e+00 -9.939746387e+02 -9.939746387e+02 -3.7723e+00 -2.7684e+00 -5.0509e-01 -2.5545e+00 -5.0585e-02 -2.5870e+00 +3.5834e-01 +3.1137e+00 +2.4593e+00 -3.5561e+00
2254 0 +5.671197908e+00 -9.943288021e+02 -9.943288021e+02 -3.8002e+00 -2.8159e+00 -4.8929e-01 -2.5879e+00 -6.6724e-02 -2.5692e+00 +3.2840e-01 +3.1099e+00 +2.4240e+00 -3.4830e+00
2305 0 +5.641830672e+00 -9.943581693e+02 -9.943581693e+02 -3.7654e+00 -2.7597e+00 -4.6785e-01 -2.5603e+00 -1.1068e-01 -2.5387e+00 +3.4781e-01 +3.0909e+00 +2.4468e+00 -3.5101e+00
2351 0 +4.277077253e+00 -9.957229227e+02 -9.957229227e+02 -3.7422e+00 -2.7681e+00 -4.7326e-01 -2.5665e+00 -7.4676e-02 -2.5684e+00 +3.3603e-01 +3.0883e+00 +2.4073e+00 -3.5257e+00
2401 0 +4.132094696e+00 -9.958679053e+02 -9.958679053e+02 -3.7528e+00 -2.7897e+00 -4.9527e-01 -2.5410e+00 -3.9002e-02 -2.5465e+00 +2.9937e-01 +3.1448e+00 +2.4244e+00 -3.4918e+00
2451 0 +3.718852729e+00 -9.962811473e+02 -9.962811473e+02 -3.7466e+00 -2.7665e+00 -5.1226e-01 -2.6115e+00 -4.1906e-02 -2.5617e+00 +3.4359e-01 +3.1039e+00 +2.4190e+00 -3.4872e+00
2452 0 +3.271610910e+00 -9.967283891e+02 -9.967283891e+02 -3.7708e+00 -2.7728e+00 -4.8220e-01 -2.5392e+00 -5.2497e-02 -2.5441e+00 +3.1676e-01 +3.1190e+00 +2.4255e+00 -3.5164e+00
% f evaluations | g evaluations | best noise-free fitness - Fopt (-9.247000000000e+01) + sum g_i+ | measured fitness | best measured fitness or single-digit g-values | x1 | x2...
1 0 +3.191686658e+02 +2.266986658e+02 +2.266986658e+02 +5.9671e-01 -3.8264e-02 +7.4769e-01 +1.6230e+00 -1.3415e-01 -1.3414e-01 +1.6792e+00 +8.6743e-01 -3.6947e-01 +6.4256e-01
3 0 +3.149756393e+02 +2.225056393e+02 +2.225056393e+02 +1.5656e+00 -1.2578e-01 +1.6753e-01 -1.3247e+00 -4.4438e-01 +2.1092e-01 -1.0510e+00 +4.7570e-01 -5.0064e-01 -1.9169e-01
5 0 +2.258742292e+02 +1.334042292e+02 +1.334042292e+02 +8.3847e-01 +2.7137e-01 -1.5648e-02 -2.0110e-01 -1.3785e+00 -6.1984e-01 -3.6064e-01 +1.1571e+00 +4.4362e-01 -1.6630e+00
21 0 +2.109084952e+02 +1.184384952e+02 +1.184384952e+02 +4.5779e-01 +6.6078e-01 +1.1831e+00 +1.1538e+00 -1.2777e+00 -8.3783e-01 +6.1504e-01 +6.1379e-01 +6.1505e-01 +3.9527e+00
29 0 +2.067926124e+02 +1.143226124e+02 +1.143226124e+02 +2.1352e-01 +7.6213e-01 +1.6860e+00 -1.1378e+00 +2.2330e+00 -1.8521e+00 -5.1785e-02 +6.8832e-01 +3.8099e-01 -5.2270e-01
51 0 +1.360956030e+02 +4.362560295e+01 +4.362560295e+01 +4.3648e-01 +5.5179e-01 +1.7565e+00 +9.4268e-01 -3.8434e-01 -1.8652e+00 +3.0898e-01 +2.1458e+00 +1.5046e+00 +4.2159e-01
114 0 +1.286605922e+02 +3.619059219e+01 +3.619059219e+01 +1.6928e+00 +5.7015e-01 +3.1069e+00 -2.2602e+00 +7.6116e-01 -2.2611e+00 +2.9433e+00 +1.0569e+00 +1.1231e+00 +1.2511e+00
208 0 +1.245304867e+02 +3.206048670e+01 +3.206048670e+01 +7.2388e-01 +8.2331e-01 +3.4158e+00 -2.4679e-01 +1.6379e+00 -3.4351e+00 +2.4209e+00 +8.4065e-01 +5.1827e-01 +2.6012e+00
259 0 +1.099598362e+02 +1.748983621e+01 +1.748983621e+01 +3.8705e+00 -1.6259e+00 +9.3207e-01 -9.3897e-01 -2.3208e+00 -3.3440e+00 -2.2814e+00 +1.4078e+00 +1.4635e+00 +1.7474e+00
352 0 +8.714767172e+01 -5.322328282e+00 -5.322328282e+00 +1.6356e+00 -4.6518e-01 +2.3640e+00 +1.3299e+00 -1.0676e+00 -2.4311e+00 +2.6292e-01 +1.6833e+00 +2.0755e+00 +1.0333e+00
453 0 +7.678208600e+01 -1.568791400e+01 -1.568791400e+01 +2.7129e+00 -5.2322e-01 +1.8449e+00 -8.5769e-01 +1.5240e+00 -3.3491e+00 +2.4338e+00 +1.4779e+00 +7.9892e-01 +4.6201e-01
505 0 +6.471778401e+01 -2.775221599e+01 -2.775221599e+01 +2.9033e+00 -4.6163e-01 +3.2723e+00 -7.4030e-01 +1.4790e+00 -4.1262e+00 +2.5182e+00 +2.5522e+00 +7.7692e-02 +1.4905e+00
556 0 +5.640438024e+01 -3.606561976e+01 -3.606561976e+01 +2.2946e+00 +4.0159e-01 +2.6677e+00 +2.7889e-01 +1.7334e-01 -2.2157e+00 +1.2252e+00 +2.8346e+00 +1.3083e+00 +1.8160e+00
1202 0 +5.308075465e+01 -3.938924535e+01 -3.938924535e+01 +1.9263e+00 -6.4979e-03 +2.2578e+00 -8.4487e-01 +4.8498e-01 -1.9890e+00 +1.6995e+00 +3.4404e+00 -2.0776e-01 +1.3612e+00
1855 0 +5.280637864e+01 -3.966362136e+01 -3.966362136e+01 +2.7903e+00 +3.2937e-01 +2.6754e+00 -5.0725e-01 -4.3953e-01 -2.3457e+00 +1.5702e-01 +3.4313e+00 -1.6728e-01 +2.4677e+00
2252 0 +5.154667494e+01 -4.092332506e+01 -4.092332506e+01 +2.2304e+00 +4.0698e-01 +3.3233e+00 -1.0316e-01 -5.9221e-01 -3.3065e+00 +1.5106e+00 +2.9504e+00 +3.1108e-01 +2.2137e+00
