% f evaluations | g evaluations | best noise-free fitness - Fopt (-5.494000000000e+01) + sum g_i+ | measured fitness | best measured fitness or single-digit g-values | x1 | x2...
1 0 +9.852913834e+06 +9.852858894e+06 +9.852858894e+06 +5.9671e-01 -3.8264e-02 +7.4769e-01 +1.6230e+00 -1.3415e-01
2 0 +2.715223623e+06 +2.715168683e+06 +2.715168683e+06 -1.3414e-01 +1.6792e+00 +8.6743e-01 -3.6947e-01 +6.4256e-01
7 0 +9.085897748e+05 +9.085348348e+05 +9.085348348e+05 -5.0171e-01 +1.9523e+00 +8.6503e-02 -9.5771e-01 +9.2254e-01
8 0 +5.441882390e+05 +5.441332990e+05 +5.441332990e+05 -1.1208e+00 +3.0886e-01 -1.8597e+00 -1.2282e+00 +2.9686e-01
30 0 +3.544369240e+05 +3.543819840e+05 +3.543819840e+05 -3.0275e+00 -6.3263e-01 -1.0377e+00 +5.2109e-01 +9.1740e-02
31 0 +3.288326464e+05 +3.287777064e+05 +3.287777064e+05 -2.9991e+00 +1.4318e+00 +3.7181e-01 +8.7586e-01 +2.5451e-01
34 0 +1.792481817e+05 +1.791932417e+05 +1.791932417e+05 -2.5319e+00 +4.6175e-01 -2.0024e-01 +1.3819e+00 +2.4808e-01
58 0 +1.170781070e+05 +1.170231670e+05 +1.170231670e+05 -2.1333e+00 +2.5848e+00 +1.7895e+00 +1.5356e+00 +1.2781e+00
88 0 +9.080186682e+04 +9.074692682e+04 +9.074692682e+04 -1.5274e+00 +2.5255e+00 -9.2213e-01 +9.7963e-01 -3.1953e-02
95 0 +7.663479277e+04 +7.657985277e+04 +7.657985277e+04 -1.4440e+00 +2.0313e+00 -2.3890e+00 +3.9690e+00 -2.2651e-01
96 0 +4.541486883e+04 +4.535992883e+04 +4.535992883e+04 -1.1798e+00 -8.2488e-01 -2.5683e+00 +2.3998e+00 +2.4128e+00
134 0 +3.524560498e+04 +3.519066498e+04 +3.519066498e+04 -2.1171e+00 -5.2326e-01 -8.6555e-01 +4.5933e+00 +1.8971e+00
172 0 +9.917385045e+03 +9.862445045e+03 +9.862445045e+03 -9.0781e-01 -2.0262e-01 -2.0969e+00 +2.1408e+00 +2.2588e+00
233 0 +9.517454947e+03 +9.462514947e+03 +9.462514947e+03 -1.3899e+00 -1.8881e+00 -2.2220e+00 +3.4853e+00 +3.1345e+00
247 0 +8.591674024e+03 +8.536734024e+03 +8.536734024e+03 -1.2568e+00 +3.5096e-01 -1.8782e+00 +2.9585e+00 +1.7629e+00
252 0 +7.343760170e+03 +7.288820170e+03 +7.288820170e+03 -2.3859e+00 +7.4961e-02 -5.4801e-01 +3.4845e+00 +1.4268e+00
293 0 +4.972734008e+03 +4.917794008e+03 +4.917794008e+03 -8.2101e-01 -2.6179e-01 -7.1237e-01 +2.8328e+00 +4.0559e+00
316 0 +2.319085416e+03 +2.264145416e+03 +2.264145416e+03 -8.0294e-01 -1.6165e+00 -2.1658e+00 +2.3797e+00 +3.6197e+00
387 0 +7.410093350e+02 +6.860693350e+02 +6.860693350e+02 -2.4330e+00 +5.8330e-02 +1.5444e+00 +3.6106e+00 +3.3277e+00
438 0 +6.984534936e+02 +6.435134936e+02 +6.435134936e+02 -1.5340e+00 -1.8107e+00 -5.7585e-01 +3.2781e+00 +4.2173e+00
469 0 +3.158571494e+02 +2.609171494e+02 +2.609171494e+02 -1.7857e+00 -1.8700e+00 -1.5151e+00 +3.3898e+00 +2.8637e+00
517 0 +1.294518293e+02 +7.451182930e+01 +7.451182930e+01 -1.6722e+00 -1.5781e+00 -1.2539e+00 +3.3693e+00 +3.1285e+00
560 0 +7.610911589e+01 +2.116911589e+01 +2.116911589e+01 -2.2354e+00 -1.3947e+00 -6.7350e-01 +3.7266e+00 +2.6160e+00
613 0 +6.253019232e+01 +7.590192321e+00 +7.590192321e+00 -2.0981e+00 -1.1219e+00 -2.8273e-01 +3.5622e+00 +3.0011e+00
618 0 +2.850362439e+01 -2.643637561e+01 -2.643637561e+01 -1.2594e+00 -1.5983e+00 -1.5311e+00 +2.9812e+00 +3.5478e+00
629 0 +2.167331788e+01 -3.326668212e+01 -3.326668212e+01 -8.8743e-01 -1.2828e+00 -1.3988e+00 +2.6463e+00 +4.0575e+00
676 0 +1.724175644e+01 -3.769824356e+01 -3.769824356e+01 -9.6962e-01 -1.3430e+00 -1.4382e+00 +2.7461e+00 +3.9330e+00
680 0 +1.652237147e+01 -3.841762853e+01 -3.841762853e+01 -1.8596e+00 -1.3581e+00 -9.1639e-01 +3.4103e+00 +2.9651e+00
699 0 +1.521300086e+01 -3.972699914e+01 -3.972699914e+01 -1.5237e+00 -1.5010e+00 -1.6256e+00 +3.1747e+00 +2.9251e+00
717 0 +1.212153161e+01 -4.281846839e+01 -4.281846839e+01 -1.6631e+00 -1.6163e+00 -1.5212e+00 +3.3117e+00 +2.8851e+00
727 0 +8.707107551e+00 -4.623289245e+01 -4.623289245e+01 -1.6544e+00 -1.3996e+00 -1.0478e+00 +3.2617e+00 +3.2069e+00
835 0 +7.651653496e+00 -4.728834650e+01 -4.728834650e+01 -2.2201e+00 -1.4904e+00 -1.1723e+00 +3.7263e+00 +2.1980e+00
838 0 +7.649776829e+00 -4.729022317e+01 -4.729022317e+01 -2.1618e+00 -1.4304e+00 -1.0541e+00 +3.6613e+00 +2.3731e+00
871 0 +4.665379689e+00 -5.027462031e+01 -5.027462031e+01 -2.1511e+00 -1.6171e+00 -1.4777e+00 +3.6839e+00 +2.1116e+00
891 0 +3.522948956e+00 -5.141705104e+01 -5.141705104e+01 -1.3903e+00 -1.5145e+00 -1.5693e+00 +3.0812e+00 +3.2178e+00
910 0 +2.863756685e+00 -5.207624331e+01 -5.207624331e+01 -2.3464e+00 -1.5107e+00 -1.1059e+00 +3.8142e+00 +2.0715e+00
917 0 +1.990115973e+00 -5.294988403e+01 -5.294988403e+01 -2.0319e+00 -1.4869e+00 -1.1564e+00 +3.5647e+00 +2.5303e+00
989 0 +1.966755657e+00 -5.297324434e+01 -5.297324434e+01 -1.8234e+00 -1.4668e+00 -1.3034e+00 +3.4106e+00 +2.7191e+00
995 0 +1.622315092e+00 -5.331768491e+01 -5.331768491e+01 -1.6948e+00 -1.4361e+00 -1.2214e+00 +3.3067e+00 +2.9936e+00
1007 0 +5.254123880e-01 -5.441458761e+01 -5.441458761e+01 -1.6340e+00 -1.4846e+00 -1.4074e+00 +3.2684e+00 +2.9492e+00
1037 0 +2.524903089e-01 -5.468750969e+01 -5.468750969e+01 -1.6886e+00 -1.5177e+00 -1.4378e+00 +3.3166e+00 +2.8525e+00
1064 0 +1.426578890e-01 -5.479734211e+01 -5.479734211e+01 -1.7112e+00 -1.5161e+00 -1.4092e+00 +3.3326e+00 +2.8413e+00
1110 0 +1.024453704e-01 -5.483755463e+01 -5.483755463e+01 -1.6287e+00 -1.4994e+00 -1.4014e+00 +3.2646e+00 +2.9752e+00
1191 0 +7.260352386e-02 -5.486739648e+01 -5.486739648e+01 -1.8381e+00 -1.5211e+00 -1.3522e+00 +3.4294e+00 +2.6894e+00
1203 0 +3.881657333e-02 -5.490118343e+01 -5.490118343e+01 -1.6585e+00 -1.4978e+00 -1.3830e+00 +3.2881e+00 +2.9422e+00
