% f evaluations | g evaluations | best noise-free fitness - Fopt (-1.694000000000e+01) + sum g_i+ | measured fitness | best measured fitness or single-digit g-values | x1 | x2...
1 0 +1.324093633e+01 -3.699063674e+00 -3.699063674e+00 +5.9671e-01 -3.8264e-02 +7.4769e-01 +1.6230e+00 -1.3415e-01
5 0 +1.237830438e+01 -4.561695617e+00 -4.561695617e+00 +1.5656e+00 -1.2578e-01 +1.6753e-01 -1.3247e+00 -4.4438e-01
12 0 +1.195851158e+01 -4.981488421e+00 -4.981488421e+00 +1.0313e+00 -7.3922e-01 -2.0921e-01 +4.3126e-01 +1.0755e+00
14 0 +1.086104601e+01 -6.078953987e+00 -6.078953987e+00 +1.4562e+00 +2.7990e-02 +1.1035e+00 +4.6164e-01 -5.4512e-01
25 0 +6.718572502e+00 -1.022142750e+01 -1.022142750e+01 +8.9103e-01 -8.0939e-01 +1.5028e+00 -1.3019e+00 +6.8686e-01
49 0 +5.086501216e+00 -1.185349878e+01 -1.185349878e+01 +1.3007e+00 -2.2165e-01 -1.2970e+00 -3.1044e-01 -4.2484e-01
55 0 +3.381029965e+00 -1.355897003e+01 -1.355897003e+01 +1.9203e+00 +1.1816e+00 -1.7634e+00 -6.7289e-01 -2.2039e-01
75 0 +3.056555624e+00 -1.388344438e+01 -1.388344438e+01 +2.0495e+00 +1.3794e-01 -1.0287e+00 -1.5718e+00 -4.3405e-01
113 0 +2.398934506e+00 -1.454106549e+01 -1.454106549e+01 +3.1911e+00 +1.5917e+00 -1.4305e+00 +5.4083e-01 +1.5188e+00
160 0 +1.351437263e+00 -1.558856274e+01 -1.558856274e+01 +4.2385e+00 +3.1213e+00 -1.2798e+00 +1.2075e+00 +1.8453e+00
478 0 +9.453788226e-01 -1.599462118e+01 -1.599462118e+01 +3.8184e+00 +3.1133e+00 -1.8455e+00 +2.1123e+00 +1.9830e+00
560 0 +7.612351945e-01 -1.617876481e+01 -1.617876481e+01 +3.4761e+00 +2.5749e+00 -1.1248e+00 +1.7477e+00 +1.5191e+00
568 0 +7.450674750e-01 -1.619493253e+01 -1.619493253e+01 +4.1790e+00 +3.1067e+00 -1.2280e+00 +1.1030e+00 +1.5518e+00
610 0 +5.053538918e-01 -1.643464611e+01 -1.643464611e+01 +4.3715e+00 +3.0539e+00 -1.1354e+00 +9.2585e-01 +1.5849e+00
680 0 +5.026825878e-01 -1.643731741e+01 -1.643731741e+01 +3.8324e+00 +2.4024e+00 -1.2845e+00 +1.5021e+00 +1.4471e+00
766 0 +3.166912002e-01 -1.662330880e+01 -1.662330880e+01 +3.8433e+00 +2.8956e+00 -1.4500e+00 +1.3875e+00 +1.5321e+00
831 0 +1.244179891e-01 -1.681558201e+01 -1.681558201e+01 +3.6271e+00 +2.5830e+00 -1.5699e+00 +1.4824e+00 +1.4118e+00
868 0 +1.116766508e-01 -1.682832335e+01 -1.682832335e+01 +3.5229e+00 +2.5252e+00 -1.5929e+00 +1.5247e+00 +1.3751e+00
1218 0 +1.075571700e-01 -1.683244283e+01 -1.683244283e+01 +3.5104e+00 +2.4364e+00 -1.5980e+00 +1.4473e+00 +1.3208e+00
1235 0 +9.159722202e-02 -1.684840278e+01 -1.684840278e+01 +3.6233e+00 +2.6347e+00 -1.5028e+00 +1.4409e+00 +1.3880e+00
