% f evaluations | g evaluations | best noise-free fitness - Fopt (-2.098800000000e+02) + sum g_i+ | measured fitness | best measured fitness or single-digit g-values | x1 | x2...
1 0 +2.352162733e+05 +2.350063933e+05 +2.350063933e+05 +5.9671e-01 -3.8264e-02
4 0 +1.560981789e+05 +1.558882989e+05 +1.558882989e+05 +1.6792e+00 +8.6743e-01
5 0 +3.882167718e+04 +3.861179718e+04 +3.861179718e+04 -3.6947e-01 +6.4256e-01
9 0 +1.272392219e+03 +1.062512219e+03 +1.062512219e+03 -9.1283e-01 +4.1425e-01
56 0 +1.090297830e+01 -1.989770217e+02 -1.989770217e+02 -6.8797e-01 +4.5091e-01
148 0 +8.024686677e-01 -2.090775313e+02 -2.090775313e+02 +1.9174e+00 +4.4855e-01
210 0 +7.004041167e-01 -2.091795959e+02 -2.091795959e+02 +1.9414e+00 +4.4844e-01
280 0 +4.653389988e-01 -2.094146610e+02 -2.094146610e+02 +1.7241e+00 +4.4760e-01
325 0 +4.245100857e-01 -2.094554899e+02 -2.094554899e+02 +9.3432e-01 +4.4859e-01
328 0 +5.072858597e-02 -2.098292714e+02 -2.098292714e+02 +1.2551e+00 +4.4822e-01
364 0 +3.370145195e-03 -2.098766299e+02 -2.098766299e+02 +1.1466e+00 +4.4800e-01
% f evaluations | g evaluations | best noise-free fitness - Fopt (-9.209000000000e+01) + sum g_i+ | measured fitness | best measured fitness or single-digit g-values | x1 | x2...
1 0 +6.621200289e+06 +6.621108199e+06 +6.621108199e+06 +5.9671e-01 -3.8264e-02
2 0 +9.959405672e+05 +9.958484772e+05 +9.958484772e+05 +7.4769e-01 +1.6230e+00
13 0 +2.678409224e+03 +2.586319224e+03 +2.586319224e+03 +1.8426e-01 +2.6692e+00
70 0 +1.308867005e+02 +3.879670051e+01 +3.879670051e+01 +3.1591e-01 +2.6100e+00
72 0 +2.331874372e+00 -8.975812563e+01 -8.975812563e+01 +2.0522e+00 +2.6210e+00
224 0 +1.297324465e+00 -9.079267553e+01 -9.079267553e+01 +7.0518e-01 +2.6204e+00
226 0 +8.137030622e-01 -9.127629694e+01 -9.127629694e+01 +6.4867e-01 +2.6207e+00
233 0 +5.321453516e-01 -9.155785465e+01 -9.155785465e+01 +1.1703e+00 +2.6210e+00
239 0 +6.997376263e-02 -9.202002624e+01 -9.202002624e+01 +6.8970e-01 +2.6213e+00
258 0 +1.611124835e-03 -9.208838888e+01 -9.208838888e+01 +6.8953e-01 +2.6216e+00
379 0 +1.072748808e-03 -9.208892725e+01 -9.208892725e+01 +7.5041e-01 +2.6216e+00
392 0 +9.283303787e-04 -9.208907167e+01 -9.208907167e+01 +7.4855e-01 +2.6216e+00
393 0 +3.008580510e-04 -9.208969914e+01 -9.208969914e+01 +7.4373e-01 +2.6216e+00
421 0 +2.187671933e-04 -9.208978123e+01 -9.208978123e+01 +7.1537e-01 +2.6216e+00
431 0 +4.263435896e-05 -9.208995737e+01 -9.208995737e+01 +7.3223e-01 +2.6216e+00
472 0 +2.678765472e-05 -9.208997321e+01 -9.208997321e+01 +7.3078e-01 +2.6216e+00
492 0 +1.361850548e-05 -9.208998638e+01 -9.208998638e+01 +7.2926e-01 +2.6216e+00
493 0 +1.294605202e-05 -9.208998705e+01 -9.208998705e+01 +7.2920e-01 +2.6216e+00
% f evaluations | g evaluations | best noise-free fitness - Fopt (-8.789000000000e+01) + sum g_i+ | measured fitness | best measured fitness or single-digit g-values | x1 | x2...
1 0 +1.356080365e+07 +1.356071576e+07 +1.356071576e+07 +5.9671e-01 -3.8264e-02
2 0 +4.151119689e+06 +4.151031799e+06 +4.151031799e+06 +7.4769e-01 +1.6230e+00
11 0 +8.306211934e+05 +8.305333034e+05 +8.305333034e+05 +1.4512e+00 +2.7091e+00
12 0 +7.646413450e+05 +7.645534550e+05 +7.645534550e+05 +1.7604e+00 +2.7366e+00
34 0 +3.948222734e+03 +3.860332734e+03 +3.860332734e+03 +1.3904e+00 +3.5773e+00
49 0 +3.939409584e+02 +3.060509584e+02 +3.060509584e+02 +8.7135e-01 +3.6658e+00
50 0 +2.850246525e+00 -8.503975347e+01 -8.503975347e+01 +8.9316e-02 +3.6439e+00
140 0 +1.470035026e+00 -8.641996497e+01 -8.641996497e+01 +1.3023e+00 +3.6461e+00
142 0 +5.656938943e-01 -8.732430611e+01 -8.732430611e+01 +1.0643e+00 +3.6456e+00
241 0 +2.720333625e-01 -8.761796664e+01 -8.761796664e+01 -2.9350e-01 +3.6455e+00
361 0 +1.766761269e-01 -8.771332387e+01 -8.771332387e+01 +5.9834e-01 +3.6458e+00
439 0 +9.401191002e-02 -8.779598809e+01 -8.779598809e+01 -1.2298e-02 +3.6454e+00
468 0 +6.270057409e-02 -8.782729943e+01 -8.782729943e+01 +2.2926e-01 +3.6459e+00
473 0 +2.542227473e-02 -8.786457773e+01 -8.786457773e+01 +2.3349e-01 +3.6454e+00
489 0 +1.485622226e-02 -8.787514378e+01 -8.787514378e+01 +1.2232e-01 +3.6456e+00
% f evaluations | g evaluations | best noise-free fitness - Fopt (3.201900000000e+02) + sum g_i+ | measured fitness | best measured fitness or single-digit g-values | x1 | x2...
1 0 +6.070704379e+06 +6.071024569e+06 +6.071024569e+06 +5.9671e-01 -3.8264e-02
3 0 +5.484298243e+06 +5.484618433e+06 +5.484618433e+06 -1.3415e-01 -1.3414e-01
6 0 +3.921525680e+06 +3.921845870e+06 +3.921845870e+06 -3.6342e-01 -3.6573e-01
7 0 +3.390326286e+05 +3.393528186e+05 +3.393528186e+05 +3.4196e-01 -1.8133e+00
17 0 +8.117431962e+04 +8.149450962e+04 +8.149450962e+04 +4.0247e-01 -2.0817e+00
19 0 +4.429115024e+04 +4.461134024e+04 +4.461134024e+04 +5.3479e-01 -2.5683e+00
53 0 +1.533795661e+03 +1.853985661e+03 +1.853985661e+03 -1.2941e-02 -2.3975e+00
55 0 +8.675050083e-01 +3.210575050e+02 +3.210575050e+02 +3.5861e-01 -2.3613e+00
204 0 +2.360332111e-02 +3.202136033e+02 +3.202136033e+02 -3.4197e-01 -2.3607e+00
455 0 +1.796040232e-02 +3.202079604e+02 +3.202079604e+02 -4.1778e-01 -2.3609e+00
496 0 +7.706240036e-03 +3.201977062e+02 +3.201977062e+02 -4.0015e-01 -2.3609e+00
% f evaluations | g evaluations | best noise-free fitness - Fopt (-1.042400000000e+02) + sum g_i+ | measured fitness | best measured fitness or single-digit g-values | x1 | x2...
1 0 +1.488989512e+07 +1.488979088e+07 +1.488979088e+07 +5.9671e-01 -3.8264e-02
3 0 +1.404258789e+07 +1.404248365e+07 +1.404248365e+07 -1.3415e-01 -1.3414e-01
6 0 +1.209437555e+07 +1.209427131e+07 +1.209427131e+07 -3.6342e-01 -3.6573e-01
7 0 +4.676578395e+06 +4.676474155e+06 +4.676474155e+06 +3.4196e-01 -1.8133e+00
21 0 +4.807559595e+05 +4.806517195e+05 +4.806517195e+05 -8.0502e-01 -3.2584e+00
31 0 +4.240444354e+05 +4.239401954e+05 +4.239401954e+05 -1.7920e+00 -4.6321e+00
32 0 +4.100763469e+05 +4.099721069e+05 +4.099721069e+05 -4.6675e-01 -4.6200e+00
33 0 +3.321781645e+05 +3.320739245e+05 +3.320739245e+05 -4.0727e+00 -4.5398e+00
34 0 +2.205973149e+05 +2.204930749e+05 +2.204930749e+05 -4.2755e+00 -4.3856e+00
35 0 +6.426108751e+04 +6.415684751e+04 +6.415684751e+04 -1.6758e-01 -4.1742e+00
36 0 +5.620866283e+04 +5.610442283e+04 +5.610442283e+04 -1.6095e+00 -4.1574e+00
37 0 +2.320736767e+04 +2.310312767e+04 +2.310312767e+04 -3.9804e+00 -4.0635e+00
38 0 +1.164283223e+04 +1.153859223e+04 +1.153859223e+04 -1.0638e+00 -4.0289e+00
39 0 +3.003813748e+03 +2.899573748e+03 +2.899573748e+03 -1.9385e+00 -3.9754e+00
40 0 +7.978557390e+00 -9.626144261e+01 -9.626144261e+01 -1.6473e+00 -3.9220e+00
197 0 +5.587122200e+00 -9.865287780e+01 -9.865287780e+01 -1.7809e+00 -3.9210e+00
216 0 +5.359738072e+00 -9.888026193e+01 -9.888026193e+01 -1.9740e+00 -3.9198e+00
246 0 +4.563833472e+00 -9.967616653e+01 -9.967616653e+01 -1.5601e+00 -3.9192e+00
251 0 +2.720575936e+00 -1.015194241e+02 -1.015194241e+02 -7.1193e-01 -3.9189e+00
257 0 +1.946911646e+00 -1.022930884e+02 -1.022930884e+02 -8.7671e-01 -3.9198e+00
271 0 +3.204582577e-01 -1.039195417e+02 -1.039195417e+02 -1.3783e-01 -3.9202e+00
273 0 +1.228739955e-01 -1.041171260e+02 -1.041171260e+02 +5.6871e-01 -3.9203e+00
330 0 +1.700726860e-02 -1.042229927e+02 -1.042229927e+02 +3.7717e-01 -3.9201e+00
% f evaluations | g evaluations | best noise-free fitness - Fopt (-6.785000000000e+01) + sum g_i+ | measured fitness | best measured fitness or single-digit g-values | x1 | x2...
1 0 +8.910343550e+06 +8.910275700e+06 +8.910275700e+06 +5.9671e-01 -3.8264e-02
2 0 +2.314834759e+06 +2.314766909e+06 +2.314766909e+06 +7.4769e-01 +1.6230e+00
11 0 +6.969968167e+05 +6.969289667e+05 +6.969289667e+05 +1.7866e+00 +3.9166e+00
19 0 +6.096882136e+05 +6.096203636e+05 +6.096203636e+05 +9.3863e-02 +2.1795e+00
26 0 +3.082792171e+05 +3.082113671e+05 +3.082113671e+05 +1.0947e-01 +2.4246e+00
27 0 +1.698838421e+05 +1.698159921e+05 +1.698159921e+05 +3.0832e+00 +2.6152e+00
33 0 +1.002640149e+05 +1.001961649e+05 +1.001961649e+05 +3.1673e+00 +3.3220e+00
44 0 +4.339446413e+04 +4.332661413e+04 +4.332661413e+04 +4.5329e+00 +3.2210e+00
52 0 +3.580041388e+03 +3.512191388e+03 +3.512191388e+03 +3.4424e+00 +2.9506e+00
79 0 +2.724694498e+02 +2.046194498e+02 +2.046194498e+02 -4.5208e+00 +3.0304e+00
127 0 +1.524793914e+02 +8.462939137e+01 +8.462939137e+01 -1.0595e+00 +3.0265e+00
137 0 +1.197197248e+02 +5.186972476e+01 +5.186972476e+01 +5.4130e-01 +3.0032e+00
152 0 +3.078110348e+01 -3.706889652e+01 -3.706889652e+01 +2.3473e+00 +3.0200e+00
158 0 +1.795108679e+01 -4.989891321e+01 -4.989891321e+01 -1.1622e+00 +3.0109e+00
187 0 +8.437908399e+00 -5.941209160e+01 -5.941209160e+01 -3.7708e-01 +3.0170e+00
210 0 +2.183111491e+00 -6.566688851e+01 -6.566688851e+01 -4.4593e-01 +3.0147e+00
219 0 +1.124712929e+00 -6.672528707e+01 -6.672528707e+01 -5.7797e-02 +3.0149e+00
248 0 +3.647771300e-01 -6.748522287e+01 -6.748522287e+01 +3.0920e-01 +3.0147e+00
330 0 +8.835277058e-02 -6.776164723e+01 -6.776164723e+01 +6.4375e-01 +3.0142e+00
356 0 +3.500170376e-02 -6.781499830e+01 -6.781499830e+01 +7.0423e-01 +3.0144e+00
359 0 +1.191413958e-02 -6.783808586e+01 -6.783808586e+01 +8.7423e-01 +3.0145e+00
477 0 +2.320950422e-03 -6.784767905e+01 -6.784767905e+01 +8.8273e-01 +3.0144e+00
% f evaluations | g evaluations | best noise-free fitness - Fopt (-3.639800000000e+02) + sum g_i+ | measured fitness | best measured fitness or single-digit g-values | x1 | x2...
1 0 +1.011258293e+07 +1.011221895e+07 +1.011221895e+07 +5.9671e-01 -3.8264e-02
2 0 +2.875150268e+06 +2.874786288e+06 +2.874786288e+06 +7.4769e-01 +1.6230e+00
11 0 +5.222182800e+05 +5.218543000e+05 +5.218543000e+05 +2.9752e+00 +3.9684e+00
12 0 +4.938410873e+05 +4.934771073e+05 +4.934771073e+05 +2.4802e+00 +3.8878e+00
14 0 +3.403734359e+05 +3.400094559e+05 +3.400094559e+05 +1.3468e+00 +3.7386e+00
15 0 +2.593519653e+05 +2.589879853e+05 +2.589879853e+05 +1.8426e-01 +2.6692e+00
17 0 +1.498832511e+05 +1.495192711e+05 +1.495192711e+05 -6.9510e-01 +2.8159e+00
32 0 +1.926334087e+04 +1.889936087e+04 +1.889936087e+04 -2.4925e+00 +3.3353e+00
33 0 +1.094640749e+04 +1.058242749e+04 +1.058242749e+04 -6.7395e-01 +3.2880e+00
41 0 +3.050152943e+03 +2.686172943e+03 +2.686172943e+03 -1.6740e+00 +3.1344e+00
74 0 +1.365259060e+03 +1.001279060e+03 +1.001279060e+03 -3.1217e+00 +3.2295e+00
114 0 +2.784323821e+01 -3.361367618e+02 -3.361367618e+02 -2.7361e+00 +3.1934e+00
116 0 +1.903188768e+01 -3.449481123e+02 -3.449481123e+02 -2.3688e+00 +3.1892e+00
174 0 +8.504744914e+00 -3.554752551e+02 -3.554752551e+02 -1.1767e+00 +3.1905e+00
189 0 +5.321337954e+00 -3.586586620e+02 -3.586586620e+02 -1.1627e-01 +3.1915e+00
192 0 +2.547326288e+00 -3.614326737e+02 -3.614326737e+02 +4.8121e-01 +3.1911e+00
270 0 +2.288612304e+00 -3.616913877e+02 -3.616913877e+02 +9.2657e-01 +3.1891e+00
272 0 +5.636776746e-01 -3.634163223e+02 -3.634163223e+02 +1.5455e+00 +3.1911e+00
305 0 +4.296372404e-01 -3.635503628e+02 -3.635503628e+02 +2.4140e+00 +3.1904e+00
344 0 +9.779322019e-02 -3.638822068e+02 -3.638822068e+02 +1.5586e+00 +3.1906e+00
360 0 +2.095737610e-03 -3.639779043e+02 -3.639779043e+02 +1.7747e+00 +3.1904e+00
392 0 +1.677991784e-03 -3.639783220e+02 -3.639783220e+02 +1.7776e+00 +3.1904e+00
453 0 +1.664578824e-03 -3.639783354e+02 -3.639783354e+02 +1.7817e+00 +3.1904e+00
% f evaluations | g evaluations | best noise-free fitness - Fopt (-1.865000000000e+01) + sum g_i+ | measured fitness | best measured fitness or single-digit g-values | x1 | x2...
1 0 +6.620591451e+06 +6.620572801e+06 +6.620572801e+06 +5.9671e-01 -3.8264e-02
3 0 +6.121448410e+06 +6.121429760e+06 +6.121429760e+06 -1.3415e-01 -1.3414e-01
6 0 +4.629475006e+06 +4.629456356e+06 +4.629456356e+06 -3.6342e-01 -3.6573e-01
7 0 +4.756327628e+05 +4.756141128e+05 +4.756141128e+05 +3.4196e-01 -1.8133e+00
11 0 +4.606179676e+05 +4.605993176e+05 +4.605993176e+05 -1.8393e+00 -3.2068e+00
13 0 +4.822121878e+03 +4.803471878e+03 +4.803471878e+03 -2.0580e+00 -2.3903e+00
21 0 +2.369735599e+02 +2.183235599e+02 +2.183235599e+02 -2.1327e-01 -2.4501e+00
22 0 +7.707395022e+01 +5.842395022e+01 +5.842395022e+01 -7.3390e-01 -2.4573e+00
137 0 +2.057614650e+01 +1.926146501e+00 +1.926146501e+00 -1.8557e-01 -2.4694e+00
145 0 +5.149817702e+00 -1.350018230e+01 -1.350018230e+01 -4.2602e-02 -2.4639e+00
201 0 +4.767799108e+00 -1.388220089e+01 -1.388220089e+01 +4.7907e-02 -2.4671e+00
208 0 +3.978670041e+00 -1.467132996e+01 -1.467132996e+01 +6.1075e-02 -2.4643e+00
212 0 +3.941301320e+00 -1.470869868e+01 -1.470869868e+01 -1.7674e-01 -2.4647e+00
213 0 +3.825373016e+00 -1.482462698e+01 -1.482462698e+01 -2.1075e-01 -2.4664e+00
223 0 +3.594687708e+00 -1.505531229e+01 -1.505531229e+01 +4.5604e-02 -2.4646e+00
226 0 +3.490436642e+00 -1.515956336e+01 -1.515956336e+01 -2.3435e-01 -2.4651e+00
228 0 +3.270853349e+00 -1.537914665e+01 -1.537914665e+01 -2.1909e-01 -2.4654e+00
257 0 +3.175476457e+00 -1.547452354e+01 -1.547452354e+01 -1.6553e-01 -2.4653e+00
300 0 +2.219825257e+00 -1.643017474e+01 -1.643017474e+01 +1.0386e-01 -2.4656e+00
312 0 +1.711004666e-01 -1.847889953e+01 -1.847889953e+01 +1.1397e+00 -2.4653e+00
326 0 +1.125943765e-01 -1.853740562e+01 -1.853740562e+01 +1.1860e+00 -2.4658e+00
428 0 +1.028696153e-01 -1.854713038e+01 -1.854713038e+01 +1.1521e+00 -2.4656e+00
449 0 +3.855601165e-02 -1.861144399e+01 -1.861144399e+01 +1.6251e+00 -2.4655e+00
473 0 +1.701323298e-02 -1.863298677e+01 -1.863298677e+01 +1.3828e+00 -2.4655e+00
499 0 +1.776151470e-03 -1.864822385e+01 -1.864822385e+01 +1.5072e+00 -2.4656e+00
% f evaluations | g evaluations | best noise-free fitness - Fopt (1.749200000000e+02) + sum g_i+ | measured fitness | best measured fitness or single-digit g-values | x1 | x2...
1 0 +2.856361298e+06 +2.856536218e+06 +2.856536218e+06 +5.9671e-01 -3.8264e-02
3 0 +2.481345022e+06 +2.481519942e+06 +2.481519942e+06 -1.3415e-01 -1.3414e-01
6 0 +2.052932436e+06 +2.053107356e+06 +2.053107356e+06 -3.6342e-01 -3.6573e-01
7 0 +9.200167426e+02 +1.094936743e+03 +1.094936743e+03 +3.4196e-01 -1.8133e+00
43 0 +2.144439551e+02 +3.893639551e+02 +3.893639551e+02 +6.0613e-01 -1.8591e+00
81 0 +2.252812038e+01 +1.974481204e+02 +1.974481204e+02 -2.5338e-01 -1.8405e+00
99 0 +8.491753015e+00 +1.834117530e+02 +1.834117530e+02 -9.5805e-02 -1.8475e+00
147 0 +7.237587965e-01 +1.756437588e+02 +1.756437588e+02 -5.8455e-01 -1.8454e+00
149 0 +3.671309679e-01 +1.752871310e+02 +1.752871310e+02 -5.9311e-01 -1.8447e+00
169 0 +1.981713406e-01 +1.751181713e+02 +1.751181713e+02 -7.6261e-01 -1.8445e+00
333 0 +1.364528277e-01 +1.750564528e+02 +1.750564528e+02 -1.4300e+00 -1.8451e+00
336 0 +1.115326534e-01 +1.750315327e+02 +1.750315327e+02 -1.4624e+00 -1.8447e+00
362 0 +5.044681788e-02 +1.749704468e+02 +1.749704468e+02 -1.0234e+00 -1.8450e+00
364 0 +8.154117321e-03 +1.749281541e+02 +1.749281541e+02 -1.0898e+00 -1.8447e+00
370 0 +4.522574690e-03 +1.749245226e+02 +1.749245226e+02 -1.1526e+00 -1.8449e+00
497 0 +4.284288576e-03 +1.749242843e+02 +1.749242843e+02 -1.1321e+00 -1.8447e+00
% f evaluations | g evaluations | best noise-free fitness - Fopt (-5.659600000000e+02) + sum g_i+ | measured fitness | best measured fitness or single-digit g-values | x1 | x2...
1 0 +7.540220961e+04 +7.483624961e+04 +7.483624961e+04 +5.9671e-01 -3.8264e-02
9 0 +3.217368456e+04 +3.160772456e+04 +3.160772456e+04 -9.1283e-01 +4.1425e-01
14 0 +4.644311497e+03 +4.078351497e+03 +4.078351497e+03 -2.0563e+00 +3.1026e-01
21 0 +1.095491180e+03 +5.295311799e+02 +5.295311799e+02 -1.9654e+00 +2.7224e-01
24 0 +8.962043274e+01 -4.763395673e+02 -4.763395673e+02 -2.3209e-01 +2.4528e-01
67 0 +1.174819467e+01 -5.542118053e+02 -5.542118053e+02 -9.6641e-01 +2.3952e-01
99 0 +4.027165325e+00 -5.619328347e+02 -5.619328347e+02 -2.4944e+00 +2.3705e-01
156 0 +6.850862050e-01 -5.652749138e+02 -5.652749138e+02 -1.5558e+00 +2.3542e-01
157 0 +1.633086769e-01 -5.657966913e+02 -5.657966913e+02 -1.3363e+00 +2.3609e-01
220 0 +3.479389150e-02 -5.659252061e+02 -5.659252061e+02 -1.1352e+00 +2.3598e-01
417 0 +3.181277335e-02 -5.659281872e+02 -5.659281872e+02 -1.1193e+00 +2.3605e-01
432 0 +1.477988121e-02 -5.659452201e+02 -5.659452201e+02 -1.0050e+00 +2.3612e-01
495 0 +1.194031820e-02 -5.659480597e+02 -5.659480597e+02 -9.6921e-01 +2.3589e-01
