% f evaluations | g evaluations | best noise-free fitness - Fopt (-5.235000000000e+01) + sum g_i+ | measured fitness | best measured fitness or single-digit g-values | x1 | x2...
1 0 +8.573881695e+01 +3.338881695e+01 +3.338881695e+01 +5.9671e-01 -3.8264e-02 +7.4769e-01 +1.6230e+00 -1.3415e-01
2 0 +7.039536500e+01 +1.804536500e+01 +1.804536500e+01 -1.3414e-01 +1.6792e+00 +8.6743e-01 -3.6947e-01 +6.4256e-01
3 0 +9.862298760e+00 -4.248770124e+01 -4.248770124e+01 -3.6342e-01 -3.6573e-01 +3.4196e-01 -1.8133e+00 -1.6249e+00
26 0 +3.790502020e+00 -4.855949798e+01 -4.855949798e+01 -3.7020e+00 +1.0180e+00 +2.7579e+00 -1.4036e+00 -1.6258e+00
35 0 +2.492627261e+00 -4.985737274e+01 -4.985737274e+01 +3.1076e-01 -3.0483e+00 +1.5862e+00 -1.1392e+00 -1.4400e+00
56 0 +1.450418047e+00 -5.089958195e+01 -5.089958195e+01 -8.6993e-01 -1.2076e+00 +1.5527e+00 -1.5186e+00 -2.5240e+00
78 0 +1.442195506e+00 -5.090780449e+01 -5.090780449e+01 -1.8122e+00 -1.4360e+00 +3.0704e+00 -3.2911e+00 -1.2619e+00
146 0 +1.301799200e+00 -5.104820080e+01 -5.104820080e+01 +9.4057e-02 -1.7900e+00 +1.9390e+00 -2.8952e+00 -1.9439e+00
179 0 +1.263625721e+00 -5.108637428e+01 -5.108637428e+01 -1.7863e-01 -2.1947e+00 +2.2584e+00 -2.4167e+00 -8.4124e-01
212 0 +6.017831106e-01 -5.174821689e+01 -5.174821689e+01 -1.0623e+00 -1.4670e+00 +2.2722e+00 -1.9592e+00 -7.5570e-01
234 0 +5.307410172e-01 -5.181925898e+01 -5.181925898e+01 -9.0586e-01 -1.4081e+00 +2.5090e+00 -2.9394e+00 -8.1325e-01
264 0 +2.591754475e-01 -5.209082455e+01 -5.209082455e+01 -9.0359e-01 -1.3771e+00 +2.6124e+00 -3.0590e+00 -1.7943e+00
285 0 +1.820459072e-01 -5.216795409e+01 -5.216795409e+01 -6.4498e-01 -1.0574e+00 +2.4984e+00 -2.3368e+00 -1.0953e+00
339 0 +4.999657667e-02 -5.230000342e+01 -5.230000342e+01 -9.0999e-01 -1.2145e+00 +2.2805e+00 -2.3236e+00 -1.5209e+00
446 0 +3.256382424e-02 -5.231743618e+01 -5.231743618e+01 -8.0682e-01 -1.1466e+00 +2.4327e+00 -2.4414e+00 -1.4339e+00
503 0 +2.392389215e-02 -5.232607611e+01 -5.232607611e+01 -7.7915e-01 -1.1544e+00 +2.4206e+00 -2.3569e+00 -1.5838e+00
516 0 +8.205443962e-03 -5.234179456e+01 -5.234179456e+01 -7.8606e-01 -1.1659e+00 +2.4928e+00 -2.2828e+00 -1.5199e+00
593 0 +3.297925033e-03 -5.234670207e+01 -5.234670207e+01 -8.4775e-01 -1.2125e+00 +2.4979e+00 -2.3431e+00 -1.4613e+00
835 0 +2.334874353e-03 -5.234766513e+01 -5.234766513e+01 -8.8063e-01 -1.2414e+00 +2.5203e+00 -2.3717e+00 -1.5489e+00
843 0 +2.104771473e-03 -5.234789523e+01 -5.234789523e+01 -8.4996e-01 -1.2065e+00 +2.4707e+00 -2.3619e+00 -1.5251e+00
878 0 +1.528914202e-03 -5.234847109e+01 -5.234847109e+01 -8.4369e-01 -1.2219e+00 +2.5141e+00 -2.3154e+00 -1.5029e+00
914 0 +1.251816026e-03 -5.234874818e+01 -5.234874818e+01 -8.6368e-01 -1.2476e+00 +2.5639e+00 -2.3517e+00 -1.5753e+00
952 0 +6.974182193e-04 -5.234930258e+01 -5.234930258e+01 -8.7033e-01 -1.2428e+00 +2.5367e+00 -2.3519e+00 -1.5369e+00
979 0 +3.673117420e-04 -5.234963269e+01 -5.234963269e+01 -8.6796e-01 -1.2343e+00 +2.5118e+00 -2.3457e+00 -1.4902e+00
996 0 +2.419652799e-04 -5.234975803e+01 -5.234975803e+01 -8.6200e-01 -1.2383e+00 +2.5365e+00 -2.3426e+00 -1.5261e+00
1166 0 +4.184467221e-05 -5.234995816e+01 -5.234995816e+01 -8.7674e-01 -1.2551e+00 +2.5615e+00 -2.3620e+00 -1.5295e+00
