% f evaluations | g evaluations | best noise-free fitness - Fopt (-5.494000000000e+01) + sum g_i+ | measured fitness | best measured fitness or single-digit g-values | x1 | x2...
1 0 +1.460747422e+07 +1.460741928e+07 +1.460741928e+07 +5.9671e-01 -3.8264e-02 +7.4769e-01 +1.6230e+00 -1.3415e-01 -1.3414e-01 +1.6792e+00 +8.6743e-01 -3.6947e-01 +6.4256e-01
3 0 +1.121714553e+07 +1.121709059e+07 +1.121709059e+07 +1.5656e+00 -1.2578e-01 +1.6753e-01 -1.3247e+00 -4.4438e-01 +2.1092e-01 -1.0510e+00 +4.7570e-01 -5.0064e-01 -1.9169e-01
6 0 +8.192074538e+06 +8.192019598e+06 +8.192019598e+06 +4.2408e-01 -2.8508e-01 -5.7692e-01 +7.1168e-01 +1.1310e+00 +1.0313e+00 -7.3922e-01 -2.0921e-01 +4.3126e-01 +1.0755e+00
13 0 +4.258209999e+06 +4.258155059e+06 +4.258155059e+06 +8.9103e-01 -8.0939e-01 +1.5028e+00 -1.3019e+00 +6.8686e-01 +2.2905e+00 -8.9054e-01 -4.6630e-01 +1.9965e-01 -4.0348e-01
24 0 +2.783131062e+06 +2.783076122e+06 +2.783076122e+06 -6.3037e-01 +3.1646e-01 +1.4557e-01 -5.5160e-01 +2.2439e+00 +7.3392e-01 -1.9251e+00 +2.8645e-01 -5.6179e-01 +9.5243e-01
51 0 +1.580496434e+06 +1.580441494e+06 +1.580441494e+06 +6.0633e-01 -4.4036e-01 +1.5517e+00 +1.6192e+00 +2.8845e+00 -8.9171e-02 -1.7572e+00 +2.0963e+00 +1.0173e+00 +3.7157e-01
52 0 +1.223293759e+05 +1.222744359e+05 +1.222744359e+05 +7.5631e-01 +1.7702e+00 +1.6938e+00 +1.5978e+00 +2.9511e+00 +2.4559e+00 -1.9415e+00 +3.0304e+00 +3.1797e+00 +6.7585e-01
120 0 +1.011849171e+05 +1.011299771e+05 +1.011299771e+05 +1.3945e-01 +6.4870e-01 +1.2472e+00 +2.0680e-01 +3.1773e+00 +4.1534e+00 -1.4686e+00 +3.3201e+00 +2.7928e-01 +3.6960e+00
213 0 +9.986162432e+04 +9.980668432e+04 +9.980668432e+04 -1.0830e+00 -9.1000e-01 -1.7640e+00 +2.5731e+00 +3.8549e+00 +4.4355e+00 -1.2061e+00 +9.8183e-01 -4.7288e+00 +4.9895e+00
227 0 +5.414673736e+04 +5.409179736e+04 +5.409179736e+04 -8.7898e-01 -9.7508e-01 +1.2113e+00 +1.3635e+00 +2.3780e+00 +8.2671e-01 -4.2293e+00 -1.9367e+00 +1.8751e+00 +3.0879e+00
490 0 +4.210911286e+04 +4.205417286e+04 +4.205417286e+04 -2.2576e+00 -1.4116e+00 +9.5762e-01 -1.3389e+00 +2.9959e+00 +3.1870e+00 -3.8174e+00 -2.5712e+00 +2.2840e-01 +1.4096e+00
516 0 +4.116669336e+04 +4.111175336e+04 +4.111175336e+04 -6.1255e-01 -6.3859e-01 +1.2905e+00 +1.3676e-01 +3.7621e+00 +4.4254e+00 -8.4207e-01 -7.3948e-03 -1.2151e+00 +7.2483e-01
607 0 +3.292223452e+04 +3.286729452e+04 +3.286729452e+04 -1.3283e+00 +1.8454e-01 +2.1322e+00 -4.3019e-01 +3.1647e+00 +2.3948e+00 -2.5689e+00 -6.9846e-01 -7.8231e-01 +1.6375e+00
627 0 +3.171313468e+04 +3.165819468e+04 +3.165819468e+04 -5.4773e-01 -1.1874e+00 +6.5644e-01 +4.9228e-01 +3.4525e+00 +3.9104e+00 -1.7297e+00 -1.1941e+00 -1.4509e+00 +8.5614e-01
628 0 +1.902691941e+04 +1.897197941e+04 +1.897197941e+04 -1.5056e+00 -2.4283e-02 -2.7357e-01 +8.1343e-01 +3.4054e+00 +3.5386e+00 -2.6543e+00 +5.9962e-01 -1.4189e+00 +2.0360e+00
789 0 +1.537142415e+04 +1.531648415e+04 +1.531648415e+04 -1.1660e+00 -9.0816e-02 +1.6567e+00 +5.0876e-01 +3.9047e+00 +2.2355e+00 -1.8597e+00 -1.3401e+00 -1.4776e+00 +1.4448e+00
824 0 +1.433892056e+04 +1.428398056e+04 +1.428398056e+04 -1.8119e+00 -7.4388e-02 +4.3917e-01 +5.4755e-01 +3.3455e+00 +2.7145e+00 -2.8657e+00 -5.7462e-01 -1.9588e+00 +2.2808e+00
858 0 +1.359205536e+04 +1.353711536e+04 +1.353711536e+04 -2.8335e-01 -1.2270e+00 +1.8939e+00 +5.9403e-01 +3.6171e+00 +3.4637e+00 -1.1429e+00 -1.4310e+00 -7.1736e-01 +4.1174e-01
871 0 +8.830909556e+03 +8.775969556e+03 +8.775969556e+03 -1.2606e+00 -2.4602e-01 +3.1272e-01 +1.1223e+00 +3.1145e+00 +2.6578e+00 -2.3595e+00 +3.0154e-01 -1.6217e+00 +2.7115e+00
882 0 +6.387640966e+03 +6.332700966e+03 +6.332700966e+03 -1.4924e+00 -5.9020e-01 +5.1537e-01 +1.9697e+00 +3.9186e+00 +2.3605e+00 -1.7911e+00 -7.9922e-01 -1.3438e+00 +1.1819e+00
1137 0 +5.752289685e+03 +5.697349685e+03 +5.697349685e+03 -7.3820e-01 -3.2056e-01 -2.0040e-02 +1.5160e+00 +3.8191e+00 +2.4175e+00 -2.3316e+00 -1.1959e-01 +5.9496e-02 +1.5937e+00
1144 0 +2.851261314e+03 +2.796321314e+03 +2.796321314e+03 -8.9129e-02 -1.4243e+00 +1.9891e-01 +1.8975e+00 +3.3013e+00 +2.8422e+00 -2.0774e+00 -8.7001e-01 -5.0263e-01 +2.2780e+00
1264 0 +2.616297977e+03 +2.561357977e+03 +2.561357977e+03 -5.3817e-02 -1.7096e+00 +3.8816e-01 +2.8005e+00 +3.1721e+00 +3.1957e+00 -1.3193e+00 -3.6812e-01 -1.0551e+00 +1.8362e+00
1288 0 +1.702549298e+03 +1.647609298e+03 +1.647609298e+03 -8.6204e-01 -5.6754e-01 -2.8460e-01 +2.4960e+00 +3.6083e+00 +2.1049e+00 -2.2886e+00 -2.1874e-02 -5.8102e-01 +2.1685e+00
1529 0 +1.272756414e+03 +1.217816414e+03 +1.217816414e+03 -7.4343e-01 -1.1767e+00 -9.8426e-02 +2.4650e+00 +3.2558e+00 +2.8234e+00 -1.9955e+00 -1.6861e-01 -9.2872e-01 +1.8989e+00
1718 0 +1.230347360e+03 +1.175407360e+03 +1.175407360e+03 -4.4360e-01 -1.7719e+00 +1.2467e-01 +2.7178e+00 +3.1297e+00 +3.1624e+00 -1.4751e+00 -4.1858e-01 -1.5740e+00 +2.0877e+00
1731 0 +1.111698963e+03 +1.056758963e+03 +1.056758963e+03 -9.1865e-01 -1.1927e+00 -1.7372e-01 +2.5779e+00 +3.1629e+00 +2.8180e+00 -2.0467e+00 -2.0469e-01 -1.3672e+00 +2.0330e+00
1740 0 +1.096646852e+03 +1.041706852e+03 +1.041706852e+03 -7.4817e-01 -1.3592e+00 -1.4682e-01 +2.9345e+00 +3.1972e+00 +2.7968e+00 -1.8214e+00 -1.9863e-01 -1.2139e+00 +1.9197e+00
1785 0 +8.993832390e+02 +8.444432390e+02 +8.444432390e+02 -6.8463e-01 -1.7451e+00 -3.5988e-02 +2.7386e+00 +2.9861e+00 +3.3076e+00 -1.6310e+00 -3.3234e-01 -1.9005e+00 +2.1816e+00
1906 0 +8.894029657e+02 +8.344629657e+02 +8.344629657e+02 -9.4756e-01 -1.3042e+00 -3.4040e-01 +2.9001e+00 +3.1715e+00 +3.0052e+00 -1.8258e+00 +5.6109e-02 -1.6112e+00 +2.0528e+00
1913 0 +8.124968472e+02 +7.575568472e+02 +7.575568472e+02 -1.1493e+00 -1.2291e+00 -3.1012e-01 +2.7920e+00 +3.3054e+00 +2.9085e+00 -1.7994e+00 -1.5244e-01 -1.8238e+00 +1.9365e+00
1925 0 +7.693148928e+02 +7.143748928e+02 +7.143748928e+02 -1.2453e+00 -1.6411e+00 -1.6060e-01 +2.5675e+00 +2.9296e+00 +3.4408e+00 -1.7922e+00 -2.8093e-01 -2.2272e+00 +1.9114e+00
1943 0 +7.424334089e+02 +6.874934089e+02 +6.874934089e+02 -1.0121e+00 -1.4210e+00 -5.3264e-01 +3.0658e+00 +3.0474e+00 +3.2621e+00 -1.6761e+00 +4.3894e-01 -1.9423e+00 +2.2245e+00
1951 0 +6.709102219e+02 +6.159702219e+02 +6.159702219e+02 -1.6692e+00 -8.5485e-01 -1.4050e+00 +3.3548e+00 +3.3645e+00 +3.0512e+00 -1.7967e+00 +1.0873e+00 -2.8291e+00 +2.5727e+00
1952 0 +6.617402106e+02 +6.068002106e+02 +6.068002106e+02 -1.9044e+00 -1.0641e+00 -9.9471e-01 +3.1312e+00 +3.1617e+00 +3.2398e+00 -1.8267e+00 +7.2617e-01 -3.0316e+00 +2.3182e+00
1959 0 +4.598781582e+02 +4.049381582e+02 +4.049381582e+02 -1.3404e+00 -8.1584e-01 -7.9027e-01 +3.0713e+00 +3.3026e+00 +2.7386e+00 -1.9126e+00 +7.1316e-01 -1.9975e+00 +2.4145e+00
2005 0 +3.923944158e+02 +3.374544158e+02 +3.374544158e+02 -2.2114e+00 -1.2560e+00 -1.6780e+00 +3.8064e+00 +3.0331e+00 +3.6152e+00 -1.5690e+00 +1.3606e+00 -4.1771e+00 +2.7515e+00
2165 0 +3.617003974e+02 +3.067603974e+02 +3.067603974e+02 -2.5542e+00 -8.4853e-01 -1.8897e+00 +3.9440e+00 +3.1024e+00 +3.3870e+00 -1.8934e+00 +1.5443e+00 -3.5332e+00 +2.0047e+00
2270 0 +3.463903407e+02 +2.914503407e+02 +2.914503407e+02 -2.1600e+00 -9.3896e-01 -1.4160e+00 +3.0654e+00 +2.9431e+00 +3.1585e+00 -2.4261e+00 +7.0357e-01 -3.0675e+00 +2.5739e+00
2290 0 +1.948390353e+02 +1.398990353e+02 +1.398990353e+02 -1.9776e+00 -1.6408e+00 -1.3507e+00 +3.8153e+00 +2.9436e+00 +3.6904e+00 -1.3476e+00 +7.2068e-01 -4.5236e+00 +2.6356e+00
2368 0 +1.735652180e+02 +1.186252180e+02 +1.186252180e+02 -2.2382e+00 -1.0885e+00 -1.4202e+00 +3.4459e+00 +2.9764e+00 +3.3428e+00 -2.0544e+00 +9.9374e-01 -3.0576e+00 +2.1525e+00
2432 0 +1.677370208e+02 +1.127970208e+02 +1.127970208e+02 -2.5657e+00 -8.8696e-01 -1.6675e+00 +3.7184e+00 +3.0338e+00 +3.4272e+00 -1.9282e+00 +1.4294e+00 -3.4794e+00 +1.9806e+00
2462 0 +1.550028819e+02 +1.000628819e+02 +1.000628819e+02 -2.1772e+00 -8.7472e-01 -1.4490e+00 +3.8553e+00 +3.1502e+00 +3.1420e+00 -1.7463e+00 +1.3734e+00 -3.0863e+00 +2.0778e+00
2475 0 +8.886268825e+01 +3.392268825e+01 +3.392268825e+01 -1.8774e+00 -1.1728e+00 -1.1921e+00 +2.8015e+00 +2.9262e+00 +3.4747e+00 -2.2314e+00 +6.1086e-01 -2.9260e+00 +2.5414e+00
% f evaluations | g evaluations | best noise-free fitness - Fopt (5.913000000000e+01) + sum g_i+ | measured fitness | best measured fitness or single-digit g-values | x1 | x2...
1 0 +3.495160974e+06 +3.495220104e+06 +3.495220104e+06 +5.9671e-01 -3.8264e-02 +7.4769e-01 +1.6230e+00 -1.3415e-01 -1.3414e-01 +1.6792e+00 +8.6743e-01 -3.6947e-01 +6.4256e-01
16 0 +2.958823033e+06 +2.958882163e+06 +2.958882163e+06 +3.5049e-01 +4.4645e-01 -5.8002e-01 +3.3225e-01 +3.9307e-01 -6.1435e-01 +1.9658e+00 +5.7383e-01 -1.0913e+00 +7.5655e-01
21 0 +4.778148433e+05 +4.778739733e+05 +4.778739733e+05 +4.5779e-01 +6.6078e-01 +1.1831e+00 +1.1538e+00 -1.2777e+00 -8.3783e-01 +6.1504e-01 +6.1379e-01 +6.1505e-01 +3.9527e+00
113 0 +3.627249579e+05 +3.627840879e+05 +3.627840879e+05 +1.9755e+00 +8.0510e-01 +8.2267e-01 -2.0755e+00 -2.6957e+00 -1.5634e+00 +1.4213e+00 +6.6612e-01 -2.8774e+00 +3.9590e+00
195 0 +3.512391345e+05 +3.512982645e+05 +3.512982645e+05 +1.2007e+00 +6.9806e-01 +1.4861e+00 -1.2510e+00 +5.8119e-01 +2.7142e-01 -4.0142e-01 +3.2325e+00 -1.4733e+00 +3.8480e+00
227 0 +1.893844188e+05 +1.894435488e+05 +1.894435488e+05 +1.4726e+00 +3.8445e-01 -2.4227e+00 -2.8211e+00 +9.0315e-01 -1.7586e+00 +9.1185e-01 +6.1697e-01 -2.8071e+00 +3.5207e+00
310 0 +1.341594892e+05 +1.342186192e+05 +1.342186192e+05 +2.1873e+00 +1.4542e+00 -4.7320e-01 -9.6422e-01 -1.2911e+00 +3.3518e+00 -2.8215e+00 +3.4728e+00 -3.3276e+00 +3.8778e+00
402 0 +1.124972892e+05 +1.125564192e+05 +1.125564192e+05 -2.0770e+00 +1.7714e+00 -2.3906e+00 -2.7519e-01 -1.1404e+00 -3.7638e-01 -6.1322e-01 +3.8246e-01 -3.9811e+00 +3.8070e+00
406 0 +1.947275445e+04 +1.953188445e+04 +1.953188445e+04 -1.2571e+00 -1.2769e+00 -3.3653e+00 +7.9674e-01 +1.0634e+00 -3.7941e+00 -2.0372e+00 +3.5857e+00 -3.3885e+00 +2.7523e+00
618 0 +1.600262173e+04 +1.606175173e+04 +1.606175173e+04 -5.3648e-01 +1.8715e-01 -2.1492e+00 +1.0020e+00 -1.0961e+00 -7.1055e-01 -4.9905e-01 +1.1661e+00 -1.8614e+00 +3.7862e+00
815 0 +1.475228809e+04 +1.481141809e+04 +1.481141809e+04 -3.4954e-01 +1.0595e-02 -2.3792e+00 +1.5713e+00 -9.1953e-01 -4.5121e-01 -3.2234e-01 +7.8448e-01 -2.2915e+00 +3.7352e+00
819 0 +1.199198360e+04 +1.205111360e+04 +1.205111360e+04 +4.0559e-01 -2.3314e-01 -1.6926e+00 +1.4901e+00 -9.4322e-01 -3.5046e-01 -6.7669e-01 +1.3668e+00 -3.8541e+00 +3.2050e+00
831 0 +7.355813805e+03 +7.414943805e+03 +7.414943805e+03 -1.2030e+00 +9.4445e-03 -2.0885e+00 +1.5379e+00 -1.6240e+00 -1.4000e+00 -1.2014e+00 +1.9359e+00 -2.2690e+00 +3.2968e+00
914 0 +4.711606399e+03 +4.770736399e+03 +4.770736399e+03 -4.3827e-02 +1.4431e-01 -1.2270e+00 +2.2945e-01 -1.9561e-01 -6.9635e-01 -6.7712e-01 +2.1514e+00 -4.5345e+00 +3.1153e+00
1068 0 +4.185792220e+03 +4.244922220e+03 +4.244922220e+03 -1.4938e+00 +7.8923e-01 -2.0256e+00 +4.4370e-01 -8.2000e-01 -6.0601e-01 -6.6788e-01 +1.8266e+00 -3.4195e+00 +3.3536e+00
1253 0 +2.976183491e+03 +3.035313491e+03 +3.035313491e+03 -2.3727e+00 +9.6304e-01 -3.4580e+00 +3.8618e-01 +1.9929e-01 +2.3497e-02 -9.4638e-01 +2.8312e+00 -3.9146e+00 +2.6351e+00
1256 0 +2.878665720e+03 +2.937795720e+03 +2.937795720e+03 -1.2674e+00 +6.7869e-01 -1.3989e+00 +3.5502e-01 -9.2771e-01 -6.3873e-01 -1.0229e+00 +2.2734e+00 -3.4164e+00 +3.3535e+00
1301 0 +2.528801948e+03 +2.587931948e+03 +2.587931948e+03 -1.0052e+00 +7.0704e-01 -1.6853e+00 +1.2376e-01 -6.3474e-01 -3.2867e-01 -1.3711e+00 +2.9803e+00 -4.5188e+00 +2.7268e+00
1365 0 +2.336629598e+03 +2.395759598e+03 +2.395759598e+03 -1.5610e+00 +8.9553e-01 -2.2642e+00 +1.3077e-01 -5.0664e-01 -1.5570e-01 -1.1427e+00 +2.9510e+00 -4.3870e+00 +2.5579e+00
1554 0 +2.038723860e+03 +2.097853860e+03 +2.097853860e+03 -1.7771e+00 +8.1197e-01 -2.5252e+00 +1.9675e-02 -6.1918e-01 -6.6139e-01 -1.4294e+00 +3.1653e+00 -4.0426e+00 +2.5136e+00
1606 0 +1.824742557e+03 +1.883872557e+03 +1.883872557e+03 -1.6970e+00 +6.2347e-01 -2.6482e+00 +1.0432e-01 -5.8775e-01 -7.1390e-01 -2.2398e+00 +3.9549e+00 -4.4304e+00 +2.2827e+00
1610 0 +1.745347509e+03 +1.804477509e+03 +1.804477509e+03 -1.4836e+00 +7.3669e-01 -1.9485e+00 +1.3831e-01 -1.2325e+00 -1.1626e+00 -1.5070e+00 +3.0891e+00 -4.2490e+00 +2.3743e+00
1655 0 +1.411116922e+03 +1.470246922e+03 +1.470246922e+03 -1.6717e+00 +8.2627e-01 -2.5406e+00 +8.8031e-02 -6.2803e-01 -5.5341e-01 -1.5732e+00 +3.2250e+00 -4.2878e+00 +2.4542e+00
1675 0 +1.378970249e+03 +1.438100249e+03 +1.438100249e+03 -1.1158e+00 +8.7087e-01 -2.0348e+00 -5.7691e-02 -7.9917e-01 -2.3472e-01 -1.2585e+00 +2.8168e+00 -4.5295e+00 +2.5936e+00
1701 0 +1.226392545e+03 +1.285522545e+03 +1.285522545e+03 -1.8023e+00 +6.5142e-01 -2.5833e+00 +1.9883e-01 -3.0261e-01 -5.2387e-01 -1.7230e+00 +3.3871e+00 -4.0182e+00 +2.6771e+00
1751 0 +1.049241290e+03 +1.108371290e+03 +1.108371290e+03 -2.5050e+00 +8.3860e-01 -3.2134e+00 +4.9608e-01 -7.1141e-01 -5.8702e-01 -2.0263e+00 +3.8281e+00 -4.0668e+00 +2.1128e+00
1755 0 +1.034525804e+03 +1.093655804e+03 +1.093655804e+03 -2.1984e+00 +7.7467e-01 -2.9466e+00 +2.6647e-01 -4.7121e-01 -5.8679e-01 -1.8947e+00 +3.9370e+00 -4.6136e+00 +1.9995e+00
1764 0 +9.542522739e+02 +1.013382274e+03 +1.013382274e+03 -1.8670e+00 +8.1259e-01 -2.6549e+00 +1.9091e-01 -8.3646e-01 -5.2922e-01 -1.9245e+00 +3.6186e+00 -4.2730e+00 +2.2554e+00
1907 0 +9.335744626e+02 +9.927044626e+02 +9.927044626e+02 -2.6576e+00 +7.6812e-01 -3.3256e+00 +9.4408e-01 -1.2786e+00 -6.7802e-01 -2.2230e+00 +3.9860e+00 -3.9273e+00 +1.8398e+00
1961 0 +6.887718838e+02 +7.479018838e+02 +7.479018838e+02 -1.8436e+00 +7.1189e-01 -2.3506e+00 +1.6266e-01 -7.6346e-01 -3.5567e-01 -2.2940e+00 +3.9319e+00 -3.7188e+00 +2.6892e+00
1968 0 +6.243018988e+02 +6.834318988e+02 +6.834318988e+02 -1.6784e+00 +9.4111e-01 -2.2666e+00 +4.5308e-02 -1.2464e+00 +6.8075e-02 -2.5629e+00 +4.0294e+00 -3.7767e+00 +2.5792e+00
2128 0 +4.026240236e+02 +4.617540236e+02 +4.617540236e+02 -2.5184e+00 +6.1495e-01 -2.8796e+00 +6.6298e-01 -1.3704e+00 -7.6590e-01 -3.1634e+00 +4.9245e+00 -3.7614e+00 +1.9146e+00
2262 0 +3.079285222e+02 +3.670585222e+02 +3.670585222e+02 -2.8162e+00 +6.8496e-01 -3.1914e+00 +8.7695e-01 -1.3743e+00 -5.8113e-01 -3.0381e+00 +4.7178e+00 -3.3065e+00 +2.0968e+00
2403 0 +3.045364567e+02 +3.636664567e+02 +3.636664567e+02 -2.3514e+00 +8.6559e-01 -2.6347e+00 +5.2680e-01 -1.6985e+00 -7.9913e-01 -2.5497e+00 +4.2635e+00 -4.0082e+00 +1.8485e+00
2409 0 +2.545345464e+02 +3.136645464e+02 +3.136645464e+02 -2.3473e+00 +9.6812e-01 -2.6525e+00 +5.1891e-01 -1.6456e+00 -3.8676e-01 -2.4538e+00 +4.0086e+00 -3.5352e+00 +2.2264e+00
% f evaluations | g evaluations | best noise-free fitness - Fopt (-4.915300000000e+02) + sum g_i+ | measured fitness | best measured fitness or single-digit g-values | x1 | x2...
1 0 +9.446087697e+06 +9.445596167e+06 +9.445596167e+06 +5.9671e-01 -3.8264e-02 +7.4769e-01 +1.6230e+00 -1.3415e-01 -1.3414e-01 +1.6792e+00 +8.6743e-01 -3.6947e-01 +6.4256e-01
2 0 +5.127909550e+05 +5.122994250e+05 +5.122994250e+05 -3.6342e-01 -3.6573e-01 +3.4196e-01 -1.8133e+00 -1.6249e+00 -4.6229e-01 -9.1283e-01 +4.1425e-01 -8.0802e-01 -1.3123e+00
65 0 +4.380339382e+05 +4.375424082e+05 +4.375424082e+05 +1.4878e+00 +1.2572e+00 +5.6358e-01 +9.5944e-02 +3.4451e-01 -1.7593e+00 -1.3395e+00 +3.2377e-01 -1.1237e+00 +1.6151e+00
83 0 +2.664712104e+05 +2.659796804e+05 +2.659796804e+05 +8.2080e-01 +1.8532e-01 -1.8082e+00 -1.0944e+00 -1.4481e+00 -9.9547e-01 -1.6191e+00 +7.0035e-01 +2.5745e-01 -2.7180e+00
152 0 +2.341119462e+05 +2.336204162e+05 +2.336204162e+05 +1.2369e+00 +2.3280e-01 -1.2506e+00 +4.8906e-01 +1.5863e+00 -4.8279e+00 -1.4757e+00 +1.3218e+00 -1.2226e+00 +1.9806e+00
188 0 +1.063489262e+05 +1.058573962e+05 +1.058573962e+05 -8.9876e-01 -2.8708e+00 -1.4805e+00 -2.0111e-01 +1.3064e+00 -2.1382e+00 -1.1612e+00 -1.0939e+00 -2.1968e-01 -1.5984e+00
220 0 +3.899024030e+04 +3.849871030e+04 +3.849871030e+04 +6.3015e-02 -3.3425e+00 -2.1728e+00 -5.6713e-01 +2.6462e-01 -1.4822e+00 -1.7592e+00 -6.3097e-01 -2.3254e+00 -1.5391e+00
312 0 +2.700336654e+04 +2.651183654e+04 +2.651183654e+04 -1.3393e+00 -2.3021e+00 -2.0653e+00 -1.4223e+00 +6.4630e-01 -2.8723e+00 -1.4408e+00 +5.0277e-01 +1.2507e+00 -1.2357e+00
352 0 +1.971105358e+04 +1.921952358e+04 +1.921952358e+04 -9.4068e-01 -3.2381e+00 -3.1855e+00 +9.8310e-01 +1.9902e+00 -2.0397e+00 -2.6684e+00 -9.3417e-01 -3.9524e+00 +3.6010e-01
433 0 +1.414706321e+04 +1.365553321e+04 +1.365553321e+04 -1.1897e+00 -1.5413e+00 -2.7041e+00 -7.4196e-01 +2.7249e+00 -3.0139e+00 -1.6135e+00 +4.6975e-01 -1.6702e+00 +1.1231e+00
608 0 +1.248256184e+04 +1.199103184e+04 +1.199103184e+04 -2.5789e-01 -1.9964e+00 -1.6177e+00 -4.5784e-01 +9.2385e-02 -3.4011e+00 +3.1450e-02 +8.1211e-01 -3.2610e+00 -1.0210e+00
743 0 +9.547131120e+03 +9.055601120e+03 +9.055601120e+03 -1.1803e+00 -4.3032e+00 -2.5822e+00 +2.0537e-01 +9.0517e-01 -2.2723e+00 -2.1624e+00 -3.4746e-01 -2.1315e+00 -7.9332e-01
852 0 +9.190682747e+03 +8.699152747e+03 +8.699152747e+03 -3.4176e-01 -1.6081e+00 -2.1095e+00 +5.3035e-02 +9.9158e-01 -3.4380e+00 -1.0631e+00 +1.0533e+00 -2.0119e+00 -8.9224e-02
892 0 +7.779262430e+03 +7.287732430e+03 +7.287732430e+03 -1.7101e-01 -2.8232e+00 -2.0904e+00 -6.6519e-01 +1.4605e+00 -2.3165e+00 -1.2752e+00 +1.5528e-01 -1.5050e+00 -5.5556e-01
925 0 +7.404788697e+03 +6.913258697e+03 +6.913258697e+03 -3.5310e-01 -2.3525e+00 -2.1299e+00 -1.1094e+00 +2.1274e+00 -3.2807e+00 -6.5799e-01 +5.0921e-01 -5.7834e-01 -2.8707e-01
957 0 +3.982034650e+03 +3.490504650e+03 +3.490504650e+03 -4.0983e-01 -1.7260e+00 -2.3971e+00 -9.1824e-01 +1.6724e+00 -2.9423e+00 -1.2130e+00 +7.7177e-01 -1.4188e+00 +3.5539e-01
1086 0 +3.938767785e+03 +3.447237785e+03 +3.447237785e+03 +2.3196e-01 -1.6652e+00 -1.8005e+00 -1.5614e-01 +1.5672e-01 -3.3042e+00 -1.3958e+00 +1.3653e+00 -1.6041e+00 +3.5892e-01
1145 0 +3.090940827e+03 +2.599410827e+03 +2.599410827e+03 -8.8437e-01 -2.4966e+00 -2.6743e+00 -3.9865e-01 +4.7829e-01 -2.6922e+00 -1.4842e+00 +4.1788e-01 -1.7031e+00 -1.1477e+00
1171 0 +5.267946257e+02 +3.526462569e+01 +3.526462569e+01 -1.4620e-01 -1.2034e+00 -3.0431e+00 -8.9701e-02 +7.4720e-01 -2.9024e+00 -1.6648e+00 +1.2798e+00 -2.3820e+00 -1.1931e-01
1405 0 +5.216905264e+02 +3.016052645e+01 +3.016052645e+01 -2.2446e-01 -1.1530e+00 -2.7672e+00 -4.1126e-01 +3.4251e-01 -3.1088e+00 -1.5561e+00 +1.5808e+00 -1.5563e+00 -1.7949e-01
1496 0 +5.198277041e+02 +2.829770408e+01 +2.829770408e+01 -4.2813e-01 -1.6892e+00 -2.5065e+00 -3.3684e-01 +6.3003e-01 -3.1670e+00 -1.1499e+00 +1.0359e+00 -1.7981e+00 -5.6510e-01
1505 0 +4.006415821e+02 -9.088841787e+01 -9.088841787e+01 -3.4232e-01 -1.5684e+00 -2.7272e+00 -3.2155e-01 +5.2456e-01 -2.9695e+00 -1.4699e+00 +1.1947e+00 -1.9148e+00 -4.0589e-01
1544 0 +3.822472710e+02 -1.092827290e+02 -1.092827290e+02 -2.4907e-01 -1.9546e+00 -2.5975e+00 -3.1800e-01 +7.7000e-01 -2.8667e+00 -1.2481e+00 +7.7483e-01 -1.8541e+00 -8.2277e-01
1567 0 +3.548189271e+02 -1.367110729e+02 -1.367110729e+02 -4.2688e-01 -1.4333e+00 -2.9703e+00 -3.7780e-01 +1.0323e-01 -2.8826e+00 -1.6831e+00 +1.5070e+00 -1.8209e+00 -4.9371e-01
1579 0 +2.935094536e+02 -1.980205464e+02 -1.980205464e+02 -6.2940e-01 -1.6718e+00 -2.6956e+00 -4.5535e-01 +7.3791e-01 -3.0137e+00 -1.4333e+00 +1.1080e+00 -1.9243e+00 -1.4066e-01
1659 0 +2.374373798e+02 -2.540926202e+02 -2.540926202e+02 -5.0224e-01 -1.6994e+00 -2.7856e+00 -3.2922e-01 +6.5022e-01 -2.9595e+00 -1.3512e+00 +1.0329e+00 -2.0412e+00 -5.9892e-01
1675 0 +2.109646181e+02 -2.805653819e+02 -2.805653819e+02 -4.2638e-01 -1.7714e+00 -2.8792e+00 -2.4179e-01 +4.3273e-01 -2.8869e+00 -1.4017e+00 +1.0572e+00 -1.9729e+00 -8.9496e-01
1707 0 +8.315260021e+01 -4.083773998e+02 -4.083773998e+02 -4.8867e-01 -1.7846e+00 -2.9327e+00 -1.8590e-01 +3.8600e-01 -2.8398e+00 -1.3886e+00 +1.0149e+00 -2.3498e+00 -8.9915e-01
1955 0 +4.390884053e+01 -4.476211595e+02 -4.476211595e+02 -2.6659e-03 -6.6579e-01 -3.0792e+00 -2.5877e-01 -6.5374e-02 -3.0557e+00 -1.3520e+00 +1.8227e+00 -2.5064e+00 -5.8898e-01
2253 0 +2.963071570e+01 -4.618992843e+02 -4.618992843e+02 +1.0518e-01 -9.2287e-01 -3.0629e+00 -1.1365e-01 -2.8535e-01 -2.9132e+00 -1.5750e+00 +1.7676e+00 -2.3352e+00 -7.2273e-01
2350 0 +1.802472603e+01 -4.735052740e+02 -4.735052740e+02 +1.0150e-02 -5.4853e-01 -2.9985e+00 -2.9229e-01 -3.4112e-01 -3.1256e+00 -1.4034e+00 +2.0537e+00 -2.3063e+00 -4.9598e-01
2364 0 +1.381130293e+01 -4.777186971e+02 -4.777186971e+02 +7.5354e-02 -6.8394e-01 -3.1377e+00 -1.5007e-01 -1.6153e-01 -2.9719e+00 -1.5956e+00 +1.9004e+00 -2.5040e+00 -4.2555e-01
% f evaluations | g evaluations | best noise-free fitness - Fopt (-1.702000000000e+02) + sum g_i+ | measured fitness | best measured fitness or single-digit g-values | x1 | x2...
1 0 +7.984198779e+06 +7.984028579e+06 +7.984028579e+06 +5.9671e-01 -3.8264e-02 +7.4769e-01 +1.6230e+00 -1.3415e-01 -1.3414e-01 +1.6792e+00 +8.6743e-01 -3.6947e-01 +6.4256e-01
18 0 +5.809193070e+06 +5.809022870e+06 +5.809022870e+06 -7.8951e-01 -7.1581e-01 +2.2898e-02 +4.4115e-01 +3.7669e-01 +9.2718e-01 +1.1300e-01 +1.5535e+00 -1.6466e-01 +2.8202e+00
51 0 +5.583666529e+05 +5.581964529e+05 +5.581964529e+05 +1.5227e+00 +4.9942e-01 -1.8006e+00 +2.9734e+00 +2.2188e+00 -7.1190e-01 -1.0736e+00 +1.9990e+00 +5.2035e-01 +4.6344e+00
52 0 +4.000697818e+05 +3.998995818e+05 +3.998995818e+05 -1.8975e+00 -4.1381e-01 +1.0833e+00 +6.7350e-03 +2.6559e+00 -7.6895e-02 +9.7834e-01 +3.2679e+00 -8.6854e-01 +3.3502e+00
53 0 +3.065748948e+05 +3.064046948e+05 +3.064046948e+05 -4.8919e-02 +3.1739e-01 +8.9001e-01 +2.7875e+00 +3.0776e+00 +1.4967e+00 +8.0094e-01 -5.3224e-01 +1.7228e+00 +2.2378e+00
122 0 +2.906573433e+05 +2.904871433e+05 +2.904871433e+05 +1.4722e-01 -1.6533e+00 +1.5804e+00 +3.8366e+00 +1.2118e+00 +2.6896e+00 -1.0893e+00 +9.7534e-02 +1.0914e+00 +4.3392e+00
180 0 +1.504509534e+05 +1.502807534e+05 +1.502807534e+05 -3.0192e+00 -3.8614e-01 +2.9312e+00 +1.9505e+00 +2.2478e+00 +2.9145e-01 +3.9643e+00 +1.7765e+00 +7.3876e-01 +3.8152e+00
342 0 +9.078885471e+04 +9.061865471e+04 +9.061865471e+04 +5.1081e-01 -1.0254e-01 -9.4633e-01 +2.7758e+00 +3.0126e+00 +1.1206e+00 +8.6707e-02 -2.1547e-01 +2.0533e+00 +4.0582e+00
375 0 +6.197163465e+04 +6.180143465e+04 +6.180143465e+04 -3.7511e+00 -1.3552e+00 +1.6750e+00 +3.7966e+00 +2.2338e+00 -9.2540e-01 +1.8705e+00 +3.3335e+00 -2.2969e+00 +3.4587e+00
452 0 +4.134959934e+04 +4.117939934e+04 +4.117939934e+04 -3.0224e+00 -1.8581e+00 +1.5580e+00 +3.4882e+00 +2.2707e+00 -2.5428e+00 +4.2290e+00 +2.6099e+00 -4.0465e+00 +3.2693e+00
611 0 +3.685502196e+04 +3.668482196e+04 +3.668482196e+04 -1.4982e+00 -2.6900e+00 +2.1831e+00 +3.0150e+00 +1.7872e+00 +2.9753e-01 +7.8932e-01 +2.3317e+00 -2.2904e+00 +3.3988e+00
640 0 +3.665749209e+04 +3.648729209e+04 +3.648729209e+04 -9.7543e-01 -1.4979e+00 +3.7564e-01 +2.4096e+00 +2.9152e+00 -1.7811e-02 +2.4665e+00 +2.8127e+00 -3.4495e+00 +1.7835e+00
656 0 +2.717726102e+04 +2.700706102e+04 +2.700706102e+04 +1.2527e+00 -3.1305e+00 -7.2061e-01 +3.3194e+00 +2.5689e+00 +1.2925e+00 +2.7600e+00 +9.9470e-01 -3.7036e+00 +2.0726e+00
772 0 +2.421511129e+04 +2.404491129e+04 +2.404491129e+04 +5.0224e-01 -2.4329e+00 -8.6698e-01 +2.2511e+00 +2.6523e+00 +6.0456e-01 +2.9965e+00 +1.6906e+00 -3.0719e+00 +2.5968e+00
803 0 +8.428062076e+03 +8.257862076e+03 +8.257862076e+03 +4.3315e-01 -2.1800e+00 -1.8910e+00 +2.7481e+00 +3.2289e+00 +2.4803e-01 +2.5375e+00 +1.8819e+00 -3.3988e+00 +2.3473e+00
904 0 +7.321461367e+03 +7.151261367e+03 +7.151261367e+03 +2.5409e-01 -2.5300e+00 -2.0099e+00 +1.6278e+00 +4.7708e+00 +2.3151e-01 +4.8966e+00 +8.2631e-01 -4.1263e+00 +1.5488e+00
1090 0 +6.329278023e+03 +6.159078023e+03 +6.159078023e+03 -1.1563e+00 -1.4562e+00 -1.3066e+00 +2.7308e+00 +3.4797e+00 -4.5437e-01 +3.6720e+00 +2.1998e+00 -3.6138e+00 +2.0331e+00
1131 0 +4.961899347e+03 +4.791699347e+03 +4.791699347e+03 +3.4165e-01 -2.2210e+00 -1.4768e+00 +3.1707e+00 +2.7685e+00 +6.7760e-01 +2.3817e+00 +2.3150e+00 -3.8020e+00 +1.9078e+00
1215 0 +3.255746317e+03 +3.085546317e+03 +3.085546317e+03 -4.7925e-01 -1.4169e+00 -2.4884e+00 +2.4419e+00 +3.6249e+00 -2.5134e-01 +3.6627e+00 +2.2239e+00 -3.5179e+00 +2.3229e+00
1242 0 +2.992642318e+03 +2.822442318e+03 +2.822442318e+03 -2.5025e-01 -1.4728e+00 -2.4885e+00 +2.9544e+00 +3.5346e+00 +2.1011e-01 +3.0020e+00 +2.2875e+00 -3.5919e+00 +1.8200e+00
1264 0 +2.709182812e+03 +2.538982812e+03 +2.538982812e+03 -8.0285e-01 -1.4731e+00 -2.4178e+00 +2.7531e+00 +3.7676e+00 -2.4549e-01 +3.7960e+00 +2.1514e+00 -3.5926e+00 +2.0613e+00
1310 0 +2.528308325e+03 +2.358108325e+03 +2.358108325e+03 -4.4320e-01 -1.6378e+00 -2.2627e+00 +2.5729e+00 +3.6733e+00 -5.2420e-02 +4.1122e+00 +2.0321e+00 -3.7154e+00 +1.8565e+00
1320 0 +1.795492614e+03 +1.625292614e+03 +1.625292614e+03 -8.9338e-01 -1.3668e+00 -2.4704e+00 +2.5936e+00 +3.5503e+00 -3.3009e-01 +3.9507e+00 +2.6544e+00 -3.9109e+00 +2.0055e+00
1380 0 +1.752948999e+03 +1.582748999e+03 +1.582748999e+03 -4.2009e-01 -1.5413e+00 -1.3448e+00 +2.9603e+00 +3.2548e+00 +3.0039e-02 +3.0382e+00 +2.2134e+00 -3.4959e+00 +1.8680e+00
1383 0 +9.544227547e+02 +7.842227547e+02 +7.842227547e+02 -7.7629e-01 -1.8114e+00 -1.7012e+00 +2.4356e+00 +3.9971e+00 -5.4405e-01 +3.9992e+00 +2.1499e+00 -4.5603e+00 +1.7505e+00
1665 0 +8.400654595e+02 +6.698654595e+02 +6.698654595e+02 -9.2987e-01 -1.4762e+00 -1.5928e+00 +2.6869e+00 +3.5916e+00 -3.9622e-01 +3.9523e+00 +2.1547e+00 -3.6068e+00 +2.0041e+00
1668 0 +7.573606118e+02 +5.871606118e+02 +5.871606118e+02 -7.2868e-01 -1.5915e+00 -1.4761e+00 +2.7239e+00 +3.6877e+00 -4.3218e-01 +4.0213e+00 +2.0624e+00 -3.9421e+00 +1.7453e+00
1733 0 +7.168023300e+02 +5.466023300e+02 +5.466023300e+02 -8.7958e-01 -1.5430e+00 -1.2724e+00 +2.6231e+00 +3.6826e+00 -4.3251e-01 +3.9833e+00 +2.0607e+00 -3.7470e+00 +1.8664e+00
1744 0 +6.319741128e+02 +4.617741128e+02 +4.617741128e+02 -9.7268e-01 -1.7659e+00 -1.0566e+00 +2.8196e+00 +3.5412e+00 -6.0996e-01 +3.8783e+00 +2.2341e+00 -4.2831e+00 +1.8301e+00
1756 0 +5.858517165e+02 +4.156517165e+02 +4.156517165e+02 -1.3385e+00 -1.5200e+00 -1.2099e+00 +2.7489e+00 +3.6020e+00 -8.2873e-01 +4.2002e+00 +2.2954e+00 -3.8865e+00 +2.0109e+00
1782 0 +5.692780157e+02 +3.990780157e+02 +3.990780157e+02 -1.4381e+00 -1.3863e+00 -1.2334e+00 +2.6852e+00 +3.8812e+00 -9.1187e-01 +4.0017e+00 +2.2408e+00 -4.0401e+00 +1.8876e+00
1866 0 +5.474138963e+02 +3.772138963e+02 +3.772138963e+02 -1.8634e+00 -1.4968e+00 -1.3643e+00 +2.3932e+00 +3.9409e+00 -1.3719e+00 +4.4678e+00 +2.5082e+00 -4.3404e+00 +2.2176e+00
2026 0 +4.367109885e+02 +2.665109885e+02 +2.665109885e+02 -2.9744e+00 -7.4306e-01 -1.6635e+00 +2.4719e+00 +4.2136e+00 -1.9742e+00 +4.1712e+00 +2.9486e+00 -4.1072e+00 +2.4673e+00
2183 0 +4.016430597e+02 +2.314430597e+02 +2.314430597e+02 -1.6509e+00 -1.7061e+00 -1.0500e+00 +2.4222e+00 +3.8091e+00 -1.0842e+00 +4.2401e+00 +2.3175e+00 -4.1167e+00 +2.2823e+00
2208 0 +3.411134486e+02 +1.709134486e+02 +1.709134486e+02 -2.2421e+00 -1.1626e+00 -1.2467e+00 +2.5927e+00 +4.0572e+00 -1.4819e+00 +4.1605e+00 +2.5632e+00 -4.1970e+00 +2.1244e+00
2212 0 +2.378215295e+02 +6.762152952e+01 +6.762152952e+01 -2.7638e+00 -1.0461e+00 -1.3225e+00 +2.7143e+00 +3.9088e+00 -1.7630e+00 +3.7540e+00 +2.9255e+00 -4.1850e+00 +2.5196e+00
2393 0 +2.332187157e+02 +6.301871568e+01 +6.301871568e+01 -2.1983e+00 -1.1957e+00 -1.2642e+00 +2.6765e+00 +3.8204e+00 -1.3623e+00 +3.9106e+00 +2.6640e+00 -4.0220e+00 +2.3123e+00
2443 0 +2.124984253e+02 +4.229842527e+01 +4.229842527e+01 -2.3339e+00 -1.3880e+00 -6.7420e-01 +2.6722e+00 +3.8969e+00 -1.5405e+00 +4.0333e+00 +2.5393e+00 -4.3301e+00 +2.2150e+00
% f evaluations | g evaluations | best noise-free fitness - Fopt (-4.697500000000e+02) + sum g_i+ | measured fitness | best measured fitness or single-digit g-values | x1 | x2...
1 0 +1.777962218e+06 +1.777492468e+06 +1.777492468e+06 +5.9671e-01 -3.8264e-02 +7.4769e-01 +1.6230e+00 -1.3415e-01 -1.3414e-01 +1.6792e+00 +8.6743e-01 -3.6947e-01 +6.4256e-01
3 0 +1.335109417e+06 +1.334639667e+06 +1.334639667e+06 +1.5656e+00 -1.2578e-01 +1.6753e-01 -1.3247e+00 -4.4438e-01 +2.1092e-01 -1.0510e+00 +4.7570e-01 -5.0064e-01 -1.9169e-01
6 0 +1.000638686e+06 +1.000168936e+06 +1.000168936e+06 +4.2408e-01 -2.8508e-01 -5.7692e-01 +7.1168e-01 +1.1310e+00 +1.0313e+00 -7.3922e-01 -2.0921e-01 +4.3126e-01 +1.0755e+00
28 0 +6.563094980e+05 +6.558397480e+05 +6.558397480e+05 +1.5413e+00 -1.3359e+00 +1.2632e+00 +1.1023e-01 -8.8151e-01 +5.6210e-01 +2.9906e-01 -5.0022e-01 +1.6980e-01 -2.8531e-01
51 0 +2.969864322e+05 +2.965166822e+05 +2.965166822e+05 +9.9522e-01 -2.4160e+00 +9.6545e-01 +5.8012e-01 -1.7352e-02 +5.7032e-01 -4.5004e-01 -3.2357e-01 +7.5400e-01 +4.6943e-01
103 0 +7.942617321e+04 +7.895642321e+04 +7.895642321e+04 +8.5248e-01 -3.8943e+00 +8.1139e-01 +2.5485e+00 -1.2833e+00 +1.4404e-01 +8.6216e-01 -1.5483e-01 +2.5121e+00 +1.4440e+00
113 0 +4.687242065e+04 +4.640267065e+04 +4.640267065e+04 +6.2393e-03 -3.4656e+00 +2.3508e+00 -9.9467e-01 +2.1651e-01 +8.9054e-01 -1.6944e+00 +1.9031e+00 +1.1212e+00 +2.8586e+00
206 0 +3.972228640e+04 +3.925253640e+04 +3.925253640e+04 +1.3756e+00 -4.2686e+00 -2.1511e-01 -4.6251e-01 -1.4959e+00 +9.0459e-01 -3.3066e+00 -2.2966e-01 +4.1684e-01 +2.3825e+00
354 0 +3.162706254e+04 +3.115731254e+04 +3.115731254e+04 +5.3777e-01 -4.3144e+00 +4.2020e+00 -1.2616e+00 -1.4524e+00 +5.3130e-01 +3.3994e-01 +4.1207e-01 +1.7704e+00 +2.4572e+00
455 0 +2.364753708e+04 +2.317778708e+04 +2.317778708e+04 +1.4024e+00 -2.1960e+00 +1.7247e+00 -1.2019e+00 +6.7343e-01 +3.5603e+00 -1.9001e+00 +1.4691e+00 -8.6970e-01 +1.8427e+00
560 0 +1.010512715e+04 +9.635377153e+03 +9.635377153e+03 +3.3702e+00 -3.5400e+00 +3.1092e+00 -2.8713e+00 -1.7775e+00 +2.8856e+00 +5.1377e-01 +2.6393e+00 +1.9006e+00 +1.6825e+00
974 0 +1.007314981e+04 +9.603399808e+03 +9.603399808e+03 +2.5602e+00 -3.4801e+00 +3.0745e+00 -3.4467e+00 -1.1166e+00 +3.3609e+00 -1.7206e+00 +1.0188e+00 +7.0102e-01 +2.6225e+00
1022 0 +5.747541962e+03 +5.277791962e+03 +5.277791962e+03 +2.8658e+00 -2.8171e+00 +3.1053e+00 -3.4117e+00 -5.5997e-01 +3.4663e+00 -7.3970e-01 +1.9167e+00 +1.3241e+00 +2.1487e+00
1109 0 +5.326784950e+03 +4.857034950e+03 +4.857034950e+03 +2.8488e+00 -2.8784e+00 +2.7022e+00 -2.2318e+00 -1.5694e-01 +3.0196e+00 +3.5976e-01 +1.7121e+00 +3.4726e+00 +2.9221e+00
1207 0 +3.223301802e+03 +2.753551802e+03 +2.753551802e+03 +3.3156e+00 -2.7591e+00 +2.8360e+00 -3.1153e+00 -4.9885e-01 +3.3551e+00 +1.0137e-01 +2.6361e+00 +2.2646e+00 +1.9292e+00
1208 0 +2.783444880e+03 +2.313694880e+03 +2.313694880e+03 +2.6211e+00 -2.8166e+00 +3.5645e+00 -2.6225e+00 -8.6281e-01 +3.7405e+00 +2.9231e-01 +1.2089e+00 +1.7825e+00 +2.6673e+00
1366 0 +2.521275300e+03 +2.051525300e+03 +2.051525300e+03 +2.7138e+00 -1.8543e+00 +4.7949e+00 -1.6153e+00 -2.6817e-01 +4.4294e+00 +2.7368e+00 +9.6891e-01 +3.5123e+00 +3.5729e+00
1452 0 +1.578653486e+03 +1.108903486e+03 +1.108903486e+03 +2.6304e+00 -2.3409e+00 +3.1732e+00 -2.2125e+00 -2.0169e-01 +3.6539e+00 +7.9071e-03 +1.7574e+00 +1.8182e+00 +2.9025e+00
1555 0 +1.461712966e+03 +9.919629660e+02 +9.919629660e+02 +2.9910e+00 -1.3226e+00 +3.9547e+00 -8.6457e-01 +6.6089e-02 +4.4981e+00 +2.8684e+00 +1.4151e+00 +3.2307e+00 +3.0492e+00
1604 0 +1.200804250e+03 +7.310542500e+02 +7.310542500e+02 +3.5447e+00 -1.4264e+00 +3.7839e+00 -1.7027e+00 -2.4263e-01 +4.9215e+00 +2.5070e+00 +2.0859e+00 +2.6689e+00 +2.5075e+00
1664 0 +9.579233501e+02 +4.881733501e+02 +4.881733501e+02 +2.1442e+00 -2.2769e+00 +3.9300e+00 -9.5476e-01 -3.5410e-01 +3.7884e+00 +1.6227e+00 +1.4606e+00 +1.9540e+00 +2.8310e+00
1830 0 +9.405609426e+02 +4.708109426e+02 +4.708109426e+02 +2.0190e+00 -1.5749e+00 +3.6632e+00 +3.2723e-01 -1.3094e-01 +4.5880e+00 +2.5748e+00 +9.2267e-01 +1.6564e+00 +2.6611e+00
1860 0 +7.943229926e+02 +3.245729926e+02 +3.245729926e+02 +1.9402e+00 -1.9109e+00 +3.3466e+00 +5.3088e-02 +3.5347e-01 +3.0701e+00 +2.0820e+00 +1.0526e+00 +3.8819e+00 +3.6584e+00
1884 0 +7.718909463e+02 +3.021409463e+02 +3.021409463e+02 +2.9013e+00 -2.0579e+00 +3.8685e+00 -1.6289e+00 -6.0611e-01 +4.3388e+00 +2.0075e+00 +1.2756e+00 +2.3968e+00 +2.5555e+00
1885 0 +2.477516761e+02 -2.219983239e+02 -2.219983239e+02 +1.8087e+00 -1.9912e+00 +3.9969e+00 -7.7040e-02 -9.6888e-02 +3.9919e+00 +2.4568e+00 +9.8334e-01 +2.4448e+00 +3.0433e+00
2158 0 +1.629040855e+02 -3.068459145e+02 -3.068459145e+02 +2.4100e+00 -1.8612e+00 +3.8803e+00 -6.5064e-01 -1.2202e-01 +4.3078e+00 +2.5175e+00 +1.2922e+00 +2.6337e+00 +2.8099e+00
2267 0 +1.248962004e+02 -3.448537996e+02 -3.448537996e+02 +1.9882e+00 -2.0751e+00 +3.9502e+00 -4.5711e-01 -2.7918e-01 +4.0642e+00 +2.0776e+00 +1.0348e+00 +2.0489e+00 +2.9158e+00
2336 0 +1.001371678e+02 -3.696128322e+02 -3.696128322e+02 +1.7104e+00 -2.1846e+00 +3.6055e+00 -2.8110e-01 +8.0867e-02 +3.4664e+00 +1.6308e+00 +4.6161e-01 +2.8552e+00 +3.4832e+00
2410 0 +9.317966691e+01 -3.765703331e+02 -3.765703331e+02 +1.7279e+00 -2.3086e+00 +3.9207e+00 -5.5699e-01 -2.6454e-01 +3.7761e+00 +1.6122e+00 +6.0945e-01 +2.0760e+00 +3.1478e+00
2476 0 +6.851667132e+01 -4.012333287e+02 -4.012333287e+02 +1.8153e+00 -2.0949e+00 +3.8321e+00 -1.9422e-01 -1.9272e-01 +3.9308e+00 +2.0443e+00 +7.8760e-01 +2.1466e+00 +3.0126e+00
% f evaluations | g evaluations | best noise-free fitness - Fopt (-5.191000000000e+01) + sum g_i+ | measured fitness | best measured fitness or single-digit g-values | x1 | x2...
1 0 +8.415068501e+06 +8.415016591e+06 +8.415016591e+06 +5.9671e-01 -3.8264e-02 +7.4769e-01 +1.6230e+00 -1.3415e-01 -1.3414e-01 +1.6792e+00 +8.6743e-01 -3.6947e-01 +6.4256e-01
2 0 +3.471323576e+06 +3.471271666e+06 +3.471271666e+06 -3.6342e-01 -3.6573e-01 +3.4196e-01 -1.8133e+00 -1.6249e+00 -4.6229e-01 -9.1283e-01 +4.1425e-01 -8.0802e-01 -1.3123e+00
3 0 +3.365975069e+06 +3.365923159e+06 +3.365923159e+06 +1.5656e+00 -1.2578e-01 +1.6753e-01 -1.3247e+00 -4.4438e-01 +2.1092e-01 -1.0510e+00 +4.7570e-01 -5.0064e-01 -1.9169e-01
4 0 +3.734226445e+05 +3.733707345e+05 +3.733707345e+05 -5.0171e-01 +1.9523e+00 +8.6503e-02 -9.5771e-01 +9.2254e-01 -1.1208e+00 +3.0886e-01 -1.8597e+00 -1.2282e+00 +2.9686e-01
51 0 +1.971860503e+05 +1.971341403e+05 +1.971341403e+05 -1.4901e+00 +1.4765e+00 -2.1536e+00 +3.0091e-01 +1.0221e+00 -8.2864e-02 -3.0748e-01 -1.8821e+00 -5.3592e-02 +1.0695e+00
57 0 +1.880423314e+05 +1.879904214e+05 +1.879904214e+05 -2.9033e-01 +7.2574e-01 +6.7120e-01 +6.5522e-01 +1.7149e+00 -2.2096e+00 -1.5631e+00 -2.7641e+00 -5.2884e-01 +4.4911e-01
117 0 +1.671707909e+05 +1.671188809e+05 +1.671188809e+05 -3.4842e+00 +1.2349e+00 -2.8850e+00 +3.1833e-02 +2.9854e+00 +1.6263e+00 -3.3586e-01 -3.1350e+00 -5.6946e-01 +7.4922e-01
252 0 +9.991549135e+04 +9.986358135e+04 +9.986358135e+04 -1.8510e+00 +7.3865e-01 +2.5536e+00 +1.1890e+00 +4.2903e-01 -1.4791e+00 -3.5175e+00 -4.7383e+00 -8.7883e-01 +1.4024e+00
281 0 +6.887701079e+04 +6.882510079e+04 +6.882510079e+04 -2.1012e+00 +3.0089e-01 -2.7995e+00 -4.6191e-01 +1.4974e+00 +1.7126e+00 -2.5059e+00 -2.6970e+00 +1.6464e+00 -8.7068e-01
404 0 +2.737133397e+04 +2.731942397e+04 +2.731942397e+04 -1.3828e+00 +4.3077e-01 -1.3238e+00 +2.0323e+00 +3.8587e-01 -1.6495e+00 -2.3586e+00 -3.8542e+00 +6.2900e-01 +1.0796e-01
667 0 +1.097872393e+04 +1.092681393e+04 +1.092681393e+04 -1.4697e+00 -1.3724e+00 -1.0393e+00 +1.5659e+00 +2.0002e+00 -1.7780e+00 -3.2803e+00 -4.4328e+00 +1.5717e+00 -7.3635e-01
711 0 +1.052256737e+04 +1.047065737e+04 +1.047065737e+04 +2.6559e-01 +4.3843e-01 -4.0764e-01 +2.1733e+00 +1.8335e+00 -8.3587e-01 -2.9263e+00 -2.8790e+00 +1.3685e+00 +1.4835e+00
830 0 +8.092796016e+03 +8.040886016e+03 +8.040886016e+03 -2.5103e-01 +1.3041e+00 -1.2427e+00 +1.7627e+00 +1.3849e+00 -4.0857e-01 -2.5255e+00 -3.3908e+00 +1.3368e+00 +2.0623e+00
930 0 +7.499919563e+03 +7.448009563e+03 +7.448009563e+03 +7.1966e-01 +9.3087e-01 -3.5211e-01 +2.7634e+00 +2.3599e+00 +6.1917e-02 -3.2762e+00 -2.5844e+00 +1.6799e+00 +2.9834e+00
949 0 +6.737016879e+03 +6.685106879e+03 +6.685106879e+03 +6.2222e-01 +1.6500e+00 -1.5627e+00 +2.6824e+00 +2.4877e+00 -8.4248e-01 -9.5635e-01 -3.1844e+00 -3.0748e-01 +2.5623e+00
1024 0 +4.933077041e+03 +4.881167041e+03 +4.881167041e+03 +2.0747e-01 -2.2809e-01 -2.1558e+00 +2.5952e+00 +3.2375e+00 -1.9457e+00 -1.6211e+00 -3.2354e+00 +1.0348e+00 +2.2414e-01
1106 0 +2.234703311e+03 +2.182793311e+03 +2.182793311e+03 +5.8701e-01 +1.1142e+00 -1.4677e+00 +2.6496e+00 +2.3865e+00 -2.9673e-01 -2.1947e+00 -2.8693e+00 +1.1172e+00 +2.5998e+00
1110 0 +2.189997204e+03 +2.138087204e+03 +2.138087204e+03 +4.1152e-01 +9.3262e-01 -1.5048e+00 +2.5872e+00 +2.4407e+00 -6.1244e-01 -2.0237e+00 -3.3327e+00 +5.3246e-01 +1.9185e+00
1157 0 +1.779353340e+03 +1.727443340e+03 +1.727443340e+03 +4.3776e-01 +1.0249e+00 -1.2811e+00 +2.7244e+00 +2.2733e+00 -1.3081e+00 -1.7083e+00 -3.4959e+00 +2.4282e-01 +2.1912e+00
1182 0 +1.375930911e+03 +1.324020911e+03 +1.324020911e+03 +5.9452e-01 +1.4883e+00 -1.5232e+00 +2.4628e+00 +2.3267e+00 -2.1339e-01 -1.8366e+00 -2.7062e+00 +6.8085e-01 +2.2911e+00
1317 0 +1.297751668e+03 +1.245841668e+03 +1.245841668e+03 +2.0549e-01 +1.6562e+00 -1.7941e+00 +2.4612e+00 +1.5786e+00 -7.4095e-01 -1.6155e+00 -3.5342e+00 -6.2501e-02 +1.9604e+00
1327 0 +1.053690720e+03 +1.001780720e+03 +1.001780720e+03 +5.6920e-01 +1.3074e+00 -1.7974e+00 +2.6964e+00 +2.3409e+00 -2.8341e-01 -1.8513e+00 -2.7313e+00 +7.8141e-01 +2.2244e+00
1331 0 +9.346993684e+02 +8.827893684e+02 +8.827893684e+02 +3.8193e-01 +1.4310e+00 -2.3346e+00 +2.6438e+00 +1.7184e+00 -7.0954e-01 -1.7458e+00 -3.5652e+00 +3.0379e-01 +1.6671e+00
1368 0 +7.457574308e+02 +6.938474308e+02 +6.938474308e+02 +3.0869e-01 +1.3447e+00 -2.1379e+00 +2.5950e+00 +1.6136e+00 -5.7365e-01 -2.0627e+00 -3.1756e+00 +8.9865e-01 +1.5146e+00
1498 0 +6.820635597e+02 +6.301535597e+02 +6.301535597e+02 +9.0191e-01 +1.5744e+00 -1.8976e+00 +3.0691e+00 +1.7055e+00 -1.6207e-01 -2.1661e+00 -3.6370e+00 -1.3621e-01 +2.0798e+00
1521 0 +6.612863465e+02 +6.093763465e+02 +6.093763465e+02 +5.3799e-01 +1.3091e+00 -2.2323e+00 +2.7512e+00 +1.9609e+00 -1.3852e-01 -2.1256e+00 -3.1137e+00 +6.8805e-01 +1.7286e+00
1539 0 +3.540145353e+02 +3.021045353e+02 +3.021045353e+02 +6.2430e-01 +1.2576e+00 -2.4909e+00 +2.9732e+00 +1.9484e+00 -5.4522e-01 -1.8509e+00 -3.4026e+00 +3.0616e-01 +1.3209e+00
1573 0 +3.262883074e+02 +2.743783074e+02 +2.743783074e+02 -9.2601e-02 +1.5538e+00 -3.3116e+00 +2.4471e+00 +1.3172e+00 -5.8970e-01 -1.4842e+00 -3.5889e+00 +4.3476e-01 +8.6343e-01
1821 0 +2.611206740e+02 +2.092106740e+02 +2.092106740e+02 +1.9805e-01 +2.1706e+00 -3.5331e+00 +2.6078e+00 +1.1449e+00 -2.7810e-01 -1.0873e+00 -3.7653e+00 -3.7643e-01 +1.3232e+00
2090 0 +1.402429419e+02 +8.833294189e+01 +8.833294189e+01 +2.6088e-01 +1.3184e+00 -3.1322e+00 +2.8776e+00 +1.7789e+00 -1.2406e+00 -1.0894e+00 -3.9532e+00 -3.9678e-01 +7.8818e-01
2208 0 +1.240891028e+02 +7.217910281e+01 +7.217910281e+01 +9.0555e-01 +2.0071e+00 -2.6601e+00 +2.9556e+00 +2.0337e+00 -2.9504e-01 -1.1973e+00 -3.3009e+00 -2.5696e-01 +2.1874e+00
2324 0 +8.256877268e+01 +3.065877268e+01 +3.065877268e+01 +8.2069e-01 +1.7843e+00 -2.4432e+00 +2.9405e+00 +2.0173e+00 -4.7685e-01 -1.3773e+00 -3.3035e+00 -1.0792e-01 +2.0477e+00
2360 0 +5.094198486e+01 -9.680151417e-01 -9.680151417e-01 +1.0666e+00 +1.5030e+00 -2.4510e+00 +3.1815e+00 +2.2745e+00 -3.1589e-01 -1.5983e+00 -3.4657e+00 -2.8962e-01 +1.8704e+00
2428 0 +4.402515155e+01 -7.884848453e+00 -7.884848453e+00 +9.0435e-01 +1.5263e+00 -2.5614e+00 +3.1042e+00 +2.1866e+00 -4.2331e-01 -1.4717e+00 -3.5499e+00 -3.4686e-01 +1.7797e+00
% f evaluations | g evaluations | best noise-free fitness - Fopt (4.808000000000e+01) + sum g_i+ | measured fitness | best measured fitness or single-digit g-values | x1 | x2...
1 0 +7.072208091e+06 +7.072256171e+06 +7.072256171e+06 +5.9671e-01 -3.8264e-02 +7.4769e-01 +1.6230e+00 -1.3415e-01 -1.3414e-01 +1.6792e+00 +8.6743e-01 -3.6947e-01 +6.4256e-01
2 0 +3.344361654e+06 +3.344409734e+06 +3.344409734e+06 -3.6342e-01 -3.6573e-01 +3.4196e-01 -1.8133e+00 -1.6249e+00 -4.6229e-01 -9.1283e-01 +4.1425e-01 -8.0802e-01 -1.3123e+00
3 0 +1.771217716e+06 +1.771265796e+06 +1.771265796e+06 +1.5656e+00 -1.2578e-01 +1.6753e-01 -1.3247e+00 -4.4438e-01 +2.1092e-01 -1.0510e+00 +4.7570e-01 -5.0064e-01 -1.9169e-01
5 0 +1.519111821e+06 +1.519159901e+06 +1.519159901e+06 +8.3847e-01 +2.7137e-01 -1.5648e-02 -2.0110e-01 -1.3785e+00 -6.1984e-01 -3.6064e-01 +1.1571e+00 +4.4362e-01 -1.6630e+00
23 0 +8.859623300e+05 +8.860104100e+05 +8.860104100e+05 +2.4147e+00 -1.7673e+00 +7.8626e-01 -1.5127e+00 -3.7193e-01 +1.1890e+00 +1.6428e-01 -9.7774e-01 -6.1530e-01 +7.7960e-01
57 0 +3.661817774e+05 +3.662298574e+05 +3.662298574e+05 +3.2725e+00 -1.2894e+00 -2.1006e-01 -1.4366e+00 +6.7243e-02 +9.6827e-01 -1.6463e-01 +1.6920e+00 +3.3937e-01 -9.1010e-01
104 0 +2.673419938e+05 +2.673900738e+05 +2.673900738e+05 +3.6692e+00 -1.8585e+00 -9.4584e-01 -2.6279e+00 -3.4971e-01 +1.2531e-02 +5.6280e-01 +3.2349e+00 -1.7321e-01 -1.0344e+00
259 0 +1.127827977e+05 +1.128308777e+05 +1.128308777e+05 +4.0817e+00 +3.2221e-01 -3.5828e+00 -4.4034e+00 +2.1456e+00 -1.6583e+00 +6.2020e-01 +6.3620e-01 +1.4005e+00 +2.0159e-01
396 0 +1.089843979e+05 +1.090324779e+05 +1.090324779e+05 +1.9656e+00 -2.1853e+00 -2.7149e+00 -1.6879e+00 +2.1815e+00 +1.4261e+00 -2.1820e+00 +4.0207e-01 -1.5396e+00 -3.1138e+00
490 0 +1.070330752e+05 +1.070811552e+05 +1.070811552e+05 +2.8798e+00 -9.3966e-01 -2.8283e+00 -1.7977e+00 +2.1223e+00 -9.8897e-02 -1.2418e+00 +2.0637e+00 -2.6027e+00 -1.0307e+00
551 0 +8.426320023e+04 +8.431128023e+04 +8.431128023e+04 +2.5895e+00 -2.0065e+00 -1.5806e+00 -4.2240e+00 +9.2511e-01 -9.2908e-01 +1.3367e-01 +1.3750e+00 -2.4421e+00 +4.2343e-02
603 0 +6.408168428e+04 +6.412976428e+04 +6.412976428e+04 +2.2419e+00 -2.2638e+00 -3.5156e+00 -4.2317e+00 +2.8408e+00 -2.5207e-01 -1.1871e+00 +7.4372e-01 -2.5521e+00 -6.0532e-01
631 0 +5.754908743e+04 +5.759716743e+04 +5.759716743e+04 +2.8484e+00 -2.9254e+00 -1.3009e+00 -4.3568e+00 +2.6412e+00 -2.2110e-01 -8.8827e-01 +2.5527e+00 -8.6704e-01 +3.6441e-01
652 0 +2.711014461e+04 +2.715822461e+04 +2.715822461e+04 +2.2033e+00 -2.5893e+00 -1.8260e+00 -4.0754e+00 +2.2563e+00 -1.7564e-01 -5.8330e-01 +1.6380e+00 -3.0011e+00 -7.1901e-01
667 0 +1.440027461e+04 +1.444835461e+04 +1.444835461e+04 +2.0608e+00 -2.4061e+00 -3.3616e+00 -4.7480e+00 +3.5778e+00 +2.8546e-02 -1.0576e+00 +2.6513e-01 -1.5145e+00 -1.9281e+00
986 0 +1.383492329e+04 +1.388300329e+04 +1.388300329e+04 +1.3675e+00 -3.0097e+00 -3.2515e+00 -4.1998e+00 +2.3742e+00 -1.1249e+00 -1.8393e+00 +1.9722e+00 +1.0112e-01 -2.7659e+00
1006 0 +1.203951280e+04 +1.208759280e+04 +1.208759280e+04 +1.2863e+00 -2.9486e+00 -4.1407e+00 -4.9659e+00 +2.6018e+00 -2.1054e+00 -1.3748e+00 +2.6957e+00 +3.7952e-01 -2.9512e+00
1008 0 +9.628590052e+03 +9.676670052e+03 +9.676670052e+03 +1.3671e+00 -2.6479e+00 -3.2321e+00 -3.9358e+00 +8.4741e-01 -3.0086e+00 -8.8993e-01 +4.0448e+00 -4.9395e-01 -2.1280e+00
1033 0 +3.634836498e+03 +3.682916498e+03 +3.682916498e+03 +1.7105e+00 -1.3970e+00 -4.4509e+00 -3.8626e+00 +1.5544e+00 -2.9628e+00 -9.1313e-01 +1.3787e+00 -1.0014e+00 -2.2978e+00
1202 0 +3.113370926e+03 +3.161450926e+03 +3.161450926e+03 +1.6636e+00 -1.7032e+00 -4.1523e+00 -4.2799e+00 +1.6893e+00 -2.8003e+00 -9.4486e-01 +1.0626e+00 -3.8736e-01 -2.3124e+00
1255 0 +2.056839916e+03 +2.104919916e+03 +2.104919916e+03 +8.6504e-01 -2.9178e+00 -4.1121e+00 -4.1650e+00 +2.0560e+00 -9.7803e-01 -1.5590e+00 +2.8818e+00 +9.7533e-03 -3.4796e+00
1328 0 +1.828321570e+03 +1.876401570e+03 +1.876401570e+03 +1.6169e+00 -2.2166e+00 -4.0633e+00 -4.2433e+00 +2.1300e+00 -1.7767e+00 -1.1467e+00 +2.6098e+00 +9.3347e-02 -2.6477e+00
1355 0 +1.502170834e+03 +1.550250834e+03 +1.550250834e+03 +1.1713e+00 -2.5295e+00 -4.0069e+00 -4.3900e+00 +1.3702e+00 -1.8682e+00 -8.3467e-01 +2.6841e+00 -5.7640e-02 -3.3237e+00
1469 0 +9.447215695e+02 +9.928015695e+02 +9.928015695e+02 +1.6748e+00 -2.6186e+00 -3.2428e+00 -4.5553e+00 +2.1056e+00 -1.3756e+00 -8.9802e-01 +1.5605e+00 -9.2997e-01 -2.3145e+00
1498 0 +3.313888564e+02 +3.794688564e+02 +3.794688564e+02 +1.2535e+00 -2.3562e+00 -3.8376e+00 -3.7007e+00 +2.1746e+00 -1.1494e+00 -1.7238e+00 +1.1698e+00 -7.0721e-01 -2.9871e+00
1805 0 +2.060306979e+02 +2.541106979e+02 +2.541106979e+02 +1.4145e+00 -2.8916e+00 -2.8122e+00 -3.7712e+00 +2.1327e+00 -1.3278e+00 -1.9372e+00 -8.5668e-02 -1.6879e+00 -2.4595e+00
2102 0 +1.826580262e+02 +2.307380262e+02 +2.307380262e+02 +1.0949e+00 -3.2837e+00 -2.7758e+00 -3.3310e+00 +2.1644e+00 -1.1822e+00 -2.5040e+00 +7.9333e-01 -1.5237e+00 -2.6260e+00
2230 0 +1.023132170e+02 +1.503932170e+02 +1.503932170e+02 +1.1360e+00 -3.3927e+00 -2.6442e+00 -3.5755e+00 +2.1229e+00 -1.2047e+00 -2.3137e+00 +7.9714e-01 -1.5296e+00 -2.5978e+00
2240 0 +7.062135704e+01 +1.187013570e+02 +1.187013570e+02 +1.2176e+00 -3.3568e+00 -2.4814e+00 -3.7416e+00 +1.6243e+00 -1.8099e+00 -1.9157e+00 +8.8227e-01 -1.8146e+00 -2.3892e+00
2427 0 +6.755212351e+01 +1.156321235e+02 +1.156321235e+02 +1.2080e+00 -3.1317e+00 -2.8000e+00 -3.6304e+00 +1.7313e+00 -1.8290e+00 -1.9420e+00 +1.1685e+00 -1.7762e+00 -2.3183e+00
2435 0 +5.370040652e+01 +1.017804065e+02 +1.017804065e+02 +1.0902e+00 -3.6054e+00 -2.4280e+00 -3.3733e+00 +1.8573e+00 -1.5685e+00 -2.3857e+00 +1.4634e+00 -1.8553e+00 -2.3073e+00
2456 0 +4.911413170e+01 +9.719413170e+01 +9.719413170e+01 +1.0952e+00 -3.5579e+00 -2.3717e+00 -3.4489e+00 +1.9077e+00 -1.4070e+00 -2.3583e+00 +7.9651e-01 -1.9909e+00 -2.4228e+00
2476 0 +3.697117420e+01 +8.505117420e+01 +8.505117420e+01 +1.1617e+00 -3.0684e+00 -3.0493e+00 -3.4405e+00 +1.9483e+00 -1.6579e+00 -2.1516e+00 +1.6538e+00 -1.4595e+00 -2.3621e+00
% f evaluations | g evaluations | best noise-free fitness - Fopt (3.058000000000e+01) + sum g_i+ | measured fitness | best measured fitness or single-digit g-values | x1 | x2...
1 0 +1.935209604e+07 +1.935212662e+07 +1.935212662e+07 +5.9671e-01 -3.8264e-02 +7.4769e-01 +1.6230e+00 -1.3415e-01 -1.3414e-01 +1.6792e+00 +8.6743e-01 -3.6947e-01 +6.4256e-01
2 0 +4.066364824e+06 +4.066395404e+06 +4.066395404e+06 -3.6342e-01 -3.6573e-01 +3.4196e-01 -1.8133e+00 -1.6249e+00 -4.6229e-01 -9.1283e-01 +4.1425e-01 -8.0802e-01 -1.3123e+00
4 0 +2.906257570e+06 +2.906288150e+06 +2.906288150e+06 -5.0171e-01 +1.9523e+00 +8.6503e-02 -9.5771e-01 +9.2254e-01 -1.1208e+00 +3.0886e-01 -1.8597e+00 -1.2282e+00 +2.9686e-01
51 0 +2.166728201e+06 +2.166758781e+06 +2.166758781e+06 -4.5164e+00 +2.7890e+00 +6.5811e-02 +6.5953e-01 -2.0372e-01 -1.0985e+00 -5.8750e-01 +1.5587e-01 -2.1443e-01 +1.3202e+00
52 0 +8.285488616e+05 +8.285794416e+05 +8.285794416e+05 -3.6847e+00 +5.3168e-01 -3.3354e+00 +4.3327e-02 -2.1792e-01 -2.3210e+00 -2.2244e+00 -6.2510e-03 +2.5521e-01 -6.3108e-01
55 0 +1.363391175e+05 +1.363696975e+05 +1.363696975e+05 -2.1098e+00 +1.6709e-01 -2.8726e+00 -1.0108e+00 +1.2354e+00 -3.5342e-01 -1.7114e+00 -7.4858e-01 -2.7549e-01 +5.4239e-01
250 0 +1.155774884e+05 +1.156080684e+05 +1.156080684e+05 -2.1368e+00 +1.2988e+00 -3.4786e+00 -1.7591e+00 +7.5043e-01 -1.0281e+00 -2.2121e+00 -1.4960e+00 +3.1598e+00 -7.8909e-02
283 0 +1.155462003e+05 +1.155767803e+05 +1.155767803e+05 -3.4248e+00 +2.1987e+00 -1.7309e+00 -2.4979e+00 -2.1716e-01 +2.4267e+00 -2.0138e+00 -1.2885e+00 +1.2966e+00 -2.4642e+00
319 0 +6.998618284e+04 +7.001676284e+04 +7.001676284e+04 -2.8111e+00 +5.0374e-01 -4.7575e-01 +6.8464e-01 -9.3057e-01 +3.9929e-01 -3.1127e+00 +4.1378e-01 -1.8502e+00 -1.8280e+00
364 0 +4.170604446e+04 +4.173662446e+04 +4.173662446e+04 -2.8649e+00 +5.0097e-01 -1.4587e+00 -1.5756e+00 -3.6826e-01 +1.6790e+00 -3.1072e+00 +7.4995e-03 -1.3869e+00 -2.3546e+00
508 0 +3.954971359e+04 +3.958029359e+04 +3.958029359e+04 -1.7417e+00 +1.9269e-01 -1.7436e+00 -3.5827e+00 -3.6267e-01 +3.3395e-01 -4.3010e+00 +3.6216e-01 +2.5794e+00 -1.0710e+00
601 0 +3.772792383e+04 +3.775850383e+04 +3.775850383e+04 -1.8961e+00 +9.1530e-01 -6.6076e-01 -4.2830e+00 +2.4256e+00 -7.6108e-01 -2.4240e+00 +1.5101e-01 -1.9115e-01 -3.2225e-01
734 0 +2.488370031e+04 +2.491428031e+04 +2.491428031e+04 -3.0617e+00 +2.0710e-01 -5.9549e-01 -8.8276e-01 +1.4638e-01 +4.2451e-01 -4.4265e+00 +1.0463e+00 +2.1123e+00 -4.8398e-01
786 0 +2.322321004e+04 +2.325379004e+04 +2.325379004e+04 -2.3986e+00 +1.5866e-01 -4.5260e-01 -2.4464e+00 +1.1963e+00 -2.9606e-02 -3.8955e+00 +4.7379e-01 +7.8041e-01 -3.6672e-01
804 0 +2.151419578e+04 +2.154477578e+04 +2.154477578e+04 -1.8447e+00 +1.1049e+00 -8.8281e-01 -1.9548e+00 -1.3859e-01 +1.1276e+00 -4.7985e+00 +5.3306e-01 +9.7873e-01 -1.0020e+00
852 0 +2.002754871e+04 +2.005812871e+04 +2.005812871e+04 -1.4542e+00 -5.1922e-01 -1.0423e+00 -4.0942e+00 +1.1935e+00 +4.4866e-01 -4.4150e+00 +6.0683e-01 -9.6196e-01 -1.2185e+00
915 0 +1.471918031e+04 +1.474976031e+04 +1.474976031e+04 -1.8147e+00 -1.7848e-01 -1.4039e+00 -2.8338e+00 +8.2002e-01 +3.5871e-01 -3.8253e+00 +3.7083e-01 +1.9825e-02 -2.1126e-01
967 0 +1.091783482e+04 +1.094841482e+04 +1.094841482e+04 -1.6274e+00 +4.4292e-01 -1.1347e+00 -2.8876e+00 +1.0490e+00 +9.0771e-01 -3.9356e+00 +1.8005e-01 -4.3917e-01 -4.9203e-01
970 0 +7.254452669e+03 +7.285032669e+03 +7.285032669e+03 -1.1236e+00 +1.0567e+00 -1.0565e+00 -3.1020e+00 +5.4783e-01 +9.6358e-01 -4.2404e+00 -1.3780e-01 -8.2855e-01 -1.1611e+00
1060 0 +5.772114333e+03 +5.802694333e+03 +5.802694333e+03 -1.5105e+00 -6.1527e-01 -1.8662e+00 -2.1499e+00 -1.1543e-01 +1.2560e+00 -4.8953e+00 +3.8518e-01 -4.7881e-01 -8.3388e-01
1164 0 +4.273539973e+03 +4.304119973e+03 +4.304119973e+03 -1.2142e+00 -7.3871e-01 -2.8367e+00 -4.0145e+00 +7.5239e-02 +1.2731e+00 -4.9148e+00 -9.5337e-02 +8.9535e-01 -8.6334e-01
1260 0 +3.081225754e+03 +3.111805754e+03 +3.111805754e+03 -1.6040e+00 +7.6465e-01 -2.0517e+00 -3.5120e+00 +9.4302e-01 +6.1074e-01 -3.7623e+00 -5.0500e-01 +8.7743e-01 -7.3705e-01
1416 0 +3.018722100e+03 +3.049302100e+03 +3.049302100e+03 -1.1073e+00 +2.3101e-01 -2.1551e+00 -3.7484e+00 +6.9031e-01 +7.0881e-01 -4.4816e+00 -1.7688e-01 +1.0731e+00 -2.3078e-01
1477 0 +2.932575530e+03 +2.963155530e+03 +2.963155530e+03 -1.4838e+00 +5.1992e-01 -1.2268e+00 -3.0165e+00 +1.0414e+00 -5.2348e-03 -4.1956e+00 +1.1692e-01 +9.1836e-01 -1.7733e-01
1544 0 +2.900192804e+03 +2.930772804e+03 +2.930772804e+03 -1.2012e+00 +4.1258e-01 -2.3465e+00 -3.5347e+00 +1.1457e+00 -9.2293e-02 -3.9698e+00 -4.5656e-01 +1.3961e+00 +7.3740e-02
1562 0 +1.694124330e+03 +1.724704330e+03 +1.724704330e+03 -1.1111e+00 -3.0064e-01 -2.4929e+00 -3.3482e+00 +6.5245e-01 +8.3720e-01 -4.6324e+00 -1.5890e-01 +5.1310e-01 -2.8853e-01
1679 0 +1.483384670e+03 +1.513964670e+03 +1.513964670e+03 -7.8232e-01 -1.0236e-01 -3.0642e+00 -3.4582e+00 +7.7750e-01 -1.8653e-01 -4.2088e+00 -6.0816e-01 +1.5127e+00 +5.7358e-01
1709 0 +1.217357138e+03 +1.247937138e+03 +1.247937138e+03 -9.3601e-01 +1.2157e-01 -3.3752e+00 -3.4289e+00 +9.9551e-01 -8.6971e-02 -3.7453e+00 -8.8027e-01 +1.4600e+00 +6.3504e-01
1988 0 +1.200997906e+03 +1.231577906e+03 +1.231577906e+03 -1.3517e+00 -1.1574e-01 -3.2388e+00 -3.2697e+00 +1.6232e+00 +3.9855e-01 -3.7731e+00 -7.5759e-01 +1.1207e+00 +6.1485e-01
2008 0 +1.157551410e+03 +1.188131410e+03 +1.188131410e+03 -1.1637e+00 -4.8002e-01 -2.6813e+00 -2.9041e+00 +9.5650e-01 +1.4296e-01 -4.2950e+00 -2.2803e-01 +9.6757e-01 +5.2767e-01
2047 0 +1.077344331e+03 +1.107924331e+03 +1.107924331e+03 -8.5557e-01 -1.0537e+00 -4.0372e+00 -2.4711e+00 +8.9193e-01 -5.2072e-03 -4.3256e+00 -5.7203e-01 +1.2989e+00 +1.3983e+00
2053 0 +1.045015865e+03 +1.075595865e+03 +1.075595865e+03 -1.2548e+00 -8.8471e-01 -3.5016e+00 -2.0336e+00 +9.4773e-01 -7.0532e-02 -4.2448e+00 -4.0186e-01 +1.3699e+00 +1.2234e+00
2106 0 +8.510464392e+02 +8.816264392e+02 +8.816264392e+02 -9.0494e-01 -8.9491e-01 -3.1243e+00 -3.0093e+00 +4.6645e-01 +1.5976e-01 -4.8148e+00 -1.1886e-01 +1.5695e+00 +6.6977e-01
2132 0 +7.627252891e+02 +7.933052891e+02 +7.933052891e+02 -1.4962e+00 -7.9617e-01 -3.1870e+00 -2.2130e+00 +1.8306e+00 -4.2955e-01 -3.8355e+00 -4.3695e-01 +1.5697e+00 +1.6032e+00
2158 0 +7.168371268e+02 +7.474171268e+02 +7.474171268e+02 -1.2002e+00 -9.7334e-01 -3.8596e+00 -1.0424e+00 +1.2947e+00 -6.3186e-01 -3.9276e+00 -6.0624e-01 +1.4349e+00 +2.1831e+00
2204 0 +5.610933760e+02 +5.916733760e+02 +5.916733760e+02 -1.1600e+00 -1.2096e+00 -3.9785e+00 -8.5844e-01 +1.1153e+00 -6.9880e-01 -4.0776e+00 -5.2847e-01 +1.4533e+00 +2.2545e+00
2213 0 +5.407618941e+02 +5.713418941e+02 +5.713418941e+02 -1.1320e+00 -1.3391e+00 -3.7384e+00 -1.3792e+00 +1.2925e+00 -1.1624e+00 -4.0411e+00 -3.2362e-01 +1.9280e+00 +2.4054e+00
2269 0 +5.286235779e+02 +5.592035779e+02 +5.592035779e+02 -1.4892e+00 -1.4032e+00 -3.0874e+00 -3.0049e-01 +1.1333e+00 -1.0499e+00 -4.1498e+00 +6.6188e-02 +1.2971e+00 +2.2366e+00
2306 0 +3.931499993e+02 +4.237299993e+02 +4.237299993e+02 -1.8448e+00 -2.4113e+00 -3.3948e+00 +1.2421e+00 +1.5729e+00 -1.5807e+00 -4.1879e+00 +4.2652e-01 +1.4090e+00 +3.4158e+00
2426 0 +3.725943525e+02 +4.031743525e+02 +4.031743525e+02 -1.8787e+00 -3.4283e+00 -3.9970e+00 +2.5041e+00 +1.7007e+00 -2.3361e+00 -4.2819e+00 +5.8002e-01 +1.7826e+00 +4.6322e+00
% f evaluations | g evaluations | best noise-free fitness - Fopt (1.000000000000e+03) + sum g_i+ | measured fitness | best measured fitness or single-digit g-values | x1 | x2...
1 0 +3.539809844e+06 +3.540809844e+06 +3.540809844e+06 +5.9671e-01 -3.8264e-02 +7.4769e-01 +1.6230e+00 -1.3415e-01 -1.3414e-01 +1.6792e+00 +8.6743e-01 -3.6947e-01 +6.4256e-01
9 0 +2.056721451e+06 +2.057721451e+06 +2.057721451e+06 -1.1967e-01 +4.5711e-01 +1.5779e+00 -4.1827e-01 -7.0849e-01 -4.0176e-01 +1.0154e+00 +4.2875e-01 -4.2976e-01 +6.1327e-01
21 0 +9.707796952e+05 +9.717796952e+05 +9.717796952e+05 +4.5779e-01 +6.6078e-01 +1.1831e+00 +1.1538e+00 -1.2777e+00 -8.3783e-01 +6.1504e-01 +6.1379e-01 +6.1505e-01 +3.9527e+00
51 0 +1.203288245e+05 +1.213288245e+05 +1.213288245e+05 +2.5599e-01 +1.8417e-01 -1.4965e+00 +1.1339e+00 -1.5696e+00 -7.8251e-01 +2.5544e-01 -1.9752e-01 +1.0255e+00 +4.3092e+00
106 0 +8.520254842e+04 +8.620254842e+04 +8.620254842e+04 -1.7248e-01 -7.9954e-01 -2.5371e+00 +5.9439e-01 -1.7667e+00 -2.0551e+00 +1.9927e+00 -3.0600e+00 -9.3544e-01 +3.4854e+00
255 0 +7.415591109e+04 +7.515591109e+04 +7.515591109e+04 +8.2240e-01 +2.2498e+00 -4.2854e-01 +5.1264e-01 -2.8977e+00 -2.6742e+00 +2.8291e+00 -4.5698e+00 +1.3129e+00 +2.8660e+00
387 0 +6.627362183e+04 +6.727362183e+04 +6.727362183e+04 -5.7655e-01 -1.4773e+00 -1.8074e+00 +2.8250e-01 -2.9976e+00 -2.7335e+00 +1.3981e+00 -2.5322e+00 +1.4272e+00 +1.2262e+00
426 0 +5.690512435e+04 +5.790512435e+04 +5.790512435e+04 -2.5336e+00 +1.2958e+00 -2.1011e+00 -4.9272e-01 -3.2549e+00 -1.5730e+00 +1.8409e+00 -2.5564e+00 +1.4283e+00 +1.2829e+00
454 0 +5.423046331e+04 +5.523046331e+04 +5.523046331e+04 -1.1408e+00 +3.2557e-01 -2.0048e+00 +1.4859e-01 -9.8866e-01 -1.4577e+00 +2.3395e-01 -9.8896e-01 +1.3608e+00 +3.4097e+00
507 0 +4.717128311e+04 +4.817128311e+04 +4.817128311e+04 -1.0753e+00 +6.9762e-01 -2.7608e+00 +2.7150e+00 -2.4293e+00 +1.3527e+00 +3.7995e-01 -4.7589e+00 +2.0956e+00 +3.4328e+00
518 0 +2.767969771e+04 +2.867969771e+04 +2.867969771e+04 -1.2394e+00 -1.0533e+00 -1.7051e+00 -1.0242e+00 -2.3439e+00 -2.2454e-01 +9.8508e-01 -4.0718e+00 +2.2924e+00 +1.7547e+00
622 0 +1.402274258e+04 +1.502274258e+04 +1.502274258e+04 -1.1030e+00 +1.5281e-01 -3.5049e+00 -2.9732e-01 -1.3549e+00 +2.1821e-01 +1.0259e+00 -3.3134e+00 +6.9406e-01 +3.8056e+00
803 0 +9.433765691e+03 +1.043376569e+04 +1.043376569e+04 -4.6651e-01 +9.7374e-01 -1.3550e+00 -4.8659e-01 -1.1462e+00 -1.2647e+00 +7.6083e-01 -3.5814e+00 +1.4905e+00 +3.7178e+00
886 0 +7.475706944e+03 +8.475706944e+03 +8.475706944e+03 -5.9426e-01 +6.1854e-01 -1.7310e+00 -4.3291e-01 -2.0518e+00 -1.1113e+00 +1.4140e+00 -3.1827e+00 +8.7243e-01 +3.2318e+00
1011 0 +2.955264768e+03 +3.955264768e+03 +3.955264768e+03 -9.6333e-01 +9.5511e-01 -1.2467e+00 -1.0472e+00 -1.1668e+00 -1.3112e+00 +1.0624e+00 -3.6612e+00 +1.0118e+00 +3.1923e+00
1176 0 +1.518771701e+03 +2.518771701e+03 +2.518771701e+03 -1.1332e+00 +6.5736e-01 -1.0652e+00 -9.3844e-01 -1.3942e+00 -1.2885e+00 +6.4137e-01 -3.2999e+00 +1.9255e+00 +2.9256e+00
1545 0 +1.518069931e+03 +2.518069931e+03 +2.518069931e+03 -8.1086e-01 -4.1191e-02 -1.0931e+00 -5.0704e-01 -1.8860e+00 -1.5331e+00 +9.3314e-01 -3.5499e+00 +1.8862e+00 +2.4292e+00
1559 0 +1.294420704e+03 +2.294420704e+03 +2.294420704e+03 -9.6031e-01 -1.5566e-01 -1.4137e+00 -1.1466e+00 -1.8903e+00 -1.5465e+00 +8.9438e-01 -2.9660e+00 +2.1185e+00 +2.4483e+00
1635 0 +1.261990489e+03 +2.261990489e+03 +2.261990489e+03 -7.0408e-01 -5.3812e-01 -1.3187e+00 -9.6196e-01 -2.2510e+00 -1.5348e+00 +8.6373e-01 -2.9092e+00 +2.6919e+00 +2.1615e+00
1639 0 +9.258407002e+02 +1.925840700e+03 +1.925840700e+03 -9.7149e-01 +3.7227e-01 -1.2532e+00 -1.2879e+00 -2.5379e+00 -1.5760e+00 +1.2923e+00 -2.5983e+00 +2.3676e+00 +2.1568e+00
1871 0 +6.031473773e+02 +1.603147377e+03 +1.603147377e+03 -1.0666e+00 -7.5346e-01 -1.5196e+00 -2.0812e+00 -3.2698e+00 -1.6891e+00 +1.4435e+00 -2.3102e+00 +3.3568e+00 +1.2120e+00
2001 0 +6.017413638e+02 +1.601741364e+03 +1.601741364e+03 -1.3083e+00 -8.7165e-01 -1.1698e+00 -2.0351e+00 -2.9147e+00 -1.6009e+00 +1.0241e+00 -2.6650e+00 +3.5445e+00 +1.1176e+00
2004 0 +6.005346503e+02 +1.600534650e+03 +1.600534650e+03 -1.2775e+00 -9.4052e-01 -1.4051e+00 -2.0529e+00 -2.9833e+00 -1.5164e+00 +1.0843e+00 -2.7791e+00 +3.6338e+00 +1.1750e+00
2006 0 +3.488542235e+02 +1.348854223e+03 +1.348854223e+03 -1.6978e+00 -7.3464e-01 -1.1495e+00 -2.1790e+00 -2.9183e+00 -1.3672e+00 +8.4231e-01 -2.8475e+00 +3.9037e+00 +1.0355e+00
2321 0 +3.159502148e+02 +1.315950215e+03 +1.315950215e+03 -2.0486e+00 -3.4741e-01 -6.9543e-01 -2.8221e+00 -3.1536e+00 -1.5104e+00 +7.9443e-01 -2.5786e+00 +4.6200e+00 +6.2886e-01
2362 0 +2.754837063e+02 +1.275483706e+03 +1.275483706e+03 -2.2651e+00 -4.4021e-01 -8.6532e-01 -3.0601e+00 -3.2348e+00 -1.2253e+00 +8.5345e-01 -2.7477e+00 +4.6397e+00 +4.6812e-01
2431 0 +2.411835556e+02 +1.241183556e+03 +1.241183556e+03 -1.7980e+00 -4.4674e-01 -1.4591e+00 -2.5964e+00 -3.6871e+00 -1.3151e+00 +1.2214e+00 -2.0753e+00 +4.4175e+00 +7.2772e-01
2454 0 +2.333056011e+02 +1.233305601e+03 +1.233305601e+03 -2.1849e+00 +6.1323e-01 -1.1834e+00 -2.4568e+00 -2.7359e+00 -9.0797e-01 +7.0117e-01 -2.4058e+00 +4.0451e+00 +1.5831e+00
2492 0 +2.192927389e+02 +1.219292739e+03 +1.219292739e+03 -1.7797e+00 -1.2534e-01 -1.4250e+00 -2.4496e+00 -3.3878e+00 -1.2604e+00 +1.1166e+00 -2.0715e+00 +4.1560e+00 +1.0825e+00
% f evaluations | g evaluations | best noise-free fitness - Fopt (-4.236000000000e+01) + sum g_i+ | measured fitness | best measured fitness or single-digit g-values | x1 | x2...
1 0 +8.729378122e+05 +8.728954522e+05 +8.728954522e+05 +5.9671e-01 -3.8264e-02 +7.4769e-01 +1.6230e+00 -1.3415e-01 -1.3414e-01 +1.6792e+00 +8.6743e-01 -3.6947e-01 +6.4256e-01
7 0 +8.432992605e+05 +8.432569005e+05 +8.432569005e+05 -3.7917e-01 -8.5659e-02 -1.0063e+00 -1.0962e+00 +9.1253e-01 +1.4562e+00 +2.7990e-02 +1.1035e+00 +4.6164e-01 -5.4512e-01
9 0 +4.957517830e+05 +4.957094230e+05 +4.957094230e+05 -1.1967e-01 +4.5711e-01 +1.5779e+00 -4.1827e-01 -7.0849e-01 -4.0176e-01 +1.0154e+00 +4.2875e-01 -4.2976e-01 +6.1327e-01
17 0 +4.675856234e+05 +4.675432634e+05 +4.675432634e+05 -8.7468e-01 +8.8708e-01 +1.2586e+00 -7.2068e-01 +1.0634e+00 +5.1278e-01 +9.2206e-01 +1.9968e+00 -1.4539e-01 -6.5374e-01
56 0 +1.309410937e+05 +1.308987337e+05 +1.308987337e+05 -2.1610e-03 +2.2641e-01 +1.8429e+00 -1.7209e+00 -2.9786e-01 +5.5595e-01 +1.5822e+00 -1.0434e-01 +1.2258e-01 +1.7359e-01
105 0 +1.282772343e+05 +1.282348743e+05 +1.282348743e+05 -9.5577e-01 -2.6574e-01 +2.6440e+00 -2.6898e-01 +2.5452e+00 +8.0216e-01 +1.1300e+00 +2.2700e-01 +2.9178e-01 +3.5538e-02
221 0 +8.378550468e+04 +8.374314468e+04 +8.374314468e+04 -2.7409e+00 -7.3465e-02 +2.5791e-01 -3.5266e+00 -1.3090e+00 +1.0692e+00 +1.6488e+00 -1.2482e+00 +1.8319e-01 -6.0991e-01
274 0 +5.697782591e+04 +5.693546591e+04 +5.693546591e+04 -3.1213e-01 +2.2547e+00 +3.5132e+00 -1.4318e+00 +3.6423e+00 +1.5308e-01 +1.6721e+00 +6.4869e-01 -6.2660e-01 -7.4972e-01
310 0 +4.976804402e+04 +4.972568402e+04 +4.972568402e+04 -3.1816e-01 +4.7723e-01 +2.8042e+00 -1.0835e+00 +2.3364e+00 +1.3423e+00 +2.3111e+00 -2.0350e+00 +9.8799e-01 -2.9068e-01
402 0 +4.642157003e+04 +4.637921003e+04 +4.637921003e+04 +4.7503e-01 +1.0197e+00 +2.8174e+00 -1.1859e+00 +3.4305e-01 +2.8169e+00 +2.4593e+00 -2.7556e+00 -1.2459e+00 +7.7788e-01
420 0 +3.986416760e+04 +3.982180760e+04 +3.982180760e+04 -5.1985e-01 +2.8349e-01 +3.0825e+00 -2.5003e+00 -7.9404e-02 +1.3754e+00 +1.2392e+00 -1.8307e-03 -5.7107e-01 -9.5916e-02
423 0 +2.370730391e+04 +2.366494391e+04 +2.366494391e+04 +1.8504e+00 +2.1293e-01 +2.7126e+00 -2.2671e+00 -8.6723e-01 +1.2534e+00 +1.2707e+00 -5.2955e-01 -6.1719e-01 +1.1769e+00
425 0 +1.165365081e+04 +1.161129081e+04 +1.161129081e+04 -2.3448e-01 -1.2536e-01 +1.9406e+00 -1.8948e+00 -9.8101e-02 -6.5670e-03 +2.7277e+00 -2.3775e+00 +1.0317e+00 +3.3849e-02
469 0 +2.296323519e+03 +2.253963519e+03 +2.253963519e+03 +7.5307e-01 +1.1187e+00 +4.0687e+00 -1.3405e+00 -7.7934e-01 +1.4267e+00 +2.4415e+00 -1.0756e+00 -3.4724e-01 -1.0842e-01
1215 0 +1.955979620e+03 +1.913619620e+03 +1.913619620e+03 -2.9091e-01 +2.0493e-01 +2.4154e+00 -2.9164e+00 -1.4702e+00 +9.7666e-01 +1.9987e+00 -1.4724e+00 +3.2191e-01 +7.3422e-02
1222 0 +1.628741106e+03 +1.586381106e+03 +1.586381106e+03 -7.1727e-01 +3.1532e-01 +2.1459e+00 -2.7930e+00 -2.3294e+00 +1.3801e+00 +2.0870e+00 -1.6798e+00 +8.7427e-02 +1.1189e-01
1310 0 +1.361956734e+03 +1.319596734e+03 +1.319596734e+03 -5.7596e-01 +5.1446e-01 +2.4791e+00 -2.8124e+00 -1.8711e+00 +1.0666e+00 +2.1691e+00 -1.5827e+00 +5.1970e-02 +4.4555e-02
1445 0 +1.249527355e+03 +1.207167355e+03 +1.207167355e+03 -2.0962e-01 +5.1322e-01 +3.0339e+00 -1.5762e+00 -1.2140e+00 +1.8145e+00 +2.3891e+00 -1.7665e+00 +1.4989e-01 -1.3729e-01
1453 0 +1.232456087e+03 +1.190096087e+03 +1.190096087e+03 -2.4792e-01 +3.5994e-01 +3.0890e+00 -1.7598e+00 -1.6522e+00 +1.6905e+00 +2.5045e+00 -1.8623e+00 +4.7699e-01 -3.2543e-01
1596 0 +1.120495746e+03 +1.078135746e+03 +1.078135746e+03 -1.7950e-02 +2.9841e-02 +2.9979e+00 -1.8479e+00 -1.3957e+00 +1.0747e+00 +2.5022e+00 -1.9835e+00 +3.3033e-01 +2.3113e-01
1687 0 +1.072449366e+03 +1.030089366e+03 +1.030089366e+03 -2.2394e-01 -2.3267e-01 +3.4256e+00 -1.6536e+00 -1.6142e+00 +1.0790e+00 +2.5673e+00 -1.8849e+00 +8.8478e-01 -2.4095e-01
1703 0 +1.046161563e+03 +1.003801563e+03 +1.003801563e+03 +2.0666e-01 +2.6480e-01 +3.5384e+00 -9.8024e-01 -7.8964e-01 +1.2090e+00 +2.8693e+00 -2.0771e+00 +4.6972e-01 -7.5737e-02
1707 0 +9.446041474e+02 +9.022441474e+02 +9.022441474e+02 -7.5798e-03 -1.1950e-01 +3.5359e+00 -1.5647e+00 -1.2978e+00 +1.0486e+00 +2.5348e+00 -1.7564e+00 +9.3041e-01 -3.0458e-01
1733 0 +6.917502550e+02 +6.493902550e+02 +6.493902550e+02 +2.4064e-01 +2.5615e-01 +4.0564e+00 -9.4542e-01 -8.5338e-01 +1.3102e+00 +2.8233e+00 -1.8547e+00 +9.3334e-01 -6.0123e-01
1783 0 +5.865105658e+02 +5.441505658e+02 +5.441505658e+02 +3.3005e-01 -1.4845e-01 +4.5273e+00 -3.7419e-01 -7.5384e-01 +1.4054e+00 +2.9809e+00 -1.9933e+00 +1.2321e+00 -6.7092e-01
1911 0 +5.632257749e+02 +5.208657749e+02 +5.208657749e+02 -1.1659e-02 +5.9032e-01 +2.9091e+00 -1.8701e+00 -4.7928e-01 +4.4986e-01 +2.7214e+00 -1.9441e+00 +3.8009e-01 -4.8752e-03
1959 0 +4.093660747e+02 +3.670060747e+02 +3.670060747e+02 +7.0831e-01 +5.3112e-02 +4.2376e+00 -4.6322e-01 +3.0070e-01 +4.9363e-01 +3.1276e+00 -2.1018e+00 +1.0389e+00 -2.7778e-01
2099 0 +3.114042163e+02 +2.690442163e+02 +2.690442163e+02 +7.0948e-01 +1.8866e-01 +4.5300e+00 +2.0967e-01 +5.5162e-01 +1.0348e+00 +3.3314e+00 -2.3369e+00 +1.0934e+00 -5.2661e-01
2126 0 +3.051985729e+02 +2.628385729e+02 +2.628385729e+02 +7.7834e-01 +3.4429e-01 +4.6596e+00 -9.4785e-02 +6.0359e-01 +5.3871e-01 +3.3378e+00 -2.0627e+00 +1.1572e+00 -6.3016e-01
2159 0 +2.520981894e+02 +2.097381894e+02 +2.097381894e+02 +7.6658e-01 -1.3299e-01 +4.7710e+00 +5.1753e-01 +6.6262e-01 +8.6670e-01 +3.4690e+00 -2.4214e+00 +1.4043e+00 -5.9876e-01
2309 0 +2.075146112e+02 +1.651546112e+02 +1.651546112e+02 +1.0439e+00 +3.0719e-02 +4.8046e+00 +5.6846e-01 +1.0083e+00 +8.2697e-01 +3.5173e+00 -2.4480e+00 +1.2904e+00 -5.1630e-01
2361 0 +1.468801603e+02 +1.045201603e+02 +1.045201603e+02 +9.4718e-01 +2.3567e-01 +4.5382e+00 +6.1403e-01 +1.2712e+00 +6.1867e-01 +3.6694e+00 -2.6461e+00 +1.1870e+00 -4.4565e-01
2420 0 +1.271221871e+02 +8.476218715e+01 +8.476218715e+01 +1.1773e+00 +1.5646e-01 +4.8540e+00 +9.8031e-01 +1.8021e+00 +4.7989e-01 +3.7461e+00 -2.6251e+00 +1.3456e+00 -5.0079e-01
2464 0 +1.165939879e+02 +7.423398789e+01 +7.423398789e+01 +1.0228e+00 -1.6196e-01 +4.6813e+00 +6.0350e-01 +1.2077e+00 +6.3061e-01 +3.5175e+00 -2.5529e+00 +1.4071e+00 -4.1264e-01
