% f evaluations | g evaluations | best noise-free fitness - Fopt (1.491500000000e+02) + sum g_i+ | measured fitness | best measured fitness or single-digit g-values | x1 | x2...
1 0 +1.589879163e+03 +1.739029163e+03 +1.739029163e+03 +5.9671e-01 -3.8264e-02 +7.4769e-01 +1.6230e+00 -1.3415e-01
4 0 +1.459283928e+03 +1.608433928e+03 +1.608433928e+03 -4.6229e-01 -9.1283e-01 +4.1425e-01 -8.0802e-01 -1.3123e+00
9 0 +1.233032610e+03 +1.382182610e+03 +1.382182610e+03 +8.3847e-01 +2.7137e-01 -1.5648e-02 -2.0110e-01 -1.3785e+00
13 0 +8.127868237e+02 +9.619368237e+02 +9.619368237e+02 -3.7917e-01 -8.5659e-02 -1.0063e+00 -1.0962e+00 +9.1253e-01
21 0 +7.176775228e+02 +8.668275228e+02 +8.668275228e+02 -1.3154e+00 -3.2065e-01 -2.4271e-01 -7.0228e-01 -6.1286e-02
23 0 +2.345660033e+02 +3.837160033e+02 +3.837160033e+02 -1.8188e+00 +7.3486e-02 +1.6023e-01 +2.5632e+00 -9.2361e-02
84 0 +1.577279645e+02 +3.068779645e+02 +3.068779645e+02 -1.0373e+00 -7.0539e-01 -5.5192e-01 +1.5358e+00 -2.3344e+00
88 0 +1.363136695e+02 +2.854636695e+02 +2.854636695e+02 -5.7494e-01 -3.6576e-01 -4.9758e-01 +1.3181e+00 -2.8670e+00
138 0 +1.155275135e+02 +2.646775135e+02 +2.646775135e+02 -1.1599e+00 -6.0711e-01 -2.9754e-01 +2.0634e+00 -2.1768e+00
146 0 +1.058122003e+02 +2.549622003e+02 +2.549622003e+02 -1.5505e+00 -1.3855e+00 -2.3127e-01 +2.0377e+00 -2.3913e+00
161 0 +5.178390206e+01 +2.009339021e+02 +2.009339021e+02 -1.2920e+00 -9.9981e-01 -1.3632e+00 +1.3227e+00 -3.4846e+00
202 0 +5.160432729e+01 +2.007543273e+02 +2.007543273e+02 -3.9079e-01 -8.1853e-01 -8.3476e-01 +1.5538e+00 -3.1971e+00
239 0 +5.090330888e+01 +2.000533089e+02 +2.000533089e+02 -1.4169e+00 -1.5213e+00 -1.3810e+00 +1.4362e+00 -3.2631e+00
243 0 +2.147962118e+01 +1.706296212e+02 +1.706296212e+02 -1.7221e+00 -6.3533e-01 -6.5299e-01 +9.8459e-01 -3.5091e+00
301 0 +1.994511272e+01 +1.690951127e+02 +1.690951127e+02 -5.5589e-01 -1.4003e+00 -1.0044e+00 +5.6851e-01 -3.6202e+00
305 0 +1.038657493e+01 +1.595365749e+02 +1.595365749e+02 -9.5974e-01 -1.2951e+00 -1.0893e+00 +1.0872e+00 -3.6500e+00
354 0 +1.001449314e+01 +1.591644931e+02 +1.591644931e+02 -6.8692e-01 -1.3298e+00 -9.3632e-01 +1.0048e+00 -3.5207e+00
370 0 +7.282096603e+00 +1.564320966e+02 +1.564320966e+02 -3.6992e-01 -7.2361e-01 -6.8615e-01 +1.0276e+00 -3.7655e+00
423 0 +6.300372772e+00 +1.554503728e+02 +1.554503728e+02 -7.0752e-01 -1.3528e+00 -9.0352e-01 +8.6560e-01 -3.8554e+00
475 0 +4.516094605e+00 +1.536660946e+02 +1.536660946e+02 -6.5499e-01 -1.2405e+00 -1.0121e+00 +9.6155e-01 -3.7339e+00
481 0 +3.733066687e+00 +1.528830667e+02 +1.528830667e+02 -5.9196e-01 -1.0774e+00 -8.1774e-01 +8.6563e-01 -3.7137e+00
487 0 +3.686497804e+00 +1.528364978e+02 +1.528364978e+02 -7.0803e-01 -1.1675e+00 -9.4074e-01 +8.4417e-01 -3.7363e+00
526 0 +3.663294634e+00 +1.528132946e+02 +1.528132946e+02 -7.0830e-01 -1.3087e+00 -9.4926e-01 +8.6146e-01 -3.7233e+00
538 0 +3.134753209e+00 +1.522847532e+02 +1.522847532e+02 -6.0162e-01 -1.1542e+00 -9.1424e-01 +8.8095e-01 -3.7892e+00
587 0 +2.348978527e+00 +1.514989785e+02 +1.514989785e+02 -2.8106e-01 -7.6241e-01 -5.8620e-01 +9.6368e-01 -3.6369e+00
713 0 +2.127256499e+00 +1.512772565e+02 +1.512772565e+02 -3.2498e-01 -8.7449e-01 -7.0935e-01 +9.4685e-01 -3.6817e+00
750 0 +1.983293697e+00 +1.511332937e+02 +1.511332937e+02 -3.4794e-01 -8.6768e-01 -7.0655e-01 +9.7718e-01 -3.6976e+00
754 0 +1.594400863e+00 +1.507444009e+02 +1.507444009e+02 -2.4641e-01 -7.4734e-01 -6.2596e-01 +9.6908e-01 -3.7124e+00
772 0 +1.530403764e+00 +1.506804038e+02 +1.506804038e+02 -2.6793e-01 -7.6695e-01 -6.1936e-01 +9.5808e-01 -3.7032e+00
816 0 +1.422240095e+00 +1.505722401e+02 +1.505722401e+02 -2.4722e-01 -7.3304e-01 -5.9077e-01 +1.0386e+00 -3.7212e+00
881 0 +1.316546626e+00 +1.504665466e+02 +1.504665466e+02 -2.5572e-01 -7.2204e-01 -5.7218e-01 +1.0423e+00 -3.7244e+00
887 0 +1.099699497e+00 +1.502496995e+02 +1.502496995e+02 -2.2312e-01 -6.9294e-01 -5.2295e-01 +1.0666e+00 -3.7077e+00
1026 0 +9.278623253e-01 +1.500778623e+02 +1.500778623e+02 -1.6641e-01 -6.1443e-01 -4.1042e-01 +1.1620e+00 -3.6645e+00
1132 0 +9.135018688e-01 +1.500635019e+02 +1.500635019e+02 -1.9251e-01 -6.1326e-01 -4.3977e-01 +1.1463e+00 -3.6538e+00
1138 0 +8.968990811e-01 +1.500468991e+02 +1.500468991e+02 -2.0102e-01 -6.4395e-01 -4.5906e-01 +1.1335e+00 -3.6762e+00
1145 0 +8.653141492e-01 +1.500153141e+02 +1.500153141e+02 -1.8480e-01 -6.2993e-01 -4.4660e-01 +1.1363e+00 -3.6612e+00
1158 0 +7.990014797e-01 +1.499490015e+02 +1.499490015e+02 -1.9016e-01 -6.0888e-01 -3.9417e-01 +1.1749e+00 -3.6497e+00
1160 0 +7.854602825e-01 +1.499354603e+02 +1.499354603e+02 -1.7220e-01 -6.1003e-01 -4.1552e-01 +1.1724e+00 -3.6429e+00
1202 0 +7.581786729e-01 +1.499081787e+02 +1.499081787e+02 -1.8499e-01 -6.1318e-01 -4.1386e-01 +1.1939e+00 -3.6079e+00
1220 0 +7.541347799e-01 +1.499041348e+02 +1.499041348e+02 -1.8996e-01 -6.2529e-01 -4.0547e-01 +1.1951e+00 -3.6230e+00
1223 0 +6.443629656e-01 +1.497943630e+02 +1.497943630e+02 -1.2798e-01 -5.4697e-01 -3.2177e-01 +1.2971e+00 -3.5416e+00
