% f evaluations | g evaluations | best noise-free fitness - Fopt (-9.210000000000e+00) + sum g_i+ | measured fitness | best measured fitness or single-digit g-values | x1 | x2...
1 0 +9.445828197e+01 +8.524828197e+01 +8.524828197e+01 +5.9671e-01 -3.8264e-02 +7.4769e-01 +1.6230e+00 -1.3415e-01
9 0 +9.389396990e+01 +8.468396990e+01 +8.468396990e+01 +8.3847e-01 +2.7137e-01 -1.5648e-02 -2.0110e-01 -1.3785e+00
10 0 +8.629682003e+01 +7.708682003e+01 +7.708682003e+01 -6.1984e-01 -3.6064e-01 +1.1571e+00 +4.4362e-01 -1.6630e+00
15 0 +6.968420319e+01 +6.047420319e+01 +6.047420319e+01 +4.6140e-01 +1.6380e+00 +6.4174e-02 +1.6646e+00 -2.5197e+00
33 0 +5.608978866e+01 +4.687978866e+01 +4.687978866e+01 -2.9241e-01 +3.1937e+00 +2.5978e+00 +1.4293e+00 -3.0090e+00
54 0 +5.247391069e+01 +4.326391069e+01 +4.326391069e+01 +4.6101e-01 +3.0553e+00 +2.5124e+00 +4.1943e+00 -1.7921e+00
81 0 +4.600535430e+01 +3.679535430e+01 +3.679535430e+01 +6.8623e-01 +3.4997e+00 -6.8570e-01 +1.8110e+00 -4.6889e+00
84 0 +4.440420649e+01 +3.519420649e+01 +3.519420649e+01 -3.4599e+00 +2.6915e+00 -4.5214e-01 +2.7608e+00 -4.7994e+00
87 0 +4.221704651e+01 +3.300704651e+01 +3.300704651e+01 +1.5946e+00 +8.2800e-01 +3.5982e+00 +3.5174e+00 -3.1377e+00
101 0 +3.687343438e+01 +2.766343438e+01 +2.766343438e+01 +1.1312e+00 +1.4534e+00 +4.0725e+00 +8.3896e-01 -4.9634e+00
103 0 +2.606133429e+01 +1.685133429e+01 +1.685133429e+01 +3.8012e+00 +3.6112e+00 +4.4850e+00 +1.6530e+00 -4.8057e+00
107 0 +1.819033933e+01 +8.980339332e+00 +8.980339332e+00 +1.5763e+00 +2.5816e+00 +3.1743e+00 +4.7866e+00 -4.6508e+00
178 0 +1.795707260e+01 +8.747072600e+00 +8.747072600e+00 +2.0892e+00 +2.6504e+00 +3.3886e+00 +4.5829e+00 -4.6573e+00
182 0 +1.330965911e+01 +4.099659113e+00 +4.099659113e+00 +2.6739e+00 +4.7938e+00 +3.6519e+00 +4.4343e+00 -4.6828e+00
220 0 +1.106057855e+01 +1.850578550e+00 +1.850578550e+00 +3.7852e+00 +4.1887e+00 +3.4098e+00 +4.8956e+00 -4.7213e+00
226 0 +8.395663244e+00 -8.143367562e-01 -8.143367562e-01 +4.5492e+00 +2.6135e+00 +4.7477e+00 +4.5389e+00 -4.9690e+00
292 0 +8.158344812e+00 -1.051655188e+00 -1.051655188e+00 +4.4315e+00 +4.6442e+00 +4.6990e+00 +4.6656e+00 -4.5875e+00
341 0 +7.470376977e+00 -1.739623023e+00 -1.739623023e+00 +3.9963e+00 +3.8720e+00 +4.5187e+00 +4.5625e+00 -4.9522e+00
351 0 +5.558813857e+00 -3.651186143e+00 -3.651186143e+00 +4.3499e+00 +4.8770e+00 +4.2545e+00 +4.7795e+00 -4.8908e+00
352 0 +5.247288987e+00 -3.962711013e+00 -3.962711013e+00 +3.9949e+00 +4.9073e+00 +3.9987e+00 +4.9618e+00 -4.9304e+00
401 0 +4.850882181e+00 -4.359117819e+00 -4.359117819e+00 +3.5174e+00 +4.9128e+00 +4.8954e+00 +4.6037e+00 -4.9346e+00
402 0 +4.094113421e+00 -5.115886579e+00 -5.115886579e+00 +4.5735e+00 +4.7257e+00 +4.5488e+00 +4.7254e+00 -4.9791e+00
439 0 +3.775525457e+00 -5.434474543e+00 -5.434474543e+00 +4.7930e+00 +4.9783e+00 +4.1412e+00 +4.9903e+00 -4.9240e+00
444 0 +3.540289320e+00 -5.669710680e+00 -5.669710680e+00 +4.2781e+00 +4.2333e+00 +4.9267e+00 +4.9925e+00 -4.8819e+00
448 0 +2.554443822e+00 -6.655556178e+00 -6.655556178e+00 +4.1887e+00 +4.8700e+00 +4.6242e+00 +4.9712e+00 -4.9838e+00
605 0 +2.341010788e+00 -6.868989212e+00 -6.868989212e+00 +4.2987e+00 +4.8141e+00 +4.8242e+00 +4.9270e+00 -4.9657e+00
630 0 +1.128159360e+00 -8.081840640e+00 -8.081840640e+00 +4.9177e+00 +4.8346e+00 +4.8915e+00 +4.9297e+00 -4.9987e+00
