% f evaluations | g evaluations | best noise-free fitness - Fopt (-5.494000000000e+01) + sum g_i+ | measured fitness | best measured fitness or single-digit g-values | x1 | x2...
1 0 +9.852913834e+06 +9.852858894e+06 +9.852858894e+06 +5.9671e-01 -3.8264e-02 +7.4769e-01 +1.6230e+00 -1.3415e-01
2 0 +2.715223623e+06 +2.715168683e+06 +2.715168683e+06 -1.3414e-01 +1.6792e+00 +8.6743e-01 -3.6947e-01 +6.4256e-01
7 0 +9.085897748e+05 +9.085348348e+05 +9.085348348e+05 -5.0171e-01 +1.9523e+00 +8.6503e-02 -9.5771e-01 +9.2254e-01
8 0 +5.441882390e+05 +5.441332990e+05 +5.441332990e+05 -1.1208e+00 +3.0886e-01 -1.8597e+00 -1.2282e+00 +2.9686e-01
26 0 +6.902214418e+04 +6.896720418e+04 +6.896720418e+04 -1.4092e+00 +3.2803e-01 -1.8476e+00 +1.3796e+00 +1.1325e+00
120 0 +2.757297177e+04 +2.751803177e+04 +2.751803177e+04 -6.2553e-01 +3.4368e+00 +6.1685e-01 +2.1843e+00 +2.8039e+00
164 0 +1.870531522e+04 +1.865037522e+04 +1.865037522e+04 -8.2188e-01 +1.6649e+00 +3.7129e-02 +2.3662e+00 +3.0278e+00
205 0 +5.753649628e+03 +5.698709628e+03 +5.698709628e+03 -1.0160e+00 -4.1040e-01 -3.3274e+00 +2.8925e+00 +1.1997e+00
249 0 +4.994672587e+03 +4.939732587e+03 +4.939732587e+03 -2.3486e+00 -4.4119e-01 -1.2600e+00 +3.8132e+00 +9.6085e-01
308 0 +4.539688130e+03 +4.484748130e+03 +4.484748130e+03 -2.7843e+00 -3.4414e-01 -1.1662e+00 +3.9407e+00 +4.0976e-01
331 0 +2.685318610e+02 +2.135918610e+02 +2.135918610e+02 -2.7268e+00 -1.5926e+00 -1.5002e+00 +4.0410e+00 +1.0968e+00
517 0 +8.885619440e+01 +3.391619440e+01 +3.391619440e+01 -1.9762e+00 -1.8428e+00 -2.3299e+00 +3.5905e+00 +1.7353e+00
600 0 +8.052498401e+01 +2.558498401e+01 +2.558498401e+01 -2.9395e+00 -1.7519e+00 -9.3810e-01 +4.2830e+00 +1.4409e+00
621 0 +2.896695322e+01 -2.597304678e+01 -2.597304678e+01 -2.0697e+00 -1.7715e+00 -1.6848e+00 +3.6405e+00 +2.1731e+00
678 0 +1.361456530e+01 -4.132543470e+01 -4.132543470e+01 -2.1867e+00 -1.3960e+00 -9.7779e-01 +3.6680e+00 +2.3693e+00
752 0 +9.992448046e+00 -4.494755195e+01 -4.494755195e+01 -1.5632e+00 -1.5659e+00 -1.6613e+00 +3.2424e+00 +2.8859e+00
759 0 +9.068334656e+00 -4.587166534e+01 -4.587166534e+01 -1.6194e+00 -1.4569e+00 -1.4521e+00 +3.2661e+00 +2.9048e+00
807 0 +7.758972795e+00 -4.718102721e+01 -4.718102721e+01 -1.7033e+00 -1.4764e+00 -1.4824e+00 +3.3210e+00 +2.7520e+00
808 0 +6.161730305e+00 -4.877826969e+01 -4.877826969e+01 -1.6693e+00 -1.5600e+00 -1.5317e+00 +3.3244e+00 +2.8274e+00
813 0 +3.228311960e+00 -5.171168804e+01 -5.171168804e+01 -1.8397e+00 -1.4986e+00 -1.3440e+00 +3.4353e+00 +2.6750e+00
845 0 +2.393688472e-01 -5.470063115e+01 -5.470063115e+01 -1.8299e+00 -1.5090e+00 -1.3488e+00 +3.4229e+00 +2.6964e+00
966 0 +2.161177679e-01 -5.472388223e+01 -5.472388223e+01 -1.7001e+00 -1.4820e+00 -1.3311e+00 +3.3161e+00 +2.9108e+00
991 0 +1.395278615e-01 -5.480047214e+01 -5.480047214e+01 -1.8066e+00 -1.5127e+00 -1.3462e+00 +3.4031e+00 +2.7407e+00
1001 0 +1.110990565e-01 -5.482890094e+01 -5.482890094e+01 -1.7966e+00 -1.4997e+00 -1.3280e+00 +3.3941e+00 +2.7659e+00
1028 0 +9.339831775e-02 -5.484660168e+01 -5.484660168e+01 -1.8504e+00 -1.5238e+00 -1.3407e+00 +3.4390e+00 +2.6824e+00
1037 0 +2.950324113e-02 -5.491049676e+01 -5.491049676e+01 -1.7431e+00 -1.5030e+00 -1.3550e+00 +3.3534e+00 +2.8322e+00
1087 0 +2.882241191e-02 -5.491117759e+01 -5.491117759e+01 -1.7409e+00 -1.5165e+00 -1.3823e+00 +3.3548e+00 +2.8190e+00
1111 0 +1.093014328e-02 -5.492906986e+01 -5.492906986e+01 -1.7491e+00 -1.5127e+00 -1.3766e+00 +3.3608e+00 +2.8080e+00
1250 0 +7.677761570e-03 -5.493232224e+01 -5.493232224e+01 -1.7346e+00 -1.5124e+00 -1.3807e+00 +3.3492e+00 +2.8282e+00
% f evaluations | g evaluations | best noise-free fitness - Fopt (5.913000000000e+01) + sum g_i+ | measured fitness | best measured fitness or single-digit g-values | x1 | x2...
1 0 +2.845916884e+06 +2.845976014e+06 +2.845976014e+06 +5.9671e-01 -3.8264e-02 +7.4769e-01 +1.6230e+00 -1.3415e-01
9 0 +2.232989408e+06 +2.233048538e+06 +2.233048538e+06 +8.3847e-01 +2.7137e-01 -1.5648e-02 -2.0110e-01 -1.3785e+00
15 0 +7.068315860e+05 +7.068907160e+05 +7.068907160e+05 +4.6140e-01 +1.6380e+00 +6.4174e-02 +1.6646e+00 -2.5197e+00
27 0 +3.200138673e+05 +3.200729973e+05 +3.200729973e+05 +1.5780e-01 +2.3541e+00 -7.5735e-02 +1.1862e+00 -1.6430e+00
30 0 +2.769006363e+05 +2.769597663e+05 +2.769597663e+05 -5.8133e-01 +1.1433e+00 +6.3048e-01 -4.7233e-01 -2.7336e+00
35 0 +1.827410593e+05 +1.828001893e+05 +1.828001893e+05 +1.9870e+00 +3.9845e-01 -4.0624e-01 -1.5887e+00 -3.3424e+00
62 0 +1.419773072e+05 +1.420364372e+05 +1.420364372e+05 +1.3408e+00 +5.6867e-01 +2.2995e-01 -7.6320e-01 -3.2570e+00
78 0 +1.020900305e+05 +1.021491605e+05 +1.021491605e+05 +1.8474e+00 +3.3375e+00 +1.2536e+00 -3.0097e+00 -1.4619e+00
152 0 +2.729074846e+04 +2.734987846e+04 +2.734987846e+04 +1.1488e+00 +2.2812e+00 -1.6728e+00 -2.4457e-01 -2.2085e+00
219 0 +1.384074456e+04 +1.389987456e+04 +1.389987456e+04 +1.0204e-01 +3.2062e+00 -3.1467e+00 +1.2623e-01 -1.9959e+00
288 0 +6.376604790e+03 +6.435734790e+03 +6.435734790e+03 +1.5030e+00 +4.0316e+00 -3.2659e+00 +1.9467e-01 -5.9872e-01
302 0 +3.670508040e+03 +3.729638040e+03 +3.729638040e+03 -1.0020e+00 +2.3233e+00 -2.2879e+00 -5.6170e-02 -3.2705e+00
404 0 +3.560884546e+03 +3.620014546e+03 +3.620014546e+03 -3.6062e-01 +2.4553e+00 -2.3539e+00 +3.4525e-01 -2.6743e+00
417 0 +2.501460206e+03 +2.560590206e+03 +2.560590206e+03 -5.5662e-01 +2.2667e+00 -2.6130e+00 +3.2112e-01 -3.0488e+00
441 0 +2.367854811e+03 +2.426984811e+03 +2.426984811e+03 +3.4277e-01 +3.9776e+00 -3.0831e+00 +3.1698e-01 -1.1322e+00
444 0 +2.280403047e+03 +2.339533047e+03 +2.339533047e+03 -7.7753e-01 +2.7897e+00 -2.7315e+00 +4.5462e-01 -2.6410e+00
455 0 +1.133989340e+03 +1.193119340e+03 +1.193119340e+03 -1.2450e+00 +3.2492e+00 -2.4146e+00 +3.6571e-01 -2.3675e+00
559 0 +1.066091431e+03 +1.125221431e+03 +1.125221431e+03 -3.0674e-01 +3.9056e+00 -2.5437e+00 +2.0155e-01 -1.4094e+00
567 0 +8.561296618e+02 +9.152596618e+02 +9.152596618e+02 -8.9574e-01 +2.8423e+00 -1.6550e+00 -3.7252e-01 -2.7188e+00
569 0 +7.758946857e+02 +8.350246857e+02 +8.350246857e+02 -7.3563e-01 +4.2999e+00 -2.2468e+00 +7.1885e-02 -1.1980e+00
578 0 +7.086635031e+02 +7.677935031e+02 +7.677935031e+02 -6.8124e-01 +4.7510e+00 -1.9683e+00 -3.9673e-01 -8.8262e-01
582 0 +6.980112500e+02 +7.571412500e+02 +7.571412500e+02 -2.0981e+00 +3.2202e+00 -2.1584e+00 +7.3031e-01 -2.4990e+00
587 0 +6.000498457e+02 +6.591798457e+02 +6.591798457e+02 -3.2661e-01 +4.5670e+00 -2.7453e+00 +2.8793e-01 -7.7645e-01
593 0 +8.635671444e+01 +1.454867144e+02 +1.454867144e+02 -1.3659e+00 +2.2678e+00 -8.0862e-01 -1.2171e+00 -3.6266e+00
715 0 +6.184374849e+01 +1.209737485e+02 +1.209737485e+02 -2.3708e+00 +1.7432e+00 -9.1326e-01 -5.4685e-01 -4.2855e+00
734 0 +4.334163517e+01 +1.024716352e+02 +1.024716352e+02 -1.2824e+00 +2.9214e+00 -1.2609e+00 -7.5821e-01 -2.8601e+00
779 0 +6.234485037e+00 +6.536448504e+01 +6.536448504e+01 -1.7705e+00 +2.5161e+00 -1.2850e+00 -4.6527e-01 -3.3408e+00
887 0 +4.002688050e+00 +6.313268805e+01 +6.313268805e+01 -1.6758e+00 +2.3979e+00 -1.0915e+00 -7.1848e-01 -3.4812e+00
943 0 +2.052672616e+00 +6.118267262e+01 +6.118267262e+01 -1.7489e+00 +2.4683e+00 -1.2445e+00 -5.0914e-01 -3.3856e+00
977 0 +1.744891732e+00 +6.087489173e+01 +6.087489173e+01 -1.8571e+00 +2.3365e+00 -1.2846e+00 -3.9375e-01 -3.5164e+00
1033 0 +8.768281170e-01 +6.000682812e+01 +6.000682812e+01 -1.8936e+00 +2.3405e+00 -1.3112e+00 -3.5636e-01 -3.5194e+00
1050 0 +7.497093843e-01 +5.987970938e+01 +5.987970938e+01 -2.0414e+00 +2.2067e+00 -1.4068e+00 -1.6154e-01 -3.6454e+00
1120 0 +6.979422317e-01 +5.982794223e+01 +5.982794223e+01 -1.9629e+00 +2.2609e+00 -1.3557e+00 -2.6361e-01 -3.5940e+00
1154 0 +4.334537582e-01 +5.956345376e+01 +5.956345376e+01 -1.9720e+00 +2.2794e+00 -1.3697e+00 -2.4586e-01 -3.5757e+00
1208 0 +4.284998788e-01 +5.955849988e+01 +5.955849988e+01 -1.9977e+00 +2.2463e+00 -1.3678e+00 -2.3395e-01 -3.6124e+00
% f evaluations | g evaluations | best noise-free fitness - Fopt (-4.915300000000e+02) + sum g_i+ | measured fitness | best measured fitness or single-digit g-values | x1 | x2...
1 0 +1.453349878e+05 +1.448434578e+05 +1.448434578e+05 +5.9671e-01 -3.8264e-02 +7.4769e-01 +1.6230e+00 -1.3415e-01
4 0 +1.008963199e+05 +1.004047899e+05 +1.004047899e+05 -4.6229e-01 -9.1283e-01 +4.1425e-01 -8.0802e-01 -1.3123e+00
11 0 +6.754048487e+03 +6.262518487e+03 +6.262518487e+03 +4.2408e-01 -2.8508e-01 -5.7692e-01 +7.1168e-01 +1.1310e+00
49 0 +2.998903721e+03 +2.507373721e+03 +2.507373721e+03 +7.0654e-01 +1.1832e+00 +1.4658e-01 +9.2044e-01 +5.7498e-01
144 0 +2.889653638e+03 +2.398123638e+03 +2.398123638e+03 +4.3675e-01 +1.7561e-01 -1.1024e+00 +2.6153e-01 +4.6147e-01
243 0 +2.739940059e+03 +2.248410059e+03 +2.248410059e+03 +3.7247e-01 +2.8996e-01 -9.6819e-01 +5.1586e-02 +4.2014e-01
247 0 +1.641223745e+03 +1.149693745e+03 +1.149693745e+03 +5.1181e-01 +1.0418e+00 -4.2322e-01 +4.3469e-01 +6.4642e-02
299 0 +9.835328355e+02 +4.920028355e+02 +4.920028355e+02 +5.9670e-01 +8.8521e-01 -8.6195e-01 +6.1277e-01 +2.5386e-01
313 0 +8.733505251e+02 +3.818205251e+02 +3.818205251e+02 +3.4237e-01 +1.1169e+00 -9.5635e-01 +5.6632e-02 -5.9034e-01
315 0 +6.189651602e+02 +1.274351602e+02 +1.274351602e+02 +5.7357e-01 +8.8877e-01 -1.0516e+00 +5.8099e-01 +2.0021e-01
362 0 +4.314538520e+02 -6.007614797e+01 -6.007614797e+01 +7.9908e-01 +1.5946e+00 -1.2057e+00 +1.1208e+00 -2.0990e-01
363 0 +2.249844942e+02 -2.665455058e+02 -2.665455058e+02 +7.1525e-01 +1.7278e+00 -1.0254e+00 +8.1231e-01 -2.8564e-01
368 0 +1.608390139e+02 -3.306909861e+02 -3.306909861e+02 +8.7589e-01 +1.2339e+00 -1.1629e+00 +1.4117e+00 +4.0107e-01
384 0 +1.053006765e+02 -3.862293235e+02 -3.862293235e+02 +3.9475e-01 +8.0317e-01 -1.9742e+00 +3.1045e-01 -6.1088e-01
508 0 +3.354597937e+01 -4.579840206e+02 -4.579840206e+02 -9.3143e-02 -1.5520e+00 -3.7008e+00 -3.4229e-01 -1.7494e-01
686 0 +1.994497947e+01 -4.715850205e+02 -4.715850205e+02 +1.9631e-01 -7.5905e-01 -2.9537e+00 +1.8082e-01 +4.3320e-02
694 0 +1.708829872e+01 -4.744417013e+02 -4.744417013e+02 +1.7992e-01 -9.1738e-01 -3.1871e+00 +2.2802e-01 +2.2827e-02
705 0 +5.810088155e+00 -4.857199118e+02 -4.857199118e+02 +7.5602e-02 -8.5013e-01 -3.1300e+00 -1.2171e-01 -2.0458e-01
776 0 +4.001836834e+00 -4.875281632e+02 -4.875281632e+02 +3.5756e-02 -8.7376e-01 -3.1578e+00 -2.0947e-01 -2.7949e-01
777 0 +2.374596614e+00 -4.891554034e+02 -4.891554034e+02 +1.7892e-01 -7.5214e-01 -3.0443e+00 +1.5198e-01 -5.0391e-02
831 0 +2.322764926e+00 -4.892072351e+02 -4.892072351e+02 -3.2271e-02 -1.1807e+00 -3.4649e+00 -3.1179e-01 -2.6166e-01
870 0 +2.288996986e+00 -4.892410030e+02 -4.892410030e+02 +3.6364e-02 -9.6671e-01 -3.2336e+00 -1.8965e-01 -2.1621e-01
875 0 +1.968696140e+00 -4.895613039e+02 -4.895613039e+02 +2.2615e-02 -1.0323e+00 -3.3278e+00 -2.0581e-01 -2.2592e-01
890 0 +1.721372746e+00 -4.898086273e+02 -4.898086273e+02 -1.2748e-02 -1.0992e+00 -3.3927e+00 -2.8331e-01 -2.6623e-01
895 0 +1.033525601e+00 -4.904964744e+02 -4.904964744e+02 -1.4408e-02 -1.0227e+00 -3.3324e+00 -3.1175e-01 -3.1016e-01
905 0 +2.684726319e-01 -4.912615274e+02 -4.912615274e+02 -1.0055e-02 -1.0229e+00 -3.3211e+00 -2.9785e-01 -2.9866e-01
994 0 +1.983465168e-01 -4.913316535e+02 -4.913316535e+02 +9.9288e-03 -9.6973e-01 -3.2701e+00 -2.5909e-01 -2.8611e-01
1059 0 +1.816101957e-01 -4.913483898e+02 -4.913483898e+02 +9.6494e-02 -7.6326e-01 -3.0886e+00 -7.8705e-02 -2.2159e-01
1064 0 +1.654073779e-01 -4.913645926e+02 -4.913645926e+02 +1.3574e-01 -6.5966e-01 -2.9972e+00 -9.7043e-04 -1.9921e-01
1099 0 +1.464668217e-01 -4.913835332e+02 -4.913835332e+02 +1.1125e-01 -7.1711e-01 -3.0472e+00 -5.2432e-02 -2.1731e-01
1112 0 +8.277679296e-02 -4.914472232e+02 -4.914472232e+02 +5.4515e-02 -8.4622e-01 -3.1655e+00 -1.6958e-01 -2.6602e-01
1120 0 +6.070838881e-02 -4.914692916e+02 -4.914692916e+02 +3.6921e-02 -8.9918e-01 -3.2201e+00 -2.0297e-01 -2.7538e-01
1132 0 +3.455896155e-02 -4.914954410e+02 -4.914954410e+02 +5.0409e-02 -8.7239e-01 -3.1906e+00 -1.7237e-01 -2.6109e-01
1186 0 +2.297675548e-02 -4.915070232e+02 -4.915070232e+02 +9.4102e-02 -7.5753e-01 -3.0942e+00 -8.5036e-02 -2.3584e-01
1228 0 +1.504985642e-02 -4.915149501e+02 -4.915149501e+02 +5.0413e-02 -8.7167e-01 -3.1924e+00 -1.7286e-01 -2.6182e-01
1229 0 +1.104827126e-02 -4.915189517e+02 -4.915189517e+02 +7.2133e-02 -7.9822e-01 -3.1325e+00 -1.3505e-01 -2.5906e-01
1239 0 +8.345836602e-03 -4.915216542e+02 -4.915216542e+02 +6.5476e-02 -8.2504e-01 -3.1509e+00 -1.4590e-01 -2.5592e-01
% f evaluations | g evaluations | best noise-free fitness - Fopt (-1.702000000000e+02) + sum g_i+ | measured fitness | best measured fitness or single-digit g-values | x1 | x2...
1 0 +1.057601993e+07 +1.057584973e+07 +1.057584973e+07 +5.9671e-01 -3.8264e-02 +7.4769e-01 +1.6230e+00 -1.3415e-01
11 0 +7.334823365e+06 +7.334653165e+06 +7.334653165e+06 +4.2408e-01 -2.8508e-01 -5.7692e-01 +7.1168e-01 +1.1310e+00
23 0 +6.822071283e+06 +6.821901083e+06 +6.821901083e+06 -1.8188e+00 +7.3486e-02 +1.6023e-01 +2.5632e+00 -9.2361e-02
24 0 +5.050130776e+06 +5.049960576e+06 +5.049960576e+06 +4.0155e-01 +6.5288e-02 -1.0687e+00 +1.2428e+00 +8.5193e-01
26 0 +1.123550297e+06 +1.123380097e+06 +1.123380097e+06 -8.4122e-01 -5.6282e-02 -2.2516e+00 +2.5969e+00 +5.3933e-01
27 0 +4.462489113e+05 +4.460787113e+05 +4.460787113e+05 -2.8582e-01 -1.2257e+00 -1.3562e+00 +3.9456e+00 +2.1197e-01
35 0 +2.682585643e+05 +2.680883643e+05 +2.680883643e+05 +7.2470e-01 +3.9755e-01 -1.5354e+00 +2.7876e+00 +2.5125e+00
56 0 +1.509631256e+05 +1.507929256e+05 +1.507929256e+05 -5.2947e-01 +5.7780e-01 -2.0710e+00 +4.6295e+00 -8.7033e-01
61 0 +9.745454604e+04 +9.728434604e+04 +9.728434604e+04 -9.7738e-01 +4.5333e-01 -9.2476e-01 +4.2835e+00 +1.0319e+00
66 0 +6.250812380e+04 +6.233792380e+04 +6.233792380e+04 -1.8108e-01 -1.8389e+00 -3.1700e-01 +4.0467e+00 +2.6621e+00
95 0 +2.970950504e+04 +2.953930504e+04 +2.953930504e+04 -8.2507e-02 +2.3728e-01 +9.1900e-01 +4.0735e+00 +3.5813e+00
208 0 +1.425962903e+04 +1.408942903e+04 +1.408942903e+04 -2.0127e+00 +3.0578e-02 -1.4302e+00 +4.6148e+00 +7.6995e-01
221 0 +1.141003366e+04 +1.123983366e+04 +1.123983366e+04 -1.4683e+00 -9.7311e-01 -6.7262e-01 +3.8236e+00 +3.1830e+00
229 0 +7.484726191e+03 +7.314526191e+03 +7.314526191e+03 -3.2391e-01 -1.8128e-01 +1.4631e+00 +4.0745e+00 +4.6580e+00
261 0 +6.641258549e+03 +6.471058549e+03 +6.471058549e+03 -2.2674e+00 -2.3047e-01 -4.5816e-01 +4.7933e+00 +1.8738e+00
311 0 +3.410759618e+03 +3.240559618e+03 +3.240559618e+03 -1.8247e+00 -4.0804e-02 -3.0104e-01 +4.6467e+00 +2.1108e+00
382 0 +1.482200430e+03 +1.312000430e+03 +1.312000430e+03 -2.2978e+00 -4.4957e-02 -6.6853e-01 +4.2911e+00 +2.6167e+00
407 0 +1.202563946e+03 +1.032363946e+03 +1.032363946e+03 -1.8663e+00 -3.5221e-01 -3.0011e-01 +4.3806e+00 +2.7887e+00
420 0 +9.748228684e+02 +8.046228684e+02 +8.046228684e+02 -1.7742e+00 +7.1932e-02 -2.6708e-01 +4.3586e+00 +2.7388e+00
438 0 +8.102545242e+02 +6.400545242e+02 +6.400545242e+02 -2.4655e+00 -1.3557e+00 -7.3790e-01 +4.2522e+00 +2.8201e+00
442 0 +2.894245748e+02 +1.192245748e+02 +1.192245748e+02 -2.3535e+00 -1.1339e+00 -7.6786e-01 +4.2206e+00 +2.7502e+00
466 0 +2.174763153e+02 +4.727631531e+01 +4.727631531e+01 -2.2972e+00 -8.5076e-01 -8.5456e-01 +4.3327e+00 +2.3824e+00
533 0 +1.486145979e+02 -2.158540210e+01 -2.158540210e+01 -2.4655e+00 -3.7418e-01 -9.6430e-01 +4.2568e+00 +2.3514e+00
555 0 +1.221353585e+02 -4.806464153e+01 -4.806464153e+01 -2.2955e+00 -9.2602e-01 -6.8562e-01 +4.0352e+00 +3.1074e+00
572 0 +7.040425178e+01 -9.979574822e+01 -9.979574822e+01 -2.2381e+00 -5.2512e-01 -7.0293e-01 +4.0970e+00 +2.8909e+00
580 0 +4.318716507e+01 -1.270128349e+02 -1.270128349e+02 -2.2242e+00 -5.7777e-01 -6.8655e-01 +4.1312e+00 +2.8427e+00
620 0 +3.667204486e+01 -1.335279551e+02 -1.335279551e+02 -2.2105e+00 -5.5715e-01 -6.4042e-01 +4.0900e+00 +2.9627e+00
628 0 +1.126354921e+01 -1.589364508e+02 -1.589364508e+02 -2.2658e+00 -7.4435e-01 -7.2823e-01 +4.2547e+00 +2.6317e+00
709 0 +1.053792237e+01 -1.596620776e+02 -1.596620776e+02 -2.3556e+00 -6.6628e-01 -7.4588e-01 +4.0770e+00 +2.9302e+00
744 0 +6.681072970e+00 -1.635189270e+02 -1.635189270e+02 -2.3813e+00 -7.1433e-01 -7.7245e-01 +4.0936e+00 +2.8886e+00
824 0 +3.641540159e+00 -1.665584598e+02 -1.665584598e+02 -2.3513e+00 -6.7136e-01 -7.9144e-01 +4.2318e+00 +2.6143e+00
912 0 +3.551719357e+00 -1.666482806e+02 -1.666482806e+02 -2.4364e+00 -6.9024e-01 -8.5936e-01 +4.2034e+00 +2.6154e+00
979 0 +3.226382550e+00 -1.669736174e+02 -1.669736174e+02 -2.5759e+00 -6.9119e-01 -9.4755e-01 +4.1098e+00 +2.7200e+00
1011 0 +3.063517535e+00 -1.671364825e+02 -1.671364825e+02 -2.7435e+00 -7.0981e-01 -1.0768e+00 +4.0527e+00 +2.7270e+00
1030 0 +2.902718072e+00 -1.672972819e+02 -1.672972819e+02 -2.5696e+00 -7.0482e-01 -9.3886e-01 +4.0970e+00 +2.7528e+00
1053 0 +2.149386093e+00 -1.680506139e+02 -1.680506139e+02 -2.8645e+00 -7.0133e-01 -1.1643e+00 +3.9932e+00 +2.7699e+00
1087 0 +1.346085131e+00 -1.688539149e+02 -1.688539149e+02 -2.9144e+00 -7.2897e-01 -1.1715e+00 +3.8780e+00 +2.9801e+00
1161 0 +1.209904951e+00 -1.689900950e+02 -1.689900950e+02 -3.3012e+00 -7.1525e-01 -1.4488e+00 +3.6641e+00 +3.1511e+00
1179 0 +1.096996171e+00 -1.691030038e+02 -1.691030038e+02 -3.4562e+00 -7.4058e-01 -1.5366e+00 +3.5314e+00 +3.3344e+00
1210 0 +6.807604332e-01 -1.695192396e+02 -1.695192396e+02 -3.2177e+00 -7.1574e-01 -1.3854e+00 +3.6910e+00 +3.1516e+00
1221 0 +6.576685882e-01 -1.695423314e+02 -1.695423314e+02 -3.3088e+00 -7.5676e-01 -1.4507e+00 +3.6628e+00 +3.1624e+00
1246 0 +5.226802764e-01 -1.696773197e+02 -1.696773197e+02 -3.2338e+00 -7.4980e-01 -1.3944e+00 +3.6937e+00 +3.1476e+00
% f evaluations | g evaluations | best noise-free fitness - Fopt (-4.697500000000e+02) + sum g_i+ | measured fitness | best measured fitness or single-digit g-values | x1 | x2...
1 0 +5.666156262e+06 +5.665686512e+06 +5.665686512e+06 +5.9671e-01 -3.8264e-02 +7.4769e-01 +1.6230e+00 -1.3415e-01
14 0 +4.160546314e+06 +4.160076564e+06 +4.160076564e+06 +1.4562e+00 +2.7990e-02 +1.1035e+00 +4.6164e-01 -5.4512e-01
25 0 +3.919900622e+06 +3.919430872e+06 +3.919430872e+06 +8.9103e-01 -8.0939e-01 +1.5028e+00 -1.3019e+00 +6.8686e-01
26 0 +1.560483584e+05 +1.555786084e+05 +1.555786084e+05 +2.0167e+00 -1.6724e+00 +2.8769e+00 +2.2769e-01 +1.3567e+00
68 0 +1.090538557e+05 +1.085841057e+05 +1.085841057e+05 +2.7451e+00 -1.4880e+00 +1.5660e+00 +6.6046e-01 +7.9267e-01
73 0 +4.030663105e+03 +3.560913105e+03 +3.560913105e+03 +1.7374e+00 -4.9072e-01 +3.2065e+00 +9.0600e-01 +4.7011e-01
282 0 +3.515622535e+03 +3.045872535e+03 +3.045872535e+03 +1.4175e+00 +1.3961e+00 +3.9549e+00 +1.3656e+00 +1.1599e+00
417 0 +2.355913709e+03 +1.886163709e+03 +1.886163709e+03 +1.1542e+00 -1.5539e+00 +3.6710e+00 +9.5996e-01 -5.3052e-01
419 0 +1.624819129e+03 +1.155069129e+03 +1.155069129e+03 +8.7768e-01 +8.0346e-01 +4.0805e+00 +2.1940e+00 +6.7114e-01
421 0 +1.495065915e+03 +1.025315915e+03 +1.025315915e+03 +4.5632e-01 -1.5591e+00 +3.9943e+00 +1.3815e+00 -2.7890e-01
427 0 +9.982437166e+02 +5.284937166e+02 +5.284937166e+02 +1.2025e+00 -3.9397e-01 +3.6540e+00 +1.2448e+00 +3.5129e-01
455 0 +6.218028397e+02 +1.520528397e+02 +1.520528397e+02 +1.1474e+00 -4.2928e-02 +3.9779e+00 +2.0381e+00 -6.5004e-01
517 0 +3.675516625e+02 -1.021983375e+02 -1.021983375e+02 +5.6887e-01 -1.3436e+00 +4.0711e+00 +1.7100e+00 -6.2572e-01
581 0 +3.057605461e+02 -1.639894539e+02 -1.639894539e+02 +1.1267e+00 -9.6131e-01 +3.8483e+00 +1.7105e+00 -1.0107e+00
589 0 +2.377765803e+02 -2.319734197e+02 -2.319734197e+02 +1.0129e+00 -8.4309e-01 +3.8685e+00 +1.5693e+00 -5.2881e-01
601 0 +1.534150421e+02 -3.163349579e+02 -3.163349579e+02 +9.1477e-01 -1.3151e+00 +3.8385e+00 +1.4300e+00 -6.5163e-01
651 0 +1.530119225e+02 -3.167380775e+02 -3.167380775e+02 +4.7407e-01 -2.9763e+00 +3.8159e+00 +9.8880e-01 -1.0843e+00
653 0 +4.136763322e+01 -4.283823668e+02 -4.283823668e+02 +5.5905e-01 -2.2827e+00 +3.8398e+00 +1.2108e+00 -7.2395e-01
684 0 +2.514111344e+01 -4.446088866e+02 -4.446088866e+02 +3.6861e-01 -2.8334e+00 +3.8049e+00 +9.0656e-01 -5.3775e-01
746 0 +8.448380318e+00 -4.613016197e+02 -4.613016197e+02 +3.7400e-01 -2.9377e+00 +3.8047e+00 +9.6601e-01 -7.4981e-01
867 0 +2.847506579e+00 -4.669024934e+02 -4.669024934e+02 +1.7538e-01 -3.0378e+00 +3.8670e+00 +8.9098e-01 -4.5486e-01
885 0 +2.772046569e+00 -4.669779534e+02 -4.669779534e+02 +2.7135e-01 -3.4485e+00 +3.7769e+00 +8.2557e-01 -9.0483e-01
889 0 +1.151873185e+00 -4.685981268e+02 -4.685981268e+02 +1.4817e-01 -3.0237e+00 +3.8962e+00 +9.2708e-01 -4.7589e-01
985 0 +6.017450583e-01 -4.691482549e+02 -4.691482549e+02 +1.9789e-01 -3.2686e+00 +3.8317e+00 +8.4952e-01 -6.6554e-01
1017 0 +5.182016168e-01 -4.692317984e+02 -4.692317984e+02 +2.0414e-01 -3.2064e+00 +3.8421e+00 +8.6740e-01 -6.4848e-01
1037 0 +4.563909142e-01 -4.692936091e+02 -4.692936091e+02 +1.8487e-01 -3.1452e+00 +3.8564e+00 +8.7366e-01 -5.6659e-01
1042 0 +3.106157058e-01 -4.694393843e+02 -4.694393843e+02 +1.6180e-01 -3.0520e+00 +3.8817e+00 +9.0361e-01 -4.8539e-01
1061 0 +2.353738065e-01 -4.695146262e+02 -4.695146262e+02 +1.3973e-01 -3.1353e+00 +3.8787e+00 +8.8422e-01 -5.0687e-01
1114 0 +1.334394441e-01 -4.696165606e+02 -4.696165606e+02 +9.8940e-02 -3.0450e+00 +3.9073e+00 +8.9128e-01 -3.7153e-01
1155 0 +1.224697856e-01 -4.696275302e+02 -4.696275302e+02 +9.3186e-02 -3.0800e+00 +3.9050e+00 +8.8429e-01 -3.8861e-01
1198 0 +5.970627472e-02 -4.696902937e+02 -4.696902937e+02 +4.6085e-02 -2.9535e+00 +3.9437e+00 +9.1357e-01 -2.3916e-01
1234 0 +3.627389030e-02 -4.697137261e+02 -4.697137261e+02 +7.1167e-02 -3.0234e+00 +3.9228e+00 +8.9795e-01 -3.2076e-01
% f evaluations | g evaluations | best noise-free fitness - Fopt (-5.191000000000e+01) + sum g_i+ | measured fitness | best measured fitness or single-digit g-values | x1 | x2...
1 0 +2.189234218e+06 +2.189182308e+06 +2.189182308e+06 +5.9671e-01 -3.8264e-02 +7.4769e-01 +1.6230e+00 -1.3415e-01
3 0 +1.958563159e+06 +1.958511249e+06 +1.958511249e+06 -3.6342e-01 -3.6573e-01 +3.4196e-01 -1.8133e+00 -1.6249e+00
5 0 +1.418680902e+06 +1.418628992e+06 +1.418628992e+06 +1.5656e+00 -1.2578e-01 +1.6753e-01 -1.3247e+00 -4.4438e-01
8 0 +5.397702762e+04 +5.392511762e+04 +5.392511762e+04 -1.1208e+00 +3.0886e-01 -1.8597e+00 -1.2282e+00 +2.9686e-01
31 0 +4.318046352e+04 +4.312855352e+04 +4.312855352e+04 -2.8639e-01 +1.5838e+00 -1.0498e+00 +5.8147e-01 -2.2261e+00
35 0 +4.311794737e+04 +4.306603737e+04 +4.306603737e+04 +5.6201e-01 +1.0746e+00 -6.6028e-01 +5.6188e-01 -1.3016e+00
57 0 +5.229062557e+03 +5.177152557e+03 +5.177152557e+03 -9.5474e-01 +1.6203e+00 -1.6516e+00 -9.1050e-01 -8.4767e-01
202 0 +5.081695023e+03 +5.029785023e+03 +5.029785023e+03 -1.3869e+00 +1.4757e+00 -1.9399e+00 -1.4177e+00 -2.1476e-01
208 0 +5.055133309e+03 +5.003223309e+03 +5.003223309e+03 -1.1188e+00 +1.8190e+00 -1.0608e+00 -5.6792e-01 -2.8507e+00
224 0 +4.367013532e+03 +4.315103532e+03 +4.315103532e+03 -6.6349e-01 +1.8464e+00 -1.0860e+00 +1.5858e-01 -1.7195e+00
242 0 +2.585210129e+03 +2.533300129e+03 +2.533300129e+03 -1.0382e+00 +1.4865e+00 -1.5918e+00 -8.6772e-01 -6.2317e-01
244 0 +2.075147002e+03 +2.023237002e+03 +2.023237002e+03 -8.9098e-01 +1.3808e+00 -1.2462e+00 -8.3034e-01 -1.6229e+00
267 0 +5.133308798e+02 +4.614208798e+02 +4.614208798e+02 -2.4277e-01 +1.6614e+00 -1.1239e+00 +3.0103e-01 -1.3553e+00
292 0 +4.076550846e+02 +3.557450846e+02 +3.557450846e+02 -7.6170e-01 +1.5150e+00 -1.5862e+00 -9.3371e-01 -5.7572e-01
304 0 +2.606956168e+02 +2.087856168e+02 +2.087856168e+02 -1.1924e+00 +1.5269e+00 -1.9699e+00 -1.6282e+00 +7.4761e-02
372 0 +2.039790714e+02 +1.520690714e+02 +1.520690714e+02 -1.4626e+00 +1.6595e+00 -2.1330e+00 -1.7469e+00 +3.6616e-01
510 0 +1.701465934e+02 +1.182365934e+02 +1.182365934e+02 -1.2200e+00 +1.8328e+00 -2.0551e+00 -1.2926e+00 +3.3303e-01
525 0 +1.441190621e+02 +9.220906209e+01 +9.220906209e+01 -1.1887e+00 +1.7490e+00 -2.0585e+00 -1.4763e+00 +3.7888e-01
527 0 +6.888745806e+01 +1.697745806e+01 +1.697745806e+01 -9.7197e-01 +1.7706e+00 -1.9805e+00 -1.0300e+00 +4.1258e-01
637 0 +6.200198299e+01 +1.009198299e+01 +1.009198299e+01 -1.2807e+00 +1.8853e+00 -2.4155e+00 -1.4374e+00 +1.4516e+00
691 0 +4.905240249e+01 -2.857597515e+00 -2.857597515e+00 -1.1853e+00 +1.8967e+00 -2.3864e+00 -1.4011e+00 +1.4426e+00
707 0 +3.461752919e+01 -1.729247081e+01 -1.729247081e+01 -5.2044e-01 +2.1202e+00 -2.3466e+00 -1.8361e-01 +2.1646e+00
712 0 +2.501463032e+01 -2.689536968e+01 -2.689536968e+01 -5.0738e-01 +2.0470e+00 -2.2653e+00 -2.0533e-01 +1.9258e+00
906 0 +2.323558131e+01 -2.867441869e+01 -2.867441869e+01 -7.7227e-01 +1.9457e+00 -2.2136e+00 -6.8165e-01 +1.4082e+00
907 0 +2.123373108e+01 -3.067626892e+01 -3.067626892e+01 -5.3843e-01 +1.9799e+00 -2.1347e+00 -2.9988e-01 +1.4426e+00
909 0 +2.100002533e+01 -3.090997467e+01 -3.090997467e+01 -5.1566e-01 +1.9686e+00 -2.1384e+00 -3.1126e-01 +1.4723e+00
931 0 +2.054711186e+01 -3.136288814e+01 -3.136288814e+01 -5.5596e-01 +2.0326e+00 -2.2272e+00 -2.8871e-01 +1.7276e+00
947 0 +2.001066511e+01 -3.189933489e+01 -3.189933489e+01 -5.1213e-01 +2.0462e+00 -2.2598e+00 -2.3823e-01 +1.8832e+00
959 0 +1.999964257e+01 -3.191035743e+01 -3.191035743e+01 -2.1859e-01 +2.1159e+00 -2.2224e+00 +2.3100e-01 +2.1173e+00
971 0 +1.944990028e+01 -3.246009972e+01 -3.246009972e+01 -5.4682e-01 +2.0165e+00 -2.2274e+00 -3.1274e-01 +1.7305e+00
989 0 +1.836350138e+01 -3.354649862e+01 -3.354649862e+01 -4.6761e-01 +1.9904e+00 -2.1724e+00 -2.1992e-01 +1.6454e+00
1001 0 +1.409389030e+01 -3.781610970e+01 -3.781610970e+01 -2.9720e-01 +2.0327e+00 -2.1353e+00 +7.3818e-02 +1.7422e+00
1029 0 +1.246529114e+01 -3.944470886e+01 -3.944470886e+01 +2.0427e-01 +2.1073e+00 -2.0720e+00 +8.2072e-01 +2.1432e+00
1055 0 +1.062523673e+01 -4.128476327e+01 -4.128476327e+01 +4.6217e-02 +2.0836e+00 -2.0692e+00 +6.0788e-01 +1.9514e+00
1069 0 +1.060541979e+01 -4.130458021e+01 -4.130458021e+01 +1.0175e-01 +2.1189e+00 -2.0764e+00 +7.1560e-01 +2.0396e+00
1070 0 +9.779586803e+00 -4.213041320e+01 -4.213041320e+01 +1.7754e-01 +2.0827e+00 -1.9750e+00 +8.2115e-01 +1.8112e+00
1079 0 +4.146236680e+00 -4.776376332e+01 -4.776376332e+01 +7.0611e-01 +2.1999e+00 -1.9008e+00 +1.6716e+00 +2.2182e+00
1132 0 +1.029549037e+00 -5.088045096e+01 -5.088045096e+01 +1.4917e+00 +2.2687e+00 -1.6530e+00 +2.8538e+00 +2.3753e+00
% f evaluations | g evaluations | best noise-free fitness - Fopt (4.808000000000e+01) + sum g_i+ | measured fitness | best measured fitness or single-digit g-values | x1 | x2...
1 0 +7.655939359e+06 +7.655987439e+06 +7.655987439e+06 +5.9671e-01 -3.8264e-02 +7.4769e-01 +1.6230e+00 -1.3415e-01
2 0 +5.817326131e+06 +5.817374211e+06 +5.817374211e+06 -1.3414e-01 +1.6792e+00 +8.6743e-01 -3.6947e-01 +6.4256e-01
3 0 +2.471456532e+06 +2.471504612e+06 +2.471504612e+06 -3.6342e-01 -3.6573e-01 +3.4196e-01 -1.8133e+00 -1.6249e+00
7 0 +2.056560075e+06 +2.056608155e+06 +2.056608155e+06 -5.0171e-01 +1.9523e+00 +8.6503e-02 -9.5771e-01 +9.2254e-01
8 0 +2.680933670e+05 +2.681414470e+05 +2.681414470e+05 -1.1208e+00 +3.0886e-01 -1.8597e+00 -1.2282e+00 +2.9686e-01
26 0 +5.766359718e+04 +5.771167718e+04 +5.771167718e+04 -2.0099e+00 +9.3534e-01 -8.7771e-01 -1.7622e+00 +2.4983e+00
95 0 +4.057832725e+04 +4.062640725e+04 +4.062640725e+04 -2.3341e+00 +1.6292e+00 -2.8478e-01 +4.3252e-01 +1.6985e+00
119 0 +3.688941449e+04 +3.693749449e+04 +3.693749449e+04 -8.1440e-01 +2.0463e+00 -1.3683e+00 -7.0164e-01 +8.4994e-01
156 0 +2.493054822e+04 +2.497862822e+04 +2.497862822e+04 -2.3481e+00 +1.9443e+00 -4.2221e-01 +8.7035e-01 +2.1137e+00
171 0 +2.429160902e+04 +2.433968902e+04 +2.433968902e+04 -1.1379e+00 -3.2574e-01 -1.5982e+00 -2.3775e-01 +3.1649e+00
197 0 +1.284131923e+04 +1.288939923e+04 +1.288939923e+04 -1.3958e+00 +1.5822e-01 -1.4210e+00 +2.1794e+00 +3.9831e+00
238 0 +1.209567166e+04 +1.214375166e+04 +1.214375166e+04 -3.5538e+00 -1.0289e+00 +3.3456e-01 -1.8624e+00 +3.6282e+00
281 0 +1.003760927e+04 +1.008568927e+04 +1.008568927e+04 -3.8730e+00 -3.6884e+00 +3.4825e-01 -4.1493e+00 +3.9402e+00
329 0 +5.703039466e+03 +5.751119466e+03 +5.751119466e+03 -2.0819e+00 -9.5794e-01 -9.4068e-01 +1.6428e+00 +4.4954e+00
344 0 +2.067585173e+03 +2.115665173e+03 +2.115665173e+03 -1.4363e+00 -2.6854e+00 -1.4348e+00 +6.2545e-01 +4.0962e+00
420 0 +1.589194886e+03 +1.637274886e+03 +1.637274886e+03 +6.3465e-01 -2.6416e+00 -2.8535e+00 -2.5269e+00 +1.9745e+00
516 0 +1.403715681e+03 +1.451795681e+03 +1.451795681e+03 -5.2151e-02 -2.9923e+00 -2.3590e+00 -1.7445e+00 +2.5648e+00
532 0 +1.286030295e+03 +1.334110295e+03 +1.334110295e+03 +7.3895e-01 -1.8218e+00 -2.8837e+00 -5.3976e-01 +2.2001e+00
535 0 +9.418802405e+02 +9.899602405e+02 +9.899602405e+02 +1.0369e+00 -2.9468e+00 -3.2090e+00 -1.4948e+00 +2.5485e+00
577 0 +5.974166592e+02 +6.454966592e+02 +6.454966592e+02 +1.2222e+00 -2.3719e+00 -3.3403e+00 +2.5313e-01 +2.7535e+00
578 0 +5.734921950e+02 +6.215721950e+02 +6.215721950e+02 +2.4458e+00 -2.3373e+00 -4.2165e+00 -2.6080e-01 +2.0055e+00
594 0 +2.473335535e+02 +2.954135535e+02 +2.954135535e+02 +6.2121e-01 -2.5463e+00 -2.8416e+00 -1.2760e+00 +2.4350e+00
607 0 +9.734841361e+01 +1.454284136e+02 +1.454284136e+02 +1.7574e+00 -2.8234e+00 -3.6523e+00 -2.5204e+00 +1.5542e+00
712 0 +7.624357583e+01 +1.243235758e+02 +1.243235758e+02 +1.9082e+00 -3.0489e+00 -3.7679e+00 -2.5164e+00 +1.5999e+00
717 0 +2.059520894e+01 +6.867520894e+01 +6.867520894e+01 +4.4587e-01 -3.3021e+00 -2.7036e+00 -2.9167e+00 +2.2403e+00
763 0 +1.247622532e+01 +6.055622532e+01 +6.055622532e+01 +9.1576e-01 -3.2446e+00 -3.0402e+00 -2.9798e+00 +1.9267e+00
814 0 +8.572327022e+00 +5.665232702e+01 +5.665232702e+01 +8.8482e-01 -3.4245e+00 -3.0232e+00 -3.2245e+00 +1.9709e+00
826 0 +8.287331380e+00 +5.636733138e+01 +5.636733138e+01 +1.3856e+00 -3.2185e+00 -3.3816e+00 -3.0049e+00 +1.7119e+00
848 0 +8.229167873e+00 +5.630916787e+01 +5.630916787e+01 +1.4698e+00 -3.1730e+00 -3.4379e+00 -3.0515e+00 +1.6205e+00
859 0 +7.794458223e+00 +5.587445822e+01 +5.587445822e+01 +1.7316e+00 -3.1140e+00 -3.6261e+00 -2.9559e+00 +1.4912e+00
886 0 +3.067483967e+00 +5.114748397e+01 +5.114748397e+01 +1.5721e+00 -3.3677e+00 -3.5046e+00 -3.5122e+00 +1.4561e+00
945 0 +2.831043830e+00 +5.091104383e+01 +5.091104383e+01 +1.7603e+00 -3.2487e+00 -3.6438e+00 -3.2462e+00 +1.4259e+00
954 0 +1.209394817e+00 +4.928939482e+01 +4.928939482e+01 +1.2343e+00 -3.3186e+00 -3.2689e+00 -3.2163e+00 +1.7353e+00
1038 0 +1.073203717e+00 +4.915320372e+01 +4.915320372e+01 +1.3845e+00 -3.3643e+00 -3.3745e+00 -3.3512e+00 +1.6191e+00
1041 0 +5.874623686e-01 +4.866746237e+01 +4.866746237e+01 +1.3577e+00 -3.3314e+00 -3.3538e+00 -3.3208e+00 +1.6317e+00
1061 0 +4.147333009e-01 +4.849473330e+01 +4.849473330e+01 +1.4552e+00 -3.3220e+00 -3.4245e+00 -3.3197e+00 +1.5784e+00
1090 0 +3.100886608e-01 +4.839008866e+01 +4.839008866e+01 +1.3180e+00 -3.3336e+00 -3.3273e+00 -3.2852e+00 +1.6650e+00
1159 0 +1.837694613e-01 +4.826376946e+01 +4.826376946e+01 +9.0801e-01 -3.4243e+00 -3.0344e+00 -3.2996e+00 +1.9051e+00
1203 0 +9.111924625e-02 +4.817111925e+01 +4.817111925e+01 +1.0443e+00 -3.3820e+00 -3.1338e+00 -3.2345e+00 +1.8467e+00
% f evaluations | g evaluations | best noise-free fitness - Fopt (3.058000000000e+01) + sum g_i+ | measured fitness | best measured fitness or single-digit g-values | x1 | x2...
1 0 +5.129698096e+06 +5.129728676e+06 +5.129728676e+06 +5.9671e-01 -3.8264e-02 +7.4769e-01 +1.6230e+00 -1.3415e-01
3 0 +3.849577660e+06 +3.849608240e+06 +3.849608240e+06 -3.6342e-01 -3.6573e-01 +3.4196e-01 -1.8133e+00 -1.6249e+00
4 0 +2.425531194e+06 +2.425561774e+06 +2.425561774e+06 -4.6229e-01 -9.1283e-01 +4.1425e-01 -8.0802e-01 -1.3123e+00
6 0 +2.328608918e+06 +2.328639498e+06 +2.328639498e+06 +2.1092e-01 -1.0510e+00 +4.7570e-01 -5.0064e-01 -1.9169e-01
25 0 +1.523876975e+06 +1.523907555e+06 +1.523907555e+06 +8.9103e-01 -8.0939e-01 +1.5028e+00 -1.3019e+00 +6.8686e-01
30 0 +1.300014370e+06 +1.300044950e+06 +1.300044950e+06 -1.1571e+00 +1.3405e-01 +1.2599e+00 -1.8534e+00 -2.5530e-01
34 0 +6.488860669e+05 +6.489166469e+05 +6.489166469e+05 -1.6126e+00 +5.0356e-02 +1.1107e+00 -2.5764e+00 -2.0903e-01
36 0 +5.968477466e+05 +5.968783266e+05 +5.968783266e+05 -3.2706e-02 -1.8447e+00 +8.8228e-01 -3.7126e-01 -1.6525e-01
37 0 +5.669362976e+05 +5.669668776e+05 +5.669668776e+05 -2.2480e+00 +6.4092e-01 +2.1286e+00 +4.1429e-01 -5.6855e-01
49 0 +2.648893073e+05 +2.649198873e+05 +2.649198873e+05 -1.7412e+00 -4.1975e-01 +1.8723e+00 -1.9988e+00 -8.9785e-01
63 0 +1.204599652e+05 +1.204905452e+05 +1.204905452e+05 -2.2800e+00 +7.0994e-01 +3.2906e+00 -3.5151e+00 +7.9265e-01
73 0 +5.952499354e+03 +5.983079354e+03 +5.983079354e+03 -4.8592e+00 +1.9487e+00 +2.8439e+00 -8.7703e-01 -7.1528e-01
240 0 +3.161879952e+03 +3.192459952e+03 +3.192459952e+03 -4.5682e+00 +1.2062e+00 +1.7849e+00 -7.7020e-01 +2.7974e-02
398 0 +2.565238788e+03 +2.595818788e+03 +2.595818788e+03 -3.7879e+00 +6.0893e-01 +1.2006e+00 -9.7338e-01 +9.4102e-01
504 0 +1.713865940e+03 +1.744445940e+03 +1.744445940e+03 -2.1206e+00 -8.4110e-01 +1.3084e-01 +4.9357e-01 +3.0646e+00
512 0 +1.417477881e+03 +1.448057881e+03 +1.448057881e+03 -3.4691e+00 -1.3707e+00 -1.8318e+00 +1.4885e+00 +2.8628e+00
513 0 +1.348356068e+03 +1.378936068e+03 +1.378936068e+03 -1.0701e+00 -2.6788e-01 +1.8393e+00 -1.0920e+00 +2.9732e+00
575 0 +1.044371750e+03 +1.074951750e+03 +1.074951750e+03 -3.2541e+00 -5.2428e-01 -1.2149e-01 +7.4717e-01 +2.0397e+00
585 0 +8.181659428e+02 +8.487459428e+02 +8.487459428e+02 -4.8401e+00 -5.5488e-01 -1.4491e+00 +2.3284e+00 +1.7125e+00
587 0 +4.116808634e+02 +4.422608634e+02 +4.422608634e+02 -2.5419e+00 -1.2181e+00 -1.0421e+00 -2.8916e-02 +3.0105e+00
639 0 +3.010648021e+02 +3.316448021e+02 +3.316448021e+02 -3.7081e+00 -3.5150e-01 -3.8132e-01 +3.3979e-01 +1.9684e+00
653 0 +2.107218393e+02 +2.413018393e+02 +2.413018393e+02 -3.5612e+00 -1.6794e+00 -2.6105e+00 +1.4037e+00 +3.0844e+00
659 0 +1.665476109e+02 +1.971276109e+02 +1.971276109e+02 -3.2093e+00 -1.5149e+00 -2.0583e+00 +1.0659e+00 +3.1433e+00
688 0 +1.174934826e+02 +1.480734826e+02 +1.480734826e+02 -2.4852e+00 -2.1531e+00 -2.8259e+00 +2.3870e-01 +4.0312e+00
720 0 +1.172206247e+02 +1.478006247e+02 +1.478006247e+02 -3.4130e+00 -1.4426e+00 -2.1890e+00 +6.7969e-01 +3.0330e+00
726 0 +9.012103334e+01 +1.207010333e+02 +1.207010333e+02 -2.8653e+00 -1.4888e+00 -1.7572e+00 +6.8597e-01 +3.2430e+00
739 0 +8.671769213e+01 +1.172976921e+02 +1.172976921e+02 -3.2863e+00 -1.4505e+00 -2.1021e+00 +6.0460e-01 +3.0958e+00
757 0 +6.449567010e+01 +9.507567010e+01 +9.507567010e+01 -3.5647e+00 -1.9894e+00 -3.2931e+00 +1.0764e+00 +3.4162e+00
762 0 +6.349600481e+01 +9.407600481e+01 +9.407600481e+01 -2.7383e+00 -1.7429e+00 -2.1437e+00 +5.2715e-01 +3.4604e+00
764 0 +3.600868708e+01 +6.658868708e+01 +6.658868708e+01 -3.2390e+00 -1.3178e+00 -1.7723e+00 +5.5894e-01 +2.9295e+00
772 0 +3.038473495e+01 +6.096473495e+01 +6.096473495e+01 -3.9209e+00 -1.6670e+00 -2.9641e+00 +1.1599e+00 +3.0149e+00
782 0 +2.821024753e+01 +5.879024753e+01 +5.879024753e+01 -3.9337e+00 -1.2539e+00 -2.1866e+00 +1.0665e+00 +2.6206e+00
812 0 +2.307792259e+01 +5.365792259e+01 +5.365792259e+01 -3.0236e+00 -1.4812e+00 -1.8895e+00 +6.2066e-01 +3.1676e+00
834 0 +1.347785472e+01 +4.405785472e+01 +4.405785472e+01 -3.1641e+00 -1.5596e+00 -2.1754e+00 +6.3500e-01 +3.2083e+00
857 0 +1.234950982e+01 +4.292950982e+01 +4.292950982e+01 -3.6037e+00 -1.6230e+00 -2.6309e+00 +9.7610e-01 +3.0987e+00
863 0 +1.007568617e+01 +4.065568617e+01 +4.065568617e+01 -3.3696e+00 -1.5178e+00 -2.2515e+00 +7.2050e-01 +3.0697e+00
886 0 +1.554770460e+00 +3.213477046e+01 +3.213477046e+01 -3.0380e+00 -1.7419e+00 -2.4063e+00 +6.5799e-01 +3.3965e+00
921 0 +1.542703651e+00 +3.212270365e+01 +3.212270365e+01 -2.9358e+00 -1.7820e+00 -2.3965e+00 +6.0923e-01 +3.4652e+00
932 0 +1.071810850e+00 +3.165181085e+01 +3.165181085e+01 -3.1322e+00 -1.7901e+00 -2.5596e+00 +7.7035e-01 +3.4006e+00
977 0 +9.218022966e-01 +3.150180230e+01 +3.150180230e+01 -3.1110e+00 -1.8042e+00 -2.5737e+00 +7.4041e-01 +3.4204e+00
1011 0 +6.673315983e-01 +3.124733160e+01 +3.124733160e+01 -2.8131e+00 -1.8941e+00 -2.5233e+00 +5.3733e-01 +3.6231e+00
1013 0 +5.043323840e-01 +3.108433238e+01 +3.108433238e+01 -3.1717e+00 -1.7593e+00 -2.5413e+00 +7.5215e-01 +3.3641e+00
1083 0 +4.794211415e-01 +3.105942114e+01 +3.105942114e+01 -3.1363e+00 -1.7456e+00 -2.4892e+00 +7.2489e-01 +3.3670e+00
1100 0 +2.008165880e-01 +3.078081659e+01 +3.078081659e+01 -2.9029e+00 -1.8576e+00 -2.5177e+00 +6.0624e-01 +3.5500e+00
1129 0 +1.692582225e-01 +3.074925822e+01 +3.074925822e+01 -3.0908e+00 -1.7660e+00 -2.4907e+00 +7.0442e-01 +3.3997e+00
1187 0 +1.348313614e-01 +3.071483136e+01 +3.071483136e+01 -2.8919e+00 -1.8221e+00 -2.4455e+00 +5.7978e-01 +3.5273e+00
1206 0 +6.031462501e-02 +3.064031463e+01 +3.064031463e+01 -2.8643e+00 -1.8449e+00 -2.4644e+00 +5.7893e-01 +3.5550e+00
1207 0 +4.373587557e-02 +3.062373588e+01 +3.062373588e+01 -2.9249e+00 -1.8295e+00 -2.4821e+00 +6.1229e-01 +3.5177e+00
% f evaluations | g evaluations | best noise-free fitness - Fopt (1.000000000000e+03) + sum g_i+ | measured fitness | best measured fitness or single-digit g-values | x1 | x2...
1 0 +7.800350395e+06 +7.801350395e+06 +7.801350395e+06 +5.9671e-01 -3.8264e-02 +7.4769e-01 +1.6230e+00 -1.3415e-01
2 0 +4.442581272e+06 +4.443581272e+06 +4.443581272e+06 -1.3414e-01 +1.6792e+00 +8.6743e-01 -3.6947e-01 +6.4256e-01
3 0 +4.368225056e+04 +4.468225056e+04 +4.468225056e+04 -3.6342e-01 -3.6573e-01 +3.4196e-01 -1.8133e+00 -1.6249e+00
50 0 +4.289717560e+04 +4.389717560e+04 +4.389717560e+04 -6.4520e-01 +1.3730e-02 +3.6913e-02 -2.3375e+00 -2.0600e+00
83 0 +2.529825634e+03 +3.529825634e+03 +3.529825634e+03 -1.1388e+00 -7.5607e-01 +1.6092e+00 -3.2201e+00 -7.8245e-01
362 0 +2.524323492e+03 +3.524323492e+03 +3.524323492e+03 -1.8435e+00 -8.9552e-01 -3.7838e-01 -1.5890e+00 -2.5770e-01
375 0 +2.069156716e+03 +3.069156716e+03 +3.069156716e+03 -8.7518e-01 -4.9887e-01 +3.6939e-01 -2.1802e+00 -8.6661e-01
450 0 +1.429189222e+03 +2.429189222e+03 +2.429189222e+03 -1.1221e+00 -5.7383e-01 -6.6017e-01 -1.3403e+00 -9.0143e-01
510 0 +1.355484356e+03 +2.355484356e+03 +2.355484356e+03 -1.9031e+00 -4.0503e-01 -7.4755e-02 -2.1475e+00 -6.8395e-01
569 0 +1.150815529e+03 +2.150815529e+03 +2.150815529e+03 -2.1705e+00 +3.9850e-02 -1.7009e+00 -1.0386e+00 -8.6379e-01
589 0 +8.878091378e+02 +1.887809138e+03 +1.887809138e+03 -1.7015e+00 +7.6475e-01 -9.7241e-01 -1.8130e+00 -1.6307e+00
592 0 +8.117733049e+02 +1.811773305e+03 +1.811773305e+03 -2.7102e+00 -3.8629e-02 -3.6834e+00 +5.7021e-01 -7.7515e-01
675 0 +3.596388317e+02 +1.359638832e+03 +1.359638832e+03 -2.1529e+00 +6.0293e-01 -2.8551e+00 -2.7767e-01 -1.4352e+00
695 0 +3.369812525e+02 +1.336981253e+03 +1.336981253e+03 -2.0542e+00 +1.3760e+00 -3.6675e+00 +1.1061e-01 -2.1366e+00
756 0 +3.129281065e+02 +1.312928106e+03 +1.312928106e+03 -2.5048e+00 +1.1292e+00 -4.0468e+00 +4.2443e-01 -1.6854e+00
757 0 +2.874184782e+02 +1.287418478e+03 +1.287418478e+03 -2.4900e+00 +1.2918e+00 -4.3943e+00 +6.4144e-01 -2.0149e+00
781 0 +2.697131102e+02 +1.269713110e+03 +1.269713110e+03 -2.3368e+00 +1.4260e+00 -3.7972e+00 +1.2350e-01 -2.0941e+00
788 0 +2.114233994e+02 +1.211423399e+03 +1.211423399e+03 -2.3957e+00 +1.6712e+00 -3.9232e+00 +1.0081e-01 -2.1272e+00
807 0 +1.574734258e+02 +1.157473426e+03 +1.157473426e+03 -2.9122e+00 +2.0858e+00 -4.5384e+00 +2.8812e-01 -2.3512e+00
847 0 +4.279508468e+01 +1.042795085e+03 +1.042795085e+03 -2.7509e+00 +2.6187e+00 -4.8492e+00 +3.7157e-01 -2.8093e+00
942 0 +3.192838001e+01 +1.031928380e+03 +1.031928380e+03 -2.5828e+00 +2.4323e+00 -4.6983e+00 +3.6878e-01 -2.7572e+00
973 0 +2.965962371e+01 +1.029659624e+03 +1.029659624e+03 -2.7225e+00 +2.8143e+00 -4.3398e+00 -1.5853e-01 -2.9505e+00
978 0 +1.789492689e+01 +1.017894927e+03 +1.017894927e+03 -2.7362e+00 +2.7217e+00 -4.8175e+00 +2.8989e-01 -2.9150e+00
982 0 +1.547387775e+01 +1.015473878e+03 +1.015473878e+03 -2.6761e+00 +3.1408e+00 -4.5640e+00 -9.5367e-02 -3.2369e+00
1001 0 +1.458630723e+01 +1.014586307e+03 +1.014586307e+03 -2.6115e+00 +2.7248e+00 -4.1377e+00 -2.5687e-01 -2.9253e+00
1041 0 +1.086060647e+01 +1.010860606e+03 +1.010860606e+03 -2.5946e+00 +3.0744e+00 -3.9867e+00 -5.3801e-01 -3.1912e+00
1086 0 +8.822113559e+00 +1.008822114e+03 +1.008822114e+03 -2.6031e+00 +3.1276e+00 -3.9913e+00 -5.6035e-01 -3.2314e+00
1112 0 +7.573006372e+00 +1.007573006e+03 +1.007573006e+03 -2.6249e+00 +3.4918e+00 -3.6933e+00 -9.8355e-01 -3.4883e+00
1115 0 +2.019598847e+00 +1.002019599e+03 +1.002019599e+03 -2.7031e+00 +3.4457e+00 -3.9593e+00 -7.5896e-01 -3.4371e+00
1170 0 +1.986244586e+00 +1.001986245e+03 +1.001986245e+03 -2.5901e+00 +3.7211e+00 -3.1685e+00 -1.5299e+00 -3.6581e+00
1234 0 +9.971508917e-01 +1.000997151e+03 +1.000997151e+03 -2.6270e+00 +3.8184e+00 -3.1741e+00 -1.5801e+00 -3.7201e+00
% f evaluations | g evaluations | best noise-free fitness - Fopt (-4.236000000000e+01) + sum g_i+ | measured fitness | best measured fitness or single-digit g-values | x1 | x2...
1 0 +4.299884506e+05 +4.299460906e+05 +4.299460906e+05 +5.9671e-01 -3.8264e-02 +7.4769e-01 +1.6230e+00 -1.3415e-01
2 0 +3.060139924e+05 +3.059716324e+05 +3.059716324e+05 -1.3414e-01 +1.6792e+00 +8.6743e-01 -3.6947e-01 +6.4256e-01
6 0 +9.893211758e+04 +9.888975758e+04 +9.888975758e+04 +2.1092e-01 -1.0510e+00 +4.7570e-01 -5.0064e-01 -1.9169e-01
10 0 +2.777560141e+04 +2.773324141e+04 +2.773324141e+04 -6.1984e-01 -3.6064e-01 +1.1571e+00 +4.4362e-01 -1.6630e+00
27 0 +2.436955941e+04 +2.432719941e+04 +2.432719941e+04 +5.7393e-01 -1.3196e-01 -6.4947e-01 +4.9564e-01 -1.2042e+00
33 0 +8.404515663e+03 +8.362155663e+03 +8.362155663e+03 -3.2948e-01 -4.0174e-01 -4.6011e-03 -7.4015e-01 +2.0192e-01
62 0 +6.601020459e+03 +6.558660459e+03 +6.558660459e+03 +1.0571e+00 -6.8392e-01 +1.1998e+00 +5.1579e-01 +7.5569e-01
106 0 +5.226092331e+03 +5.183732331e+03 +5.183732331e+03 -4.8690e-01 -2.5329e-01 +8.0500e-01 -7.3521e-01 +7.9407e-01
112 0 +5.062168183e+03 +5.019808183e+03 +5.019808183e+03 +7.6301e-01 -1.4161e+00 +2.0351e+00 +9.2863e-02 +1.5895e+00
141 0 +4.348936777e+03 +4.306576777e+03 +4.306576777e+03 +3.0745e-02 -1.3959e-01 +1.1673e+00 -7.9822e-01 +2.1359e+00
194 0 +9.361974275e+02 +8.938374275e+02 +8.938374275e+02 -2.3795e-01 -2.3441e-01 +8.0834e-01 -1.6259e+00 +3.0442e+00
292 0 +5.809689856e+02 +5.386089856e+02 +5.386089856e+02 +2.5623e-01 -7.4202e-01 +2.1632e+00 -8.1484e-01 +3.0592e+00
328 0 +3.656311935e+02 +3.232711935e+02 +3.232711935e+02 +5.0976e-02 -5.5331e-01 +1.8250e+00 -9.4151e-01 +2.8048e+00
330 0 +1.947892697e+02 +1.524292697e+02 +1.524292697e+02 -3.6499e-01 -3.0061e-01 +1.2491e+00 -1.6335e+00 +3.1725e+00
352 0 +1.240953017e+02 +8.173530166e+01 +8.173530166e+01 -3.6039e-01 -3.9817e-01 +1.5896e+00 -1.4357e+00 +3.0780e+00
463 0 +8.085166455e+01 +3.849166455e+01 +3.849166455e+01 -1.9309e-01 +4.6836e-02 +7.7943e-01 -1.8880e+00 +3.7348e+00
486 0 +7.732205669e+01 +3.496205669e+01 +3.496205669e+01 +1.2842e-01 -1.2230e-01 +1.1422e+00 -1.5932e+00 +3.8710e+00
488 0 +2.870437267e+01 -1.365562733e+01 -1.365562733e+01 +1.6177e-01 -2.4203e-01 +1.2081e+00 -1.3829e+00 +3.5137e+00
544 0 +2.244584062e+01 -1.991415938e+01 -1.991415938e+01 +2.5819e-01 -1.3228e-01 +1.0936e+00 -1.4807e+00 +3.8136e+00
609 0 +1.848340766e+01 -2.387659234e+01 -2.387659234e+01 +4.9520e-01 -2.3583e-01 +1.2343e+00 -1.2596e+00 +3.8100e+00
706 0 +1.556211532e+01 -2.679788468e+01 -2.679788468e+01 +7.0384e-01 +2.0066e-01 +5.7136e-01 -1.7151e+00 +4.6692e+00
712 0 +1.331501676e+01 -2.904498324e+01 -2.904498324e+01 +3.5956e-01 -6.1120e-01 +1.8413e+00 -8.1054e-01 +3.0387e+00
744 0 +1.238518049e+01 -2.997481951e+01 -2.997481951e+01 +3.3785e-01 -7.1183e-01 +2.0077e+00 -6.8488e-01 +2.8650e+00
747 0 +3.385794124e+00 -3.897420588e+01 -3.897420588e+01 +6.3339e-01 -6.6040e-01 +1.8944e+00 -5.7913e-01 +3.0256e+00
757 0 +2.417326834e+00 -3.994267317e+01 -3.994267317e+01 +7.5873e-01 -5.4814e-01 +1.7172e+00 -6.7820e-01 +3.3166e+00
762 0 +2.138295951e+00 -4.022170405e+01 -4.022170405e+01 +5.8048e-01 -5.5713e-01 +1.7222e+00 -7.6428e-01 +3.2146e+00
795 0 +1.171766744e+00 -4.118823326e+01 -4.118823326e+01 +7.0646e-01 -4.9545e-01 +1.6474e+00 -7.8944e-01 +3.4277e+00
883 0 +1.067866189e+00 -4.129213381e+01 -4.129213381e+01 +6.8003e-01 -7.8483e-01 +2.0866e+00 -4.1596e-01 +2.8829e+00
884 0 +1.024470646e+00 -4.133552935e+01 -4.133552935e+01 +6.8002e-01 -5.4600e-01 +1.7130e+00 -7.2857e-01 +3.2957e+00
897 0 +7.033841590e-01 -4.165661584e+01 -4.165661584e+01 +5.6713e-01 -6.9119e-01 +1.9320e+00 -5.9168e-01 +2.9669e+00
933 0 +5.951795624e-01 -4.176482044e+01 -4.176482044e+01 +6.8664e-01 -5.5225e-01 +1.7406e+00 -7.1944e-01 +3.3102e+00
944 0 +3.290671280e-01 -4.203093287e+01 -4.203093287e+01 +6.2066e-01 -7.3988e-01 +2.0248e+00 -4.9839e-01 +2.9218e+00
946 0 +3.242857733e-01 -4.203571423e+01 -4.203571423e+01 +6.3201e-01 -6.8714e-01 +1.9378e+00 -5.6652e-01 +3.0267e+00
963 0 +2.894245187e-01 -4.207057548e+01 -4.207057548e+01 +6.0845e-01 -7.2991e-01 +1.9966e+00 -5.1969e-01 +2.9262e+00
988 0 +2.889877559e-01 -4.207101224e+01 -4.207101224e+01 +5.7949e-01 -6.6209e-01 +1.8976e+00 -6.2422e-01 +3.0370e+00
1001 0 +2.677916166e-01 -4.209220838e+01 -4.209220838e+01 +5.7656e-01 -8.0494e-01 +2.1105e+00 -4.3841e-01 +2.7768e+00
1003 0 +5.722233450e-02 -4.230277767e+01 -4.230277767e+01 +5.8337e-01 -7.7683e-01 +2.0780e+00 -4.7011e-01 +2.8365e+00
1109 0 +5.022789891e-02 -4.230977210e+01 -4.230977210e+01 +5.6933e-01 -7.7780e-01 +2.0780e+00 -4.7525e-01 +2.8244e+00
1114 0 +4.367715712e-02 -4.231632284e+01 -4.231632284e+01 +5.9263e-01 -7.6452e-01 +2.0593e+00 -4.8285e-01 +2.8662e+00
1143 0 +4.003328503e-02 -4.231996671e+01 -4.231996671e+01 +5.6647e-01 -8.0588e-01 +2.1218e+00 -4.4169e-01 +2.7778e+00
1161 0 +3.316468346e-02 -4.232683532e+01 -4.232683532e+01 +5.8443e-01 -7.8336e-01 +2.0853e+00 -4.6143e-01 +2.8232e+00
1175 0 +1.834870653e-02 -4.234165129e+01 -4.234165129e+01 +5.7705e-01 -7.6834e-01 +2.0638e+00 -4.8616e-01 +2.8503e+00
1180 0 +1.025201147e-02 -4.234974799e+01 -4.234974799e+01 +5.8551e-01 -7.8074e-01 +2.0801e+00 -4.6598e-01 +2.8310e+00
1208 0 +8.972220838e-03 -4.235102778e+01 -4.235102778e+01 +5.8916e-01 -7.7419e-01 +2.0715e+00 -4.7157e-01 +2.8438e+00
1220 0 +6.169287133e-04 -4.235938307e+01 -4.235938307e+01 +5.7622e-01 -7.8625e-01 +2.0896e+00 -4.6266e-01 +2.8158e+00
