% f evaluations | g evaluations | best noise-free fitness - Fopt (-5.235000000000e+01) + sum g_i+ | measured fitness | best measured fitness or single-digit g-values | x1 | x2...
1 0 +8.573881695e+01 +3.338881695e+01 +3.338881695e+01 +5.9671e-01 -3.8264e-02 +7.4769e-01 +1.6230e+00 -1.3415e-01
2 0 +7.039536500e+01 +1.804536500e+01 +1.804536500e+01 -1.3414e-01 +1.6792e+00 +8.6743e-01 -3.6947e-01 +6.4256e-01
3 0 +9.862298760e+00 -4.248770124e+01 -4.248770124e+01 -3.6342e-01 -3.6573e-01 +3.4196e-01 -1.8133e+00 -1.6249e+00
26 0 +1.947835897e+00 -5.040216410e+01 -5.040216410e+01 +4.5460e-01 -2.3174e+00 +3.4956e+00 -2.0352e+00 -1.3200e+00
43 0 +1.349918344e+00 -5.100008166e+01 -5.100008166e+01 +1.0189e-01 -6.6052e-01 +2.0575e+00 -3.2565e+00 -1.6548e+00
183 0 +1.142914871e+00 -5.120708513e+01 -5.120708513e+01 -1.0753e+00 -2.8500e-01 +3.2416e+00 -2.7433e+00 -1.6804e+00
207 0 +8.673120484e-01 -5.148268795e+01 -5.148268795e+01 -8.0369e-01 -1.9223e+00 +2.7642e+00 -1.4937e+00 -1.7199e+00
263 0 +7.896079277e-01 -5.156039207e+01 -5.156039207e+01 -2.2777e-01 -1.6099e+00 +2.5630e+00 -1.8560e+00 -2.0179e+00
264 0 +7.676738089e-01 -5.158232619e+01 -5.158232619e+01 -5.4466e-01 -1.9622e+00 +2.5073e+00 -2.4845e+00 -1.9683e+00
272 0 +4.630347393e-01 -5.188696526e+01 -5.188696526e+01 -1.3515e+00 -1.2246e+00 +2.6641e+00 -2.2480e+00 -1.0407e+00
276 0 +2.530911567e-01 -5.209690884e+01 -5.209690884e+01 -1.1211e+00 -1.2918e+00 +2.8551e+00 -2.9038e+00 -1.5967e+00
301 0 +2.473338820e-01 -5.210266612e+01 -5.210266612e+01 -1.2690e+00 -1.2056e+00 +2.2643e+00 -2.4890e+00 -1.3312e+00
315 0 +2.211648582e-01 -5.212883514e+01 -5.212883514e+01 -1.1997e+00 -1.3452e+00 +2.6273e+00 -2.1712e+00 -1.4473e+00
317 0 +1.611760361e-01 -5.218882396e+01 -5.218882396e+01 -1.1660e+00 -1.5113e+00 +2.6925e+00 -2.4764e+00 -1.8243e+00
354 0 +1.060299610e-01 -5.224397004e+01 -5.224397004e+01 -1.0471e+00 -1.5112e+00 +2.6225e+00 -2.5168e+00 -1.4153e+00
393 0 +6.610162013e-02 -5.228389838e+01 -5.228389838e+01 -7.8097e-01 -1.2636e+00 +2.7684e+00 -2.3874e+00 -1.4903e+00
450 0 +6.094730597e-02 -5.228905269e+01 -5.228905269e+01 -8.0760e-01 -1.1954e+00 +2.6048e+00 -2.5478e+00 -1.6945e+00
478 0 +5.643190781e-02 -5.229356809e+01 -5.229356809e+01 -9.4186e-01 -1.2857e+00 +2.5790e+00 -2.2638e+00 -1.6866e+00
489 0 +3.863864803e-02 -5.231136135e+01 -5.231136135e+01 -9.8707e-01 -1.3337e+00 +2.7148e+00 -2.4308e+00 -1.5400e+00
496 0 +3.770795182e-02 -5.231229205e+01 -5.231229205e+01 -7.9255e-01 -1.2195e+00 +2.5362e+00 -2.3037e+00 -1.7183e+00
508 0 +2.658508860e-02 -5.232341491e+01 -5.232341491e+01 -8.6553e-01 -1.2565e+00 +2.5884e+00 -2.1797e+00 -1.5368e+00
551 0 +2.266509891e-02 -5.232733490e+01 -5.232733490e+01 -7.9440e-01 -1.1885e+00 +2.4412e+00 -2.2922e+00 -1.5795e+00
579 0 +2.116981768e-02 -5.232883018e+01 -5.232883018e+01 -7.8112e-01 -1.2254e+00 +2.6550e+00 -2.3298e+00 -1.6351e+00
600 0 +1.901459191e-02 -5.233098541e+01 -5.233098541e+01 -7.8222e-01 -1.1628e+00 +2.5298e+00 -2.2797e+00 -1.6170e+00
617 0 +1.459087438e-02 -5.233540913e+01 -5.233540913e+01 -8.5843e-01 -1.2096e+00 +2.4703e+00 -2.2574e+00 -1.4935e+00
618 0 +9.893418678e-03 -5.234010658e+01 -5.234010658e+01 -7.6590e-01 -1.1527e+00 +2.4565e+00 -2.2440e+00 -1.4655e+00
624 0 +3.601543239e-03 -5.234639846e+01 -5.234639846e+01 -8.0405e-01 -1.1958e+00 +2.5120e+00 -2.2835e+00 -1.5597e+00
690 0 +3.284224264e-03 -5.234671578e+01 -5.234671578e+01 -8.5841e-01 -1.2374e+00 +2.5330e+00 -2.3292e+00 -1.5742e+00
721 0 +1.680526104e-03 -5.234831947e+01 -5.234831947e+01 -8.3857e-01 -1.2127e+00 +2.5105e+00 -2.3201e+00 -1.5450e+00
868 0 +1.602664111e-03 -5.234839734e+01 -5.234839734e+01 -8.9399e-01 -1.2530e+00 +2.5289e+00 -2.4137e+00 -1.5481e+00
914 0 +1.046641707e-03 -5.234895336e+01 -5.234895336e+01 -9.0825e-01 -1.2708e+00 +2.5567e+00 -2.4252e+00 -1.5575e+00
962 0 +6.983170796e-04 -5.234930168e+01 -5.234930168e+01 -8.6790e-01 -1.2315e+00 +2.5130e+00 -2.3653e+00 -1.5315e+00
999 0 +6.748568189e-04 -5.234932514e+01 -5.234932514e+01 -8.9814e-01 -1.2637e+00 +2.5566e+00 -2.4131e+00 -1.5259e+00
1070 0 +5.598692749e-04 -5.234944013e+01 -5.234944013e+01 -8.7784e-01 -1.2353e+00 +2.5025e+00 -2.3779e+00 -1.5034e+00
1075 0 +3.779271675e-04 -5.234962207e+01 -5.234962207e+01 -8.7574e-01 -1.2534e+00 +2.5586e+00 -2.3647e+00 -1.5523e+00
1096 0 +2.705706072e-04 -5.234972943e+01 -5.234972943e+01 -8.7445e-01 -1.2509e+00 +2.5546e+00 -2.3656e+00 -1.5477e+00
1110 0 +2.513081058e-04 -5.234974869e+01 -5.234974869e+01 -8.6318e-01 -1.2303e+00 +2.5137e+00 -2.3490e+00 -1.5102e+00
1160 0 +2.421215222e-04 -5.234975788e+01 -5.234975788e+01 -8.6080e-01 -1.2396e+00 +2.5411e+00 -2.3351e+00 -1.5299e+00
1171 0 +2.367638685e-04 -5.234976324e+01 -5.234976324e+01 -8.6044e-01 -1.2438e+00 +2.5548e+00 -2.3353e+00 -1.5363e+00
1191 0 +1.843998309e-04 -5.234981560e+01 -5.234981560e+01 -8.7620e-01 -1.2588e+00 +2.5743e+00 -2.3615e+00 -1.5417e+00
