% f evaluations | g evaluations | best noise-free fitness - Fopt (-5.494000000000e+01) + sum g_i+ | measured fitness | best measured fitness or single-digit g-values | x1 | x2...
1 0 +9.852913834e+06 +9.852858894e+06 +9.852858894e+06 +5.9671e-01 -3.8264e-02 +7.4769e-01 +1.6230e+00 -1.3415e-01
2 0 +2.715223623e+06 +2.715168683e+06 +2.715168683e+06 -1.3414e-01 +1.6792e+00 +8.6743e-01 -3.6947e-01 +6.4256e-01
7 0 +9.085897748e+05 +9.085348348e+05 +9.085348348e+05 -5.0171e-01 +1.9523e+00 +8.6503e-02 -9.5771e-01 +9.2254e-01
8 0 +5.441882390e+05 +5.441332990e+05 +5.441332990e+05 -1.1208e+00 +3.0886e-01 -1.8597e+00 -1.2282e+00 +2.9686e-01
29 0 +8.743075915e+04 +8.737581915e+04 +8.737581915e+04 -1.7960e+00 +2.3166e+00 -3.3140e-01 +1.1895e+00 +4.7780e-01
87 0 +2.118384679e+04 +2.112890679e+04 +2.112890679e+04 -1.3815e+00 +1.9045e+00 -8.6661e-01 +2.9276e+00 +1.0640e+00
142 0 +9.508602896e+03 +9.453662896e+03 +9.453662896e+03 -2.2197e+00 +6.5825e-01 -2.3800e-01 +3.0111e+00 +1.2641e+00
171 0 +6.593514074e+03 +6.538574074e+03 +6.538574074e+03 -3.6898e+00 +9.6356e-01 +1.7246e+00 +4.1432e+00 +6.4345e-01
217 0 +1.830011336e+03 +1.775071336e+03 +1.775071336e+03 -3.0530e+00 -7.7087e-01 -1.4151e+00 +4.2743e+00 -3.4466e-02
631 0 +1.499569819e+03 +1.444629819e+03 +1.444629819e+03 -3.7989e+00 +7.0603e-01 +3.5270e+00 +4.4302e+00 +2.4557e+00
651 0 +1.343971659e+03 +1.289031659e+03 +1.289031659e+03 -2.4613e+00 -8.2144e-01 -2.7886e-01 +3.6550e+00 +2.0676e+00
686 0 +1.036405383e+03 +9.814653831e+02 +9.814653831e+02 -3.8486e+00 -8.9384e-01 -8.0559e-01 +4.9147e+00 -6.5700e-01
767 0 +6.414102004e+02 +5.864702004e+02 +5.864702004e+02 -1.9479e+00 -8.5190e-01 -1.3632e+00 +3.4078e+00 +1.9432e+00
778 0 +3.752994800e+02 +3.203594800e+02 +3.203594800e+02 -5.8814e-01 -1.0568e+00 -2.0703e+00 +2.3707e+00 +3.6996e+00
779 0 +3.142862009e+02 +2.593462009e+02 +2.593462009e+02 -5.0640e-01 -1.2976e+00 -1.6670e+00 +2.4496e+00 +4.4185e+00
814 0 +3.006778017e+02 +2.457378017e+02 +2.457378017e+02 -2.5691e+00 -2.0091e+00 -1.2323e+00 +4.0754e+00 +1.9489e+00
817 0 +2.436405341e+02 +1.887005341e+02 +1.887005341e+02 -1.7684e+00 -1.8550e+00 -2.0093e+00 +3.5238e+00 +2.4103e+00
854 0 +1.746570245e+02 +1.197170245e+02 +1.197170245e+02 -3.4943e+00 -1.1273e+00 -2.5097e-01 +4.6043e+00 +6.8041e-01
881 0 +4.297169317e+00 -5.064283068e+01 -5.064283068e+01 -2.1176e+00 -1.6262e+00 -1.3571e+00 +3.6634e+00 +2.2985e+00
