% f evaluations | g evaluations | best noise-free fitness - Fopt (-4.620900000000e+02) + sum g_i+ | measured fitness | best measured fitness or single-digit g-values | x1 | x2...
1 0 +1.099430392e+02 -3.521469608e+02 -3.521469608e+02 +5.9671e-01 -3.8264e-02 +7.4769e-01 +1.6230e+00 -1.3415e-01
11 0 +7.667186676e+01 -3.854181332e+02 -3.854181332e+02 +4.2408e-01 -2.8508e-01 -5.7692e-01 +7.1168e-01 +1.1310e+00
33 0 +6.599708286e+01 -3.960929171e+02 -3.960929171e+02 +1.9070e-01 +7.2555e-02 -3.7337e-01 +1.6383e+00 +2.3605e+00
54 0 +5.076951735e+01 -4.113204826e+02 -4.113204826e+02 +4.3162e-01 +1.2644e+00 +1.1182e+00 +1.1366e+00 +2.1401e+00
88 0 +4.682132615e+01 -4.152686738e+02 -4.152686738e+02 +4.1552e-01 +1.6548e-02 -3.9796e-02 +1.2429e+00 +1.5784e+00
212 0 +3.082536191e+01 -4.312646381e+02 -4.312646381e+02 +1.2950e+00 +1.4782e+00 +1.7770e+00 +1.1858e+00 +1.3974e+00
305 0 +2.857449421e+01 -4.335155058e+02 -4.335155058e+02 +2.1923e+00 +1.4611e+00 +1.4045e+00 +3.1392e-01 +1.6329e+00
398 0 +2.854165488e+01 -4.335483451e+02 -4.335483451e+02 +2.3090e+00 +1.2550e+00 +1.5955e+00 +1.0930e+00 +1.9748e+00
455 0 +2.771510161e+01 -4.343748984e+02 -4.343748984e+02 +2.2935e+00 +1.1390e+00 +1.5845e+00 +8.0575e-01 +2.0033e+00
469 0 +2.724310556e+01 -4.348468944e+02 -4.348468944e+02 +2.1269e+00 +8.6276e-01 +1.1906e+00 +7.6059e-01 +1.6150e+00
517 0 +2.533044971e+01 -4.367595503e+02 -4.367595503e+02 +1.3677e+00 +1.3759e+00 +1.7797e+00 +7.8529e-01 +1.5972e+00
624 0 +2.483135766e+01 -4.372586423e+02 -4.372586423e+02 +2.3077e+00 +1.0438e+00 +1.5725e+00 +8.2218e-01 +1.5992e+00
647 0 +1.974950280e+01 -4.423404972e+02 -4.423404972e+02 +2.3109e+00 +1.5793e+00 +1.7582e+00 +1.1499e+00 +1.6727e+00
816 0 +1.577127279e+01 -4.463187272e+02 -4.463187272e+02 +2.3360e+00 +1.0538e+00 +1.5325e+00 +2.9695e-01 +2.3003e+00
842 0 +1.152593805e+01 -4.505640619e+02 -4.505640619e+02 +2.2047e+00 +1.5858e+00 +1.6971e+00 +7.2207e-01 +1.9839e+00
968 0 +8.999156250e+00 -4.530908438e+02 -4.530908438e+02 +2.3214e+00 +1.5843e+00 +1.5972e+00 +6.7546e-01 +1.9855e+00
1085 0 +8.754972700e+00 -4.533350273e+02 -4.533350273e+02 +2.3177e+00 +1.5489e+00 +1.6091e+00 +6.7688e-01 +2.0150e+00
1098 0 +8.068615902e+00 -4.540213841e+02 -4.540213841e+02 +2.3142e+00 +1.5755e+00 +1.6162e+00 +6.8238e-01 +1.9962e+00
1116 0 +4.940679849e+00 -4.571493202e+02 -4.571493202e+02 +2.2617e+00 +1.4896e+00 +1.6036e+00 +6.8993e-01 +2.2933e+00
1172 0 +3.941874888e+00 -4.581481251e+02 -4.581481251e+02 +2.2978e+00 +1.4838e+00 +1.6478e+00 +7.4129e-01 +1.9865e+00
