% f evaluations | g evaluations | best noise-free fitness - Fopt (9.294000000000e+01) + sum g_i+ | measured fitness | best measured fitness or single-digit g-values | x1 | x2...
1 0 +1.176336130e+01 +1.047033613e+02 +1.047033613e+02 +5.9671e-01 -3.8264e-02 +7.4769e-01 +1.6230e+00 -1.3415e-01
11 0 +1.170605370e+01 +1.046460537e+02 +1.046460537e+02 +4.2408e-01 -2.8508e-01 -5.7692e-01 +7.1168e-01 +1.1310e+00
26 0 +8.469226507e+00 +1.014092265e+02 +1.014092265e+02 +8.9517e-01 -2.3713e-01 -3.1197e-01 +3.3482e-01 -3.4129e-01
28 0 +7.557648509e+00 +1.004976485e+02 +1.004976485e+02 -1.5163e-01 +1.5583e-01 +8.5078e-02 -2.4176e-02 -4.6758e-01
29 0 +4.203570815e+00 +9.714357082e+01 +9.714357082e+01 +3.4797e-01 -3.0994e-01 -7.8395e-02 +9.2876e-01 +5.9125e-01
62 0 +1.833652432e+00 +9.477365243e+01 +9.477365243e+01 +5.4463e-02 +5.9571e-01 -3.5599e-01 +9.7623e-01 +4.6262e-01
% f evaluations | g evaluations | best noise-free fitness - Fopt (3.535000000000e+01) + sum g_i+ | measured fitness | best measured fitness or single-digit g-values | x1 | x2...
1 0 +2.733509126e+02 +3.087009126e+02 +3.087009126e+02 +5.9671e-01 -3.8264e-02 +7.4769e-01 +1.6230e+00 -1.3415e-01
10 0 +2.680953573e+02 +3.034453573e+02 +3.034453573e+02 -6.1984e-01 -3.6064e-01 +1.1571e+00 +4.4362e-01 -1.6630e+00
14 0 +1.821147428e+02 +2.174647428e+02 +2.174647428e+02 +1.4562e+00 +2.7990e-02 +1.1035e+00 +4.6164e-01 -5.4512e-01
26 0 +2.910900216e+00 +3.826090022e+01 +3.826090022e+01 +4.9962e-01 +3.2316e+00 +3.3408e+00 +2.6337e+00 -2.0043e+00
134 0 +2.778067129e+00 +3.812806713e+01 +3.812806713e+01 +1.1601e+00 +1.8256e+00 +4.1354e+00 +1.2851e+00 -2.1452e+00
282 0 +1.994461244e+00 +3.734446124e+01 +3.734446124e+01 +2.8424e+00 +6.9053e-01 +4.2626e+00 +1.6905e+00 -1.2503e+00
289 0 +5.907691704e-01 +3.594076917e+01 +3.594076917e+01 +2.0537e+00 +4.9701e-01 +4.5181e+00 +1.2164e+00 -1.6621e+00
334 0 +6.325014223e-02 +3.541325014e+01 +3.541325014e+01 +1.6988e+00 +1.7863e+00 +3.8483e+00 +1.5734e+00 -1.8120e+00
612 0 +4.666466036e-02 +3.539666466e+01 +3.539666466e+01 +1.9633e+00 +1.1585e+00 +4.0763e+00 +1.4799e+00 -1.8074e+00
689 0 +3.040705454e-02 +3.538040705e+01 +3.538040705e+01 +1.7956e+00 +1.4710e+00 +3.9173e+00 +1.4749e+00 -1.8871e+00
691 0 +2.164198255e-02 +3.537164198e+01 +3.537164198e+01 +1.7125e+00 +1.5651e+00 +4.0094e+00 +1.4750e+00 -1.9076e+00
731 0 +1.835452600e-02 +3.536835453e+01 +3.536835453e+01 +1.9354e+00 +1.2264e+00 +4.0889e+00 +1.4128e+00 -1.7854e+00
788 0 +1.025775054e-02 +3.536025775e+01 +3.536025775e+01 +1.8431e+00 +1.3715e+00 +4.0158e+00 +1.4613e+00 -1.8388e+00
804 0 +9.953710724e-03 +3.535995371e+01 +3.535995371e+01 +1.6842e+00 +1.6532e+00 +3.9283e+00 +1.5152e+00 -1.8703e+00
836 0 +9.570523254e-03 +3.535957052e+01 +3.535957052e+01 +1.8384e+00 +1.4304e+00 +3.9964e+00 +1.4724e+00 -1.8168e+00
839 0 +4.946781230e-03 +3.535494678e+01 +3.535494678e+01 +1.8121e+00 +1.4697e+00 +3.9817e+00 +1.4721e+00 -1.8450e+00
888 0 +3.410339460e-07 +3.535000034e+01 +3.535000034e+01 +1.7383e+00 +1.5085e+00 +3.9588e+00 +1.4574e+00 -1.8738e+00
980 0 +2.526983423e-08 +3.535000003e+01 +3.535000003e+01 +1.7738e+00 +1.4692e+00 +3.9506e+00 +1.4597e+00 -1.8951e+00
1095 0 +1.509913972e-08 +3.535000002e+01 +3.535000002e+01 +1.7453e+00 +1.4792e+00 +3.9685e+00 +1.4554e+00 -1.8606e+00
% f evaluations | g evaluations | best noise-free fitness - Fopt (3.820000000000e+00) + sum g_i+ | measured fitness | best measured fitness or single-digit g-values | x1 | x2...
1 0 +4.440779237e+02 +4.478979237e+02 +4.478979237e+02 +5.9671e-01 -3.8264e-02 +7.4769e-01 +1.6230e+00 -1.3415e-01
2 0 +3.705057195e+02 +3.743257195e+02 +3.743257195e+02 -1.3414e-01 +1.6792e+00 +8.6743e-01 -3.6947e-01 +6.4256e-01
5 0 +3.596517696e+02 +3.634717696e+02 +3.634717696e+02 +1.5656e+00 -1.2578e-01 +1.6753e-01 -1.3247e+00 -4.4438e-01
14 0 +2.554863599e+02 +2.593063599e+02 +2.593063599e+02 +1.4562e+00 +2.7990e-02 +1.1035e+00 +4.6164e-01 -5.4512e-01
15 0 +2.159532016e+02 +2.197732016e+02 +2.197732016e+02 +4.6140e-01 +1.6380e+00 +6.4174e-02 +1.6646e+00 -2.5197e+00
26 0 +8.392985116e+01 +8.774985116e+01 +8.774985116e+01 +4.4691e-01 +2.7234e+00 +1.5631e+00 +1.2138e-01 -2.1663e+00
27 0 +6.181960412e+01 +6.563960412e+01 +6.563960412e+01 +1.3917e+00 +1.7426e+00 +2.5680e+00 +1.2658e+00 -2.2526e+00
28 0 +3.412943085e+01 +3.794943085e+01 +3.794943085e+01 +1.5805e+00 +2.6451e+00 +1.2052e+00 +7.7827e-01 -1.3409e+00
56 0 +2.195246393e+01 +2.577246393e+01 +2.577246393e+01 +3.9685e+00 +1.1237e+00 +1.7752e+00 -3.9170e-01 +1.7891e+00
92 0 +2.132062903e+01 +2.514062903e+01 +2.514062903e+01 +3.7221e+00 +3.5555e+00 +1.2430e-01 -1.9141e+00 -1.0315e+00
101 0 +1.474534161e+01 +1.856534161e+01 +1.856534161e+01 +3.6539e+00 +4.5866e+00 -8.8012e-01 -1.7816e+00 -1.2446e+00
111 0 +1.359295079e+01 +1.741295079e+01 +1.741295079e+01 +3.1998e+00 +4.3751e-01 +3.4071e+00 +6.4466e-01 +1.5431e+00
116 0 +1.062604075e+01 +1.444604075e+01 +1.444604075e+01 +4.5911e+00 +2.3337e+00 +4.6133e-01 -4.7680e+00 -5.3754e-02
129 0 +6.013678975e+00 +9.833678975e+00 +9.833678975e+00 +3.3593e+00 +2.6503e+00 +1.1242e+00 -2.9715e+00 +1.0017e+00
152 0 +2.999825421e+00 +6.819825421e+00 +6.819825421e+00 +4.1254e+00 +1.3315e+00 +1.5100e+00 -2.2570e+00 +8.3694e-01
155 0 +2.906048615e+00 +6.726048615e+00 +6.726048615e+00 +3.6760e+00 +1.5868e+00 +1.2576e+00 -1.8481e+00 -1.1388e-01
239 0 +1.640870169e+00 +5.460870169e+00 +5.460870169e+00 +4.1066e+00 +2.3825e+00 +6.7545e-01 -4.7430e+00 +4.5540e-01
294 0 +1.166513536e+00 +4.986513536e+00 +4.986513536e+00 +4.0855e+00 +1.4808e+00 +1.6210e+00 -2.3260e+00 +6.1490e-01
310 0 +1.012701593e+00 +4.832701593e+00 +4.832701593e+00 +4.2448e+00 +2.0431e+00 +1.3373e+00 -3.5234e+00 +8.9997e-01
336 0 +8.641445007e-01 +4.684144501e+00 +4.684144501e+00 +3.8642e+00 +2.1098e+00 +8.8996e-01 -3.3762e+00 +6.4250e-01
378 0 +6.335738849e-01 +4.453573885e+00 +4.453573885e+00 +4.2157e+00 +2.0100e+00 +1.1697e+00 -3.2397e+00 +6.5903e-01
408 0 +5.343798439e-01 +4.354379844e+00 +4.354379844e+00 +3.9330e+00 +1.9066e+00 +9.8366e-01 -2.6558e+00 +2.3114e-01
444 0 +5.214981776e-01 +4.341498178e+00 +4.341498178e+00 +4.1293e+00 +1.7301e+00 +1.2318e+00 -2.8814e+00 +5.6655e-01
452 0 +4.513953149e-01 +4.271395315e+00 +4.271395315e+00 +3.8035e+00 +1.8828e+00 +1.2181e+00 -2.3333e+00 +4.4895e-01
533 0 +3.278775879e-01 +4.147877588e+00 +4.147877588e+00 +3.8868e+00 +1.8207e+00 +1.2378e+00 -2.4993e+00 +4.8462e-01
539 0 +3.196331246e-01 +4.139633125e+00 +4.139633125e+00 +3.8981e+00 +1.8445e+00 +1.3145e+00 -2.5665e+00 +5.2740e-01
723 0 +2.947335745e-01 +4.114733574e+00 +4.114733574e+00 +3.9542e+00 +1.6942e+00 +1.3434e+00 -2.5107e+00 +5.1809e-01
815 0 +2.904944769e-01 +4.110494477e+00 +4.110494477e+00 +3.9159e+00 +1.8042e+00 +1.2182e+00 -2.3156e+00 +4.3563e-01
1090 0 +2.313211188e-01 +4.051321119e+00 +4.051321119e+00 +4.0397e+00 +1.5459e+00 +1.5810e+00 -2.6826e+00 +7.2133e-01
% f evaluations | g evaluations | best noise-free fitness - Fopt (2.175000000000e+01) + sum g_i+ | measured fitness | best measured fitness or single-digit g-values | x1 | x2...
1 0 +9.464582276e+01 +1.163958228e+02 +1.163958228e+02 +5.9671e-01 -3.8264e-02 +7.4769e-01 +1.6230e+00 -1.3415e-01
15 0 +6.885123408e+01 +9.060123408e+01 +9.060123408e+01 +4.6140e-01 +1.6380e+00 +6.4174e-02 +1.6646e+00 -2.5197e+00
26 0 +1.027743002e+01 +3.202743002e+01 +3.202743002e+01 +1.5925e+00 +1.3608e+00 +1.1658e-01 +4.8160e+00 -2.0591e+00
51 0 +3.272398407e+00 +2.502239841e+01 +2.502239841e+01 +4.9610e+00 +1.1632e+00 -1.9897e+00 +2.4297e+00 -1.1990e+00
207 0 +2.215689193e+00 +2.396568919e+01 +2.396568919e+01 +2.8113e+00 +1.8557e+00 -5.4186e-01 +2.7870e+00 -2.7055e+00
229 0 +1.824886459e+00 +2.357488646e+01 +2.357488646e+01 +3.1987e+00 +1.2920e+00 -5.6323e-01 +3.1590e+00 -2.1559e+00
257 0 +1.790451555e+00 +2.354045156e+01 +2.354045156e+01 +2.5402e+00 +8.4980e-01 -5.1477e-01 +3.2508e+00 -2.2601e+00
276 0 +1.373095660e+00 +2.312309566e+01 +2.312309566e+01 +4.3457e+00 +1.1423e+00 -1.4216e+00 +2.0790e+00 -1.4281e+00
302 0 +8.901841494e-01 +2.264018415e+01 +2.264018415e+01 +4.4092e+00 +1.1603e+00 -1.1834e+00 +2.3621e+00 -1.8146e+00
376 0 +5.879840841e-01 +2.233798408e+01 +2.233798408e+01 +4.3212e+00 +1.0025e+00 -1.1255e+00 +2.2886e+00 -1.4722e+00
391 0 +5.590681080e-01 +2.230906811e+01 +2.230906811e+01 +3.6193e+00 +7.3097e-01 -1.0563e+00 +2.9435e+00 -1.7187e+00
393 0 +3.677999333e-01 +2.211779993e+01 +2.211779993e+01 +3.7407e+00 +1.0233e+00 -1.1441e+00 +3.1444e+00 -1.8207e+00
402 0 +2.274316994e-01 +2.197743170e+01 +2.197743170e+01 +4.3847e+00 +8.3529e-01 -1.3140e+00 +2.4567e+00 -1.4174e+00
427 0 +1.314350060e-01 +2.188143501e+01 +2.188143501e+01 +3.5450e+00 +9.5375e-01 -9.6170e-01 +3.2743e+00 -1.9117e+00
465 0 +6.713192060e-02 +2.181713192e+01 +2.181713192e+01 +3.7917e+00 +1.0800e+00 -1.0980e+00 +3.0080e+00 -1.8218e+00
580 0 +4.387733851e-02 +2.179387734e+01 +2.179387734e+01 +3.7022e+00 +9.3991e-01 -1.0623e+00 +3.0542e+00 -1.7671e+00
602 0 +2.996798814e-02 +2.177996799e+01 +2.177996799e+01 +3.6845e+00 +9.4120e-01 -1.0889e+00 +3.0603e+00 -1.7318e+00
620 0 +2.567108011e-02 +2.177567108e+01 +2.177567108e+01 +3.8221e+00 +9.1129e-01 -1.1718e+00 +2.9763e+00 -1.6836e+00
629 0 +2.364981263e-02 +2.177364981e+01 +2.177364981e+01 +3.5927e+00 +9.6124e-01 -9.7652e-01 +3.1317e+00 -1.8151e+00
653 0 +1.864307225e-02 +2.176864307e+01 +2.176864307e+01 +3.7765e+00 +9.3211e-01 -1.1339e+00 +3.0330e+00 -1.6758e+00
661 0 +1.691325144e-02 +2.176691325e+01 +2.176691325e+01 +3.8001e+00 +8.8611e-01 -1.1153e+00 +3.0863e+00 -1.6892e+00
685 0 +3.287162904e-03 +2.175328716e+01 +2.175328716e+01 +3.7007e+00 +8.5225e-01 -1.1051e+00 +3.1571e+00 -1.6953e+00
707 0 +2.282756526e-07 +2.175000023e+01 +2.175000023e+01 +3.7582e+00 +9.1088e-01 -1.1077e+00 +3.0716e+00 -1.6755e+00
711 0 +1.420566065e-08 +2.175000001e+01 +2.175000001e+01 +3.7628e+00 +8.8763e-01 -1.1110e+00 +3.0764e+00 -1.6715e+00
953 0 +1.188774590e-08 +2.175000001e+01 +2.175000001e+01 +3.7445e+00 +8.8633e-01 -1.1003e+00 +3.1151e+00 -1.6840e+00
981 0 +3.251233949e-09 +2.175000000e+01 +2.175000000e+01 +3.7850e+00 +8.9439e-01 -1.1158e+00 +3.0812e+00 -1.6681e+00
% f evaluations | g evaluations | best noise-free fitness - Fopt (6.479000000000e+01) + sum g_i+ | measured fitness | best measured fitness or single-digit g-values | x1 | x2...
1 0 +8.278378505e+00 +7.306837850e+01 +7.306837850e+01 +5.9671e-01 -3.8264e-02 +7.4769e-01 +1.6230e+00 -1.3415e-01
26 0 +6.013695789e+00 +7.080369579e+01 +7.080369579e+01 +7.5103e-01 +1.1742e-01 +1.0025e-01 +2.0408e+00 +3.4746e-02
32 0 +2.696762247e+00 +6.748676225e+01 +6.748676225e+01 -5.6049e-03 -9.0957e-01 +3.6405e-02 +1.4147e+00 +5.8595e-01
163 0 +2.267698306e+00 +6.705769831e+01 +6.705769831e+01 +3.5530e-01 -7.9557e-01 -2.7543e-01 +1.3973e+00 -8.2110e-02
208 0 +2.163150907e+00 +6.695315091e+01 +6.695315091e+01 -4.5855e-01 -1.4029e+00 -4.9859e-01 +1.6919e+00 -2.3994e-01
210 0 +1.618895931e+00 +6.640889593e+01 +6.640889593e+01 -4.9024e-02 -9.9100e-01 -2.0157e-01 +1.5745e+00 +6.5782e-03
247 0 +1.435181908e+00 +6.622518191e+01 +6.622518191e+01 +2.9736e-02 -9.7989e-01 -5.2020e-01 +1.7066e+00 +1.6184e-01
279 0 +1.368926176e+00 +6.615892618e+01 +6.615892618e+01 +8.1186e-02 -8.8228e-01 -2.4486e-01 +1.2797e+00 +1.7072e-02
302 0 +1.148576736e+00 +6.593857674e+01 +6.593857674e+01 -3.7257e-02 -1.2922e+00 -6.0194e-01 +1.4628e+00 +3.4195e-01
337 0 +1.047506234e+00 +6.583750623e+01 +6.583750623e+01 -7.0977e-02 -1.2871e+00 -6.3833e-01 +1.5181e+00 +1.9379e-01
% f evaluations | g evaluations | best noise-free fitness - Fopt (-1.000000000000e+03) + sum g_i+ | measured fitness | best measured fitness or single-digit g-values | x1 | x2...
1 0 +1.938431766e+02 -8.061568234e+02 -8.061568234e+02 +5.9671e-01 -3.8264e-02 +7.4769e-01 +1.6230e+00 -1.3415e-01
2 0 +1.065045193e+02 -8.934954807e+02 -8.934954807e+02 -1.3414e-01 +1.6792e+00 +8.6743e-01 -3.6947e-01 +6.4256e-01
3 0 +1.029681601e+02 -8.970318399e+02 -8.970318399e+02 -3.6342e-01 -3.6573e-01 +3.4196e-01 -1.8133e+00 -1.6249e+00
4 0 +6.433665091e+01 -9.356633491e+02 -9.356633491e+02 -4.6229e-01 -9.1283e-01 +4.1425e-01 -8.0802e-01 -1.3123e+00
35 0 +9.869816181e+00 -9.901301838e+02 -9.901301838e+02 -1.0426e+00 -7.8237e-01 -1.2020e-01 -8.7509e-01 -4.2803e+00
65 0 +7.804732309e+00 -9.921952677e+02 -9.921952677e+02 -2.5276e+00 -2.0812e+00 -1.0098e+00 -6.8918e-01 -3.5525e+00
82 0 +7.637946785e+00 -9.923620532e+02 -9.923620532e+02 -3.9186e+00 -9.6204e-01 -1.7794e+00 +2.9828e-01 -3.1002e+00
127 0 +2.093816301e+00 -9.979061837e+02 -9.979061837e+02 -2.2541e+00 -8.7155e-01 -9.9267e-01 -4.7765e-01 -4.0288e+00
202 0 +9.909880468e-01 -9.990090120e+02 -9.990090120e+02 -2.7364e+00 -2.2008e-01 -1.0998e+00 -5.6549e-01 -3.7487e+00
252 0 +5.112617847e-01 -9.994887382e+02 -9.994887382e+02 -3.7161e+00 -6.4281e-01 -2.0405e+00 -3.1824e-01 -2.8283e+00
387 0 +2.829497276e-01 -9.997170503e+02 -9.997170503e+02 -3.8583e+00 -9.8103e-01 -2.1788e+00 -4.5205e-01 -3.1776e+00
417 0 +2.034613701e-01 -9.997965386e+02 -9.997965386e+02 -3.6738e+00 -1.1880e+00 -1.9974e+00 -2.6367e-01 -3.1620e+00
509 0 +2.237267675e-02 -9.999776273e+02 -9.999776273e+02 -3.9356e+00 -1.2738e+00 -2.1673e+00 -2.7327e-01 -2.9610e+00
610 0 +2.219666397e-02 -9.999778033e+02 -9.999778033e+02 -3.9712e+00 -1.4155e+00 -2.2250e+00 -2.8117e-01 -2.9882e+00
658 0 +7.616430105e-03 -9.999923836e+02 -9.999923836e+02 -3.9481e+00 -1.4050e+00 -2.1910e+00 -2.9296e-01 -3.0595e+00
770 0 +3.994178996e-07 -9.999999996e+02 -9.999999996e+02 -3.9096e+00 -1.3398e+00 -2.1729e+00 -2.8641e-01 -3.0169e+00
786 0 +1.297942163e-07 -9.999999999e+02 -9.999999999e+02 -3.8802e+00 -1.3349e+00 -2.1695e+00 -2.9575e-01 -3.0225e+00
788 0 +4.143657861e-09 -1.000000000e+03 -1.000000000e+03 -3.8848e+00 -1.2972e+00 -2.1689e+00 -3.0026e-01 -3.0414e+00
% f evaluations | g evaluations | best noise-free fitness - Fopt (1.640700000000e+02) + sum g_i+ | measured fitness | best measured fitness or single-digit g-values | x1 | x2...
1 0 +1.762019856e+02 +3.402719856e+02 +3.402719856e+02 +5.9671e-01 -3.8264e-02 +7.4769e-01 +1.6230e+00 -1.3415e-01
2 0 +6.813853124e+01 +2.322085312e+02 +2.322085312e+02 -1.3414e-01 +1.6792e+00 +8.6743e-01 -3.6947e-01 +6.4256e-01
3 0 +2.222886365e+01 +1.862988636e+02 +1.862988636e+02 -3.6342e-01 -3.6573e-01 +3.4196e-01 -1.8133e+00 -1.6249e+00
40 0 +1.788962834e+01 +1.819596283e+02 +1.819596283e+02 -2.1694e+00 -1.1399e+00 +1.1143e+00 -3.1560e+00 -1.1242e-01
57 0 +1.519152980e+01 +1.792615298e+02 +1.792615298e+02 -2.3486e+00 -6.7358e-01 +9.1930e-01 -4.2350e+00 -1.4198e+00
62 0 +1.455099625e+01 +1.786209963e+02 +1.786209963e+02 -2.4569e+00 +4.8914e-01 -1.3649e-01 -2.9466e+00 -3.9506e-01
64 0 +1.267922055e+01 +1.767492205e+02 +1.767492205e+02 -1.7496e+00 +4.6936e-01 -8.3666e-01 -2.1076e+00 -1.4263e+00
78 0 +1.248239839e+01 +1.765523984e+02 +1.765523984e+02 -3.2042e+00 +6.8621e-01 -5.0938e-01 -3.7626e+00 -1.3109e+00
101 0 +1.222555144e+01 +1.762955514e+02 +1.762955514e+02 -1.9941e+00 +1.0371e-01 +2.7158e-01 -3.6105e+00 -8.7039e-01
103 0 +1.038180071e+01 +1.744518007e+02 +1.744518007e+02 -2.9129e-01 +1.1888e+00 -1.0652e+00 -1.6347e+00 -1.7893e+00
104 0 +7.557357258e+00 +1.716273573e+02 +1.716273573e+02 -2.2838e+00 +1.6723e+00 -1.4628e+00 -3.5032e+00 -1.2401e+00
129 0 +6.666945371e+00 +1.707369454e+02 +1.707369454e+02 -3.0117e+00 +1.4273e+00 -1.1856e+00 -4.4326e+00 -2.4867e+00
132 0 +2.002265392e+00 +1.660722654e+02 +1.660722654e+02 -2.0790e+00 +2.0150e+00 -1.2958e+00 -3.2279e+00 -1.7671e+00
167 0 +1.809992172e+00 +1.658799922e+02 +1.658799922e+02 -2.7899e+00 +2.2286e+00 -1.9624e+00 -4.3772e+00 -2.5303e+00
276 0 +1.074571775e+00 +1.651445718e+02 +1.651445718e+02 -2.4188e+00 +3.6305e+00 -2.7199e+00 -3.5684e+00 -2.6224e+00
304 0 +8.045950872e-01 +1.648745951e+02 +1.648745951e+02 -2.2035e+00 +4.7096e+00 -3.0028e+00 -3.2110e+00 -2.5248e+00
383 0 +3.524943852e-01 +1.644224944e+02 +1.644224944e+02 -2.4890e+00 +4.0605e+00 -2.8373e+00 -3.4544e+00 -2.5008e+00
403 0 +2.351930024e-01 +1.643051930e+02 +1.643051930e+02 -1.9770e+00 +3.7898e+00 -2.5680e+00 -2.8290e+00 -2.2503e+00
404 0 +1.835249145e-01 +1.642535249e+02 +1.642535249e+02 -2.1770e+00 +3.9805e+00 -2.7430e+00 -3.2016e+00 -2.4699e+00
499 0 +8.678572643e-02 +1.641567857e+02 +1.641567857e+02 -2.2854e+00 +3.9444e+00 -2.5670e+00 -3.2323e+00 -2.4557e+00
528 0 +8.355343806e-02 +1.641535534e+02 +1.641535534e+02 -2.2411e+00 +4.0548e+00 -2.7672e+00 -3.1792e+00 -2.5191e+00
531 0 +1.998955888e-02 +1.640899896e+02 +1.640899896e+02 -2.1520e+00 +3.9688e+00 -2.6520e+00 -3.1222e+00 -2.3497e+00
576 0 +1.756023927e-02 +1.640875602e+02 +1.640875602e+02 -2.1597e+00 +3.9858e+00 -2.6647e+00 -3.1400e+00 -2.4631e+00
581 0 +1.631987147e-02 +1.640863199e+02 +1.640863199e+02 -2.0584e+00 +3.9243e+00 -2.6857e+00 -3.0380e+00 -2.4494e+00
664 0 +1.347419492e-02 +1.640834742e+02 +1.640834742e+02 -2.0542e+00 +4.0212e+00 -2.6915e+00 -3.0052e+00 -2.4521e+00
704 0 +6.578618660e-03 +1.640765786e+02 +1.640765786e+02 -2.1999e+00 +4.0080e+00 -2.7161e+00 -3.1178e+00 -2.3906e+00
735 0 +8.065799761e-08 +1.640700001e+02 +1.640700001e+02 -2.1618e+00 +3.9457e+00 -2.6736e+00 -3.1123e+00 -2.3939e+00
772 0 +3.094154977e-08 +1.640700000e+02 +1.640700000e+02 -2.1486e+00 +3.9303e+00 -2.6432e+00 -3.1119e+00 -2.4012e+00
880 0 +2.501920449e-08 +1.640700000e+02 +1.640700000e+02 -2.1585e+00 +3.9394e+00 -2.6786e+00 -3.1285e+00 -2.4230e+00
949 0 +1.625863888e-09 +1.640700000e+02 +1.640700000e+02 -2.1504e+00 +3.9203e+00 -2.6493e+00 -3.1234e+00 -2.3987e+00
% f evaluations | g evaluations | best noise-free fitness - Fopt (-1.656800000000e+02) + sum g_i+ | measured fitness | best measured fitness or single-digit g-values | x1 | x2...
1 0 +3.522223822e+02 +1.865423822e+02 +1.865423822e+02 +5.9671e-01 -3.8264e-02 +7.4769e-01 +1.6230e+00 -1.3415e-01
2 0 +7.304032680e+01 -9.263967320e+01 -9.263967320e+01 -1.3414e-01 +1.6792e+00 +8.6743e-01 -3.6947e-01 +6.4256e-01
26 0 +1.696932204e+01 -1.487106780e+02 -1.487106780e+02 +1.8216e-01 +2.1339e+00 +6.3324e-01 +1.2909e+00 +2.3062e+00
34 0 +1.567966150e+01 -1.500003385e+02 -1.500003385e+02 -7.0449e-01 +4.2742e-01 +7.9617e-01 +6.4585e-01 +1.8143e+00
55 0 +5.869568704e+00 -1.598104313e+02 -1.598104313e+02 -6.3417e-01 +2.0048e+00 +1.6707e+00 +1.2159e+00 +1.8072e+00
77 0 +4.226242410e+00 -1.614537576e+02 -1.614537576e+02 -1.9042e+00 +3.1764e-01 +1.0621e+00 +9.2577e-01 +2.2138e+00
155 0 +3.767344472e+00 -1.619126555e+02 -1.619126555e+02 -1.1871e+00 +5.1997e-01 +1.9459e+00 +1.5457e+00 +1.8537e+00
177 0 +1.503153616e+00 -1.641768464e+02 -1.641768464e+02 -5.0437e-01 +7.2136e-01 +1.5067e+00 +2.5520e+00 +1.8609e+00
264 0 +8.824026361e-01 -1.647975974e+02 -1.647975974e+02 -8.0237e-01 +3.9463e-01 +1.5777e+00 +1.4197e+00 +1.8579e+00
286 0 +8.684394083e-01 -1.648115606e+02 -1.648115606e+02 -3.1220e-01 +1.3702e+00 +1.4064e+00 +1.7876e+00 +1.6918e+00
291 0 +6.643811363e-01 -1.650156189e+02 -1.650156189e+02 -6.3927e-01 +7.1425e-01 +1.6767e+00 +2.0302e+00 +1.7347e+00
338 0 +3.235759616e-01 -1.653564240e+02 -1.653564240e+02 -8.4652e-01 +1.8919e-01 +1.9353e+00 +1.5424e+00 +1.6624e+00
416 0 +2.808755057e-01 -1.653991245e+02 -1.653991245e+02 -6.4691e-01 +3.8676e-01 +1.7401e+00 +1.6174e+00 +1.7065e+00
476 0 +2.212277184e-01 -1.654587723e+02 -1.654587723e+02 -6.7543e-01 +3.3503e-01 +1.6076e+00 +1.7472e+00 +1.8157e+00
866 0 +2.042150231e-01 -1.654757850e+02 -1.654757850e+02 -7.8631e-01 +1.7850e-01 +1.6556e+00 +1.8289e+00 +1.8366e+00
1012 0 +6.288994089e-02 -1.656171101e+02 -1.656171101e+02 -9.6612e-01 -3.2947e-02 +1.6326e+00 +1.8370e+00 +1.8937e+00
1061 0 +6.066351354e-02 -1.656193365e+02 -1.656193365e+02 -9.4590e-01 -2.2104e-02 +1.6231e+00 +1.8597e+00 +1.8953e+00
1069 0 +5.761211301e-02 -1.656223879e+02 -1.656223879e+02 -9.5377e-01 -1.1889e-01 +1.5731e+00 +1.9240e+00 +1.9325e+00
1103 0 +3.623658092e-02 -1.656437634e+02 -1.656437634e+02 -1.0474e+00 -2.2374e-01 +1.5198e+00 +1.9280e+00 +1.9814e+00
1161 0 +3.196367876e-02 -1.656480363e+02 -1.656480363e+02 -1.0465e+00 -2.2353e-01 +1.5423e+00 +1.8781e+00 +1.9726e+00
1206 0 +3.149593139e-02 -1.656485041e+02 -1.656485041e+02 -1.0514e+00 -3.1204e-01 +1.5404e+00 +1.8821e+00 +1.9858e+00
1210 0 +1.275698819e-02 -1.656672430e+02 -1.656672430e+02 -1.0630e+00 -3.5819e-01 +1.5930e+00 +1.7930e+00 +1.9524e+00
1238 0 +8.699795400e-03 -1.656713002e+02 -1.656713002e+02 -1.0562e+00 -4.1314e-01 +1.5370e+00 +1.9212e+00 +1.9986e+00
% f evaluations | g evaluations | best noise-free fitness - Fopt (9.284000000000e+01) + sum g_i+ | measured fitness | best measured fitness or single-digit g-values | x1 | x2...
1 0 +3.024484104e+02 +3.952884104e+02 +3.952884104e+02 +5.9671e-01 -3.8264e-02 +7.4769e-01 +1.6230e+00 -1.3415e-01
2 0 +2.765581249e+02 +3.693981249e+02 +3.693981249e+02 -1.3414e-01 +1.6792e+00 +8.6743e-01 -3.6947e-01 +6.4256e-01
5 0 +9.361562880e+01 +1.864556288e+02 +1.864556288e+02 +1.5656e+00 -1.2578e-01 +1.6753e-01 -1.3247e+00 -4.4438e-01
12 0 +5.632739001e+01 +1.491673900e+02 +1.491673900e+02 +1.0313e+00 -7.3922e-01 -2.0921e-01 +4.3126e-01 +1.0755e+00
27 0 +2.469695760e+01 +1.175369576e+02 +1.175369576e+02 +2.2534e+00 -1.8647e+00 -5.6550e-01 +1.1823e+00 +3.6539e-01
29 0 +1.566984430e+01 +1.085098443e+02 +1.085098443e+02 +1.8082e+00 -2.5435e+00 -1.0394e+00 +4.4369e-01 +5.0818e-01
54 0 +1.125624083e+01 +1.040962408e+02 +1.040962408e+02 +1.5779e+00 -2.1738e+00 -1.6672e+00 +1.1430e+00 +4.4898e-01
91 0 +3.639240728e+00 +9.647924073e+01 +9.647924073e+01 +1.4586e+00 -1.9501e+00 -3.5957e+00 +1.7562e+00 +1.5054e+00
152 0 +3.245378856e+00 +9.608537886e+01 +9.608537886e+01 +1.8786e+00 -1.8568e+00 -3.5842e+00 +1.4711e+00 +1.1439e+00
242 0 +1.886191794e+00 +9.472619179e+01 +9.472619179e+01 +1.7193e+00 -2.7897e+00 -3.0743e+00 +1.7023e+00 +1.0417e+00
266 0 +1.251486952e+00 +9.409148695e+01 +9.409148695e+01 +1.5771e+00 -1.8291e+00 -3.0391e+00 +1.4326e+00 +1.2125e+00
315 0 +9.144903164e-01 +9.375449032e+01 +9.375449032e+01 +2.3885e+00 -2.4662e+00 -2.5669e+00 +7.9613e-01 -4.2843e-01
326 0 +4.340602086e-01 +9.327406021e+01 +9.327406021e+01 +2.0634e+00 -2.0879e+00 -3.2230e+00 +8.2830e-01 +2.7252e-01
367 0 +1.985304163e-01 +9.303853042e+01 +9.303853042e+01 +2.1346e+00 -2.2585e+00 -3.3442e+00 +6.6396e-01 -7.2868e-02
517 0 +1.905116787e-01 +9.303051168e+01 +9.303051168e+01 +2.1276e+00 -2.3059e+00 -3.3777e+00 +8.8922e-01 +1.0225e-01
518 0 +1.667426723e-01 +9.300674267e+01 +9.300674267e+01 +2.0552e+00 -1.8366e+00 -3.7880e+00 +5.8356e-01 +1.2170e-01
520 0 +1.348142976e-01 +9.297481430e+01 +9.297481430e+01 +2.1411e+00 -1.9669e+00 -3.6416e+00 +6.5199e-01 +5.2616e-02
523 0 +1.277516922e-01 +9.296775169e+01 +9.296775169e+01 +2.1896e+00 -2.1936e+00 -3.2796e+00 +8.4901e-01 +3.4897e-02
538 0 +9.443573236e-02 +9.293443573e+01 +9.293443573e+01 +2.1340e+00 -2.2376e+00 -3.3943e+00 +8.4209e-01 +1.2259e-02
572 0 +6.975796044e-02 +9.290975796e+01 +9.290975796e+01 +2.1023e+00 -2.1555e+00 -3.5606e+00 +7.7962e-01 +1.5978e-01
605 0 +1.652353133e-02 +9.285652353e+01 +9.285652353e+01 +2.0249e+00 -2.0980e+00 -3.4666e+00 +8.7289e-01 +3.1589e-01
636 0 +9.014649533e-03 +9.284901465e+01 +9.284901465e+01 +2.0014e+00 -2.1008e+00 -3.4500e+00 +7.7685e-01 +2.5395e-01
730 0 +7.959411135e-03 +9.284795941e+01 +9.284795941e+01 +2.0067e+00 -2.1066e+00 -3.5830e+00 +8.1490e-01 +2.7445e-01
926 0 +1.847812428e-07 +9.284000018e+01 +9.284000018e+01 +1.9537e+00 -2.0515e+00 -3.5903e+00 +8.0997e-01 +3.6468e-01
959 0 +1.684631741e-07 +9.284000017e+01 +9.284000017e+01 +1.9611e+00 -2.0644e+00 -3.5975e+00 +8.3906e-01 +3.7663e-01
963 0 +1.047246201e-07 +9.284000010e+01 +9.284000010e+01 +1.9724e+00 -2.0782e+00 -3.6031e+00 +8.2596e-01 +3.6422e-01
999 0 +3.935696213e-08 +9.284000004e+01 +9.284000004e+01 +1.9641e+00 -2.0683e+00 -3.5756e+00 +8.2691e-01 +3.6541e-01
1052 0 +2.817304789e-08 +9.284000003e+01 +9.284000003e+01 +1.9533e+00 -2.0716e+00 -3.5829e+00 +8.3440e-01 +3.5658e-01
1122 0 +2.190958526e-08 +9.284000002e+01 +9.284000002e+01 +1.9738e+00 -2.0676e+00 -3.5913e+00 +8.2490e-01 +3.3810e-01
1187 0 +1.317556553e-08 +9.284000001e+01 +9.284000001e+01 +1.9606e+00 -2.0540e+00 -3.5746e+00 +8.3160e-01 +3.5419e-01
1210 0 +4.290015454e-09 +9.284000000e+01 +9.284000000e+01 +1.9672e+00 -2.0563e+00 -3.5774e+00 +8.2936e-01 +3.4336e-01
% f evaluations | g evaluations | best noise-free fitness - Fopt (-3.679200000000e+02) + sum g_i+ | measured fitness | best measured fitness or single-digit g-values | x1 | x2...
1 0 +8.852944940e+01 -2.793905506e+02 -2.793905506e+02 +5.9671e-01 -3.8264e-02 +7.4769e-01 +1.6230e+00 -1.3415e-01
5 0 +5.643502326e+01 -3.114849767e+02 -3.114849767e+02 +1.5656e+00 -1.2578e-01 +1.6753e-01 -1.3247e+00 -4.4438e-01
6 0 +5.012919890e+01 -3.177908011e+02 -3.177908011e+02 +2.1092e-01 -1.0510e+00 +4.7570e-01 -5.0064e-01 -1.9169e-01
10 0 +3.137606133e+01 -3.365439387e+02 -3.365439387e+02 -6.1984e-01 -3.6064e-01 +1.1571e+00 +4.4362e-01 -1.6630e+00
11 0 +2.150800948e+01 -3.464119905e+02 -3.464119905e+02 +4.2408e-01 -2.8508e-01 -5.7692e-01 +7.1168e-01 +1.1310e+00
12 0 +7.583650133e+00 -3.603363499e+02 -3.603363499e+02 +1.0313e+00 -7.3922e-01 -2.0921e-01 +4.3126e-01 +1.0755e+00
33 0 +4.292088349e+00 -3.636279117e+02 -3.636279117e+02 +1.2088e+00 -6.4829e-01 +8.9613e-01 +7.3521e-01 +4.8585e-01
82 0 +2.115757865e+00 -3.658042421e+02 -3.658042421e+02 +2.1352e+00 -6.4900e-01 +1.1697e+00 +3.7650e-01 +1.8287e+00
201 0 +6.238552729e-01 -3.672961447e+02 -3.672961447e+02 +9.6222e-01 -7.4750e-01 +1.8257e+00 +9.1928e-01 +1.2470e+00
286 0 +4.970409362e-01 -3.674229591e+02 -3.674229591e+02 +1.0830e+00 -6.4724e-01 +1.4562e+00 +8.3111e-01 +1.7141e+00
558 0 +4.928731326e-01 -3.674271269e+02 -3.674271269e+02 +7.2046e-01 -8.2688e-01 +1.3037e+00 +7.8334e-01 +1.5421e+00
569 0 +4.838607852e-01 -3.674361392e+02 -3.674361392e+02 +8.8352e-01 -8.1446e-01 +1.3859e+00 +6.9801e-01 +1.4348e+00
