% f evaluations | g evaluations | best noise-free fitness - Fopt (-5.235000000000e+01) + sum g_i+ | measured fitness | best measured fitness or single-digit g-values | x1 | x2...
1 0 +8.573881695e+01 +3.338881695e+01 +3.338881695e+01 +5.9671e-01 -3.8264e-02 +7.4769e-01 +1.6230e+00 -1.3415e-01
2 0 +7.039536500e+01 +1.804536500e+01 +1.804536500e+01 -1.3414e-01 +1.6792e+00 +8.6743e-01 -3.6947e-01 +6.4256e-01
3 0 +9.862298760e+00 -4.248770124e+01 -4.248770124e+01 -3.6342e-01 -3.6573e-01 +3.4196e-01 -1.8133e+00 -1.6249e+00
29 0 +5.759315298e+00 -4.659068470e+01 -4.659068470e+01 -4.1080e-01 -9.8478e-01 +3.0915e+00 +1.3017e-02 -1.1679e+00
30 0 +3.139142790e+00 -4.921085721e+01 -4.921085721e+01 -9.4433e-01 -1.3775e+00 +1.6362e+00 -2.2171e+00 +5.0809e-01
45 0 +2.807700582e+00 -4.954229942e+01 -4.954229942e+01 -1.6293e+00 -1.9731e+00 +1.5097e+00 -6.8173e-01 -1.0685e+00
55 0 +1.705005981e+00 -5.064499402e+01 -5.064499402e+01 -2.6892e-01 -6.9054e-01 +1.2402e+00 -2.6555e+00 -1.3979e+00
73 0 +1.578611270e+00 -5.077138873e+01 -5.077138873e+01 -1.2353e-01 -2.3027e+00 +1.4513e+00 -2.1618e+00 -1.8617e+00
80 0 +8.653145190e-01 -5.148468548e+01 -5.148468548e+01 -1.5186e+00 -1.0300e+00 +2.6698e+00 -1.4889e+00 -1.4244e+00
279 0 +8.509054358e-01 -5.149909456e+01 -5.149909456e+01 -1.3981e+00 -5.7356e-01 +2.1742e+00 -1.9148e+00 -1.0743e+00
280 0 +6.772245255e-01 -5.167277547e+01 -5.167277547e+01 -1.5286e+00 -9.7278e-01 +2.6026e+00 -2.2281e+00 -1.0402e+00
418 0 +2.614180709e-01 -5.208858193e+01 -5.208858193e+01 -9.4024e-01 -1.3909e+00 +2.2062e+00 -2.4551e+00 -9.6940e-01
571 0 +2.408268970e-01 -5.210917310e+01 -5.210917310e+01 -6.6524e-01 -1.3280e+00 +2.4972e+00 -2.3010e+00 -1.0770e+00
695 0 +1.685193973e-01 -5.218148060e+01 -5.218148060e+01 -7.8520e-01 -1.1779e+00 +2.9835e+00 -2.2653e+00 -1.4992e+00
738 0 +5.488437627e-02 -5.229511562e+01 -5.229511562e+01 -9.3294e-01 -1.2510e+00 +2.5048e+00 -2.4436e+00 -1.7605e+00
839 0 +5.300114853e-02 -5.229699885e+01 -5.229699885e+01 -8.8772e-01 -1.2863e+00 +2.4530e+00 -2.4415e+00 -1.5877e+00
880 0 +4.334542539e-02 -5.230665457e+01 -5.230665457e+01 -8.5327e-01 -1.1670e+00 +2.5230e+00 -2.4915e+00 -1.6147e+00
883 0 +1.254257380e-02 -5.233745743e+01 -5.233745743e+01 -9.2788e-01 -1.2891e+00 +2.5908e+00 -2.5139e+00 -1.6461e+00
1024 0 +1.092802671e-02 -5.233907197e+01 -5.233907197e+01 -8.7954e-01 -1.3202e+00 +2.7175e+00 -2.3140e+00 -1.6160e+00
