% f evaluations | g evaluations | best noise-free fitness - Fopt (4.078000000000e+01) + sum g_i+ | measured fitness | best measured fitness or single-digit g-values | x1 | x2...
1 0 +6.971655738e+01 +1.104965574e+02 +1.104965574e+02 +5.9671e-01 -3.8264e-02 +7.4769e-01 +1.6230e+00 -1.3415e-01
2 0 +1.678455227e+01 +5.756455227e+01 +5.756455227e+01 -1.3414e-01 +1.6792e+00 +8.6743e-01 -3.6947e-01 +6.4256e-01
7 0 +9.459257437e+00 +5.023925744e+01 +5.023925744e+01 -5.0171e-01 +1.9523e+00 +8.6503e-02 -9.5771e-01 +9.2254e-01
33 0 +6.305900796e+00 +4.708590080e+01 +4.708590080e+01 -2.0793e+00 +6.6306e-01 +1.2379e+00 -2.0745e+00 +1.1132e+00
64 0 +5.130417950e+00 +4.591041795e+01 +4.591041795e+01 -2.0189e+00 +4.3741e-01 -4.5597e-03 -9.8985e-01 +4.2643e-01
131 0 +3.781338006e+00 +4.456133801e+01 +4.456133801e+01 -1.4058e+00 +1.5196e+00 +1.1984e-01 -2.3669e+00 +4.3453e-01
133 0 +2.591135334e+00 +4.337113533e+01 +4.337113533e+01 -1.7538e+00 +5.7550e-01 +8.3162e-01 -1.7071e+00 +9.8549e-01
152 0 +2.058877614e+00 +4.283887761e+01 +4.283887761e+01 -1.8369e+00 +1.3000e+00 +9.4797e-01 -9.8743e-01 +7.0136e-01
159 0 +1.962722269e+00 +4.274272227e+01 +4.274272227e+01 -1.5848e+00 +8.8715e-01 +7.4434e-01 -1.7979e+00 +3.7706e-01
223 0 +1.948617506e+00 +4.272861751e+01 +4.272861751e+01 -1.4170e+00 +9.4508e-01 +3.8171e-01 -1.2900e+00 +6.0841e-01
226 0 +1.790632554e+00 +4.257063255e+01 +4.257063255e+01 -1.7699e+00 +1.2961e+00 +8.9697e-01 -1.7369e+00 +5.4840e-01
228 0 +1.647637546e+00 +4.242763755e+01 +4.242763755e+01 -1.6930e+00 +1.1738e+00 +8.1626e-01 -1.5834e+00 +3.7007e-01
267 0 +1.504521032e+00 +4.228452103e+01 +4.228452103e+01 -1.6584e+00 +1.3131e+00 +4.0981e-01 -1.3005e+00 +5.9405e-01
291 0 +1.503199153e+00 +4.228319915e+01 +4.228319915e+01 -1.6733e+00 +1.2668e+00 +5.0065e-01 -1.7153e+00 +3.7044e-01
296 0 +1.462318312e+00 +4.224231831e+01 +4.224231831e+01 -1.8127e+00 +1.2653e+00 +5.9072e-01 -1.6493e+00 +7.2684e-01
344 0 +1.295900780e+00 +4.207590078e+01 +4.207590078e+01 -1.7437e+00 +1.2745e+00 +5.0171e-01 -1.5599e+00 +6.4272e-01
404 0 +1.278045194e+00 +4.205804519e+01 +4.205804519e+01 -1.7025e+00 +1.2102e+00 +5.9955e-01 -1.4763e+00 +5.1432e-01
438 0 +1.262801954e+00 +4.204280195e+01 +4.204280195e+01 -1.7534e+00 +1.2730e+00 +5.8844e-01 -1.5292e+00 +5.1683e-01
455 0 +1.254229459e+00 +4.203422946e+01 +4.203422946e+01 -1.7087e+00 +1.2320e+00 +5.7987e-01 -1.5119e+00 +5.4010e-01
491 0 +1.250910297e+00 +4.203091030e+01 +4.203091030e+01 -1.7048e+00 +1.2405e+00 +5.3169e-01 -1.5458e+00 +5.5467e-01
527 0 +1.250055149e+00 +4.203005515e+01 +4.203005515e+01 -1.7302e+00 +1.2794e+00 +5.4853e-01 -1.5146e+00 +5.7082e-01
534 0 +1.246744806e+00 +4.202674481e+01 +4.202674481e+01 -1.7192e+00 +1.2693e+00 +5.2628e-01 -1.5135e+00 +5.5225e-01
608 0 +1.245493853e+00 +4.202549385e+01 +4.202549385e+01 -1.7179e+00 +1.2583e+00 +5.4085e-01 -1.5098e+00 +5.4084e-01
636 0 +1.245399956e+00 +4.202539996e+01 +4.202539996e+01 -1.7185e+00 +1.2564e+00 +5.3557e-01 -1.5165e+00 +5.4391e-01
691 0 +1.245337220e+00 +4.202533722e+01 +4.202533722e+01 -1.7183e+00 +1.2628e+00 +5.4346e-01 -1.5181e+00 +5.4263e-01
829 0 +1.245297782e+00 +4.202529778e+01 +4.202529778e+01 -1.7193e+00 +1.2623e+00 +5.4115e-01 -1.5165e+00 +5.4474e-01
836 0 +1.245269848e+00 +4.202526985e+01 +4.202526985e+01 -1.7200e+00 +1.2597e+00 +5.4093e-01 -1.5166e+00 +5.4444e-01
1035 0 +1.245258185e+00 +4.202525818e+01 +4.202525818e+01 -1.7185e+00 +1.2596e+00 +5.4079e-01 -1.5176e+00 +5.4427e-01
