% f evaluations | g evaluations | best noise-free fitness - Fopt (-1.694000000000e+01) + sum g_i+ | measured fitness | best measured fitness or single-digit g-values | x1 | x2...
1 0 +4.225253210e+01 +2.531253210e+01 +2.531253210e+01 +5.9671e-01 -3.8264e-02 +7.4769e-01 +1.6230e+00 -1.3415e-01
5 0 +3.530483772e+01 +1.836483772e+01 +1.836483772e+01 +1.5656e+00 -1.2578e-01 +1.6753e-01 -1.3247e+00 -4.4438e-01
29 0 +3.177986952e+01 +1.483986952e+01 +1.483986952e+01 +1.0631e+00 +8.5236e-01 +1.4619e+00 +7.7065e-01 +1.1030e+00
34 0 +2.988230403e+01 +1.294230403e+01 +1.294230403e+01 +9.8176e-01 +1.9212e-01 +1.8583e-01 +1.3689e+00 +5.4634e-01
81 0 +2.453847971e+01 +7.598479713e+00 +7.598479713e+00 +3.4276e+00 -1.7581e-01 -6.5076e-01 +2.0952e+00 +8.9339e-02
88 0 +2.323693788e+01 +6.296937883e+00 +6.296937883e+00 +1.7682e+00 +2.9490e-01 -6.8994e-01 +1.0368e+00 +1.1942e+00
95 0 +1.883667397e+01 +1.896673968e+00 +1.896673968e+00 +2.1854e+00 -4.3502e-01 -2.2472e+00 +1.9814e+00 +1.2400e+00
104 0 +7.032347142e+00 -9.907652858e+00 -9.907652858e+00 +1.7073e+00 +1.4079e+00 -2.8095e+00 +2.8205e+00 +8.4925e-01
127 0 +6.532824181e+00 -1.040717582e+01 -1.040717582e+01 +2.9604e+00 +2.4153e+00 -1.0094e+00 +2.1325e+00 +2.1654e+00
257 0 +3.406220725e+00 -1.353377927e+01 -1.353377927e+01 +3.5804e+00 +2.1224e+00 -1.5986e+00 +1.7165e+00 +1.1703e+00
310 0 +3.296205106e+00 -1.364379489e+01 -1.364379489e+01 +2.7334e+00 +1.5326e+00 -2.1300e+00 +2.4948e+00 +1.2211e+00
326 0 +1.711783273e+00 -1.522821673e+01 -1.522821673e+01 +2.6683e+00 +1.1842e+00 -2.2751e+00 +2.4989e+00 +1.1188e+00
388 0 +1.455882804e+00 -1.548411720e+01 -1.548411720e+01 +3.1491e+00 +1.9288e+00 -2.0772e+00 +1.9224e+00 +1.3979e+00
569 0 +1.364045457e+00 -1.557595454e+01 -1.557595454e+01 +3.7836e+00 +2.6320e+00 -1.7254e+00 +1.2566e+00 +1.7837e+00
656 0 +1.320167253e+00 -1.561983275e+01 -1.561983275e+01 +4.3288e+00 +2.7746e+00 -1.2010e+00 +1.2940e+00 +1.4954e+00
724 0 +1.278244997e+00 -1.566175500e+01 -1.566175500e+01 +4.5456e+00 +3.1227e+00 -1.0443e+00 +9.5838e-01 +1.7256e+00
756 0 +8.541570592e-01 -1.608584294e+01 -1.608584294e+01 +3.7033e+00 +2.4345e+00 -1.5750e+00 +1.5324e+00 +1.4724e+00
816 0 +3.608965283e-01 -1.657910347e+01 -1.657910347e+01 +3.7305e+00 +2.6282e+00 -1.4854e+00 +1.3980e+00 +1.4454e+00
899 0 +3.236677284e-01 -1.661633227e+01 -1.661633227e+01 +3.3654e+00 +2.4052e+00 -1.6669e+00 +1.6497e+00 +1.3125e+00
1092 0 +2.758035397e-01 -1.666419646e+01 -1.666419646e+01 +3.5628e+00 +2.4981e+00 -1.6094e+00 +1.5145e+00 +1.4145e+00
1200 0 +1.717897739e-01 -1.676821023e+01 -1.676821023e+01 +3.6792e+00 +2.5125e+00 -1.5449e+00 +1.4909e+00 +1.3949e+00
1230 0 +1.682703953e-01 -1.677172960e+01 -1.677172960e+01 +3.6566e+00 +2.5952e+00 -1.5363e+00 +1.4305e+00 +1.4275e+00
