% f evaluations | g evaluations | best noise-free fitness - Fopt (-2.098800000000e+02) + sum g_i+ | measured fitness | best measured fitness or single-digit g-values | x1 | x2...
1 0 +3.881792436e+06 +3.881582556e+06 +3.881582556e+06 +5.9671e-01 -3.8264e-02 +7.4769e-01 +1.6230e+00 -1.3415e-01
2 0 +1.683626694e+06 +1.683416814e+06 +1.683416814e+06 -1.3414e-01 +1.6792e+00 +8.6743e-01 -3.6947e-01 +6.4256e-01
7 0 +1.022656255e+06 +1.022446375e+06 +1.022446375e+06 -5.0171e-01 +1.9523e+00 +8.6503e-02 -9.5771e-01 +9.2254e-01
11 0 +4.809329989e+05 +4.807231189e+05 +4.807231189e+05 +4.2408e-01 -2.8508e-01 -5.7692e-01 +7.1168e-01 +1.1310e+00
28 0 +2.304162617e+05 +2.302063817e+05 +2.302063817e+05 +6.1907e-01 +7.9449e-01 +5.7439e-01 +9.4007e-01 +2.1837e+00
31 0 +1.292937212e+05 +1.290838412e+05 +1.290838412e+05 +3.6069e-02 -5.2847e-02 +7.2013e-02 +2.0144e+00 +2.1148e+00
37 0 +1.979848873e+04 +1.958860873e+04 +1.958860873e+04 +1.2652e-01 -9.0992e-01 +6.9751e-01 +1.8930e+00 +1.7123e+00
57 0 +1.145675109e+04 +1.124687109e+04 +1.124687109e+04 -1.0203e+00 -7.0996e-01 +5.1614e-01 +2.1141e+00 +1.7705e+00
61 0 +9.226440960e+03 +9.016560960e+03 +9.016560960e+03 -1.0384e-01 -5.9583e-02 +1.1693e+00 +2.3210e+00 +1.7200e+00
129 0 +3.732185696e+03 +3.522305696e+03 +3.522305696e+03 -2.4320e+00 -2.7571e-01 +1.9768e+00 +2.3756e+00 +1.8119e+00
395 0 +3.137359984e+03 +2.927479984e+03 +2.927479984e+03 +6.6041e-01 +3.4402e+00 +2.0090e+00 +2.3631e+00 +1.7795e+00
498 0 +2.485707959e+03 +2.275827959e+03 +2.275827959e+03 +1.0283e+00 -7.5773e-01 +4.9614e+00 +2.2993e+00 +1.7711e+00
506 0 +1.562048970e+03 +1.352168970e+03 +1.352168970e+03 +1.2499e+00 -2.6797e-01 +2.7158e+00 +2.5481e+00 +1.7738e+00
524 0 +8.760107792e+02 +6.661307792e+02 +6.661307792e+02 +2.2464e+00 -1.5195e+00 +2.8696e+00 +2.4199e+00 +1.8044e+00
531 0 +4.347590283e+02 +2.248790283e+02 +2.248790283e+02 +3.2555e+00 -2.4500e+00 +3.9073e+00 +2.3744e+00 +1.7778e+00
566 0 +1.882224984e+02 -2.165750163e+01 -2.165750163e+01 +3.2552e+00 -1.5808e+00 +3.3924e+00 +2.3877e+00 +1.7813e+00
640 0 +9.092278441e+01 -1.189572156e+02 -1.189572156e+02 +1.4926e+00 -7.5983e-02 +3.4262e+00 +2.3470e+00 +1.7827e+00
789 0 +2.415050743e+01 -1.857294926e+02 -1.857294926e+02 +2.4883e+00 +2.0413e-01 +3.6401e+00 +2.3791e+00 +1.7823e+00
940 0 +1.619491299e+01 -1.936850870e+02 -1.936850870e+02 +2.5121e+00 +2.2126e-01 +3.6137e+00 +2.4020e+00 +1.7868e+00
952 0 +4.854796689e+00 -2.050252033e+02 -2.050252033e+02 +6.4569e-01 +2.0623e-01 +3.5041e+00 +2.3859e+00 +1.7853e+00
1104 0 +4.256985870e+00 -2.056230141e+02 -2.056230141e+02 +2.0545e+00 +4.1332e-01 +3.5642e+00 +2.3969e+00 +1.7858e+00
