% f evaluations | g evaluations | best noise-free fitness - Fopt (4.078000000000e+01) + sum g_i+ | measured fitness | best measured fitness or single-digit g-values | x1 | x2...
1 0 +6.478954112e+01 +1.055695411e+02 +1.055695411e+02 +5.9671e-01 -3.8264e-02 +7.4769e-01 +1.6230e+00 -1.3415e-01 -1.3414e-01 +1.6792e+00 +8.6743e-01 -3.6947e-01 +6.4256e-01
8 0 +4.511787342e+01 +8.589787342e+01 +8.589787342e+01 +4.6140e-01 +1.6380e+00 +6.4174e-02 +1.6646e+00 -2.5197e+00 +9.2190e-01 +1.8705e-01 -1.9901e-01 +1.9176e-01 -1.8876e+00
26 0 +3.189769581e+01 +7.267769581e+01 +7.267769581e+01 -1.1609e+00 +1.0179e+00 +2.2222e+00 +1.1325e+00 -1.4194e+00 -3.8423e-01 +1.3669e+00 -6.0767e-01 +5.4382e-01 +8.7463e-01
195 0 +2.319398206e+01 +6.397398206e+01 +6.397398206e+01 +7.3993e-01 +9.7712e-01 +2.1857e+00 +1.1523e+00 -2.5586e+00 -9.2500e-01 +1.5907e+00 -1.3350e+00 +2.0893e-01 -4.5368e-01
212 0 +2.148934145e+01 +6.226934145e+01 +6.226934145e+01 +2.5631e-01 +2.5922e+00 +2.1381e+00 +2.4793e+00 -2.6730e+00 -7.5714e-01 +1.1844e+00 -1.2962e+00 +9.2794e-01 -5.3203e-02
272 0 +2.048528109e+01 +6.126528109e+01 +6.126528109e+01 +2.6671e+00 +1.9227e+00 +7.5612e-01 +2.4525e+00 -2.3781e+00 -3.7741e-01 +1.4929e+00 -2.1086e+00 -6.7873e-01 -4.7594e-01
459 0 +1.906369204e+01 +5.984369204e+01 +5.984369204e+01 +1.0967e+00 +1.4183e+00 +6.6729e-01 +1.9894e+00 -1.2019e+00 -3.3780e-01 +6.4579e-02 -1.9479e+00 -2.0996e-01 -3.6283e-01
484 0 +1.082127896e+01 +5.160127896e+01 +5.160127896e+01 +2.2101e+00 +1.4966e+00 +1.2382e+00 +2.0733e+00 -1.5984e+00 -7.2166e-01 +5.1095e-01 -1.1281e+00 +2.3771e+00 +1.5604e+00
559 0 +7.450074010e+00 +4.823007401e+01 +4.823007401e+01 +3.5168e+00 +2.2663e+00 +9.1545e-01 +1.4421e+00 -1.0376e+00 -1.6408e+00 +2.8440e-01 -2.5419e+00 +1.7091e+00 +6.7981e-01
829 0 +7.100078838e+00 +4.788007884e+01 +4.788007884e+01 +2.3623e+00 +2.0726e+00 +5.9529e-01 +1.8409e+00 -8.5747e-01 -1.5589e+00 -1.0037e-01 -2.8954e+00 +1.2575e+00 +7.6759e-01
869 0 +3.513558406e+00 +4.429355841e+01 +4.429355841e+01 +3.7090e+00 +2.1530e+00 +1.7170e-01 +2.3038e+00 -9.5985e-03 -2.0864e+00 -4.7559e-02 -4.2951e+00 +1.7663e+00 +1.0664e-01
984 0 +2.796827029e+00 +4.357682703e+01 +4.357682703e+01 +3.1401e+00 +2.4106e+00 +5.1029e-03 +2.6192e+00 -1.7051e-02 -1.5283e+00 -6.8150e-02 -4.1797e+00 +1.0710e+00 +1.9002e-01
1267 0 +2.709057895e+00 +4.348905789e+01 +4.348905789e+01 +3.5030e+00 +1.9650e+00 -5.6074e-01 +1.9749e+00 +3.3496e-02 -1.5823e+00 -9.7250e-02 -4.0666e+00 +9.4161e-01 +1.1224e+00
1457 0 +2.542570052e+00 +4.332257005e+01 +4.332257005e+01 +3.1975e+00 +2.4765e+00 -5.0016e-01 +2.1377e+00 -2.2647e-01 -1.5180e+00 -7.9760e-02 -4.1617e+00 +6.5876e-01 +8.1178e-01
1480 0 +2.325963314e+00 +4.310596331e+01 +4.310596331e+01 +3.2830e+00 +2.1363e+00 -3.9103e-01 +2.1513e+00 -1.3278e-02 -1.3025e+00 -8.6415e-02 -3.6770e+00 +1.0332e+00 +9.3362e-01
1698 0 +2.324606396e+00 +4.310460640e+01 +4.310460640e+01 +3.1328e+00 +2.1357e+00 -1.6084e-01 +2.2427e+00 -2.4856e-01 -1.3456e+00 +8.9749e-02 -3.5638e+00 +1.0281e+00 +8.1638e-01
1737 0 +2.324306035e+00 +4.310430603e+01 +4.310430603e+01 +3.3375e+00 +2.1232e+00 -1.0778e-01 +1.9839e+00 -1.7713e-01 -1.2518e+00 +3.4773e-02 -3.6519e+00 +9.6135e-01 +8.1108e-01
1763 0 +2.308143767e+00 +4.308814377e+01 +4.308814377e+01 +3.2416e+00 +2.2969e+00 -1.0817e-01 +2.1651e+00 -2.6992e-01 -1.2265e+00 +6.0084e-02 -3.6890e+00 +9.1959e-01 +7.8652e-01
1828 0 +2.302278165e+00 +4.308227817e+01 +4.308227817e+01 +3.2233e+00 +2.1381e+00 -1.5011e-01 +2.1081e+00 -1.9896e-01 -1.3845e+00 -3.1392e-03 -3.7075e+00 +1.1244e+00 +7.6225e-01
1846 0 +2.300827982e+00 +4.308082798e+01 +4.308082798e+01 +3.4487e+00 +2.1335e+00 -4.0642e-01 +2.0847e+00 +3.4472e-02 -1.4257e+00 -9.4063e-02 -3.9328e+00 +1.0003e+00 +7.5885e-01
1893 0 +2.286376212e+00 +4.306637621e+01 +4.306637621e+01 +3.2927e+00 +2.1885e+00 -2.0383e-01 +2.1779e+00 -1.4628e-01 -1.5112e+00 +8.7622e-03 -3.7194e+00 +1.0911e+00 +7.0340e-01
1914 0 +2.273543731e+00 +4.305354373e+01 +4.305354373e+01 +3.2290e+00 +2.1750e+00 -1.6796e-01 +2.1022e+00 -2.1662e-01 -1.3372e+00 +5.6181e-02 -3.6646e+00 +9.2621e-01 +7.3382e-01
1956 0 +2.270485151e+00 +4.305048515e+01 +4.305048515e+01 +3.4019e+00 +2.1014e+00 -2.3140e-01 +2.0004e+00 -1.3332e-01 -1.5256e+00 +1.5181e-02 -3.7692e+00 +1.0509e+00 +8.3666e-01
2049 0 +2.263003280e+00 +4.304300328e+01 +4.304300328e+01 +3.2865e+00 +2.1745e+00 -2.0454e-01 +2.1232e+00 -1.9362e-01 -1.4099e+00 +3.0062e-02 -3.7216e+00 +9.6226e-01 +7.1966e-01
2320 0 +2.262014495e+00 +4.304201449e+01 +4.304201449e+01 +3.4376e+00 +2.0758e+00 -1.5491e-01 +2.0530e+00 -1.0181e-01 -1.4840e+00 -2.1094e-03 -3.7304e+00 +1.1298e+00 +7.4224e-01
2333 0 +2.261061361e+00 +4.304106136e+01 +4.304106136e+01 +3.3269e+00 +2.1838e+00 -1.9101e-01 +2.0964e+00 -1.6500e-01 -1.4421e+00 +4.3575e-02 -3.7863e+00 +9.8349e-01 +7.1622e-01
2364 0 +2.258713906e+00 +4.303871391e+01 +4.303871391e+01 +3.3884e+00 +2.1395e+00 -2.0353e-01 +2.0829e+00 -8.5872e-02 -1.4787e+00 -8.5041e-03 -3.8134e+00 +1.1074e+00 +7.2678e-01
2419 0 +2.257577097e+00 +4.303757710e+01 +4.303757710e+01 +3.3426e+00 +2.1496e+00 -1.6292e-01 +2.0895e+00 -1.5110e-01 -1.4399e+00 +4.8336e-03 -3.7288e+00 +1.0821e+00 +7.6021e-01
2460 0 +2.257462105e+00 +4.303746211e+01 +4.303746211e+01 +3.3557e+00 +2.1568e+00 -1.9857e-01 +2.1043e+00 -1.0937e-01 -1.4792e+00 +3.0490e-03 -3.8125e+00 +1.0644e+00 +6.3360e-01
% f evaluations | g evaluations | best noise-free fitness - Fopt (-1.600000000000e+00) + sum g_i+ | measured fitness | best measured fitness or single-digit g-values | x1 | x2...
1 0 +7.245595792e+01 +7.085595792e+01 +7.085595792e+01 +5.9671e-01 -3.8264e-02 +7.4769e-01 +1.6230e+00 -1.3415e-01 -1.3414e-01 +1.6792e+00 +8.6743e-01 -3.6947e-01 +6.4256e-01
3 0 +4.494042669e+01 +4.334042669e+01 +4.334042669e+01 +1.5656e+00 -1.2578e-01 +1.6753e-01 -1.3247e+00 -4.4438e-01 +2.1092e-01 -1.0510e+00 +4.7570e-01 -5.0064e-01 -1.9169e-01
57 0 +4.473705191e+01 +4.313705191e+01 +4.313705191e+01 +2.5446e+00 -1.3894e+00 -1.1862e-01 +1.2129e-01 +1.9521e-01 +3.2886e-01 -8.3379e-01 -1.2140e+00 +9.9930e-01 +1.2911e+00
114 0 +2.623434330e+01 +2.463434330e+01 +2.463434330e+01 +1.4833e+00 -9.2887e-01 +6.7480e-01 -1.1919e+00 -1.2967e+00 +1.0321e+00 -1.0378e-01 -1.7512e+00 +5.7701e-04 +2.0069e+00
170 0 +2.384240559e+01 +2.224240559e+01 +2.224240559e+01 +7.2285e-01 -7.0757e-01 +1.3342e+00 -2.1951e+00 -1.0026e+00 +1.2558e+00 +7.7290e-02 -1.9110e-01 -5.0847e-01 +2.6366e+00
254 0 +1.869810272e+01 +1.709810272e+01 +1.709810272e+01 +1.5527e+00 +2.7054e-01 +2.7654e-01 -2.1159e+00 -1.4519e+00 +1.2270e+00 -3.9927e-01 -1.7149e+00 +1.8286e+00 +2.3033e+00
317 0 +1.862044032e+01 +1.702044032e+01 +1.702044032e+01 +1.7011e+00 -7.0917e-01 -9.8320e-01 -4.4179e-01 -2.5523e+00 +2.8392e+00 -3.7232e-01 -2.3037e+00 -2.8961e-01 +2.4406e+00
355 0 +1.756585384e+01 +1.596585384e+01 +1.596585384e+01 +2.3471e+00 -9.4318e-01 +2.7792e-01 -8.9554e-01 -1.1545e+00 +7.8816e-01 -1.3578e+00 +5.4101e-01 +5.8426e-01 +1.9818e+00
358 0 +1.451133534e+01 +1.291133534e+01 +1.291133534e+01 +1.7354e+00 -9.7110e-01 +6.7426e-01 -2.1127e+00 -9.9376e-01 +9.1095e-01 -5.6626e-01 -2.2822e-01 +2.2380e-01 +2.1280e+00
417 0 +1.373257326e+01 +1.213257326e+01 +1.213257326e+01 +8.1806e-01 +4.3652e-02 +1.6355e+00 -1.5004e+00 -1.5039e+00 +2.4162e+00 -5.8135e-01 -1.8189e+00 +1.6162e+00 +3.5109e+00
424 0 +8.335566684e+00 +6.735566684e+00 +6.735566684e+00 +1.0612e+00 -6.1574e-01 +7.6843e-01 -1.4358e+00 -6.3600e-01 +1.2294e+00 -1.2747e+00 -7.6044e-01 +2.1434e-01 +2.5535e+00
478 0 +8.088418249e+00 +6.488418249e+00 +6.488418249e+00 +7.7935e-01 -5.6339e-01 +5.1564e-01 -1.4254e+00 -1.9643e+00 +1.4102e+00 -1.0289e+00 -7.3407e-01 +2.5241e-01 +3.0467e+00
632 0 +7.195057054e+00 +5.595057054e+00 +5.595057054e+00 +1.0731e+00 +3.2574e-01 +1.3444e+00 -1.5787e+00 -1.5031e+00 +1.0753e+00 -9.7242e-01 -1.5092e+00 +3.4791e-01 +3.2991e+00
793 0 +6.668542297e+00 +5.068542297e+00 +5.068542297e+00 +1.3030e+00 +9.2621e-02 +9.2296e-01 -1.5434e+00 -2.3676e+00 +2.2683e+00 -2.1862e-01 -1.8046e+00 -3.3168e-01 +2.6739e+00
823 0 +6.638979039e+00 +5.038979039e+00 +5.038979039e+00 +1.1061e+00 +5.5124e-01 +1.9532e+00 -1.7168e+00 -2.3880e+00 +2.1588e+00 -3.5524e-01 -1.6175e+00 -1.0718e+00 +3.7308e+00
829 0 +6.248023786e+00 +4.648023786e+00 +4.648023786e+00 +8.2707e-01 -2.0878e-01 +8.7527e-01 -1.9892e+00 -2.2709e+00 +1.8955e+00 -9.7322e-01 -1.4096e+00 -6.1709e-01 +2.8333e+00
868 0 +5.917461992e+00 +4.317461992e+00 +4.317461992e+00 +9.7888e-01 +2.2265e-01 +9.0296e-01 -2.4641e+00 -2.5947e+00 +1.9518e+00 -5.3108e-01 -2.0832e+00 -1.0366e+00 +2.5432e+00
873 0 +5.751261670e+00 +4.151261670e+00 +4.151261670e+00 +8.6659e-01 -2.7539e-01 +1.4104e+00 -1.8894e+00 -2.3144e+00 +1.6686e+00 -6.6156e-01 -1.3170e+00 -9.0921e-01 +3.2758e+00
926 0 +4.812554787e+00 +3.212554787e+00 +3.212554787e+00 +1.1482e+00 +8.5185e-01 +1.7695e+00 -1.9644e+00 -2.3471e+00 +1.5199e+00 -3.3044e-01 -1.4452e+00 -6.8985e-01 +3.0664e+00
968 0 +4.081377570e+00 +2.481377570e+00 +2.481377570e+00 +1.0566e+00 +1.9967e-01 +1.1892e+00 -1.9431e+00 -2.2602e+00 +1.5246e+00 -5.5736e-01 -1.3846e+00 -9.2657e-01 +2.8043e+00
1168 0 +4.024169554e+00 +2.424169554e+00 +2.424169554e+00 +1.1505e+00 +4.9201e-01 +1.4872e+00 -2.0615e+00 -2.1073e+00 +1.6258e+00 -4.7788e-01 -1.4658e+00 -1.1293e+00 +2.7109e+00
1222 0 +4.022848676e+00 +2.422848676e+00 +2.422848676e+00 +1.2389e+00 +8.3905e-01 +1.9344e+00 -2.2640e+00 -2.3635e+00 +1.4633e+00 -3.0326e-01 -1.3571e+00 -9.5845e-01 +2.6592e+00
1247 0 +3.922808724e+00 +2.322808724e+00 +2.322808724e+00 +9.1253e-01 +5.2798e-01 +1.5379e+00 -2.2172e+00 -2.4852e+00 +1.8195e+00 -3.8571e-01 -1.6664e+00 -1.0892e+00 +2.9269e+00
1346 0 +3.901463761e+00 +2.301463761e+00 +2.301463761e+00 +1.2367e+00 +8.0104e-01 +1.6050e+00 -2.0036e+00 -2.3950e+00 +1.6731e+00 -2.6913e-01 -1.5530e+00 -1.0036e+00 +2.7152e+00
1374 0 +3.854864335e+00 +2.254864335e+00 +2.254864335e+00 +1.3912e+00 +7.1928e-01 +1.5875e+00 -1.9998e+00 -2.5081e+00 +1.7883e+00 -2.8301e-01 -1.5353e+00 -8.2237e-01 +2.5707e+00
1429 0 +3.670070739e+00 +2.070070739e+00 +2.070070739e+00 +1.4555e+00 +9.3260e-01 +1.8267e+00 -2.1845e+00 -2.5199e+00 +1.7649e+00 -1.8405e-01 -1.5921e+00 -8.3824e-01 +2.5479e+00
2001 0 +3.670031173e+00 +2.070031173e+00 +2.070031173e+00 +1.3740e+00 +8.9396e-01 +1.8536e+00 -2.1983e+00 -2.4085e+00 +1.7367e+00 -2.4123e-01 -1.5431e+00 -8.7136e-01 +2.6313e+00
2040 0 +3.668168607e+00 +2.068168607e+00 +2.068168607e+00 +1.3773e+00 +8.4744e-01 +1.7828e+00 -2.1634e+00 -2.2916e+00 +1.7362e+00 -2.5806e-01 -1.6216e+00 -7.0723e-01 +2.6329e+00
2066 0 +3.665937582e+00 +2.065937582e+00 +2.065937582e+00 +1.3264e+00 +7.9704e-01 +1.7173e+00 -2.1595e+00 -2.3826e+00 +1.7401e+00 -2.4284e-01 -1.5891e+00 -7.3244e-01 +2.6571e+00
2068 0 +3.646457221e+00 +2.046457221e+00 +2.046457221e+00 +1.3672e+00 +8.3751e-01 +1.7492e+00 -2.1599e+00 -2.3701e+00 +1.7026e+00 -2.5281e-01 -1.6041e+00 -7.4552e-01 +2.6122e+00
2260 0 +3.646050501e+00 +2.046050501e+00 +2.046050501e+00 +1.3743e+00 +8.9841e-01 +1.8395e+00 -2.1920e+00 -2.4388e+00 +1.7636e+00 -2.0447e-01 -1.6542e+00 -7.6859e-01 +2.6436e+00
2317 0 +3.644525957e+00 +2.044525957e+00 +2.044525957e+00 +1.3523e+00 +8.1033e-01 +1.7189e+00 -2.1466e+00 -2.3873e+00 +1.7188e+00 -2.6073e-01 -1.5906e+00 -7.9253e-01 +2.6105e+00
2452 0 +3.643220504e+00 +2.043220504e+00 +2.043220504e+00 +1.3243e+00 +8.3058e-01 +1.7595e+00 -2.1919e+00 -2.4377e+00 +1.7473e+00 -2.5273e-01 -1.6170e+00 -8.6379e-01 +2.6482e+00
2466 0 +3.643120143e+00 +2.043120143e+00 +2.043120143e+00 +1.3142e+00 +8.2129e-01 +1.7487e+00 -2.1885e+00 -2.4695e+00 +1.7269e+00 -2.5436e-01 -1.6004e+00 -8.5338e-01 +2.6381e+00
2468 0 +3.641022753e+00 +2.041022753e+00 +2.041022753e+00 +1.3585e+00 +8.6343e-01 +1.7874e+00 -2.1703e+00 -2.4657e+00 +1.7621e+00 -2.1361e-01 -1.6258e+00 -8.2864e-01 +2.6291e+00
% f evaluations | g evaluations | best noise-free fitness - Fopt (-3.708400000000e+02) + sum g_i+ | measured fitness | best measured fitness or single-digit g-values | x1 | x2...
1 0 +7.187062140e+01 -2.989693786e+02 -2.989693786e+02 +5.9671e-01 -3.8264e-02 +7.4769e-01 +1.6230e+00 -1.3415e-01 -1.3414e-01 +1.6792e+00 +8.6743e-01 -3.6947e-01 +6.4256e-01
3 0 +6.162706341e+01 -3.092129366e+02 -3.092129366e+02 +1.5656e+00 -1.2578e-01 +1.6753e-01 -1.3247e+00 -4.4438e-01 +2.1092e-01 -1.0510e+00 +4.7570e-01 -5.0064e-01 -1.9169e-01
6 0 +5.781730356e+01 -3.130226964e+02 -3.130226964e+02 +4.2408e-01 -2.8508e-01 -5.7692e-01 +7.1168e-01 +1.1310e+00 +1.0313e+00 -7.3922e-01 -2.0921e-01 +4.3126e-01 +1.0755e+00
19 0 +5.600249408e+01 -3.148375059e+02 -3.148375059e+02 +7.2567e-01 -7.5716e-01 -9.7089e-01 +5.8247e-01 -1.2346e-01 +8.1400e-01 +5.7324e-01 +2.7171e-02 -7.4679e-01 -1.4148e+00
40 0 +4.504339845e+01 -3.257966016e+02 -3.257966016e+02 -7.9841e-01 +5.9192e-01 -1.2202e+00 +1.9315e+00 +1.2794e+00 -3.6918e-01 -1.6131e+00 +1.4539e+00 -1.4540e-02 +1.3378e+00
47 0 +3.918522257e+01 -3.316547774e+02 -3.316547774e+02 +2.0647e+00 +1.3526e-01 -5.9973e-01 +3.1398e-01 -1.2328e-02 -1.2097e-01 +7.1417e-01 +8.5751e-01 -4.3050e-01 -4.7582e-01
51 0 +2.759656473e+01 -3.432434353e+02 -3.432434353e+02 +3.4168e-01 +7.8335e-01 -1.8325e+00 +2.0358e+00 +1.7585e+00 -3.1869e-01 +8.4380e-02 +1.5737e-01 -1.5900e+00 +8.1086e-01
90 0 +2.294996891e+01 -3.478900311e+02 -3.478900311e+02 +7.3547e-01 -1.0758e+00 -2.1398e+00 +1.8996e+00 +7.8681e-02 -5.4549e-01 -1.0567e-01 +1.8350e+00 -9.2099e-01 -2.3400e-01
91 0 +2.174679427e+01 -3.490932057e+02 -3.490932057e+02 +2.6325e+00 -6.6011e-02 -1.8044e+00 -2.1602e-01 -5.3390e-01 -4.7980e-01 -1.2967e+00 +7.7859e-01 -6.4868e-01 +3.7522e-01
117 0 +2.018140499e+01 -3.506585950e+02 -3.506585950e+02 +2.0563e+00 -1.0618e+00 -8.5759e-01 +2.0065e+00 +1.2559e+00 -6.9207e-01 -3.8588e-01 +4.3664e-01 -1.0882e+00 -3.8591e-01
130 0 +1.444306414e+01 -3.563969359e+02 -3.563969359e+02 +3.1107e+00 -1.6743e+00 -9.0480e-01 +5.9783e-01 +8.4075e-01 -5.4551e-01 -1.8537e+00 +2.7917e+00 -8.5350e-01 +4.9308e-01
317 0 +1.166215393e+01 -3.591778461e+02 -3.591778461e+02 +4.2565e+00 +4.0221e-01 +1.0989e+00 +6.8521e-01 -2.2878e-01 +4.0709e-01 -1.1242e+00 +2.8812e+00 -2.0467e+00 -6.4294e-01
335 0 +9.148553668e+00 -3.616914463e+02 -3.616914463e+02 +3.3679e+00 -1.1615e+00 -2.1508e+00 +2.6872e+00 -6.3354e-01 -1.0861e+00 -2.6307e+00 +1.8354e+00 -2.8624e+00 -7.8377e-01
362 0 +7.570005954e+00 -3.632699940e+02 -3.632699940e+02 +3.2214e+00 -2.5732e-01 -9.9589e-01 +3.1469e+00 +6.3049e-01 +2.8527e+00 -2.0747e+00 +1.8273e+00 -4.2496e+00 -1.2458e+00
418 0 +7.017856349e+00 -3.638221437e+02 -3.638221437e+02 +4.9209e+00 -6.3270e-01 -2.4085e-01 +1.3501e+00 -4.0439e-01 +4.9060e-01 -1.6974e+00 +2.1406e+00 -3.6960e+00 +2.7045e-01
446 0 +6.154227477e+00 -3.646857725e+02 -3.646857725e+02 +3.4047e+00 -1.2901e+00 -1.3212e+00 +1.9031e+00 +2.0906e-01 +1.4853e+00 -4.9906e-01 +1.0762e+00 -1.9694e+00 -7.0288e-01
502 0 +5.389411426e+00 -3.654505886e+02 -3.654505886e+02 +3.6509e+00 -2.2967e+00 -2.4109e+00 +1.7659e+00 +1.5453e-01 +1.6469e+00 +4.2611e-01 +1.1274e+00 -2.5538e+00 -4.7794e-01
519 0 +4.772796071e+00 -3.660672039e+02 -3.660672039e+02 +2.2410e+00 +1.5350e-01 -3.1631e+00 +1.9926e+00 +5.4449e-01 +1.6040e+00 -1.9053e-01 +2.1039e+00 -2.4126e+00 -8.4428e-02
649 0 +2.401427496e+00 -3.684385725e+02 -3.684385725e+02 +2.6438e+00 -7.5013e-01 -1.6206e+00 +2.8676e+00 +6.9037e-01 +1.0372e+00 -1.2791e+00 +2.6014e+00 -3.4079e+00 -1.0135e+00
713 0 +2.093972123e+00 -3.687460279e+02 -3.687460279e+02 +3.4223e+00 -6.3393e-01 -4.3044e-01 +1.5975e+00 +1.1320e+00 +6.2545e-01 -1.4326e+00 +1.6626e+00 -2.9377e+00 +8.9142e-01
718 0 +2.066883765e-01 -3.706333116e+02 -3.706333116e+02 +3.7835e+00 -5.2475e-01 -1.0298e+00 +1.7419e+00 +1.9065e-01 -1.3815e-01 -1.8582e+00 +2.1017e+00 -3.2951e+00 -6.0406e-01
810 0 +1.801472418e-01 -3.706598528e+02 -3.706598528e+02 +3.5510e+00 -1.3705e+00 -2.1896e+00 +1.6676e+00 -7.8721e-02 +5.5804e-01 -8.2021e-01 +2.1578e+00 -3.0545e+00 -9.0930e-01
866 0 +1.655354063e-01 -3.706744646e+02 -3.706744646e+02 +2.9733e+00 -1.4855e+00 -2.3788e+00 +1.6668e+00 +5.5129e-01 +8.6702e-02 -9.1963e-01 +1.9423e+00 -2.7294e+00 -2.2480e-01
932 0 +1.569416504e-01 -3.706830583e+02 -3.706830583e+02 +2.8416e+00 -9.5046e-01 -2.1024e+00 +2.2110e+00 +5.9549e-01 +5.8840e-01 -1.0383e+00 +1.4036e+00 -3.5433e+00 -1.4165e-01
1012 0 +1.096885027e-01 -3.707303115e+02 -3.707303115e+02 +3.1943e+00 -1.3199e+00 -2.3233e+00 +2.3907e+00 +5.7651e-01 +2.6716e-01 -1.2504e+00 +1.4495e+00 -3.4197e+00 -8.5548e-01
1014 0 +9.530822145e-02 -3.707446918e+02 -3.707446918e+02 +3.2095e+00 -1.1583e+00 -2.0799e+00 +1.8434e+00 +6.7745e-01 +4.0398e-01 -1.3002e+00 +1.7855e+00 -3.2110e+00 -5.8541e-02
1024 0 +8.678389077e-02 -3.707532161e+02 -3.707532161e+02 +3.6384e+00 -1.4522e+00 -1.8746e+00 +1.8268e+00 +3.5181e-01 +2.6873e-01 -1.4321e+00 +1.6927e+00 -3.0804e+00 -6.1726e-01
1060 0 +8.064485259e-02 -3.707593551e+02 -3.707593551e+02 +3.3830e+00 -1.2350e+00 -1.6682e+00 +1.9645e+00 +2.8642e-01 +2.0695e-01 -7.5543e-01 +1.3634e+00 -2.9759e+00 -4.4480e-01
1061 0 +7.143329115e-02 -3.707685667e+02 -3.707685667e+02 +3.7346e+00 -1.2775e+00 -1.7266e+00 +1.7963e+00 +2.2776e-01 +2.5405e-01 -9.4712e-01 +1.7014e+00 -3.2591e+00 -9.3058e-01
1122 0 +5.598707696e-02 -3.707840129e+02 -3.707840129e+02 +3.2001e+00 -9.3385e-01 -2.1532e+00 +1.8779e+00 +4.4984e-01 +1.2610e-01 -1.1148e+00 +1.4635e+00 -3.1389e+00 -3.2050e-01
1166 0 +3.591748364e-02 -3.708040825e+02 -3.708040825e+02 +3.2904e+00 -1.0066e+00 -1.7162e+00 +2.0103e+00 +7.9711e-01 +5.1704e-01 -1.0365e+00 +1.7091e+00 -3.2005e+00 -1.9645e-01
1170 0 +3.289978576e-02 -3.708071002e+02 -3.708071002e+02 +3.2544e+00 -9.8239e-01 -1.6518e+00 +1.8024e+00 +6.1332e-01 +6.6607e-01 -1.2594e+00 +1.7239e+00 -3.4942e+00 -5.1514e-01
1171 0 +3.592334028e-03 -3.708364077e+02 -3.708364077e+02 +3.2418e+00 -1.0188e+00 -1.8165e+00 +1.8344e+00 +3.3702e-01 +4.6151e-01 -1.0611e+00 +1.4913e+00 -3.0912e+00 -5.1225e-01
1334 0 +3.445665538e-03 -3.708365543e+02 -3.708365543e+02 +3.2332e+00 -7.1072e-01 -1.5424e+00 +1.6993e+00 +3.6543e-01 +6.4054e-01 -1.1663e+00 +1.6980e+00 -3.0202e+00 -4.3120e-01
1587 0 +1.715661820e-03 -3.708382843e+02 -3.708382843e+02 +3.2789e+00 -7.5408e-01 -1.5157e+00 +1.7394e+00 +4.1931e-01 +6.2391e-01 -1.2715e+00 +1.7819e+00 -2.9995e+00 -2.9862e-01
1635 0 +1.303119138e-03 -3.708386969e+02 -3.708386969e+02 +3.1298e+00 -7.4745e-01 -1.3367e+00 +1.7581e+00 +5.6522e-01 +7.7435e-01 -1.2439e+00 +1.7702e+00 -3.0039e+00 -3.6312e-01
1640 0 +3.193434146e-04 -3.708396807e+02 -3.708396807e+02 +3.0830e+00 -8.5070e-01 -1.8024e+00 +2.0168e+00 +5.5733e-01 +8.4446e-01 -1.1305e+00 +1.6865e+00 -3.1708e+00 -4.4831e-01
1836 0 +1.421622457e-04 -3.708398578e+02 -3.708398578e+02 +3.1379e+00 -8.3686e-01 -1.6916e+00 +1.8778e+00 +5.5674e-01 +8.2983e-01 -1.2370e+00 +1.7144e+00 -3.1887e+00 -4.4358e-01
1857 0 +1.129858871e-04 -3.708398870e+02 -3.708398870e+02 +3.1501e+00 -9.4215e-01 -1.6585e+00 +1.9840e+00 +5.8265e-01 +7.0216e-01 -1.1842e+00 +1.6947e+00 -3.1721e+00 -4.5952e-01
1951 0 +2.768373417e-05 -3.708399723e+02 -3.708399723e+02 +3.1603e+00 -7.5812e-01 -1.5058e+00 +1.8918e+00 +6.1995e-01 +8.2411e-01 -1.2433e+00 +1.7709e+00 -3.1115e+00 -4.2536e-01
2026 0 +9.848901868e-06 -3.708399902e+02 -3.708399902e+02 +3.1136e+00 -8.5765e-01 -1.6296e+00 +1.9159e+00 +5.8148e-01 +8.0877e-01 -1.1665e+00 +1.7354e+00 -3.1421e+00 -4.5407e-01
2294 0 +4.429586568e-06 -3.708399956e+02 -3.708399956e+02 +3.0817e+00 -8.1587e-01 -1.5768e+00 +1.9757e+00 +6.2693e-01 +7.9777e-01 -1.2471e+00 +1.6882e+00 -3.1524e+00 -4.5459e-01
2309 0 +4.211486839e-06 -3.708399958e+02 -3.708399958e+02 +3.1030e+00 -8.1847e-01 -1.5871e+00 +1.9518e+00 +6.2648e-01 +8.9479e-01 -1.2358e+00 +1.7492e+00 -3.1510e+00 -4.6803e-01
2357 0 +2.297626224e-06 -3.708399977e+02 -3.708399977e+02 +3.0958e+00 -8.1793e-01 -1.6049e+00 +1.9517e+00 +6.2302e-01 +8.5753e-01 -1.2447e+00 +1.7285e+00 -3.1633e+00 -4.9104e-01
2386 0 +1.300277177e-06 -3.708399987e+02 -3.708399987e+02 +3.1159e+00 -8.1196e-01 -1.5625e+00 +1.9270e+00 +5.8598e-01 +8.0142e-01 -1.2299e+00 +1.7238e+00 -3.1234e+00 -4.5678e-01
% f evaluations | g evaluations | best noise-free fitness - Fopt (-3.256000000000e+01) + sum g_i+ | measured fitness | best measured fitness or single-digit g-values | x1 | x2...
1 0 +7.133001884e+01 +3.877001884e+01 +3.877001884e+01 +5.9671e-01 -3.8264e-02 +7.4769e-01 +1.6230e+00 -1.3415e-01 -1.3414e-01 +1.6792e+00 +8.6743e-01 -3.6947e-01 +6.4256e-01
8 0 +6.761497944e+01 +3.505497944e+01 +3.505497944e+01 +4.6140e-01 +1.6380e+00 +6.4174e-02 +1.6646e+00 -2.5197e+00 +9.2190e-01 +1.8705e-01 -1.9901e-01 +1.9176e-01 -1.8876e+00
62 0 +6.299729215e+01 +3.043729215e+01 +3.043729215e+01 +3.9588e-01 +4.4218e-01 -1.0997e-01 +5.5228e-01 +7.4014e-02 +1.6068e+00 +1.1112e+00 +1.5862e+00 +8.8571e-02 +4.3237e-01
91 0 +5.811918636e+01 +2.555918636e+01 +2.555918636e+01 +8.1986e-01 +9.8032e-01 +4.8053e-01 +2.6511e+00 -5.0149e-01 -1.3803e+00 +8.3756e-01 +3.9022e-01 +8.3564e-01 -1.7639e+00
117 0 +5.647543108e+01 +2.391543108e+01 +2.391543108e+01 +9.5260e-01 +1.2824e+00 +5.1776e-01 +2.3368e+00 -2.0061e-01 +2.7638e+00 -3.7102e-02 +2.8847e-01 +1.3068e+00 +8.2371e-01
154 0 +5.376231005e+01 +2.120231005e+01 +2.120231005e+01 +1.5143e+00 +2.4972e-01 -4.7746e-01 +2.6086e+00 +1.8430e+00 +2.7051e+00 +8.6026e-01 +3.3031e+00 +8.6462e-01 -5.1053e-02
166 0 +4.679217089e+01 +1.423217089e+01 +1.423217089e+01 +2.1198e+00 -8.8919e-02 +7.1638e-01 +2.6787e+00 -8.3415e-02 +1.9504e+00 +2.2407e+00 +2.0410e+00 -8.8943e-01 -1.3307e+00
197 0 +3.831656885e+01 +5.756568850e+00 +5.756568850e+00 +2.0771e+00 -9.2731e-01 +2.2144e-01 +1.0882e+00 -4.1355e-01 +1.4810e+00 -2.5435e-01 +2.4231e+00 -5.5235e-01 -2.8344e-01
210 0 +2.781300815e+01 -4.746991848e+00 -4.746991848e+00 +3.4417e+00 -9.3400e-01 -9.7645e-01 +2.1693e-01 +6.6303e-01 +8.7615e-01 +2.0214e+00 +3.2042e+00 -2.8096e+00 -1.5698e-02
228 0 +2.767163654e+01 -4.888363456e+00 -4.888363456e+00 +4.0856e+00 -9.0429e-01 -3.8548e-01 +3.1173e+00 +1.1378e+00 +4.1407e+00 -4.0704e-01 +4.3488e+00 -5.4418e-01 +1.1249e+00
274 0 +2.338933138e+01 -9.170668619e+00 -9.170668619e+00 +3.8505e+00 -2.6807e+00 -4.1262e-01 +8.0802e-01 +2.8443e+00 +1.6659e+00 -1.2016e-01 +2.5706e+00 -3.1530e+00 +9.8581e-02
401 0 +1.823924755e+01 -1.432075245e+01 -1.432075245e+01 +4.6090e+00 -4.5082e-01 +5.8248e-01 +2.0955e+00 +9.7447e-01 +3.2219e+00 +5.1577e-01 +2.7203e+00 -3.1709e+00 +2.4208e+00
536 0 +8.293129031e+00 -2.426687097e+01 -2.426687097e+01 +3.1914e+00 -2.9694e+00 -3.5521e-02 +2.3270e+00 -1.2266e-02 +2.2497e+00 +2.6426e-01 +4.5174e+00 -2.3143e+00 +4.3983e-01
606 0 +5.517199892e+00 -2.704280011e+01 -2.704280011e+01 +3.9149e+00 -9.1811e-01 +5.2045e-01 +2.2170e+00 +9.6665e-01 +2.1147e+00 +1.4752e-01 +3.2708e+00 -2.8526e+00 +9.4247e-01
751 0 +5.074435051e+00 -2.748556495e+01 -2.748556495e+01 +3.9335e+00 -6.3760e-01 +4.8491e-01 +4.0611e+00 +3.8879e-01 +2.6732e+00 +1.6190e+00 +3.9097e+00 -2.6230e+00 +6.0481e-01
801 0 +4.205107675e+00 -2.835489232e+01 -2.835489232e+01 +3.3055e+00 -2.6281e+00 -3.8763e-01 +3.1628e+00 +5.4068e-01 +3.1699e+00 +1.7596e+00 +3.5084e+00 -2.4891e+00 +1.4349e+00
856 0 +2.260791571e+00 -3.029920843e+01 -3.029920843e+01 +3.4038e+00 -1.9246e+00 -9.0055e-01 +3.2310e+00 +7.5566e-01 +3.0855e+00 +1.6114e+00 +3.2601e+00 -2.5992e+00 +8.7648e-01
865 0 +2.004908997e+00 -3.055509100e+01 -3.055509100e+01 +3.7401e+00 -1.3243e+00 +3.1950e-01 +2.9984e+00 +4.4292e-01 +3.0869e+00 +1.4893e+00 +3.9604e+00 -2.1722e+00 +5.9518e-01
894 0 +1.990854343e+00 -3.056914566e+01 -3.056914566e+01 +3.3715e+00 -1.9391e+00 +1.9177e-01 +2.6750e+00 +5.7926e-01 +2.9417e+00 +1.0677e+00 +2.6795e+00 -2.7536e+00 +2.1626e-01
926 0 +1.186706230e+00 -3.137329377e+01 -3.137329377e+01 +3.5625e+00 -1.7605e+00 +3.4289e-01 +2.9346e+00 +5.0069e-01 +2.3782e+00 +1.3598e+00 +3.3633e+00 -2.8320e+00 +6.7619e-01
1089 0 +9.696159311e-01 -3.159038407e+01 -3.159038407e+01 +3.4312e+00 -1.7489e+00 -1.3711e-01 +3.0392e+00 +7.0602e-01 +2.8532e+00 +1.4961e+00 +3.4449e+00 -2.6849e+00 +6.6239e-01
1226 0 +9.268534891e-01 -3.163314651e+01 -3.163314651e+01 +3.2402e+00 -1.8194e+00 +1.5317e-01 +3.0854e+00 +9.4199e-01 +2.8129e+00 +1.5510e+00 +3.5632e+00 -2.5007e+00 +4.9525e-01
1458 0 +9.050011149e-01 -3.165499889e+01 -3.165499889e+01 +3.3136e+00 -1.7535e+00 +1.5187e-01 +2.7045e+00 +9.4533e-01 +2.7159e+00 +1.3320e+00 +3.5355e+00 -2.8718e+00 +3.7654e-01
1471 0 +8.771017858e-01 -3.168289821e+01 -3.168289821e+01 +3.5811e+00 -1.7645e+00 +2.9111e-01 +2.8252e+00 +5.1610e-01 +2.6897e+00 +1.2501e+00 +3.4038e+00 -2.6179e+00 +6.6325e-01
1475 0 +7.851753138e-01 -3.177482469e+01 -3.177482469e+01 +3.3115e+00 -1.6126e+00 +1.4826e-01 +2.8733e+00 +5.7342e-01 +2.8541e+00 +1.3270e+00 +3.4912e+00 -2.5005e+00 +4.8514e-01
1625 0 +7.526146818e-01 -3.180738532e+01 -3.180738532e+01 +3.4111e+00 -1.7574e+00 +2.5717e-01 +2.9463e+00 +8.3547e-01 +2.5503e+00 +1.3460e+00 +3.4252e+00 -2.5947e+00 +5.8214e-01
1685 0 +7.494072565e-01 -3.181059274e+01 -3.181059274e+01 +3.3531e+00 -1.7086e+00 +2.7446e-01 +3.0133e+00 +7.6278e-01 +2.8195e+00 +1.3490e+00 +3.2686e+00 -2.6647e+00 +5.0811e-01
1711 0 +7.404425353e-01 -3.181955746e+01 -3.181955746e+01 +3.3185e+00 -1.7763e+00 +3.3932e-01 +3.0050e+00 +6.9487e-01 +2.7075e+00 +1.3722e+00 +3.4032e+00 -2.5736e+00 +4.9003e-01
1816 0 +7.387269977e-01 -3.182127300e+01 -3.182127300e+01 +3.4006e+00 -1.6939e+00 +2.1835e-01 +2.9541e+00 +8.1402e-01 +2.7039e+00 +1.2633e+00 +3.3390e+00 -2.7563e+00 +4.9690e-01
1817 0 +7.369187701e-01 -3.182308123e+01 -3.182308123e+01 +3.4040e+00 -1.6964e+00 +1.5342e-01 +2.8734e+00 +7.1523e-01 +2.6062e+00 +1.2739e+00 +3.3378e+00 -2.6014e+00 +4.7526e-01
1818 0 +7.328369573e-01 -3.182716304e+01 -3.182716304e+01 +3.4011e+00 -1.8846e+00 +1.6214e-01 +2.9708e+00 +8.3074e-01 +2.7448e+00 +1.3335e+00 +3.3895e+00 -2.5833e+00 +5.1316e-01
1835 0 +7.190539890e-01 -3.184094601e+01 -3.184094601e+01 +3.4372e+00 -1.6901e+00 +6.7588e-02 +2.8426e+00 +7.3061e-01 +2.7313e+00 +1.2619e+00 +3.4082e+00 -2.5846e+00 +5.2366e-01
1838 0 +7.181158469e-01 -3.184188415e+01 -3.184188415e+01 +3.3319e+00 -1.7377e+00 +1.3048e-01 +2.9436e+00 +8.0921e-01 +2.7182e+00 +1.3552e+00 +3.5216e+00 -2.6789e+00 +4.8347e-01
1948 0 +7.113645487e-01 -3.184863545e+01 -3.184863545e+01 +3.3819e+00 -1.6904e+00 +1.6968e-01 +2.9870e+00 +6.7374e-01 +2.6807e+00 +1.3564e+00 +3.4568e+00 -2.6368e+00 +5.7163e-01
1985 0 +7.040684291e-01 -3.185593157e+01 -3.185593157e+01 +3.3565e+00 -1.7120e+00 +1.5310e-01 +2.9020e+00 +6.9774e-01 +2.7047e+00 +1.2708e+00 +3.3980e+00 -2.5757e+00 +5.4846e-01
2068 0 +6.959507898e-01 -3.186404921e+01 -3.186404921e+01 +3.3726e+00 -1.7324e+00 +1.7241e-01 +2.9429e+00 +7.5525e-01 +2.7158e+00 +1.2886e+00 +3.4384e+00 -2.6425e+00 +4.9594e-01
2170 0 +6.956948442e-01 -3.186430516e+01 -3.186430516e+01 +3.3975e+00 -1.7367e+00 +2.0427e-01 +2.8828e+00 +7.4095e-01 +2.7185e+00 +1.3294e+00 +3.4147e+00 -2.6374e+00 +5.1840e-01
2172 0 +6.953984628e-01 -3.186460154e+01 -3.186460154e+01 +3.3618e+00 -1.7429e+00 +1.6154e-01 +2.8844e+00 +7.3492e-01 +2.7302e+00 +1.3382e+00 +3.4260e+00 -2.6306e+00 +5.1191e-01
2292 0 +6.941893337e-01 -3.186581067e+01 -3.186581067e+01 +3.3973e+00 -1.7447e+00 +1.8280e-01 +2.9537e+00 +7.3492e-01 +2.7262e+00 +1.3042e+00 +3.4670e+00 -2.6352e+00 +5.2692e-01
2318 0 +6.941474271e-01 -3.186585257e+01 -3.186585257e+01 +3.3952e+00 -1.7698e+00 +1.6339e-01 +2.9355e+00 +7.5747e-01 +2.7194e+00 +1.3133e+00 +3.4383e+00 -2.6151e+00 +5.1079e-01
2375 0 +6.937812687e-01 -3.186621873e+01 -3.186621873e+01 +3.4021e+00 -1.7503e+00 +2.0604e-01 +2.9459e+00 +7.3821e-01 +2.7333e+00 +1.3443e+00 +3.4139e+00 -2.6393e+00 +5.3266e-01
2380 0 +6.937354862e-01 -3.186626451e+01 -3.186626451e+01 +3.3970e+00 -1.7485e+00 +1.6338e-01 +2.9129e+00 +7.6881e-01 +2.7232e+00 +1.3125e+00 +3.4284e+00 -2.6372e+00 +5.2660e-01
2409 0 +6.932224340e-01 -3.186677757e+01 -3.186677757e+01 +3.3675e+00 -1.7469e+00 +1.9792e-01 +2.9409e+00 +7.3048e-01 +2.7139e+00 +1.3260e+00 +3.4353e+00 -2.6415e+00 +5.3391e-01
2468 0 +6.930030618e-01 -3.186699694e+01 -3.186699694e+01 +3.3796e+00 -1.7483e+00 +1.9354e-01 +2.9472e+00 +7.5377e-01 +2.7261e+00 +1.3056e+00 +3.4473e+00 -2.6312e+00 +5.1594e-01
% f evaluations | g evaluations | best noise-free fitness - Fopt (5.154000000000e+02) + sum g_i+ | measured fitness | best measured fitness or single-digit g-values | x1 | x2...
1 0 +7.157881503e+01 +5.869788150e+02 +5.869788150e+02 +5.9671e-01 -3.8264e-02 +7.4769e-01 +1.6230e+00 -1.3415e-01 -1.3414e-01 +1.6792e+00 +8.6743e-01 -3.6947e-01 +6.4256e-01
3 0 +6.708308653e+01 +5.824830865e+02 +5.824830865e+02 +1.5656e+00 -1.2578e-01 +1.6753e-01 -1.3247e+00 -4.4438e-01 +2.1092e-01 -1.0510e+00 +4.7570e-01 -5.0064e-01 -1.9169e-01
6 0 +2.298247535e+01 +5.383824753e+02 +5.383824753e+02 +4.2408e-01 -2.8508e-01 -5.7692e-01 +7.1168e-01 +1.1310e+00 +1.0313e+00 -7.3922e-01 -2.0921e-01 +4.3126e-01 +1.0755e+00
102 0 +2.246002982e+01 +5.378600298e+02 +5.378600298e+02 +1.2059e+00 +1.1463e+00 -2.5524e+00 +1.2353e+00 +1.1915e+00 +1.8898e-01 -5.5010e-01 -1.6046e+00 +8.8922e-02 +2.4531e+00
176 0 +1.733934313e+01 +5.327393431e+02 +5.327393431e+02 +5.2567e-01 +5.0758e-01 -2.2305e+00 +1.5002e+00 -1.3927e-01 +1.9480e+00 -2.6885e-01 -2.1363e+00 +1.1211e+00 +1.5192e+00
223 0 +1.625163449e+01 +5.316516345e+02 +5.316516345e+02 +1.3221e+00 +4.3999e-01 -1.7280e+00 +6.1693e-01 +3.6873e+00 +1.1086e+00 -1.4581e+00 -2.8283e+00 +3.9616e-01 +7.6914e-01
364 0 +1.105211917e+01 +5.264521192e+02 +5.264521192e+02 +5.1826e-01 -4.1242e-01 -2.9846e+00 +1.4430e+00 +7.7709e-01 +1.3000e+00 -1.1815e+00 -8.2927e-01 +1.9237e-01 +1.1194e+00
518 0 +1.021095597e+01 +5.256109560e+02 +5.256109560e+02 +8.9047e-01 +8.6749e-01 -2.6055e+00 +1.9117e+00 +2.2924e+00 +2.2007e+00 -4.4903e-01 -4.0607e+00 +1.2102e+00 +1.3729e+00
607 0 +1.019855386e+01 +5.255985539e+02 +5.255985539e+02 +1.2227e+00 +6.4417e-01 -2.3097e+00 +1.7586e+00 +2.7070e+00 +1.1534e+00 -1.6332e+00 -2.7983e+00 +4.4541e-01 +3.5855e-01
645 0 +1.010875468e+01 +5.255087547e+02 +5.255087547e+02 +2.2508e-01 +3.9422e-01 -1.7788e+00 +3.0388e+00 +2.3028e+00 +2.3198e+00 -9.8745e-01 -3.5398e+00 +1.1037e+00 +9.4666e-01
724 0 +9.320519184e+00 +5.247205192e+02 +5.247205192e+02 +6.2307e-01 -3.1747e-01 -3.3787e+00 +1.6468e+00 +3.2855e-01 +2.2093e+00 -2.1952e-02 -2.5535e+00 +1.0705e+00 +1.2511e+00
791 0 +8.026482355e+00 +5.234264824e+02 +5.234264824e+02 +4.9845e-01 -1.1607e-01 -2.6684e+00 +1.5576e+00 +1.5418e+00 +2.0696e+00 -9.5607e-01 -2.0986e+00 +4.1059e-01 +1.2030e+00
891 0 +7.929199484e+00 +5.233291995e+02 +5.233291995e+02 +1.2098e+00 -1.8452e-02 -2.9101e+00 +1.7610e+00 +1.5909e+00 +1.5239e+00 -1.5020e+00 -2.3363e+00 +7.6284e-01 +1.3016e+00
893 0 +7.846246541e+00 +5.232462465e+02 +5.232462465e+02 +8.3522e-01 +3.8496e-01 -2.0960e+00 +1.8974e+00 +2.2144e+00 +1.7728e+00 -1.7766e+00 -1.7778e+00 +7.2240e-01 +1.5608e+00
982 0 +7.313986763e+00 +5.227139868e+02 +5.227139868e+02 +7.5916e-01 +2.3533e-01 -2.5513e+00 +2.1029e+00 +1.2770e+00 +1.9212e+00 -6.8827e-01 -2.1997e+00 +7.9041e-01 +1.2435e+00
1037 0 +7.306876699e+00 +5.227068767e+02 +5.227068767e+02 +5.3346e-01 +1.2735e-01 -2.3868e+00 +1.8848e+00 +1.9302e+00 +1.8159e+00 -9.9266e-01 -2.2460e+00 +1.0195e+00 +8.2346e-01
1158 0 +7.205696390e+00 +5.226056964e+02 +5.226056964e+02 +9.8937e-01 +7.0150e-01 -1.8250e+00 +1.7898e+00 +2.1881e+00 +1.2709e+00 -2.8287e-01 -2.8853e+00 +1.1757e+00 +1.3063e+00
1174 0 +7.034899383e+00 +5.224348994e+02 +5.224348994e+02 +7.7485e-01 +6.1368e-01 -2.1214e+00 +2.2289e+00 +1.8013e+00 +1.7363e+00 -1.0141e+00 -2.4714e+00 +8.5903e-01 +1.4936e+00
1338 0 +6.925833249e+00 +5.223258332e+02 +5.223258332e+02 +1.0168e+00 +6.2882e-01 -2.0601e+00 +1.9249e+00 +2.5907e+00 +1.4753e+00 -7.6411e-01 -2.9367e+00 +9.0566e-01 +1.0713e+00
1406 0 +6.841621179e+00 +5.222416212e+02 +5.222416212e+02 +8.8464e-01 +3.9788e-01 -2.2623e+00 +1.7047e+00 +2.2504e+00 +1.6122e+00 -5.8117e-01 -2.8224e+00 +8.4432e-01 +9.2296e-01
1511 0 +6.778027283e+00 +5.221780273e+02 +5.221780273e+02 +5.7998e-01 +4.4983e-01 -2.0070e+00 +2.0004e+00 +2.1718e+00 +1.8474e+00 -7.8036e-01 -2.5690e+00 +8.8247e-01 +1.1481e+00
1521 0 +6.767602139e+00 +5.221676021e+02 +5.221676021e+02 +8.3846e-01 +6.5386e-01 -2.0569e+00 +2.0560e+00 +2.1640e+00 +1.6455e+00 -6.6806e-01 -2.6355e+00 +9.5871e-01 +1.3456e+00
1531 0 +6.755040404e+00 +5.221550404e+02 +5.221550404e+02 +7.9849e-01 +3.2154e-01 -2.1947e+00 +1.9077e+00 +1.8453e+00 +1.6079e+00 -7.1052e-01 -2.5340e+00 +9.0054e-01 +1.1909e+00
1560 0 +6.748379244e+00 +5.221483792e+02 +5.221483792e+02 +7.0197e-01 +3.2379e-01 -2.1678e+00 +1.8184e+00 +1.9033e+00 +1.5925e+00 -8.0196e-01 -2.4562e+00 +8.8267e-01 +1.0248e+00
1674 0 +6.729108319e+00 +5.221291083e+02 +5.221291083e+02 +7.4663e-01 +3.8520e-01 -2.1505e+00 +1.8564e+00 +1.8337e+00 +1.5978e+00 -7.9575e-01 -2.3345e+00 +8.3536e-01 +1.2379e+00
1793 0 +6.721717879e+00 +5.221217179e+02 +5.221217179e+02 +5.8636e-01 +4.4734e-01 -2.1474e+00 +2.0358e+00 +1.9219e+00 +1.8566e+00 -8.4906e-01 -2.3286e+00 +8.6145e-01 +1.3090e+00
1805 0 +6.708174072e+00 +5.221081741e+02 +5.221081741e+02 +6.5610e-01 +3.7408e-01 -2.1708e+00 +1.9570e+00 +1.9773e+00 +1.6673e+00 -9.7543e-01 -2.3187e+00 +8.5915e-01 +1.1582e+00
1938 0 +6.681814251e+00 +5.220818143e+02 +5.220818143e+02 +8.2031e-01 +4.8412e-01 -2.1800e+00 +1.9347e+00 +2.0567e+00 +1.5701e+00 -7.5458e-01 -2.5341e+00 +8.9605e-01 +1.2425e+00
2018 0 +6.681746811e+00 +5.220817468e+02 +5.220817468e+02 +6.9908e-01 +4.8399e-01 -2.2398e+00 +1.9489e+00 +2.0806e+00 +1.7577e+00 -6.7934e-01 -2.6183e+00 +8.5259e-01 +1.1752e+00
2076 0 +6.669208446e+00 +5.220692084e+02 +5.220692084e+02 +7.0208e-01 +4.6494e-01 -2.1927e+00 +1.9597e+00 +2.0640e+00 +1.6901e+00 -7.0447e-01 -2.5849e+00 +8.9735e-01 +1.2067e+00
2191 0 +6.666966525e+00 +5.220669665e+02 +5.220669665e+02 +7.3940e-01 +3.8697e-01 -2.2312e+00 +1.9384e+00 +1.9817e+00 +1.6738e+00 -8.0644e-01 -2.4698e+00 +8.4628e-01 +1.1869e+00
2303 0 +6.665677512e+00 +5.220656775e+02 +5.220656775e+02 +7.4382e-01 +4.1523e-01 -2.1957e+00 +1.9481e+00 +2.0253e+00 +1.6577e+00 -7.8370e-01 -2.5698e+00 +8.9263e-01 +1.1498e+00
2329 0 +6.665244955e+00 +5.220652450e+02 +5.220652450e+02 +6.5124e-01 +3.7884e-01 -2.2382e+00 +1.9650e+00 +2.0092e+00 +1.7778e+00 -7.2384e-01 -2.5367e+00 +8.8539e-01 +1.1557e+00
2455 0 +6.664401080e+00 +5.220644011e+02 +5.220644011e+02 +7.1416e-01 +3.5648e-01 -2.2449e+00 +1.9122e+00 +1.9761e+00 +1.7085e+00 -7.9618e-01 -2.4651e+00 +8.6584e-01 +1.1648e+00
2460 0 +6.662525967e+00 +5.220625260e+02 +5.220625260e+02 +7.1249e-01 +4.0525e-01 -2.2173e+00 +1.9695e+00 +2.0238e+00 +1.7290e+00 -7.4049e-01 -2.5812e+00 +9.0399e-01 +1.1562e+00
2463 0 +6.661485342e+00 +5.220614853e+02 +5.220614853e+02 +6.9675e-01 +3.9066e-01 -2.2401e+00 +1.9654e+00 +1.9612e+00 +1.7315e+00 -7.4001e-01 -2.5274e+00 +8.9084e-01 +1.1801e+00
% f evaluations | g evaluations | best noise-free fitness - Fopt (-8.628000000000e+01) + sum g_i+ | measured fitness | best measured fitness or single-digit g-values | x1 | x2...
1 0 +6.433133731e+01 -2.194866269e+01 -2.194866269e+01 +5.9671e-01 -3.8264e-02 +7.4769e-01 +1.6230e+00 -1.3415e-01 -1.3414e-01 +1.6792e+00 +8.6743e-01 -3.6947e-01 +6.4256e-01
29 0 +6.140759790e+01 -2.487240210e+01 -2.487240210e+01 +2.1352e-01 +7.6213e-01 +1.6860e+00 -1.1378e+00 +2.2330e+00 -1.8521e+00 -5.1785e-02 +6.8832e-01 +3.8099e-01 -5.2270e-01
54 0 +2.288441524e+01 -6.339558476e+01 -6.339558476e+01 -8.9358e-01 +3.4247e-01 +3.4771e+00 -2.6361e-01 +1.1601e+00 -2.6503e+00 +2.3644e-01 +1.3068e+00 -3.4716e-01 -1.6262e-01
137 0 +1.744780244e+01 -6.883219756e+01 -6.883219756e+01 -2.0706e+00 +8.4087e-02 +2.2596e+00 -4.6425e-01 +1.2074e+00 -2.7193e+00 -1.0658e+00 +1.7385e+00 +8.6295e-01 +1.7207e+00
410 0 +1.446731873e+01 -7.181268127e+01 -7.181268127e+01 -2.1911e+00 -1.1925e-01 +1.6580e+00 -3.6403e-01 +1.3386e+00 -3.0243e+00 -1.0994e+00 +7.6316e-01 +6.9655e-01 +3.2114e+00
508 0 +7.609607187e+00 -7.867039281e+01 -7.867039281e+01 -8.6981e-01 +1.3284e+00 +2.7189e+00 +2.1469e-01 +3.2701e+00 -3.3868e+00 -1.7503e+00 -9.8738e-01 +2.5519e+00 +1.7853e+00
563 0 +2.026195943e+00 -8.425380406e+01 -8.425380406e+01 -2.0766e+00 +1.1491e+00 +4.2276e+00 -5.3733e-02 +1.3973e+00 -4.1774e+00 -8.2568e-01 -2.7233e-01 +1.0006e+00 +1.6374e+00
672 0 +1.886433643e+00 -8.439356636e+01 -8.439356636e+01 -2.2706e+00 +2.4075e+00 +3.6032e+00 +9.5852e-01 +1.6386e+00 -4.0137e+00 -2.1746e+00 -1.2469e+00 +9.7297e-01 +3.0315e+00
809 0 +7.831013751e-01 -8.549689862e+01 -8.549689862e+01 -1.7623e+00 +2.6389e+00 +3.0236e+00 +5.4488e-01 +1.9044e+00 -3.8353e+00 -1.5131e+00 -1.1983e+00 +1.1198e+00 +2.3215e+00
816 0 +7.013080775e-01 -8.557869192e+01 -8.557869192e+01 -2.2776e+00 +1.9330e+00 +2.8379e+00 -2.0211e-01 +2.5513e+00 -3.8588e+00 -1.9415e+00 -1.7643e+00 +5.5988e-01 +2.2570e+00
857 0 +4.328067823e-01 -8.584719322e+01 -8.584719322e+01 -2.4993e+00 +1.3691e+00 +3.1540e+00 +3.0481e-02 +1.7113e+00 -3.7473e+00 -1.8083e+00 -2.0183e+00 -2.7629e-02 +2.8113e+00
865 0 +2.273741559e-01 -8.605262584e+01 -8.605262584e+01 -2.5384e+00 +1.9231e+00 +3.1714e+00 +3.2341e-01 +1.6636e+00 -3.8321e+00 -1.5198e+00 -1.0203e+00 +3.0528e-01 +2.3263e+00
959 0 +1.602857744e-01 -8.611971423e+01 -8.611971423e+01 -2.0929e+00 +1.9872e+00 +3.2616e+00 -4.2004e-01 +2.0408e+00 -3.8470e+00 -1.2268e+00 -1.6114e+00 +1.0765e+00 +2.3083e+00
994 0 +3.220886456e-02 -8.624779114e+01 -8.624779114e+01 -2.7852e+00 +2.0117e+00 +3.0649e+00 +2.6631e-01 +1.8304e+00 -3.5472e+00 -9.7976e-01 -1.2959e+00 +4.0203e-01 +2.2841e+00
1172 0 +2.372679840e-02 -8.625627320e+01 -8.625627320e+01 -2.3242e+00 +2.4186e+00 +3.3338e+00 +4.0956e-01 +2.3102e+00 -3.7299e+00 -1.1898e+00 -1.5493e+00 +1.0747e+00 +2.5535e+00
1240 0 +1.811906813e-02 -8.626188093e+01 -8.626188093e+01 -2.2257e+00 +2.3026e+00 +2.9411e+00 +4.5745e-01 +2.2113e+00 -3.5570e+00 -1.5400e+00 -1.6380e+00 +1.2410e+00 +2.7551e+00
1356 0 +1.508792688e-02 -8.626491207e+01 -8.626491207e+01 -2.4244e+00 +2.2068e+00 +3.1205e+00 +3.3195e-02 +2.3822e+00 -3.4166e+00 -1.0347e+00 -1.5759e+00 +7.1082e-01 +2.4631e+00
1388 0 +1.345936064e-02 -8.626654064e+01 -8.626654064e+01 -2.4963e+00 +2.1833e+00 +3.3720e+00 +7.7087e-02 +1.9935e+00 -3.7533e+00 -1.1236e+00 -1.7205e+00 +6.9790e-01 +2.1948e+00
1435 0 +9.398386900e-03 -8.627060161e+01 -8.627060161e+01 -2.1820e+00 +2.0996e+00 +3.2487e+00 +2.2805e-01 +2.0877e+00 -3.4176e+00 -1.2279e+00 -1.6125e+00 +7.7603e-01 +2.3549e+00
1488 0 +6.087389127e-03 -8.627391261e+01 -8.627391261e+01 -2.5232e+00 +2.3396e+00 +3.2670e+00 +2.6582e-01 +2.2085e+00 -3.6895e+00 -1.1621e+00 -1.7965e+00 +8.1773e-01 +2.6373e+00
1497 0 +3.630342139e-03 -8.627636966e+01 -8.627636966e+01 -2.5044e+00 +2.3561e+00 +3.0408e+00 +2.3024e-01 +2.0174e+00 -3.4158e+00 -1.1942e+00 -1.7646e+00 +7.0557e-01 +2.6210e+00
1511 0 +3.563060618e-03 -8.627643694e+01 -8.627643694e+01 -2.4757e+00 +2.1229e+00 +3.1303e+00 +3.0031e-01 +2.2567e+00 -3.6693e+00 -1.0887e+00 -1.7793e+00 +8.9309e-01 +2.3168e+00
1556 0 +1.667122246e-03 -8.627833288e+01 -8.627833288e+01 -2.4811e+00 +2.4518e+00 +2.9360e+00 +1.2357e-01 +2.4238e+00 -3.5209e+00 -1.2290e+00 -1.6655e+00 +9.7613e-01 +2.4539e+00
1566 0 +1.081510387e-03 -8.627891849e+01 -8.627891849e+01 -2.3700e+00 +2.2827e+00 +3.1731e+00 +2.5899e-01 +2.3454e+00 -3.4949e+00 -1.2561e+00 -1.7720e+00 +9.8965e-01 +2.4114e+00
1641 0 +1.006606304e-03 -8.627899339e+01 -8.627899339e+01 -2.4527e+00 +2.2394e+00 +3.2151e+00 +2.5164e-01 +2.1289e+00 -3.7920e+00 -1.2188e+00 -1.8597e+00 +8.3507e-01 +2.4643e+00
1669 0 +8.514226327e-04 -8.627914858e+01 -8.627914858e+01 -2.4126e+00 +2.2504e+00 +3.1548e+00 +6.1317e-02 +2.1901e+00 -3.5556e+00 -1.1546e+00 -1.6824e+00 +8.3583e-01 +2.5115e+00
1678 0 +7.926384636e-04 -8.627920736e+01 -8.627920736e+01 -2.4983e+00 +2.4060e+00 +3.0053e+00 +1.4973e-01 +2.2681e+00 -3.5078e+00 -1.1902e+00 -1.6583e+00 +7.2205e-01 +2.5137e+00
1684 0 +5.207568304e-04 -8.627947924e+01 -8.627947924e+01 -2.4204e+00 +2.3495e+00 +3.2004e+00 +1.4459e-01 +2.3545e+00 -3.6150e+00 -1.1972e+00 -1.8422e+00 +9.7498e-01 +2.4378e+00
1689 0 +2.337545428e-04 -8.627976625e+01 -8.627976625e+01 -2.4696e+00 +2.3188e+00 +3.0557e+00 +1.4876e-01 +2.2680e+00 -3.5743e+00 -1.1392e+00 -1.8544e+00 +8.8647e-01 +2.4963e+00
1880 0 +1.914433220e-04 -8.627980856e+01 -8.627980856e+01 -2.4586e+00 +2.4535e+00 +2.9736e+00 +1.8931e-01 +2.3539e+00 -3.4329e+00 -1.2317e+00 -1.6954e+00 +8.5734e-01 +2.5058e+00
1904 0 +1.704459173e-04 -8.627982955e+01 -8.627982955e+01 -2.5646e+00 +2.4973e+00 +2.9489e+00 +2.3227e-01 +2.2975e+00 -3.4041e+00 -1.1120e+00 -1.7265e+00 +8.8427e-01 +2.4969e+00
1915 0 +3.927389334e-05 -8.627996073e+01 -8.627996073e+01 -2.4604e+00 +2.4005e+00 +3.0688e+00 +2.0947e-01 +2.3198e+00 -3.4942e+00 -1.1269e+00 -1.7550e+00 +8.7241e-01 +2.4900e+00
2068 0 +3.719553820e-05 -8.627996280e+01 -8.627996280e+01 -2.4886e+00 +2.4051e+00 +3.0797e+00 +2.8611e-01 +2.2752e+00 -3.5130e+00 -1.1804e+00 -1.8497e+00 +8.5708e-01 +2.5348e+00
2115 0 +2.800782198e-05 -8.627997199e+01 -8.627997199e+01 -2.4463e+00 +2.4345e+00 +3.1367e+00 +2.5460e-01 +2.3214e+00 -3.5685e+00 -1.1791e+00 -1.8530e+00 +9.3186e-01 +2.4908e+00
2154 0 +7.171979149e-06 -8.627999283e+01 -8.627999283e+01 -2.4405e+00 +2.3698e+00 +3.0892e+00 +2.4689e-01 +2.2427e+00 -3.5633e+00 -1.1259e+00 -1.7473e+00 +8.7285e-01 +2.4579e+00
2157 0 +6.430685900e-06 -8.627999357e+01 -8.627999357e+01 -2.4335e+00 +2.4379e+00 +3.0619e+00 +2.3553e-01 +2.3053e+00 -3.4645e+00 -1.1819e+00 -1.7994e+00 +9.3195e-01 +2.5082e+00
2238 0 +2.497209749e-06 -8.627999750e+01 -8.627999750e+01 -2.4523e+00 +2.3760e+00 +3.0914e+00 +2.5676e-01 +2.2669e+00 -3.5108e+00 -1.1706e+00 -1.7977e+00 +8.7955e-01 +2.4752e+00
2277 0 +2.383045839e-06 -8.627999762e+01 -8.627999762e+01 -2.4259e+00 +2.3962e+00 +3.0834e+00 +2.6909e-01 +2.2460e+00 -3.5093e+00 -1.1474e+00 -1.7504e+00 +9.1614e-01 +2.4513e+00
2369 0 +2.134811012e-06 -8.627999787e+01 -8.627999787e+01 -2.4335e+00 +2.3538e+00 +3.0998e+00 +2.7798e-01 +2.2449e+00 -3.5587e+00 -1.1537e+00 -1.7290e+00 +9.1480e-01 +2.4479e+00
2371 0 +2.069755084e-06 -8.627999793e+01 -8.627999793e+01 -2.4559e+00 +2.3555e+00 +3.0811e+00 +2.5043e-01 +2.2359e+00 -3.5323e+00 -1.1497e+00 -1.7285e+00 +8.5219e-01 +2.4573e+00
2376 0 +1.069442789e-06 -8.627999893e+01 -8.627999893e+01 -2.4685e+00 +2.4190e+00 +3.0710e+00 +2.4414e-01 +2.2883e+00 -3.5358e+00 -1.1373e+00 -1.7911e+00 +9.1154e-01 +2.4848e+00
% f evaluations | g evaluations | best noise-free fitness - Fopt (2.224000000000e+01) + sum g_i+ | measured fitness | best measured fitness or single-digit g-values | x1 | x2...
1 0 +6.491553111e+01 +8.715553111e+01 +8.715553111e+01 +5.9671e-01 -3.8264e-02 +7.4769e-01 +1.6230e+00 -1.3415e-01 -1.3414e-01 +1.6792e+00 +8.6743e-01 -3.6947e-01 +6.4256e-01
4 0 +5.504839947e+01 +7.728839947e+01 +7.728839947e+01 -5.0171e-01 +1.9523e+00 +8.6503e-02 -9.5771e-01 +9.2254e-01 -1.1208e+00 +3.0886e-01 -1.8597e+00 -1.2282e+00 +2.9686e-01
30 0 +5.460572863e+01 +7.684572863e+01 +7.684572863e+01 -1.0812e-01 -3.9300e-01 -4.8936e-01 +9.4960e-01 +4.5702e-01 -5.9291e-01 +9.9960e-01 +4.0730e-01 +9.1286e-01 +7.2963e-01
42 0 +3.699364666e+01 +5.923364666e+01 +5.923364666e+01 +8.1161e-01 -1.0246e+00 -1.4341e+00 +1.3777e+00 +4.3231e-01 -6.4849e-01 +1.6512e+00 +2.1567e-01 +1.2793e+00 +1.6752e-01
58 0 +3.478235022e+01 +5.702235022e+01 +5.702235022e+01 -5.1722e-01 +3.0653e-01 -6.4318e-01 +1.4170e+00 +1.5442e+00 -2.5730e+00 +1.4466e+00 -7.6954e-01 +6.0430e-01 +7.2761e-01
107 0 +3.118761703e+01 +5.342761703e+01 +5.342761703e+01 -2.3692e-01 +4.1831e+00 -2.0277e+00 +1.6087e+00 +3.8074e-01 -2.2712e+00 +1.7749e+00 -3.5085e+00 +5.8456e-02 -1.7402e+00
130 0 +2.692152400e+01 +4.916152400e+01 +4.916152400e+01 -1.3831e+00 +2.1987e+00 -1.7915e-02 +1.9718e+00 +1.1774e+00 -1.5281e+00 +2.3167e+00 -1.4167e+00 -2.0741e+00 +2.5442e-01
224 0 +2.442496376e+01 +4.666496376e+01 +4.666496376e+01 +4.9377e-02 +4.9894e+00 -4.2120e-01 +2.5775e+00 +1.8234e-01 -2.2183e+00 +2.0091e+00 -2.0113e+00 -3.3742e-01 -1.7291e+00
294 0 +2.378273538e+01 +4.602273538e+01 +4.602273538e+01 +1.1244e+00 +3.7467e+00 +2.7410e-01 +3.4642e+00 +1.0837e-01 -1.3642e+00 +2.8194e+00 -2.9177e+00 -1.2448e+00 -7.3712e-01
374 0 +8.317038631e+00 +3.055703863e+01 +3.055703863e+01 +2.4861e+00 +1.4076e+00 -1.0601e+00 +1.2520e+00 +2.3617e+00 -1.3776e+00 +1.9394e+00 -2.6006e+00 -1.8985e+00 -8.4336e-01
608 0 +7.571417631e+00 +2.981141763e+01 +2.981141763e+01 +1.6698e+00 +1.8315e+00 -1.7995e+00 +1.1922e+00 +2.6033e+00 -3.2751e+00 +2.0031e+00 -2.7759e+00 -1.7943e+00 -1.7144e+00
691 0 +7.131984310e+00 +2.937198431e+01 +2.937198431e+01 +2.4837e+00 +2.5233e+00 -8.7481e-01 +1.2685e+00 +1.5591e+00 -2.3909e+00 +2.4993e+00 -1.3579e+00 -3.9993e+00 -2.1000e+00
737 0 +5.802530531e+00 +2.804253053e+01 +2.804253053e+01 +1.7941e+00 +2.6322e+00 -1.5063e+00 +2.2068e+00 +2.2401e+00 -2.9540e+00 +2.6698e+00 -2.2260e+00 -2.4457e+00 -1.1977e+00
746 0 +5.582267225e+00 +2.782226723e+01 +2.782226723e+01 +3.1550e+00 +2.3635e+00 -1.5993e+00 +1.6568e+00 +2.6228e+00 -1.9064e+00 +2.6601e+00 -2.8195e+00 -4.1173e+00 -2.7221e+00
858 0 +4.766009415e+00 +2.700600942e+01 +2.700600942e+01 +4.0144e+00 +2.1424e+00 -1.0692e+00 +1.2218e+00 +1.5430e+00 -3.2233e+00 +2.9458e+00 -2.4274e+00 -2.9401e+00 -2.2605e+00
866 0 +2.515773832e+00 +2.475577383e+01 +2.475577383e+01 +2.8114e+00 +2.0924e+00 -7.5507e-01 +9.6284e-01 +2.7425e+00 -3.1821e+00 +2.4788e+00 -3.2364e+00 -2.6537e+00 -1.3946e+00
917 0 +2.220542260e+00 +2.446054226e+01 +2.446054226e+01 +3.0234e+00 +1.7346e+00 -1.1031e+00 +1.5544e+00 +2.4375e+00 -3.4661e+00 +2.9841e+00 -2.8648e+00 -2.3606e+00 -1.7592e+00
920 0 +2.109846111e+00 +2.434984611e+01 +2.434984611e+01 +3.4270e+00 +2.1521e+00 -1.0957e+00 +1.3017e+00 +3.1608e+00 -3.2034e+00 +2.6982e+00 -2.1263e+00 -3.0596e+00 -1.3822e+00
986 0 +2.001067196e+00 +2.424106720e+01 +2.424106720e+01 +2.8190e+00 +2.4946e+00 -7.6708e-01 +1.4768e+00 +2.3617e+00 -2.3763e+00 +2.7280e+00 -2.1451e+00 -3.4950e+00 -1.9712e+00
1013 0 +1.965195804e+00 +2.420519580e+01 +2.420519580e+01 +3.3257e+00 +2.7009e+00 -1.3088e+00 +1.4264e+00 +2.8670e+00 -2.8077e+00 +2.2816e+00 -2.3525e+00 -2.2950e+00 -1.7366e+00
1103 0 +1.605171763e+00 +2.384517176e+01 +2.384517176e+01 +2.9912e+00 +1.9972e+00 -1.4685e+00 +2.0961e+00 +2.0471e+00 -2.6115e+00 +2.5658e+00 -2.5057e+00 -2.7672e+00 -1.6225e+00
1162 0 +1.168023715e+00 +2.340802371e+01 +2.340802371e+01 +2.6941e+00 +2.1028e+00 -1.0441e+00 +1.7272e+00 +2.3216e+00 -2.3962e+00 +2.7938e+00 -2.3118e+00 -2.7089e+00 -1.9613e+00
1172 0 +8.281762060e-01 +2.306817621e+01 +2.306817621e+01 +3.1641e+00 +2.3353e+00 -1.1057e+00 +1.5678e+00 +2.5724e+00 -2.3520e+00 +2.6563e+00 -2.6524e+00 -2.8324e+00 -1.7732e+00
1255 0 +7.870269360e-01 +2.302702694e+01 +2.302702694e+01 +2.9924e+00 +2.1176e+00 -1.2830e+00 +1.5855e+00 +2.6410e+00 -2.5183e+00 +2.6719e+00 -2.4260e+00 -2.7516e+00 -1.7720e+00
1619 0 +7.806731374e-01 +2.302067314e+01 +2.302067314e+01 +3.1435e+00 +2.1914e+00 -1.0874e+00 +1.5735e+00 +2.5125e+00 -2.5076e+00 +2.4776e+00 -2.6109e+00 -2.8665e+00 -1.8906e+00
1672 0 +7.587515689e-01 +2.299875157e+01 +2.299875157e+01 +3.1106e+00 +2.2761e+00 -1.2127e+00 +1.4851e+00 +2.4317e+00 -2.5163e+00 +2.6665e+00 -2.3368e+00 -2.6763e+00 -1.7491e+00
1686 0 +7.473363518e-01 +2.298733635e+01 +2.298733635e+01 +3.2077e+00 +2.2941e+00 -1.2843e+00 +1.5336e+00 +2.5226e+00 -2.5482e+00 +2.4333e+00 -2.4641e+00 -2.8152e+00 -1.7540e+00
1695 0 +7.451568299e-01 +2.298515683e+01 +2.298515683e+01 +3.0817e+00 +2.2868e+00 -1.2097e+00 +1.4835e+00 +2.4885e+00 -2.5136e+00 +2.5147e+00 -2.4599e+00 -2.9528e+00 -1.8016e+00
1702 0 +7.327614521e-01 +2.297276145e+01 +2.297276145e+01 +2.9995e+00 +2.1997e+00 -1.2391e+00 +1.5105e+00 +2.4074e+00 -2.4900e+00 +2.4844e+00 -2.5003e+00 -2.8996e+00 -1.8480e+00
1705 0 +7.227342120e-01 +2.296273421e+01 +2.296273421e+01 +3.1872e+00 +2.2244e+00 -1.3429e+00 +1.5003e+00 +2.4568e+00 -2.4900e+00 +2.5234e+00 -2.4806e+00 -2.7829e+00 -1.8335e+00
1789 0 +7.152462885e-01 +2.295524629e+01 +2.295524629e+01 +3.1587e+00 +2.2435e+00 -1.1653e+00 +1.6273e+00 +2.4934e+00 -2.4963e+00 +2.5733e+00 -2.4953e+00 -2.7407e+00 -1.7701e+00
1809 0 +7.059466008e-01 +2.294594660e+01 +2.294594660e+01 +3.0676e+00 +2.2449e+00 -1.2468e+00 +1.5697e+00 +2.4212e+00 -2.4838e+00 +2.5033e+00 -2.4814e+00 -2.7745e+00 -1.7440e+00
1869 0 +7.043406694e-01 +2.294434067e+01 +2.294434067e+01 +3.1079e+00 +2.1813e+00 -1.2501e+00 +1.6384e+00 +2.4724e+00 -2.5152e+00 +2.5294e+00 -2.5044e+00 -2.7424e+00 -1.8115e+00
1979 0 +7.027480456e-01 +2.294274805e+01 +2.294274805e+01 +3.1668e+00 +2.2042e+00 -1.2644e+00 +1.5966e+00 +2.4808e+00 -2.4721e+00 +2.5111e+00 -2.4763e+00 -2.8002e+00 -1.7837e+00
2071 0 +7.020188334e-01 +2.294201883e+01 +2.294201883e+01 +3.0799e+00 +2.1807e+00 -1.2125e+00 +1.6104e+00 +2.4349e+00 -2.4658e+00 +2.5441e+00 -2.4256e+00 -2.7870e+00 -1.7483e+00
2088 0 +7.005134675e-01 +2.294051347e+01 +2.294051347e+01 +3.0612e+00 +2.2230e+00 -1.1800e+00 +1.5630e+00 +2.4566e+00 -2.4828e+00 +2.5130e+00 -2.4423e+00 -2.7805e+00 -1.7737e+00
2093 0 +6.975439893e-01 +2.293754399e+01 +2.293754399e+01 +3.0934e+00 +2.1559e+00 -1.2064e+00 +1.5412e+00 +2.4353e+00 -2.5185e+00 +2.5024e+00 -2.4759e+00 -2.7725e+00 -1.7585e+00
2214 0 +6.958649495e-01 +2.293586495e+01 +2.293586495e+01 +3.0795e+00 +2.1936e+00 -1.2102e+00 +1.5992e+00 +2.4484e+00 -2.4816e+00 +2.5299e+00 -2.4891e+00 -2.7913e+00 -1.7917e+00
2291 0 +6.936000935e-01 +2.293360009e+01 +2.293360009e+01 +3.0715e+00 +2.1639e+00 -1.2307e+00 +1.5516e+00 +2.4689e+00 -2.4855e+00 +2.5453e+00 -2.4568e+00 -2.7512e+00 -1.8010e+00
2390 0 +6.935574822e-01 +2.293355748e+01 +2.293355748e+01 +3.1081e+00 +2.1864e+00 -1.2396e+00 +1.5528e+00 +2.4849e+00 -2.4976e+00 +2.5320e+00 -2.4482e+00 -2.7712e+00 -1.7962e+00
2393 0 +6.935203117e-01 +2.293352031e+01 +2.293352031e+01 +3.0950e+00 +2.1472e+00 -1.2292e+00 +1.5596e+00 +2.4458e+00 -2.5002e+00 +2.5375e+00 -2.4673e+00 -2.7542e+00 -1.8029e+00
2406 0 +6.929123732e-01 +2.293291237e+01 +2.293291237e+01 +3.0956e+00 +2.1576e+00 -1.2217e+00 +1.5608e+00 +2.4562e+00 -2.5034e+00 +2.5285e+00 -2.4655e+00 -2.7577e+00 -1.8148e+00
2458 0 +6.925893093e-01 +2.293258931e+01 +2.293258931e+01 +3.0972e+00 +2.1979e+00 -1.2178e+00 +1.5545e+00 +2.4507e+00 -2.4855e+00 +2.5367e+00 -2.4615e+00 -2.7606e+00 -1.7889e+00
% f evaluations | g evaluations | best noise-free fitness - Fopt (-2.301000000000e+01) + sum g_i+ | measured fitness | best measured fitness or single-digit g-values | x1 | x2...
1 0 +7.403425837e+01 +5.102425837e+01 +5.102425837e+01 +5.9671e-01 -3.8264e-02 +7.4769e-01 +1.6230e+00 -1.3415e-01 -1.3414e-01 +1.6792e+00 +8.6743e-01 -3.6947e-01 +6.4256e-01
3 0 +7.183229914e+01 +4.882229914e+01 +4.882229914e+01 +1.5656e+00 -1.2578e-01 +1.6753e-01 -1.3247e+00 -4.4438e-01 +2.1092e-01 -1.0510e+00 +4.7570e-01 -5.0064e-01 -1.9169e-01
6 0 +6.974791706e+01 +4.673791706e+01 +4.673791706e+01 +4.2408e-01 -2.8508e-01 -5.7692e-01 +7.1168e-01 +1.1310e+00 +1.0313e+00 -7.3922e-01 -2.0921e-01 +4.3126e-01 +1.0755e+00
15 0 +5.924629726e+01 +3.623629726e+01 +3.623629726e+01 +3.2746e-01 +1.4071e+00 -1.5075e+00 +2.8463e-01 +3.5988e-01 +8.8182e-01 -1.1370e+00 -1.2205e+00 +6.2194e-01 +3.9698e-01
44 0 +5.409738206e+01 +3.108738206e+01 +3.108738206e+01 -1.0833e+00 -1.9392e+00 -1.6941e-01 +8.1754e-01 +1.6024e+00 +1.7409e-01 +1.7286e+00 -1.2801e+00 -1.6034e+00 +4.4452e-02
45 0 +4.758763909e+01 +2.457763909e+01 +2.457763909e+01 +4.8407e-01 +6.7305e-02 -1.9674e+00 +1.0880e-02 -1.2045e+00 +7.6967e-01 +4.6660e-01 -8.3988e-01 -4.1387e-01 -9.5921e-01
161 0 +4.603017257e+01 +2.302017257e+01 +2.302017257e+01 -7.7272e-01 +8.7326e-01 -1.5366e+00 +2.0703e+00 +2.9580e+00 -5.7992e-01 +2.6232e+00 -1.9715e-01 +7.5541e-01 +5.0209e-01
210 0 +2.046764611e+01 -2.542353891e+00 -2.542353891e+00 -1.7284e+00 +1.0502e+00 -8.8946e-01 +1.3789e-01 +2.5439e+00 -2.2118e+00 +2.6539e+00 +4.9372e-02 +2.1607e+00 +9.0565e-01
395 0 +1.718004098e+01 -5.829959020e+00 -5.829959020e+00 -1.2208e+00 +6.3764e-01 -2.5991e+00 +7.4573e-01 +2.4724e+00 -3.1141e+00 +2.3149e+00 +7.4638e-01 +1.9742e+00 +2.0538e+00
505 0 +1.172258760e+01 -1.128741240e+01 -1.128741240e+01 -3.7856e+00 -3.3163e-01 -6.3348e-01 +1.0886e+00 +3.2939e+00 -8.7465e-01 +2.7863e+00 +1.9078e+00 +2.1039e+00 +1.2775e+00
652 0 +1.074228116e+01 -1.226771884e+01 -1.226771884e+01 -2.4556e+00 -5.1680e-01 -2.3520e+00 -3.7739e-01 +3.5780e+00 -1.5457e+00 +2.5236e+00 +1.2091e+00 +2.4893e+00 +2.4467e-01
660 0 +1.016797048e+01 -1.284202952e+01 -1.284202952e+01 -3.2130e+00 +1.7584e+00 -1.7247e+00 +1.3010e+00 +4.9681e+00 -3.4729e+00 +3.3846e+00 +1.4574e+00 +3.1353e+00 +1.8979e+00
670 0 +9.751813404e+00 -1.325818660e+01 -1.325818660e+01 -3.0078e+00 +1.7589e-01 -2.5297e+00 +1.0250e+00 +2.6541e+00 -2.5241e+00 +2.3358e+00 +2.2934e+00 +3.4460e+00 +1.0030e+00
778 0 +8.747214789e+00 -1.426278521e+01 -1.426278521e+01 -3.9129e+00 +5.1720e-01 -1.4598e+00 -3.7958e-02 +3.0994e+00 -2.0366e+00 +4.6073e+00 +1.4941e+00 +2.5800e+00 +1.6042e+00
825 0 +2.947723985e+00 -2.006227601e+01 -2.006227601e+01 -3.7645e+00 +4.7035e-01 -2.1938e+00 -3.2864e-01 +3.6479e+00 -2.0212e+00 +3.2785e+00 +1.4030e+00 +3.9727e+00 +2.0707e+00
1035 0 +2.662709089e+00 -2.034729091e+01 -2.034729091e+01 -3.3478e+00 +7.8640e-01 -1.4004e+00 -1.4355e-01 +3.8829e+00 -2.4376e+00 +2.6721e+00 +9.4621e-01 +3.1043e+00 +1.7786e+00
1037 0 +2.220866702e+00 -2.078913330e+01 -2.078913330e+01 -3.2821e+00 +5.6282e-01 -1.5668e+00 -2.0564e-01 +3.7815e+00 -2.2448e+00 +3.0743e+00 +1.1034e+00 +3.3192e+00 +1.7566e+00
1264 0 +2.041409017e+00 -2.096859098e+01 -2.096859098e+01 -3.4244e+00 +4.7405e-01 -1.7446e+00 +2.3614e-01 +3.7561e+00 -1.8425e+00 +3.8448e+00 +1.6747e+00 +3.1938e+00 +1.6547e+00
1364 0 +2.040715154e+00 -2.096928485e+01 -2.096928485e+01 -3.6288e+00 +4.3057e-01 -1.6526e+00 -3.4830e-02 +3.6939e+00 -1.6907e+00 +3.5207e+00 +1.4778e+00 +3.2872e+00 +1.7105e+00
1382 0 +2.026687985e+00 -2.098331202e+01 -2.098331202e+01 -3.5105e+00 +3.4548e-01 -1.8604e+00 +9.3763e-02 +3.6964e+00 -1.8876e+00 +3.7069e+00 +1.5744e+00 +3.1880e+00 +1.8003e+00
1522 0 +2.025927686e+00 -2.098407231e+01 -2.098407231e+01 -3.7023e+00 +4.9361e-01 -1.9051e+00 +2.9824e-01 +3.8386e+00 -1.7787e+00 +3.8323e+00 +1.8658e+00 +3.1312e+00 +1.7729e+00
1557 0 +2.018778243e+00 -2.099122176e+01 -2.099122176e+01 -3.7443e+00 +6.5005e-01 -1.7133e+00 +4.6198e-01 +3.8685e+00 -1.9502e+00 +4.0091e+00 +1.7682e+00 +3.2637e+00 +1.9327e+00
1570 0 +2.010857988e+00 -2.099914201e+01 -2.099914201e+01 -3.6656e+00 +4.5952e-01 -1.7335e+00 +6.9945e-02 +3.8260e+00 -1.7863e+00 +3.7682e+00 +1.5523e+00 +3.0969e+00 +1.9257e+00
1724 0 +2.008812080e+00 -2.100118792e+01 -2.100118792e+01 -3.6709e+00 +4.8882e-01 -1.6887e+00 +2.6390e-01 +3.8752e+00 -1.7488e+00 +3.7468e+00 +1.5832e+00 +3.2322e+00 +1.7740e+00
1787 0 +2.006430861e+00 -2.100356914e+01 -2.100356914e+01 -3.6245e+00 +4.3895e-01 -1.6252e+00 +8.7520e-03 +3.8505e+00 -1.7019e+00 +3.7139e+00 +1.5738e+00 +3.1773e+00 +1.8714e+00
1891 0 +2.005739364e+00 -2.100426064e+01 -2.100426064e+01 -3.6281e+00 +5.2274e-01 -1.6951e+00 +1.9390e-01 +3.8730e+00 -1.8273e+00 +3.7837e+00 +1.6108e+00 +3.3133e+00 +1.8601e+00
1954 0 +2.004932813e+00 -2.100506719e+01 -2.100506719e+01 -3.7281e+00 +5.5202e-01 -1.6798e+00 +2.1458e-01 +3.8579e+00 -1.8605e+00 +3.8964e+00 +1.7068e+00 +3.2604e+00 +1.9767e+00
1999 0 +2.003977634e+00 -2.100602237e+01 -2.100602237e+01 -3.6475e+00 +5.2364e-01 -1.7372e+00 +5.7006e-02 +3.9282e+00 -1.7923e+00 +3.7255e+00 +1.6219e+00 +3.2113e+00 +1.7891e+00
2005 0 +2.003779399e+00 -2.100622060e+01 -2.100622060e+01 -3.6428e+00 +4.6644e-01 -1.6333e+00 +9.1973e-02 +3.8309e+00 -1.8088e+00 +3.6496e+00 +1.5706e+00 +3.1930e+00 +1.8862e+00
2013 0 +2.002475379e+00 -2.100752462e+01 -2.100752462e+01 -3.7170e+00 +4.8144e-01 -1.7354e+00 +1.3172e-01 +3.8347e+00 -1.7486e+00 +3.7557e+00 +1.6537e+00 +3.2049e+00 +1.8080e+00
2055 0 +2.001384670e+00 -2.100861533e+01 -2.100861533e+01 -3.7373e+00 +5.0761e-01 -1.6866e+00 +1.1599e-01 +3.9086e+00 -1.8274e+00 +3.7549e+00 +1.6380e+00 +3.2292e+00 +1.9065e+00
2157 0 +2.000898070e+00 -2.100910193e+01 -2.100910193e+01 -3.6875e+00 +5.4354e-01 -1.6522e+00 +1.3815e-01 +3.8934e+00 -1.8041e+00 +3.8247e+00 +1.6439e+00 +3.1899e+00 +1.8904e+00
2179 0 +2.000667773e+00 -2.100933223e+01 -2.100933223e+01 -3.6840e+00 +4.7656e-01 -1.7008e+00 +1.5333e-01 +3.9102e+00 -1.7579e+00 +3.7243e+00 +1.6103e+00 +3.1895e+00 +1.8521e+00
2312 0 +2.000640181e+00 -2.100935982e+01 -2.100935982e+01 -3.6634e+00 +5.1976e-01 -1.7027e+00 +1.3366e-01 +3.9252e+00 -1.7525e+00 +3.8240e+00 +1.6354e+00 +3.1919e+00 +1.8759e+00
2318 0 +2.000189885e+00 -2.100981012e+01 -2.100981012e+01 -3.6854e+00 +5.1665e-01 -1.7070e+00 +1.5085e-01 +3.8905e+00 -1.7915e+00 +3.7666e+00 +1.5954e+00 +3.2213e+00 +1.8728e+00
2329 0 +1.999835240e+00 -2.101016476e+01 -2.101016476e+01 -3.7001e+00 +5.3591e-01 -1.6658e+00 +1.5924e-01 +3.9097e+00 -1.7928e+00 +3.7688e+00 +1.6342e+00 +3.1983e+00 +1.8626e+00
2470 0 +1.999751794e+00 -2.101024821e+01 -2.101024821e+01 -3.6755e+00 +5.3217e-01 -1.6675e+00 +1.3726e-01 +3.9125e+00 -1.7886e+00 +3.7563e+00 +1.6319e+00 +3.1760e+00 +1.8709e+00
% f evaluations | g evaluations | best noise-free fitness - Fopt (-3.323700000000e+02) + sum g_i+ | measured fitness | best measured fitness or single-digit g-values | x1 | x2...
1 0 +7.216841931e+01 -2.602015807e+02 -2.602015807e+02 +5.9671e-01 -3.8264e-02 +7.4769e-01 +1.6230e+00 -1.3415e-01 -1.3414e-01 +1.6792e+00 +8.6743e-01 -3.6947e-01 +6.4256e-01
4 0 +6.564731481e+01 -2.667226852e+02 -2.667226852e+02 -5.0171e-01 +1.9523e+00 +8.6503e-02 -9.5771e-01 +9.2254e-01 -1.1208e+00 +3.0886e-01 -1.8597e+00 -1.2282e+00 +2.9686e-01
22 0 +6.228837157e+01 -2.700816284e+02 -2.700816284e+02 +6.7089e-01 +1.2356e+00 +1.0540e+00 +7.5139e-01 -2.1527e-01 +8.5897e-01 -6.7283e-01 -1.3682e-01 -3.8536e-01 +1.8187e-01
36 0 +5.414061986e+01 -2.782293801e+02 -2.782293801e+02 +4.1091e-01 +1.5754e+00 +9.5766e-01 -5.9939e-02 +8.0984e-02 -9.0253e-01 +8.1487e-02 -1.8866e-01 +4.2272e-01 -7.2723e-01
92 0 +4.760469494e+01 -2.847653051e+02 -2.847653051e+02 +6.4992e-01 +8.0960e-01 +8.1909e-01 -3.3445e-01 +1.4783e+00 -2.5574e-01 +8.7289e-02 -2.0755e+00 +2.7599e-02 -5.2174e-01
105 0 +3.480824513e+01 -2.975617549e+02 -2.975617549e+02 +9.5994e-01 -1.1517e+00 +4.6432e-02 -5.0497e-01 +1.0408e+00 -1.1954e+00 -3.6685e-01 -1.3406e+00 +2.2919e-01 +1.0700e+00
116 0 +9.579648456e+00 -3.227903515e+02 -3.227903515e+02 +7.8355e-01 -3.3615e-03 -3.1326e-01 -7.2615e-01 +1.9771e+00 -1.6821e+00 -6.4550e-01 -2.0827e+00 -5.0389e-01 +5.4832e-01
381 0 +8.299434584e+00 -3.240705654e+02 -3.240705654e+02 +2.2230e+00 +4.9357e-01 +1.7734e-01 +1.1409e-01 +2.7293e+00 -3.3219e+00 +1.1871e+00 -4.6216e+00 -1.2058e+00 -1.9750e+00
668 0 +7.392483180e+00 -3.249775168e+02 -3.249775168e+02 +3.6773e-01 +4.9493e-01 +5.4247e-01 +1.1120e+00 +3.3120e+00 -1.5124e+00 -4.5592e-01 -3.1224e+00 -1.3941e+00 -7.7416e-01
738 0 +6.121801204e+00 -3.262481988e+02 -3.262481988e+02 +1.2082e+00 -9.0704e-02 +7.8151e-01 -2.0674e-01 +2.3394e+00 -1.7511e+00 -1.0549e+00 -3.3812e+00 -7.4074e-01 -3.1780e-01
785 0 +5.192049871e+00 -3.271779501e+02 -3.271779501e+02 +1.3603e+00 +1.1506e+00 -1.0752e-02 +1.9762e-01 +3.5536e+00 -2.8242e+00 -6.7480e-01 -3.2275e+00 -6.5246e-01 -1.5952e+00
805 0 +4.690245422e+00 -3.276797546e+02 -3.276797546e+02 +1.6950e+00 +2.1074e+00 +2.0530e-01 +7.2220e-01 +3.1593e+00 -2.4289e+00 +1.0673e+00 -3.8699e+00 -9.6348e-01 -3.1876e+00
856 0 +2.555131209e+00 -3.298148688e+02 -3.298148688e+02 +1.1145e+00 +1.0499e+00 -1.8137e-01 +3.8116e-01 +2.9720e+00 -2.4983e+00 +6.2366e-01 -2.4558e+00 -6.8509e-01 -1.5388e+00
865 0 +1.943315806e+00 -3.304266842e+02 -3.304266842e+02 +9.3272e-01 +1.0392e+00 -3.2929e-01 +5.0942e-01 +3.5632e+00 -2.0003e+00 -1.2764e-01 -2.8849e+00 -1.1377e+00 -1.4233e+00
1057 0 +1.593695761e+00 -3.307763042e+02 -3.307763042e+02 +1.7976e+00 +7.4240e-01 +2.0961e-01 +1.7232e-01 +2.9648e+00 -1.4948e+00 +1.8225e-02 -4.2450e+00 -1.0680e+00 -1.5264e+00
1133 0 +1.559918969e+00 -3.308100810e+02 -3.308100810e+02 +1.9520e+00 +7.6070e-01 +2.5152e-02 +2.4666e-01 +3.0405e+00 -1.8604e+00 -3.9988e-02 -4.6812e+00 -9.2379e-02 -1.9267e+00
1199 0 +1.078083706e+00 -3.312919163e+02 -3.312919163e+02 +1.7413e+00 +5.9693e-01 +1.1301e-01 +2.9457e-01 +3.2053e+00 -1.9584e+00 +1.2879e-01 -4.1428e+00 -8.7146e-01 -1.7726e+00
1405 0 +1.065020092e+00 -3.313049799e+02 -3.313049799e+02 +1.8150e+00 +4.4441e-01 -1.9486e-03 +3.3027e-01 +3.0087e+00 -1.6066e+00 +1.0583e-01 -3.8547e+00 -8.0613e-01 -1.4080e+00
1417 0 +8.976732116e-01 -3.314723268e+02 -3.314723268e+02 +1.8239e+00 +7.6191e-01 +1.4132e-01 +1.9882e-01 +2.9334e+00 -2.1905e+00 +3.7041e-01 -3.8617e+00 -7.5797e-01 -1.6384e+00
1426 0 +7.581032416e-01 -3.316118968e+02 -3.316118968e+02 +1.7533e+00 +6.3257e-01 -1.2261e-01 +2.0772e-01 +3.2221e+00 -1.9078e+00 +2.4976e-01 -3.8092e+00 -7.4858e-01 -1.5720e+00
1652 0 +7.522197847e-01 -3.316177802e+02 -3.316177802e+02 +1.7895e+00 +6.9554e-01 +1.2870e-02 +1.8809e-01 +3.0364e+00 -2.0880e+00 +3.0429e-01 -3.8617e+00 -5.8878e-01 -1.7359e+00
1765 0 +7.313616426e-01 -3.316386384e+02 -3.316386384e+02 +1.7467e+00 +3.5600e-01 -2.7884e-01 +3.7418e-02 +3.3921e+00 -2.0412e+00 +2.3812e-01 -3.9238e+00 -9.3951e-01 -1.4592e+00
1770 0 +7.197835963e-01 -3.316502164e+02 -3.316502164e+02 +1.7677e+00 +5.1337e-01 -1.2670e-01 +5.9008e-03 +3.1823e+00 -2.0352e+00 +2.4872e-01 -3.8714e+00 -8.5934e-01 -1.5172e+00
1850 0 +7.128509784e-01 -3.316571490e+02 -3.316571490e+02 +1.7701e+00 +4.8281e-01 -7.4028e-02 +1.7189e-01 +3.1743e+00 -1.8692e+00 +2.4664e-01 -4.0072e+00 -8.8355e-01 -1.5087e+00
1989 0 +7.115294785e-01 -3.316584705e+02 -3.316584705e+02 +1.8030e+00 +5.8008e-01 -6.6793e-02 +7.7549e-02 +3.0655e+00 -2.0459e+00 +3.4617e-01 -3.9465e+00 -7.2933e-01 -1.6407e+00
2055 0 +7.040571987e-01 -3.316659428e+02 -3.316659428e+02 +1.7525e+00 +6.0701e-01 -1.5546e-01 +2.1270e-01 +3.2499e+00 -2.0023e+00 +2.3729e-01 -3.9506e+00 -7.2327e-01 -1.6398e+00
2124 0 +7.003070304e-01 -3.316696930e+02 -3.316696930e+02 +1.7795e+00 +3.7839e-01 -1.9273e-01 +9.4473e-02 +3.3434e+00 -1.9555e+00 +2.7045e-01 -3.9742e+00 -9.6951e-01 -1.5069e+00
2227 0 +7.000978328e-01 -3.316699022e+02 -3.316699022e+02 +1.7412e+00 +5.2748e-01 -9.4516e-02 +1.1492e-01 +3.1842e+00 -2.0025e+00 +2.2502e-01 -3.8994e+00 -8.0607e-01 -1.5456e+00
2250 0 +6.988880279e-01 -3.316711120e+02 -3.316711120e+02 +1.7683e+00 +4.7979e-01 -1.7093e-01 +1.2357e-01 +3.2233e+00 -1.8926e+00 +1.9508e-01 -3.9000e+00 -8.4303e-01 -1.4907e+00
2296 0 +6.984197627e-01 -3.316715802e+02 -3.316715802e+02 +1.7343e+00 +5.4144e-01 -1.4584e-01 +1.7807e-01 +3.2413e+00 -2.0078e+00 +2.9707e-01 -3.8556e+00 -8.4365e-01 -1.5741e+00
2325 0 +6.977797523e-01 -3.316722202e+02 -3.316722202e+02 +1.7324e+00 +4.5125e-01 -1.9252e-01 +1.3463e-01 +3.3543e+00 -1.8729e+00 +1.5049e-01 -3.8979e+00 -9.6749e-01 -1.4560e+00
2351 0 +6.959821872e-01 -3.316740178e+02 -3.316740178e+02 +1.7573e+00 +4.5470e-01 -1.4211e-01 +1.0783e-01 +3.2718e+00 -1.9648e+00 +2.6515e-01 -3.8958e+00 -9.3292e-01 -1.4998e+00
2450 0 +6.956677342e-01 -3.316743323e+02 -3.316743323e+02 +1.7270e+00 +5.2573e-01 -1.4338e-01 +1.5085e-01 +3.2486e+00 -1.9707e+00 +2.4183e-01 -3.9032e+00 -8.5595e-01 -1.5415e+00
2457 0 +6.948881056e-01 -3.316751119e+02 -3.316751119e+02 +1.7561e+00 +5.5573e-01 -1.5056e-01 +1.6665e-01 +3.2610e+00 -1.9342e+00 +2.1063e-01 -3.9459e+00 -8.1677e-01 -1.5869e+00
2461 0 +6.943166754e-01 -3.316756833e+02 -3.316756833e+02 +1.7617e+00 +5.1286e-01 -1.4952e-01 +1.4493e-01 +3.2282e+00 -1.9198e+00 +2.2210e-01 -3.9247e+00 -8.2173e-01 -1.5495e+00
2500 0 +6.937700272e-01 -3.316762300e+02 -3.316762300e+02 +1.7329e+00 +5.5998e-01 -1.6266e-01 +2.0756e-01 +3.2762e+00 -1.8951e+00 +2.0175e-01 -3.9078e+00 -8.2232e-01 -1.5700e+00
% f evaluations | g evaluations | best noise-free fitness - Fopt (-1.231300000000e+02) + sum g_i+ | measured fitness | best measured fitness or single-digit g-values | x1 | x2...
1 0 +7.605684458e+01 -4.707315542e+01 -4.707315542e+01 +5.9671e-01 -3.8264e-02 +7.4769e-01 +1.6230e+00 -1.3415e-01 -1.3414e-01 +1.6792e+00 +8.6743e-01 -3.6947e-01 +6.4256e-01
2 0 +7.073819371e+01 -5.239180629e+01 -5.239180629e+01 -3.6342e-01 -3.6573e-01 +3.4196e-01 -1.8133e+00 -1.6249e+00 -4.6229e-01 -9.1283e-01 +4.1425e-01 -8.0802e-01 -1.3123e+00
3 0 +6.989693907e+01 -5.323306093e+01 -5.323306093e+01 +1.5656e+00 -1.2578e-01 +1.6753e-01 -1.3247e+00 -4.4438e-01 +2.1092e-01 -1.0510e+00 +4.7570e-01 -5.0064e-01 -1.9169e-01
5 0 +6.735742550e+01 -5.577257450e+01 -5.577257450e+01 +8.3847e-01 +2.7137e-01 -1.5648e-02 -2.0110e-01 -1.3785e+00 -6.1984e-01 -3.6064e-01 +1.1571e+00 +4.4362e-01 -1.6630e+00
10 0 +6.729923507e+01 -5.583076493e+01 -5.583076493e+01 +1.9708e-01 +1.0686e+00 -6.0205e-01 -2.2766e-01 -2.9211e-01 -1.3635e+00 +3.9612e-01 +3.6106e-01 +1.0511e-01 -1.3459e-01
19 0 +5.143825746e+01 -7.169174254e+01 -7.169174254e+01 +7.2567e-01 -7.5716e-01 -9.7089e-01 +5.8247e-01 -1.2346e-01 +8.1400e-01 +5.7324e-01 +2.7171e-02 -7.4679e-01 -1.4148e+00
45 0 +3.847004870e+01 -8.465995130e+01 -8.465995130e+01 +4.8407e-01 +6.7305e-02 -1.9674e+00 +1.0880e-02 -1.2045e+00 +7.6967e-01 +4.6660e-01 -8.3988e-01 -4.1387e-01 -9.5921e-01
67 0 +3.254073500e+01 -9.058926500e+01 -9.058926500e+01 -1.2911e-01 -8.2565e-03 -6.6046e-01 +1.1469e+00 +4.4859e-01 -5.3835e-01 +2.1416e-01 -1.9085e+00 -5.0171e-01 -4.9082e-01
86 0 +3.207385375e+01 -9.105614625e+01 -9.105614625e+01 +2.5106e+00 +5.3242e-01 -1.2186e+00 -8.2975e-01 +5.4511e-03 -1.4782e+00 +7.3698e-01 -3.1087e+00 -1.5751e-01 -2.3046e+00
111 0 +2.898354190e+01 -9.414645810e+01 -9.414645810e+01 +1.1511e+00 -6.9011e-01 +1.3300e+00 -3.1787e-01 +9.8619e-02 -2.2941e-01 -5.0527e-01 -3.1200e+00 +5.6827e-01 -2.0686e+00
116 0 +1.882814256e+01 -1.043018574e+02 -1.043018574e+02 -1.8846e-01 +5.3280e-01 -1.2897e+00 +1.7625e+00 +3.1788e+00 +4.9253e-01 +9.4849e-01 -2.7965e+00 -3.2609e-01 -1.8737e+00
272 0 +1.841626082e+01 -1.047137392e+02 -1.047137392e+02 +7.1210e-01 -2.4493e+00 -1.6076e+00 -6.1154e-01 +3.2607e+00 -1.1900e+00 +1.1320e+00 -2.4597e+00 +2.2212e+00 -1.9485e+00
316 0 +1.836489311e+01 -1.047651069e+02 -1.047651069e+02 +2.1264e+00 -2.2058e+00 -2.7430e+00 +1.7573e+00 +7.1742e-01 +6.1417e-02 +1.9004e+00 -2.5714e+00 +2.0407e+00 -2.6490e+00
323 0 +1.263683953e+01 -1.104931605e+02 -1.104931605e+02 +1.3499e+00 -1.0704e+00 -2.9054e+00 +4.2212e-01 +6.2664e-01 -1.3831e+00 +7.9905e-01 -1.2186e+00 +5.1090e-01 -1.1480e+00
343 0 +8.729060808e+00 -1.144009392e+02 -1.144009392e+02 +1.5215e+00 -6.5747e-01 -9.7420e-01 -9.1512e-03 +2.1356e+00 -3.2684e-01 +1.3787e+00 -3.0409e+00 +2.3669e-01 -1.8720e+00
458 0 +4.555919929e+00 -1.185740801e+02 -1.185740801e+02 +7.5115e-01 -9.3635e-01 -2.2748e+00 +1.6606e+00 +2.0830e+00 +3.5205e-01 +5.4254e-01 -3.6132e+00 +1.9291e+00 -1.7673e+00
460 0 +2.285158984e+00 -1.208448410e+02 -1.208448410e+02 +1.7198e+00 -6.3685e-01 -3.0841e+00 +8.9026e-01 +3.3347e+00 -2.5868e-01 +1.1064e+00 -3.4919e+00 +1.0804e+00 -3.2703e+00
588 0 +1.938238873e+00 -1.211917611e+02 -1.211917611e+02 +2.2918e+00 -1.0765e+00 -1.1273e+00 -5.0632e-01 +2.4249e+00 +7.8006e-01 +8.9583e-01 -3.1456e+00 +1.1214e+00 -4.0979e+00
640 0 +9.071121214e-01 -1.222228879e+02 -1.222228879e+02 +2.2361e+00 -1.5841e+00 -2.0571e+00 +7.4811e-01 +1.7238e+00 -3.4842e-01 +1.7629e+00 -4.0924e+00 +2.3001e+00 -2.3548e+00
709 0 +4.418978021e-01 -1.226881022e+02 -1.226881022e+02 +1.9183e+00 -4.3844e-01 -1.5308e+00 +8.3824e-01 +2.0180e+00 -1.4255e-03 +8.4161e-01 -3.3146e+00 +1.5175e+00 -3.6227e+00
814 0 +2.038482752e-01 -1.229261517e+02 -1.229261517e+02 +2.3842e+00 -1.6973e+00 -1.7045e+00 +5.1705e-01 +2.6962e+00 +3.2799e-01 +9.5620e-01 -3.5790e+00 +2.3856e+00 -3.1473e+00
868 0 +8.827875673e-02 -1.230417212e+02 -1.230417212e+02 +2.6837e+00 -1.2579e+00 -1.6342e+00 +1.5314e-01 +2.9831e+00 -4.9539e-01 +1.3700e+00 -3.7377e+00 +2.3213e+00 -2.8041e+00
1097 0 +4.183530054e-02 -1.230881647e+02 -1.230881647e+02 +2.1896e+00 -1.5707e+00 -2.2383e+00 +4.3739e-01 +2.5407e+00 -1.2422e-01 +1.0709e+00 -3.1434e+00 +1.9079e+00 -2.6965e+00
1110 0 +4.001718006e-02 -1.230899828e+02 -1.230899828e+02 +2.6788e+00 -1.1516e+00 -2.3757e+00 -2.4366e-01 +2.8283e+00 -2.7098e-01 +1.4447e+00 -3.2464e+00 +2.0724e+00 -3.0229e+00
1122 0 +3.492543588e-02 -1.230950746e+02 -1.230950746e+02 +2.0630e+00 -1.2325e+00 -2.0638e+00 +5.7971e-01 +2.4118e+00 +1.2593e-01 +1.0125e+00 -3.3126e+00 +1.8066e+00 -2.8660e+00
1163 0 +2.372665514e-02 -1.231062733e+02 -1.231062733e+02 +2.4432e+00 -9.4868e-01 -2.1501e+00 +1.5453e-01 +2.1873e+00 -2.8229e-01 +1.3195e+00 -3.1445e+00 +1.9359e+00 -2.9330e+00
1171 0 +4.409358019e-03 -1.231255906e+02 -1.231255906e+02 +2.4417e+00 -1.3343e+00 -2.1058e+00 +1.6889e-01 +2.7168e+00 -2.9821e-01 +1.1830e+00 -3.3386e+00 +1.9782e+00 -2.7295e+00
1339 0 +1.338109500e-03 -1.231286619e+02 -1.231286619e+02 +2.2774e+00 -1.2505e+00 -1.7420e+00 +1.9309e-01 +2.8081e+00 -3.1797e-01 +1.1036e+00 -3.4519e+00 +2.0259e+00 -2.9759e+00
1485 0 +9.430238439e-04 -1.231290570e+02 -1.231290570e+02 +2.2153e+00 -9.7172e-01 -1.9678e+00 +3.5385e-01 +2.9381e+00 -3.3453e-01 +1.1252e+00 -3.2403e+00 +1.8389e+00 -3.0103e+00
1496 0 +2.696515950e-04 -1.231297303e+02 -1.231297303e+02 +2.2991e+00 -1.1956e+00 -2.0263e+00 +3.3883e-01 +2.9487e+00 -4.4848e-01 +1.2766e+00 -3.3393e+00 +1.9950e+00 -2.8608e+00
1594 0 +2.439888836e-04 -1.231297560e+02 -1.231297560e+02 +2.4026e+00 -1.2356e+00 -1.9796e+00 +2.6332e-01 +2.6375e+00 -1.9239e-01 +1.2243e+00 -3.4465e+00 +2.0523e+00 -2.9027e+00
1670 0 +8.589897054e-05 -1.231299141e+02 -1.231299141e+02 +2.3238e+00 -1.2166e+00 -2.0081e+00 +3.3911e-01 +2.7032e+00 -3.1283e-01 +1.1583e+00 -3.3529e+00 +2.0705e+00 -2.8978e+00
1805 0 +3.965186153e-05 -1.231299603e+02 -1.231299603e+02 +2.3418e+00 -1.2655e+00 -1.9619e+00 +1.7686e-01 +2.7357e+00 -2.5619e-01 +1.1796e+00 -3.2948e+00 +2.0236e+00 -2.9327e+00
1850 0 +3.259778728e-05 -1.231299674e+02 -1.231299674e+02 +2.3993e+00 -1.1864e+00 -2.0050e+00 +2.5684e-01 +2.7430e+00 -2.8490e-01 +1.2114e+00 -3.3674e+00 +2.0346e+00 -2.9617e+00
1853 0 +2.361879132e-05 -1.231299764e+02 -1.231299764e+02 +2.3957e+00 -1.2489e+00 -2.0162e+00 +2.0638e-01 +2.8149e+00 -3.5457e-01 +1.1986e+00 -3.3242e+00 +2.0236e+00 -2.9396e+00
1916 0 +1.216351649e-05 -1.231299878e+02 -1.231299878e+02 +2.3117e+00 -1.2419e+00 -2.0067e+00 +3.0389e-01 +2.7155e+00 -3.4644e-01 +1.2119e+00 -3.3754e+00 +2.0293e+00 -2.8636e+00
1926 0 +8.504983754e-06 -1.231299915e+02 -1.231299915e+02 +2.2814e+00 -1.1603e+00 -1.9161e+00 +2.9371e-01 +2.8221e+00 -3.0031e-01 +1.1689e+00 -3.3738e+00 +1.9645e+00 -2.9363e+00
1995 0 +6.844861986e-06 -1.231299932e+02 -1.231299932e+02 +2.3633e+00 -1.2383e+00 -1.9889e+00 +2.7021e-01 +2.7088e+00 -3.1870e-01 +1.1989e+00 -3.3868e+00 +2.0458e+00 -2.9103e+00
1999 0 +3.357791627e-06 -1.231299966e+02 -1.231299966e+02 +2.3106e+00 -1.1946e+00 -1.9182e+00 +2.8533e-01 +2.8280e+00 -3.2440e-01 +1.1652e+00 -3.3228e+00 +1.9633e+00 -2.9809e+00
2170 0 +1.901020170e-06 -1.231299981e+02 -1.231299981e+02 +2.2810e+00 -1.2070e+00 -1.9484e+00 +3.1212e-01 +2.8144e+00 -3.1449e-01 +1.1848e+00 -3.3828e+00 +1.9819e+00 -2.9254e+00
2188 0 +1.628062734e-06 -1.231299984e+02 -1.231299984e+02 +2.3282e+00 -1.2333e+00 -1.9862e+00 +2.7663e-01 +2.8123e+00 -3.2105e-01 +1.2170e+00 -3.3599e+00 +1.9888e+00 -2.9238e+00
2276 0 +1.462617760e-06 -1.231299985e+02 -1.231299985e+02 +2.3318e+00 -1.2067e+00 -1.9625e+00 +2.7408e-01 +2.8717e+00 -3.2942e-01 +1.2020e+00 -3.3322e+00 +1.9842e+00 -2.9785e+00
2294 0 +8.700964003e-07 -1.231299991e+02 -1.231299991e+02 +2.3234e+00 -1.2151e+00 -1.9605e+00 +2.6198e-01 +2.8286e+00 -3.0675e-01 +1.1866e+00 -3.3622e+00 +2.0008e+00 -2.9678e+00
2320 0 +8.266632818e-07 -1.231299992e+02 -1.231299992e+02 +2.3077e+00 -1.2080e+00 -1.9786e+00 +2.9059e-01 +2.7599e+00 -3.1767e-01 +1.1983e+00 -3.3597e+00 +1.9836e+00 -2.9361e+00
