% f evaluations | g evaluations | best noise-free fitness - Fopt (-2.098800000000e+02) + sum g_i+ | measured fitness | best measured fitness or single-digit g-values | x1 | x2...
1 0 +2.352162733e+05 +2.350063933e+05 +2.350063933e+05 +5.9671e-01 -3.8264e-02
4 0 +1.560981789e+05 +1.558882989e+05 +1.558882989e+05 +1.6792e+00 +8.6743e-01
5 0 +3.882167718e+04 +3.861179718e+04 +3.861179718e+04 -3.6947e-01 +6.4256e-01
9 0 +1.272392219e+03 +1.062512219e+03 +1.062512219e+03 -9.1283e-01 +4.1425e-01
15 0 +2.781001293e+02 +6.822012935e+01 +6.822012935e+01 -1.5575e+00 +4.6514e-01
45 0 +1.525562961e+01 -1.946243704e+02 -1.946243704e+02 -6.8982e-01 +4.4475e-01
95 0 +4.647237396e+00 -2.052327626e+02 -2.052327626e+02 -6.6851e-01 +4.4894e-01
107 0 +3.317193295e+00 -2.065628067e+02 -2.065628067e+02 -4.9494e-01 +4.4775e-01
138 0 +2.908222895e+00 -2.069717771e+02 -2.069717771e+02 +4.6147e-02 +4.4680e-01
160 0 +2.623588097e+00 -2.072564119e+02 -2.072564119e+02 -6.2498e-02 +4.4710e-01
171 0 +2.597266894e+00 -2.072827331e+02 -2.072827331e+02 +4.7103e-02 +4.4900e-01
174 0 +2.404706768e+00 -2.074752932e+02 -2.074752932e+02 +2.2227e-01 +4.4914e-01
177 0 +1.189255065e+00 -2.086907449e+02 -2.086907449e+02 +2.2046e-01 +4.4848e-01
184 0 +2.733636058e-01 -2.096066364e+02 -2.096066364e+02 +7.2638e-01 +4.4778e-01
254 0 +6.352835779e-02 -2.098164716e+02 -2.098164716e+02 +9.7096e-01 +4.4791e-01
259 0 +1.130478407e-02 -2.098686952e+02 -2.098686952e+02 +1.2891e+00 +4.4807e-01
323 0 +6.492852952e-03 -2.098735071e+02 -2.098735071e+02 +1.1439e+00 +4.4806e-01
353 0 +4.410443927e-03 -2.098755896e+02 -2.098755896e+02 +1.2466e+00 +4.4795e-01
358 0 +2.896787492e-03 -2.098771032e+02 -2.098771032e+02 +1.1556e+00 +4.4801e-01
365 0 +2.374483623e-03 -2.098776255e+02 -2.098776255e+02 +1.1665e+00 +4.4802e-01
382 0 +1.812295869e-05 -2.098799819e+02 -2.098799819e+02 +1.2035e+00 +4.4800e-01
460 0 +1.484375855e-05 -2.098799852e+02 -2.098799852e+02 +1.2036e+00 +4.4800e-01
469 0 +5.007809193e-06 -2.098799950e+02 -2.098799950e+02 +1.2049e+00 +4.4800e-01
500 0 +4.344126125e-07 -2.098799996e+02 -2.098799996e+02 +1.2075e+00 +4.4800e-01
% f evaluations | g evaluations | best noise-free fitness - Fopt (-9.209000000000e+01) + sum g_i+ | measured fitness | best measured fitness or single-digit g-values | x1 | x2...
1 0 +6.621200289e+06 +6.621108199e+06 +6.621108199e+06 +5.9671e-01 -3.8264e-02
2 0 +9.959405672e+05 +9.958484772e+05 +9.958484772e+05 +7.4769e-01 +1.6230e+00
11 0 +2.713080565e+05 +2.712159665e+05 +2.712159665e+05 +9.4690e-01 +3.1323e+00
12 0 +1.628829119e+05 +1.627908219e+05 +1.627908219e+05 +1.5019e+00 +3.0499e+00
13 0 +4.377616880e+04 +4.368407880e+04 +4.368407880e+04 +1.8896e+00 +2.8292e+00
33 0 +1.957943438e+04 +1.948734438e+04 +1.948734438e+04 -2.2904e-01 +2.4885e+00
58 0 +5.455487746e+03 +5.363397746e+03 +5.363397746e+03 +8.0465e-01 +2.7001e+00
66 0 +4.628348885e+02 +3.707448885e+02 +3.707448885e+02 -6.6345e-01 +2.6000e+00
82 0 +4.585713283e+02 +3.664813283e+02 +3.664813283e+02 +4.7701e-02 +2.6429e+00
91 0 +2.002681489e+02 +1.081781489e+02 +1.081781489e+02 +2.7641e-01 +2.6077e+00
114 0 +2.401757591e+00 -8.968824241e+01 -8.968824241e+01 -1.8338e-01 +2.6203e+00
162 0 +1.031425469e+00 -9.105857453e+01 -9.105857453e+01 -9.3831e-02 +2.6223e+00
173 0 +2.028024483e-01 -9.188719755e+01 -9.188719755e+01 +9.1450e-01 +2.6220e+00
279 0 +2.884764098e-02 -9.206115236e+01 -9.206115236e+01 +6.0013e-01 +2.6215e+00
314 0 +1.915792576e-02 -9.207084207e+01 -9.207084207e+01 +7.8611e-01 +2.6217e+00
319 0 +4.182131208e-04 -9.208958179e+01 -9.208958179e+01 +7.4566e-01 +2.6216e+00
409 0 +1.878368694e-04 -9.208981216e+01 -9.208981216e+01 +7.3142e-01 +2.6216e+00
424 0 +4.063811787e-06 -9.208999594e+01 -9.208999594e+01 +7.2640e-01 +2.6216e+00
454 0 +3.671656643e-06 -9.208999633e+01 -9.208999633e+01 +7.2602e-01 +2.6216e+00
482 0 +1.040031748e-06 -9.208999896e+01 -9.208999896e+01 +7.2620e-01 +2.6216e+00
496 0 +5.776034300e-07 -9.208999942e+01 -9.208999942e+01 +7.2638e-01 +2.6216e+00
% f evaluations | g evaluations | best noise-free fitness - Fopt (-8.789000000000e+01) + sum g_i+ | measured fitness | best measured fitness or single-digit g-values | x1 | x2...
1 0 +1.356080365e+07 +1.356071576e+07 +1.356071576e+07 +5.9671e-01 -3.8264e-02
2 0 +4.151119689e+06 +4.151031799e+06 +4.151031799e+06 +7.4769e-01 +1.6230e+00
11 0 +2.941477740e+06 +2.941389850e+06 +2.941389850e+06 +7.4718e-02 +2.0559e+00
15 0 +2.539465760e+05 +2.538586860e+05 +2.538586860e+05 +9.4690e-01 +3.1323e+00
22 0 +1.334238712e+05 +1.333359812e+05 +1.333359812e+05 +8.3242e-01 +4.0232e+00
23 0 +4.290963657e+04 +4.282174657e+04 +4.282174657e+04 +1.2835e+00 +3.8509e+00
24 0 +6.958938440e+03 +6.871048440e+03 +6.871048440e+03 +1.9442e+00 +3.5556e+00
33 0 +6.198217132e+02 +5.319317132e+02 +5.319317132e+02 +2.8554e+00 +3.6207e+00
58 0 +2.253800966e+02 +1.374900966e+02 +1.374900966e+02 +9.5963e-01 +3.6607e+00
68 0 +5.134786307e+01 -3.654213693e+01 -3.654213693e+01 +3.4519e+00 +3.6523e+00
126 0 +4.320799188e+01 -4.468200812e+01 -4.468200812e+01 +4.0346e+00 +3.6512e+00
132 0 +2.948940530e+01 -5.840059470e+01 -5.840059470e+01 +4.3721e+00 +3.6492e+00
145 0 +1.753902632e+01 -7.035097368e+01 -7.035097368e+01 +4.4192e+00 +3.6457e+00
165 0 +1.671023069e+01 -7.117976931e+01 -7.117976931e+01 +4.3258e+00 +3.6456e+00
179 0 +1.652307034e+01 -7.136692966e+01 -7.136692966e+01 +4.2917e+00 +3.6453e+00
201 0 +1.650076442e+01 -7.138923558e+01 -7.138923558e+01 +4.2673e+00 +3.6451e+00
205 0 +1.324459410e+01 -7.464540590e+01 -7.464540590e+01 +3.8177e+00 +3.6446e+00
221 0 +1.263086584e+01 -7.525913416e+01 -7.525913416e+01 +3.8383e+00 +3.6460e+00
223 0 +1.177980660e+01 -7.611019340e+01 -7.611019340e+01 +3.5137e+00 +3.6469e+00
238 0 +9.691625848e+00 -7.819837415e+01 -7.819837415e+01 +3.3104e+00 +3.6447e+00
258 0 +9.214570275e+00 -7.867542973e+01 -7.867542973e+01 +2.6964e+00 +3.6440e+00
289 0 +8.281202507e+00 -7.960879749e+01 -7.960879749e+01 +3.1240e+00 +3.6456e+00
301 0 +8.109606772e+00 -7.978039323e+01 -7.978039323e+01 +2.2019e+00 +3.6476e+00
310 0 +6.720720329e+00 -8.116927967e+01 -8.116927967e+01 +2.6778e+00 +3.6458e+00
311 0 +1.251988794e+00 -8.663801121e+01 -8.663801121e+01 +1.3017e+00 +3.6457e+00
322 0 +6.013179960e-01 -8.728868200e+01 -8.728868200e+01 -5.8126e-01 +3.6455e+00
328 0 +5.863704658e-01 -8.730362953e+01 -8.730362953e+01 +6.8309e-01 +3.6450e+00
330 0 +1.394424806e-01 -8.775055752e+01 -8.775055752e+01 +5.7740e-01 +3.6455e+00
371 0 +1.219256207e-01 -8.776807438e+01 -8.776807438e+01 +1.9843e-01 +3.6453e+00
399 0 +8.969447115e-02 -8.780030553e+01 -8.780030553e+01 +3.1051e-01 +3.6453e+00
410 0 +4.687117922e-02 -8.784312882e+01 -8.784312882e+01 +1.8147e-01 +3.6454e+00
420 0 +4.524370969e-02 -8.784475629e+01 -8.784475629e+01 +3.3407e-02 +3.6456e+00
422 0 +3.570345907e-02 -8.785429654e+01 -8.785429654e+01 +3.9577e-01 +3.6455e+00
424 0 +3.045449058e-02 -8.785954551e+01 -8.785954551e+01 +7.4916e-02 +3.6456e+00
432 0 +2.233836798e-02 -8.786766163e+01 -8.786766163e+01 +9.8754e-02 +3.6456e+00
435 0 +1.871842176e-02 -8.787128158e+01 -8.787128158e+01 +1.6762e-01 +3.6455e+00
436 0 +1.679117541e-02 -8.787320882e+01 -8.787320882e+01 +1.7287e-01 +3.6457e+00
439 0 +1.425945687e-02 -8.787574054e+01 -8.787574054e+01 +1.9681e-01 +3.6457e+00
440 0 +1.416544206e-02 -8.787583456e+01 -8.787583456e+01 +2.4358e-01 +3.6455e+00
444 0 +4.114691107e-03 -8.788588531e+01 -8.788588531e+01 +2.9951e-01 +3.6456e+00
446 0 +3.243990442e-03 -8.788675601e+01 -8.788675601e+01 +2.2953e-01 +3.6457e+00
452 0 +3.965289270e-04 -8.788960347e+01 -8.788960347e+01 +2.3424e-01 +3.6456e+00
477 0 +3.256910547e-04 -8.788967431e+01 -8.788967431e+01 +2.4328e-01 +3.6456e+00
494 0 +8.993022568e-05 -8.788991007e+01 -8.788991007e+01 +2.4504e-01 +3.6456e+00
500 0 +4.902462113e-05 -8.788995098e+01 -8.788995098e+01 +2.4623e-01 +3.6456e+00
% f evaluations | g evaluations | best noise-free fitness - Fopt (3.201900000000e+02) + sum g_i+ | measured fitness | best measured fitness or single-digit g-values | x1 | x2...
1 0 +6.070704379e+06 +6.071024569e+06 +6.071024569e+06 +5.9671e-01 -3.8264e-02
3 0 +5.484298243e+06 +5.484618433e+06 +5.484618433e+06 -1.3415e-01 -1.3414e-01
6 0 +3.921525680e+06 +3.921845870e+06 +3.921845870e+06 -3.6342e-01 -3.6573e-01
7 0 +3.390326286e+05 +3.393528186e+05 +3.393528186e+05 +3.4196e-01 -1.8133e+00
16 0 +9.057499389e+04 +9.089518389e+04 +9.089518389e+04 +3.0626e-01 -2.0679e+00
19 0 +2.025131143e+03 +2.345321143e+03 +2.345321143e+03 +3.5288e-01 -2.4029e+00
78 0 +1.489869627e+01 +3.350886963e+02 +3.350886963e+02 -1.1272e+00 -2.3571e+00
87 0 +1.287976783e+01 +3.330697678e+02 +3.330697678e+02 +1.9823e-02 -2.3572e+00
89 0 +8.822210672e+00 +3.290122107e+02 +3.290122107e+02 -2.6034e+00 -2.3629e+00
152 0 +6.341950968e+00 +3.265319510e+02 +3.265319510e+02 -1.8753e+00 -2.3628e+00
171 0 +7.295591634e-01 +3.209195592e+02 +3.209195592e+02 +3.5069e-01 -2.3612e+00
188 0 +3.608735878e-01 +3.205508736e+02 +3.205508736e+02 +4.7078e-02 -2.3604e+00
226 0 +2.762311889e-01 +3.204662312e+02 +3.204662312e+02 -5.5833e-01 -2.3603e+00
235 0 +2.004116333e-01 +3.203904116e+02 +3.203904116e+02 -6.0767e-01 -2.3604e+00
248 0 +9.221010969e-02 +3.202822101e+02 +3.202822101e+02 -6.4005e-01 -2.3606e+00
279 0 +6.375555795e-02 +3.202537556e+02 +3.202537556e+02 -6.6402e-01 -2.3607e+00
290 0 +6.143181506e-02 +3.202514318e+02 +3.202514318e+02 -6.8065e-01 -2.3608e+00
300 0 +5.670938809e-02 +3.202467094e+02 +3.202467094e+02 -6.6167e-01 -2.3609e+00
301 0 +1.319649294e-02 +3.202031965e+02 +3.202031965e+02 -5.3937e-01 -2.3608e+00
313 0 +1.226543319e-02 +3.202022654e+02 +3.202022654e+02 -4.7465e-01 -2.3609e+00
314 0 +2.583801219e-03 +3.201925838e+02 +3.201925838e+02 -4.8073e-01 -2.3608e+00
333 0 +1.531838975e-03 +3.201915318e+02 +3.201915318e+02 -4.0257e-01 -2.3608e+00
340 0 +4.570749995e-04 +3.201904571e+02 +3.201904571e+02 -4.5425e-01 -2.3608e+00
342 0 +1.770025227e-04 +3.201901770e+02 +3.201901770e+02 -4.4324e-01 -2.3608e+00
385 0 +6.055956419e-06 +3.201900061e+02 +3.201900061e+02 -4.3401e-01 -2.3608e+00
442 0 +5.897269887e-06 +3.201900059e+02 +3.201900059e+02 -4.3388e-01 -2.3608e+00
449 0 +5.447946251e-06 +3.201900054e+02 +3.201900054e+02 -4.3462e-01 -2.3608e+00
453 0 +6.812727520e-07 +3.201900007e+02 +3.201900007e+02 -4.3225e-01 -2.3608e+00
500 0 +6.732682323e-07 +3.201900007e+02 +3.201900007e+02 -4.3242e-01 -2.3608e+00
% f evaluations | g evaluations | best noise-free fitness - Fopt (-1.042400000000e+02) + sum g_i+ | measured fitness | best measured fitness or single-digit g-values | x1 | x2...
1 0 +1.488989512e+07 +1.488979088e+07 +1.488979088e+07 +5.9671e-01 -3.8264e-02
3 0 +1.404258789e+07 +1.404248365e+07 +1.404248365e+07 -1.3415e-01 -1.3414e-01
6 0 +1.209437555e+07 +1.209427131e+07 +1.209427131e+07 -3.6342e-01 -3.6573e-01
7 0 +4.676578395e+06 +4.676474155e+06 +4.676474155e+06 +3.4196e-01 -1.8133e+00
15 0 +3.077349756e+06 +3.077245516e+06 +3.077245516e+06 +3.0626e-01 -2.0679e+00
16 0 +2.211626921e+06 +2.211522681e+06 +2.211522681e+06 -1.0609e+00 -2.3144e+00
18 0 +2.085547914e+06 +2.085443674e+06 +2.085443674e+06 +3.5288e-01 -2.4029e+00
21 0 +4.706911411e+05 +4.705869011e+05 +4.705869011e+05 -2.7657e+00 -4.6686e+00
22 0 +2.897355775e+05 +2.896313375e+05 +2.896313375e+05 -1.8731e+00 -4.4847e+00
24 0 +3.939860907e+03 +3.835620907e+03 +3.835620907e+03 -1.7214e+00 -3.8519e+00
29 0 +3.582834621e+02 +2.540434621e+02 +2.540434621e+02 -8.7058e-02 -3.9388e+00
70 0 +6.088793559e+00 -9.815120644e+01 -9.815120644e+01 -9.6865e-01 -3.9181e+00
194 0 +4.117667695e-01 -1.038282332e+02 -1.038282332e+02 -2.5823e-01 -3.9198e+00
263 0 +2.047823464e-01 -1.040352177e+02 -1.040352177e+02 +6.3433e-03 -3.9198e+00
276 0 +1.605612979e-01 -1.040794387e+02 -1.040794387e+02 +7.8436e-03 -3.9200e+00
421 0 +1.524684433e-01 -1.040875316e+02 -1.040875316e+02 +2.1059e-02 -3.9199e+00
422 0 +1.511692218e-01 -1.040888308e+02 -1.040888308e+02 +2.0191e-02 -3.9200e+00
432 0 +1.458729282e-01 -1.040941271e+02 -1.040941271e+02 +2.4761e-02 -3.9200e+00
438 0 +1.376558371e-01 -1.041023442e+02 -1.041023442e+02 +3.5380e-02 -3.9200e+00
439 0 +1.335111651e-01 -1.041064888e+02 -1.041064888e+02 +4.0317e-02 -3.9200e+00
447 0 +1.189061863e-01 -1.041210938e+02 -1.041210938e+02 +7.5440e-02 -3.9199e+00
452 0 +1.149088199e-01 -1.041250912e+02 -1.041250912e+02 +6.4242e-02 -3.9200e+00
474 0 +1.006682245e-01 -1.041393318e+02 -1.041393318e+02 +8.4101e-02 -3.9200e+00
478 0 +9.600427069e-02 -1.041439957e+02 -1.041439957e+02 +9.4715e-02 -3.9201e+00
480 0 +9.366441460e-02 -1.041463356e+02 -1.041463356e+02 +9.2513e-02 -3.9200e+00
483 0 +8.192940553e-02 -1.041580706e+02 -1.041580706e+02 +1.0999e-01 -3.9200e+00
488 0 +8.048132477e-02 -1.041595187e+02 -1.041595187e+02 +1.2732e-01 -3.9199e+00
% f evaluations | g evaluations | best noise-free fitness - Fopt (-6.785000000000e+01) + sum g_i+ | measured fitness | best measured fitness or single-digit g-values | x1 | x2...
1 0 +8.910343550e+06 +8.910275700e+06 +8.910275700e+06 +5.9671e-01 -3.8264e-02
2 0 +2.314834759e+06 +2.314766909e+06 +2.314766909e+06 +7.4769e-01 +1.6230e+00
17 0 +4.914918574e+05 +4.914240074e+05 +4.914240074e+05 +1.3159e+00 +2.2510e+00
22 0 +4.362296885e+05 +4.361618385e+05 +4.361618385e+05 +3.8934e+00 +3.6229e+00
24 0 +2.839617425e+05 +2.838938925e+05 +2.838938925e+05 -9.6030e-02 +3.5321e+00
31 0 +5.921250994e+04 +5.914465994e+04 +5.914465994e+04 +2.3417e+00 +3.2579e+00
58 0 +2.248963260e+03 +2.181113260e+03 +2.181113260e+03 +1.1106e+00 +3.0595e+00
65 0 +1.667808697e+03 +1.599958697e+03 +1.599958697e+03 +8.1460e-01 +3.0560e+00
77 0 +9.888044838e+02 +9.209544838e+02 +9.209544838e+02 +2.1470e+00 +3.0486e+00
89 0 +1.839497238e+01 -4.945502762e+01 -4.945502762e+01 +1.7310e+00 +3.0105e+00
90 0 +7.097732786e+00 -6.075226721e+01 -6.075226721e+01 +1.2547e+00 +3.0173e+00
205 0 +4.008383926e+00 -6.384161607e+01 -6.384161607e+01 +2.4928e+00 +3.0158e+00
222 0 +3.953652471e+00 -6.389634753e+01 -6.389634753e+01 +2.5567e+00 +3.0131e+00
228 0 +1.462547324e+00 -6.638745268e+01 -6.638745268e+01 +1.9297e+00 +3.0139e+00
269 0 +4.797010087e-01 -6.737029899e+01 -6.737029899e+01 +1.5361e+00 +3.0144e+00
292 0 +1.758477448e-01 -6.767415226e+01 -6.767415226e+01 +8.3217e-01 +3.0148e+00
314 0 +4.552965161e-02 -6.780447035e+01 -6.780447035e+01 +9.2478e-01 +3.0146e+00
362 0 +3.483365297e-02 -6.781516635e+01 -6.781516635e+01 +1.0377e+00 +3.0145e+00
367 0 +6.713465423e-03 -6.784328653e+01 -6.784328653e+01 +9.3761e-01 +3.0145e+00
380 0 +3.643867497e-03 -6.784635613e+01 -6.784635613e+01 +9.4035e-01 +3.0144e+00
398 0 +2.845282845e-03 -6.784715472e+01 -6.784715472e+01 +8.8916e-01 +3.0145e+00
426 0 +1.672674876e-03 -6.784832733e+01 -6.784832733e+01 +8.9229e-01 +3.0144e+00
428 0 +5.065462131e-04 -6.784949345e+01 -6.784949345e+01 +8.6309e-01 +3.0144e+00
445 0 +4.443730315e-04 -6.784955563e+01 -6.784955563e+01 +8.6124e-01 +3.0144e+00
446 0 +3.963940020e-04 -6.784960361e+01 -6.784960361e+01 +8.9663e-01 +3.0144e+00
448 0 +2.412534961e-05 -6.784997587e+01 -6.784997587e+01 +8.8427e-01 +3.0144e+00
475 0 +5.911422051e-06 -6.784999409e+01 -6.784999409e+01 +8.7911e-01 +3.0144e+00
% f evaluations | g evaluations | best noise-free fitness - Fopt (-3.639800000000e+02) + sum g_i+ | measured fitness | best measured fitness or single-digit g-values | x1 | x2...
1 0 +1.011258293e+07 +1.011221895e+07 +1.011221895e+07 +5.9671e-01 -3.8264e-02
2 0 +2.875150268e+06 +2.874786288e+06 +2.874786288e+06 +7.4769e-01 +1.6230e+00
11 0 +8.378739007e+05 +8.375099207e+05 +8.375099207e+05 +1.3159e+00 +2.2510e+00
14 0 +2.214526871e+04 +2.178128871e+04 +2.178128871e+04 +1.5019e+00 +3.0499e+00
18 0 +3.177984266e+03 +2.814004266e+03 +2.814004266e+03 +9.4690e-01 +3.1323e+00
40 0 +5.287865110e+01 -3.111013489e+02 -3.111013489e+02 +1.1755e+00 +3.1825e+00
61 0 +7.571937081e+00 -3.564080629e+02 -3.564080629e+02 +1.8394e+00 +3.1934e+00
133 0 +6.092124988e+00 -3.578878750e+02 -3.578878750e+02 +1.6248e+00 +3.1927e+00
147 0 +1.868856697e-01 -3.637931143e+02 -3.637931143e+02 +1.6000e+00 +3.1908e+00
201 0 +1.657802848e-02 -3.639634220e+02 -3.639634220e+02 +1.7354e+00 +3.1903e+00
281 0 +8.789946618e-03 -3.639712101e+02 -3.639712101e+02 +1.7141e+00 +3.1904e+00
291 0 +8.323707898e-03 -3.639716763e+02 -3.639716763e+02 +1.7161e+00 +3.1904e+00
305 0 +6.591078739e-03 -3.639734089e+02 -3.639734089e+02 +1.7280e+00 +3.1904e+00
347 0 +6.227571064e-03 -3.639737724e+02 -3.639737724e+02 +1.7297e+00 +3.1904e+00
351 0 +4.902359360e-03 -3.639750976e+02 -3.639750976e+02 +1.7406e+00 +3.1904e+00
361 0 +3.706223603e-03 -3.639762938e+02 -3.639762938e+02 +1.7461e+00 +3.1904e+00
371 0 +2.238971378e-03 -3.639777610e+02 -3.639777610e+02 +1.7666e+00 +3.1904e+00
441 0 +1.706344625e-03 -3.639782937e+02 -3.639782937e+02 +1.7843e+00 +3.1904e+00
442 0 +8.477165307e-04 -3.639791523e+02 -3.639791523e+02 +1.7859e+00 +3.1904e+00
452 0 +1.116755691e-04 -3.639798883e+02 -3.639798883e+02 +1.8010e+00 +3.1904e+00
496 0 +4.403333037e-06 -3.639799956e+02 -3.639799956e+02 +1.8097e+00 +3.1904e+00
% f evaluations | g evaluations | best noise-free fitness - Fopt (-1.865000000000e+01) + sum g_i+ | measured fitness | best measured fitness or single-digit g-values | x1 | x2...
1 0 +6.620591451e+06 +6.620572801e+06 +6.620572801e+06 +5.9671e-01 -3.8264e-02
3 0 +6.121448410e+06 +6.121429760e+06 +6.121429760e+06 -1.3415e-01 -1.3414e-01
6 0 +4.629475006e+06 +4.629456356e+06 +4.629456356e+06 -3.6342e-01 -3.6573e-01
7 0 +4.756327628e+05 +4.756141128e+05 +4.756141128e+05 +3.4196e-01 -1.8133e+00
15 0 +2.123776102e+04 +2.121911102e+04 +2.121911102e+04 -1.0609e+00 -2.3144e+00
17 0 +3.686991332e+03 +3.668341332e+03 +3.668341332e+03 +3.5288e-01 -2.4029e+00
74 0 +1.819305976e+03 +1.800655976e+03 +1.800655976e+03 +7.9540e-01 -2.5053e+00
76 0 +1.081817566e+03 +1.063167566e+03 +1.063167566e+03 +1.0618e+00 -2.4296e+00
88 0 +5.049790572e+02 +4.863290572e+02 +4.863290572e+02 +1.1051e+00 -2.4883e+00
91 0 +2.239029111e+02 +2.052529111e+02 +2.052529111e+02 +1.0629e+00 -2.4802e+00
93 0 +1.340211526e+02 +1.153711526e+02 +1.153711526e+02 +7.5086e-01 -2.4541e+00
120 0 +6.596191464e+00 -1.205380854e+01 -1.205380854e+01 +1.1774e+00 -2.4631e+00
168 0 +3.487599635e-01 -1.830124004e+01 -1.830124004e+01 +1.0096e+00 -2.4652e+00
191 0 +3.468637619e-01 -1.830313624e+01 -1.830313624e+01 +9.6436e-01 -2.4659e+00
192 0 +2.944406495e-01 -1.835555935e+01 -1.835555935e+01 +9.6330e-01 -2.4654e+00
241 0 +2.788745180e-01 -1.837112548e+01 -1.837112548e+01 +9.2330e-01 -2.4655e+00
248 0 +2.486877158e-01 -1.840131228e+01 -1.840131228e+01 +9.6820e-01 -2.4657e+00
253 0 +2.275023161e-01 -1.842249768e+01 -1.842249768e+01 +1.1386e+00 -2.4659e+00
262 0 +1.421477416e-01 -1.850785226e+01 -1.850785226e+01 +1.2622e+00 -2.4659e+00
292 0 +3.492320307e-02 -1.861507680e+01 -1.861507680e+01 +1.5594e+00 -2.4654e+00
296 0 +2.453983930e-02 -1.862546016e+01 -1.862546016e+01 +1.3352e+00 -2.4657e+00
309 0 +6.827442725e-03 -1.864317256e+01 -1.864317256e+01 +1.4397e+00 -2.4657e+00
326 0 +3.314665849e-03 -1.864668533e+01 -1.864668533e+01 +1.4141e+00 -2.4656e+00
346 0 +1.466848244e-04 -1.864985332e+01 -1.864985332e+01 +1.4748e+00 -2.4656e+00
389 0 +1.747204664e-06 -1.864999825e+01 -1.864999825e+01 +1.4685e+00 -2.4656e+00
% f evaluations | g evaluations | best noise-free fitness - Fopt (1.749200000000e+02) + sum g_i+ | measured fitness | best measured fitness or single-digit g-values | x1 | x2...
1 0 +2.856361298e+06 +2.856536218e+06 +2.856536218e+06 +5.9671e-01 -3.8264e-02
3 0 +2.481345022e+06 +2.481519942e+06 +2.481519942e+06 -1.3415e-01 -1.3414e-01
6 0 +2.052932436e+06 +2.053107356e+06 +2.053107356e+06 -3.6342e-01 -3.6573e-01
7 0 +9.200167426e+02 +1.094936743e+03 +1.094936743e+03 +3.4196e-01 -1.8133e+00
73 0 +3.554070707e+01 +2.104607071e+02 +2.104607071e+02 +2.1911e+00 -1.8494e+00
129 0 +8.601328496e+00 +1.835213285e+02 +1.835213285e+02 +1.8134e+00 -1.8449e+00
133 0 +7.234317817e+00 +1.821543178e+02 +1.821543178e+02 +8.8452e-01 -1.8466e+00
158 0 +6.284639144e+00 +1.812046391e+02 +1.812046391e+02 +1.0914e+00 -1.8457e+00
159 0 +4.347696433e+00 +1.792676964e+02 +1.792676964e+02 +6.8971e-01 -1.8437e+00
191 0 +2.983467325e+00 +1.779034673e+02 +1.779034673e+02 +5.0357e-01 -1.8440e+00
204 0 +2.594707950e+00 +1.775147079e+02 +1.775147079e+02 +5.8819e-01 -1.8447e+00
211 0 +4.687310403e-01 +1.753887310e+02 +1.753887310e+02 -6.0938e-01 -1.8452e+00
228 0 +1.871725763e-01 +1.751071726e+02 +1.751071726e+02 -7.9290e-01 -1.8445e+00
239 0 +5.553093379e-02 +1.749755309e+02 +1.749755309e+02 -1.3193e+00 -1.8446e+00
259 0 +3.166279754e-02 +1.749516628e+02 +1.749516628e+02 -1.1657e+00 -1.8450e+00
270 0 +2.887905070e-02 +1.749488791e+02 +1.749488791e+02 -1.0497e+00 -1.8449e+00
310 0 +3.550854621e-03 +1.749235509e+02 +1.749235509e+02 -1.2103e+00 -1.8448e+00
328 0 +2.367725574e-03 +1.749223677e+02 +1.749223677e+02 -1.1066e+00 -1.8448e+00
338 0 +1.280396772e-03 +1.749212804e+02 +1.749212804e+02 -1.1797e+00 -1.8448e+00
362 0 +9.719035974e-04 +1.749209719e+02 +1.749209719e+02 -1.1763e+00 -1.8448e+00
364 0 +2.555740911e-04 +1.749202556e+02 +1.749202556e+02 -1.1457e+00 -1.8448e+00
369 0 +6.655520059e-05 +1.749200666e+02 +1.749200666e+02 -1.1553e+00 -1.8448e+00
373 0 +1.205938088e-05 +1.749200121e+02 +1.749200121e+02 -1.1485e+00 -1.8448e+00
412 0 +9.711912327e-06 +1.749200097e+02 +1.749200097e+02 -1.1497e+00 -1.8448e+00
423 0 +4.146353831e-06 +1.749200041e+02 +1.749200041e+02 -1.1501e+00 -1.8448e+00
439 0 +3.459892781e-06 +1.749200035e+02 +1.749200035e+02 -1.1505e+00 -1.8448e+00
487 0 +1.658918990e-06 +1.749200017e+02 +1.749200017e+02 -1.1529e+00 -1.8448e+00
489 0 +2.227819778e-07 +1.749200002e+02 +1.749200002e+02 -1.1515e+00 -1.8448e+00
% f evaluations | g evaluations | best noise-free fitness - Fopt (-5.659600000000e+02) + sum g_i+ | measured fitness | best measured fitness or single-digit g-values | x1 | x2...
1 0 +7.540220961e+04 +7.483624961e+04 +7.483624961e+04 +5.9671e-01 -3.8264e-02
9 0 +3.217368456e+04 +3.160772456e+04 +3.160772456e+04 -9.1283e-01 +4.1425e-01
22 0 +2.400418867e+04 +2.343822867e+04 +2.343822867e+04 -4.6363e-01 +3.9471e-01
27 0 +8.465196520e+02 +2.805596520e+02 +2.805596520e+02 +2.2976e-01 +2.6359e-01
31 0 +6.265122834e+02 +6.055228338e+01 +6.055228338e+01 -2.0069e-01 +2.5959e-01
54 0 +2.823465523e+01 -5.377253448e+02 -5.377253448e+02 -4.3220e-01 +2.4145e-01
63 0 +8.801120056e+00 -5.571588799e+02 -5.571588799e+02 -6.3523e-02 +2.3913e-01
93 0 +1.172316382e+00 -5.647876836e+02 -5.647876836e+02 -5.4034e-01 +2.3697e-01
123 0 +1.170997791e+00 -5.647890022e+02 -5.647890022e+02 -9.1592e-01 +2.3489e-01
137 0 +3.611477167e-02 -5.659238852e+02 -5.659238852e+02 -7.9329e-01 +2.3590e-01
157 0 +2.225446725e-02 -5.659377455e+02 -5.659377455e+02 -9.9538e-01 +2.3586e-01
211 0 +8.906763677e-03 -5.659510932e+02 -5.659510932e+02 -9.5577e-01 +2.3609e-01
223 0 +3.400617134e-03 -5.659565994e+02 -5.659565994e+02 -1.0177e+00 +2.3601e-01
259 0 +2.719382096e-03 -5.659572806e+02 -5.659572806e+02 -1.0075e+00 +2.3601e-01
261 0 +2.824709885e-04 -5.659597175e+02 -5.659597175e+02 -9.4118e-01 +2.3599e-01
288 0 +2.711567195e-04 -5.659597288e+02 -5.659597288e+02 -9.7349e-01 +2.3600e-01
289 0 +1.013694451e-04 -5.659598986e+02 -5.659598986e+02 -9.6752e-01 +2.3600e-01
296 0 +5.483163341e-05 -5.659599452e+02 -5.659599452e+02 -9.5984e-01 +2.3599e-01
303 0 +6.762870953e-06 -5.659599932e+02 -5.659599932e+02 -9.5486e-01 +2.3600e-01
330 0 +2.134876809e-06 -5.659599979e+02 -5.659599979e+02 -9.5791e-01 +2.3600e-01
350 0 +1.856211043e-06 -5.659599981e+02 -5.659599981e+02 -9.5683e-01 +2.3600e-01
361 0 +1.026142286e-06 -5.659599990e+02 -5.659599990e+02 -9.5722e-01 +2.3600e-01
380 0 +1.864383421e-07 -5.659599998e+02 -5.659599998e+02 -9.5724e-01 +2.3600e-01
428 0 +1.278332320e-07 -5.659599999e+02 -5.659599999e+02 -9.5726e-01 +2.3600e-01
449 0 +7.758058018e-08 -5.659599999e+02 -5.659599999e+02 -9.5773e-01 +2.3600e-01
455 0 +1.162084118e-08 -5.659600000e+02 -5.659600000e+02 -9.5751e-01 +2.3600e-01
474 0 +7.532321433e-09 -5.659600000e+02 -5.659600000e+02 -9.5769e-01 +2.3600e-01
