% f evaluations | g evaluations | best noise-free fitness - Fopt (-1.694000000000e+01) + sum g_i+ | measured fitness | best measured fitness or single-digit g-values | x1 | x2...
1 0 +1.324093633e+01 -3.699063674e+00 -3.699063674e+00 +5.9671e-01 -3.8264e-02 +7.4769e-01 +1.6230e+00 -1.3415e-01
5 0 +1.237830438e+01 -4.561695617e+00 -4.561695617e+00 +1.5656e+00 -1.2578e-01 +1.6753e-01 -1.3247e+00 -4.4438e-01
12 0 +1.195851158e+01 -4.981488421e+00 -4.981488421e+00 +1.0313e+00 -7.3922e-01 -2.0921e-01 +4.3126e-01 +1.0755e+00
14 0 +1.086104601e+01 -6.078953987e+00 -6.078953987e+00 +1.4562e+00 +2.7990e-02 +1.1035e+00 +4.6164e-01 -5.4512e-01
25 0 +6.718572502e+00 -1.022142750e+01 -1.022142750e+01 +8.9103e-01 -8.0939e-01 +1.5028e+00 -1.3019e+00 +6.8686e-01
33 0 +5.402858708e+00 -1.153714129e+01 -1.153714129e+01 +2.2446e+00 +6.2153e-01 -1.4737e-01 -7.4435e-02 +8.0773e-02
39 0 +4.786973409e+00 -1.215302659e+01 -1.215302659e+01 +1.9499e+00 +3.8515e-01 -2.2112e-01 -1.0642e+00 +1.3691e+00
55 0 +4.399012282e+00 -1.254098772e+01 -1.254098772e+01 +2.7262e+00 +8.6755e-01 -1.6895e-01 -2.5547e-01 -3.9778e-02
65 0 +3.388288117e+00 -1.355171188e+01 -1.355171188e+01 +2.4639e+00 +5.6543e-01 -1.3702e+00 -2.0221e+00 -4.4864e-01
106 0 +1.937504705e+00 -1.500249529e+01 -1.500249529e+01 +3.9267e+00 +2.1854e+00 -1.2382e+00 -3.5565e-01 +4.9631e-01
262 0 +9.718307469e-01 -1.596816925e+01 -1.596816925e+01 +3.3515e+00 +2.1670e+00 -1.5016e+00 +1.9399e+00 +1.0029e+00
453 0 +9.020345061e-01 -1.603796549e+01 -1.603796549e+01 +4.2630e+00 +2.8932e+00 -1.2670e+00 +1.1830e+00 +1.4118e+00
481 0 +8.832075898e-01 -1.605679241e+01 -1.605679241e+01 +4.0548e+00 +2.7807e+00 -1.2213e+00 +1.1635e+00 +1.5381e+00
485 0 +8.783477466e-01 -1.606165225e+01 -1.606165225e+01 +3.3066e+00 +1.7771e+00 -1.8617e+00 +2.0531e+00 +1.1175e+00
489 0 +7.977083639e-01 -1.614229164e+01 -1.614229164e+01 +3.5106e+00 +2.1584e+00 -1.4191e+00 +1.0743e+00 +1.1846e+00
501 0 +7.818307013e-01 -1.615816930e+01 -1.615816930e+01 +4.2925e+00 +2.4533e+00 -1.5617e+00 +1.4195e+00 +1.5523e+00
519 0 +6.477099766e-01 -1.629229002e+01 -1.629229002e+01 +3.7038e+00 +2.6693e+00 -1.3002e+00 +1.4089e+00 +1.1509e+00
525 0 +4.953768333e-01 -1.644462317e+01 -1.644462317e+01 +3.8664e+00 +2.6274e+00 -1.8034e+00 +1.6044e+00 +1.5579e+00
576 0 +3.312236991e-01 -1.660877630e+01 -1.660877630e+01 +3.7427e+00 +2.6053e+00 -1.5569e+00 +1.4785e+00 +1.2560e+00
582 0 +2.903650436e-01 -1.664963496e+01 -1.664963496e+01 +3.3932e+00 +2.5085e+00 -1.6607e+00 +1.5672e+00 +1.5109e+00
697 0 +2.857005584e-01 -1.665429944e+01 -1.665429944e+01 +3.5657e+00 +2.3522e+00 -1.6911e+00 +1.5249e+00 +1.3659e+00
726 0 +1.876366970e-01 -1.675236330e+01 -1.675236330e+01 +3.7446e+00 +2.5314e+00 -1.5481e+00 +1.4679e+00 +1.4667e+00
746 0 +1.444850083e-01 -1.679551499e+01 -1.679551499e+01 +3.5874e+00 +2.5285e+00 -1.5146e+00 +1.4013e+00 +1.3954e+00
772 0 +1.248799440e-01 -1.681512006e+01 -1.681512006e+01 +3.6434e+00 +2.5666e+00 -1.5053e+00 +1.4043e+00 +1.3273e+00
866 0 +9.992849855e-02 -1.684007150e+01 -1.684007150e+01 +3.5455e+00 +2.4492e+00 -1.6198e+00 +1.5285e+00 +1.3865e+00
904 0 +5.728762380e-02 -1.688271238e+01 -1.688271238e+01 +3.5612e+00 +2.5184e+00 -1.5627e+00 +1.5158e+00 +1.3871e+00
1079 0 +4.451648352e-02 -1.689548352e+01 -1.689548352e+01 +3.6652e+00 +2.5731e+00 -1.5201e+00 +1.5132e+00 +1.4272e+00
1160 0 +3.737371534e-02 -1.690262628e+01 -1.690262628e+01 +3.6447e+00 +2.5631e+00 -1.5395e+00 +1.4968e+00 +1.4173e+00
