% f evaluations | g evaluations | best noise-free fitness - Fopt (3.590000000000e+01) + sum g_i+ | measured fitness | best measured fitness or single-digit g-values | x1 | x2...
1 0 +3.391355936e+04 +3.394945936e+04 +3.394945936e+04 +5.9671e-01 -3.8264e-02 +7.4769e-01 +1.6230e+00 -1.3415e-01
10 0 +1.809916825e+04 +1.813506825e+04 +1.813506825e+04 -6.1984e-01 -3.6064e-01 +1.1571e+00 +4.4362e-01 -1.6630e+00
15 0 +3.090526178e+03 +3.126426178e+03 +3.126426178e+03 +4.6140e-01 +1.6380e+00 +6.4174e-02 +1.6646e+00 -2.5197e+00
33 0 +2.311655741e+01 +5.901655741e+01 +5.901655741e+01 +7.0923e-01 -3.8226e-01 +2.1795e+00 +2.2357e+00 -2.6585e+00
53 0 +2.151717649e+01 +5.741717649e+01 +5.741717649e+01 +6.6357e-01 +1.2677e+00 +2.7246e+00 +2.0320e+00 -3.4144e+00
91 0 +1.272578651e+01 +4.862578651e+01 +4.862578651e+01 +1.2146e+00 -2.8270e-01 +3.1494e+00 +1.9979e+00 -3.1667e+00
304 0 +1.245741014e+01 +4.835741014e+01 +4.835741014e+01 +1.4784e+00 +3.0074e+00 +2.4439e+00 +3.6575e+00 -2.3902e+00
376 0 +9.176896716e+00 +4.507689672e+01 +4.507689672e+01 +1.6425e+00 +2.3960e+00 +2.2369e+00 +4.0680e+00 -2.0046e+00
512 0 +8.534460706e+00 +4.443446071e+01 +4.443446071e+01 +1.7776e+00 +2.5606e+00 +2.6248e+00 +4.0731e+00 -2.1890e+00
547 0 +7.997328869e+00 +4.389732887e+01 +4.389732887e+01 +1.8596e+00 +2.2217e+00 +2.5314e+00 +3.4811e+00 -2.6520e+00
549 0 +5.657213374e+00 +4.155721337e+01 +4.155721337e+01 +2.0959e+00 +1.5893e+00 +2.6212e+00 +3.9021e+00 -2.3855e+00
653 0 +3.745789495e+00 +3.964578950e+01 +3.964578950e+01 +2.1029e+00 +1.6846e+00 +2.4727e+00 +3.4778e+00 -2.1684e+00
663 0 +3.581064023e+00 +3.948106402e+01 +3.948106402e+01 +2.4644e+00 +1.7531e+00 +2.4225e+00 +3.9466e+00 -2.2406e+00
688 0 +3.514742066e+00 +3.941474207e+01 +3.941474207e+01 +2.3024e+00 +1.3627e+00 +2.7499e+00 +3.6927e+00 -2.3373e+00
702 0 +1.693749960e+00 +3.759374996e+01 +3.759374996e+01 +2.3387e+00 +1.4528e+00 +2.5877e+00 +3.0673e+00 -1.8805e+00
704 0 +1.664927820e+00 +3.756492782e+01 +3.756492782e+01 +2.5016e+00 +1.2615e+00 +2.7261e+00 +3.8676e+00 -1.8269e+00
738 0 +7.846810473e-01 +3.668468105e+01 +3.668468105e+01 +2.4365e+00 +1.1214e+00 +2.5961e+00 +3.0593e+00 -1.7510e+00
