% f evaluations | g evaluations | best noise-free fitness - Fopt (7.948000000000e+01) + sum g_i+ | measured fitness | best measured fitness or single-digit g-values | x1 | x2...
1 0 +1.011270869e+01 +8.959270869e+01 +8.959270869e+01 +5.9671e-01 -3.8264e-02 +7.4769e-01 +1.6230e+00 -1.3415e-01
9 0 +9.106632127e+00 +8.858663213e+01 +8.858663213e+01 +8.3847e-01 +2.7137e-01 -1.5648e-02 -2.0110e-01 -1.3785e+00
10 0 +8.168478149e+00 +8.764847815e+01 +8.764847815e+01 -6.1984e-01 -3.6064e-01 +1.1571e+00 +4.4362e-01 -1.6630e+00
16 0 +6.167429177e+00 +8.564742918e+01 +8.564742918e+01 +9.2190e-01 +1.8705e-01 -1.9901e-01 +1.9176e-01 -1.8876e+00
27 0 +4.499136350e+00 +8.397913635e+01 +8.397913635e+01 +6.2735e-01 -1.6364e+00 +2.5453e-01 +2.4890e-01 -3.2786e+00
35 0 +4.225774941e+00 +8.370577494e+01 +8.370577494e+01 -3.6369e-01 -8.3278e-01 -5.5419e-01 +6.5907e-01 -1.2297e+00
49 0 +2.894041555e+00 +8.237404155e+01 +8.237404155e+01 -2.6509e-01 -3.0337e-01 +5.1529e-01 +1.8350e+00 -3.2752e+00
63 0 +2.740383702e+00 +8.222038370e+01 +8.222038370e+01 -6.2625e-01 -6.8419e-01 -6.0259e-01 +7.1637e-01 -2.1657e+00
116 0 +2.487894041e+00 +8.196789404e+01 +8.196789404e+01 -5.6278e-01 -9.7456e-01 -3.4306e-01 +6.4715e-01 -2.5918e+00
122 0 +2.012765152e+00 +8.149276515e+01 +8.149276515e+01 -5.5538e-01 -8.4365e-01 -9.2012e-01 +1.4349e+00 -3.6715e+00
127 0 +1.530437012e+00 +8.101043701e+01 +8.101043701e+01 -1.1553e-01 -6.3752e-01 -7.9905e-01 +2.5840e+00 -1.8519e+00
128 0 +1.015279027e+00 +8.049527903e+01 +8.049527903e+01 -4.3081e-01 -1.1823e+00 -5.5927e-01 +1.2072e+00 -2.6262e+00
139 0 +7.768832498e-01 +8.025688325e+01 +8.025688325e+01 +3.2648e-01 -1.5936e+00 -9.6736e-01 +2.6228e+00 -2.4900e+00
164 0 +3.678080873e-01 +7.984780809e+01 +7.984780809e+01 -6.0236e-02 -1.2244e+00 -4.2074e-01 +2.3258e+00 -2.7981e+00
395 0 +2.994204432e-01 +7.977942044e+01 +7.977942044e+01 -1.4222e-01 -1.3522e+00 -4.1500e-01 +1.8312e+00 -2.7062e+00
454 0 +1.832252769e-01 +7.966322528e+01 +7.966322528e+01 +2.6180e-01 -1.1067e+00 -9.8343e-01 +2.1990e+00 -2.4833e+00
466 0 +7.722763000e-02 +7.955722763e+01 +7.955722763e+01 +2.7684e-01 -1.2778e+00 -7.2615e-01 +2.1496e+00 -2.7911e+00
499 0 +7.267993378e-02 +7.955267993e+01 +7.955267993e+01 +3.1488e-01 -1.1912e+00 -9.6323e-01 +1.8828e+00 -2.5886e+00
569 0 +5.017884545e-02 +7.953017885e+01 +7.953017885e+01 +2.5137e-01 -1.1891e+00 -5.2041e-01 +2.0135e+00 -2.6907e+00
624 0 +3.794349178e-02 +7.951794349e+01 +7.951794349e+01 +3.7812e-01 -1.2006e+00 -8.3356e-01 +1.8751e+00 -2.6054e+00
650 0 +3.565260473e-02 +7.951565260e+01 +7.951565260e+01 +2.3179e-01 -1.2341e+00 -8.0077e-01 +2.0470e+00 -2.7746e+00
684 0 +3.252968568e-02 +7.951252969e+01 +7.951252969e+01 +2.7883e-01 -1.1755e+00 -6.6386e-01 +1.7669e+00 -2.7304e+00
688 0 +2.282770735e-02 +7.950282771e+01 +7.950282771e+01 +2.1439e-01 -1.2549e+00 -6.1750e-01 +1.9240e+00 -2.6613e+00
712 0 +9.453526351e-03 +7.948945353e+01 +7.948945353e+01 +1.9446e-01 -1.1130e+00 -7.1200e-01 +1.9884e+00 -2.6925e+00
719 0 +7.515715066e-03 +7.948751572e+01 +7.948751572e+01 +2.6786e-01 -1.1590e+00 -8.0218e-01 +1.9041e+00 -2.6548e+00
722 0 +5.942774679e-03 +7.948594277e+01 +7.948594277e+01 +2.6481e-01 -1.1262e+00 -7.6625e-01 +1.8713e+00 -2.6742e+00
823 0 +4.841357277e-03 +7.948484136e+01 +7.948484136e+01 +2.3628e-01 -1.1890e+00 -6.8503e-01 +1.9708e+00 -2.6741e+00
870 0 +4.278721821e-03 +7.948427872e+01 +7.948427872e+01 +2.4267e-01 -1.1776e+00 -7.4003e-01 +1.9732e+00 -2.7168e+00
957 0 +2.574028922e-03 +7.948257403e+01 +7.948257403e+01 +2.5364e-01 -1.1556e+00 -7.4481e-01 +1.9720e+00 -2.6728e+00
1009 0 +1.046102472e-03 +7.948104610e+01 +7.948104610e+01 +2.4775e-01 -1.1831e+00 -7.1075e-01 +1.9155e+00 -2.6867e+00
1168 0 +8.530129354e-04 +7.948085301e+01 +7.948085301e+01 +2.6041e-01 -1.1702e+00 -7.2126e-01 +1.9053e+00 -2.6681e+00
1224 0 +4.162826505e-04 +7.948041628e+01 +7.948041628e+01 +2.6758e-01 -1.1650e+00 -7.2269e-01 +1.9282e+00 -2.6696e+00
