% f evaluations | g evaluations | best noise-free fitness - Fopt (9.294000000000e+01) + sum g_i+ | measured fitness | best measured fitness or single-digit g-values | x1 | x2...
1 0 +1.176336130e+01 +1.047033613e+02 +1.047033613e+02 +5.9671e-01 -3.8264e-02 +7.4769e-01 +1.6230e+00 -1.3415e-01
11 0 +1.170605370e+01 +1.046460537e+02 +1.046460537e+02 +4.2408e-01 -2.8508e-01 -5.7692e-01 +7.1168e-01 +1.1310e+00
27 0 +6.553170266e+00 +9.949317027e+01 +9.949317027e+01 +3.2266e-01 +4.1004e-02 -2.0181e-01 +3.5330e-01 -1.8684e-01
32 0 +6.074215264e+00 +9.901421526e+01 +9.901421526e+01 -1.8489e-01 +2.2349e-01 -1.8881e-01 +3.2785e-01 +3.9472e-01
76 0 +4.714313928e+00 +9.765431393e+01 +9.765431393e+01 -5.8689e-01 +1.5478e-01 -5.7356e-01 +4.4272e-01 +3.7230e-01
101 0 +3.759013818e+00 +9.669901382e+01 +9.669901382e+01 -2.9099e-01 +7.9896e-01 -8.4727e-01 +6.6650e-01 +6.2747e-01
126 0 +3.331186330e+00 +9.627118633e+01 +9.627118633e+01 -2.8133e-01 +5.9888e-01 +2.9673e-01 +8.9142e-01 +5.2103e-01
166 0 +2.177340738e+00 +9.511734074e+01 +9.511734074e+01 -3.4085e-01 +4.1961e-01 -4.3494e-01 +1.1578e+00 +1.5199e+00
250 0 +1.997327461e+00 +9.493732746e+01 +9.493732746e+01 -8.1270e-02 +1.1172e+00 +4.8502e-03 +2.2180e+00 +1.9307e+00
266 0 +1.379387978e+00 +9.431938798e+01 +9.431938798e+01 -3.3982e-01 +5.4898e-01 -6.0665e-03 +1.8658e+00 +1.7376e+00
335 0 +7.299341378e-01 +9.366993414e+01 +9.366993414e+01 -3.8891e-01 +1.2526e+00 +9.8757e-02 +2.3924e+00 +1.5541e+00
463 0 +6.358540171e-01 +9.357585402e+01 +9.357585402e+01 -1.2522e-01 +1.0963e+00 +1.3456e-01 +3.1113e+00 +2.0954e+00
475 0 +3.184236216e-01 +9.325842362e+01 +9.325842362e+01 -4.7895e-01 +1.0935e+00 +3.7473e-02 +2.6598e+00 +2.1430e+00
481 0 +1.772653519e-01 +9.311726535e+01 +9.311726535e+01 -3.8479e-01 +8.1877e-01 +1.7800e-01 +2.8057e+00 +2.3414e+00
583 0 +1.093977495e-01 +9.304939775e+01 +9.304939775e+01 -3.5272e-01 +8.3391e-01 +1.0826e-01 +2.8267e+00 +2.2004e+00
665 0 +7.857183534e-02 +9.301857184e+01 +9.301857184e+01 -2.9368e-01 +7.8842e-01 +1.8443e-01 +3.1920e+00 +2.5173e+00
666 0 +3.196599505e-02 +9.297196600e+01 +9.297196600e+01 -2.9299e-01 +7.0306e-01 +2.0224e-01 +3.0140e+00 +2.4611e+00
840 0 +2.925147965e-02 +9.296925148e+01 +9.296925148e+01 -2.5685e-01 +7.7710e-01 +2.3035e-01 +2.9531e+00 +2.2416e+00
851 0 +2.654498258e-02 +9.296654498e+01 +9.296654498e+01 -2.9465e-01 +7.7534e-01 +2.8332e-01 +3.2329e+00 +2.5065e+00
886 0 +2.092690865e-02 +9.296092691e+01 +9.296092691e+01 -1.7832e-01 +8.0794e-01 +3.2007e-01 +3.1178e+00 +2.2986e+00
897 0 +2.043119717e-02 +9.296043120e+01 +9.296043120e+01 -1.8318e-01 +7.5354e-01 +2.4339e-01 +3.0816e+00 +2.3312e+00
900 0 +1.169007162e-02 +9.295169007e+01 +9.295169007e+01 -2.2264e-01 +6.8904e-01 +2.7427e-01 +3.0939e+00 +2.3711e+00
942 0 +9.011210944e-03 +9.294901121e+01 +9.294901121e+01 -2.4415e-01 +7.8518e-01 +2.1870e-01 +3.0905e+00 +2.4006e+00
943 0 +7.299341378e-03 +9.294729934e+01 +9.294729934e+01 -2.1245e-01 +7.5016e-01 +2.4538e-01 +3.0114e+00 +2.3131e+00
991 0 +7.395215107e-09 +9.294000001e+01 +9.294000001e+01 -2.1859e-01 +7.1477e-01 +2.7307e-01 +3.1203e+00 +2.4104e+00
