% f evaluations | g evaluations | best noise-free fitness - Fopt (-4.620900000000e+02) + sum g_i+ | measured fitness | best measured fitness or single-digit g-values | x1 | x2...
1 0 +1.853564154e+02 -2.767335846e+02 -2.767335846e+02 +5.9671e-01 -3.8264e-02 +7.4769e-01 +1.6230e+00 -1.3415e-01 -1.3414e-01 +1.6792e+00 +8.6743e-01 -3.6947e-01 +6.4256e-01
61 0 +1.617283976e+02 -3.003616024e+02 -3.003616024e+02 -7.0757e-01 -4.4689e-01 +7.4986e-01 -1.2825e+00 +8.6119e-01 +6.3591e-01 +1.2918e+00 +1.1617e+00 -5.7699e-01 +3.9527e-02
86 0 +9.949764465e+01 -3.625923553e+02 -3.625923553e+02 -8.4765e-01 +6.6701e-01 +8.0768e-01 +7.7431e-01 +1.8895e+00 +5.5598e-01 +1.9906e+00 +1.0747e+00 +7.7680e-01 +1.2660e-01
170 0 +7.839891494e+01 -3.836910851e+02 -3.836910851e+02 -8.5524e-01 +2.5594e+00 +1.5340e+00 -5.1311e-01 +1.8226e+00 +2.0517e+00 +1.5989e+00 +1.7978e+00 +1.0377e+00 +8.6209e-04
530 0 +6.909333063e+01 -3.929966694e+02 -3.929966694e+02 +2.4949e-01 +1.5287e+00 +2.3629e+00 +6.1632e-01 +1.6680e+00 +2.1842e+00 +2.0785e+00 +2.6040e+00 +1.2279e+00 -4.7477e-01
562 0 +6.199119033e+01 -4.000988097e+02 -4.000988097e+02 +4.9273e-01 +2.3571e+00 +1.6584e+00 +7.2471e-01 +1.2166e+00 +1.5741e+00 +2.0471e+00 +2.2153e+00 +1.7084e+00 -1.0830e-01
617 0 +4.791071310e+01 -4.141792869e+02 -4.141792869e+02 +2.3524e-01 +1.3631e+00 +1.2909e+00 +1.4332e+00 +1.8188e+00 +1.1415e+00 +1.9604e+00 +2.5817e+00 +7.1685e-01 -2.5647e-01
973 0 +4.443476956e+01 -4.176552304e+02 -4.176552304e+02 +7.1301e-01 +2.1985e+00 +1.3731e+00 +1.5601e+00 +1.5698e+00 +1.6694e+00 +1.5754e+00 +2.5905e+00 +1.0801e+00 +6.6568e-01
1204 0 +3.497058450e+01 -4.271194155e+02 -4.271194155e+02 +5.0963e-01 +2.2626e+00 +1.2682e+00 +6.5723e-01 +1.6827e+00 +1.5747e+00 +1.9814e+00 +2.5210e+00 +1.4970e+00 +7.6215e-02
1303 0 +2.882164038e+01 -4.332683596e+02 -4.332683596e+02 +3.3985e-01 +2.3575e+00 +1.4207e+00 +7.1395e-01 +1.6984e+00 +1.6179e+00 +1.6512e+00 +2.5476e+00 +1.3912e+00 +2.9148e-02
1703 0 +2.719391003e+01 -4.348960900e+02 -4.348960900e+02 +3.6123e-01 +2.1940e+00 +1.4347e+00 +7.3803e-01 +1.6251e+00 +1.6245e+00 +2.1302e+00 +2.5562e+00 +1.7462e+00 +1.3050e-01
1751 0 +2.706045896e+01 -4.350295410e+02 -4.350295410e+02 +4.3908e-01 +2.2134e+00 +1.4421e+00 +6.7665e-01 +1.7039e+00 +1.6585e+00 +2.1046e+00 +2.6752e+00 +1.4762e+00 -7.8008e-03
1752 0 +2.542468967e+01 -4.366653103e+02 -4.366653103e+02 +4.0140e-01 +2.2163e+00 +1.4637e+00 +7.0976e-01 +1.6545e+00 +1.5809e+00 +2.0816e+00 +2.6253e+00 +1.5322e+00 +2.9703e-02
1801 0 +2.394569608e+01 -4.381443039e+02 -4.381443039e+02 +5.1794e-01 +2.2760e+00 +1.3783e+00 +7.0998e-01 +1.6531e+00 +1.6909e+00 +2.1055e+00 +2.5889e+00 +1.5386e+00 +3.3581e-02
1802 0 +1.957187369e+01 -4.425181263e+02 -4.425181263e+02 +3.9014e-01 +2.3810e+00 +1.4623e+00 +7.6423e-01 +1.5669e+00 +1.5652e+00 +2.1402e+00 +2.6069e+00 +1.4432e+00 +4.5135e-02
1851 0 +1.639052879e+01 -4.456994712e+02 -4.456994712e+02 +4.7810e-01 +2.2716e+00 +1.4829e+00 +7.5903e-01 +1.7125e+00 +1.6713e+00 +2.1153e+00 +2.5865e+00 +1.4475e+00 +4.0402e-02
1902 0 +1.350170127e+01 -4.485882987e+02 -4.485882987e+02 +4.3402e-01 +2.2528e+00 +1.3503e+00 +7.4088e-01 +1.7045e+00 +1.6589e+00 +2.0460e+00 +2.5803e+00 +1.4454e+00 +4.5532e-02
1951 0 +1.313526133e+01 -4.489547387e+02 -4.489547387e+02 +3.5245e-01 +2.3893e+00 +1.4083e+00 +7.6680e-01 +1.6735e+00 +1.6363e+00 +2.0656e+00 +2.6009e+00 +1.4383e+00 +6.6341e-02
1953 0 +1.180255235e+01 -4.502874477e+02 -4.502874477e+02 +4.2040e-01 +2.2751e+00 +1.3763e+00 +7.2724e-01 +1.7211e+00 +1.6709e+00 +2.1194e+00 +2.6055e+00 +1.4604e+00 +4.9888e-02
2051 0 +1.056600212e+01 -4.515239979e+02 -4.515239979e+02 +4.0052e-01 +2.3509e+00 +1.3953e+00 +7.3465e-01 +1.6550e+00 +1.6643e+00 +2.0690e+00 +2.5913e+00 +1.4541e+00 +6.2380e-02
2201 0 +1.022202688e+01 -4.518679731e+02 -4.518679731e+02 +4.0753e-01 +2.2782e+00 +1.3830e+00 +7.3061e-01 +1.6887e+00 +1.6499e+00 +2.0965e+00 +2.5908e+00 +1.4396e+00 +5.4869e-02
2251 0 +9.947875516e+00 -4.521421245e+02 -4.521421245e+02 +3.9581e-01 +2.2961e+00 +1.4183e+00 +7.4180e-01 +1.6766e+00 +1.6345e+00 +2.0848e+00 +2.5859e+00 +1.4514e+00 +6.2959e-02
2301 0 +9.821864320e+00 -4.522681357e+02 -4.522681357e+02 +3.7936e-01 +2.3072e+00 +1.4013e+00 +7.2675e-01 +1.6745e+00 +1.6316e+00 +2.0583e+00 +2.6035e+00 +1.4539e+00 +5.7944e-02
2351 0 +9.802849736e+00 -4.522871503e+02 -4.522871503e+02 +3.4600e-01 +2.3218e+00 +1.4046e+00 +7.2682e-01 +1.6524e+00 +1.6382e+00 +2.0962e+00 +2.6119e+00 +1.4464e+00 +6.1114e-02
2352 0 +9.775970060e+00 -4.523140299e+02 -4.523140299e+02 +3.1637e-01 +2.3073e+00 +1.3798e+00 +7.3064e-01 +1.6721e+00 +1.6235e+00 +2.0854e+00 +2.6086e+00 +1.4589e+00 +5.9132e-02
2355 0 +9.759932833e+00 -4.523300672e+02 -4.523300672e+02 +4.1357e-01 +2.3032e+00 +1.3688e+00 +7.3298e-01 +1.6516e+00 +1.6632e+00 +2.0886e+00 +2.6025e+00 +1.4540e+00 +6.6827e-02
2401 0 +9.524837929e+00 -4.525651621e+02 -4.525651621e+02 +3.9161e-01 +2.2832e+00 +1.3936e+00 +7.2945e-01 +1.6531e+00 +1.6478e+00 +2.0873e+00 +2.5961e+00 +1.4461e+00 +4.7376e-02
2406 0 +9.498596697e+00 -4.525914033e+02 -4.525914033e+02 +4.0465e-01 +2.3026e+00 +1.3864e+00 +7.3307e-01 +1.6472e+00 +1.6260e+00 +2.0975e+00 +2.6157e+00 +1.4637e+00 +5.5558e-02
2452 0 +9.458531333e+00 -4.526314687e+02 -4.526314687e+02 +3.9298e-01 +2.3038e+00 +1.3892e+00 +7.4791e-01 +1.6545e+00 +1.6498e+00 +2.0836e+00 +2.5982e+00 +1.4510e+00 +4.8689e-02
% f evaluations | g evaluations | best noise-free fitness - Fopt (7.766000000000e+01) + sum g_i+ | measured fitness | best measured fitness or single-digit g-values | x1 | x2...
1 0 +9.660815261e+02 +1.043741526e+03 +1.043741526e+03 +5.9671e-01 -3.8264e-02 +7.4769e-01 +1.6230e+00 -1.3415e-01 -1.3414e-01 +1.6792e+00 +8.6743e-01 -3.6947e-01 +6.4256e-01
2 0 +3.267643722e+02 +4.044243722e+02 +4.044243722e+02 -3.6342e-01 -3.6573e-01 +3.4196e-01 -1.8133e+00 -1.6249e+00 -4.6229e-01 -9.1283e-01 +4.1425e-01 -8.0802e-01 -1.3123e+00
5 0 +3.023963309e+02 +3.800563309e+02 +3.800563309e+02 +8.3847e-01 +2.7137e-01 -1.5648e-02 -2.0110e-01 -1.3785e+00 -6.1984e-01 -3.6064e-01 +1.1571e+00 +4.4362e-01 -1.6630e+00
8 0 +2.159533632e+02 +2.936133632e+02 +2.936133632e+02 +4.6140e-01 +1.6380e+00 +6.4174e-02 +1.6646e+00 -2.5197e+00 +9.2190e-01 +1.8705e-01 -1.9901e-01 +1.9176e-01 -1.8876e+00
19 0 +1.949667295e+02 +2.726267295e+02 +2.726267295e+02 +7.2567e-01 -7.5716e-01 -9.7089e-01 +5.8247e-01 -1.2346e-01 +8.1400e-01 +5.7324e-01 +2.7171e-02 -7.4679e-01 -1.4148e+00
70 0 +1.887469308e+02 +2.664069308e+02 +2.664069308e+02 -1.6142e+00 +1.6667e+00 +9.6609e-01 +7.2734e-01 +9.8588e-01 -2.5900e+00 +4.2934e-01 -1.9956e-01 -5.9465e-01 -2.0045e+00
137 0 +1.722339686e+02 +2.498939686e+02 +2.498939686e+02 +1.6563e+00 -6.1169e-01 -1.4269e-01 +1.3811e+00 +3.3777e-01 -3.9866e-01 -9.9298e-01 -1.0228e+00 -1.6313e+00 -4.2634e+00
300 0 +1.707711119e+02 +2.484311119e+02 +2.484311119e+02 +1.4991e+00 -5.6943e-04 +5.9479e-02 +1.4121e+00 +2.3151e-01 +1.0484e+00 -1.8645e+00 -1.7341e+00 -1.2407e-01 -2.9442e+00
354 0 +1.687606178e+02 +2.464206178e+02 +2.464206178e+02 +3.7104e-01 +2.8023e+00 -2.2341e+00 +2.5657e+00 +2.2467e+00 -1.8018e+00 -1.7040e+00 -7.1372e-01 -4.8013e-01 -3.6252e+00
452 0 +1.472521781e+02 +2.249121781e+02 +2.249121781e+02 +1.7466e+00 +1.4978e+00 -1.0054e+00 +1.0688e+00 -4.0288e-01 -1.9789e-01 -1.1564e+00 -1.7787e-01 -1.7560e-01 -4.1891e+00
504 0 +1.260917875e+02 +2.037517875e+02 +2.037517875e+02 +2.0639e+00 +2.5534e+00 -8.4023e-02 +2.4366e+00 +1.3944e+00 -9.8287e-02 -1.1940e+00 -4.7234e-01 -5.9942e-01 -4.8675e+00
618 0 +1.259309755e+02 +2.035909755e+02 +2.035909755e+02 +6.9706e-01 +2.5300e+00 -4.6172e-01 +2.9972e+00 +1.2680e+00 -1.8611e+00 +4.7981e-01 +5.1474e-01 -5.3752e-01 -3.8891e+00
634 0 +1.048148757e+02 +1.824748757e+02 +1.824748757e+02 +7.3563e-01 -6.0854e-01 -1.4574e-01 +2.5703e+00 +1.8817e+00 -3.3837e-01 -1.1603e+00 -1.0454e+00 -5.1066e-01 -3.0840e+00
851 0 +1.030331772e+02 +1.806931772e+02 +1.806931772e+02 +1.2386e+00 +1.1599e-02 -5.7326e-01 +3.2732e+00 +1.6333e+00 -7.4163e-01 +4.3823e-02 +1.7594e-01 -6.5563e-03 -3.8255e+00
875 0 +8.052932608e+01 +1.581893261e+02 +1.581893261e+02 +1.5276e+00 +1.0246e+00 -2.3709e-01 +3.8754e+00 +5.5137e-01 -5.3975e-01 -3.5732e-01 +7.0940e-01 -6.5443e-01 -3.9003e+00
922 0 +7.919397509e+01 +1.568539751e+02 +1.568539751e+02 +1.4781e+00 -5.7280e-01 -1.3770e-01 +2.5611e+00 +1.3587e+00 -8.7869e-01 -6.8620e-01 +9.4832e-02 -8.8566e-01 -2.7279e+00
1019 0 +7.447380202e+01 +1.521338020e+02 +1.521338020e+02 +1.3382e+00 -1.0437e-01 -4.8056e-01 +3.4680e+00 +1.3053e+00 -1.1340e+00 +5.5776e-02 +7.4086e-01 -5.9489e-01 -3.8308e+00
1077 0 +7.166602097e+01 +1.493260210e+02 +1.493260210e+02 +6.9031e-01 -1.5468e-01 -1.1907e+00 +3.9963e+00 +1.9513e+00 -1.2049e+00 -3.3624e-01 +1.4832e-01 -3.9904e-01 -4.1401e+00
1418 0 +6.531514048e+01 +1.429751405e+02 +1.429751405e+02 +2.2938e+00 +9.8649e-01 -2.6612e-01 +3.8885e+00 +1.6495e+00 -4.9241e-01 +5.5180e-02 +8.7235e-01 +1.3312e-01 -3.7666e+00
2043 0 +5.381762741e+01 +1.314776274e+02 +1.314776274e+02 +1.3592e+00 -1.7099e+00 -1.6471e-01 +4.5902e+00 +1.9569e+00 -1.1030e+00 +1.1937e-01 -1.1027e-01 -1.3617e-01 -4.4756e+00
% f evaluations | g evaluations | best noise-free fitness - Fopt (1.156800000000e+02) + sum g_i+ | measured fitness | best measured fitness or single-digit g-values | x1 | x2...
1 0 +4.663113385e+02 +5.819913385e+02 +5.819913385e+02 +5.9671e-01 -3.8264e-02 +7.4769e-01 +1.6230e+00 -1.3415e-01 -1.3414e-01 +1.6792e+00 +8.6743e-01 -3.6947e-01 +6.4256e-01
5 0 +4.086425043e+02 +5.243225043e+02 +5.243225043e+02 +8.3847e-01 +2.7137e-01 -1.5648e-02 -2.0110e-01 -1.3785e+00 -6.1984e-01 -3.6064e-01 +1.1571e+00 +4.4362e-01 -1.6630e+00
10 0 +4.078295672e+02 +5.235095672e+02 +5.235095672e+02 +1.9708e-01 +1.0686e+00 -6.0205e-01 -2.2766e-01 -2.9211e-01 -1.3635e+00 +3.9612e-01 +3.6106e-01 +1.0511e-01 -1.3459e-01
11 0 +3.956551217e+02 +5.113351217e+02 +5.113351217e+02 -1.3154e+00 -3.2065e-01 -2.4271e-01 -7.0228e-01 -6.1286e-02 +5.0405e-01 +1.9862e+00 +2.7458e-01 +3.5755e-01 +2.5554e-02
30 0 +3.384790107e+02 +4.541590107e+02 +4.541590107e+02 -1.0812e-01 -3.9300e-01 -4.8936e-01 +9.4960e-01 +4.5702e-01 -5.9291e-01 +9.9960e-01 +4.0730e-01 +9.1286e-01 +7.2963e-01
42 0 +2.899113119e+02 +4.055913119e+02 +4.055913119e+02 +8.1161e-01 -1.0246e+00 -1.4341e+00 +1.3777e+00 +4.3231e-01 -6.4849e-01 +1.6512e+00 +2.1567e-01 +1.2793e+00 +1.6752e-01
52 0 +1.978793177e+02 +3.135593177e+02 +3.135593177e+02 +4.1297e-01 +7.0005e-02 -2.2406e+00 -1.8377e-01 -5.0238e-01 -3.7394e+00 +1.7316e+00 +1.3172e+00 +2.9849e+00 -1.4175e+00
201 0 +1.666784689e+02 +2.823584689e+02 +2.823584689e+02 +1.9865e-02 -1.1511e+00 -2.9689e+00 +2.8547e-01 +1.8643e+00 -1.5691e+00 +1.9046e+00 +9.7117e-01 +3.7866e+00 -1.8676e-01
252 0 +1.495367445e+02 +2.652167445e+02 +2.652167445e+02 +9.9775e-03 -1.8981e+00 -1.7614e+00 +4.6228e+00 +2.9528e+00 -4.3691e+00 +1.6813e+00 +3.4789e+00 +1.9374e+00 -2.5479e+00
302 0 +1.437842048e+02 +2.594642048e+02 +2.594642048e+02 +5.5236e-01 -1.3816e+00 -2.9918e+00 +4.2332e+00 +2.1489e+00 -2.6285e+00 +2.6488e+00 +2.2105e+00 +3.5567e+00 -2.7604e+00
356 0 +1.419013676e+02 +2.575813676e+02 +2.575813676e+02 +1.6008e-02 +1.0517e-01 -1.2184e+00 +1.0763e+00 +2.4860e+00 -2.1392e+00 +2.5757e+00 -1.8641e-01 +3.5794e+00 -4.1805e-01
456 0 +9.822811316e+01 +2.139081132e+02 +2.139081132e+02 +1.9166e-01 -1.4819e+00 -3.4006e+00 +3.6774e+00 +1.9606e+00 -4.3240e+00 +3.4995e+00 +1.5078e+00 +2.9128e+00 -2.2552e+00
554 0 +9.777220919e+01 +2.134522092e+02 +2.134522092e+02 -7.9329e-02 -9.1477e-01 -2.1668e+00 +3.4564e+00 +1.8934e+00 -2.6772e+00 +2.3319e+00 +2.1218e+00 +3.1764e+00 -1.6083e+00
957 0 +9.414829128e+01 +2.098282913e+02 +2.098282913e+02 +2.7871e-02 +8.9188e-01 -2.2871e+00 +4.1031e+00 +2.4574e+00 -4.7844e+00 +3.2710e+00 +2.7509e+00 +3.6252e+00 -1.9723e+00
1002 0 +8.762481315e+01 +2.033048131e+02 +2.033048131e+02 +1.1752e+00 -3.6368e-01 -1.0958e+00 +3.1189e+00 +2.4983e+00 -3.0956e+00 +2.6208e+00 +2.1068e+00 +3.4779e+00 -2.1185e+00
1035 0 +8.505279538e+01 +2.007327954e+02 +2.007327954e+02 +2.1740e+00 +7.1517e-01 -2.7675e-01 +3.6983e+00 +2.9389e+00 -3.6250e+00 +3.1144e+00 +3.4578e+00 +2.9972e+00 -2.2063e+00
1293 0 +8.332906788e+01 +1.990090679e+02 +1.990090679e+02 +1.4001e+00 -1.8823e+00 -1.0014e+00 +4.2450e+00 +2.9060e+00 -3.2918e+00 +3.0698e+00 +2.1444e+00 +3.1083e+00 -1.4326e+00
1413 0 +8.049972377e+01 +1.961797238e+02 +1.961797238e+02 +2.1304e+00 -1.1431e+00 -6.7936e-01 +4.5013e+00 +2.8754e+00 -2.5633e+00 +3.1334e+00 +1.8986e+00 +2.6860e+00 -2.0378e+00
1440 0 +7.869575815e+01 +1.943757582e+02 +1.943757582e+02 +1.8476e+00 -3.6845e+00 -1.9689e+00 +4.3388e+00 +2.3752e+00 -3.2804e+00 +3.6115e+00 +2.7341e+00 +3.6003e+00 -1.5440e+00
1445 0 +4.765332110e+01 +1.633333211e+02 +1.633333211e+02 +2.1915e+00 -1.8416e+00 -4.6295e-01 +3.1455e+00 +3.0091e+00 -3.1656e+00 +3.6920e+00 +2.7965e+00 +3.1779e+00 -2.2187e+00
% f evaluations | g evaluations | best noise-free fitness - Fopt (-3.710000000000e+00) + sum g_i+ | measured fitness | best measured fitness or single-digit g-values | x1 | x2...
1 0 +1.283811730e+03 +1.280101730e+03 +1.280101730e+03 +5.9671e-01 -3.8264e-02 +7.4769e-01 +1.6230e+00 -1.3415e-01 -1.3414e-01 +1.6792e+00 +8.6743e-01 -3.6947e-01 +6.4256e-01
2 0 +4.597740225e+02 +4.560640225e+02 +4.560640225e+02 -3.6342e-01 -3.6573e-01 +3.4196e-01 -1.8133e+00 -1.6249e+00 -4.6229e-01 -9.1283e-01 +4.1425e-01 -8.0802e-01 -1.3123e+00
3 0 +4.038094646e+02 +4.000994646e+02 +4.000994646e+02 +1.5656e+00 -1.2578e-01 +1.6753e-01 -1.3247e+00 -4.4438e-01 +2.1092e-01 -1.0510e+00 +4.7570e-01 -5.0064e-01 -1.9169e-01
4 0 +3.738814481e+02 +3.701714481e+02 +3.701714481e+02 -5.0171e-01 +1.9523e+00 +8.6503e-02 -9.5771e-01 +9.2254e-01 -1.1208e+00 +3.0886e-01 -1.8597e+00 -1.2282e+00 +2.9686e-01
6 0 +2.289166342e+02 +2.252066342e+02 +2.252066342e+02 +4.2408e-01 -2.8508e-01 -5.7692e-01 +7.1168e-01 +1.1310e+00 +1.0313e+00 -7.3922e-01 -2.0921e-01 +4.3126e-01 +1.0755e+00
12 0 +1.945385258e+02 +1.908285258e+02 +1.908285258e+02 -1.8188e+00 +7.3486e-02 +1.6023e-01 +2.5632e+00 -9.2361e-02 +4.0155e-01 +6.5288e-02 -1.0687e+00 +1.2428e+00 +8.5193e-01
54 0 +1.404501940e+02 +1.367401940e+02 +1.367401940e+02 -6.3502e-01 +1.0856e+00 +7.7497e-02 +1.8006e+00 -5.1220e-01 +3.0947e+00 -7.8821e-01 -2.4170e+00 +2.3351e+00 +1.3794e+00
459 0 +1.125704816e+02 +1.088604816e+02 +1.088604816e+02 +1.2447e+00 -4.3114e-01 +1.6415e+00 +3.3571e+00 +2.3977e+00 +3.8044e+00 -1.6114e+00 -1.8714e+00 +2.6562e-01 +1.0006e+00
702 0 +1.043165575e+02 +1.006065575e+02 +1.006065575e+02 +1.2326e+00 -1.4843e+00 +2.8968e-01 +2.3625e+00 +1.7256e+00 +2.6292e+00 -1.1347e+00 -2.1100e+00 +1.9531e+00 +7.4774e-01
704 0 +8.313577551e+01 +7.942577551e+01 +7.942577551e+01 +9.1676e-01 -3.2595e-01 -6.3268e-01 +3.0312e+00 +2.9753e+00 +2.6093e+00 -1.1151e+00 -1.1178e+00 +1.5682e+00 +1.2307e+00
833 0 +7.593809982e+01 +7.222809982e+01 +7.222809982e+01 +9.1909e-01 -1.2012e+00 +4.0485e-01 +4.5321e+00 +2.0460e+00 +3.0856e+00 -4.3706e-01 -1.5185e+00 +1.2435e+00 +1.3236e+00
1078 0 +7.495104355e+01 +7.124104355e+01 +7.124104355e+01 +9.4175e-01 -1.7140e+00 +8.7585e-01 +3.1957e+00 +1.3307e+00 +2.7437e+00 -2.1432e-01 -1.9838e+00 +2.0511e+00 +7.1639e-01
1114 0 +7.201628619e+01 +6.830628619e+01 +6.830628619e+01 +1.5458e+00 -2.2518e+00 +5.7221e-01 +3.3193e+00 +1.9729e+00 +3.6698e+00 -3.6292e-01 -2.4274e+00 +1.2926e+00 +9.0906e-01
1273 0 +6.760575549e+01 +6.389575549e+01 +6.389575549e+01 +1.2738e+00 -2.2671e+00 +1.0712e+00 +3.7872e+00 +3.1090e+00 +3.6341e+00 -1.3825e+00 -1.2277e+00 +1.9871e+00 +3.2826e-01
1415 0 +5.912785468e+01 +5.541785468e+01 +5.541785468e+01 +1.0986e-01 -2.2787e+00 +4.0049e-01 +4.6534e+00 +2.6581e+00 +4.7945e+00 -1.9709e-01 -2.3682e+00 +1.6154e+00 +6.5782e-01
1665 0 +5.752543762e+01 +5.381543762e+01 +5.381543762e+01 +1.3109e+00 -1.6493e+00 +8.4022e-01 +3.9890e+00 +2.7201e+00 +4.1279e+00 -2.3301e-01 -2.0383e+00 +1.5185e+00 +3.8412e-01
1825 0 +5.738889354e+01 +5.367889354e+01 +5.367889354e+01 +1.0490e+00 -2.1654e+00 +7.4095e-01 +4.7331e+00 +2.4533e+00 +3.1803e+00 -4.6311e-01 -1.9510e+00 +2.2836e+00 +3.1865e-01
2463 0 +5.649819195e+01 +5.278819195e+01 +5.278819195e+01 +2.0729e+00 -1.5895e+00 +9.7198e-01 +3.9846e+00 +2.0425e+00 +2.2207e+00 -5.6226e-03 -2.0231e+00 +1.5819e+00 +6.0291e-01
% f evaluations | g evaluations | best noise-free fitness - Fopt (1.321800000000e+02) + sum g_i+ | measured fitness | best measured fitness or single-digit g-values | x1 | x2...
1 0 +1.741069028e+02 +3.062869028e+02 +3.062869028e+02 +5.9671e-01 -3.8264e-02 +7.4769e-01 +1.6230e+00 -1.3415e-01 -1.3414e-01 +1.6792e+00 +8.6743e-01 -3.6947e-01 +6.4256e-01
9 0 +1.635570621e+02 +2.957370621e+02 +2.957370621e+02 -1.1967e-01 +4.5711e-01 +1.5779e+00 -4.1827e-01 -7.0849e-01 -4.0176e-01 +1.0154e+00 +4.2875e-01 -4.2976e-01 +6.1327e-01
30 0 +1.409925261e+02 +2.731725261e+02 +2.731725261e+02 -1.0812e-01 -3.9300e-01 -4.8936e-01 +9.4960e-01 +4.5702e-01 -5.9291e-01 +9.9960e-01 +4.0730e-01 +9.1286e-01 +7.2963e-01
65 0 +1.304343595e+02 +2.626143595e+02 +2.626143595e+02 +7.4451e-01 +1.1713e+00 +2.2153e-01 +6.2498e-01 +8.5255e-01 -6.5647e-01 +1.4492e+00 -7.4891e-01 +1.5367e-01 +2.5597e-01
96 0 +1.194285166e+02 +2.516085166e+02 +2.516085166e+02 -1.4835e+00 -7.4167e-02 +1.0066e+00 -5.9881e-01 +1.1324e+00 -1.2406e+00 +1.8157e+00 +1.1803e+00 +1.7120e-01 -5.4254e-01
425 0 +1.141215295e+02 +2.463015295e+02 +2.463015295e+02 -1.2511e+00 +1.4179e+00 +1.2102e+00 -2.0070e+00 +1.1478e+00 -2.4459e+00 +2.2631e+00 +9.0319e-01 +9.3725e-01 +5.2629e-01
602 0 +8.870807692e+01 +2.208880769e+02 +2.208880769e+02 +7.9862e-01 +1.6381e+00 +1.1219e+00 -4.6776e-01 +3.9906e-01 -9.2106e-01 +1.8566e+00 +5.5447e-01 +6.5006e-01 +1.1621e-01
751 0 +8.439732597e+01 +2.165773260e+02 +2.165773260e+02 +2.0621e+00 +1.4768e+00 +2.0364e+00 -8.1723e-01 +6.2423e-01 -1.1646e+00 +1.7493e+00 +1.0014e+00 +8.3035e-01 +5.4841e-01
766 0 +6.829161618e+01 +2.004716162e+02 +2.004716162e+02 +6.4893e-01 +5.6797e-01 +2.1543e+00 -5.9073e-01 +1.8621e+00 -1.4509e+00 +1.6679e+00 +5.4558e-01 +6.6116e-01 +1.0755e+00
770 0 +6.428130005e+01 +1.964613001e+02 +1.964613001e+02 +1.7090e+00 +2.9052e+00 +2.1249e+00 -4.6929e-01 +1.9383e+00 -2.1212e+00 +2.2156e+00 -7.9056e-01 +5.2726e-01 -2.6800e-01
1029 0 +5.930004526e+01 +1.914800453e+02 +1.914800453e+02 +2.6411e+00 +1.3369e+00 +1.9963e+00 -6.7322e-01 +2.3678e+00 -1.0418e+00 +1.7203e+00 +1.9463e-01 +4.7996e-01 +4.3232e-01
1200 0 +5.809419459e+01 +1.902741946e+02 +1.902741946e+02 +2.0624e+00 +2.2395e+00 +2.9306e+00 -8.4605e-01 +1.7623e+00 -5.4136e-01 +1.7781e+00 -3.5318e-01 +8.9137e-01 +7.7526e-02
1426 0 +5.309110258e+01 +1.852711026e+02 +1.852711026e+02 +1.7807e+00 +1.5914e+00 +2.7802e+00 -1.6859e+00 +2.0060e+00 -5.8498e-01 +1.7931e+00 -2.9225e-01 +9.0813e-01 +1.0153e+00
1736 0 +4.824210158e+01 +1.804221016e+02 +1.804221016e+02 +2.5187e+00 +1.5144e+00 +2.7394e+00 -7.4857e-01 +1.9584e+00 -1.0749e+00 +1.2668e+00 +9.3168e-02 +9.2901e-01 +9.6091e-01
2318 0 +4.593511962e+01 +1.781151196e+02 +1.781151196e+02 +2.8467e+00 +2.4493e+00 +2.5358e+00 -2.5773e+00 +1.3480e+00 -4.7126e-01 +2.1971e+00 -1.0496e+00 +6.0730e-01 +4.3132e-01
% f evaluations | g evaluations | best noise-free fitness - Fopt (-3.930000000000e+01) + sum g_i+ | measured fitness | best measured fitness or single-digit g-values | x1 | x2...
1 0 +3.455688871e+02 +3.062688871e+02 +3.062688871e+02 +5.9671e-01 -3.8264e-02 +7.4769e-01 +1.6230e+00 -1.3415e-01 -1.3414e-01 +1.6792e+00 +8.6743e-01 -3.6947e-01 +6.4256e-01
5 0 +2.715103742e+02 +2.322103742e+02 +2.322103742e+02 +8.3847e-01 +2.7137e-01 -1.5648e-02 -2.0110e-01 -1.3785e+00 -6.1984e-01 -3.6064e-01 +1.1571e+00 +4.4362e-01 -1.6630e+00
51 0 +1.999738007e+02 +1.606738007e+02 +1.606738007e+02 +1.9452e+00 +3.0254e-01 -1.6705e+00 +2.7622e+00 -2.6354e-01 -2.9284e+00 +1.4197e+00 +1.0187e+00 +6.4266e-01 -2.9942e+00
54 0 +1.803759709e+02 +1.410759709e+02 +1.410759709e+02 -1.5334e+00 -1.2467e+00 +1.4369e-01 +1.2773e+00 +4.2702e-01 -2.6661e+00 -3.4896e-01 +2.9595e+00 +5.0785e-01 -2.8360e+00
116 0 +1.517174227e+02 +1.124174227e+02 +1.124174227e+02 +1.7372e+00 -3.5856e+00 -1.0205e+00 +2.7129e+00 +4.4678e-01 -2.4129e+00 +7.9531e-01 +1.4481e+00 +1.1286e+00 -3.3717e+00
311 0 +1.402768769e+02 +1.009768769e+02 +1.009768769e+02 -2.8090e-01 -1.9903e+00 +8.8494e-01 +3.1735e+00 +2.1867e-01 -2.0090e+00 +7.5841e-01 +1.5946e+00 +8.7724e-01 -2.3953e+00
401 0 +1.345098618e+02 +9.520986180e+01 +9.520986180e+01 +1.4809e+00 -5.7242e-01 -8.2521e-01 +1.9145e+00 -1.4053e+00 -2.5294e+00 +1.2544e+00 +1.7995e+00 +1.3698e+00 -3.2798e+00
477 0 +1.163480501e+02 +7.704805009e+01 +7.704805009e+01 +7.8754e-01 -2.3728e+00 +2.3730e-01 +4.4874e+00 +2.7376e-01 -2.7824e+00 +3.4889e+00 +1.9841e+00 +1.4689e+00 -4.2878e+00
561 0 +1.042925685e+02 +6.499256846e+01 +6.499256846e+01 -4.7824e-01 -4.5195e-01 -1.3711e+00 +2.1786e+00 -6.3916e-01 -2.9583e+00 +2.6368e+00 +2.5599e+00 +7.5683e-01 -3.5431e+00
566 0 +1.033195184e+02 +6.401951837e+01 +6.401951837e+01 +1.3007e+00 -1.9385e+00 +1.4178e+00 +2.5774e+00 +9.2677e-01 -2.4162e+00 +1.1793e+00 +1.6652e+00 +1.3737e-01 -3.3056e+00
609 0 +1.016564809e+02 +6.235648086e+01 +6.235648086e+01 +2.8588e-01 -1.3744e+00 +1.4739e-01 +3.2828e+00 -1.6873e-01 -1.4733e+00 +2.6785e+00 +2.9112e+00 +2.6104e-01 -3.7383e+00
653 0 +8.179393306e+01 +4.249393306e+01 +4.249393306e+01 +7.0646e-01 -2.1926e-01 +1.5051e-01 +4.0797e+00 -8.1483e-02 -2.2835e+00 +1.8620e+00 +2.4979e+00 +7.4643e-01 -3.6892e+00
878 0 +6.891231731e+01 +2.961231731e+01 +2.961231731e+01 +6.1189e-01 -1.3498e+00 +1.4208e+00 +3.2433e+00 +1.6792e-01 -3.1118e+00 +2.9568e+00 +1.6692e+00 +1.1339e+00 -2.8291e+00
1018 0 +6.857778121e+01 +2.927778121e+01 +2.927778121e+01 -3.4010e-01 -1.9905e+00 +1.4747e+00 +4.1400e+00 +3.1309e-01 -2.3541e+00 +3.0948e+00 +2.0290e+00 +9.2933e-01 -3.0093e+00
1138 0 +5.678883402e+01 +1.748883402e+01 +1.748883402e+01 +1.5523e+00 -1.3899e+00 +1.6886e+00 +4.1025e+00 +4.8203e-01 -2.0291e+00 +3.0583e+00 +1.3201e+00 +1.5152e+00 -3.3489e+00
1154 0 +4.589044569e+01 +6.590445686e+00 +6.590445686e+00 +6.3213e-01 -1.2515e+00 +7.3394e-01 +2.8534e+00 +3.9238e-01 -2.4517e+00 +3.1763e+00 +2.4588e+00 +1.0841e+00 -3.3644e+00
1647 0 +4.194952098e+01 +2.649520979e+00 +2.649520979e+00 +6.4276e-01 -2.2240e+00 +1.5134e+00 +3.3921e+00 +2.8176e-01 -2.4108e+00 +3.7264e+00 +2.1731e+00 +1.4403e+00 -3.0496e+00
1700 0 +3.966866394e+01 +3.686639388e-01 +3.686639388e-01 +1.5857e+00 -2.8974e+00 +9.0387e-01 +4.0672e+00 +3.0938e-01 -3.4286e+00 +3.0968e+00 +2.0959e+00 +1.8403e+00 -3.6568e+00
1791 0 +3.220917769e+01 -7.090822308e+00 -7.090822308e+00 +1.5248e+00 -1.2020e+00 +1.4545e+00 +4.0573e+00 +2.2759e-01 -2.8830e+00 +3.1278e+00 +1.7220e+00 +1.5109e+00 -3.0618e+00
% f evaluations | g evaluations | best noise-free fitness - Fopt (4.296000000000e+01) + sum g_i+ | measured fitness | best measured fitness or single-digit g-values | x1 | x2...
1 0 +1.128380150e+03 +1.171340150e+03 +1.171340150e+03 +5.9671e-01 -3.8264e-02 +7.4769e-01 +1.6230e+00 -1.3415e-01 -1.3414e-01 +1.6792e+00 +8.6743e-01 -3.6947e-01 +6.4256e-01
2 0 +2.399413221e+02 +2.829013221e+02 +2.829013221e+02 -3.6342e-01 -3.6573e-01 +3.4196e-01 -1.8133e+00 -1.6249e+00 -4.6229e-01 -9.1283e-01 +4.1425e-01 -8.0802e-01 -1.3123e+00
4 0 +1.885418751e+02 +2.315018751e+02 +2.315018751e+02 -5.0171e-01 +1.9523e+00 +8.6503e-02 -9.5771e-01 +9.2254e-01 -1.1208e+00 +3.0886e-01 -1.8597e+00 -1.2282e+00 +2.9686e-01
10 0 +1.732621617e+02 +2.162221617e+02 +2.162221617e+02 +1.9708e-01 +1.0686e+00 -6.0205e-01 -2.2766e-01 -2.9211e-01 -1.3635e+00 +3.9612e-01 +3.6106e-01 +1.0511e-01 -1.3459e-01
25 0 +1.376321026e+02 +1.805921026e+02 +1.805921026e+02 -6.9252e-01 -1.4736e-02 +6.0499e-01 +9.6576e-01 -1.1003e+00 -2.3450e-01 -3.7495e-01 -5.5333e-01 +1.8655e+00 +5.0498e-01
61 0 +1.164208859e+02 +1.593808859e+02 +1.593808859e+02 -1.6966e+00 +1.2638e+00 +4.0733e-01 +2.0138e+00 +3.2980e-01 -1.1925e+00 -1.0091e+00 -2.5189e+00 +1.4923e+00 -4.0920e-01
567 0 +8.676063319e+01 +1.297206332e+02 +1.297206332e+02 -2.5946e-01 +1.7105e+00 +1.8395e+00 +3.5615e+00 -2.5082e-01 -3.0113e+00 -8.7050e-01 -1.5375e+00 +1.0119e+00 +2.3942e-01
963 0 +8.572402116e+01 +1.286840212e+02 +1.286840212e+02 +5.2869e-01 +1.7970e+00 +1.4864e+00 +9.4365e-01 +2.4852e-01 -3.2064e+00 -6.5689e-02 -2.9415e+00 +8.9752e-01 +2.7778e-01
980 0 +6.625893118e+01 +1.092189312e+02 +1.092189312e+02 -3.2475e-01 +2.0533e-01 +2.5492e+00 +8.9065e-01 +1.7492e-01 -2.2689e+00 +2.7963e-01 -7.5144e-01 +1.7344e+00 +1.2733e+00
2196 0 +6.036482185e+01 +1.033248218e+02 +1.033248218e+02 -4.4889e-01 +1.7643e+00 +1.4825e+00 +1.6564e+00 +6.4143e-01 -3.3442e+00 -9.1597e-01 -2.4728e+00 +1.4292e+00 +5.2497e-01
2198 0 +5.622705160e+01 +9.918705160e+01 +9.918705160e+01 +3.9570e-01 +2.6051e+00 +1.2602e+00 +2.1050e+00 +2.7744e-01 -2.2631e+00 -2.4321e-01 -1.5442e+00 +1.5379e+00 +2.9929e-01
% f evaluations | g evaluations | best noise-free fitness - Fopt (2.842200000000e+02) + sum g_i+ | measured fitness | best measured fitness or single-digit g-values | x1 | x2...
1 0 +2.872070476e+02 +5.714270476e+02 +5.714270476e+02 +5.9671e-01 -3.8264e-02 +7.4769e-01 +1.6230e+00 -1.3415e-01 -1.3414e-01 +1.6792e+00 +8.6743e-01 -3.6947e-01 +6.4256e-01
8 0 +2.785682463e+02 +5.627882463e+02 +5.627882463e+02 +4.6140e-01 +1.6380e+00 +6.4174e-02 +1.6646e+00 -2.5197e+00 +9.2190e-01 +1.8705e-01 -1.9901e-01 +1.9176e-01 -1.8876e+00
36 0 +2.186614458e+02 +5.028814458e+02 +5.028814458e+02 +4.1091e-01 +1.5754e+00 +9.5766e-01 -5.9939e-02 +8.0984e-02 -9.0253e-01 +8.1487e-02 -1.8866e-01 +4.2272e-01 -7.2723e-01
53 0 +2.142399179e+02 +4.984599179e+02 +4.984599179e+02 +2.2779e+00 +1.6795e+00 -1.1596e+00 +2.9765e-01 -2.3353e+00 -2.2677e-01 +1.3455e+00 +1.6870e-01 +6.6601e-01 -1.9843e+00
76 0 +1.922794127e+02 +4.764994127e+02 +4.764994127e+02 +1.2391e-01 +2.7352e-01 -9.2927e-01 +1.0026e-01 -7.1527e-01 +1.7861e-01 +1.7596e+00 +1.0832e+00 +2.0138e-01 -2.1499e+00
109 0 +1.686995065e+02 +4.529195065e+02 +4.529195065e+02 -1.1641e+00 +3.1604e-02 -2.2832e+00 +4.9753e-01 +1.6747e+00 -8.9672e-01 +3.5721e+00 +1.3036e+00 -4.8614e-01 -3.6513e+00
360 0 +1.630696773e+02 +4.472896773e+02 +4.472896773e+02 -9.1988e-01 -2.7801e+00 -4.9894e-01 +1.0656e+00 +2.7210e-01 -4.1211e-01 +2.8025e+00 -2.4262e-01 +5.5325e-01 -3.9939e+00
382 0 +1.601033133e+02 +4.443233133e+02 +4.443233133e+02 -1.2989e+00 -5.5008e-01 -2.0094e+00 +1.5649e+00 +1.8501e+00 -3.1045e+00 +2.5632e+00 +2.4990e+00 -3.5452e-01 -3.0248e+00
417 0 +1.499525237e+02 +4.341725237e+02 +4.341725237e+02 +1.3873e+00 -3.3226e+00 -4.5515e-01 +2.8711e+00 +4.0941e-01 -1.4422e+00 +2.0139e+00 +4.6533e-01 +6.4535e-01 -2.6797e+00
455 0 +1.351555856e+02 +4.193755856e+02 +4.193755856e+02 -7.7454e-01 +1.0727e+00 -2.8815e-01 +1.5178e+00 +7.0237e-01 -2.0496e+00 +1.8694e+00 +1.9293e+00 +5.0839e-01 -3.5522e+00
575 0 +1.262603839e+02 +4.104803839e+02 +4.104803839e+02 +7.9533e-01 -1.2780e+00 +1.0076e-01 +3.1174e+00 +5.5127e-01 -1.6987e+00 +1.6599e+00 +4.0911e-01 -2.2483e-01 -3.6002e+00
594 0 +1.222405676e+02 +4.064605676e+02 +4.064605676e+02 -1.1809e+00 -9.4685e-01 -1.3503e+00 +2.0800e+00 -3.8349e-01 -3.0021e+00 +1.6342e+00 +1.2637e+00 +2.8202e-01 -2.7265e+00
607 0 +9.947877592e+01 +3.836987759e+02 +3.836987759e+02 -1.0544e-02 -1.7932e+00 -2.7435e-01 +2.9912e+00 +7.6448e-01 -3.1746e+00 +2.2166e+00 +3.1714e+00 -1.4066e-01 -2.5738e+00
640 0 +6.782284757e+01 +3.520428476e+02 +3.520428476e+02 +3.9799e-02 -1.0245e+00 -4.1879e-01 +2.1635e+00 -6.5204e-01 -2.9403e+00 +3.3829e+00 +1.1266e+00 -2.3719e-01 -2.8715e+00
1010 0 +6.646973554e+01 +3.506897355e+02 +3.506897355e+02 +1.2339e+00 -2.9098e-01 -2.5580e-01 +2.7097e+00 +6.9341e-01 -2.9904e+00 +2.4543e+00 +9.8487e-01 -1.7344e-01 -3.0197e+00
1244 0 +6.104244110e+01 +3.452624411e+02 +3.452624411e+02 +9.8690e-01 -2.1653e-01 -2.8604e-01 +1.5827e+00 +1.2021e+00 -3.7939e+00 +2.9431e+00 +1.7655e+00 -1.8242e-01 -3.4129e+00
1245 0 +4.953524015e+01 +3.337552401e+02 +3.337552401e+02 +1.5493e-01 +6.1317e-01 -3.5346e-01 +3.4210e+00 +1.4807e-01 -4.1343e+00 +3.0465e+00 +1.7678e+00 -1.3325e-01 -2.8454e+00
1680 0 +4.420911269e+01 +3.284291127e+02 +3.284291127e+02 +1.9946e-01 -3.4718e-01 +1.8659e-01 +2.9921e+00 +7.7876e-01 -3.4697e+00 +3.3097e+00 +9.3313e-01 -1.3234e-01 -2.2273e+00
% f evaluations | g evaluations | best noise-free fitness - Fopt (-3.217000000000e+01) + sum g_i+ | measured fitness | best measured fitness or single-digit g-values | x1 | x2...
1 0 +1.254530934e+03 +1.222360934e+03 +1.222360934e+03 +5.9671e-01 -3.8264e-02 +7.4769e-01 +1.6230e+00 -1.3415e-01 -1.3414e-01 +1.6792e+00 +8.6743e-01 -3.6947e-01 +6.4256e-01
2 0 +2.988261007e+02 +2.666561007e+02 +2.666561007e+02 -3.6342e-01 -3.6573e-01 +3.4196e-01 -1.8133e+00 -1.6249e+00 -4.6229e-01 -9.1283e-01 +4.1425e-01 -8.0802e-01 -1.3123e+00
5 0 +2.684744231e+02 +2.363044231e+02 +2.363044231e+02 +8.3847e-01 +2.7137e-01 -1.5648e-02 -2.0110e-01 -1.3785e+00 -6.1984e-01 -3.6064e-01 +1.1571e+00 +4.4362e-01 -1.6630e+00
7 0 +2.291453874e+02 +1.969753874e+02 +1.969753874e+02 -3.7917e-01 -8.5659e-02 -1.0063e+00 -1.0962e+00 +9.1253e-01 +1.4562e+00 +2.7990e-02 +1.1035e+00 +4.6164e-01 -5.4512e-01
20 0 +2.283004189e+02 +1.961304189e+02 +1.961304189e+02 -3.4651e-01 +9.5640e-01 +3.1409e-01 -1.1457e+00 +2.7318e-01 +4.8532e-01 -7.8386e-01 +2.5373e-01 +1.5821e-01 -1.0430e+00
37 0 +2.272136698e+02 +1.950436698e+02 +1.950436698e+02 +6.1935e-01 +1.6327e+00 -8.7601e-03 +5.0171e-01 +7.9014e-01 -3.0122e-01 +3.2409e-01 +1.1259e-01 +1.9768e-01 -6.7301e-01
43 0 +2.188937530e+02 +1.867237530e+02 +1.867237530e+02 +2.1607e+00 +1.8553e+00 -1.4896e-01 +1.0716e+00 +7.4538e-01 +1.4686e+00 -8.6492e-01 +7.8605e-01 +1.1584e+00 -1.6587e+00
51 0 +1.787077294e+02 +1.465377294e+02 +1.465377294e+02 -1.0946e-01 -9.6052e-02 -1.5644e+00 -1.1878e+00 +5.3089e-01 +1.4293e+00 -1.3749e-01 +1.8469e+00 -2.4627e-01 -1.7821e+00
53 0 +1.253358021e+02 +9.316580214e+01 +9.316580214e+01 +3.4480e-01 +4.2387e+00 +7.4770e-01 +1.0375e+00 +2.0723e+00 +1.5352e+00 -5.9223e-01 +1.0822e+00 +1.2244e-01 -3.3436e+00
324 0 +1.136818996e+02 +8.151189964e+01 +8.151189964e+01 -8.7374e-01 +1.9210e+00 +1.9452e-02 -1.2712e+00 +2.0391e+00 +1.2055e+00 -2.3151e-01 +1.8678e+00 +8.1860e-01 -2.0858e+00
506 0 +1.057916495e+02 +7.362164954e+01 +7.362164954e+01 -2.7465e+00 +2.9253e-01 -4.0263e-01 +6.3661e-01 +1.2470e+00 +1.0252e+00 -6.8515e-01 +3.6261e+00 +3.2627e-01 -3.0931e+00
555 0 +8.535068254e+01 +5.318068254e+01 +5.318068254e+01 -1.3055e+00 +1.3990e-01 -8.7965e-01 -1.0470e-01 +7.2400e-01 +1.0689e+00 -5.2820e-02 +3.0836e+00 +1.0914e+00 -1.7600e+00
743 0 +7.918303630e+01 +4.701303630e+01 +4.701303630e+01 -5.3238e-01 +1.6374e-01 -5.6606e-01 -7.3805e-01 +2.9744e+00 +2.6356e+00 -5.3036e-01 +2.6187e+00 +2.9723e-01 -2.7504e+00
976 0 +6.670579225e+01 +3.453579225e+01 +3.453579225e+01 +4.7907e-01 +2.7858e+00 -2.7387e-01 -2.3634e-01 +2.6832e+00 +1.8687e+00 +1.8480e-01 +3.4483e+00 +5.9672e-01 -2.7053e+00
1232 0 +6.525306641e+01 +3.308306641e+01 +3.308306641e+01 +4.4710e-01 +1.9029e+00 +2.6442e-01 -1.4492e-01 +3.6928e+00 +2.7693e+00 -2.6026e-01 +3.2586e+00 +1.0308e+00 -2.0291e+00
1331 0 +6.101492351e+01 +2.884492351e+01 +2.884492351e+01 +1.3526e+00 +2.4321e+00 +4.4760e-01 -9.2065e-01 +1.9471e+00 +1.6908e+00 -6.0350e-01 +2.6366e+00 +9.4155e-01 -2.7981e+00
2013 0 +5.925316233e+01 +2.708316233e+01 +2.708316233e+01 -2.3354e-01 +1.7923e+00 -4.5692e-01 -8.7802e-01 +3.0305e+00 +5.2059e-01 -5.9661e-01 +3.0772e+00 +8.6285e-01 -2.0836e+00
2445 0 +5.878948589e+01 +2.661948589e+01 +2.661948589e+01 -6.5164e-01 +1.9840e+00 -2.6213e-01 -3.2851e-01 +2.4561e+00 +2.1211e+00 -6.4694e-01 +3.0179e+00 +5.9977e-01 -2.7368e+00
% f evaluations | g evaluations | best noise-free fitness - Fopt (-5.858000000000e+01) + sum g_i+ | measured fitness | best measured fitness or single-digit g-values | x1 | x2...
1 0 +3.091167199e+02 +2.505367199e+02 +2.505367199e+02 +5.9671e-01 -3.8264e-02 +7.4769e-01 +1.6230e+00 -1.3415e-01 -1.3414e-01 +1.6792e+00 +8.6743e-01 -3.6947e-01 +6.4256e-01
10 0 +3.080712949e+02 +2.494912949e+02 +2.494912949e+02 +1.9708e-01 +1.0686e+00 -6.0205e-01 -2.2766e-01 -2.9211e-01 -1.3635e+00 +3.9612e-01 +3.6106e-01 +1.0511e-01 -1.3459e-01
30 0 +2.793727110e+02 +2.207927110e+02 +2.207927110e+02 -1.0812e-01 -3.9300e-01 -4.8936e-01 +9.4960e-01 +4.5702e-01 -5.9291e-01 +9.9960e-01 +4.0730e-01 +9.1286e-01 +7.2963e-01
42 0 +2.643067199e+02 +2.057267199e+02 +2.057267199e+02 +8.1161e-01 -1.0246e+00 -1.4341e+00 +1.3777e+00 +4.3231e-01 -6.4849e-01 +1.6512e+00 +2.1567e-01 +1.2793e+00 +1.6752e-01
51 0 +2.348377141e+02 +1.762577141e+02 +1.762577141e+02 +1.4183e+00 +7.6017e-01 -1.7582e+00 -7.7641e-01 +1.2803e+00 -3.3917e+00 +2.3646e+00 +1.8153e+00 +1.3037e+00 -3.3224e-01
58 0 +2.095267027e+02 +1.509467027e+02 +1.509467027e+02 +5.7579e-01 -9.0548e-01 -7.2909e-01 +1.8670e+00 +1.1207e+00 -1.7247e+00 +2.5374e+00 +3.4924e-01 +6.8079e-01 +6.5685e-01
186 0 +1.952410003e+02 +1.366610003e+02 +1.366610003e+02 +1.2436e+00 +9.1466e-01 -1.4243e+00 -8.5481e-01 +2.5167e+00 -4.4433e+00 +1.5217e+00 +3.9478e+00 +1.6054e+00 -1.3494e+00
352 0 +1.918720779e+02 +1.332920779e+02 +1.332920779e+02 +3.0098e-01 -6.0325e-01 -1.3228e+00 -1.7073e+00 +3.0733e+00 -2.7774e+00 +2.4651e+00 +3.3067e+00 +3.5314e-01 +1.1066e+00
361 0 +1.547280120e+02 +9.614801200e+01 +9.614801200e+01 +2.4505e+00 +5.9186e-01 +7.8366e-01 +6.7087e-02 +2.8510e+00 -4.3217e+00 +1.9283e+00 +2.6232e+00 +9.1980e-01 +1.4391e+00
411 0 +1.430706322e+02 +8.449063216e+01 +8.449063216e+01 +1.5151e+00 +3.6364e+00 +1.6616e-01 +1.1471e+00 +3.8308e+00 -2.9379e+00 +6.9843e-01 +2.0965e+00 +1.6516e+00 +9.7028e-01
424 0 +1.346855998e+02 +7.610559981e+01 +7.610559981e+01 +6.5837e-01 +2.0089e-02 +1.0448e-01 +5.2232e-01 +3.3317e+00 -4.7458e+00 +3.2891e+00 +2.6553e+00 +1.0982e+00 +6.0227e-01
604 0 +1.203420938e+02 +6.176209380e+01 +6.176209380e+01 +1.0718e+00 -1.5129e+00 -3.9792e-01 +8.0784e-01 +2.7904e+00 -2.8939e+00 +1.6236e+00 +2.1080e+00 +2.0141e+00 +9.4086e-01
709 0 +1.147467619e+02 +5.616676189e+01 +5.616676189e+01 +1.4846e+00 +2.9164e-01 +2.1746e-01 +1.3568e+00 +1.9843e+00 -2.2564e+00 +1.5211e+00 +2.2145e+00 +1.9580e+00 +1.6611e+00
715 0 +1.033526606e+02 +4.477266063e+01 +4.477266063e+01 +1.7029e+00 -7.2792e-01 -5.5220e-01 +3.5019e+00 +2.6341e+00 -4.2374e+00 +3.0156e+00 +2.9283e+00 +2.3637e+00 +9.5240e-01
754 0 +8.288063041e+01 +2.430063041e+01 +2.430063041e+01 +2.4372e+00 -2.4021e-01 -4.4373e-01 +6.1172e-01 +1.8887e+00 -3.3884e+00 +2.9869e+00 +2.8855e+00 +2.3164e+00 +7.2664e-01
1047 0 +5.491617524e+01 -3.663824761e+00 -3.663824761e+00 +7.1270e-01 -2.2767e+00 +1.0202e+00 +1.9343e+00 +2.8734e+00 -4.5133e+00 +2.2368e+00 +2.8883e+00 +2.3519e+00 +1.6962e+00
1455 0 +5.082351299e+01 -7.756487008e+00 -7.756487008e+00 +2.2538e+00 -2.4261e+00 -4.0802e-01 +2.6461e+00 +3.0537e+00 -3.4492e+00 +2.2681e+00 +3.6852e+00 +1.9455e+00 +5.6987e-01
