% f evaluations | g evaluations | best noise-free fitness - Fopt (-4.620900000000e+02) + sum g_i+ | measured fitness | best measured fitness or single-digit g-values | x1 | x2...
1 0 +6.769176044e+01 -3.943982396e+02 -3.943982396e+02 +5.9671e-01 -3.8264e-02
2 0 +1.907677641e+01 -4.430132236e+02 -4.430132236e+02 +7.4769e-01 +1.6230e+00
18 0 +1.713079160e+01 -4.449592084e+02 -4.449592084e+02 +5.5863e-01 +2.7127e+00
20 0 +9.619072646e+00 -4.524709274e+02 -4.524709274e+02 +1.1968e+00 +2.2786e+00
21 0 +9.051555227e+00 -4.530384448e+02 -4.530384448e+02 +1.2421e+00 +1.6195e+00
129 0 +8.952087175e+00 -4.531379128e+02 -4.531379128e+02 +4.8084e-01 +2.8746e+00
160 0 +8.716483419e+00 -4.533735166e+02 -4.533735166e+02 +4.6939e-01 +2.8847e+00
185 0 +8.573261476e+00 -4.535167385e+02 -4.535167385e+02 +4.5373e-01 +2.8734e+00
188 0 +8.131066074e+00 -4.539589339e+02 -4.539589339e+02 +3.9540e-01 +2.8732e+00
192 0 +8.096195192e+00 -4.539938048e+02 -4.539938048e+02 +3.6607e-01 +2.8746e+00
245 0 +7.960965894e+00 -4.541290341e+02 -4.541290341e+02 +3.8799e-01 +2.8798e+00
282 0 +7.960425558e+00 -4.541295744e+02 -4.541295744e+02 +3.8551e-01 +2.8796e+00
306 0 +7.959998501e+00 -4.541300015e+02 -4.541300015e+02 +3.8563e-01 +2.8798e+00
318 0 +7.959667919e+00 -4.541303321e+02 -4.541303321e+02 +3.8518e-01 +2.8801e+00
% f evaluations | g evaluations | best noise-free fitness - Fopt (7.766000000000e+01) + sum g_i+ | measured fitness | best measured fitness or single-digit g-values | x1 | x2...
1 0 +2.793868229e+01 +1.055986823e+02 +1.055986823e+02 +5.9671e-01 -3.8264e-02
7 0 +1.398215735e+01 +9.164215735e+01 +9.164215735e+01 +3.4196e-01 -1.8133e+00
28 0 +1.374298768e+01 +9.140298768e+01 +9.140298768e+01 +2.5879e+00 -1.4769e+00
31 0 +8.522962194e+00 +8.618296219e+01 +8.618296219e+01 +6.5961e-01 -8.6649e-01
33 0 +4.787438567e+00 +8.244743857e+01 +8.244743857e+01 +2.3494e+00 -2.6571e-01
112 0 +4.257837744e+00 +8.191783774e+01 +8.191783774e+01 +4.3360e-01 -8.6784e-01
120 0 +4.244913791e+00 +8.190491379e+01 +8.190491379e+01 +4.7615e-01 -8.6546e-01
221 0 +4.179584924e+00 +8.183958492e+01 +8.183958492e+01 +4.2864e-01 -8.4658e-01
262 0 +4.174823775e+00 +8.183482377e+01 +8.183482377e+01 +4.6363e-01 -8.6539e-01
276 0 +4.159944160e+00 +8.181994416e+01 +8.181994416e+01 +4.3670e-01 -8.6601e-01
290 0 +4.044628647e+00 +8.170462865e+01 +8.170462865e+01 +4.1979e-01 -8.5864e-01
301 0 +4.024568326e+00 +8.168456833e+01 +8.168456833e+01 +4.2233e-01 -8.5741e-01
319 0 +3.982651211e+00 +8.164265121e+01 +8.164265121e+01 +4.3762e-01 -8.5555e-01
347 0 +3.981419137e+00 +8.164141914e+01 +8.164141914e+01 +4.4027e-01 -8.5524e-01
389 0 +3.980926880e+00 +8.164092688e+01 +8.164092688e+01 +4.3975e-01 -8.5637e-01
390 0 +3.980122356e+00 +8.164012236e+01 +8.164012236e+01 +4.4280e-01 -8.5636e-01
393 0 +3.979835337e+00 +8.163983534e+01 +8.163983534e+01 +4.4274e-01 -8.5598e-01
% f evaluations | g evaluations | best noise-free fitness - Fopt (1.156800000000e+02) + sum g_i+ | measured fitness | best measured fitness or single-digit g-values | x1 | x2...
1 0 +2.778203806e+01 +1.434620381e+02 +1.434620381e+02 +5.9671e-01 -3.8264e-02
10 0 +1.190472097e+01 +1.275847210e+02 +1.275847210e+02 -8.0802e-01 -1.3123e+00
28 0 +1.070057782e+01 +1.263805778e+02 +1.263805778e+02 +2.0199e+00 -1.6347e+00
31 0 +5.440060212e+00 +1.211200602e+02 +1.211200602e+02 +2.5520e-01 -9.5857e-01
48 0 +5.098494363e+00 +1.207784944e+02 +1.207784944e+02 +1.8796e-01 -6.7900e-01
148 0 +5.065719934e+00 +1.207457199e+02 +1.207457199e+02 +1.2213e-01 -9.7684e-01
180 0 +4.994526869e+00 +1.206745269e+02 +1.206745269e+02 +2.3667e-01 -1.2931e+00
200 0 +4.132135952e+00 +1.198121360e+02 +1.198121360e+02 +2.1835e-01 -9.7471e-01
% f evaluations | g evaluations | best noise-free fitness - Fopt (-3.710000000000e+00) + sum g_i+ | measured fitness | best measured fitness or single-digit g-values | x1 | x2...
1 0 +1.018672080e+02 +9.815720805e+01 +9.815720805e+01 +5.9671e-01 -3.8264e-02
3 0 +7.030912757e+01 +6.659912757e+01 +6.659912757e+01 -1.3415e-01 -1.3414e-01
6 0 +6.794617072e+01 +6.423617072e+01 +6.423617072e+01 -3.6342e-01 -3.6573e-01
7 0 +4.305049505e+01 +3.934049505e+01 +3.934049505e+01 +3.4196e-01 -1.8133e+00
10 0 +2.636264216e+01 +2.265264216e+01 +2.265264216e+01 -8.0802e-01 -1.3123e+00
16 0 +2.438917506e+01 +2.067917506e+01 +2.067917506e+01 -9.2008e-01 -1.6729e+00
21 0 +1.660850931e+01 +1.289850931e+01 +1.289850931e+01 +2.6807e-01 -2.3038e+00
53 0 +1.132432036e+01 +7.614320365e+00 +7.614320365e+00 +2.0460e+00 -1.6685e+00
64 0 +9.614971840e+00 +5.904971840e+00 +5.904971840e+00 +1.1360e+00 -2.3522e+00
67 0 +9.145883774e+00 +5.435883774e+00 +5.435883774e+00 +2.2438e+00 -1.9448e+00
76 0 +7.128538586e+00 +3.418538586e+00 +3.418538586e+00 +1.2894e+00 -2.2673e+00
88 0 +5.549229196e+00 +1.839229196e+00 +1.839229196e+00 +1.1057e+00 -1.9998e+00
110 0 +5.167770540e+00 +1.457770540e+00 +1.457770540e+00 +1.2075e+00 -1.9876e+00
160 0 +5.135418324e+00 +1.425418324e+00 +1.425418324e+00 +1.1892e+00 -1.9963e+00
162 0 +5.010544640e+00 +1.300544640e+00 +1.300544640e+00 +1.1550e+00 -1.9858e+00
195 0 +5.005998720e+00 +1.295998720e+00 +1.295998720e+00 +1.1537e+00 -1.9927e+00
213 0 +4.975351024e+00 +1.265351024e+00 +1.265351024e+00 +1.1626e+00 -1.9900e+00
306 0 +4.974790577e+00 +1.264790577e+00 +1.264790577e+00 +1.1641e+00 -1.9896e+00
% f evaluations | g evaluations | best noise-free fitness - Fopt (1.321800000000e+02) + sum g_i+ | measured fitness | best measured fitness or single-digit g-values | x1 | x2...
1 0 +4.799326189e+01 +1.801732619e+02 +1.801732619e+02 +5.9671e-01 -3.8264e-02
2 0 +2.836468139e+01 +1.605446814e+02 +1.605446814e+02 +7.4769e-01 +1.6230e+00
4 0 +1.516765515e+01 +1.473476552e+02 +1.473476552e+02 +1.6792e+00 +8.6743e-01
29 0 +7.579145795e+00 +1.397591458e+02 +1.397591458e+02 +1.7524e+00 +1.8318e+00
45 0 +4.745350220e+00 +1.369253502e+02 +1.369253502e+02 +1.7707e+00 +1.4648e+00
88 0 +4.211842963e+00 +1.363918430e+02 +1.363918430e+02 +1.7697e+00 +1.4755e+00
107 0 +4.044856956e+00 +1.362248570e+02 +1.362248570e+02 +1.7998e+00 +1.4773e+00
181 0 +4.038583590e+00 +1.362185836e+02 +1.362185836e+02 +1.8022e+00 +1.4878e+00
198 0 +4.035652722e+00 +1.362156527e+02 +1.362156527e+02 +1.8098e+00 +1.4775e+00
211 0 +4.018058799e+00 +1.361980588e+02 +1.361980588e+02 +1.7893e+00 +1.4835e+00
214 0 +3.986144602e+00 +1.361661446e+02 +1.361661446e+02 +1.8083e+00 +1.4806e+00
219 0 +3.981754179e+00 +1.361617542e+02 +1.361617542e+02 +1.8108e+00 +1.4832e+00
290 0 +3.980721442e+00 +1.361607214e+02 +1.361607214e+02 +1.8052e+00 +1.4824e+00
304 0 +3.979908982e+00 +1.361599090e+02 +1.361599090e+02 +1.8073e+00 +1.4825e+00
319 0 +3.979892620e+00 +1.361598926e+02 +1.361598926e+02 +1.8080e+00 +1.4822e+00
346 0 +3.979877189e+00 +1.361598772e+02 +1.361598772e+02 +1.8085e+00 +1.4823e+00
347 0 +3.979852308e+00 +1.361598523e+02 +1.361598523e+02 +1.8077e+00 +1.4824e+00
350 0 +3.979840205e+00 +1.361598402e+02 +1.361598402e+02 +1.8084e+00 +1.4824e+00
353 0 +3.979834669e+00 +1.361598347e+02 +1.361598347e+02 +1.8083e+00 +1.4824e+00
% f evaluations | g evaluations | best noise-free fitness - Fopt (-3.930000000000e+01) + sum g_i+ | measured fitness | best measured fitness or single-digit g-values | x1 | x2...
1 0 +2.526399456e+01 -1.403600544e+01 -1.403600544e+01 +5.9671e-01 -3.8264e-02
7 0 +2.296988357e+01 -1.633011643e+01 -1.633011643e+01 +3.4196e-01 -1.8133e+00
12 0 +2.135882358e+01 -1.794117642e+01 -1.794117642e+01 +1.3797e-01 -1.5477e+00
13 0 +1.610592699e+01 -2.319407301e+01 -2.319407301e+01 +1.5261e+00 -2.2307e+00
38 0 +6.378999173e+00 -3.292100083e+01 -3.292100083e+01 +1.4779e+00 -1.9179e+00
143 0 +5.340776235e+00 -3.395922377e+01 -3.395922377e+01 +6.2807e-01 -1.2537e+00
172 0 +4.172013298e+00 -3.512798670e+01 -3.512798670e+01 +5.7298e-01 -1.2199e+00
393 0 +4.054936005e+00 -3.524506399e+01 -3.524506399e+01 +6.0334e-01 -1.2320e+00
443 0 +4.010529751e+00 -3.528947025e+01 -3.528947025e+01 +5.9028e-01 -1.2266e+00
449 0 +4.003918634e+00 -3.529608137e+01 -3.529608137e+01 +5.8390e-01 -1.2262e+00
476 0 +3.990928841e+00 -3.530907116e+01 -3.530907116e+01 +5.8404e-01 -1.2316e+00
485 0 +3.986065428e+00 -3.531393457e+01 -3.531393457e+01 +5.8410e-01 -1.2286e+00
% f evaluations | g evaluations | best noise-free fitness - Fopt (4.296000000000e+01) + sum g_i+ | measured fitness | best measured fitness or single-digit g-values | x1 | x2...
1 0 +4.046972066e+01 +8.342972066e+01 +8.342972066e+01 +5.9671e-01 -3.8264e-02
2 0 +3.002448463e+01 +7.298448463e+01 +7.298448463e+01 +7.4769e-01 +1.6230e+00
11 0 +1.759686082e+01 +6.055686082e+01 +6.055686082e+01 -1.0764e-01 +1.4626e+00
20 0 +1.292912431e+01 +5.588912431e+01 +5.588912431e+01 +6.4228e-01 +2.1243e+00
29 0 +9.333501801e+00 +5.229350180e+01 +5.229350180e+01 +3.7945e-01 +1.4126e+00
61 0 +8.210205584e+00 +5.117020558e+01 +5.117020558e+01 +4.1959e-01 +2.0901e+00
62 0 +7.145249761e+00 +5.010524976e+01 +5.010524976e+01 +1.3404e+00 +1.7107e+00
104 0 +4.195014378e+00 +4.715501438e+01 +4.715501438e+01 +1.3822e+00 +1.7180e+00
143 0 +1.871249566e+00 +4.483124957e+01 +4.483124957e+01 +5.2743e-01 +1.7161e+00
165 0 +1.140453575e+00 +4.410045357e+01 +4.410045357e+01 +5.0549e-01 +1.7292e+00
192 0 +1.054743032e+00 +4.401474303e+01 +4.401474303e+01 +5.0448e-01 +1.7355e+00
267 0 +1.040774970e+00 +4.400077497e+01 +4.400077497e+01 +5.2658e-01 +1.7353e+00
279 0 +1.014109021e+00 +4.397410902e+01 +4.397410902e+01 +5.0952e-01 +1.7373e+00
283 0 +1.006965466e+00 +4.396696547e+01 +4.396696547e+01 +5.1450e-01 +1.7344e+00
290 0 +1.005978663e+00 +4.396597866e+01 +4.396597866e+01 +5.1236e-01 +1.7384e+00
304 0 +9.992352383e-01 +4.395923524e+01 +4.395923524e+01 +5.1471e-01 +1.7381e+00
313 0 +9.986934725e-01 +4.395869347e+01 +4.395869347e+01 +5.1786e-01 +1.7379e+00
319 0 +9.950550722e-01 +4.395505507e+01 +4.395505507e+01 +5.1586e-01 +1.7368e+00
349 0 +9.950324679e-01 +4.395503247e+01 +4.395503247e+01 +5.1660e-01 +1.7366e+00
386 0 +9.949930217e-01 +4.395499302e+01 +4.395499302e+01 +5.1614e-01 +1.7367e+00
390 0 +9.949722938e-01 +4.395497229e+01 +4.395497229e+01 +5.1621e-01 +1.7368e+00
392 0 +9.949624217e-01 +4.395496242e+01 +4.395496242e+01 +5.1626e-01 +1.7368e+00
434 0 +9.949593032e-01 +4.395495930e+01 +4.395495930e+01 +5.1633e-01 +1.7368e+00
% f evaluations | g evaluations | best noise-free fitness - Fopt (2.842200000000e+02) + sum g_i+ | measured fitness | best measured fitness or single-digit g-values | x1 | x2...
1 0 +3.847030376e+01 +3.226903038e+02 +3.226903038e+02 +5.9671e-01 -3.8264e-02
3 0 +2.237888868e+01 +3.065988887e+02 +3.065988887e+02 -1.3415e-01 -1.3414e-01
9 0 +1.794449201e+01 +3.021644920e+02 +3.021644920e+02 -9.1283e-01 +4.1425e-01
11 0 +1.541523511e+01 +2.996352351e+02 +2.996352351e+02 -8.7880e-01 -4.8499e-01
15 0 +9.368252907e+00 +2.935882529e+02 +2.935882529e+02 +1.2398e+00 -2.5260e-01
51 0 +2.963159019e+00 +2.871831590e+02 +2.871831590e+02 +2.0028e+00 -2.4445e-01
179 0 +2.772638530e+00 +2.869926385e+02 +2.869926385e+02 +1.0763e+00 +7.2690e-02
200 0 +2.748198881e+00 +2.869681989e+02 +2.869681989e+02 +1.1114e+00 +6.9486e-02
214 0 +2.229049488e+00 +2.864490495e+02 +2.864490495e+02 +1.1279e+00 +8.8922e-02
229 0 +2.008059009e+00 +2.862280590e+02 +2.862280590e+02 +1.0969e+00 +8.6692e-02
283 0 +1.991593794e+00 +2.862115938e+02 +2.862115938e+02 +1.1026e+00 +8.6403e-02
335 0 +1.991321676e+00 +2.862113217e+02 +2.862113217e+02 +1.1054e+00 +8.7254e-02
349 0 +1.990396268e+00 +2.862103963e+02 +2.862103963e+02 +1.1041e+00 +8.7639e-02
354 0 +1.990243394e+00 +2.862102434e+02 +2.862102434e+02 +1.1030e+00 +8.7531e-02
386 0 +1.990117440e+00 +2.862101174e+02 +2.862101174e+02 +1.1032e+00 +8.6933e-02
390 0 +1.989932993e+00 +2.862099330e+02 +2.862099330e+02 +1.1034e+00 +8.7205e-02
396 0 +1.989920997e+00 +2.862099210e+02 +2.862099210e+02 +1.1035e+00 +8.7235e-02
475 0 +1.989919138e+00 +2.862099191e+02 +2.862099191e+02 +1.1036e+00 +8.7219e-02
% f evaluations | g evaluations | best noise-free fitness - Fopt (-3.217000000000e+01) + sum g_i+ | measured fitness | best measured fitness or single-digit g-values | x1 | x2...
1 0 +4.966235278e+01 +1.749235278e+01 +1.749235278e+01 +5.9671e-01 -3.8264e-02
2 0 +2.849834123e+01 -3.671658768e+00 -3.671658768e+00 +7.4769e-01 +1.6230e+00
5 0 +2.506767867e+01 -7.102321330e+00 -7.102321330e+00 -3.6947e-01 +6.4256e-01
12 0 +1.901265897e+01 -1.315734103e+01 -1.315734103e+01 +4.8752e-01 +6.9363e-01
17 0 +1.381649479e+01 -1.835350521e+01 -1.835350521e+01 +5.0316e-01 +1.7610e+00
54 0 +8.307290046e+00 -2.386270995e+01 -2.386270995e+01 +1.5305e+00 +1.8925e+00
161 0 +4.781942583e+00 -2.738805742e+01 -2.738805742e+01 -5.0324e-01 +1.8749e+00
183 0 +4.589911143e+00 -2.758008886e+01 -2.758008886e+01 -4.6941e-01 +1.8396e+00
222 0 +4.396269341e+00 -2.777373066e+01 -2.777373066e+01 -4.5350e-01 +1.8618e+00
258 0 +3.995179929e+00 -2.817482007e+01 -2.817482007e+01 -5.0590e-01 +1.8573e+00
301 0 +3.983770079e+00 -2.818622992e+01 -2.818622992e+01 -5.1567e-01 +1.8546e+00
319 0 +3.981004090e+00 -2.818899591e+01 -2.818899591e+01 -5.1216e-01 +1.8549e+00
320 0 +3.980866118e+00 -2.818913388e+01 -2.818913388e+01 -5.1035e-01 +1.8537e+00
347 0 +3.980001931e+00 -2.818999807e+01 -2.818999807e+01 -5.1055e-01 +1.8546e+00
380 0 +3.979844442e+00 -2.819015556e+01 -2.819015556e+01 -5.0981e-01 +1.8544e+00
392 0 +3.979833380e+00 -2.819016662e+01 -2.819016662e+01 -5.0942e-01 +1.8544e+00
% f evaluations | g evaluations | best noise-free fitness - Fopt (-5.858000000000e+01) + sum g_i+ | measured fitness | best measured fitness or single-digit g-values | x1 | x2...
1 0 +8.243754111e+01 +2.385754111e+01 +2.385754111e+01 +5.9671e-01 -3.8264e-02
6 0 +6.027494718e+01 +1.694947182e+00 +1.694947182e+00 -3.6342e-01 -3.6573e-01
7 0 +2.527301329e+01 -3.330698671e+01 -3.330698671e+01 +3.4196e-01 -1.8133e+00
13 0 +9.038332234e+00 -4.954166777e+01 -4.954166777e+01 +1.4508e+00 -2.5260e+00
43 0 +6.158263159e+00 -5.242173684e+01 -5.242173684e+01 +7.1621e-01 -2.8314e+00
89 0 +4.877553126e+00 -5.370244687e+01 -5.370244687e+01 +7.1634e-01 -2.5186e+00
