% f evaluations | g evaluations | best noise-free fitness - Fopt (-4.620900000000e+02) + sum g_i+ | measured fitness | best measured fitness or single-digit g-values | x1 | x2...
1 0 +1.853564154e+02 -2.767335846e+02 -2.767335846e+02 +5.9671e-01 -3.8264e-02 +7.4769e-01 +1.6230e+00 -1.3415e-01 -1.3414e-01 +1.6792e+00 +8.6743e-01 -3.6947e-01 +6.4256e-01
55 0 +1.210880738e+02 -3.410019262e+02 -3.410019262e+02 +4.1692e-01 -1.3679e-01 +4.2811e-01 -8.5256e-02 +5.3565e-01 +1.2157e+00 +1.8674e+00 +1.5176e+00 +1.0575e+00 -6.5303e-01
262 0 +1.123228561e+02 -3.497671439e+02 -3.497671439e+02 +1.3797e+00 -1.0293e-01 +8.7936e-01 +1.5287e+00 +1.4741e+00 +1.8078e+00 +2.0351e+00 +2.3711e+00 +8.6593e-01 +4.2866e-01
347 0 +1.123017017e+02 -3.497882983e+02 -3.497882983e+02 +1.4589e+00 +3.8774e+00 +1.5184e+00 +2.2378e+00 +1.1334e+00 +2.1317e+00 +1.5918e+00 +3.0873e+00 +1.2766e+00 -1.2934e+00
356 0 +1.028586181e+02 -3.592313819e+02 -3.592313819e+02 -3.9606e-01 +3.3039e+00 +1.5470e+00 +2.8491e+00 +2.2825e+00 +1.7372e+00 +2.1456e+00 +2.9229e+00 +1.3459e-01 -1.8746e-01
444 0 +9.708648077e+01 -3.650035192e+02 -3.650035192e+02 +1.2542e+00 +4.0940e+00 +1.7519e+00 +2.3459e+00 +1.7275e+00 +1.5280e+00 +8.2013e-01 +2.1480e+00 +1.4768e+00 -1.3394e+00
518 0 +8.853474611e+01 -3.735552539e+02 -3.735552539e+02 -5.7899e-01 +4.8756e-01 +1.2784e+00 +2.7536e-01 +2.3633e+00 +2.3250e+00 +1.2835e+00 +2.5644e+00 +5.2129e-01 -6.3896e-01
760 0 +7.004698355e+01 -3.920430165e+02 -3.920430165e+02 +5.5978e-01 +5.5761e-01 +1.3893e+00 -5.9983e-02 +1.9882e+00 +2.6934e+00 +1.9617e+00 +2.9652e+00 +1.5842e+00 -6.2973e-01
870 0 +6.072789356e+01 -4.013621064e+02 -4.013621064e+02 +1.3617e+00 +6.7582e-01 +1.3310e+00 +2.1771e+00 +2.3277e+00 +1.6364e+00 +1.7251e+00 +2.6674e+00 +1.7718e+00 +8.0891e-02
1124 0 +3.869619915e+01 -4.233938009e+02 -4.233938009e+02 +1.4495e+00 +5.7548e-01 +1.3200e+00 +1.3388e+00 +1.6985e+00 +1.7255e+00 +2.0332e+00 +2.6225e+00 +1.4872e+00 -1.7026e-01
2128 0 +3.734993874e+01 -4.247400613e+02 -4.247400613e+02 +1.3783e+00 +1.2961e+00 +1.4027e+00 +1.3109e+00 +1.6211e+00 +1.7953e+00 +2.1227e+00 +2.6594e+00 +1.5216e+00 -2.6823e-01
2183 0 +3.708408293e+01 -4.250059171e+02 -4.250059171e+02 +1.4713e+00 +1.4333e+00 +1.4396e+00 +2.2030e+00 +1.6558e+00 +1.5920e+00 +2.1572e+00 +3.0667e+00 +1.5319e+00 +7.1714e-02
2216 0 +3.551599830e+01 -4.265740017e+02 -4.265740017e+02 +1.2114e+00 +1.3812e+00 +1.4268e+00 +1.5212e+00 +1.5334e+00 +1.6865e+00 +1.9315e+00 +2.6433e+00 +1.4694e+00 +5.4487e-02
2396 0 +2.896292577e+01 -4.331270742e+02 -4.331270742e+02 +1.2651e+00 +1.3677e+00 +1.3928e+00 +1.4886e+00 +1.6460e+00 +1.7207e+00 +2.0599e+00 +2.6933e+00 +1.4268e+00 -2.2364e-01
2423 0 +2.500131846e+01 -4.370886815e+02 -4.370886815e+02 +1.3086e+00 +1.4535e+00 +1.4486e+00 +1.5456e+00 +1.6272e+00 +1.6044e+00 +2.1229e+00 +2.6776e+00 +1.4207e+00 +2.3920e-02
% f evaluations | g evaluations | best noise-free fitness - Fopt (7.766000000000e+01) + sum g_i+ | measured fitness | best measured fitness or single-digit g-values | x1 | x2...
1 0 +9.660815261e+02 +1.043741526e+03 +1.043741526e+03 +5.9671e-01 -3.8264e-02 +7.4769e-01 +1.6230e+00 -1.3415e-01 -1.3414e-01 +1.6792e+00 +8.6743e-01 -3.6947e-01 +6.4256e-01
2 0 +3.267643722e+02 +4.044243722e+02 +4.044243722e+02 -3.6342e-01 -3.6573e-01 +3.4196e-01 -1.8133e+00 -1.6249e+00 -4.6229e-01 -9.1283e-01 +4.1425e-01 -8.0802e-01 -1.3123e+00
5 0 +3.023963309e+02 +3.800563309e+02 +3.800563309e+02 +8.3847e-01 +2.7137e-01 -1.5648e-02 -2.0110e-01 -1.3785e+00 -6.1984e-01 -3.6064e-01 +1.1571e+00 +4.4362e-01 -1.6630e+00
8 0 +2.159533632e+02 +2.936133632e+02 +2.936133632e+02 +4.6140e-01 +1.6380e+00 +6.4174e-02 +1.6646e+00 -2.5197e+00 +9.2190e-01 +1.8705e-01 -1.9901e-01 +1.9176e-01 -1.8876e+00
19 0 +1.949667295e+02 +2.726267295e+02 +2.726267295e+02 +7.2567e-01 -7.5716e-01 -9.7089e-01 +5.8247e-01 -1.2346e-01 +8.1400e-01 +5.7324e-01 +2.7171e-02 -7.4679e-01 -1.4148e+00
53 0 +1.678085796e+02 +2.454685796e+02 +2.454685796e+02 +6.3212e-01 +2.5533e+00 -1.9049e+00 +9.4330e-01 +2.7602e-01 +1.5521e+00 +4.6438e-01 +1.3178e+00 -8.8746e-01 -3.5191e+00
187 0 +1.564263574e+02 +2.340863574e+02 +2.340863574e+02 +1.3725e+00 -1.0570e+00 -1.7655e+00 +2.3328e+00 +8.1427e-01 +3.1021e-01 -3.6962e-01 -2.9100e-01 -2.0920e-01 -1.4605e+00
284 0 +1.550288343e+02 +2.326888343e+02 +2.326888343e+02 +2.7171e+00 +1.2041e-01 -5.3315e-02 +9.0887e-01 +2.1804e+00 -2.6989e-01 +7.9609e-02 -1.5129e+00 -4.8880e-01 -3.5193e+00
303 0 +1.145571431e+02 +1.922171431e+02 +1.922171431e+02 +4.1970e-01 -2.5590e+00 -7.2553e-01 +2.0232e+00 +1.7316e+00 +5.2279e-01 -1.0628e+00 -8.1833e-02 -2.9433e-01 -4.6025e+00
355 0 +1.140320839e+02 +1.916920839e+02 +1.916920839e+02 +2.1100e+00 -3.0360e-02 +6.4407e-01 +2.6668e+00 +1.3800e+00 +6.4732e-01 -6.6220e-01 -2.8743e-01 -5.2607e-02 -4.3587e+00
394 0 +1.065572878e+02 +1.842172878e+02 +1.842172878e+02 +2.5021e+00 -2.6397e+00 +4.2989e-01 +7.6359e-01 +2.4943e+00 -1.2452e-01 +1.8678e-01 -2.9934e-01 -2.2482e-01 -2.8369e+00
659 0 +1.044563384e+02 +1.821163384e+02 +1.821163384e+02 +2.3765e+00 -8.0530e-01 -5.1667e-01 +1.6756e+00 +1.6167e+00 -9.3525e-01 +1.5631e-01 -3.4836e-01 -2.4664e-01 -3.6422e+00
703 0 +1.037597182e+02 +1.814197182e+02 +1.814197182e+02 +3.4957e-01 -1.1439e+00 +1.1839e-01 +1.7409e+00 +1.3668e+00 -1.0738e+00 +1.4557e-01 -1.3992e+00 -6.6131e-01 -3.8980e+00
711 0 +8.035662251e+01 +1.580166225e+02 +1.580166225e+02 +1.2377e+00 -1.2481e+00 +3.4673e-01 +2.0465e+00 +1.7401e+00 -6.0143e-01 +5.3756e-01 +4.2910e-01 -6.3422e-01 -4.2799e+00
882 0 +7.554754306e+01 +1.532075431e+02 +1.532075431e+02 +1.1943e+00 -1.5602e+00 -3.5688e-02 +3.2379e+00 +1.7919e+00 -5.5760e-01 -3.6018e-01 -1.8645e-01 -9.2446e-01 -3.7837e+00
910 0 +6.628421954e+01 +1.439442195e+02 +1.439442195e+02 +1.3897e+00 -1.2774e-01 -1.0109e+00 +2.6355e+00 +1.9816e+00 -1.0346e+00 +1.2179e-01 -4.9319e-01 -8.9998e-01 -4.1272e+00
1115 0 +6.361358731e+01 +1.412735873e+02 +1.412735873e+02 +1.6072e+00 -1.8322e+00 +7.0477e-01 +4.6659e+00 +2.0533e+00 -9.9598e-01 +4.2741e-02 +5.3195e-01 -5.6040e-01 -3.8498e+00
1124 0 +6.266714510e+01 +1.403271451e+02 +1.403271451e+02 +3.3594e-01 -1.2031e-01 -2.7718e-01 +4.6621e+00 +1.7594e+00 -5.1893e-01 +1.3652e-01 +5.4537e-01 -7.1775e-01 -3.2203e+00
1145 0 +4.931234279e+01 +1.269723428e+02 +1.269723428e+02 +3.8598e-01 -1.7226e+00 +5.8768e-01 +2.5227e+00 +1.2813e+00 -1.0380e+00 -4.0926e-01 +1.4545e-01 -6.2609e-01 -3.6257e+00
2052 0 +4.705329297e+01 +1.247132930e+02 +1.247132930e+02 +1.3184e+00 +2.4637e-02 -5.9993e-02 +4.6143e+00 +1.6461e+00 -1.1200e+00 +5.0678e-01 +6.3527e-02 -1.1903e-01 -3.5474e+00
2167 0 +3.319449580e+01 +1.108544958e+02 +1.108544958e+02 +8.3647e-01 -9.1296e-01 +4.2669e-01 +3.9956e+00 +1.8149e+00 -5.7058e-01 +1.2104e-01 +4.6239e-01 -1.7263e-01 -3.2967e+00
% f evaluations | g evaluations | best noise-free fitness - Fopt (1.156800000000e+02) + sum g_i+ | measured fitness | best measured fitness or single-digit g-values | x1 | x2...
1 0 +4.663113385e+02 +5.819913385e+02 +5.819913385e+02 +5.9671e-01 -3.8264e-02 +7.4769e-01 +1.6230e+00 -1.3415e-01 -1.3414e-01 +1.6792e+00 +8.6743e-01 -3.6947e-01 +6.4256e-01
5 0 +4.086425043e+02 +5.243225043e+02 +5.243225043e+02 +8.3847e-01 +2.7137e-01 -1.5648e-02 -2.0110e-01 -1.3785e+00 -6.1984e-01 -3.6064e-01 +1.1571e+00 +4.4362e-01 -1.6630e+00
10 0 +4.078295672e+02 +5.235095672e+02 +5.235095672e+02 +1.9708e-01 +1.0686e+00 -6.0205e-01 -2.2766e-01 -2.9211e-01 -1.3635e+00 +3.9612e-01 +3.6106e-01 +1.0511e-01 -1.3459e-01
11 0 +3.956551217e+02 +5.113351217e+02 +5.113351217e+02 -1.3154e+00 -3.2065e-01 -2.4271e-01 -7.0228e-01 -6.1286e-02 +5.0405e-01 +1.9862e+00 +2.7458e-01 +3.5755e-01 +2.5554e-02
30 0 +3.384790107e+02 +4.541590107e+02 +4.541590107e+02 -1.0812e-01 -3.9300e-01 -4.8936e-01 +9.4960e-01 +4.5702e-01 -5.9291e-01 +9.9960e-01 +4.0730e-01 +9.1286e-01 +7.2963e-01
42 0 +2.899113119e+02 +4.055913119e+02 +4.055913119e+02 +8.1161e-01 -1.0246e+00 -1.4341e+00 +1.3777e+00 +4.3231e-01 -6.4849e-01 +1.6512e+00 +2.1567e-01 +1.2793e+00 +1.6752e-01
60 0 +2.442230199e+02 +3.599030199e+02 +3.599030199e+02 +1.5394e+00 +2.2543e+00 -1.0754e+00 +7.2020e-01 +3.0568e+00 +4.3213e-01 +2.3747e+00 +2.0848e+00 +1.6588e+00 -2.4302e-01
96 0 +2.354308399e+02 +3.511108399e+02 +3.511108399e+02 +7.7671e-01 -7.5645e-02 -3.0634e+00 +1.5192e+00 +1.2507e-01 -8.8200e-01 +1.6123e+00 +1.4294e+00 +3.0538e+00 -2.2371e-01
113 0 +2.037529670e+02 +3.194329670e+02 +3.194329670e+02 +5.3978e-01 -2.6949e+00 -2.3093e+00 +2.9945e+00 +8.1106e-01 -2.2243e+00 +3.8025e+00 +2.2748e+00 +1.0028e+00 -7.7931e-01
195 0 +1.816890328e+02 +2.973690328e+02 +2.973690328e+02 +1.9435e-01 -4.1386e-01 -4.9838e+00 +4.2962e+00 +2.0952e+00 -2.0845e+00 +3.0321e+00 +3.0249e+00 +3.4380e+00 -1.8251e+00
222 0 +1.769867653e+02 +2.926667653e+02 +2.926667653e+02 +1.0972e+00 -3.7562e+00 -1.7089e+00 +1.6038e+00 +1.8000e+00 -1.5280e+00 +3.0831e+00 +8.6016e-01 +2.7698e+00 -3.6489e+00
241 0 +1.315198027e+02 +2.471998027e+02 +2.471998027e+02 +2.9503e-01 +7.0231e-01 -6.6715e-01 -2.6999e+00 +2.7596e+00 -2.7936e+00 +2.5952e+00 +2.7015e+00 +3.1937e+00 -1.6086e+00
407 0 +1.300617547e+02 +2.457417547e+02 +2.457417547e+02 +5.2542e-01 +2.7191e+00 -5.6112e-01 +3.0282e+00 -6.6937e-01 -3.8235e+00 +3.7059e+00 +3.1982e+00 +3.0920e+00 -1.7295e+00
422 0 +1.284099226e+02 +2.440899226e+02 +2.440899226e+02 +1.2724e+00 -5.6802e-01 +7.2630e-02 +2.4432e+00 +1.8028e+00 -2.1072e+00 +3.6652e+00 +1.5549e+00 +3.2886e+00 -1.3560e+00
474 0 +1.026933003e+02 +2.183733003e+02 +2.183733003e+02 +4.8882e-01 -2.3214e-01 -1.1713e+00 +3.9439e+00 +1.2100e+00 -4.8619e+00 +1.8231e+00 +2.7819e+00 +3.5326e+00 -2.1717e+00
594 0 +1.009113656e+02 +2.165913656e+02 +2.165913656e+02 +2.1236e+00 +1.0127e+00 -1.0781e+00 +2.1172e+00 +2.5435e+00 -3.0568e+00 +1.7740e+00 +1.4525e+00 +3.1429e+00 -2.6531e+00
738 0 +8.074369991e+01 +1.964236999e+02 +1.964236999e+02 +1.9341e-01 -1.1865e+00 -1.3729e+00 +2.0247e+00 +3.0558e+00 -4.0078e+00 +3.0384e+00 +2.0041e+00 +3.1448e+00 -2.2790e+00
766 0 +6.784459054e+01 +1.835245905e+02 +1.835245905e+02 +1.6290e-01 -9.5218e-01 -1.1758e+00 +3.6041e+00 +3.4865e+00 -2.7146e+00 +3.1604e+00 +2.2728e+00 +3.6652e+00 -2.0988e+00
1165 0 +5.754886552e+01 +1.732288655e+02 +1.732288655e+02 +2.6416e-01 -8.7436e-01 -1.1353e+00 +2.5706e+00 +2.9271e+00 -2.6835e+00 +3.1729e+00 +1.4817e+00 +3.6602e+00 -2.1982e+00
1337 0 +5.492645319e+01 +1.706064532e+02 +1.706064532e+02 +1.3113e+00 -6.0011e-02 -1.0981e+00 +2.2903e+00 +3.0919e+00 -3.2300e+00 +2.6663e+00 +2.1051e+00 +3.1646e+00 -1.5998e+00
1678 0 +4.185002806e+01 +1.575300281e+02 +1.575300281e+02 +3.4677e-01 -1.8013e+00 -1.2135e+00 +3.3414e+00 +2.9261e+00 -3.7650e+00 +3.1781e+00 +2.3254e+00 +3.5633e+00 -1.9675e+00
1763 0 +3.479338835e+01 +1.504733884e+02 +1.504733884e+02 -5.6540e-02 -9.1358e-01 -5.9761e-01 +3.1708e+00 +2.9097e+00 -3.9071e+00 +3.1620e+00 +2.3305e+00 +3.5292e+00 -1.9836e+00
2395 0 +3.058094423e+01 +1.462609442e+02 +1.462609442e+02 +5.6019e-02 -1.0290e+00 -5.7877e-01 +3.0619e+00 +2.9293e+00 -3.6639e+00 +3.0951e+00 +2.3168e+00 +3.5325e+00 -2.0188e+00
% f evaluations | g evaluations | best noise-free fitness - Fopt (-3.710000000000e+00) + sum g_i+ | measured fitness | best measured fitness or single-digit g-values | x1 | x2...
1 0 +1.283811730e+03 +1.280101730e+03 +1.280101730e+03 +5.9671e-01 -3.8264e-02 +7.4769e-01 +1.6230e+00 -1.3415e-01 -1.3414e-01 +1.6792e+00 +8.6743e-01 -3.6947e-01 +6.4256e-01
2 0 +4.597740225e+02 +4.560640225e+02 +4.560640225e+02 -3.6342e-01 -3.6573e-01 +3.4196e-01 -1.8133e+00 -1.6249e+00 -4.6229e-01 -9.1283e-01 +4.1425e-01 -8.0802e-01 -1.3123e+00
3 0 +4.038094646e+02 +4.000994646e+02 +4.000994646e+02 +1.5656e+00 -1.2578e-01 +1.6753e-01 -1.3247e+00 -4.4438e-01 +2.1092e-01 -1.0510e+00 +4.7570e-01 -5.0064e-01 -1.9169e-01
4 0 +3.738814481e+02 +3.701714481e+02 +3.701714481e+02 -5.0171e-01 +1.9523e+00 +8.6503e-02 -9.5771e-01 +9.2254e-01 -1.1208e+00 +3.0886e-01 -1.8597e+00 -1.2282e+00 +2.9686e-01
6 0 +2.289166342e+02 +2.252066342e+02 +2.252066342e+02 +4.2408e-01 -2.8508e-01 -5.7692e-01 +7.1168e-01 +1.1310e+00 +1.0313e+00 -7.3922e-01 -2.0921e-01 +4.3126e-01 +1.0755e+00
12 0 +1.945385258e+02 +1.908285258e+02 +1.908285258e+02 -1.8188e+00 +7.3486e-02 +1.6023e-01 +2.5632e+00 -9.2361e-02 +4.0155e-01 +6.5288e-02 -1.0687e+00 +1.2428e+00 +8.5193e-01
68 0 +1.461126053e+02 +1.424026053e+02 +1.424026053e+02 -7.0237e-01 -7.4125e-01 +8.3045e-01 +4.0952e-01 +1.6708e-01 +1.6902e+00 -4.1601e-01 -2.0305e+00 +1.5830e+00 +3.0292e-01
386 0 +1.105356565e+02 +1.068256565e+02 +1.068256565e+02 +2.1803e+00 +3.3147e-01 +1.6414e+00 +2.7905e+00 +2.2713e+00 +3.6244e+00 -1.3448e-01 -3.9703e+00 +1.5153e+00 -1.4956e-02
607 0 +1.045562110e+02 +1.008462110e+02 +1.008462110e+02 +2.6125e+00 -1.3191e+00 +3.6189e-01 +3.8120e+00 +2.4679e+00 +3.7288e+00 -1.9534e+00 -2.1479e+00 +1.5150e+00 +1.2540e+00
642 0 +9.997462857e+01 +9.626462857e+01 +9.626462857e+01 -9.4361e-01 -2.0319e+00 +1.8250e+00 +4.7235e+00 +1.3685e+00 +4.1886e+00 -4.7178e-01 -1.8562e+00 +2.3298e+00 +7.3300e-01
649 0 +8.263749383e+01 +7.892749383e+01 +7.892749383e+01 +1.4222e+00 -1.3325e+00 +1.0524e+00 +3.3052e+00 +1.3673e+00 +4.1525e+00 -2.1580e-01 -1.3138e+00 +1.7058e+00 +9.0807e-03
1157 0 +6.502130447e+01 +6.131130447e+01 +6.131130447e+01 +1.3225e+00 -4.7258e-01 +9.1502e-01 +2.6395e+00 +2.5696e+00 +3.1430e+00 -5.0926e-01 -1.3194e+00 +1.9834e+00 +2.8609e-01
1274 0 +6.312613657e+01 +5.941613657e+01 +5.941613657e+01 +2.6029e+00 -1.3766e+00 +3.1396e-01 +3.7886e+00 +2.5231e+00 +4.0867e+00 -3.1825e-01 -1.2026e+00 +1.9650e+00 -1.3916e-02
1296 0 +4.784677830e+01 +4.413677830e+01 +4.413677830e+01 +2.0810e+00 -5.5618e-01 +8.5525e-01 +4.0903e+00 +2.5515e+00 +3.1665e+00 -2.0742e-01 -1.9980e+00 +1.9949e+00 +3.0021e-01
1716 0 +4.660028144e+01 +4.289028144e+01 +4.289028144e+01 +1.4487e+00 -2.2476e+00 +1.1445e+00 +4.0133e+00 +2.5127e+00 +3.6241e+00 -2.5181e-01 -1.9946e+00 +1.9884e+00 +8.8986e-01
1954 0 +4.070804382e+01 +3.699804382e+01 +3.699804382e+01 +1.2291e+00 -2.2355e+00 +8.8531e-01 +3.8387e+00 +2.5155e+00 +3.3310e+00 -3.7548e-01 -1.9181e+00 +1.9521e+00 +6.4457e-01
2408 0 +3.566062373e+01 +3.195062373e+01 +3.195062373e+01 +1.0666e+00 -2.5254e+00 +9.2309e-01 +3.9950e+00 +2.5252e+00 +3.6619e+00 -3.0242e-01 -1.9273e+00 +1.9260e+00 +9.5324e-01
% f evaluations | g evaluations | best noise-free fitness - Fopt (1.321800000000e+02) + sum g_i+ | measured fitness | best measured fitness or single-digit g-values | x1 | x2...
1 0 +1.741069028e+02 +3.062869028e+02 +3.062869028e+02 +5.9671e-01 -3.8264e-02 +7.4769e-01 +1.6230e+00 -1.3415e-01 -1.3414e-01 +1.6792e+00 +8.6743e-01 -3.6947e-01 +6.4256e-01
9 0 +1.635570621e+02 +2.957370621e+02 +2.957370621e+02 -1.1967e-01 +4.5711e-01 +1.5779e+00 -4.1827e-01 -7.0849e-01 -4.0176e-01 +1.0154e+00 +4.2875e-01 -4.2976e-01 +6.1327e-01
30 0 +1.409925261e+02 +2.731725261e+02 +2.731725261e+02 -1.0812e-01 -3.9300e-01 -4.8936e-01 +9.4960e-01 +4.5702e-01 -5.9291e-01 +9.9960e-01 +4.0730e-01 +9.1286e-01 +7.2963e-01
59 0 +1.260477396e+02 +2.582277396e+02 +2.582277396e+02 +6.8909e-01 -2.0759e+00 +2.2160e+00 -6.9448e-01 -7.0766e-01 -1.0640e+00 +1.0826e+00 -1.6035e-01 +5.5124e-01 -3.2213e-01
98 0 +1.081464057e+02 +2.403264057e+02 +2.403264057e+02 -3.0662e-01 +1.2551e+00 +9.2773e-01 +8.4456e-02 +1.5169e+00 -1.1386e+00 +2.0290e+00 +5.5161e-01 +8.4362e-01 +7.1160e-01
141 0 +9.700435947e+01 +2.291843595e+02 +2.291843595e+02 +5.2347e-01 +4.7158e-01 +2.1058e+00 +8.2997e-01 +1.4424e+00 -1.5764e+00 +2.3465e+00 +4.8939e-01 +1.0540e-01 +3.5659e-01
509 0 +9.569618167e+01 +2.278761817e+02 +2.278761817e+02 +6.3095e-01 +1.7295e+00 +1.2758e+00 -1.3667e+00 +1.7804e+00 -2.5336e+00 +1.0195e+00 -6.3747e-01 +8.2801e-01 -2.6271e-01
624 0 +8.479326795e+01 +2.169732680e+02 +2.169732680e+02 +8.8419e-01 +1.6377e+00 +2.0273e+00 -1.3047e+00 +1.9096e+00 -1.4730e+00 +9.9927e-01 +4.1233e-01 -7.1438e-02 -1.4079e-01
743 0 +8.417735094e+01 +2.163573509e+02 +2.163573509e+02 +1.6270e+00 +1.1169e+00 +1.0284e+00 -4.7242e-01 +1.7777e+00 -1.1393e+00 +4.3044e-01 +1.9284e-01 +5.6832e-01 -2.7601e-01
800 0 +7.120735285e+01 +2.033873529e+02 +2.033873529e+02 +2.5124e+00 +6.1516e-01 +3.3157e+00 -1.3233e+00 +1.7904e+00 -1.6153e+00 +1.4348e+00 +9.1806e-01 +4.7353e-01 +8.1686e-02
1021 0 +6.259741226e+01 +1.947774123e+02 +1.947774123e+02 +2.7776e+00 +5.5417e-01 +3.3976e+00 -1.3960e+00 +1.8057e+00 -1.4618e+00 +1.4632e+00 +1.9618e-01 +6.2015e-01 +4.9821e-01
1113 0 +5.776112427e+01 +1.899411243e+02 +1.899411243e+02 +2.7265e+00 -8.9260e-02 +2.4369e+00 -1.2215e+00 +1.9364e+00 -1.4292e+00 +1.8886e+00 +1.9428e-02 +6.4016e-01 +3.8644e-01
1199 0 +5.768391240e+01 +1.898639124e+02 +1.898639124e+02 +1.9012e+00 +7.1977e-02 +2.6982e+00 -1.9124e+00 +1.8065e+00 -1.5947e+00 +1.7798e+00 -7.3040e-01 +1.8545e-01 +2.5231e-01
1721 0 +5.450582618e+01 +1.866858262e+02 +1.866858262e+02 +1.8080e+00 +1.3496e+00 +2.6004e+00 -1.8722e+00 +1.9166e+00 -1.5369e+00 +1.3542e+00 +1.9209e-01 +6.2502e-01 -1.5291e-01
1847 0 +3.044142514e+01 +1.626214251e+02 +1.626214251e+02 +1.6752e+00 +5.3435e-01 +2.5793e+00 -2.7164e+00 +1.8673e+00 -1.6076e+00 +1.8265e+00 +3.9959e-01 +8.6083e-01 +1.0012e-01
2421 0 +2.822000610e+01 +1.604000061e+02 +1.604000061e+02 +2.7718e+00 -8.7107e-02 +2.5643e+00 -1.3290e+00 +1.9034e+00 -1.6311e+00 +1.6763e+00 +1.3283e-01 +6.2437e-01 +4.1860e-01
% f evaluations | g evaluations | best noise-free fitness - Fopt (-3.930000000000e+01) + sum g_i+ | measured fitness | best measured fitness or single-digit g-values | x1 | x2...
1 0 +3.455688871e+02 +3.062688871e+02 +3.062688871e+02 +5.9671e-01 -3.8264e-02 +7.4769e-01 +1.6230e+00 -1.3415e-01 -1.3414e-01 +1.6792e+00 +8.6743e-01 -3.6947e-01 +6.4256e-01
5 0 +2.715103742e+02 +2.322103742e+02 +2.322103742e+02 +8.3847e-01 +2.7137e-01 -1.5648e-02 -2.0110e-01 -1.3785e+00 -6.1984e-01 -3.6064e-01 +1.1571e+00 +4.4362e-01 -1.6630e+00
53 0 +2.103995172e+02 +1.710995172e+02 +1.710995172e+02 +2.5721e+00 -2.1808e+00 -8.5364e-01 +1.8988e+00 -9.1389e-01 -8.3996e-01 +1.0667e+00 +1.4836e+00 -8.1189e-02 -2.6160e+00
103 0 +1.843231395e+02 +1.450231395e+02 +1.450231395e+02 -3.7964e-01 +1.0453e+00 +8.2441e-01 +2.6601e+00 +1.0371e-02 -1.8286e-01 +1.3536e+00 +1.0250e+00 +1.3483e+00 -2.6447e+00
165 0 +1.419913552e+02 +1.026913552e+02 +1.026913552e+02 -4.2532e-01 -2.4529e+00 +7.4169e-01 +4.0927e+00 +6.7603e-01 -3.6053e-01 +7.0213e-01 +2.0937e+00 +1.4106e+00 -2.7267e+00
222 0 +1.170417882e+02 +7.774178824e+01 +7.774178824e+01 +9.2335e-02 -2.1867e+00 +9.3281e-01 +2.1552e+00 +5.8753e-01 -3.5042e+00 +2.9276e+00 +1.4878e+00 +7.6727e-01 -4.6244e+00
417 0 +1.075885712e+02 +6.828857118e+01 +6.828857118e+01 -1.4827e+00 -2.2669e+00 +1.1853e+00 +3.9536e+00 -6.6621e-01 -2.5367e+00 +2.6191e+00 +3.1074e+00 +8.1266e-01 -3.1118e+00
634 0 +9.997519349e+01 +6.067519349e+01 +6.067519349e+01 +3.6122e-01 -2.2700e+00 +1.5130e+00 +2.0213e+00 -1.9940e+00 -3.4767e+00 +2.6740e+00 +5.9516e-01 +1.4651e+00 -2.6421e+00
699 0 +8.287185329e+01 +4.357185329e+01 +4.357185329e+01 -4.0869e-01 -4.5819e-01 -9.0097e-03 +2.6449e+00 -1.5171e+00 -2.9782e+00 +1.9258e+00 +1.6390e+00 +1.0515e+00 -3.0100e+00
1053 0 +8.048161692e+01 +4.118161692e+01 +4.118161692e+01 +4.1526e-01 -1.0917e+00 +7.8118e-01 +4.8216e+00 +5.4905e-01 -1.9797e+00 +3.2699e+00 +2.4358e+00 +1.3155e+00 -4.1083e+00
1129 0 +5.788963581e+01 +1.858963581e+01 +1.858963581e+01 +2.2505e+00 -1.1292e+00 -1.2696e-01 +2.5021e+00 -1.2037e-01 -2.3976e+00 +3.2008e+00 +2.5114e+00 +1.0463e+00 -3.4297e+00
1375 0 +3.920236562e+01 -9.763438452e-02 -9.763438452e-02 +1.6318e+00 -2.0025e+00 +9.6226e-03 +3.3816e+00 +4.0200e-01 -2.3940e+00 +3.5142e+00 +2.0369e+00 +1.0462e+00 -3.3707e+00
% f evaluations | g evaluations | best noise-free fitness - Fopt (4.296000000000e+01) + sum g_i+ | measured fitness | best measured fitness or single-digit g-values | x1 | x2...
1 0 +1.128380150e+03 +1.171340150e+03 +1.171340150e+03 +5.9671e-01 -3.8264e-02 +7.4769e-01 +1.6230e+00 -1.3415e-01 -1.3414e-01 +1.6792e+00 +8.6743e-01 -3.6947e-01 +6.4256e-01
2 0 +2.399413221e+02 +2.829013221e+02 +2.829013221e+02 -3.6342e-01 -3.6573e-01 +3.4196e-01 -1.8133e+00 -1.6249e+00 -4.6229e-01 -9.1283e-01 +4.1425e-01 -8.0802e-01 -1.3123e+00
4 0 +1.885418751e+02 +2.315018751e+02 +2.315018751e+02 -5.0171e-01 +1.9523e+00 +8.6503e-02 -9.5771e-01 +9.2254e-01 -1.1208e+00 +3.0886e-01 -1.8597e+00 -1.2282e+00 +2.9686e-01
10 0 +1.732621617e+02 +2.162221617e+02 +2.162221617e+02 +1.9708e-01 +1.0686e+00 -6.0205e-01 -2.2766e-01 -2.9211e-01 -1.3635e+00 +3.9612e-01 +3.6106e-01 +1.0511e-01 -1.3459e-01
25 0 +1.376321026e+02 +1.805921026e+02 +1.805921026e+02 -6.9252e-01 -1.4736e-02 +6.0499e-01 +9.6576e-01 -1.1003e+00 -2.3450e-01 -3.7495e-01 -5.5333e-01 +1.8655e+00 +5.0498e-01
104 0 +1.078013767e+02 +1.507613767e+02 +1.507613767e+02 +7.3336e-01 -9.4260e-01 +3.8381e-01 -3.9814e-01 +1.0138e+00 -1.2898e+00 -2.1492e-01 -2.0970e+00 +1.0500e+00 +7.3146e-01
381 0 +1.061010546e+02 +1.490610546e+02 +1.490610546e+02 -5.9096e-01 -2.5909e-01 +2.0123e+00 -8.4029e-01 -5.0731e-01 -4.2492e+00 -3.5221e-01 -2.4416e+00 +1.4493e+00 -8.2323e-02
413 0 +8.499343533e+01 +1.279534353e+02 +1.279534353e+02 +4.8831e-01 +5.3738e-02 +1.1793e+00 +1.1663e-01 -1.2474e-01 -2.8227e+00 -7.2643e-01 -2.0063e+00 +1.7063e+00 +5.8955e-01
488 0 +8.261119924e+01 +1.255711992e+02 +1.255711992e+02 -4.5532e-01 +1.0454e+00 +1.3722e+00 +1.8339e+00 +7.7211e-02 -3.4488e+00 -1.2934e+00 -1.9421e+00 +1.0509e+00 +4.9521e-01
495 0 +8.009512010e+01 +1.230551201e+02 +1.230551201e+02 +6.1574e-01 +9.2498e-01 +1.2853e+00 +2.6968e+00 +2.4920e-01 -1.0946e+00 -1.0760e+00 -1.1941e+00 +7.5540e-01 -1.3154e-01
527 0 +7.373213445e+01 +1.166921344e+02 +1.166921344e+02 +3.2071e-01 +1.0591e+00 +2.6605e+00 +2.4048e+00 +2.6650e-01 -2.2229e+00 -6.9360e-01 -1.5520e+00 +1.1107e+00 -2.0933e-01
809 0 +7.272004972e+01 +1.156800497e+02 +1.156800497e+02 +1.1739e+00 +2.5673e+00 +1.7813e+00 +2.6726e+00 +2.0353e-01 -2.3498e+00 -6.2152e-01 -1.1823e+00 +1.0493e+00 +5.1923e-01
881 0 +7.109783292e+01 +1.140578329e+02 +1.140578329e+02 +5.0055e-01 +2.4372e+00 +2.6726e+00 +1.3452e+00 +8.8846e-01 -2.6657e+00 -1.6048e-01 -8.5249e-01 +7.6751e-01 +3.0714e-01
945 0 +6.355792507e+01 +1.065179251e+02 +1.065179251e+02 -2.9567e-01 +1.9110e+00 +2.0324e+00 +1.7720e+00 +3.3764e-01 -2.3169e+00 -1.1106e+00 -1.1417e+00 +1.0662e+00 +2.7311e-01
1280 0 +4.102155601e+01 +8.398155601e+01 +8.398155601e+01 +5.9557e-01 +1.6756e+00 +2.6047e+00 +1.6626e+00 +2.8555e-01 -2.2898e+00 -1.2908e-01 -1.4442e+00 +1.4641e+00 +2.8147e-01
1629 0 +3.467186465e+01 +7.763186465e+01 +7.763186465e+01 +5.9588e-01 +1.7694e+00 +2.0524e+00 +1.8010e+00 +3.0244e-01 -2.8341e+00 -6.5200e-01 -1.1660e+00 +1.4789e+00 +3.3730e-01
2403 0 +3.179449664e+01 +7.475449664e+01 +7.475449664e+01 +6.8163e-01 +1.6693e+00 +1.8832e+00 +1.7601e+00 +2.0923e-01 -3.3745e+00 -1.9258e-01 -1.6793e+00 +1.4500e+00 +8.9864e-01
% f evaluations | g evaluations | best noise-free fitness - Fopt (2.842200000000e+02) + sum g_i+ | measured fitness | best measured fitness or single-digit g-values | x1 | x2...
1 0 +2.872070476e+02 +5.714270476e+02 +5.714270476e+02 +5.9671e-01 -3.8264e-02 +7.4769e-01 +1.6230e+00 -1.3415e-01 -1.3414e-01 +1.6792e+00 +8.6743e-01 -3.6947e-01 +6.4256e-01
8 0 +2.785682463e+02 +5.627882463e+02 +5.627882463e+02 +4.6140e-01 +1.6380e+00 +6.4174e-02 +1.6646e+00 -2.5197e+00 +9.2190e-01 +1.8705e-01 -1.9901e-01 +1.9176e-01 -1.8876e+00
36 0 +2.186614458e+02 +5.028814458e+02 +5.028814458e+02 +4.1091e-01 +1.5754e+00 +9.5766e-01 -5.9939e-02 +8.0984e-02 -9.0253e-01 +8.1487e-02 -1.8866e-01 +4.2272e-01 -7.2723e-01
54 0 +1.904974803e+02 +4.747174803e+02 +4.747174803e+02 +1.8366e+00 -4.9493e-01 +6.6806e-02 +8.0566e-02 +1.4509e-01 -1.0753e+00 +1.8513e+00 -1.5614e-01 +6.6348e-01 -1.4649e+00
70 0 +1.805060940e+02 +4.647260940e+02 +4.647260940e+02 +1.2479e+00 -9.6911e-01 -1.5647e+00 +1.1651e-01 -1.2174e-01 -1.4429e+00 +9.7537e-01 -1.1142e+00 -4.7843e-01 -2.9709e+00
108 0 +1.801779358e+02 +4.643979358e+02 +4.643979358e+02 -1.6088e+00 +2.5581e-01 -1.1391e+00 +8.0293e-01 +1.5076e+00 -3.0180e+00 +1.5243e+00 +1.4619e+00 -4.1088e-01 -1.8369e+00
130 0 +1.797331347e+02 +4.639531347e+02 +4.639531347e+02 +1.9252e+00 -7.4228e-01 -8.3971e-01 -4.4636e-01 +4.4803e-01 -2.4658e+00 +2.3369e+00 -5.6297e-01 +2.0051e-01 -2.7111e+00
133 0 +1.777880791e+02 +4.620080791e+02 +4.620080791e+02 -3.7341e-02 +2.3988e+00 -3.6488e-01 +2.3677e-01 +2.4578e-01 -1.7301e+00 +1.5242e+00 +5.8902e-01 -2.2555e-01 -6.2376e-01
158 0 +1.656753893e+02 +4.498953893e+02 +4.498953893e+02 +1.9057e+00 +3.7135e-01 -1.3118e+00 +1.6922e+00 -1.2087e+00 -1.7776e+00 +1.5004e+00 +4.7086e-01 +6.7905e-01 -4.9294e+00
291 0 +1.494761910e+02 +4.336961910e+02 +4.336961910e+02 -1.2718e-02 +3.3816e-01 -1.5859e+00 +2.1891e+00 -5.5010e-01 -1.7255e+00 +4.7164e-01 +1.0394e+00 +1.2460e-01 -2.2673e+00
389 0 +1.471414218e+02 +4.313614218e+02 +4.313614218e+02 +2.3085e-01 +1.5656e-01 +6.4529e-01 +1.6986e+00 +2.2691e-01 -1.6661e+00 +1.9446e+00 +1.8145e+00 +7.2892e-02 -3.2353e+00
419 0 +1.446965818e+02 +4.289165818e+02 +4.289165818e+02 -3.1292e-01 +1.1305e+00 +1.0855e-01 +1.7237e+00 +9.9672e-01 -2.1289e+00 +2.0824e+00 +3.9856e-01 +1.7176e-01 -3.2574e+00
450 0 +1.321076154e+02 +4.163276154e+02 +4.163276154e+02 +1.0995e+00 -2.5616e-01 -3.0259e-01 +2.3991e+00 -5.1337e-01 -4.0610e+00 +9.3974e-01 +1.0690e+00 -1.4873e+00 -2.6299e+00
465 0 +1.117608845e+02 +3.959808845e+02 +3.959808845e+02 -1.0220e+00 -1.8640e+00 +2.8125e-01 +2.7869e+00 +1.5529e-01 -4.3675e+00 +1.5691e+00 +2.5169e+00 +3.1563e-01 -2.7192e+00
470 0 +9.610713207e+01 +3.803271321e+02 +3.803271321e+02 -1.1910e+00 -1.1704e-01 +2.4589e-01 +4.2751e+00 +1.2734e+00 -3.9747e+00 +1.0390e+00 +2.2764e+00 -4.8555e-01 -2.4789e+00
643 0 +9.610395595e+01 +3.803239559e+02 +3.803239559e+02 +5.0116e-01 -1.0772e+00 -2.8534e-01 +1.1915e+00 +7.6339e-01 -3.0871e+00 +2.7854e+00 +1.5708e+00 +2.6220e-01 -3.1701e+00
676 0 +9.377981508e+01 +3.779998151e+02 +3.779998151e+02 +1.1010e+00 -1.6247e+00 +2.2330e-01 +1.6707e-01 +1.5759e+00 -4.0291e+00 +3.1855e+00 +1.7605e+00 +5.0699e-02 -3.5999e+00
685 0 +9.288091154e+01 +3.771009115e+02 +3.771009115e+02 -1.0697e+00 -1.2007e+00 -2.0789e-01 +1.4422e+00 +1.5955e+00 -4.4369e+00 +2.9723e+00 +1.6649e+00 +8.0939e-02 -3.1605e+00
699 0 +9.152740266e+01 +3.757474027e+02 +3.757474027e+02 +2.0459e+00 -1.7033e+00 -1.0880e+00 +2.3109e+00 +1.8387e-01 -1.6017e+00 +2.9646e+00 +1.4894e+00 +2.1310e-01 -2.8897e+00
711 0 +9.046106050e+01 +3.746810605e+02 +3.746810605e+02 +1.2005e+00 -3.6465e+00 -2.0504e-01 +2.1914e+00 +1.8516e+00 -2.9524e+00 +2.4676e+00 +2.0343e+00 -4.0883e-01 -2.6611e+00
803 0 +8.906468163e+01 +3.732846816e+02 +3.732846816e+02 +1.2766e-01 -2.2482e-01 -3.6158e-01 +1.4464e+00 +7.8110e-01 -1.7748e+00 +2.3869e+00 +1.8347e+00 -4.3578e-01 -1.8077e+00
824 0 +7.795741045e+01 +3.621774105e+02 +3.621774105e+02 +2.2278e+00 +5.0609e-01 +1.6086e-01 +1.5986e+00 +1.2769e+00 -3.0615e+00 +3.0817e+00 +3.7751e-01 -2.0332e-01 -2.8781e+00
974 0 +7.630316627e+01 +3.605231663e+02 +3.605231663e+02 +2.3160e-01 -8.3993e-01 +3.5882e-01 +1.6018e+00 +1.2634e+00 -2.3797e+00 +3.2107e+00 +1.7667e+00 -1.5120e-01 -3.1844e+00
978 0 +5.458182447e+01 +3.388018245e+02 +3.388018245e+02 +1.0917e+00 +1.9773e-01 +1.6340e-01 +1.4124e+00 +1.3213e+00 -3.5680e+00 +2.9233e+00 +9.8107e-01 +1.6528e-01 -3.5757e+00
1877 0 +5.023049495e+01 +3.344504949e+02 +3.344504949e+02 -1.0125e+00 -4.3012e-01 +9.1827e-02 +2.9370e+00 +1.0877e+00 -3.5671e+00 +2.4436e+00 +1.2953e+00 +2.9940e-01 -2.8759e+00
2173 0 +4.378150002e+01 +3.280015000e+02 +3.280015000e+02 +2.0522e-01 -2.3331e-01 +8.8063e-01 +2.9573e+00 +1.3536e+00 -3.9693e+00 +2.9172e+00 +2.0809e+00 +2.4350e-01 -2.9205e+00
2274 0 +2.057261735e+01 +3.047926174e+02 +3.047926174e+02 +1.1980e+00 -1.2178e+00 +2.0226e-01 +2.1517e+00 +1.2657e+00 -3.4666e+00 +2.9205e+00 +1.7235e+00 +2.4521e-01 -3.1821e+00
% f evaluations | g evaluations | best noise-free fitness - Fopt (-3.217000000000e+01) + sum g_i+ | measured fitness | best measured fitness or single-digit g-values | x1 | x2...
1 0 +1.254530934e+03 +1.222360934e+03 +1.222360934e+03 +5.9671e-01 -3.8264e-02 +7.4769e-01 +1.6230e+00 -1.3415e-01 -1.3414e-01 +1.6792e+00 +8.6743e-01 -3.6947e-01 +6.4256e-01
2 0 +2.988261007e+02 +2.666561007e+02 +2.666561007e+02 -3.6342e-01 -3.6573e-01 +3.4196e-01 -1.8133e+00 -1.6249e+00 -4.6229e-01 -9.1283e-01 +4.1425e-01 -8.0802e-01 -1.3123e+00
5 0 +2.684744231e+02 +2.363044231e+02 +2.363044231e+02 +8.3847e-01 +2.7137e-01 -1.5648e-02 -2.0110e-01 -1.3785e+00 -6.1984e-01 -3.6064e-01 +1.1571e+00 +4.4362e-01 -1.6630e+00
7 0 +2.291453874e+02 +1.969753874e+02 +1.969753874e+02 -3.7917e-01 -8.5659e-02 -1.0063e+00 -1.0962e+00 +9.1253e-01 +1.4562e+00 +2.7990e-02 +1.1035e+00 +4.6164e-01 -5.4512e-01
20 0 +2.283004189e+02 +1.961304189e+02 +1.961304189e+02 -3.4651e-01 +9.5640e-01 +3.1409e-01 -1.1457e+00 +2.7318e-01 +4.8532e-01 -7.8386e-01 +2.5373e-01 +1.5821e-01 -1.0430e+00
37 0 +2.272136698e+02 +1.950436698e+02 +1.950436698e+02 +6.1935e-01 +1.6327e+00 -8.7601e-03 +5.0171e-01 +7.9014e-01 -3.0122e-01 +3.2409e-01 +1.1259e-01 +1.9768e-01 -6.7301e-01
43 0 +2.188937530e+02 +1.867237530e+02 +1.867237530e+02 +2.1607e+00 +1.8553e+00 -1.4896e-01 +1.0716e+00 +7.4538e-01 +1.4686e+00 -8.6492e-01 +7.8605e-01 +1.1584e+00 -1.6587e+00
75 0 +1.874504080e+02 +1.552804080e+02 +1.552804080e+02 -2.9037e-01 +1.6508e+00 -1.2175e+00 +5.0034e-01 +1.5772e+00 +1.4071e+00 -8.2770e-01 +5.7153e-01 -3.6131e-01 -2.9745e+00
106 0 +1.821877273e+02 +1.500177273e+02 +1.500177273e+02 +6.9398e-01 +1.9743e+00 -1.6602e+00 -1.0445e+00 +1.3712e-01 +2.6736e-01 -2.0051e+00 +3.9600e+00 +9.5153e-01 -3.5427e+00
115 0 +1.756536468e+02 +1.434836468e+02 +1.434836468e+02 -1.2594e-01 +2.4517e+00 +3.1737e-01 -1.0820e+00 +1.3089e+00 -7.5055e-01 -1.3607e+00 +2.3254e+00 -7.3557e-01 -2.7234e+00
150 0 +1.601689383e+02 +1.279989383e+02 +1.279989383e+02 -1.4900e+00 +2.5013e+00 -7.9758e-01 +6.5956e-01 +1.2791e+00 +9.2181e-01 -2.4661e+00 +1.5128e+00 +2.9273e-01 -1.6223e+00
312 0 +1.386015885e+02 +1.064315885e+02 +1.064315885e+02 -3.4336e-01 +6.6776e-01 +3.0374e-01 -7.3922e-01 +1.8074e+00 +1.4484e+00 -1.4563e+00 +2.4336e+00 +9.5378e-01 -2.6248e+00
380 0 +1.384021096e+02 +1.062321096e+02 +1.062321096e+02 -2.7855e-02 +1.9040e+00 -1.0214e+00 -2.2117e+00 +2.6229e+00 -7.4526e-01 -7.9139e-01 +2.9574e+00 +1.4888e+00 -1.5044e+00
425 0 +1.018746126e+02 +6.970461259e+01 +6.970461259e+01 -5.7920e-01 +1.7700e+00 -3.9967e-01 -2.2045e+00 +1.2115e+00 +1.0218e+00 -1.1842e+00 +3.0300e+00 +5.3469e-02 -3.2901e+00
554 0 +9.206761034e+01 +5.989761034e+01 +5.989761034e+01 -1.6922e-02 +4.3769e+00 +4.8274e-01 -7.6015e-01 +3.6810e+00 +1.0148e+00 -1.9172e-01 +2.4598e+00 +1.4243e+00 -1.6038e+00
603 0 +7.546956021e+01 +4.329956021e+01 +4.329956021e+01 +4.0907e-01 +3.2043e+00 -3.3426e-01 +1.3343e+00 +3.0833e+00 +6.6223e-01 -1.8383e-01 +1.4265e+00 +1.0041e+00 -2.4797e+00
861 0 +7.444575222e+01 +4.227575222e+01 +4.227575222e+01 +6.1295e-01 +4.4904e+00 -8.7177e-02 -1.5783e-01 +3.0199e+00 -2.8492e-01 +3.0433e-01 +3.1259e+00 +9.7023e-01 -3.4015e+00
958 0 +7.294002907e+01 +4.077002907e+01 +4.077002907e+01 +4.1456e-01 +2.0229e+00 -4.2044e-01 +7.2988e-01 +3.1191e+00 +1.4485e+00 -5.9404e-01 +2.4758e+00 +1.5403e+00 -2.7620e+00
1032 0 +7.219089977e+01 +4.002089977e+01 +4.002089977e+01 +1.1195e+00 +2.5106e+00 -5.1993e-01 +4.9427e-01 +2.5793e+00 +2.9163e+00 -1.1799e-01 +2.6475e+00 +1.3200e+00 -3.3858e+00
1103 0 +6.906316940e+01 +3.689316940e+01 +3.689316940e+01 +9.6712e-01 +2.9733e+00 -8.5696e-01 +4.7517e-01 +3.0715e+00 +1.6416e+00 -6.3294e-01 +3.0482e+00 +6.5076e-01 -2.1470e+00
1400 0 +6.456340333e+01 +3.239340333e+01 +3.239340333e+01 +5.8298e-01 +1.8324e+00 -2.9370e-01 +4.8479e-01 +2.7001e+00 +1.6471e+00 -7.9706e-02 +2.9109e+00 +9.8985e-01 -3.2665e+00
1413 0 +6.065473644e+01 +2.848473644e+01 +2.848473644e+01 +5.2526e-01 +2.6101e+00 -1.6135e-01 +6.7550e-01 +3.0843e+00 +1.6534e+00 -5.4366e-01 +2.6592e+00 +9.8542e-01 -2.9304e+00
1705 0 +5.398693679e+01 +2.181693679e+01 +2.181693679e+01 +2.2595e-01 +2.7045e+00 -1.9256e-01 +4.5515e-01 +2.9348e+00 +1.5988e+00 -2.1342e-01 +3.0466e+00 +1.3515e+00 -3.3670e+00
1904 0 +5.033964752e+01 +1.816964752e+01 +1.816964752e+01 +3.4628e-01 +1.7807e+00 -3.4897e-01 +3.4809e-01 +2.9368e+00 +1.7169e+00 -1.2859e-01 +2.9786e+00 +1.0674e+00 -2.3391e+00
1909 0 +4.299558856e+01 +1.082558856e+01 +1.082558856e+01 +4.2213e-01 +1.9610e+00 +3.3417e-01 +1.1332e+00 +3.0850e+00 +1.6972e+00 -1.0102e-01 +2.6438e+00 +1.0736e+00 -2.9515e+00
1974 0 +4.214814558e+01 +9.978145575e+00 +9.978145575e+00 +7.4132e-01 +1.9353e+00 -5.0743e-01 +5.2577e-01 +2.9710e+00 +1.6331e+00 -1.1457e-01 +2.9349e+00 +1.0264e+00 -2.7194e+00
2444 0 +3.439724002e+01 +2.227240017e+00 +2.227240017e+00 +5.2451e-01 +1.8825e+00 -3.1089e-01 +5.9616e-01 +2.8955e+00 +1.1823e+00 -1.6211e-01 +3.0600e+00 +1.0113e+00 -2.1303e+00
% f evaluations | g evaluations | best noise-free fitness - Fopt (-5.858000000000e+01) + sum g_i+ | measured fitness | best measured fitness or single-digit g-values | x1 | x2...
1 0 +3.091167199e+02 +2.505367199e+02 +2.505367199e+02 +5.9671e-01 -3.8264e-02 +7.4769e-01 +1.6230e+00 -1.3415e-01 -1.3414e-01 +1.6792e+00 +8.6743e-01 -3.6947e-01 +6.4256e-01
10 0 +3.080712949e+02 +2.494912949e+02 +2.494912949e+02 +1.9708e-01 +1.0686e+00 -6.0205e-01 -2.2766e-01 -2.9211e-01 -1.3635e+00 +3.9612e-01 +3.6106e-01 +1.0511e-01 -1.3459e-01
30 0 +2.793727110e+02 +2.207927110e+02 +2.207927110e+02 -1.0812e-01 -3.9300e-01 -4.8936e-01 +9.4960e-01 +4.5702e-01 -5.9291e-01 +9.9960e-01 +4.0730e-01 +9.1286e-01 +7.2963e-01
42 0 +2.643067199e+02 +2.057267199e+02 +2.057267199e+02 +8.1161e-01 -1.0246e+00 -1.4341e+00 +1.3777e+00 +4.3231e-01 -6.4849e-01 +1.6512e+00 +2.1567e-01 +1.2793e+00 +1.6752e-01
72 0 +2.116158734e+02 +1.530358734e+02 +1.530358734e+02 +4.3474e-01 -4.5280e-01 +6.5054e-01 +1.0233e+00 +1.3538e+00 -1.8075e+00 +9.1175e-01 +1.2540e+00 +5.7323e-01 +2.8131e-01
120 0 +1.880677852e+02 +1.294877852e+02 +1.294877852e+02 +4.5157e-01 -8.8027e-01 -8.6662e-01 +1.8568e+00 +6.3942e-01 -2.6202e-01 +2.5612e+00 +1.0766e+00 +2.6694e+00 +1.2651e+00
148 0 +1.646469435e+02 +1.060669435e+02 +1.060669435e+02 +2.5453e+00 -1.4611e+00 -8.9825e-01 +2.9990e+00 +2.3130e+00 -6.4128e-01 +2.2457e+00 +2.2001e+00 +2.4970e+00 +7.2150e-01
180 0 +1.607062937e+02 +1.021262937e+02 +1.021262937e+02 -1.5269e+00 -2.7885e-01 -1.1097e+00 +2.6092e+00 +3.0904e+00 -2.9218e+00 +2.3417e+00 +1.8453e+00 +6.3173e-01 +9.7405e-01
361 0 +1.278177029e+02 +6.923770288e+01 +6.923770288e+01 +1.9087e+00 -1.3591e+00 +1.0445e+00 +3.9274e+00 +2.5767e+00 -3.2847e+00 +3.0189e+00 +3.5477e+00 +2.6624e+00 +7.2244e-01
486 0 +1.237005564e+02 +6.512055644e+01 +6.512055644e+01 +8.0937e-01 -1.8384e+00 +4.0348e-02 +1.8242e+00 +4.0990e-01 -3.0631e+00 +2.6407e+00 +3.2049e+00 +1.8706e+00 -1.8348e-01
571 0 +8.943825295e+01 +3.085825295e+01 +3.085825295e+01 +4.6788e-01 -1.9775e+00 -2.9782e-01 +5.5220e-01 +3.4478e+00 -3.4952e+00 +1.4734e+00 +3.6818e+00 +2.3524e+00 +1.6931e+00
732 0 +8.356965747e+01 +2.498965747e+01 +2.498965747e+01 +6.7631e-01 -1.7216e+00 +1.4547e-01 +1.1830e+00 +1.7959e+00 -3.3102e+00 +1.9354e+00 +2.7592e+00 +1.4052e+00 +1.3953e+00
803 0 +8.269614961e+01 +2.411614961e+01 +2.411614961e+01 +2.5600e+00 -2.2307e+00 +1.3402e-01 +2.9907e+00 +2.5341e+00 -4.4034e+00 +2.1490e+00 +2.9480e+00 +2.2656e+00 +1.3275e+00
822 0 +7.535390522e+01 +1.677390522e+01 +1.677390522e+01 +1.8460e+00 -2.5649e+00 +3.2072e-01 +1.0263e+00 +3.0480e+00 -4.4108e+00 +1.3865e+00 +2.8555e+00 +2.5212e+00 +1.2795e+00
948 0 +6.893608634e+01 +1.035608634e+01 +1.035608634e+01 +1.4276e+00 -3.4247e+00 +8.6989e-01 +1.7050e+00 +2.9299e+00 -4.4179e+00 +2.6114e+00 +3.0607e+00 +2.7770e+00 +1.2204e+00
1257 0 +6.328227816e+01 +4.702278159e+00 +4.702278159e+00 +1.5800e+00 -3.9265e+00 +1.3939e-01 +2.6331e+00 +2.4158e+00 -3.4349e+00 +3.1521e+00 +3.7213e+00 +2.7978e+00 +1.1471e+00
1282 0 +6.188089461e+01 +3.300894614e+00 +3.300894614e+00 +1.5928e+00 -3.0033e+00 -5.4556e-01 +1.3277e+00 +2.9272e+00 -3.2802e+00 +2.7584e+00 +3.7067e+00 +1.8929e+00 +1.2883e+00
1308 0 +5.489617960e+01 -3.683820395e+00 -3.683820395e+00 +1.7870e+00 -1.7329e+00 +1.5451e-01 +2.4893e+00 +2.4837e+00 -3.6939e+00 +2.8319e+00 +3.2301e+00 +1.9187e+00 +1.0148e+00
1570 0 +5.389461437e+01 -4.685385627e+00 -4.685385627e+00 +1.4600e+00 -2.3112e+00 +4.2409e-02 +3.0415e+00 +2.9835e+00 -4.4360e+00 +2.3135e+00 +3.1645e+00 +2.3178e+00 +1.3689e+00
1811 0 +5.388336195e+01 -4.696638048e+00 -4.696638048e+00 +1.5598e+00 -2.2293e+00 +2.6494e-01 +1.7356e+00 +2.9124e+00 -3.8487e+00 +2.7756e+00 +3.4147e+00 +2.6855e+00 +1.6138e+00
1816 0 +4.778650957e+01 -1.079349043e+01 -1.079349043e+01 +1.6298e+00 -2.4469e+00 -5.6730e-02 +1.8602e+00 +2.9180e+00 -3.7141e+00 +2.8099e+00 +3.3010e+00 +2.6648e+00 +1.6011e+00
1856 0 +3.134122136e+01 -2.723877864e+01 -2.723877864e+01 +1.6082e+00 -3.2208e+00 +3.9191e-02 +1.7702e+00 +2.9192e+00 -4.4955e+00 +2.8055e+00 +3.2873e+00 +2.6760e+00 +1.3054e+00
2483 0 +3.058365797e+01 -2.799634203e+01 -2.799634203e+01 +1.4768e+00 -2.5608e+00 +2.7821e-02 +1.9827e+00 +2.9484e+00 -4.4576e+00 +2.7505e+00 +3.2000e+00 +2.6689e+00 +1.6518e+00
2485 0 +2.886126318e+01 -2.971873682e+01 -2.971873682e+01 +1.4777e+00 -2.4394e+00 +1.4523e-01 +2.5852e+00 +2.8959e+00 -4.2892e+00 +2.7885e+00 +3.2947e+00 +2.7005e+00 +1.5916e+00
