% f evaluations | g evaluations | best noise-free fitness - Fopt (-1.694000000000e+01) + sum g_i+ | measured fitness | best measured fitness or single-digit g-values | x1 | x2...
1 0 +1.324093633e+01 -3.699063674e+00 -3.699063674e+00 +5.9671e-01 -3.8264e-02 +7.4769e-01 +1.6230e+00 -1.3415e-01
5 0 +1.237830438e+01 -4.561695617e+00 -4.561695617e+00 +1.5656e+00 -1.2578e-01 +1.6753e-01 -1.3247e+00 -4.4438e-01
12 0 +1.195851158e+01 -4.981488421e+00 -4.981488421e+00 +1.0313e+00 -7.3922e-01 -2.0921e-01 +4.3126e-01 +1.0755e+00
14 0 +1.086104601e+01 -6.078953987e+00 -6.078953987e+00 +1.4562e+00 +2.7990e-02 +1.1035e+00 +4.6164e-01 -5.4512e-01
25 0 +6.718572502e+00 -1.022142750e+01 -1.022142750e+01 +8.9103e-01 -8.0939e-01 +1.5028e+00 -1.3019e+00 +6.8686e-01
59 0 +4.962268204e+00 -1.197773180e+01 -1.197773180e+01 +1.7983e+00 -1.0664e-01 +1.0114e-01 +4.0080e-01 +1.3632e+00
115 0 +3.611465097e+00 -1.332853490e+01 -1.332853490e+01 +2.7281e+00 +1.6675e+00 -8.6824e-01 -4.6936e-01 +3.8294e-01
116 0 +3.188197635e+00 -1.375180237e+01 -1.375180237e+01 +2.3831e+00 +2.1833e+00 -1.2849e+00 +4.1182e-01 +5.8690e-01
221 0 +1.478318592e+00 -1.546168141e+01 -1.546168141e+01 +4.3377e+00 +3.1261e+00 -1.1450e+00 +4.6394e-01 +1.7754e+00
525 0 +1.034704255e+00 -1.590529575e+01 -1.590529575e+01 +4.0009e+00 +3.4351e+00 -1.3819e+00 +1.1726e+00 +1.4588e+00
640 0 +6.463760515e-01 -1.629362395e+01 -1.629362395e+01 +3.4156e+00 +2.2254e+00 -1.7214e+00 +1.4666e+00 +1.3074e+00
901 0 +3.004287956e-01 -1.663957120e+01 -1.663957120e+01 +3.7339e+00 +2.7057e+00 -1.4682e+00 +1.6125e+00 +1.4233e+00
