% f evaluations | g evaluations | best noise-free fitness - Fopt (-1.694000000000e+01) + sum g_i+ | measured fitness | best measured fitness or single-digit g-values | x1 | x2...
1 0 +1.324093633e+01 -3.699063674e+00 -3.699063674e+00 +5.9671e-01 -3.8264e-02 +7.4769e-01 +1.6230e+00 -1.3415e-01
5 0 +1.237830438e+01 -4.561695617e+00 -4.561695617e+00 +1.5656e+00 -1.2578e-01 +1.6753e-01 -1.3247e+00 -4.4438e-01
12 0 +1.195851158e+01 -4.981488421e+00 -4.981488421e+00 +1.0313e+00 -7.3922e-01 -2.0921e-01 +4.3126e-01 +1.0755e+00
14 0 +1.086104601e+01 -6.078953987e+00 -6.078953987e+00 +1.4562e+00 +2.7990e-02 +1.1035e+00 +4.6164e-01 -5.4512e-01
25 0 +6.718572502e+00 -1.022142750e+01 -1.022142750e+01 +8.9103e-01 -8.0939e-01 +1.5028e+00 -1.3019e+00 +6.8686e-01
32 0 +5.402858708e+00 -1.153714129e+01 -1.153714129e+01 +2.2446e+00 +6.2153e-01 -1.4737e-01 -7.4435e-02 +8.0773e-02
38 0 +4.786973409e+00 -1.215302659e+01 -1.215302659e+01 +1.9499e+00 +3.8515e-01 -2.2112e-01 -1.0642e+00 +1.3691e+00
67 0 +2.846042345e+00 -1.409395765e+01 -1.409395765e+01 +3.4286e+00 +2.1953e+00 -1.1938e+00 -3.3121e-01 +8.4483e-01
140 0 +2.787350564e+00 -1.415264944e+01 -1.415264944e+01 +3.4511e+00 +3.0374e+00 -1.3450e+00 +6.7203e-01 +1.8223e+00
168 0 +2.329371773e+00 -1.461062823e+01 -1.461062823e+01 +4.5773e+00 +1.9805e+00 -1.5917e+00 -1.1265e-01 +1.0044e+00
179 0 +1.988673255e+00 -1.495132674e+01 -1.495132674e+01 +3.9554e+00 +3.6985e+00 -1.4292e+00 +1.5653e+00 +1.9599e+00
180 0 +7.824730274e-01 -1.615752697e+01 -1.615752697e+01 +3.7164e+00 +2.7740e+00 -1.2580e+00 +9.7109e-01 +1.5550e+00
362 0 +6.391465918e-01 -1.630085341e+01 -1.630085341e+01 +4.0895e+00 +2.7140e+00 -1.2483e+00 +1.0873e+00 +1.5813e+00
384 0 +5.272909500e-01 -1.641270905e+01 -1.641270905e+01 +3.7672e+00 +2.3584e+00 -1.5163e+00 +1.3534e+00 +1.2476e+00
398 0 +3.246198974e-01 -1.661538010e+01 -1.661538010e+01 +3.7307e+00 +2.5259e+00 -1.3675e+00 +1.0970e+00 +1.3530e+00
580 0 +1.750276554e-01 -1.676497234e+01 -1.676497234e+01 +3.7012e+00 +2.4812e+00 -1.4887e+00 +1.5306e+00 +1.3685e+00
745 0 +1.342663162e-01 -1.680573368e+01 -1.680573368e+01 +3.7022e+00 +2.5409e+00 -1.5533e+00 +1.5187e+00 +1.3837e+00
766 0 +9.983799114e-02 -1.684016201e+01 -1.684016201e+01 +3.7029e+00 +2.5784e+00 -1.5328e+00 +1.4840e+00 +1.4026e+00
837 0 +7.089917526e-02 -1.686910082e+01 -1.686910082e+01 +3.6405e+00 +2.5664e+00 -1.5439e+00 +1.4433e+00 +1.4071e+00
930 0 +3.349619524e-02 -1.690650380e+01 -1.690650380e+01 +3.6417e+00 +2.5292e+00 -1.5269e+00 +1.4458e+00 +1.3963e+00
1069 0 +2.496130082e-02 -1.691503870e+01 -1.691503870e+01 +3.6527e+00 +2.5441e+00 -1.5248e+00 +1.4562e+00 +1.3817e+00
1106 0 +2.493306381e-02 -1.691506694e+01 -1.691506694e+01 +3.6424e+00 +2.5348e+00 -1.5401e+00 +1.4869e+00 +1.3911e+00
1133 0 +1.389878838e-02 -1.692610121e+01 -1.692610121e+01 +3.6507e+00 +2.5611e+00 -1.5270e+00 +1.4648e+00 +1.3965e+00
