% f evaluations | g evaluations | best noise-free fitness - Fopt (-1.694000000000e+01) + sum g_i+ | measured fitness | best measured fitness or single-digit g-values | x1 | x2...
1 0 +1.324093633e+01 -3.699063674e+00 -3.699063674e+00 +5.9671e-01 -3.8264e-02 +7.4769e-01 +1.6230e+00 -1.3415e-01
5 0 +1.237830438e+01 -4.561695617e+00 -4.561695617e+00 +1.5656e+00 -1.2578e-01 +1.6753e-01 -1.3247e+00 -4.4438e-01
12 0 +1.195851158e+01 -4.981488421e+00 -4.981488421e+00 +1.0313e+00 -7.3922e-01 -2.0921e-01 +4.3126e-01 +1.0755e+00
14 0 +1.086104601e+01 -6.078953987e+00 -6.078953987e+00 +1.4562e+00 +2.7990e-02 +1.1035e+00 +4.6164e-01 -5.4512e-01
25 0 +6.718572502e+00 -1.022142750e+01 -1.022142750e+01 +8.9103e-01 -8.0939e-01 +1.5028e+00 -1.3019e+00 +6.8686e-01
45 0 +3.392542789e+00 -1.354745721e+01 -1.354745721e+01 +1.9737e+00 +1.9299e+00 -1.0599e+00 -4.9178e-01 +4.7901e-01
56 0 +3.126813264e+00 -1.381318674e+01 -1.381318674e+01 +4.0935e+00 +1.5668e+00 -1.0636e+00 -1.9590e+00 -9.5141e-02
77 0 +3.107801150e+00 -1.383219885e+01 -1.383219885e+01 +4.0108e+00 +2.8901e+00 -1.6930e+00 -2.0169e-01 +1.2096e+00
127 0 +2.552705683e+00 -1.438729432e+01 -1.438729432e+01 +3.4323e+00 +2.9880e+00 -8.9795e-01 +1.0997e+00 +2.1936e+00
131 0 +2.054057167e+00 -1.488594283e+01 -1.488594283e+01 +2.7102e+00 +3.2558e+00 -1.8439e+00 +2.4476e+00 +1.4210e+00
176 0 +2.051942829e+00 -1.488805717e+01 -1.488805717e+01 +4.3387e+00 +2.4762e+00 -8.4279e-01 +1.2097e+00 +1.7056e+00
216 0 +1.565815394e+00 -1.537418461e+01 -1.537418461e+01 +3.6704e+00 +2.0872e+00 -1.7830e+00 +1.0142e+00 +1.1558e+00
252 0 +1.043976757e+00 -1.589602324e+01 -1.589602324e+01 +4.1170e+00 +2.2233e+00 -1.2064e+00 +1.3302e+00 +1.3653e+00
276 0 +1.000712068e+00 -1.593928793e+01 -1.593928793e+01 +4.4782e+00 +2.6810e+00 -1.2434e+00 +1.0989e+00 +1.7172e+00
301 0 +9.673923202e-01 -1.597260768e+01 -1.597260768e+01 +4.1768e+00 +2.3007e+00 -1.3915e+00 +1.1893e+00 +1.5207e+00
303 0 +7.044345415e-01 -1.623556546e+01 -1.623556546e+01 +3.7156e+00 +2.3304e+00 -1.2547e+00 +1.4111e+00 +1.1903e+00
320 0 +6.832195355e-01 -1.625678046e+01 -1.625678046e+01 +3.3473e+00 +2.5908e+00 -1.8413e+00 +1.6984e+00 +1.4218e+00
332 0 +6.247784547e-01 -1.631522155e+01 -1.631522155e+01 +3.3728e+00 +2.2986e+00 -1.5453e+00 +1.8721e+00 +1.1178e+00
343 0 +6.223826519e-01 -1.631761735e+01 -1.631761735e+01 +3.9591e+00 +2.2805e+00 -1.7159e+00 +1.6671e+00 +1.3047e+00
371 0 +5.661867727e-01 -1.637381323e+01 -1.637381323e+01 +3.8020e+00 +2.7044e+00 -1.3368e+00 +1.6095e+00 +1.7530e+00
378 0 +5.413198280e-01 -1.639868017e+01 -1.639868017e+01 +3.4693e+00 +2.2799e+00 -1.5503e+00 +1.6118e+00 +1.3699e+00
403 0 +4.955610945e-01 -1.644443891e+01 -1.644443891e+01 +3.6319e+00 +2.5988e+00 -1.7348e+00 +1.7383e+00 +1.4237e+00
405 0 +4.831885605e-01 -1.645681144e+01 -1.645681144e+01 +3.6393e+00 +2.5504e+00 -1.6067e+00 +1.6125e+00 +1.5391e+00
426 0 +3.112922187e-01 -1.662870778e+01 -1.662870778e+01 +3.5249e+00 +2.4226e+00 -1.6878e+00 +1.6751e+00 +1.5306e+00
436 0 +1.819956699e-01 -1.675800433e+01 -1.675800433e+01 +3.6011e+00 +2.6531e+00 -1.5247e+00 +1.3864e+00 +1.3595e+00
459 0 +1.582663617e-01 -1.678173364e+01 -1.678173364e+01 +3.5730e+00 +2.4823e+00 -1.5396e+00 +1.3464e+00 +1.3424e+00
554 0 +1.129869155e-01 -1.682701308e+01 -1.682701308e+01 +3.6260e+00 +2.5418e+00 -1.5609e+00 +1.5320e+00 +1.3947e+00
602 0 +1.096818627e-01 -1.683031814e+01 -1.683031814e+01 +3.6878e+00 +2.5349e+00 -1.5447e+00 +1.4705e+00 +1.4135e+00
603 0 +6.408606214e-02 -1.687591394e+01 -1.687591394e+01 +3.6639e+00 +2.5349e+00 -1.5110e+00 +1.4851e+00 +1.3754e+00
660 0 +5.625320145e-02 -1.688374680e+01 -1.688374680e+01 +3.6119e+00 +2.5110e+00 -1.5583e+00 +1.4825e+00 +1.3893e+00
680 0 +4.742162933e-02 -1.689257837e+01 -1.689257837e+01 +3.6724e+00 +2.5098e+00 -1.5312e+00 +1.4936e+00 +1.4007e+00
702 0 +4.397590039e-02 -1.689602410e+01 -1.689602410e+01 +3.6484e+00 +2.5407e+00 -1.5125e+00 +1.4690e+00 +1.3655e+00
756 0 +3.377022402e-02 -1.690622978e+01 -1.690622978e+01 +3.6372e+00 +2.5337e+00 -1.5340e+00 +1.4740e+00 +1.3927e+00
778 0 +2.645223243e-02 -1.691354777e+01 -1.691354777e+01 +3.6542e+00 +2.5367e+00 -1.5249e+00 +1.4666e+00 +1.3955e+00
779 0 +1.767783921e-02 -1.692232216e+01 -1.692232216e+01 +3.6451e+00 +2.5417e+00 -1.5360e+00 +1.4848e+00 +1.3958e+00
831 0 +1.584699145e-02 -1.692415301e+01 -1.692415301e+01 +3.6288e+00 +2.5333e+00 -1.5438e+00 +1.4835e+00 +1.3937e+00
832 0 +1.514700555e-02 -1.692485299e+01 -1.692485299e+01 +3.6476e+00 +2.5442e+00 -1.5364e+00 +1.4750e+00 +1.3988e+00
862 0 +1.100321028e-02 -1.692899679e+01 -1.692899679e+01 +3.6484e+00 +2.5472e+00 -1.5308e+00 +1.4711e+00 +1.3917e+00
877 0 +1.042523716e-02 -1.692957476e+01 -1.692957476e+01 +3.6520e+00 +2.5452e+00 -1.5332e+00 +1.4746e+00 +1.3977e+00
906 0 +9.381224724e-03 -1.693061878e+01 -1.693061878e+01 +3.6565e+00 +2.5479e+00 -1.5285e+00 +1.4689e+00 +1.3953e+00
926 0 +7.958143785e-03 -1.693204186e+01 -1.693204186e+01 +3.6544e+00 +2.5480e+00 -1.5302e+00 +1.4673e+00 +1.3941e+00
937 0 +6.318897988e-03 -1.693368110e+01 -1.693368110e+01 +3.6587e+00 +2.5491e+00 -1.5286e+00 +1.4661e+00 +1.3973e+00
1008 0 +5.903563985e-03 -1.693409644e+01 -1.693409644e+01 +3.6496e+00 +2.5482e+00 -1.5321e+00 +1.4728e+00 +1.3933e+00
1014 0 +4.998556496e-03 -1.693500144e+01 -1.693500144e+01 +3.6606e+00 +2.5544e+00 -1.5272e+00 +1.4681e+00 +1.3986e+00
1017 0 +4.596126214e-03 -1.693540387e+01 -1.693540387e+01 +3.6591e+00 +2.5551e+00 -1.5281e+00 +1.4659e+00 +1.3965e+00
1027 0 +3.182226029e-03 -1.693681777e+01 -1.693681777e+01 +3.6602e+00 +2.5543e+00 -1.5267e+00 +1.4648e+00 +1.3977e+00
1028 0 +2.796602642e-03 -1.693720340e+01 -1.693720340e+01 +3.6506e+00 +2.5465e+00 -1.5325e+00 +1.4730e+00 +1.3952e+00
1077 0 +2.449537454e-03 -1.693755046e+01 -1.693755046e+01 +3.6565e+00 +2.5511e+00 -1.5291e+00 +1.4695e+00 +1.3965e+00
1084 0 +2.274574060e-03 -1.693772543e+01 -1.693772543e+01 +3.6543e+00 +2.5480e+00 -1.5303e+00 +1.4713e+00 +1.3958e+00
1105 0 +1.118235000e-03 -1.693888177e+01 -1.693888177e+01 +3.6551e+00 +2.5496e+00 -1.5296e+00 +1.4696e+00 +1.3959e+00
1151 0 +7.763303369e-04 -1.693922367e+01 -1.693922367e+01 +3.6558e+00 +2.5499e+00 -1.5297e+00 +1.4697e+00 +1.3962e+00
1180 0 +7.534086957e-04 -1.693924659e+01 -1.693924659e+01 +3.6552e+00 +2.5494e+00 -1.5301e+00 +1.4698e+00 +1.3959e+00
1229 0 +5.754876470e-04 -1.693942451e+01 -1.693942451e+01 +3.6555e+00 +2.5501e+00 -1.5296e+00 +1.4693e+00 +1.3958e+00
% f evaluations | g evaluations | best noise-free fitness - Fopt (1.881000000000e+01) + sum g_i+ | measured fitness | best measured fitness or single-digit g-values | x1 | x2...
1 0 +8.477959466e+00 +2.728795947e+01 +2.728795947e+01 +5.9671e-01 -3.8264e-02 +7.4769e-01 +1.6230e+00 -1.3415e-01
2 0 +4.381082924e+00 +2.319108292e+01 +2.319108292e+01 -1.3414e-01 +1.6792e+00 +8.6743e-01 -3.6947e-01 +6.4256e-01
7 0 +2.922275631e+00 +2.173227563e+01 +2.173227563e+01 -5.0171e-01 +1.9523e+00 +8.6503e-02 -9.5771e-01 +9.2254e-01
39 0 +2.601127234e+00 +2.141112723e+01 +2.141112723e+01 -5.9632e-01 +2.1056e-01 -5.9124e-01 -5.2746e-02 +7.6673e-01
51 0 +2.553848975e+00 +2.136384897e+01 +2.136384897e+01 +8.1597e-01 +1.7978e+00 -1.7719e+00 +1.6516e-01 +2.0620e+00
52 0 +1.350145614e+00 +2.016014561e+01 +2.016014561e+01 +1.1111e-01 +1.7734e+00 -1.3452e+00 -6.4603e-02 +1.4978e+00
71 0 +9.544478482e-01 +1.976444785e+01 +1.976444785e+01 -2.7056e-01 +1.4612e+00 -1.2095e+00 -4.6795e-01 +1.7889e+00
104 0 +7.863562838e-01 +1.959635628e+01 +1.959635628e+01 -1.0962e-01 +1.4594e+00 -8.2204e-01 -6.0916e-01 +2.4853e+00
178 0 +7.077736718e-01 +1.951777367e+01 +1.951777367e+01 -2.5236e-01 +1.9176e+00 -1.1436e+00 +7.2444e-02 +1.6146e+00
179 0 +7.002465106e-01 +1.951024651e+01 +1.951024651e+01 +8.8676e-03 +2.1380e+00 -9.4469e-01 +1.6045e-01 +2.0170e+00
188 0 +6.130574329e-01 +1.942305743e+01 +1.942305743e+01 -1.0556e-01 +1.8524e+00 -5.4310e-01 -3.1612e-01 +1.2021e+00
226 0 +4.827909366e-01 +1.929279094e+01 +1.929279094e+01 -2.6522e-01 +2.1599e+00 -8.8351e-01 +2.2562e-01 +1.6200e+00
260 0 +3.817484639e-01 +1.919174846e+01 +1.919174846e+01 -3.2925e-01 +1.7322e+00 -1.0183e+00 -2.1702e-01 +1.5701e+00
277 0 +3.651913535e-01 +1.917519135e+01 +1.917519135e+01 -2.3997e-01 +1.6448e+00 -9.0952e-01 -2.0488e-01 +1.6349e+00
291 0 +3.265228542e-01 +1.913652285e+01 +1.913652285e+01 -1.0143e-01 +1.7511e+00 -9.6021e-01 -1.4951e-02 +1.7267e+00
331 0 +3.261705650e-01 +1.913617056e+01 +1.913617056e+01 -1.3581e-01 +1.9675e+00 -8.7335e-01 -1.4728e-01 +1.7421e+00
352 0 +3.166750452e-01 +1.912667505e+01 +1.912667505e+01 -2.0304e-01 +1.8090e+00 -9.5423e-01 -2.6236e-01 +1.7760e+00
381 0 +3.133961537e-01 +1.912339615e+01 +1.912339615e+01 -8.5077e-02 +1.8114e+00 -8.1707e-01 -9.2970e-02 +1.6107e+00
395 0 +2.565138276e-01 +1.906651383e+01 +1.906651383e+01 -1.7567e-01 +1.6927e+00 -7.8768e-01 -1.7494e-01 +1.8292e+00
401 0 +2.128030012e-01 +1.902280300e+01 +1.902280300e+01 -1.3865e-01 +1.8394e+00 -8.1480e-01 +2.5217e-02 +1.5746e+00
405 0 +1.549837369e-01 +1.896498374e+01 +1.896498374e+01 -2.1061e-01 +1.7633e+00 -7.6591e-01 +2.5782e-02 +1.7289e+00
430 0 +1.016307478e-01 +1.891163075e+01 +1.891163075e+01 -1.3747e-01 +1.8022e+00 -8.5240e-01 +1.2306e-03 +1.6502e+00
451 0 +5.968160726e-02 +1.886968161e+01 +1.886968161e+01 -2.1331e-01 +1.7873e+00 -8.3498e-01 -1.5294e-02 +1.6278e+00
528 0 +4.260465091e-02 +1.885260465e+01 +1.885260465e+01 -2.0260e-01 +1.7341e+00 -8.2005e-01 -3.6896e-02 +1.6700e+00
531 0 +3.403347363e-02 +1.884403347e+01 +1.884403347e+01 -2.0593e-01 +1.7761e+00 -8.3063e-01 -6.1318e-02 +1.6826e+00
601 0 +3.296584184e-02 +1.884296584e+01 +1.884296584e+01 -1.9875e-01 +1.7850e+00 -8.3327e-01 -5.3688e-02 +1.6779e+00
677 0 +2.860912291e-02 +1.883860912e+01 +1.883860912e+01 -1.9861e-01 +1.7666e+00 -8.1948e-01 -3.8586e-02 +1.6690e+00
741 0 +2.536765509e-02 +1.883536766e+01 +1.883536766e+01 -1.8798e-01 +1.7672e+00 -8.0552e-01 -5.4548e-02 +1.6898e+00
754 0 +2.336315328e-02 +1.883336315e+01 +1.883336315e+01 -1.9217e-01 +1.7781e+00 -8.0950e-01 -1.8071e-02 +1.6701e+00
768 0 +2.215006410e-02 +1.883215006e+01 +1.883215006e+01 -2.0343e-01 +1.7844e+00 -8.1535e-01 -3.5924e-02 +1.6835e+00
776 0 +2.109558157e-02 +1.883109558e+01 +1.883109558e+01 -1.9284e-01 +1.7855e+00 -8.1544e-01 -4.1524e-02 +1.6720e+00
785 0 +1.601285244e-02 +1.882601285e+01 +1.882601285e+01 -1.9018e-01 +1.7792e+00 -8.1409e-01 -4.2742e-02 +1.6814e+00
826 0 +1.422756160e-02 +1.882422756e+01 +1.882422756e+01 -1.8711e-01 +1.7831e+00 -8.2068e-01 -4.2355e-02 +1.6832e+00
845 0 +8.389375345e-03 +1.881838938e+01 +1.881838938e+01 -1.9284e-01 +1.7871e+00 -8.2453e-01 -3.0299e-02 +1.6731e+00
904 0 +6.050156492e-03 +1.881605016e+01 +1.881605016e+01 -1.9320e-01 +1.7811e+00 -8.2381e-01 -3.1748e-02 +1.6687e+00
931 0 +5.537454809e-03 +1.881553745e+01 +1.881553745e+01 -1.9058e-01 +1.7806e+00 -8.2114e-01 -3.6041e-02 +1.6682e+00
932 0 +5.133377436e-03 +1.881513338e+01 +1.881513338e+01 -1.8955e-01 +1.7807e+00 -8.2426e-01 -3.5437e-02 +1.6716e+00
980 0 +3.940425729e-03 +1.881394043e+01 +1.881394043e+01 -1.9001e-01 +1.7793e+00 -8.2240e-01 -3.5294e-02 +1.6730e+00
1003 0 +2.099073488e-03 +1.881209907e+01 +1.881209907e+01 -1.9064e-01 +1.7808e+00 -8.2218e-01 -3.4945e-02 +1.6731e+00
1026 0 +2.059780863e-03 +1.881205978e+01 +1.881205978e+01 -1.9058e-01 +1.7808e+00 -8.2181e-01 -3.3600e-02 +1.6729e+00
1055 0 +1.926436050e-03 +1.881192644e+01 +1.881192644e+01 -1.9165e-01 +1.7807e+00 -8.2303e-01 -3.4634e-02 +1.6728e+00
1078 0 +1.447789740e-03 +1.881144779e+01 +1.881144779e+01 -1.9153e-01 +1.7815e+00 -8.2234e-01 -3.3212e-02 +1.6714e+00
1081 0 +9.285691679e-04 +1.881092857e+01 +1.881092857e+01 -1.9107e-01 +1.7816e+00 -8.2264e-01 -3.3666e-02 +1.6718e+00
1105 0 +9.035866689e-04 +1.881090359e+01 +1.881090359e+01 -1.9159e-01 +1.7810e+00 -8.2231e-01 -3.3419e-02 +1.6723e+00
1126 0 +6.689402035e-04 +1.881066894e+01 +1.881066894e+01 -1.9133e-01 +1.7810e+00 -8.2211e-01 -3.3297e-02 +1.6719e+00
1129 0 +4.372106756e-04 +1.881043721e+01 +1.881043721e+01 -1.9105e-01 +1.7803e+00 -8.2234e-01 -3.4067e-02 +1.6726e+00
1201 0 +2.671520718e-04 +1.881026715e+01 +1.881026715e+01 -1.9131e-01 +1.7810e+00 -8.2242e-01 -3.3553e-02 +1.6720e+00
% f evaluations | g evaluations | best noise-free fitness - Fopt (2.731500000000e+02) + sum g_i+ | measured fitness | best measured fitness or single-digit g-values | x1 | x2...
1 0 +1.003648843e+01 +2.831864884e+02 +2.831864884e+02 +5.9671e-01 -3.8264e-02 +7.4769e-01 +1.6230e+00 -1.3415e-01
7 0 +9.345729143e+00 +2.824957291e+02 +2.824957291e+02 -5.0171e-01 +1.9523e+00 +8.6503e-02 -9.5771e-01 +9.2254e-01
20 0 +9.256012260e+00 +2.824060123e+02 +2.824060123e+02 -1.3635e+00 +3.9612e-01 +3.6106e-01 +1.0511e-01 -1.3459e-01
32 0 +5.812210454e+00 +2.789622105e+02 +2.789622105e+02 -2.4744e+00 +2.4997e+00 +3.5139e-01 -1.7177e-01 +1.5012e+00
53 0 +4.392862125e+00 +2.775428621e+02 +2.775428621e+02 -1.7636e+00 +2.4195e+00 +4.6837e-01 +9.6332e-01 +4.7274e-02
59 0 +3.272807632e+00 +2.764228076e+02 +2.764228076e+02 -2.2605e+00 +3.7392e+00 +7.6821e-01 +2.1814e+00 +1.5212e+00
81 0 +2.745443859e+00 +2.758954439e+02 +2.758954439e+02 -1.3732e+00 +3.5894e+00 -5.6209e-01 +1.9677e+00 +6.3339e-01
89 0 +2.393938497e+00 +2.755439385e+02 +2.755439385e+02 -2.6432e+00 +4.5752e+00 -7.1624e-01 +2.0650e+00 +2.5723e+00
127 0 +1.387697823e+00 +2.745376978e+02 +2.745376978e+02 -1.1420e+00 +3.4182e+00 -4.0848e-02 +2.3154e+00 +1.8023e+00
208 0 +1.270209280e+00 +2.744202093e+02 +2.744202093e+02 -3.4437e+00 +3.6285e+00 -3.5419e-01 +3.2413e+00 +2.3162e+00
228 0 +1.222207886e+00 +2.743722079e+02 +2.743722079e+02 -3.0554e+00 +4.5265e+00 -2.0287e-02 +2.3532e+00 +1.7271e+00
230 0 +8.318673854e-01 +2.739818674e+02 +2.739818674e+02 -4.3970e+00 +3.9679e+00 -6.3493e-01 +2.5311e+00 +2.3802e+00
256 0 +4.635473167e-01 +2.736135473e+02 +2.736135473e+02 -3.5948e+00 +3.8920e+00 -5.0398e-01 +2.6698e+00 +1.8278e+00
328 0 +2.071049259e-01 +2.733571049e+02 +2.733571049e+02 -3.3582e+00 +3.7986e+00 -4.3147e-01 +2.5141e+00 +1.9755e+00
476 0 +1.924806623e-01 +2.733424807e+02 +2.733424807e+02 -3.7375e+00 +3.7007e+00 -5.3125e-01 +2.5791e+00 +1.9139e+00
502 0 +1.159849017e-01 +2.732659849e+02 +2.732659849e+02 -3.6274e+00 +3.7453e+00 -5.2835e-01 +2.5684e+00 +1.9272e+00
528 0 +6.815627716e-02 +2.732181563e+02 +2.732181563e+02 -3.6459e+00 +3.7466e+00 -4.5952e-01 +2.5701e+00 +1.9813e+00
628 0 +6.434353779e-02 +2.732143435e+02 +2.732143435e+02 -3.5733e+00 +3.7660e+00 -4.8673e-01 +2.5678e+00 +1.9754e+00
652 0 +6.121674425e-02 +2.732112167e+02 +2.732112167e+02 -3.5793e+00 +3.7640e+00 -4.8303e-01 +2.5748e+00 +1.9872e+00
676 0 +5.026667696e-02 +2.732002667e+02 +2.732002667e+02 -3.5546e+00 +3.7566e+00 -4.8855e-01 +2.5503e+00 +2.0112e+00
701 0 +4.735029551e-02 +2.731973503e+02 +2.731973503e+02 -3.5749e+00 +3.7536e+00 -4.9081e-01 +2.5751e+00 +2.0103e+00
704 0 +1.762430903e-02 +2.731676243e+02 +2.731676243e+02 -3.5926e+00 +3.7583e+00 -4.7795e-01 +2.5714e+00 +2.0094e+00
751 0 +1.700388370e-02 +2.731670039e+02 +2.731670039e+02 -3.5795e+00 +3.7621e+00 -4.9239e-01 +2.5628e+00 +2.0173e+00
827 0 +1.696298223e-02 +2.731669630e+02 +2.731669630e+02 -3.5882e+00 +3.7594e+00 -4.7277e-01 +2.5680e+00 +2.0020e+00
829 0 +9.760374112e-03 +2.731597604e+02 +2.731597604e+02 -3.5823e+00 +3.7627e+00 -4.7534e-01 +2.5666e+00 +2.0063e+00
857 0 +8.547217567e-03 +2.731585472e+02 +2.731585472e+02 -3.5804e+00 +3.7504e+00 -4.7749e-01 +2.5689e+00 +2.0034e+00
903 0 +6.184540719e-03 +2.731561845e+02 +2.731561845e+02 -3.5807e+00 +3.7541e+00 -4.7984e-01 +2.5669e+00 +2.0062e+00
959 0 +5.304385807e-03 +2.731553044e+02 +2.731553044e+02 -3.5718e+00 +3.7548e+00 -4.7820e-01 +2.5665e+00 +2.0061e+00
1007 0 +4.757870889e-03 +2.731547579e+02 +2.731547579e+02 -3.5733e+00 +3.7538e+00 -4.7531e-01 +2.5673e+00 +2.0066e+00
1027 0 +2.991134009e-03 +2.731529911e+02 +2.731529911e+02 -3.5810e+00 +3.7540e+00 -4.7755e-01 +2.5691e+00 +2.0090e+00
1053 0 +1.907352157e-03 +2.731519074e+02 +2.731519074e+02 -3.5788e+00 +3.7549e+00 -4.7740e-01 +2.5684e+00 +2.0072e+00
1151 0 +1.299859519e-03 +2.731512999e+02 +2.731512999e+02 -3.5792e+00 +3.7537e+00 -4.7821e-01 +2.5689e+00 +2.0076e+00
1226 0 +1.185153543e-03 +2.731511852e+02 +2.731511852e+02 -3.5791e+00 +3.7531e+00 -4.7809e-01 +2.5692e+00 +2.0080e+00
1227 0 +9.884849492e-04 +2.731509885e+02 +2.731509885e+02 -3.5798e+00 +3.7534e+00 -4.7866e-01 +2.5687e+00 +2.0078e+00
1235 0 +7.256994989e-04 +2.731507257e+02 +2.731507257e+02 -3.5789e+00 +3.7539e+00 -4.7824e-01 +2.5689e+00 +2.0088e+00
% f evaluations | g evaluations | best noise-free fitness - Fopt (3.718000000000e+01) + sum g_i+ | measured fitness | best measured fitness or single-digit g-values | x1 | x2...
1 0 +3.561082852e+01 +7.279082852e+01 +7.279082852e+01 +5.9671e-01 -3.8264e-02 +7.4769e-01 +1.6230e+00 -1.3415e-01
2 0 +2.925429655e+01 +6.643429655e+01 +6.643429655e+01 -1.3414e-01 +1.6792e+00 +8.6743e-01 -3.6947e-01 +6.4256e-01
4 0 +2.504697546e+01 +6.222697546e+01 +6.222697546e+01 -4.6229e-01 -9.1283e-01 +4.1425e-01 -8.0802e-01 -1.3123e+00
10 0 +1.250154236e+01 +4.968154236e+01 +4.968154236e+01 -6.1984e-01 -3.6064e-01 +1.1571e+00 +4.4362e-01 -1.6630e+00
26 0 +6.041287469e+00 +4.322128747e+01 +4.322128747e+01 -6.9461e-02 +1.6281e+00 +3.4554e+00 +7.1651e-01 -2.7471e+00
52 0 +3.666517332e+00 +4.084651733e+01 +4.084651733e+01 -1.9078e+00 +2.9377e+00 +2.2187e+00 +2.4985e+00 -2.9673e+00
62 0 +1.257380399e+00 +3.843738040e+01 +3.843738040e+01 -3.1748e+00 +2.2477e+00 +2.2849e+00 +7.7591e-01 -3.4645e+00
231 0 +8.054957708e-01 +3.798549577e+01 +3.798549577e+01 -3.6075e+00 +2.1555e+00 +1.7408e+00 +1.5785e+00 -3.6090e+00
312 0 +7.786030949e-01 +3.795860309e+01 +3.795860309e+01 -3.5608e+00 +1.9376e+00 +2.3390e+00 +1.6675e+00 -3.3454e+00
326 0 +7.372600900e-01 +3.791726009e+01 +3.791726009e+01 -3.9829e+00 +2.2041e+00 +2.0899e+00 +1.4144e+00 -3.7058e+00
329 0 +6.910522775e-01 +3.787105228e+01 +3.787105228e+01 -3.9839e+00 +1.9736e+00 +2.2764e+00 +1.3677e+00 -3.4075e+00
330 0 +5.501208728e-01 +3.773012087e+01 +3.773012087e+01 -3.7962e+00 +1.8550e+00 +2.5658e+00 +1.6515e+00 -3.2905e+00
376 0 +4.698255352e-01 +3.764982554e+01 +3.764982554e+01 -3.9024e+00 +1.8688e+00 +2.0769e+00 +1.5238e+00 -3.5365e+00
377 0 +4.627780296e-01 +3.764277803e+01 +3.764277803e+01 -3.6933e+00 +2.1033e+00 +2.1169e+00 +1.4861e+00 -3.4811e+00
412 0 +3.982810478e-01 +3.757828105e+01 +3.757828105e+01 -3.9060e+00 +2.0090e+00 +1.9054e+00 +1.7100e+00 -3.6021e+00
417 0 +3.864803024e-01 +3.756648030e+01 +3.756648030e+01 -3.3196e+00 +1.8920e+00 +2.7259e+00 +1.3812e+00 -3.2854e+00
451 0 +2.860587663e-01 +3.746605877e+01 +3.746605877e+01 -3.7532e+00 +2.0365e+00 +2.0271e+00 +1.6782e+00 -3.6269e+00
489 0 +2.207284082e-01 +3.740072841e+01 +3.740072841e+01 -3.7076e+00 +1.9833e+00 +2.2824e+00 +1.5369e+00 -3.3994e+00
502 0 +1.559322315e-01 +3.733593223e+01 +3.733593223e+01 -3.9249e+00 +2.0710e+00 +1.9214e+00 +1.6667e+00 -3.4794e+00
529 0 +1.531285102e-01 +3.733312851e+01 +3.733312851e+01 -3.8602e+00 +2.0337e+00 +2.1241e+00 +1.5569e+00 -3.4429e+00
569 0 +1.416158953e-01 +3.732161590e+01 +3.732161590e+01 -3.9214e+00 +2.0277e+00 +1.9721e+00 +1.6003e+00 -3.5654e+00
576 0 +1.340195526e-01 +3.731401955e+01 +3.731401955e+01 -3.8408e+00 +2.1220e+00 +2.1659e+00 +1.5849e+00 -3.4792e+00
581 0 +1.174760523e-01 +3.729747605e+01 +3.729747605e+01 -3.9461e+00 +2.0441e+00 +2.0192e+00 +1.5794e+00 -3.5775e+00
583 0 +1.055924065e-01 +3.728559241e+01 +3.728559241e+01 -3.8568e+00 +2.0643e+00 +2.0972e+00 +1.5630e+00 -3.5238e+00
602 0 +9.748171105e-02 +3.727748171e+01 +3.727748171e+01 -3.8829e+00 +2.0813e+00 +2.0358e+00 +1.6180e+00 -3.5662e+00
603 0 +8.688692048e-02 +3.726688692e+01 +3.726688692e+01 -3.8816e+00 +2.0489e+00 +2.0793e+00 +1.6010e+00 -3.4805e+00
628 0 +5.324278379e-02 +3.723324278e+01 +3.723324278e+01 -3.9007e+00 +2.0558e+00 +2.0287e+00 +1.5912e+00 -3.5375e+00
653 0 +3.067820592e-02 +3.721067821e+01 +3.721067821e+01 -3.9226e+00 +2.0663e+00 +2.0188e+00 +1.6087e+00 -3.5305e+00
677 0 +2.939261738e-02 +3.720939262e+01 +3.720939262e+01 -3.9058e+00 +2.0725e+00 +2.0353e+00 +1.6101e+00 -3.5163e+00
751 0 +1.744445414e-02 +3.719744445e+01 +3.719744445e+01 -3.9171e+00 +2.0543e+00 +2.0127e+00 +1.6128e+00 -3.5410e+00
805 0 +1.696134045e-02 +3.719696134e+01 +3.719696134e+01 -3.9096e+00 +2.0522e+00 +2.0138e+00 +1.6128e+00 -3.5339e+00
808 0 +1.525044008e-02 +3.719525044e+01 +3.719525044e+01 -3.8955e+00 +2.0517e+00 +2.0315e+00 +1.6092e+00 -3.5306e+00
860 0 +1.398480504e-02 +3.719398481e+01 +3.719398481e+01 -3.8982e+00 +2.0607e+00 +2.0380e+00 +1.6134e+00 -3.5293e+00
861 0 +7.164356929e-03 +3.718716436e+01 +3.718716436e+01 -3.9004e+00 +2.0597e+00 +2.0379e+00 +1.6103e+00 -3.5298e+00
877 0 +6.912416820e-03 +3.718691242e+01 +3.718691242e+01 -3.8991e+00 +2.0607e+00 +2.0393e+00 +1.6072e+00 -3.5354e+00
901 0 +5.370306651e-03 +3.718537031e+01 +3.718537031e+01 -3.8989e+00 +2.0607e+00 +2.0438e+00 +1.6096e+00 -3.5329e+00
977 0 +3.919995942e-03 +3.718392000e+01 +3.718392000e+01 -3.8966e+00 +2.0610e+00 +2.0397e+00 +1.6109e+00 -3.5330e+00
1004 0 +3.771980598e-03 +3.718377198e+01 +3.718377198e+01 -3.8974e+00 +2.0610e+00 +2.0391e+00 +1.6104e+00 -3.5339e+00
1040 0 +3.331948183e-03 +3.718333195e+01 +3.718333195e+01 -3.9006e+00 +2.0613e+00 +2.0399e+00 +1.6099e+00 -3.5357e+00
1052 0 +2.642127128e-03 +3.718264213e+01 +3.718264213e+01 -3.8983e+00 +2.0609e+00 +2.0401e+00 +1.6102e+00 -3.5334e+00
1089 0 +2.215496076e-03 +3.718221550e+01 +3.718221550e+01 -3.9004e+00 +2.0617e+00 +2.0405e+00 +1.6091e+00 -3.5340e+00
1102 0 +1.360975908e-03 +3.718136098e+01 +3.718136098e+01 -3.8987e+00 +2.0607e+00 +2.0398e+00 +1.6098e+00 -3.5331e+00
1156 0 +1.144733574e-03 +3.718114473e+01 +3.718114473e+01 -3.8995e+00 +2.0600e+00 +2.0393e+00 +1.6096e+00 -3.5340e+00
1213 0 +1.018119371e-03 +3.718101812e+01 +3.718101812e+01 -3.8992e+00 +2.0603e+00 +2.0402e+00 +1.6099e+00 -3.5335e+00
1227 0 +5.126205736e-04 +3.718051262e+01 +3.718051262e+01 -3.8992e+00 +2.0599e+00 +2.0400e+00 +1.6094e+00 -3.5338e+00
% f evaluations | g evaluations | best noise-free fitness - Fopt (-1.479000000000e+02) + sum g_i+ | measured fitness | best measured fitness or single-digit g-values | x1 | x2...
1 0 +1.688179895e+01 -1.310182010e+02 -1.310182010e+02 +5.9671e-01 -3.8264e-02 +7.4769e-01 +1.6230e+00 -1.3415e-01
2 0 +1.578665304e+01 -1.321133470e+02 -1.321133470e+02 -1.3414e-01 +1.6792e+00 +8.6743e-01 -3.6947e-01 +6.4256e-01
3 0 +3.169276508e+00 -1.447307235e+02 -1.447307235e+02 -3.6342e-01 -3.6573e-01 +3.4196e-01 -1.8133e+00 -1.6249e+00
55 0 +2.378228839e+00 -1.455217712e+02 -1.455217712e+02 -2.1652e+00 -4.2025e-01 +2.3996e+00 -2.5267e+00 -2.5611e+00
90 0 +1.738197291e+00 -1.461618027e+02 -1.461618027e+02 -1.5607e+00 +7.9360e-01 +2.5406e-01 -2.1638e+00 -3.5213e+00
157 0 +8.570153877e-01 -1.470429846e+02 -1.470429846e+02 -1.6455e+00 +1.5048e-01 +1.4117e+00 -2.2436e+00 -2.6336e+00
227 0 +4.416094700e-01 -1.474583905e+02 -1.474583905e+02 -1.7669e+00 +1.2693e-01 +1.2463e+00 -2.3180e+00 -3.3058e+00
302 0 +2.612287014e-01 -1.476387713e+02 -1.476387713e+02 -1.6966e+00 +2.7680e-01 +8.0808e-01 -2.1287e+00 -3.2582e+00
432 0 +2.435463622e-01 -1.476564536e+02 -1.476564536e+02 -1.7575e+00 +7.5953e-02 +1.2500e+00 -1.9391e+00 -2.9980e+00
453 0 +2.125943154e-01 -1.476874057e+02 -1.476874057e+02 -1.8056e+00 +1.0561e-01 +1.1563e+00 -1.8912e+00 -2.9885e+00
461 0 +2.106274565e-01 -1.476893725e+02 -1.476893725e+02 -1.6619e+00 +8.9847e-02 +1.0456e+00 -2.0699e+00 -3.1547e+00
476 0 +9.503630803e-02 -1.478049637e+02 -1.478049637e+02 -1.6773e+00 +7.3636e-02 +1.2237e+00 -2.0210e+00 -3.0658e+00
510 0 +9.493663775e-02 -1.478050634e+02 -1.478050634e+02 -1.6505e+00 +1.4383e-01 +1.1092e+00 -2.0573e+00 -3.1857e+00
514 0 +7.634654157e-02 -1.478236535e+02 -1.478236535e+02 -1.7104e+00 +1.6275e-01 +1.0546e+00 -2.0599e+00 -3.1331e+00
551 0 +7.074048380e-02 -1.478292595e+02 -1.478292595e+02 -1.7046e+00 +1.6336e-01 +1.0587e+00 -2.0389e+00 -3.1178e+00
585 0 +6.967948678e-02 -1.478303205e+02 -1.478303205e+02 -1.7086e+00 +1.4656e-01 +1.0512e+00 -2.0562e+00 -3.1413e+00
630 0 +6.246290939e-02 -1.478375371e+02 -1.478375371e+02 -1.6748e+00 +1.1754e-01 +1.1217e+00 -2.0171e+00 -3.1443e+00
642 0 +4.720335384e-02 -1.478527966e+02 -1.478527966e+02 -1.6760e+00 +1.6507e-01 +1.0870e+00 -2.0323e+00 -3.1382e+00
658 0 +3.328263107e-02 -1.478667174e+02 -1.478667174e+02 -1.6674e+00 +1.4835e-01 +1.1514e+00 -2.0024e+00 -3.1024e+00
733 0 +3.126962051e-02 -1.478687304e+02 -1.478687304e+02 -1.6650e+00 +1.4335e-01 +1.1068e+00 -2.0242e+00 -3.1254e+00
737 0 +2.221725004e-02 -1.478777827e+02 -1.478777827e+02 -1.6777e+00 +1.5156e-01 +1.0893e+00 -2.0400e+00 -3.1292e+00
738 0 +2.039484975e-02 -1.478796052e+02 -1.478796052e+02 -1.6669e+00 +1.4274e-01 +1.1120e+00 -2.0285e+00 -3.1283e+00
833 0 +2.033198722e-02 -1.478796680e+02 -1.478796680e+02 -1.6747e+00 +1.3573e-01 +1.1533e+00 -2.0178e+00 -3.1015e+00
835 0 +1.725904268e-02 -1.478827410e+02 -1.478827410e+02 -1.6747e+00 +1.4078e-01 +1.1285e+00 -2.0281e+00 -3.1155e+00
855 0 +1.067113058e-02 -1.478893289e+02 -1.478893289e+02 -1.6697e+00 +1.4524e-01 +1.1248e+00 -2.0247e+00 -3.1144e+00
926 0 +8.141790589e-03 -1.478918582e+02 -1.478918582e+02 -1.6692e+00 +1.4322e-01 +1.1254e+00 -2.0227e+00 -3.1152e+00
977 0 +5.223539449e-03 -1.478947765e+02 -1.478947765e+02 -1.6692e+00 +1.3485e-01 +1.1364e+00 -2.0170e+00 -3.1128e+00
980 0 +3.093622926e-03 -1.478969064e+02 -1.478969064e+02 -1.6716e+00 +1.3445e-01 +1.1371e+00 -2.0144e+00 -3.1074e+00
1052 0 +1.885864252e-03 -1.478981141e+02 -1.478981141e+02 -1.6704e+00 +1.3498e-01 +1.1381e+00 -2.0151e+00 -3.1091e+00
1128 0 +1.698886842e-03 -1.478983011e+02 -1.478983011e+02 -1.6703e+00 +1.3484e-01 +1.1372e+00 -2.0146e+00 -3.1087e+00
1132 0 +1.322759700e-03 -1.478986772e+02 -1.478986772e+02 -1.6701e+00 +1.3441e-01 +1.1379e+00 -2.0151e+00 -3.1096e+00
1157 0 +8.450494613e-04 -1.478991550e+02 -1.478991550e+02 -1.6702e+00 +1.3590e-01 +1.1367e+00 -2.0157e+00 -3.1090e+00
1203 0 +7.118251943e-04 -1.478992882e+02 -1.478992882e+02 -1.6703e+00 +1.3559e-01 +1.1362e+00 -2.0157e+00 -3.1098e+00
% f evaluations | g evaluations | best noise-free fitness - Fopt (4.817100000000e+02) + sum g_i+ | measured fitness | best measured fitness or single-digit g-values | x1 | x2...
1 0 +2.127025908e+01 +5.029802591e+02 +5.029802591e+02 +5.9671e-01 -3.8264e-02 +7.4769e-01 +1.6230e+00 -1.3415e-01
5 0 +1.733229107e+01 +4.990422911e+02 +4.990422911e+02 +1.5656e+00 -1.2578e-01 +1.6753e-01 -1.3247e+00 -4.4438e-01
9 0 +1.728758112e+01 +4.989975811e+02 +4.989975811e+02 +8.3847e-01 +2.7137e-01 -1.5648e-02 -2.0110e-01 -1.3785e+00
12 0 +1.135828084e+01 +4.930682808e+02 +4.930682808e+02 +1.0313e+00 -7.3922e-01 -2.0921e-01 +4.3126e-01 +1.0755e+00
28 0 +9.663232045e+00 +4.913732320e+02 +4.913732320e+02 +1.5166e+00 -7.1638e-01 -8.6554e-01 -3.7467e-01 -7.4851e-02
33 0 +7.566293323e+00 +4.892762933e+02 +4.892762933e+02 +8.4147e-01 -1.4285e+00 -1.0914e+00 +7.2724e-01 +3.1057e-01
53 0 +4.500879231e+00 +4.862108792e+02 +4.862108792e+02 +2.3472e+00 -6.1613e-01 -2.2970e+00 +1.8728e+00 -7.1691e-01
54 0 +1.990919086e+00 +4.837009191e+02 +4.837009191e+02 +1.3469e+00 -2.7820e+00 -2.3726e+00 +2.0258e+00 +4.7008e-01
178 0 +1.253136256e+00 +4.829631363e+02 +4.829631363e+02 +9.2144e-01 -3.0699e+00 -2.4684e+00 +3.4243e+00 -1.2546e+00
227 0 +1.042660153e+00 +4.827526602e+02 +4.827526602e+02 +1.0948e+00 -2.7759e+00 -2.7109e+00 +3.1155e+00 +3.7419e-01
276 0 +6.333061825e-01 +4.823433062e+02 +4.823433062e+02 +8.8901e-01 -3.1882e+00 -2.4435e+00 +3.1504e+00 -5.5617e-01
302 0 +5.245173677e-01 +4.822345174e+02 +4.822345174e+02 +1.1598e+00 -3.0244e+00 -2.8424e+00 +2.9768e+00 -4.8943e-01
327 0 +5.113668362e-01 +4.822213668e+02 +4.822213668e+02 +8.1306e-01 -3.0943e+00 -3.0054e+00 +2.8109e+00 -3.5798e-01
377 0 +3.541113170e-01 +4.820641113e+02 +4.820641113e+02 +8.9006e-01 -3.0489e+00 -3.0231e+00 +2.8949e+00 -5.8245e-01
379 0 +1.871992314e-01 +4.818971992e+02 +4.818971992e+02 +8.6267e-01 -2.9583e+00 -2.9044e+00 +3.0693e+00 -4.4699e-01
478 0 +1.799900569e-01 +4.818899901e+02 +4.818899901e+02 +1.0911e+00 -3.0700e+00 -2.9270e+00 +2.9927e+00 -3.9023e-01
489 0 +1.723730235e-01 +4.818823730e+02 +4.818823730e+02 +1.1202e+00 -2.9304e+00 -2.9438e+00 +3.0784e+00 -2.7591e-01
530 0 +1.651388629e-01 +4.818751389e+02 +4.818751389e+02 +8.5720e-01 -2.9645e+00 -2.8830e+00 +3.0573e+00 -4.9984e-01
553 0 +1.562754400e-01 +4.818662754e+02 +4.818662754e+02 +1.0477e+00 -2.9558e+00 -2.9248e+00 +3.1093e+00 -3.3726e-01
555 0 +1.108156428e-01 +4.818208156e+02 +4.818208156e+02 +9.7020e-01 -3.0181e+00 -2.9008e+00 +3.0574e+00 -4.5866e-01
576 0 +8.960011869e-02 +4.817996001e+02 +4.817996001e+02 +8.8780e-01 -2.9667e+00 -2.8854e+00 +3.0469e+00 -4.5400e-01
612 0 +8.954028044e-02 +4.817995403e+02 +4.817995403e+02 +1.0897e+00 -3.0034e+00 -2.8949e+00 +3.0172e+00 -2.8083e-01
614 0 +8.801481062e-02 +4.817980148e+02 +4.817980148e+02 +9.7716e-01 -3.0056e+00 -2.8928e+00 +2.9960e+00 -3.4765e-01
630 0 +5.257590544e-02 +4.817625759e+02 +4.817625759e+02 +1.0029e+00 -3.0022e+00 -2.8725e+00 +3.0420e+00 -3.7629e-01
655 0 +5.125270136e-02 +4.817612527e+02 +4.817612527e+02 +1.0505e+00 -3.0275e+00 -2.8874e+00 +3.0505e+00 -3.7272e-01
658 0 +4.749590609e-02 +4.817574959e+02 +4.817574959e+02 +9.8255e-01 -2.9957e+00 -2.8982e+00 +3.0296e+00 -4.0866e-01
696 0 +4.486755251e-02 +4.817548676e+02 +4.817548676e+02 +1.0415e+00 -3.0127e+00 -2.9165e+00 +3.0142e+00 -3.7040e-01
705 0 +4.026227087e-02 +4.817502623e+02 +4.817502623e+02 +1.0106e+00 -2.9915e+00 -2.8995e+00 +3.0363e+00 -3.7280e-01
727 0 +3.647176329e-02 +4.817464718e+02 +4.817464718e+02 +1.0245e+00 -2.9844e+00 -2.9189e+00 +3.0396e+00 -3.7259e-01
732 0 +2.765487718e-02 +4.817376549e+02 +4.817376549e+02 +1.0281e+00 -2.9903e+00 -2.8930e+00 +3.0427e+00 -3.8405e-01
751 0 +2.552401344e-02 +4.817355240e+02 +4.817355240e+02 +1.0132e+00 -2.9945e+00 -2.8946e+00 +3.0403e+00 -3.8297e-01
779 0 +2.548356903e-02 +4.817354836e+02 +4.817354836e+02 +1.0064e+00 -2.9983e+00 -2.8874e+00 +3.0416e+00 -3.7880e-01
801 0 +2.348570149e-02 +4.817334857e+02 +4.817334857e+02 +1.0035e+00 -2.9975e+00 -2.8996e+00 +3.0333e+00 -3.8357e-01
826 0 +1.480577628e-02 +4.817248058e+02 +4.817248058e+02 +1.0089e+00 -2.9974e+00 -2.8955e+00 +3.0384e+00 -3.8375e-01
857 0 +9.935577571e-03 +4.817199356e+02 +4.817199356e+02 +1.0229e+00 -2.9965e+00 -2.8921e+00 +3.0413e+00 -3.7816e-01
888 0 +8.672529818e-03 +4.817186725e+02 +4.817186725e+02 +1.0215e+00 -3.0000e+00 -2.8961e+00 +3.0437e+00 -3.7505e-01
902 0 +6.687344300e-03 +4.817166873e+02 +4.817166873e+02 +1.0233e+00 -2.9988e+00 -2.8948e+00 +3.0418e+00 -3.7510e-01
1002 0 +4.676724241e-03 +4.817146767e+02 +4.817146767e+02 +1.0421e+00 -2.9988e+00 -2.8964e+00 +3.0423e+00 -3.6880e-01
1053 0 +3.936370146e-03 +4.817139364e+02 +4.817139364e+02 +1.0432e+00 -3.0014e+00 -2.8963e+00 +3.0431e+00 -3.6318e-01
1064 0 +3.096357130e-03 +4.817130964e+02 +4.817130964e+02 +1.0394e+00 -3.0023e+00 -2.8961e+00 +3.0427e+00 -3.6766e-01
1112 0 +1.615693557e-03 +4.817116157e+02 +4.817116157e+02 +1.0371e+00 -3.0003e+00 -2.8957e+00 +3.0432e+00 -3.6743e-01
1164 0 +1.295388838e-03 +4.817112954e+02 +4.817112954e+02 +1.0408e+00 -3.0007e+00 -2.8958e+00 +3.0443e+00 -3.6663e-01
1219 0 +1.201044640e-03 +4.817112010e+02 +4.817112010e+02 +1.0423e+00 -3.0012e+00 -2.8960e+00 +3.0440e+00 -3.6570e-01
1233 0 +9.246851114e-04 +4.817109247e+02 +4.817109247e+02 +1.0422e+00 -3.0011e+00 -2.8960e+00 +3.0442e+00 -3.6564e-01
% f evaluations | g evaluations | best noise-free fitness - Fopt (-3.646000000000e+01) + sum g_i+ | measured fitness | best measured fitness or single-digit g-values | x1 | x2...
1 0 +1.110755678e+01 -2.535244322e+01 -2.535244322e+01 +5.9671e-01 -3.8264e-02 +7.4769e-01 +1.6230e+00 -1.3415e-01
4 0 +1.009126069e+01 -2.636873931e+01 -2.636873931e+01 -4.6229e-01 -9.1283e-01 +4.1425e-01 -8.0802e-01 -1.3123e+00
5 0 +9.853372637e+00 -2.660662736e+01 -2.660662736e+01 +1.5656e+00 -1.2578e-01 +1.6753e-01 -1.3247e+00 -4.4438e-01
6 0 +6.864923841e+00 -2.959507616e+01 -2.959507616e+01 +2.1092e-01 -1.0510e+00 +4.7570e-01 -5.0064e-01 -1.9169e-01
13 0 +5.849552748e+00 -3.061044725e+01 -3.061044725e+01 -3.7917e-01 -8.5659e-02 -1.0063e+00 -1.0962e+00 +9.1253e-01
34 0 +5.025917892e+00 -3.143408211e+01 -3.143408211e+01 +6.6893e-01 -1.8301e+00 +9.3146e-01 -2.5151e+00 +4.5415e-01
36 0 +3.064545212e+00 -3.339545479e+01 -3.339545479e+01 +1.0789e-01 -1.8069e+00 -1.7864e-01 +4.6313e-01 +9.7572e-01
93 0 +8.417152341e-01 -3.561828477e+01 -3.561828477e+01 +1.7961e+00 -2.8526e+00 -2.3410e+00 +6.2196e-01 +4.5575e+00
351 0 +4.925009881e-01 -3.596749901e+01 -3.596749901e+01 +2.0580e+00 -2.5949e+00 -2.3330e+00 +1.1207e+00 +3.8490e+00
404 0 +4.233968417e-01 -3.603660316e+01 -3.603660316e+01 +2.2918e+00 -2.7169e+00 -2.1818e+00 +1.1299e+00 +3.9290e+00
412 0 +3.656984748e-01 -3.609430153e+01 -3.609430153e+01 +2.2001e+00 -2.8774e+00 -2.2123e+00 +1.0294e+00 +4.0513e+00
426 0 +3.328355466e-01 -3.612716445e+01 -3.612716445e+01 +2.1140e+00 -2.8333e+00 -2.2550e+00 +1.0704e+00 +3.9104e+00
452 0 +3.174561792e-01 -3.614254382e+01 -3.614254382e+01 +2.1765e+00 -2.7000e+00 -2.2538e+00 +8.7171e-01 +3.9999e+00
476 0 +2.266764837e-01 -3.623332352e+01 -3.623332352e+01 +2.0934e+00 -2.8242e+00 -2.2914e+00 +9.0491e-01 +4.0084e+00
477 0 +1.962125942e-01 -3.626378741e+01 -3.626378741e+01 +2.2604e+00 -2.8025e+00 -2.2414e+00 +8.4502e-01 +4.0598e+00
507 0 +1.714045771e-01 -3.628859542e+01 -3.628859542e+01 +2.3085e+00 -2.7813e+00 -2.3315e+00 +7.7268e-01 +4.1975e+00
551 0 +1.357954862e-01 -3.632420451e+01 -3.632420451e+01 +2.1931e+00 -2.7963e+00 -2.2454e+00 +8.8951e-01 +4.0404e+00
579 0 +9.881164179e-02 -3.636118836e+01 -3.636118836e+01 +2.0886e+00 -2.8605e+00 -2.2208e+00 +9.1906e-01 +3.9840e+00
601 0 +9.090498491e-02 -3.636909502e+01 -3.636909502e+01 +2.1039e+00 -2.8282e+00 -2.2004e+00 +9.2183e-01 +4.0022e+00
609 0 +7.310481570e-02 -3.638689518e+01 -3.638689518e+01 +2.1516e+00 -2.8219e+00 -2.2558e+00 +9.1164e-01 +4.0259e+00
653 0 +6.630551427e-02 -3.639369449e+01 -3.639369449e+01 +2.1021e+00 -2.8699e+00 -2.1963e+00 +9.2664e-01 +4.0071e+00
654 0 +3.997945272e-02 -3.642002055e+01 -3.642002055e+01 +2.1400e+00 -2.8172e+00 -2.2283e+00 +9.1553e-01 +3.9996e+00
679 0 +3.380896949e-02 -3.642619103e+01 -3.642619103e+01 +2.1228e+00 -2.8311e+00 -2.2042e+00 +9.4845e-01 +3.9939e+00
755 0 +3.282151282e-02 -3.642717849e+01 -3.642717849e+01 +2.1510e+00 -2.8344e+00 -2.2270e+00 +9.1140e-01 +4.0122e+00
781 0 +3.215517207e-02 -3.642784483e+01 -3.642784483e+01 +2.1443e+00 -2.8340e+00 -2.2301e+00 +9.1792e-01 +4.0217e+00
801 0 +1.867667366e-02 -3.644132333e+01 -3.644132333e+01 +2.1385e+00 -2.8334e+00 -2.2275e+00 +9.1738e-01 +4.0194e+00
870 0 +9.621912268e-03 -3.645037809e+01 -3.645037809e+01 +2.1162e+00 -2.8491e+00 -2.2118e+00 +9.4554e-01 +3.9766e+00
966 0 +8.927744945e-03 -3.645107226e+01 -3.645107226e+01 +2.1216e+00 -2.8463e+00 -2.2181e+00 +9.3943e-01 +3.9892e+00
1001 0 +7.356407670e-03 -3.645264359e+01 -3.645264359e+01 +2.1210e+00 -2.8503e+00 -2.2189e+00 +9.4045e-01 +3.9936e+00
1026 0 +5.272554533e-03 -3.645472745e+01 -3.645472745e+01 +2.1222e+00 -2.8464e+00 -2.2202e+00 +9.3727e-01 +3.9939e+00
1058 0 +4.221367503e-03 -3.645577863e+01 -3.645577863e+01 +2.1230e+00 -2.8454e+00 -2.2185e+00 +9.3461e-01 +3.9930e+00
1104 0 +3.766685653e-03 -3.645623331e+01 -3.645623331e+01 +2.1209e+00 -2.8472e+00 -2.2184e+00 +9.3417e-01 +3.9917e+00
1116 0 +3.745528925e-03 -3.645625447e+01 -3.645625447e+01 +2.1220e+00 -2.8451e+00 -2.2202e+00 +9.3555e-01 +3.9903e+00
1121 0 +2.893291596e-03 -3.645710671e+01 -3.645710671e+01 +2.1206e+00 -2.8478e+00 -2.2183e+00 +9.3907e-01 +3.9880e+00
1135 0 +2.509529965e-03 -3.645749047e+01 -3.645749047e+01 +2.1229e+00 -2.8473e+00 -2.2199e+00 +9.3582e-01 +3.9924e+00
1155 0 +2.414764578e-03 -3.645758524e+01 -3.645758524e+01 +2.1213e+00 -2.8477e+00 -2.2190e+00 +9.3663e-01 +3.9913e+00
1160 0 +1.682113998e-03 -3.645831789e+01 -3.645831789e+01 +2.1220e+00 -2.8480e+00 -2.2181e+00 +9.3705e-01 +3.9912e+00
1165 0 +1.256925939e-03 -3.645874307e+01 -3.645874307e+01 +2.1217e+00 -2.8466e+00 -2.2185e+00 +9.3609e-01 +3.9907e+00
1204 0 +9.747107401e-04 -3.645902529e+01 -3.645902529e+01 +2.1230e+00 -2.8467e+00 -2.2192e+00 +9.3527e-01 +3.9925e+00
% f evaluations | g evaluations | best noise-free fitness - Fopt (3.920000000000e+01) + sum g_i+ | measured fitness | best measured fitness or single-digit g-values | x1 | x2...
1 0 +6.523640694e+00 +4.572364069e+01 +4.572364069e+01 +5.9671e-01 -3.8264e-02 +7.4769e-01 +1.6230e+00 -1.3415e-01
37 0 +6.327563797e+00 +4.552756380e+01 +4.552756380e+01 +2.8048e+00 +5.1952e-01 +5.7699e-01 +9.5059e-02 +7.6523e-01
72 0 +5.862230683e+00 +4.506223068e+01 +4.506223068e+01 +2.6624e+00 +2.3064e+00 +1.2551e-03 +1.2398e+00 -8.9359e-01
102 0 +4.456398476e+00 +4.365639848e+01 +4.365639848e+01 +2.7790e+00 +2.4991e+00 +9.7814e-01 +1.5751e+00 -8.5050e-03
135 0 +4.404341073e+00 +4.360434107e+01 +4.360434107e+01 +3.2877e+00 +6.6831e-01 +8.0429e-01 +2.8040e+00 +2.3801e+00
152 0 +1.100619138e+00 +4.030061914e+01 +4.030061914e+01 +4.3333e+00 +1.8868e+00 +2.0855e+00 +3.2236e+00 +2.5670e+00
347 0 +1.049415921e+00 +4.024941592e+01 +4.024941592e+01 +4.6200e+00 +1.4213e+00 +2.9127e+00 +2.5758e+00 +1.7737e+00
367 0 +9.710475923e-01 +4.017104759e+01 +4.017104759e+01 +3.6137e+00 +1.3711e+00 +2.5722e+00 +2.9089e+00 +2.6357e+00
378 0 +4.884699733e-01 +3.968846997e+01 +3.968846997e+01 +3.7269e+00 +1.6383e+00 +2.2697e+00 +3.3252e+00 +2.5078e+00
385 0 +4.430275072e-01 +3.964302751e+01 +3.964302751e+01 +3.5388e+00 +1.6655e+00 +2.3842e+00 +3.1146e+00 +2.6559e+00
402 0 +2.385827667e-01 +3.943858277e+01 +3.943858277e+01 +3.6170e+00 +1.5600e+00 +2.4244e+00 +3.2652e+00 +2.2795e+00
483 0 +2.223066796e-01 +3.942230668e+01 +3.942230668e+01 +3.5531e+00 +1.6942e+00 +2.3796e+00 +3.2598e+00 +2.4261e+00
489 0 +2.135729222e-01 +3.941357292e+01 +3.941357292e+01 +3.8636e+00 +1.7260e+00 +2.4836e+00 +3.3404e+00 +2.5748e+00
502 0 +2.001977623e-01 +3.940019776e+01 +3.940019776e+01 +3.6867e+00 +1.6694e+00 +2.4825e+00 +3.1643e+00 +2.3469e+00
526 0 +1.922519959e-01 +3.939225200e+01 +3.939225200e+01 +3.6776e+00 +1.5890e+00 +2.3662e+00 +3.3212e+00 +2.3128e+00
535 0 +1.815850624e-01 +3.938158506e+01 +3.938158506e+01 +3.5695e+00 +1.6733e+00 +2.4399e+00 +3.2134e+00 +2.2968e+00
551 0 +1.541306241e-01 +3.935413062e+01 +3.935413062e+01 +3.6503e+00 +1.6650e+00 +2.4593e+00 +3.2169e+00 +2.3025e+00
564 0 +8.764954224e-02 +3.928764954e+01 +3.928764954e+01 +3.7100e+00 +1.6343e+00 +2.4027e+00 +3.1902e+00 +2.2321e+00
626 0 +7.741679425e-02 +3.927741679e+01 +3.927741679e+01 +3.7372e+00 +1.6058e+00 +2.4400e+00 +3.2151e+00 +2.2070e+00
701 0 +3.598844396e-02 +3.923598844e+01 +3.923598844e+01 +3.7041e+00 +1.6203e+00 +2.4388e+00 +3.2213e+00 +2.2708e+00
751 0 +2.791317633e-02 +3.922791318e+01 +3.922791318e+01 +3.7192e+00 +1.6180e+00 +2.4617e+00 +3.2207e+00 +2.2653e+00
826 0 +6.756000384e-03 +3.920675600e+01 +3.920675600e+01 +3.7229e+00 +1.6249e+00 +2.4538e+00 +3.2192e+00 +2.2523e+00
964 0 +5.044706482e-03 +3.920504471e+01 +3.920504471e+01 +3.7141e+00 +1.6311e+00 +2.4511e+00 +3.2162e+00 +2.2520e+00
976 0 +4.808665099e-03 +3.920480867e+01 +3.920480867e+01 +3.7249e+00 +1.6288e+00 +2.4551e+00 +3.2206e+00 +2.2547e+00
1052 0 +2.352566880e-03 +3.920235257e+01 +3.920235257e+01 +3.7235e+00 +1.6297e+00 +2.4557e+00 +3.2199e+00 +2.2531e+00
1140 0 +1.064568560e-03 +3.920106457e+01 +3.920106457e+01 +3.7260e+00 +1.6294e+00 +2.4553e+00 +3.2195e+00 +2.2515e+00
1177 0 +9.036420836e-04 +3.920090364e+01 +3.920090364e+01 +3.7257e+00 +1.6294e+00 +2.4552e+00 +3.2195e+00 +2.2514e+00
% f evaluations | g evaluations | best noise-free fitness - Fopt (-3.225000000000e+01) + sum g_i+ | measured fitness | best measured fitness or single-digit g-values | x1 | x2...
1 0 +1.406532040e+01 -1.818467960e+01 -1.818467960e+01 +5.9671e-01 -3.8264e-02 +7.4769e-01 +1.6230e+00 -1.3415e-01
7 0 +9.260279600e+00 -2.298972040e+01 -2.298972040e+01 -5.0171e-01 +1.9523e+00 +8.6503e-02 -9.5771e-01 +9.2254e-01
26 0 +6.761532513e+00 -2.548846749e+01 -2.548846749e+01 +2.1455e+00 +1.8246e+00 +1.0348e+00 -1.4098e+00 +2.4999e+00
51 0 +3.275025150e+00 -2.897497485e+01 -2.897497485e+01 +2.6227e+00 +6.3889e-01 +6.8224e-01 -1.0392e+00 +2.6517e+00
77 0 +2.906847502e+00 -2.934315250e+01 -2.934315250e+01 +3.2685e+00 -2.8813e-02 +1.1843e-01 -3.2256e+00 +3.8894e+00
126 0 +2.816412356e+00 -2.943358764e+01 -2.943358764e+01 +3.6417e+00 +5.3430e-01 -2.1649e-01 -3.8650e+00 +2.4823e+00
127 0 +2.201179789e+00 -3.004882021e+01 -3.004882021e+01 +2.3284e+00 +1.1906e+00 +4.8981e-01 -2.9516e+00 +3.5164e+00
153 0 +1.602345055e+00 -3.064765495e+01 -3.064765495e+01 +3.0917e+00 +1.5650e+00 -9.7061e-01 -2.9412e+00 +2.1419e+00
180 0 +1.365437095e+00 -3.088456290e+01 -3.088456290e+01 +3.1294e+00 +4.0612e-01 -4.6088e-01 -3.6397e+00 +1.9129e+00
255 0 +1.333692823e+00 -3.091630718e+01 -3.091630718e+01 +3.7132e+00 +1.0854e+00 -6.5395e-01 -2.4110e+00 +3.0215e+00
266 0 +1.322197800e+00 -3.092780220e+01 -3.092780220e+01 +3.1001e+00 +7.8987e-01 -3.4063e-01 -3.1262e+00 +2.8739e+00
276 0 +1.212586907e+00 -3.103741309e+01 -3.103741309e+01 +3.7726e+00 +1.2742e+00 -4.7320e-01 -2.6688e+00 +3.1281e+00
277 0 +8.744684169e-01 -3.137553158e+01 -3.137553158e+01 +3.8344e+00 +1.3465e+00 -6.2062e-01 -2.7751e+00 +3.0700e+00
304 0 +5.042019186e-01 -3.174579808e+01 -3.174579808e+01 +3.6819e+00 +1.2764e+00 -8.6658e-01 -2.9683e+00 +3.2531e+00
331 0 +3.925072508e-01 -3.185749275e+01 -3.185749275e+01 +3.7284e+00 +1.2948e+00 -8.3748e-01 -2.5794e+00 +3.7545e+00
378 0 +3.080068682e-01 -3.194199313e+01 -3.194199313e+01 +3.8421e+00 +1.1847e+00 -1.2498e+00 -2.7190e+00 +3.2247e+00
379 0 +2.219095540e-01 -3.202809045e+01 -3.202809045e+01 +3.6542e+00 +1.1341e+00 -9.2287e-01 -2.7791e+00 +3.2373e+00
436 0 +1.828338830e-01 -3.206716612e+01 -3.206716612e+01 +3.6660e+00 +1.0027e+00 -8.5227e-01 -2.8657e+00 +3.3047e+00
477 0 +1.741123365e-01 -3.207588766e+01 -3.207588766e+01 +3.6435e+00 +1.0014e+00 -9.0210e-01 -2.7978e+00 +3.3588e+00
527 0 +1.116627499e-01 -3.213833725e+01 -3.213833725e+01 +3.5891e+00 +1.0301e+00 -8.1379e-01 -2.8014e+00 +3.2579e+00
577 0 +1.000656350e-01 -3.214993437e+01 -3.214993437e+01 +3.5974e+00 +1.0103e+00 -8.4733e-01 -2.8245e+00 +3.2527e+00
626 0 +9.799100958e-02 -3.215200899e+01 -3.215200899e+01 +3.5925e+00 +1.0395e+00 -8.3740e-01 -2.8325e+00 +3.2625e+00
644 0 +5.631276853e-02 -3.219368723e+01 -3.219368723e+01 +3.6150e+00 +1.0836e+00 -8.5249e-01 -2.7814e+00 +3.3257e+00
657 0 +5.127302139e-02 -3.219872698e+01 -3.219872698e+01 +3.5676e+00 +1.0579e+00 -8.3590e-01 -2.8155e+00 +3.2837e+00
681 0 +4.965759015e-02 -3.220034241e+01 -3.220034241e+01 +3.5966e+00 +1.1025e+00 -8.7292e-01 -2.7785e+00 +3.2863e+00
682 0 +3.386162522e-02 -3.221613837e+01 -3.221613837e+01 +3.5914e+00 +1.0584e+00 -8.8262e-01 -2.8034e+00 +3.2702e+00
726 0 +2.210488637e-02 -3.222789511e+01 -3.222789511e+01 +3.5973e+00 +1.0540e+00 -8.7370e-01 -2.8154e+00 +3.2439e+00
751 0 +1.183944462e-02 -3.223816056e+01 -3.223816056e+01 +3.5893e+00 +1.0635e+00 -8.6597e-01 -2.8044e+00 +3.2650e+00
904 0 +9.959550079e-03 -3.224004045e+01 -3.224004045e+01 +3.5954e+00 +1.0615e+00 -8.6883e-01 -2.8106e+00 +3.2630e+00
907 0 +7.055333414e-03 -3.224294467e+01 -3.224294467e+01 +3.5960e+00 +1.0676e+00 -8.6632e-01 -2.8066e+00 +3.2609e+00
927 0 +3.875991501e-03 -3.224612401e+01 -3.224612401e+01 +3.5967e+00 +1.0596e+00 -8.6445e-01 -2.8117e+00 +3.2601e+00
1054 0 +3.480272287e-03 -3.224651973e+01 -3.224651973e+01 +3.5994e+00 +1.0587e+00 -8.6408e-01 -2.8114e+00 +3.2607e+00
1081 0 +1.601288990e-03 -3.224839871e+01 -3.224839871e+01 +3.5956e+00 +1.0613e+00 -8.6439e-01 -2.8110e+00 +3.2584e+00
1126 0 +1.476089701e-03 -3.224852391e+01 -3.224852391e+01 +3.5960e+00 +1.0615e+00 -8.6382e-01 -2.8109e+00 +3.2586e+00
1182 0 +1.352399015e-03 -3.224864760e+01 -3.224864760e+01 +3.5960e+00 +1.0631e+00 -8.6398e-01 -2.8094e+00 +3.2602e+00
1197 0 +1.339684434e-03 -3.224866032e+01 -3.224866032e+01 +3.5969e+00 +1.0614e+00 -8.6432e-01 -2.8101e+00 +3.2590e+00
1205 0 +1.280771552e-03 -3.224871923e+01 -3.224871923e+01 +3.5964e+00 +1.0612e+00 -8.6424e-01 -2.8109e+00 +3.2579e+00
1206 0 +1.272117238e-03 -3.224872788e+01 -3.224872788e+01 +3.5961e+00 +1.0624e+00 -8.6364e-01 -2.8104e+00 +3.2591e+00
1207 0 +1.070145212e-03 -3.224892985e+01 -3.224892985e+01 +3.5961e+00 +1.0621e+00 -8.6410e-01 -2.8098e+00 +3.2592e+00
1230 0 +9.623662888e-04 -3.224903763e+01 -3.224903763e+01 +3.5957e+00 +1.0622e+00 -8.6418e-01 -2.8098e+00 +3.2589e+00
1236 0 +9.384061731e-04 -3.224906159e+01 -3.224906159e+01 +3.5962e+00 +1.0618e+00 -8.6427e-01 -2.8103e+00 +3.2584e+00
% f evaluations | g evaluations | best noise-free fitness - Fopt (3.681200000000e+02) + sum g_i+ | measured fitness | best measured fitness or single-digit g-values | x1 | x2...
1 0 +1.307985437e+01 +3.811998544e+02 +3.811998544e+02 +5.9671e-01 -3.8264e-02 +7.4769e-01 +1.6230e+00 -1.3415e-01
2 0 +9.546472752e+00 +3.776664728e+02 +3.776664728e+02 -1.3414e-01 +1.6792e+00 +8.6743e-01 -3.6947e-01 +6.4256e-01
3 0 +5.743645547e+00 +3.738636455e+02 +3.738636455e+02 -3.6342e-01 -3.6573e-01 +3.4196e-01 -1.8133e+00 -1.6249e+00
26 0 +4.551611517e+00 +3.726716115e+02 +3.726716115e+02 -6.6758e-01 -1.4824e+00 +1.9671e+00 -3.9442e+00 -1.5377e+00
30 0 +3.971821216e+00 +3.720918212e+02 +3.720918212e+02 -2.3445e-01 -2.9180e-01 -3.0633e-01 -2.0700e+00 -1.3300e+00
51 0 +2.006947665e+00 +3.701269477e+02 +3.701269477e+02 -3.0254e+00 -8.8259e-01 +1.1056e+00 -3.0412e+00 -1.1261e+00
130 0 +1.272722080e+00 +3.693927221e+02 +3.693927221e+02 -2.6750e+00 +2.1093e-01 +1.3241e+00 -1.6140e+00 -9.5452e-01
181 0 +1.256182428e+00 +3.693761824e+02 +3.693761824e+02 -1.9250e+00 -2.3446e+00 +3.2048e-01 -2.6564e+00 -1.1788e+00
182 0 +5.472565610e-01 +3.686672566e+02 +3.686672566e+02 -2.4933e+00 -9.7817e-01 +7.0146e-01 -2.0229e+00 -7.8764e-01
315 0 +4.423945516e-01 +3.685623946e+02 +3.685623946e+02 -2.3502e+00 -1.0478e+00 +6.4487e-01 -2.0590e+00 -5.8984e-01
362 0 +2.972046245e-01 +3.684172046e+02 +3.684172046e+02 -2.2051e+00 -8.9541e-01 +7.4209e-01 -2.4725e+00 -6.3767e-01
376 0 +2.045210025e-01 +3.683245210e+02 +3.683245210e+02 -2.3113e+00 -9.9144e-01 +6.7350e-01 -2.3358e+00 -6.2443e-01
411 0 +1.958973093e-01 +3.683158973e+02 +3.683158973e+02 -2.5997e+00 -1.1958e+00 +6.8285e-01 -2.2577e+00 -6.6261e-01
417 0 +1.426972756e-01 +3.682626973e+02 +3.682626973e+02 -2.6190e+00 -9.4846e-01 +7.1559e-01 -2.2245e+00 -5.6554e-01
456 0 +1.364597391e-01 +3.682564597e+02 +3.682564597e+02 -2.4844e+00 -1.0986e+00 +6.3789e-01 -2.3124e+00 -7.4692e-01
535 0 +1.275111623e-01 +3.682475112e+02 +3.682475112e+02 -2.4621e+00 -9.7965e-01 +6.8936e-01 -2.3214e+00 -6.5465e-01
543 0 +8.970714052e-02 +3.682097071e+02 +3.682097071e+02 -2.5212e+00 -9.3474e-01 +6.9497e-01 -2.3242e+00 -6.6303e-01
577 0 +7.340355628e-02 +3.681934036e+02 +3.681934036e+02 -2.4701e+00 -1.0424e+00 +6.9307e-01 -2.3032e+00 -6.3681e-01
578 0 +7.138529314e-02 +3.681913853e+02 +3.681913853e+02 -2.4710e+00 -1.0155e+00 +7.1267e-01 -2.3137e+00 -6.3395e-01
637 0 +6.019577818e-02 +3.681801958e+02 +3.681801958e+02 -2.4609e+00 -1.0774e+00 +6.9575e-01 -2.3018e+00 -6.6258e-01
644 0 +3.861286825e-02 +3.681586129e+02 +3.681586129e+02 -2.4692e+00 -1.1159e+00 +6.8228e-01 -2.3552e+00 -6.7608e-01
702 0 +3.208748589e-02 +3.681520875e+02 +3.681520875e+02 -2.4595e+00 -1.1085e+00 +6.9745e-01 -2.3391e+00 -6.7545e-01
735 0 +2.595422211e-02 +3.681459542e+02 +3.681459542e+02 -2.4609e+00 -1.0892e+00 +7.1365e-01 -2.3237e+00 -6.6114e-01
759 0 +2.313752407e-02 +3.681431375e+02 +3.681431375e+02 -2.4673e+00 -1.0603e+00 +7.1480e-01 -2.3187e+00 -6.4930e-01
786 0 +1.503895143e-02 +3.681350390e+02 +3.681350390e+02 -2.4579e+00 -1.0867e+00 +7.0455e-01 -2.3191e+00 -6.5491e-01
860 0 +1.404097330e-02 +3.681340410e+02 +3.681340410e+02 -2.4645e+00 -1.0836e+00 +7.1602e-01 -2.3187e+00 -6.4979e-01
881 0 +1.344357578e-02 +3.681334436e+02 +3.681334436e+02 -2.4582e+00 -1.1000e+00 +7.1902e-01 -2.3212e+00 -6.5410e-01
885 0 +7.633291325e-03 +3.681276333e+02 +3.681276333e+02 -2.4670e+00 -1.0930e+00 +7.1859e-01 -2.3220e+00 -6.5563e-01
977 0 +6.380521871e-03 +3.681263805e+02 +3.681263805e+02 -2.4636e+00 -1.0821e+00 +7.1746e-01 -2.3237e+00 -6.5459e-01
984 0 +5.392332958e-03 +3.681253923e+02 +3.681253923e+02 -2.4647e+00 -1.0895e+00 +7.1775e-01 -2.3252e+00 -6.5516e-01
1007 0 +4.107078089e-03 +3.681241071e+02 +3.681241071e+02 -2.4653e+00 -1.0833e+00 +7.1847e-01 -2.3225e+00 -6.5330e-01
1026 0 +4.058894418e-03 +3.681240589e+02 +3.681240589e+02 -2.4643e+00 -1.0915e+00 +7.1524e-01 -2.3252e+00 -6.5688e-01
1027 0 +3.755399307e-03 +3.681237554e+02 +3.681237554e+02 -2.4640e+00 -1.0838e+00 +7.1775e-01 -2.3228e+00 -6.5202e-01
1038 0 +3.363285942e-03 +3.681233633e+02 +3.681233633e+02 -2.4632e+00 -1.0902e+00 +7.1400e-01 -2.3266e+00 -6.5715e-01
1065 0 +2.856075275e-03 +3.681228561e+02 +3.681228561e+02 -2.4629e+00 -1.0921e+00 +7.1565e-01 -2.3268e+00 -6.5721e-01
1093 0 +2.621321411e-03 +3.681226213e+02 +3.681226213e+02 -2.4632e+00 -1.0899e+00 +7.1622e-01 -2.3258e+00 -6.5462e-01
1101 0 +1.505326667e-03 +3.681215053e+02 +3.681215053e+02 -2.4635e+00 -1.0897e+00 +7.1666e-01 -2.3251e+00 -6.5607e-01
1132 0 +1.280440856e-03 +3.681212804e+02 +3.681212804e+02 -2.4633e+00 -1.0892e+00 +7.1699e-01 -2.3242e+00 -6.5530e-01
1151 0 +1.011638473e-03 +3.681210116e+02 +3.681210116e+02 -2.4632e+00 -1.0891e+00 +7.1687e-01 -2.3249e+00 -6.5605e-01
1186 0 +9.832219114e-04 +3.681209832e+02 +3.681209832e+02 -2.4639e+00 -1.0907e+00 +7.1658e-01 -2.3245e+00 -6.5616e-01
1195 0 +8.258176985e-04 +3.681208258e+02 +3.681208258e+02 -2.4630e+00 -1.0919e+00 +7.1595e-01 -2.3256e+00 -6.5688e-01
