% f evaluations | g evaluations | best noise-free fitness - Fopt (1.238300000000e+02) + sum g_i+ | measured fitness | best measured fitness or single-digit g-values | x1 | x2...
1 0 +2.134850738e+03 +2.258680738e+03 +2.258680738e+03 +5.9671e-01 -3.8264e-02 +7.4769e-01 +1.6230e+00 -1.3415e-01
2 0 +1.521057945e+03 +1.644887945e+03 +1.644887945e+03 -1.3414e-01 +1.6792e+00 +8.6743e-01 -3.6947e-01 +6.4256e-01
5 0 +7.334808896e+02 +8.573108896e+02 +8.573108896e+02 +1.5656e+00 -1.2578e-01 +1.6753e-01 -1.3247e+00 -4.4438e-01
6 0 +3.986373671e+02 +5.224673671e+02 +5.224673671e+02 +2.1092e-01 -1.0510e+00 +4.7570e-01 -5.0064e-01 -1.9169e-01
13 0 +3.086668750e+02 +4.324968750e+02 +4.324968750e+02 -3.7917e-01 -8.5659e-02 -1.0063e+00 -1.0962e+00 +9.1253e-01
19 0 +7.429407286e+01 +1.981240729e+02 +1.981240729e+02 +1.9708e-01 +1.0686e+00 -6.0205e-01 -2.2766e-01 -2.9211e-01
65 0 +4.439693460e+01 +1.682269346e+02 +1.682269346e+02 +1.3939e-01 -1.6094e-01 +5.2933e-01 +2.8959e-02 +3.3155e-01
83 0 +4.142618142e+01 +1.652561814e+02 +1.652561814e+02 +4.0732e-01 -5.9323e-02 +6.8498e-01 -5.3029e-03 -9.6577e-02
124 0 +4.004401511e+01 +1.638740151e+02 +1.638740151e+02 -4.6658e-01 +8.4378e-02 -1.0740e-02 +1.1612e-04 -2.1672e-01
129 0 +1.381612183e+01 +1.376461218e+02 +1.376461218e+02 +2.5989e-01 -5.3095e-01 +7.4680e-01 -1.1727e-01 +1.5247e-01
134 0 +1.192379188e+01 +1.357537919e+02 +1.357537919e+02 -8.2253e-02 +8.1194e-01 -6.3781e-01 +1.2259e-01 -2.3034e-01
141 0 +5.480512001e+00 +1.293105120e+02 +1.293105120e+02 +2.7310e-01 -7.7736e-02 +6.0280e-01 +2.3489e-01 +5.5451e-02
265 0 +4.019034043e+00 +1.278490340e+02 +1.278490340e+02 +1.3202e-01 +2.2361e-01 +3.5140e-01 +2.4364e-01 -9.9313e-02
283 0 +2.865020480e+00 +1.266950205e+02 +1.266950205e+02 +7.1880e-02 +2.6864e-01 +3.5852e-01 +3.4147e-01 -1.5203e-01
284 0 +1.311360030e+00 +1.251413600e+02 +1.251413600e+02 +2.7726e-01 -1.9923e-01 +6.3066e-01 +1.0887e-01 +6.7455e-02
397 0 +7.696514586e-01 +1.245996515e+02 +1.245996515e+02 +1.0818e-02 +2.4984e-01 +4.3639e-01 +3.3690e-01 -9.4986e-02
482 0 +6.028718305e-01 +1.244328718e+02 +1.244328718e+02 +9.2596e-02 +1.3827e-01 +5.0904e-01 +3.0605e-01 -6.8708e-02
579 0 +4.682149818e-01 +1.242982150e+02 +1.242982150e+02 +6.8201e-02 +1.2691e-01 +5.1652e-01 +3.1250e-01 -8.9577e-02
669 0 +3.920868946e-01 +1.242220869e+02 +1.242220869e+02 +9.7558e-02 +5.9854e-02 +5.7906e-01 +2.8252e-01 -6.5428e-02
705 0 +3.452095322e-01 +1.241752095e+02 +1.241752095e+02 +1.1575e-01 +2.1949e-02 +6.0539e-01 +2.8189e-01 -4.3429e-02
729 0 +3.195130935e-01 +1.241495131e+02 +1.241495131e+02 +1.2165e-01 +2.1858e-02 +5.9980e-01 +2.6217e-01 -4.0591e-02
743 0 +2.714970916e-01 +1.241014971e+02 +1.241014971e+02 +1.4093e-01 -5.3464e-02 +6.1194e-01 +2.2229e-01 -7.0217e-03
766 0 +2.570602772e-01 +1.240870603e+02 +1.240870603e+02 +1.3195e-01 -2.7634e-02 +5.9921e-01 +2.3945e-01 -1.6357e-02
798 0 +2.399548225e-01 +1.240699548e+02 +1.240699548e+02 +1.7119e-01 -6.8898e-02 +6.3639e-01 +2.1364e-01 +5.3005e-03
848 0 +2.130175655e-01 +1.240430176e+02 +1.240430176e+02 +1.6218e-01 -8.1132e-02 +6.4133e-01 +2.2520e-01 -8.6734e-03
882 0 +1.574609048e-01 +1.239874609e+02 +1.239874609e+02 +2.0978e-01 -1.6325e-01 +6.8332e-01 +1.8752e-01 +3.6811e-02
965 0 +1.423973367e-01 +1.239723973e+02 +1.239723973e+02 +2.1382e-01 -1.6835e-01 +6.8686e-01 +1.7404e-01 +3.7720e-02
996 0 +1.268787048e-01 +1.239568787e+02 +1.239568787e+02 +2.0961e-01 -1.5249e-01 +6.6954e-01 +1.8116e-01 +3.3872e-02
1006 0 +1.068745452e-01 +1.239368745e+02 +1.239368745e+02 +2.5491e-01 -2.5671e-01 +6.9998e-01 +1.1657e-01 +8.3259e-02
1024 0 +9.121567344e-02 +1.239212157e+02 +1.239212157e+02 +2.5674e-01 -2.5035e-01 +7.1035e-01 +1.3220e-01 +8.3679e-02
1068 0 +9.069544956e-02 +1.239206954e+02 +1.239206954e+02 +2.7597e-01 -2.9233e-01 +7.2321e-01 +1.0896e-01 +1.0261e-01
1077 0 +8.075487823e-02 +1.239107549e+02 +1.239107549e+02 +2.9207e-01 -3.1406e-01 +7.1805e-01 +8.6315e-02 +1.0735e-01
1106 0 +7.333482258e-02 +1.239033348e+02 +1.239033348e+02 +3.0744e-01 -3.2355e-01 +7.2691e-01 +8.3243e-02 +1.2317e-01
1136 0 +5.360978944e-02 +1.238836098e+02 +1.238836098e+02 +3.0545e-01 -3.1925e-01 +7.3164e-01 +8.6097e-02 +1.2000e-01
1234 0 +4.541705816e-02 +1.238754171e+02 +1.238754171e+02 +3.0158e-01 -3.1605e-01 +7.3360e-01 +8.9500e-02 +1.1457e-01
1241 0 +3.562791099e-02 +1.238656279e+02 +1.238656279e+02 +3.3160e-01 -3.6364e-01 +7.5429e-01 +5.7624e-02 +1.4000e-01
