% f evaluations | g evaluations | best noise-free fitness - Fopt (9.294000000000e+01) + sum g_i+ | measured fitness | best measured fitness or single-digit g-values | x1 | x2...
1 0 +1.176336130e+01 +1.047033613e+02 +1.047033613e+02 +5.9671e-01 -3.8264e-02 +7.4769e-01 +1.6230e+00 -1.3415e-01
11 0 +1.170605370e+01 +1.046460537e+02 +1.046460537e+02 +4.2408e-01 -2.8508e-01 -5.7692e-01 +7.1168e-01 +1.1310e+00
29 0 +3.331186330e+00 +9.627118633e+01 +9.627118633e+01 -5.6998e-02 +5.9763e-01 +2.3456e-02 +5.5423e-01 +3.3491e-01
86 0 +1.833652432e+00 +9.477365243e+01 +9.477365243e+01 -3.7951e-01 +7.5318e-01 -4.5999e-01 +1.0321e+00 +7.4446e-01
179 0 +1.678835198e+00 +9.461883520e+01 +9.461883520e+01 -1.0438e-01 +4.0984e-01 -3.6369e-02 +2.2410e+00 +1.4570e+00
190 0 +7.299341378e-01 +9.366993414e+01 +9.366993414e+01 -1.0902e-01 +1.0450e+00 -5.7874e-02 +1.7924e+00 +1.3001e+00
288 0 +2.981202939e-01 +9.323812029e+01 +9.323812029e+01 -2.1728e-01 +1.0761e+00 +2.4910e-01 +3.1847e+00 +2.2177e+00
363 0 +1.204318855e-01 +9.306043189e+01 +9.306043189e+01 -1.5044e-01 +7.8344e-01 +3.1481e-01 +3.0276e+00 +2.2359e+00
658 0 +1.064996242e-01 +9.304649962e+01 +9.304649962e+01 -2.8998e-01 +6.8897e-01 +2.5266e-01 +3.2891e+00 +2.5961e+00
855 0 +5.214384352e-02 +9.299214384e+01 +9.299214384e+01 -1.4594e-01 +7.7077e-01 +3.7415e-01 +3.2819e+00 +2.3873e+00
906 0 +4.912558353e-02 +9.298912558e+01 +9.298912558e+01 -1.6348e-01 +7.7080e-01 +3.3475e-01 +3.4136e+00 +2.5778e+00
1011 0 +4.291435783e-02 +9.298291436e+01 +9.298291436e+01 -2.4305e-01 +7.6864e-01 +2.2273e-01 +2.8811e+00 +2.1901e+00
1023 0 +2.543147078e-02 +9.296543147e+01 +9.296543147e+01 -2.5850e-01 +8.3101e-01 +2.6338e-01 +3.0848e+00 +2.3304e+00
1049 0 +2.140623730e-02 +9.296140624e+01 +9.296140624e+01 -2.3828e-01 +6.8824e-01 +2.6723e-01 +3.1020e+00 +2.4657e+00
1078 0 +1.557975818e-02 +9.295557976e+01 +9.295557976e+01 -3.0989e-01 +7.4169e-01 +2.2623e-01 +3.0696e+00 +2.4370e+00
1110 0 +1.169007162e-02 +9.295169007e+01 +9.295169007e+01 -2.6272e-01 +7.7979e-01 +2.4013e-01 +3.0694e+00 +2.3638e+00
1180 0 +9.011210944e-03 +9.294901121e+01 +9.294901121e+01 -2.3451e-01 +8.0219e-01 +2.4636e-01 +3.1356e+00 +2.4297e+00
1218 0 +7.299341378e-03 +9.294729934e+01 +9.294729934e+01 -2.3218e-01 +7.2422e-01 +3.2378e-01 +3.2293e+00 +2.4980e+00
