% f evaluations | g evaluations | best noise-free fitness - Fopt (-5.494000000000e+01) + sum g_i+ | measured fitness | best measured fitness or single-digit g-values | x1 | x2...
1 0 +9.852913834e+06 +9.852858894e+06 +9.852858894e+06 +5.9671e-01 -3.8264e-02 +7.4769e-01 +1.6230e+00 -1.3415e-01
2 0 +2.715223623e+06 +2.715168683e+06 +2.715168683e+06 -1.3414e-01 +1.6792e+00 +8.6743e-01 -3.6947e-01 +6.4256e-01
7 0 +9.085897748e+05 +9.085348348e+05 +9.085348348e+05 -5.0171e-01 +1.9523e+00 +8.6503e-02 -9.5771e-01 +9.2254e-01
8 0 +5.441882390e+05 +5.441332990e+05 +5.441332990e+05 -1.1208e+00 +3.0886e-01 -1.8597e+00 -1.2282e+00 +2.9686e-01
31 0 +1.951368862e+05 +1.950819462e+05 +1.950819462e+05 -1.7768e+00 +1.4451e+00 -2.9946e-01 +7.5243e-01 +5.1103e-01
41 0 +1.792481817e+05 +1.791932417e+05 +1.791932417e+05 -2.5319e+00 +4.6175e-01 -2.0024e-01 +1.3819e+00 +2.4808e-01
51 0 +1.301888478e+05 +1.301339078e+05 +1.301339078e+05 -2.1972e+00 -2.2273e-01 -2.0472e+00 +1.8270e+00 +6.1753e-01
58 0 +1.228235876e+05 +1.227686476e+05 +1.227686476e+05 -2.3209e+00 +7.0590e-01 -1.2462e+00 +1.5638e+00 +3.1612e-01
81 0 +4.283176106e+04 +4.277682106e+04 +4.277682106e+04 -2.1706e+00 -4.4459e-02 +8.7525e-01 +2.4502e+00 +3.3504e+00
152 0 +2.606102801e+04 +2.600608801e+04 +2.600608801e+04 -2.1656e+00 +7.6946e-01 -1.9211e-01 +2.4606e+00 +1.4546e+00
175 0 +1.878898711e+04 +1.873404711e+04 +1.873404711e+04 -1.6098e+00 -1.2279e+00 -2.3306e+00 +3.9088e+00 +1.7547e+00
229 0 +8.538400230e+03 +8.483460230e+03 +8.483460230e+03 -2.3910e+00 -1.0544e+00 -2.1590e+00 +3.3247e+00 +5.7817e-01
258 0 +2.602916736e+03 +2.547976736e+03 +2.547976736e+03 -2.3753e+00 +4.6312e-01 +1.5402e+00 +3.4576e+00 +3.0085e+00
415 0 +2.561327958e+03 +2.506387958e+03 +2.506387958e+03 -3.8897e+00 -1.2102e-01 +3.2833e+00 +4.9486e+00 +2.8033e+00
482 0 +2.368391268e+03 +2.313451268e+03 +2.313451268e+03 -3.3901e+00 -3.8492e-01 +6.4334e-01 +4.6680e+00 +1.2147e+00
528 0 +1.933462196e+03 +1.878522196e+03 +1.878522196e+03 -3.2130e+00 -2.3623e+00 -3.5963e+00 +4.4605e+00 -1.2010e+00
543 0 +1.917010829e+03 +1.862070829e+03 +1.862070829e+03 -2.6163e+00 -1.8978e+00 -1.1335e+00 +4.3414e+00 +1.9228e+00
546 0 +1.858094100e+03 +1.803154100e+03 +1.803154100e+03 -2.8232e+00 -2.5560e+00 -2.0700e+00 +4.5120e+00 +1.0983e+00
551 0 +1.495246003e+03 +1.440306003e+03 +1.440306003e+03 -3.1107e+00 -2.9183e-01 +9.4438e-01 +4.1260e+00 +1.9136e+00
563 0 +1.373233982e+03 +1.318293982e+03 +1.318293982e+03 -2.9835e+00 -1.0909e+00 +4.8396e-01 +4.4123e+00 +2.2642e+00
571 0 +1.337733564e+03 +1.282793564e+03 +1.282793564e+03 -3.3083e+00 -6.1128e-01 +8.7017e-01 +4.2953e+00 +1.6220e+00
577 0 +7.368131839e+02 +6.818731839e+02 +6.818731839e+02 -2.3719e+00 -1.8441e+00 -2.5302e+00 +3.8314e+00 +8.1027e-01
585 0 +3.998089911e+02 +3.448689911e+02 +3.448689911e+02 -2.5060e+00 -1.6438e+00 -2.3155e+00 +3.9361e+00 +6.9247e-01
595 0 +3.414892954e+02 +2.865492954e+02 +2.865492954e+02 -2.6066e+00 -1.1633e+00 -4.8709e-01 +3.9213e+00 +1.9263e+00
626 0 +1.443762396e+02 +8.943623958e+01 +8.943623958e+01 -2.9056e+00 -1.3917e+00 -7.7107e-02 +4.2194e+00 +2.0486e+00
700 0 +9.031993433e+01 +3.537993433e+01 +3.537993433e+01 -2.8083e+00 -1.7205e+00 -1.7856e+00 +4.2274e+00 +7.8900e-01
737 0 +8.821307845e+01 +3.327307845e+01 +3.327307845e+01 -3.1260e+00 -1.7392e+00 -1.5726e+00 +4.4812e+00 +4.6281e-01
742 0 +2.518150132e+01 -2.975849868e+01 -2.975849868e+01 -3.0395e+00 -1.8453e+00 -1.5175e+00 +4.4033e+00 +7.6173e-01
771 0 +9.725337082e+00 -4.521466292e+01 -4.521466292e+01 -2.3461e+00 -1.5071e+00 -1.0268e+00 +3.8117e+00 +2.1405e+00
909 0 +4.794169880e+00 -5.014583012e+01 -5.014583012e+01 -1.4245e+00 -1.4397e+00 -1.4975e+00 +3.0983e+00 +3.1757e+00
929 0 +3.953189959e+00 -5.098681004e+01 -5.098681004e+01 -1.6154e+00 -1.5428e+00 -1.4117e+00 +3.2631e+00 +3.0209e+00
1095 0 +2.314979339e+00 -5.262502066e+01 -5.262502066e+01 -1.6852e+00 -1.4107e+00 -1.2048e+00 +3.2918e+00 +3.0046e+00
1105 0 +2.183631186e+00 -5.275636881e+01 -5.275636881e+01 -2.0355e+00 -1.5988e+00 -1.4076e+00 +3.5987e+00 +2.3619e+00
1109 0 +1.232898622e+00 -5.370710138e+01 -5.370710138e+01 -1.7329e+00 -1.5516e+00 -1.5087e+00 +3.3598e+00 +2.7352e+00
1119 0 +6.792326372e-01 -5.426076736e+01 -5.426076736e+01 -1.5595e+00 -1.5013e+00 -1.4551e+00 +3.2171e+00 +3.0417e+00
1153 0 +5.888457765e-01 -5.435115422e+01 -5.435115422e+01 -1.4426e+00 -1.4698e+00 -1.4216e+00 +3.1165e+00 +3.2459e+00
1174 0 +4.784859102e-01 -5.446151409e+01 -5.446151409e+01 -1.6682e+00 -1.5074e+00 -1.3613e+00 +3.2965e+00 +2.9551e+00
1196 0 +3.749883966e-01 -5.456501160e+01 -5.456501160e+01 -1.9416e+00 -1.5460e+00 -1.3673e+00 +3.5142e+00 +2.5203e+00
