% f evaluations | g evaluations | best noise-free fitness - Fopt (1.238300000000e+02) + sum g_i+ | measured fitness | best measured fitness or single-digit g-values | x1 | x2...
1 0 +2.134850738e+03 +2.258680738e+03 +2.258680738e+03 +5.9671e-01 -3.8264e-02 +7.4769e-01 +1.6230e+00 -1.3415e-01
2 0 +1.521057945e+03 +1.644887945e+03 +1.644887945e+03 -1.3414e-01 +1.6792e+00 +8.6743e-01 -3.6947e-01 +6.4256e-01
5 0 +7.334808896e+02 +8.573108896e+02 +8.573108896e+02 +1.5656e+00 -1.2578e-01 +1.6753e-01 -1.3247e+00 -4.4438e-01
6 0 +3.986373671e+02 +5.224673671e+02 +5.224673671e+02 +2.1092e-01 -1.0510e+00 +4.7570e-01 -5.0064e-01 -1.9169e-01
13 0 +3.086668750e+02 +4.324968750e+02 +4.324968750e+02 -3.7917e-01 -8.5659e-02 -1.0063e+00 -1.0962e+00 +9.1253e-01
19 0 +7.429407286e+01 +1.981240729e+02 +1.981240729e+02 +1.9708e-01 +1.0686e+00 -6.0205e-01 -2.2766e-01 -2.9211e-01
31 0 +3.399280260e+01 +1.578228026e+02 +1.578228026e+02 -7.1136e-01 +5.2565e-01 -2.2046e-01 -5.9348e-02 -3.1919e-01
68 0 +2.338829568e+01 +1.472182957e+02 +1.472182957e+02 -8.8091e-02 +3.7871e-01 -8.9681e-01 -6.7827e-02 -5.7462e-01
275 0 +1.558517038e+01 +1.394151704e+02 +1.394151704e+02 -2.2541e-01 +4.1356e-01 -4.6304e-01 -1.8136e-01 -1.9722e-01
293 0 +1.213069664e+01 +1.359606966e+02 +1.359606966e+02 -5.5829e-01 +1.9511e-01 -7.8042e-01 +6.5724e-02 -1.0899e-01
298 0 +9.468310525e+00 +1.332983105e+02 +1.332983105e+02 -4.0604e-01 +4.3284e-01 -5.7780e-01 +2.0116e-01 -1.6537e-01
355 0 +8.166958561e+00 +1.319969586e+02 +1.319969586e+02 -2.4825e-01 +6.6248e-01 -4.0929e-01 -6.3945e-02 -3.1270e-01
360 0 +7.813975454e+00 +1.316439755e+02 +1.316439755e+02 -4.4236e-01 +4.3423e-01 -6.1790e-01 -2.9071e-02 -3.1383e-01
368 0 +4.159171527e+00 +1.279891715e+02 +1.279891715e+02 -2.0107e-01 +5.7086e-01 -6.4531e-02 +2.4181e-01 -2.1242e-01
510 0 +4.130836897e+00 +1.279608369e+02 +1.279608369e+02 -3.4582e-01 +6.4060e-01 -7.0168e-01 +2.0194e-02 -2.7566e-01
534 0 +3.662868632e+00 +1.274928686e+02 +1.274928686e+02 -3.2933e-01 +6.6746e-01 -6.0887e-01 +3.4331e-02 -2.9666e-01
552 0 +3.355985574e+00 +1.271859856e+02 +1.271859856e+02 -1.8713e-01 +7.4020e-01 -4.4719e-01 +1.2029e-01 -2.8629e-01
561 0 +3.257167194e+00 +1.270871672e+02 +1.270871672e+02 -2.7417e-01 +6.4735e-01 -5.0220e-01 +1.1909e-01 -2.9104e-01
592 0 +3.113541989e+00 +1.269435420e+02 +1.269435420e+02 -1.0496e-01 +6.8864e-01 -1.0251e-01 +2.1327e-01 -2.0679e-01
609 0 +2.942388174e+00 +1.267723882e+02 +1.267723882e+02 -2.3280e-01 +6.8316e-01 -3.7251e-01 +1.3628e-01 -2.8343e-01
620 0 +2.513935577e+00 +1.263439356e+02 +1.263439356e+02 -9.7697e-02 +6.7177e-01 -1.4470e-01 +2.1769e-01 -2.7012e-01
643 0 +2.176798498e+00 +1.260067985e+02 +1.260067985e+02 -1.0032e-01 +6.0533e-01 -7.4475e-02 +2.6160e-01 -1.9596e-01
898 0 +2.161445996e+00 +1.259914460e+02 +1.259914460e+02 -1.2023e-01 +6.7390e-01 -7.4919e-02 +2.8516e-01 -2.2235e-01
901 0 +2.002119675e+00 +1.258321197e+02 +1.258321197e+02 -9.7789e-02 +6.5877e-01 -3.1070e-03 +3.1472e-01 -2.1771e-01
953 0 +1.947154181e+00 +1.257771542e+02 +1.257771542e+02 -5.6912e-02 +6.3915e-01 +2.9733e-02 +3.5150e-01 -1.9519e-01
956 0 +1.898046578e+00 +1.257280466e+02 +1.257280466e+02 -7.9931e-02 +6.5118e-01 -7.4254e-03 +3.2078e-01 -2.3064e-01
1019 0 +1.689384406e+00 +1.255193844e+02 +1.255193844e+02 -6.4653e-02 +6.1839e-01 +3.4860e-02 +3.2306e-01 -1.8611e-01
1102 0 +1.612630559e+00 +1.254426306e+02 +1.254426306e+02 -7.1606e-02 +5.9942e-01 +9.8414e-02 +3.5742e-01 -1.9995e-01
1211 0 +1.607997910e+00 +1.254379979e+02 +1.254379979e+02 -5.3724e-02 +5.3684e-01 +1.1015e-01 +3.5557e-01 -1.8427e-01
1224 0 +1.549448749e+00 +1.253794487e+02 +1.253794487e+02 -6.1868e-02 +5.9301e-01 +7.1580e-02 +3.2533e-01 -1.9394e-01
1248 0 +1.413007529e+00 +1.252430075e+02 +1.252430075e+02 -5.1873e-02 +5.4046e-01 +1.8508e-01 +3.6755e-01 -1.9789e-01
