% f evaluations | g evaluations | best noise-free fitness - Fopt (-1.025500000000e+02) + sum g_i+ | measured fitness | best measured fitness or single-digit g-values | x1 | x2...
1 0 +8.343154790e+00 -9.420684521e+01 -9.420684521e+01 +5.9671e-01 -3.8264e-02 +7.4769e-01 +1.6230e+00 -1.3415e-01
6 0 +2.655540638e+00 -9.989445936e+01 -9.989445936e+01 +2.1092e-01 -1.0510e+00 +4.7570e-01 -5.0064e-01 -1.9169e-01
41 0 +2.387264204e+00 -1.001627358e+02 -1.001627358e+02 -6.6565e-02 +2.6263e-01 +7.2023e-01 -8.2093e-01 +1.0455e+00
56 0 +1.624790697e+00 -1.009252093e+02 -1.009252093e+02 -8.6329e-01 -1.4880e+00 +3.1944e-01 -2.5771e-01 +4.7217e-01
314 0 +9.645657779e-01 -1.015854342e+02 -1.015854342e+02 +6.8067e-01 -1.5141e+00 -9.0314e-01 +1.8932e+00 +1.2010e+00
887 0 +8.639832261e-01 -1.016860168e+02 -1.016860168e+02 +1.5844e+00 +5.7225e-02 -8.9438e-01 +1.3181e+00 +1.9805e-01
989 0 +7.574117117e-01 -1.017925883e+02 -1.017925883e+02 +1.3853e+00 -5.4393e-01 -3.1620e-01 +1.3097e+00 +2.4983e-01
% f evaluations | g evaluations | best noise-free fitness - Fopt (7.169000000000e+01) + sum g_i+ | measured fitness | best measured fitness or single-digit g-values | x1 | x2...
1 0 +1.523492134e+01 +8.692492134e+01 +8.692492134e+01 +5.9671e-01 -3.8264e-02 +7.4769e-01 +1.6230e+00 -1.3415e-01
2 0 +1.018039543e+01 +8.187039543e+01 +8.187039543e+01 -1.3414e-01 +1.6792e+00 +8.6743e-01 -3.6947e-01 +6.4256e-01
4 0 +1.015758259e+01 +8.184758259e+01 +8.184758259e+01 -4.6229e-01 -9.1283e-01 +4.1425e-01 -8.0802e-01 -1.3123e+00
6 0 +6.539542210e+00 +7.822954221e+01 +7.822954221e+01 +2.1092e-01 -1.0510e+00 +4.7570e-01 -5.0064e-01 -1.9169e-01
14 0 +6.330726106e+00 +7.802072611e+01 +7.802072611e+01 +1.4562e+00 +2.7990e-02 +1.1035e+00 +4.6164e-01 -5.4512e-01
19 0 +5.840938617e+00 +7.753093862e+01 +7.753093862e+01 +1.9708e-01 +1.0686e+00 -6.0205e-01 -2.2766e-01 -2.9211e-01
45 0 +4.209644528e+00 +7.589964453e+01 +7.589964453e+01 +1.2690e+00 -6.6768e-01 +1.2796e+00 -1.7182e+00 +7.9123e-01
60 0 +3.208012501e+00 +7.489801250e+01 +7.489801250e+01 +2.3949e-01 +3.5947e-01 +1.0654e+00 +7.8970e-01 -9.6002e-01
154 0 +1.764045884e+00 +7.345404588e+01 +7.345404588e+01 +1.5523e+00 +1.2512e+00 +5.7265e-01 -1.6297e-01 -1.1608e+00
216 0 +1.699406057e+00 +7.338940606e+01 +7.338940606e+01 +5.5425e-01 +3.0526e-01 +1.3581e+00 -9.3067e-01 -6.6267e-01
278 0 +1.177501059e+00 +7.286750106e+01 +7.286750106e+01 +3.6816e-02 +2.9565e-01 +1.7436e+00 +1.5292e-01 +4.3422e-01
933 0 +4.100170829e-01 +7.210001708e+01 +7.210001708e+01 -5.8525e-02 +1.8501e-01 +1.1463e+00 +4.4941e-01 -1.0869e+00
% f evaluations | g evaluations | best noise-free fitness - Fopt (2.140100000000e+02) + sum g_i+ | measured fitness | best measured fitness or single-digit g-values | x1 | x2...
1 0 +1.223368156e+01 +2.262436816e+02 +2.262436816e+02 +5.9671e-01 -3.8264e-02 +7.4769e-01 +1.6230e+00 -1.3415e-01
2 0 +5.679987008e+00 +2.196899870e+02 +2.196899870e+02 -1.3414e-01 +1.6792e+00 +8.6743e-01 -3.6947e-01 +6.4256e-01
16 0 +2.667714973e+00 +2.166777150e+02 +2.166777150e+02 +9.2190e-01 +1.8705e-01 -1.9901e-01 +1.9176e-01 -1.8876e+00
118 0 +1.332665568e+00 +2.153426656e+02 +2.153426656e+02 -1.0846e+00 -1.5454e-03 +2.4988e-01 -3.5496e-01 +7.1397e-01
% f evaluations | g evaluations | best noise-free fitness - Fopt (-5.848000000000e+01) + sum g_i+ | measured fitness | best measured fitness or single-digit g-values | x1 | x2...
1 0 +7.166516536e+00 -5.131348346e+01 -5.131348346e+01 +5.9671e-01 -3.8264e-02 +7.4769e-01 +1.6230e+00 -1.3415e-01
9 0 +1.883092935e+00 -5.659690706e+01 -5.659690706e+01 +8.3847e-01 +2.7137e-01 -1.5648e-02 -2.0110e-01 -1.3785e+00
237 0 +4.305748863e-01 -5.804942511e+01 -5.804942511e+01 -2.6492e-01 +7.7545e-01 +9.1228e-01 -5.0783e-01 +1.2054e+00
% f evaluations | g evaluations | best noise-free fitness - Fopt (-6.130800000000e+02) + sum g_i+ | measured fitness | best measured fitness or single-digit g-values | x1 | x2...
1 0 +1.338076155e+00 -6.117419238e+02 -6.117419238e+02 +5.9671e-01 -3.8264e-02 +7.4769e-01 +1.6230e+00 -1.3415e-01
494 0 +7.160564620e-01 -6.123639435e+02 -6.123639435e+02 -5.9430e-01 +1.1563e+00 -1.9137e+00 -3.8154e-01 -1.8219e-02
562 0 +4.053688153e-01 -6.126746312e+02 -6.126746312e+02 -3.7558e-01 +9.9318e-01 -1.7366e+00 -7.3839e-01 -1.8866e-02
% f evaluations | g evaluations | best noise-free fitness - Fopt (6.189000000000e+01) + sum g_i+ | measured fitness | best measured fitness or single-digit g-values | x1 | x2...
1 0 +9.838787685e+00 +7.172878768e+01 +7.172878768e+01 +5.9671e-01 -3.8264e-02 +7.4769e-01 +1.6230e+00 -1.3415e-01
4 0 +4.705544130e+00 +6.659554413e+01 +6.659554413e+01 -4.6229e-01 -9.1283e-01 +4.1425e-01 -8.0802e-01 -1.3123e+00
21 0 +4.673528620e+00 +6.656352862e+01 +6.656352862e+01 -1.3154e+00 -3.2065e-01 -2.4271e-01 -7.0228e-01 -6.1286e-02
33 0 +3.587104885e+00 +6.547710489e+01 +6.547710489e+01 +1.2354e+00 +5.7802e-01 +1.3688e+00 -1.1007e+00 -1.5542e+00
49 0 +2.986076925e+00 +6.487607692e+01 +6.487607692e+01 +1.1763e-01 +1.4766e+00 +9.1039e-01 +1.8466e-01 -9.3364e-01
153 0 +1.911268147e+00 +6.380126815e+01 +6.380126815e+01 +5.1006e-01 -6.5158e-01 -9.1050e-02 -1.2721e-01 -6.3877e-01
243 0 +1.006286781e+00 +6.289628678e+01 +6.289628678e+01 +8.3747e-01 -2.3539e-01 +7.0563e-01 -1.1889e+00 -1.0132e+00
% f evaluations | g evaluations | best noise-free fitness - Fopt (-8.456000000000e+01) + sum g_i+ | measured fitness | best measured fitness or single-digit g-values | x1 | x2...
1 0 +8.565198373e+00 -7.599480163e+01 -7.599480163e+01 +5.9671e-01 -3.8264e-02 +7.4769e-01 +1.6230e+00 -1.3415e-01
4 0 +7.354514939e+00 -7.720548506e+01 -7.720548506e+01 -4.6229e-01 -9.1283e-01 +4.1425e-01 -8.0802e-01 -1.3123e+00
6 0 +6.437746764e+00 -7.812225324e+01 -7.812225324e+01 +2.1092e-01 -1.0510e+00 +4.7570e-01 -5.0064e-01 -1.9169e-01
13 0 +4.558202141e+00 -8.000179786e+01 -8.000179786e+01 -3.7917e-01 -8.5659e-02 -1.0063e+00 -1.0962e+00 +9.1253e-01
20 0 +3.025145459e+00 -8.153485454e+01 -8.153485454e+01 -1.3635e+00 +3.9612e-01 +3.6106e-01 +1.0511e-01 -1.3459e-01
74 0 +1.892971258e+00 -8.266702874e+01 -8.266702874e+01 -3.9004e-01 +3.1664e-01 -5.0369e-02 -3.1950e-01 +3.5459e-01
209 0 +1.602257735e+00 -8.295774227e+01 -8.295774227e+01 -4.9420e-01 -4.8970e-01 -7.1438e-02 -2.4729e-01 -3.8976e-01
419 0 +3.994979355e-01 -8.416050206e+01 -8.416050206e+01 -9.8494e-01 +7.2830e-01 -3.9328e-01 -1.1743e+00 -1.5268e-01
% f evaluations | g evaluations | best noise-free fitness - Fopt (-2.602000000000e+01) + sum g_i+ | measured fitness | best measured fitness or single-digit g-values | x1 | x2...
1 0 +1.163878357e+01 -1.438121643e+01 -1.438121643e+01 +5.9671e-01 -3.8264e-02 +7.4769e-01 +1.6230e+00 -1.3415e-01
4 0 +8.916555533e+00 -1.710344447e+01 -1.710344447e+01 -4.6229e-01 -9.1283e-01 +4.1425e-01 -8.0802e-01 -1.3123e+00
5 0 +8.195896409e+00 -1.782410359e+01 -1.782410359e+01 +1.5656e+00 -1.2578e-01 +1.6753e-01 -1.3247e+00 -4.4438e-01
6 0 +6.709282030e+00 -1.931071797e+01 -1.931071797e+01 +2.1092e-01 -1.0510e+00 +4.7570e-01 -5.0064e-01 -1.9169e-01
22 0 +3.060800409e+00 -2.295919959e+01 -2.295919959e+01 +5.0405e-01 +1.9862e+00 +2.7458e-01 +3.5755e-01 +2.5554e-02
112 0 +2.327967436e+00 -2.369203256e+01 -2.369203256e+01 +2.7923e-01 +2.9655e-01 -2.2449e-01 -1.0131e+00 +2.1600e-01
213 0 +9.490797363e-01 -2.507092026e+01 -2.507092026e+01 -4.7621e-01 +1.0818e+00 +3.6210e-01 +1.2596e-01 +1.0766e+00
577 0 +6.843606161e-01 -2.533563938e+01 -2.533563938e+01 +3.6865e-01 +1.7364e+00 +3.6496e-01 +4.3813e-01 +5.3346e-01
1030 0 +5.482633702e-01 -2.547173663e+01 -2.547173663e+01 +1.2345e-01 +1.4713e+00 -2.3342e-01 -1.6929e-01 +1.4243e-02
% f evaluations | g evaluations | best noise-free fitness - Fopt (-3.015000000000e+01) + sum g_i+ | measured fitness | best measured fitness or single-digit g-values | x1 | x2...
1 0 +1.409319533e+01 -1.605680467e+01 -1.605680467e+01 +5.9671e-01 -3.8264e-02 +7.4769e-01 +1.6230e+00 -1.3415e-01
2 0 +7.558632323e+00 -2.259136768e+01 -2.259136768e+01 -1.3414e-01 +1.6792e+00 +8.6743e-01 -3.6947e-01 +6.4256e-01
4 0 +3.986086715e+00 -2.616391329e+01 -2.616391329e+01 -4.6229e-01 -9.1283e-01 +4.1425e-01 -8.0802e-01 -1.3123e+00
42 0 +3.290923071e+00 -2.685907693e+01 -2.685907693e+01 +5.6780e-01 -5.3125e-02 -6.4803e-01 -9.5351e-01 -1.9479e+00
225 0 +2.384593652e+00 -2.776540635e+01 -2.776540635e+01 +5.4411e-01 -5.0544e-02 -3.2576e-01 -6.9598e-02 -2.2609e+00
247 0 +2.001183241e+00 -2.814881676e+01 -2.814881676e+01 +4.4435e-01 -5.2050e-02 -1.0138e-01 +6.5856e-01 -1.3685e+00
252 0 +1.213686402e+00 -2.893631360e+01 -2.893631360e+01 +4.0334e-01 -3.8831e-01 +5.4689e-01 +5.4594e-01 -3.0529e-01
335 0 +5.941037031e-01 -2.955589630e+01 -2.955589630e+01 +5.6172e-01 -1.4621e-01 -5.8647e-01 -4.6178e-02 -5.3324e-01
505 0 +3.278771142e-01 -2.982212289e+01 -2.982212289e+01 +8.0897e-01 +5.2328e-02 -5.0126e-01 -2.2482e-01 -1.9357e+00
% f evaluations | g evaluations | best noise-free fitness - Fopt (-1.000000000000e+03) + sum g_i+ | measured fitness | best measured fitness or single-digit g-values | x1 | x2...
1 0 +9.876852929e+00 -9.901231471e+02 -9.901231471e+02 +5.9671e-01 -3.8264e-02 +7.4769e-01 +1.6230e+00 -1.3415e-01
2 0 +8.380922246e+00 -9.916190778e+02 -9.916190778e+02 -1.3414e-01 +1.6792e+00 +8.6743e-01 -3.6947e-01 +6.4256e-01
3 0 +7.524611100e+00 -9.924753889e+02 -9.924753889e+02 -3.6342e-01 -3.6573e-01 +3.4196e-01 -1.8133e+00 -1.6249e+00
5 0 +5.124062893e+00 -9.948759371e+02 -9.948759371e+02 +1.5656e+00 -1.2578e-01 +1.6753e-01 -1.3247e+00 -4.4438e-01
57 0 +2.419050108e+00 -9.975809499e+02 -9.975809499e+02 +8.7943e-01 -2.1414e-01 +2.1144e-01 -1.7687e-01 -1.4778e+00
268 0 +1.655145231e+00 -9.983448548e+02 -9.983448548e+02 -1.9177e+00 -1.5441e+00 -1.0929e+00 -5.2499e-01 +1.9162e+00
315 0 +1.614400268e+00 -9.983855997e+02 -9.983855997e+02 -1.5814e-01 -1.7679e+00 -8.8068e-01 -8.1888e-01 +9.9140e-01
538 0 +1.169479504e+00 -9.988305205e+02 -9.988305205e+02 -1.1799e-02 -4.9189e-02 -4.8523e-01 -8.2632e-01 -2.4929e-01
