% f evaluations | g evaluations | best noise-free fitness - Fopt (-4.620900000000e+02) + sum g_i+ | measured fitness | best measured fitness or single-digit g-values | x1 | x2...
1 0 +1.853564154e+02 -2.767335846e+02 -2.767335846e+02 +5.9671e-01 -3.8264e-02 +7.4769e-01 +1.6230e+00 -1.3415e-01 -1.3414e-01 +1.6792e+00 +8.6743e-01 -3.6947e-01 +6.4256e-01
51 0 +1.565240720e+02 -3.055659280e+02 -3.055659280e+02 +5.2348e-01 +1.4483e+00 +7.1918e-01 +5.2036e-01 +1.0602e+00 +1.1649e+00 +2.6840e+00 +1.2390e+00 +8.7306e-01 +1.5045e+00
55 0 +1.459970154e+02 -3.160929846e+02 -3.160929846e+02 -2.9291e-01 +6.9295e-01 +1.0888e+00 -1.5954e-01 +1.1974e+00 +1.0662e+00 +1.1004e+00 +1.1402e+00 +1.7317e+00 +7.5661e-01
57 0 +9.949764465e+01 -3.625923553e+02 -3.625923553e+02 -8.4765e-01 +6.6701e-01 +8.0768e-01 +7.7431e-01 +1.8895e+00 +5.5598e-01 +1.9906e+00 +1.0747e+00 +7.7680e-01 +1.2660e-01
102 0 +9.340590375e+01 -3.686840962e+02 -3.686840962e+02 +3.9159e-01 +3.3264e+00 +5.3358e-01 +1.8638e+00 +1.6150e+00 +1.5408e+00 +1.6606e+00 +2.4773e+00 +1.3136e+00 +6.0588e-01
500 0 +8.358647747e+01 -3.785035225e+02 -3.785035225e+02 +6.8039e-01 +1.3175e+00 -2.2400e-01 -8.4138e-01 +6.7803e-01 +2.3094e+00 +1.6039e+00 +2.9409e+00 +1.4543e+00 -2.7508e-01
588 0 +6.159140578e+01 -4.004985942e+02 -4.004985942e+02 +5.7152e-01 +2.4533e+00 -2.1978e-01 -4.2841e-01 +1.0512e+00 +2.0440e+00 +2.0997e+00 +2.6033e+00 +1.4637e+00 +3.3087e-02
896 0 +5.454913030e+01 -4.075408697e+02 -4.075408697e+02 +1.2567e+00 +1.5556e+00 +1.4232e+00 +8.0650e-01 +1.1400e+00 +1.6424e+00 +1.6426e+00 +2.2245e+00 +1.0988e+00 +7.6076e-01
1206 0 +4.164987100e+01 -4.204401290e+02 -4.204401290e+02 +1.3212e+00 +7.0989e-01 +1.2655e+00 -2.4545e-02 +1.5418e+00 +1.6606e+00 +2.1416e+00 +2.5090e+00 +1.4368e+00 +3.0661e-01
2264 0 +3.880145658e+01 -4.232885434e+02 -4.232885434e+02 +1.4678e+00 +2.2454e+00 +1.3599e+00 -1.5950e-02 +1.6875e+00 +1.9227e+00 +2.0138e+00 +2.6370e+00 +1.4710e+00 +2.9760e-02
2364 0 +3.685816539e+01 -4.252318346e+02 -4.252318346e+02 +6.9870e-01 +1.3697e+00 +1.4085e+00 +1.0285e-01 +1.7276e+00 +2.2071e+00 +2.0954e+00 +2.2371e+00 +1.4336e+00 +4.6083e-01
% f evaluations | g evaluations | best noise-free fitness - Fopt (7.766000000000e+01) + sum g_i+ | measured fitness | best measured fitness or single-digit g-values | x1 | x2...
1 0 +9.660815261e+02 +1.043741526e+03 +1.043741526e+03 +5.9671e-01 -3.8264e-02 +7.4769e-01 +1.6230e+00 -1.3415e-01 -1.3414e-01 +1.6792e+00 +8.6743e-01 -3.6947e-01 +6.4256e-01
2 0 +3.267643722e+02 +4.044243722e+02 +4.044243722e+02 -3.6342e-01 -3.6573e-01 +3.4196e-01 -1.8133e+00 -1.6249e+00 -4.6229e-01 -9.1283e-01 +4.1425e-01 -8.0802e-01 -1.3123e+00
5 0 +3.023963309e+02 +3.800563309e+02 +3.800563309e+02 +8.3847e-01 +2.7137e-01 -1.5648e-02 -2.0110e-01 -1.3785e+00 -6.1984e-01 -3.6064e-01 +1.1571e+00 +4.4362e-01 -1.6630e+00
8 0 +2.159533632e+02 +2.936133632e+02 +2.936133632e+02 +4.6140e-01 +1.6380e+00 +6.4174e-02 +1.6646e+00 -2.5197e+00 +9.2190e-01 +1.8705e-01 -1.9901e-01 +1.9176e-01 -1.8876e+00
19 0 +1.949667295e+02 +2.726267295e+02 +2.726267295e+02 +7.2567e-01 -7.5716e-01 -9.7089e-01 +5.8247e-01 -1.2346e-01 +8.1400e-01 +5.7324e-01 +2.7171e-02 -7.4679e-01 -1.4148e+00
68 0 +1.887469308e+02 +2.664069308e+02 +2.664069308e+02 -1.6142e+00 +1.6667e+00 +9.6609e-01 +7.2734e-01 +9.8588e-01 -2.5900e+00 +4.2934e-01 -1.9956e-01 -5.9465e-01 -2.0045e+00
113 0 +1.852915208e+02 +2.629515208e+02 +2.629515208e+02 +2.1485e+00 -9.8880e-01 +7.4584e-01 +1.0748e+00 +1.2515e+00 -3.2760e-01 -1.6845e+00 +3.0800e-02 -1.5675e+00 -1.9644e+00
121 0 +1.719480529e+02 +2.496080529e+02 +2.496080529e+02 -1.4521e-02 -3.6280e-01 -2.2290e-01 +1.7140e+00 +8.9185e-01 -2.2266e-01 -1.7607e+00 -2.7631e-02 -2.9926e-01 -3.2149e+00
160 0 +1.333144434e+02 +2.109744434e+02 +2.109744434e+02 -1.3977e+00 +1.0523e+00 -3.6635e-01 +4.4409e+00 +1.0453e-01 -7.6040e-01 -8.0418e-01 +1.0977e-01 -5.6089e-01 -3.2158e+00
478 0 +1.077020706e+02 +1.853620706e+02 +1.853620706e+02 +2.6012e+00 -6.6308e-01 -3.1837e-02 +2.7477e+00 +1.5171e+00 -9.9794e-01 -1.8717e+00 -6.6432e-01 -6.3942e-01 -3.4924e+00
613 0 +1.000963592e+02 +1.777563592e+02 +1.777563592e+02 +1.4020e+00 -2.6385e+00 -4.3186e-01 +3.9636e+00 +2.0071e+00 -7.1136e-01 -1.0552e+00 -4.2754e-02 -5.8556e-01 -3.8464e+00
628 0 +9.672383986e+01 +1.743838399e+02 +1.743838399e+02 +2.2723e+00 +9.4343e-01 -2.2738e+00 +1.5822e+00 +1.8262e+00 -1.1115e+00 +2.1101e-01 -2.8825e-01 -1.1064e+00 -3.8540e+00
739 0 +8.293617716e+01 +1.605961772e+02 +1.605961772e+02 +1.2974e+00 -6.1158e-02 -1.5830e-01 +3.2635e+00 +1.7962e+00 -2.0504e+00 +6.0364e-01 +9.7699e-02 -8.9568e-01 -2.7787e+00
936 0 +8.134263701e+01 +1.590026370e+02 +1.590026370e+02 +2.2551e+00 -7.2870e-01 +5.3958e-01 +3.5580e+00 +2.1441e+00 -1.0360e+00 +1.8854e-01 +4.5422e-01 -1.0737e-01 -3.1364e+00
938 0 +8.031235842e+01 +1.579723584e+02 +1.579723584e+02 +1.3432e+00 -9.4834e-01 +5.0768e-01 +4.0974e+00 +9.4318e-01 -6.6435e-01 +1.4409e-01 +5.9017e-01 -4.6642e-01 -4.0161e+00
986 0 +7.108426145e+01 +1.487442614e+02 +1.487442614e+02 +1.4033e+00 -9.3072e-01 -6.5995e-01 +3.6622e+00 +1.9879e+00 -1.1365e+00 +5.3440e-01 +9.9335e-02 -1.3841e-01 -3.8065e+00
1059 0 +6.567822748e+01 +1.433382275e+02 +1.433382275e+02 +1.3001e+00 -1.6368e-02 +4.1553e-01 +2.4312e+00 +1.7308e+00 -1.0575e+00 +1.5778e-01 +6.1418e-02 -1.0135e+00 -3.8884e+00
1226 0 +6.158724808e+01 +1.392472481e+02 +1.392472481e+02 +1.3639e+00 +7.5065e-01 +3.5362e-01 +3.2757e+00 +1.8194e+00 -4.1842e-01 +1.8646e-01 +2.4557e-01 +7.6726e-02 -3.5688e+00
1283 0 +6.084171076e+01 +1.385017108e+02 +1.385017108e+02 +1.5955e+00 -1.2308e+00 +6.0573e-01 +3.9299e+00 +1.8369e+00 -9.6072e-01 +2.0077e-01 -6.9811e-01 +1.5233e-01 -3.8333e+00
1293 0 +3.029526363e+01 +1.079552636e+02 +1.079552636e+02 +2.4038e+00 -9.0086e-01 +4.0897e-01 +3.4371e+00 +2.4567e+00 -4.8714e-01 +5.9102e-01 +5.3788e-01 +9.7100e-02 -3.6342e+00
% f evaluations | g evaluations | best noise-free fitness - Fopt (1.156800000000e+02) + sum g_i+ | measured fitness | best measured fitness or single-digit g-values | x1 | x2...
1 0 +4.663113385e+02 +5.819913385e+02 +5.819913385e+02 +5.9671e-01 -3.8264e-02 +7.4769e-01 +1.6230e+00 -1.3415e-01 -1.3414e-01 +1.6792e+00 +8.6743e-01 -3.6947e-01 +6.4256e-01
5 0 +4.086425043e+02 +5.243225043e+02 +5.243225043e+02 +8.3847e-01 +2.7137e-01 -1.5648e-02 -2.0110e-01 -1.3785e+00 -6.1984e-01 -3.6064e-01 +1.1571e+00 +4.4362e-01 -1.6630e+00
10 0 +4.078295672e+02 +5.235095672e+02 +5.235095672e+02 +1.9708e-01 +1.0686e+00 -6.0205e-01 -2.2766e-01 -2.9211e-01 -1.3635e+00 +3.9612e-01 +3.6106e-01 +1.0511e-01 -1.3459e-01
11 0 +3.956551217e+02 +5.113351217e+02 +5.113351217e+02 -1.3154e+00 -3.2065e-01 -2.4271e-01 -7.0228e-01 -6.1286e-02 +5.0405e-01 +1.9862e+00 +2.7458e-01 +3.5755e-01 +2.5554e-02
30 0 +3.384790107e+02 +4.541590107e+02 +4.541590107e+02 -1.0812e-01 -3.9300e-01 -4.8936e-01 +9.4960e-01 +4.5702e-01 -5.9291e-01 +9.9960e-01 +4.0730e-01 +9.1286e-01 +7.2963e-01
42 0 +2.899113119e+02 +4.055913119e+02 +4.055913119e+02 +8.1161e-01 -1.0246e+00 -1.4341e+00 +1.3777e+00 +4.3231e-01 -6.4849e-01 +1.6512e+00 +2.1567e-01 +1.2793e+00 +1.6752e-01
67 0 +2.872525990e+02 +4.029325990e+02 +4.029325990e+02 -1.4618e-01 +1.2572e+00 -2.4515e-01 +2.0158e+00 +5.4682e-01 -1.9640e+00 +1.5136e+00 -1.8384e-01 +2.0207e+00 -4.2246e-01
78 0 +2.299195458e+02 +3.455995458e+02 +3.455995458e+02 +8.5013e-01 -2.0764e+00 -3.5982e-01 +3.9403e+00 +1.1807e+00 -1.8473e+00 +2.0997e+00 +1.7958e+00 +1.4083e+00 +1.4355e-02
81 0 +1.978793177e+02 +3.135593177e+02 +3.135593177e+02 +4.1297e-01 +7.0005e-02 -2.2406e+00 -1.8377e-01 -5.0238e-01 -3.7394e+00 +1.7316e+00 +1.3172e+00 +2.9849e+00 -1.4175e+00
146 0 +1.751519264e+02 +2.908319264e+02 +2.908319264e+02 +2.0677e-01 +1.0776e+00 -2.1978e+00 +3.8705e+00 +4.0158e+00 -4.6793e+00 +2.0253e+00 +2.8719e+00 +3.4530e+00 -1.3732e+00
275 0 +1.665915871e+02 +2.822715871e+02 +2.822715871e+02 +2.0344e+00 +5.8561e-02 -2.0949e+00 -3.2227e-02 +1.4380e+00 -1.4989e+00 +3.2669e+00 +2.8618e+00 +2.6718e+00 -2.1946e+00
330 0 +1.566848558e+02 +2.723648558e+02 +2.723648558e+02 -1.5024e+00 -2.6915e+00 -3.3381e+00 +1.1103e+00 +1.6187e+00 -2.1141e+00 +2.5851e+00 +2.2169e+00 +3.5281e+00 -2.2649e+00
371 0 +1.512083999e+02 +2.668883999e+02 +2.668883999e+02 +1.5785e+00 +1.5960e-01 -1.4467e+00 +2.0958e+00 +1.9865e+00 -3.5845e+00 +3.3252e+00 +2.4448e+00 +3.8603e+00 -1.3068e+00
491 0 +1.394472674e+02 +2.551272674e+02 +2.551272674e+02 -5.9905e-01 -4.5776e-01 -3.8102e-01 +2.7159e+00 +2.7535e+00 -2.7314e+00 +2.5242e+00 +1.0383e+00 +3.5406e+00 -2.2689e+00
494 0 +1.163326580e+02 +2.320126580e+02 +2.320126580e+02 -6.5639e-01 +4.9423e-01 -5.7320e-01 +3.1701e+00 +1.7704e+00 -1.5207e+00 +1.9867e+00 +2.7939e+00 +3.5933e+00 -2.4758e+00
683 0 +8.980682146e+01 +2.054868215e+02 +2.054868215e+02 +1.3146e+00 -1.1111e+00 -1.1334e+00 +3.6527e+00 +2.0036e+00 -2.9271e+00 +3.1467e+00 +1.4806e+00 +3.5638e+00 -3.3138e+00
841 0 +7.644878311e+01 +1.921287831e+02 +1.921287831e+02 +8.6100e-02 -2.6061e+00 -5.9155e-01 +1.0293e+00 +2.5743e+00 -1.7341e+00 +2.6216e+00 +2.8130e+00 +3.5780e+00 -1.8404e+00
1166 0 +6.599826235e+01 +1.816782624e+02 +1.816782624e+02 +1.0363e-02 -1.1434e-01 -4.7807e-01 +1.7816e+00 +3.1399e+00 -3.2832e+00 +3.0685e+00 +1.4281e+00 +3.7926e+00 -2.2900e+00
1478 0 +5.506219307e+01 +1.707421931e+02 +1.707421931e+02 +1.5881e-01 -1.0547e+00 -4.2696e-01 +2.3714e+00 +2.8673e+00 -2.7322e+00 +2.5403e+00 +1.9225e+00 +3.5798e+00 -2.3740e+00
1880 0 +5.413902739e+01 +1.698190274e+02 +1.698190274e+02 +9.0356e-03 -9.7091e-01 -4.7821e-01 +3.8639e+00 +2.9574e+00 -3.8073e+00 +3.2093e+00 +2.1441e+00 +3.5411e+00 -2.6626e+00
2316 0 +5.395909178e+01 +1.696390918e+02 +1.696390918e+02 +3.1788e-02 -1.0221e+00 -3.0807e-01 +3.8733e+00 +3.6739e+00 -3.2542e+00 +3.0909e+00 +2.3653e+00 +3.4138e+00 -2.5927e+00
% f evaluations | g evaluations | best noise-free fitness - Fopt (-3.710000000000e+00) + sum g_i+ | measured fitness | best measured fitness or single-digit g-values | x1 | x2...
1 0 +1.283811730e+03 +1.280101730e+03 +1.280101730e+03 +5.9671e-01 -3.8264e-02 +7.4769e-01 +1.6230e+00 -1.3415e-01 -1.3414e-01 +1.6792e+00 +8.6743e-01 -3.6947e-01 +6.4256e-01
2 0 +4.597740225e+02 +4.560640225e+02 +4.560640225e+02 -3.6342e-01 -3.6573e-01 +3.4196e-01 -1.8133e+00 -1.6249e+00 -4.6229e-01 -9.1283e-01 +4.1425e-01 -8.0802e-01 -1.3123e+00
3 0 +4.038094646e+02 +4.000994646e+02 +4.000994646e+02 +1.5656e+00 -1.2578e-01 +1.6753e-01 -1.3247e+00 -4.4438e-01 +2.1092e-01 -1.0510e+00 +4.7570e-01 -5.0064e-01 -1.9169e-01
4 0 +3.738814481e+02 +3.701714481e+02 +3.701714481e+02 -5.0171e-01 +1.9523e+00 +8.6503e-02 -9.5771e-01 +9.2254e-01 -1.1208e+00 +3.0886e-01 -1.8597e+00 -1.2282e+00 +2.9686e-01
6 0 +2.289166342e+02 +2.252066342e+02 +2.252066342e+02 +4.2408e-01 -2.8508e-01 -5.7692e-01 +7.1168e-01 +1.1310e+00 +1.0313e+00 -7.3922e-01 -2.0921e-01 +4.3126e-01 +1.0755e+00
12 0 +1.945385258e+02 +1.908285258e+02 +1.908285258e+02 -1.8188e+00 +7.3486e-02 +1.6023e-01 +2.5632e+00 -9.2361e-02 +4.0155e-01 +6.5288e-02 -1.0687e+00 +1.2428e+00 +8.5193e-01
76 0 +1.829795044e+02 +1.792695044e+02 +1.792695044e+02 -1.1155e+00 +1.2669e+00 +1.0827e+00 +4.1934e-01 +1.8975e-01 +2.0262e+00 +4.7133e-03 -2.3002e+00 +1.9147e+00 -5.0934e-01
115 0 +1.727120292e+02 +1.690020292e+02 +1.690020292e+02 +9.3158e-01 +8.6809e-01 +5.0065e-01 +2.3526e+00 +1.6006e+00 +2.5630e+00 +1.3532e-01 -1.5678e-01 +2.1507e+00 +1.1677e+00
171 0 +1.670678979e+02 +1.633578979e+02 +1.633578979e+02 +2.1437e+00 -2.1581e+00 +1.4181e+00 +2.3010e+00 +4.2422e-01 +1.7880e+00 -2.4974e-01 -1.6122e+00 +8.2703e-01 -3.4036e-02
186 0 +1.433006408e+02 +1.395906408e+02 +1.395906408e+02 +1.0357e+00 -1.3207e+00 +1.3107e+00 +7.4100e-01 +1.7126e+00 +3.0035e+00 +5.6803e-02 -2.3855e+00 +1.6562e-01 +3.3710e-01
195 0 +1.405843634e+02 +1.368743634e+02 +1.368743634e+02 -1.5901e+00 -1.7667e+00 -7.6649e-01 +3.2921e+00 +2.0293e+00 +3.2381e+00 -1.0634e+00 -1.7740e+00 +2.0922e+00 -6.0529e-02
497 0 +1.292023759e+02 +1.254923759e+02 +1.254923759e+02 +1.2767e-02 -1.3672e+00 -1.1135e+00 +1.6942e+00 +7.9868e-01 +2.5969e+00 -6.3808e-01 -2.8103e+00 +1.9596e+00 +1.1075e+00
513 0 +1.277581680e+02 +1.240481680e+02 +1.240481680e+02 +8.5299e-01 -1.4032e+00 -1.3148e+00 +3.8758e+00 +2.4563e+00 +3.0514e+00 -2.0197e+00 -3.5354e+00 +6.0093e-01 +1.2256e+00
562 0 +1.273779475e+02 +1.236679475e+02 +1.236679475e+02 +3.0399e+00 -1.5038e+00 -4.5352e-01 +1.6118e+00 +1.9473e+00 +8.5128e-01 -4.5625e-01 -1.5888e+00 +1.3232e+00 +7.7652e-01
712 0 +1.199489942e+02 +1.162389942e+02 +1.162389942e+02 +5.0904e-01 -3.9962e+00 +1.7060e+00 +3.1561e+00 +1.1152e+00 +2.5760e+00 +1.3271e-01 -2.3679e+00 +1.8810e+00 +2.4327e+00
805 0 +1.066977187e+02 +1.029877187e+02 +1.029877187e+02 +1.8857e+00 -1.7158e+00 +1.0341e+00 +1.8393e+00 +1.7089e+00 +3.6624e+00 -2.6996e-01 -1.1650e+00 +1.6536e+00 +4.8107e-01
923 0 +8.070951342e+01 +7.699951342e+01 +7.699951342e+01 +2.0641e+00 -3.1755e-01 +1.7517e+00 +3.3120e+00 +2.4677e+00 +3.1812e+00 -1.0653e+00 -2.0434e+00 +2.3893e+00 -1.2369e-01
1279 0 +7.489928094e+01 +7.118928094e+01 +7.118928094e+01 +1.1676e+00 -2.2858e+00 +7.5480e-01 +1.9207e+00 +1.3375e+00 +4.1107e+00 +9.1135e-02 -2.0570e+00 +1.6075e+00 +6.0335e-01
1400 0 +6.835270000e+01 +6.464270000e+01 +6.464270000e+01 +2.3760e+00 -1.4358e+00 +3.4171e-01 +1.9436e+00 +1.6442e+00 +3.7360e+00 -3.8872e-01 -1.9477e+00 +2.2725e+00 +6.2866e-01
1553 0 +6.242184577e+01 +5.871184577e+01 +5.871184577e+01 +5.7181e-01 -3.1929e+00 +9.0474e-01 +4.5993e+00 +1.5694e+00 +3.7531e+00 -3.2046e-01 -2.4707e+00 +1.9209e+00 +6.6337e-01
1634 0 +6.157966544e+01 +5.786966544e+01 +5.786966544e+01 +2.1869e+00 -1.4905e+00 +4.1457e-01 +3.1756e+00 +1.3157e+00 +3.7025e+00 -3.6178e-01 -2.3608e+00 +1.9413e+00 +2.0377e-01
1701 0 +6.118633123e+01 +5.747633123e+01 +5.747633123e+01 +1.1722e+00 -2.2403e+00 +4.0292e-01 +3.9208e+00 +2.5298e+00 +2.4448e+00 -2.7722e-01 -2.0953e+00 +1.9655e+00 +1.3386e+00
1796 0 +4.669690853e+01 +4.298690853e+01 +4.298690853e+01 +1.3530e+00 -3.3363e+00 +8.0787e-01 +2.6741e+00 +3.1478e+00 +3.1581e+00 -3.0164e-01 -1.5993e+00 +1.6072e+00 +9.4627e-01
% f evaluations | g evaluations | best noise-free fitness - Fopt (1.321800000000e+02) + sum g_i+ | measured fitness | best measured fitness or single-digit g-values | x1 | x2...
1 0 +1.741069028e+02 +3.062869028e+02 +3.062869028e+02 +5.9671e-01 -3.8264e-02 +7.4769e-01 +1.6230e+00 -1.3415e-01 -1.3414e-01 +1.6792e+00 +8.6743e-01 -3.6947e-01 +6.4256e-01
9 0 +1.635570621e+02 +2.957370621e+02 +2.957370621e+02 -1.1967e-01 +4.5711e-01 +1.5779e+00 -4.1827e-01 -7.0849e-01 -4.0176e-01 +1.0154e+00 +4.2875e-01 -4.2976e-01 +6.1327e-01
30 0 +1.409925261e+02 +2.731725261e+02 +2.731725261e+02 -1.0812e-01 -3.9300e-01 -4.8936e-01 +9.4960e-01 +4.5702e-01 -5.9291e-01 +9.9960e-01 +4.0730e-01 +9.1286e-01 +7.2963e-01
79 0 +1.201186459e+02 +2.522986459e+02 +2.522986459e+02 -8.2681e-01 -1.9711e-01 +3.7190e-01 -7.2988e-01 +1.5683e+00 -5.3033e-01 +5.1090e-01 +2.6534e-02 +5.4113e-01 +9.6008e-01
82 0 +1.194285166e+02 +2.516085166e+02 +2.516085166e+02 -1.4835e+00 -7.4167e-02 +1.0066e+00 -5.9881e-01 +1.1324e+00 -1.2406e+00 +1.8157e+00 +1.1803e+00 +1.7120e-01 -5.4254e-01
218 0 +9.557421198e+01 +2.277542120e+02 +2.277542120e+02 +1.7561e+00 +6.9682e-01 +3.3886e+00 -1.2305e-02 +1.5338e+00 -1.6871e+00 +9.1916e-01 +9.8427e-01 +1.6584e-01 +2.4095e-01
341 0 +8.663782075e+01 +2.188178207e+02 +2.188178207e+02 +7.8485e-01 -1.6394e-02 +3.3734e+00 -1.5721e+00 +1.6441e+00 -6.2672e-01 +1.0624e+00 +5.1010e-01 +5.3918e-01 +1.0685e-01
607 0 +8.336563484e+01 +2.155456348e+02 +2.155456348e+02 +6.1879e-01 +5.1537e-01 +3.3689e+00 -1.3567e+00 +1.3471e+00 -2.4719e+00 +1.3150e+00 +3.6327e-01 +6.7784e-01 +5.4481e-01
856 0 +7.171162922e+01 +2.038916292e+02 +2.038916292e+02 +1.9977e+00 +6.5790e-01 +1.9098e+00 -1.1394e+00 +1.7316e+00 -1.4460e-01 +1.7671e+00 -4.0750e-01 +6.1055e-01 +3.4626e-01
1143 0 +6.779113649e+01 +1.999711365e+02 +1.999711365e+02 +3.7105e+00 +3.4907e+00 +3.4048e+00 -1.8802e+00 +9.8191e-01 -1.7051e+00 +2.1181e+00 -2.3854e-01 +9.1294e-01 +7.8924e-02
1265 0 +5.046062907e+01 +1.826406291e+02 +1.826406291e+02 +3.6639e+00 +1.5431e+00 +2.7497e+00 -1.9036e+00 +1.2702e+00 -1.6246e+00 +1.7343e+00 +9.8100e-01 -8.7000e-02 +4.3650e-02
2042 0 +4.931482936e+01 +1.814948294e+02 +1.814948294e+02 +2.6725e+00 +1.5866e+00 +2.9612e+00 -1.9259e+00 +1.9036e+00 -1.3950e+00 +1.7896e+00 +4.8892e-02 +5.6798e-01 +9.5874e-02
2081 0 +3.431767875e+01 +1.664976787e+02 +1.664976787e+02 +2.8069e+00 +2.4687e+00 +1.9820e+00 -2.0268e+00 +1.8758e+00 -5.3092e-01 +1.6939e+00 -2.5384e-01 +5.0644e-01 +3.9340e-01
% f evaluations | g evaluations | best noise-free fitness - Fopt (-3.930000000000e+01) + sum g_i+ | measured fitness | best measured fitness or single-digit g-values | x1 | x2...
1 0 +3.455688871e+02 +3.062688871e+02 +3.062688871e+02 +5.9671e-01 -3.8264e-02 +7.4769e-01 +1.6230e+00 -1.3415e-01 -1.3414e-01 +1.6792e+00 +8.6743e-01 -3.6947e-01 +6.4256e-01
5 0 +2.715103742e+02 +2.322103742e+02 +2.322103742e+02 +8.3847e-01 +2.7137e-01 -1.5648e-02 -2.0110e-01 -1.3785e+00 -6.1984e-01 -3.6064e-01 +1.1571e+00 +4.4362e-01 -1.6630e+00
54 0 +2.244174858e+02 +1.851174858e+02 +1.851174858e+02 +6.0055e-01 -1.3502e+00 -1.5318e+00 +2.5965e-02 -9.3735e-02 -2.1492e-01 +7.8282e-01 -8.5908e-01 +7.0561e-01 -2.9622e+00
71 0 +1.803759709e+02 +1.410759709e+02 +1.410759709e+02 -1.5334e+00 -1.2467e+00 +1.4369e-01 +1.2773e+00 +4.2702e-01 -2.6661e+00 -3.4896e-01 +2.9595e+00 +5.0785e-01 -2.8360e+00
112 0 +1.683742631e+02 +1.290742631e+02 +1.290742631e+02 -2.6036e+00 -4.0019e+00 -3.9177e-01 +3.5682e+00 -1.5084e+00 -3.6332e+00 +2.2553e+00 +1.3187e+00 +1.8678e+00 -3.7711e+00
326 0 +1.501038012e+02 +1.108038012e+02 +1.108038012e+02 +1.2606e+00 -7.4501e-01 -3.0747e-01 +2.5015e+00 +8.9349e-01 -1.7339e+00 +2.5621e+00 +9.7429e-01 +1.7410e+00 -2.4914e+00
369 0 +1.469649168e+02 +1.076649168e+02 +1.076649168e+02 +3.2288e+00 -3.1731e-01 -8.9975e-01 +3.3968e+00 +2.2861e-01 -2.8289e+00 +2.7102e+00 +2.8339e+00 +7.0698e-01 -3.6238e+00
421 0 +1.330348337e+02 +9.373483375e+01 +9.373483375e+01 +2.6172e-01 +1.2604e+00 -8.4629e-01 +1.4653e+00 -1.6324e-01 -4.7981e-01 +3.2854e+00 +2.7085e+00 +1.3005e+00 -3.3762e+00
521 0 +1.277488867e+02 +8.844888671e+01 +8.844888671e+01 +8.6035e-01 -1.2272e+00 +4.8553e-01 +1.2689e+00 -1.0319e+00 -9.2997e-01 +2.6271e+00 +1.6263e+00 +1.8931e+00 -3.7695e+00
648 0 +1.207673026e+02 +8.146730258e+01 +8.146730258e+01 +1.5701e+00 -1.8378e+00 +1.5987e+00 +2.0387e+00 -7.8722e-01 -1.2673e+00 +2.6605e+00 +2.1533e+00 +4.4812e-01 -3.8355e+00
686 0 +1.165366746e+02 +7.723667455e+01 +7.723667455e+01 -6.5949e-01 -1.0645e+00 +5.7023e-01 +2.7674e+00 +6.1957e-01 -3.1245e+00 +1.6363e+00 +2.0290e+00 +9.5877e-01 -3.0555e+00
728 0 +1.025881571e+02 +6.328815708e+01 +6.328815708e+01 +5.4553e-01 -2.6068e+00 +8.3289e-01 +1.4595e+00 +1.0742e-01 -3.0550e+00 +2.5771e+00 +2.4202e+00 +1.0523e+00 -4.2651e+00
746 0 +9.852078106e+01 +5.922078106e+01 +5.922078106e+01 +2.3261e+00 +6.0833e-01 +2.5713e-02 +2.1915e+00 +2.5181e-01 -2.5432e+00 +2.9807e+00 +2.4414e+00 +4.8504e-02 -2.4672e+00
872 0 +7.859178347e+01 +3.929178347e+01 +3.929178347e+01 +2.4677e+00 -1.0076e+00 -3.3508e-01 +1.3153e+00 +3.3828e-01 -1.4688e+00 +2.2840e+00 +1.6214e+00 +1.1161e+00 -3.0814e+00
1128 0 +7.152280231e+01 +3.222280231e+01 +3.222280231e+01 +8.4974e-01 +4.7072e-01 +1.5218e+00 +1.9642e+00 -1.3098e-01 -3.0399e+00 +2.7420e+00 +2.1408e+00 +1.8019e+00 -3.0029e+00
1985 0 +5.660973365e+01 +1.730973365e+01 +1.730973365e+01 +2.6689e+00 -3.1629e-01 +1.0208e+00 +3.3029e+00 +2.0364e-01 -7.3292e-01 +3.5788e+00 +2.4482e+00 +1.4852e+00 -4.0733e+00
2170 0 +3.765201679e+01 -1.647983215e+00 -1.647983215e+00 +4.5831e-01 -3.5711e-01 +2.2020e+00 +4.7576e+00 +4.8353e-01 -1.9525e+00 +3.1444e+00 +2.0496e+00 +1.7552e+00 -3.4450e+00
% f evaluations | g evaluations | best noise-free fitness - Fopt (4.296000000000e+01) + sum g_i+ | measured fitness | best measured fitness or single-digit g-values | x1 | x2...
1 0 +1.128380150e+03 +1.171340150e+03 +1.171340150e+03 +5.9671e-01 -3.8264e-02 +7.4769e-01 +1.6230e+00 -1.3415e-01 -1.3414e-01 +1.6792e+00 +8.6743e-01 -3.6947e-01 +6.4256e-01
2 0 +2.399413221e+02 +2.829013221e+02 +2.829013221e+02 -3.6342e-01 -3.6573e-01 +3.4196e-01 -1.8133e+00 -1.6249e+00 -4.6229e-01 -9.1283e-01 +4.1425e-01 -8.0802e-01 -1.3123e+00
4 0 +1.885418751e+02 +2.315018751e+02 +2.315018751e+02 -5.0171e-01 +1.9523e+00 +8.6503e-02 -9.5771e-01 +9.2254e-01 -1.1208e+00 +3.0886e-01 -1.8597e+00 -1.2282e+00 +2.9686e-01
10 0 +1.732621617e+02 +2.162221617e+02 +2.162221617e+02 +1.9708e-01 +1.0686e+00 -6.0205e-01 -2.2766e-01 -2.9211e-01 -1.3635e+00 +3.9612e-01 +3.6106e-01 +1.0511e-01 -1.3459e-01
25 0 +1.376321026e+02 +1.805921026e+02 +1.805921026e+02 -6.9252e-01 -1.4736e-02 +6.0499e-01 +9.6576e-01 -1.1003e+00 -2.3450e-01 -3.7495e-01 -5.5333e-01 +1.8655e+00 +5.0498e-01
75 0 +1.236089574e+02 +1.665689574e+02 +1.665689574e+02 +1.2881e-01 +9.1185e-01 +4.5463e-01 +1.6820e+00 -2.8330e-01 -1.7369e+00 -1.1291e-01 -3.6050e-01 +1.3179e+00 -8.2577e-01
411 0 +1.111934542e+02 +1.541534542e+02 +1.541534542e+02 +5.0675e-01 -1.1788e+00 +2.9777e+00 -1.0479e+00 +7.8915e-01 -2.5261e+00 -1.4363e-02 -1.0960e+00 +1.4084e+00 +5.0880e-01
545 0 +9.949684631e+01 +1.424568463e+02 +1.424568463e+02 -1.4951e+00 +1.3814e+00 +2.6612e+00 -1.0886e+00 +9.5677e-01 -2.8967e+00 -4.7711e-01 -1.1324e+00 +1.8662e+00 +4.3907e-01
737 0 +8.036328224e+01 +1.233232822e+02 +1.233232822e+02 -6.0720e-01 +1.7696e+00 +1.4012e+00 -7.2618e-01 +2.5121e-01 -2.2940e+00 -1.5302e+00 -1.8724e+00 +1.4661e+00 +8.0829e-01
805 0 +7.954097779e+01 +1.225009778e+02 +1.225009778e+02 -1.5411e+00 +2.6732e+00 +1.8042e+00 +2.7708e-01 +1.1650e-01 -4.4540e+00 -2.1594e-01 -1.6470e+00 +1.4998e+00 +4.6097e-01
1183 0 +7.914134109e+01 +1.221013411e+02 +1.221013411e+02 -1.5647e+00 -1.5282e-01 +1.4731e+00 +1.1460e+00 +2.3991e-01 -3.2951e+00 -8.9614e-01 -1.1041e+00 +1.0312e+00 -3.6977e-01
1703 0 +6.418132162e+01 +1.071413216e+02 +1.071413216e+02 -4.8085e-01 -1.0156e+00 +1.2378e+00 +1.1728e+00 -2.2308e-01 -2.2792e+00 -2.0334e-01 -1.1256e+00 +1.5318e+00 +6.6194e-01
1922 0 +6.251588355e+01 +1.054758835e+02 +1.054758835e+02 -7.6899e-01 +9.9748e-01 +1.9608e+00 +2.3399e+00 +3.5520e-01 -2.7008e+00 -2.6728e-01 -1.2815e+00 +1.0861e+00 +2.0405e-01
% f evaluations | g evaluations | best noise-free fitness - Fopt (2.842200000000e+02) + sum g_i+ | measured fitness | best measured fitness or single-digit g-values | x1 | x2...
1 0 +2.872070476e+02 +5.714270476e+02 +5.714270476e+02 +5.9671e-01 -3.8264e-02 +7.4769e-01 +1.6230e+00 -1.3415e-01 -1.3414e-01 +1.6792e+00 +8.6743e-01 -3.6947e-01 +6.4256e-01
8 0 +2.785682463e+02 +5.627882463e+02 +5.627882463e+02 +4.6140e-01 +1.6380e+00 +6.4174e-02 +1.6646e+00 -2.5197e+00 +9.2190e-01 +1.8705e-01 -1.9901e-01 +1.9176e-01 -1.8876e+00
36 0 +2.186614458e+02 +5.028814458e+02 +5.028814458e+02 +4.1091e-01 +1.5754e+00 +9.5766e-01 -5.9939e-02 +8.0984e-02 -9.0253e-01 +8.1487e-02 -1.8866e-01 +4.2272e-01 -7.2723e-01
96 0 +2.142399179e+02 +4.984599179e+02 +4.984599179e+02 +2.2779e+00 +1.6795e+00 -1.1596e+00 +2.9765e-01 -2.3353e+00 -2.2677e-01 +1.3455e+00 +1.6870e-01 +6.6601e-01 -1.9843e+00
102 0 +1.810914140e+02 +4.653114140e+02 +4.653114140e+02 -1.9119e-01 +8.3198e-01 -9.1799e-01 +2.4079e-01 +8.2414e-01 -1.7070e+00 +9.1007e-01 -7.3982e-02 -5.6627e-01 -2.9301e+00
125 0 +1.520745712e+02 +4.362945712e+02 +4.362945712e+02 +6.8416e-01 -1.2914e+00 -5.1468e-02 +1.0419e+00 -1.2433e-01 -1.8468e+00 +1.5366e+00 +7.0137e-01 -2.0418e-01 -2.2894e+00
137 0 +1.497528961e+02 +4.339728961e+02 +4.339728961e+02 +1.7107e-01 -1.2451e+00 -3.1114e-01 +4.2978e-01 +1.7153e+00 -1.7396e+00 +1.1815e+00 +7.0683e-01 -2.9383e-02 -2.4049e+00
468 0 +1.443747946e+02 +4.285947946e+02 +4.285947946e+02 -4.8160e-02 +3.9143e-01 -1.3585e+00 +3.8053e+00 +1.1155e+00 -4.3970e+00 +2.3501e+00 +1.5047e+00 -8.9634e-01 -1.8967e+00
513 0 +1.416634546e+02 +4.258834546e+02 +4.258834546e+02 +2.0976e+00 +1.8499e+00 -6.4181e-01 +3.6826e+00 -1.1360e+00 -3.9103e+00 +2.0587e+00 +1.5638e-01 +1.9589e-03 -2.4521e+00
540 0 +1.229205879e+02 +4.071405879e+02 +4.071405879e+02 +3.5910e-01 +1.4051e+00 +8.7323e-01 +4.8070e+00 -5.8260e-01 -4.5408e+00 +2.5295e+00 +2.3191e+00 +6.7202e-01 -2.2645e+00
547 0 +1.205698435e+02 +4.047898435e+02 +4.047898435e+02 -5.5174e-01 +1.7969e+00 +2.8138e-01 +3.6058e-01 +1.5558e+00 -2.5052e+00 +3.3901e+00 +1.2586e+00 -4.4100e-01 -2.7376e+00
795 0 +1.002248148e+02 +3.844448148e+02 +3.844448148e+02 +2.5045e+00 -2.9510e+00 +1.8271e-01 +2.7488e+00 +1.7765e+00 -2.7250e+00 +2.8867e+00 -1.2170e-01 -2.6327e-01 -3.5370e+00
899 0 +9.027306150e+01 +3.744930615e+02 +3.744930615e+02 +2.2011e-01 -1.5251e+00 -8.8918e-02 +1.4105e+00 +6.8102e-01 -4.0948e+00 +2.9040e+00 -1.8184e-01 +3.5047e-01 -2.5824e+00
1084 0 +8.820853122e+01 +3.724285312e+02 +3.724285312e+02 +4.7848e-01 -1.0420e+00 -3.7616e-01 +9.4251e-01 +7.9138e-01 -4.1672e+00 +2.0893e+00 +8.4964e-01 -6.5304e-01 -2.2896e+00
1093 0 +8.434038032e+01 +3.685603803e+02 +3.685603803e+02 +1.8202e-01 +6.9526e-01 +2.3579e-01 +1.9235e+00 +1.0692e+00 -3.0561e+00 +1.6806e+00 +1.2957e+00 -4.4957e-01 -2.9791e+00
1104 0 +8.224023655e+01 +3.664602366e+02 +3.664602366e+02 +3.3328e-01 -3.0858e-01 -1.5768e-01 +1.5702e+00 +7.6813e-01 -2.0275e+00 +2.5132e+00 +4.6997e-01 -4.2627e-01 -2.8747e+00
1334 0 +7.463360945e+01 +3.588536094e+02 +3.588536094e+02 -6.7560e-02 -1.6579e-01 -2.4652e-01 +2.2205e+00 +7.3721e-01 -2.4355e+00 +2.4654e+00 -1.2965e-01 -1.8589e-01 -2.7103e+00
1695 0 +6.212164932e+01 +3.463416493e+02 +3.463416493e+02 +2.7214e-01 -2.4583e-01 -3.4705e-01 +2.2022e+00 +5.8952e-01 -2.9756e+00 +2.0973e+00 +1.0055e+00 -7.0717e-02 -2.5059e+00
2103 0 +6.093555585e+01 +3.451555558e+02 +3.451555558e+02 +1.0301e+00 -3.5407e-01 -3.8606e-01 +1.5149e+00 +7.2486e-01 -3.9619e+00 +2.4659e+00 +7.7067e-01 -1.0751e-01 -2.6365e+00
2108 0 +5.685345696e+01 +3.410734570e+02 +3.410734570e+02 +2.4828e-01 +8.2946e-01 +7.8453e-01 +2.1542e+00 +1.8351e+00 -3.5318e+00 +2.7801e+00 +9.4496e-01 +1.7416e-01 -2.5821e+00
2203 0 +5.072344012e+01 +3.349434401e+02 +3.349434401e+02 -1.3825e-02 -8.9118e-02 -3.8403e-01 +2.1948e+00 +6.5611e-02 -4.1082e+00 +2.5090e+00 +1.3050e+00 +1.9166e-01 -2.9175e+00
% f evaluations | g evaluations | best noise-free fitness - Fopt (-3.217000000000e+01) + sum g_i+ | measured fitness | best measured fitness or single-digit g-values | x1 | x2...
1 0 +1.254530934e+03 +1.222360934e+03 +1.222360934e+03 +5.9671e-01 -3.8264e-02 +7.4769e-01 +1.6230e+00 -1.3415e-01 -1.3414e-01 +1.6792e+00 +8.6743e-01 -3.6947e-01 +6.4256e-01
2 0 +2.988261007e+02 +2.666561007e+02 +2.666561007e+02 -3.6342e-01 -3.6573e-01 +3.4196e-01 -1.8133e+00 -1.6249e+00 -4.6229e-01 -9.1283e-01 +4.1425e-01 -8.0802e-01 -1.3123e+00
5 0 +2.684744231e+02 +2.363044231e+02 +2.363044231e+02 +8.3847e-01 +2.7137e-01 -1.5648e-02 -2.0110e-01 -1.3785e+00 -6.1984e-01 -3.6064e-01 +1.1571e+00 +4.4362e-01 -1.6630e+00
7 0 +2.291453874e+02 +1.969753874e+02 +1.969753874e+02 -3.7917e-01 -8.5659e-02 -1.0063e+00 -1.0962e+00 +9.1253e-01 +1.4562e+00 +2.7990e-02 +1.1035e+00 +4.6164e-01 -5.4512e-01
20 0 +2.283004189e+02 +1.961304189e+02 +1.961304189e+02 -3.4651e-01 +9.5640e-01 +3.1409e-01 -1.1457e+00 +2.7318e-01 +4.8532e-01 -7.8386e-01 +2.5373e-01 +1.5821e-01 -1.0430e+00
37 0 +2.272136698e+02 +1.950436698e+02 +1.950436698e+02 +6.1935e-01 +1.6327e+00 -8.7601e-03 +5.0171e-01 +7.9014e-01 -3.0122e-01 +3.2409e-01 +1.1259e-01 +1.9768e-01 -6.7301e-01
43 0 +2.188937530e+02 +1.867237530e+02 +1.867237530e+02 +2.1607e+00 +1.8553e+00 -1.4896e-01 +1.0716e+00 +7.4538e-01 +1.4686e+00 -8.6492e-01 +7.8605e-01 +1.1584e+00 -1.6587e+00
59 0 +1.841911180e+02 +1.520211180e+02 +1.520211180e+02 -5.0943e-01 +5.9817e-01 -2.7197e-01 -1.1549e+00 -5.1625e-01 +1.0212e+00 -2.5443e-01 +6.3519e-01 +3.6772e-01 -1.7515e+00
118 0 +1.742167254e+02 +1.420467254e+02 +1.420467254e+02 +6.6210e-02 +4.6940e-01 -1.9272e+00 -1.4804e+00 +1.0091e+00 +7.2362e-01 -1.1038e-01 +2.8840e-01 +5.7863e-01 -3.4525e+00
139 0 +1.279102610e+02 +9.574026096e+01 +9.574026096e+01 +2.1988e-01 +2.3286e-01 -7.8703e-01 +1.3884e+00 +2.6512e+00 +3.2765e-01 -3.0352e-01 +1.5586e+00 +7.0635e-01 -2.0594e+00
369 0 +1.107013841e+02 +7.853138410e+01 +7.853138410e+01 -1.2193e+00 +1.9182e+00 -6.1098e-01 +1.3624e+00 +3.2443e+00 +1.7325e+00 -9.2146e-01 +2.5234e+00 +7.1361e-01 -2.3852e+00
743 0 +9.604952666e+01 +6.387952666e+01 +6.387952666e+01 -4.5510e-01 +5.3451e-02 -9.9616e-01 +5.5845e-01 +1.4133e+00 +2.4527e+00 -9.2946e-01 +2.1694e+00 +3.4946e-01 -2.1749e+00
752 0 +7.745197553e+01 +4.528197553e+01 +4.528197553e+01 -2.2308e-01 +2.8521e+00 -1.1784e+00 -1.4281e-01 +3.0939e+00 -4.5355e-01 -8.7428e-01 +3.4821e+00 +9.7346e-01 -2.6896e+00
1019 0 +7.164433506e+01 +3.947433506e+01 +3.947433506e+01 -3.0683e-01 +8.4908e-01 -9.4236e-01 -1.3952e-01 +3.1382e+00 +1.1975e+00 -1.9193e-01 +2.7967e+00 +1.2584e+00 -2.4566e+00
1138 0 +6.145938940e+01 +2.928938940e+01 +2.928938940e+01 -3.8175e-01 +9.9947e-01 -9.1672e-01 +5.6842e-01 +3.2687e+00 +1.4499e+00 +2.5150e-01 +2.9354e+00 +9.7955e-01 -3.0160e+00
1390 0 +5.579748478e+01 +2.362748478e+01 +2.362748478e+01 -4.4743e-01 +9.6903e-01 -1.8812e+00 -5.2739e-02 +2.8850e+00 +2.1086e+00 -9.5799e-02 +2.5850e+00 +1.1472e+00 -2.7522e+00
1739 0 +5.308227381e+01 +2.091227381e+01 +2.091227381e+01 -6.0312e-01 +9.5036e-01 -3.5433e-01 -6.8269e-02 +3.0590e+00 +9.7261e-01 -4.1686e-01 +3.3970e+00 +1.3438e+00 -2.3629e+00
1980 0 +5.062227899e+01 +1.845227899e+01 +1.845227899e+01 -3.1326e-01 +9.4362e-01 -7.2629e-01 +4.8233e-01 +3.1882e+00 +1.6290e+00 -3.6087e-02 +2.6287e+00 +1.3326e+00 -2.3496e+00
2141 0 +3.603479346e+01 +3.864793460e+00 +3.864793460e+00 -1.8630e-01 +2.7561e-01 -8.7205e-01 -2.1206e-01 +2.9512e+00 +1.1607e+00 -6.6661e-02 +3.0032e+00 +1.3899e+00 -2.7360e+00
2282 0 +3.419592036e+01 +2.025920365e+00 +2.025920365e+00 -5.2695e-01 +7.8301e-01 -9.6817e-01 +6.0323e-01 +2.9812e+00 +1.0879e+00 -6.3148e-02 +3.4863e+00 +1.3786e+00 -2.6868e+00
% f evaluations | g evaluations | best noise-free fitness - Fopt (-5.858000000000e+01) + sum g_i+ | measured fitness | best measured fitness or single-digit g-values | x1 | x2...
1 0 +3.091167199e+02 +2.505367199e+02 +2.505367199e+02 +5.9671e-01 -3.8264e-02 +7.4769e-01 +1.6230e+00 -1.3415e-01 -1.3414e-01 +1.6792e+00 +8.6743e-01 -3.6947e-01 +6.4256e-01
10 0 +3.080712949e+02 +2.494912949e+02 +2.494912949e+02 +1.9708e-01 +1.0686e+00 -6.0205e-01 -2.2766e-01 -2.9211e-01 -1.3635e+00 +3.9612e-01 +3.6106e-01 +1.0511e-01 -1.3459e-01
30 0 +2.793727110e+02 +2.207927110e+02 +2.207927110e+02 -1.0812e-01 -3.9300e-01 -4.8936e-01 +9.4960e-01 +4.5702e-01 -5.9291e-01 +9.9960e-01 +4.0730e-01 +9.1286e-01 +7.2963e-01
42 0 +2.643067199e+02 +2.057267199e+02 +2.057267199e+02 +8.1161e-01 -1.0246e+00 -1.4341e+00 +1.3777e+00 +4.3231e-01 -6.4849e-01 +1.6512e+00 +2.1567e-01 +1.2793e+00 +1.6752e-01
51 0 +2.348377141e+02 +1.762577141e+02 +1.762577141e+02 +1.4183e+00 +7.6017e-01 -1.7582e+00 -7.7641e-01 +1.2803e+00 -3.3917e+00 +2.3646e+00 +1.8153e+00 +1.3037e+00 -3.3224e-01
62 0 +2.095267027e+02 +1.509467027e+02 +1.509467027e+02 +5.7579e-01 -9.0548e-01 -7.2909e-01 +1.8670e+00 +1.1207e+00 -1.7247e+00 +2.5374e+00 +3.4924e-01 +6.8079e-01 +6.5685e-01
108 0 +1.956188844e+02 +1.370388844e+02 +1.370388844e+02 +3.0259e-02 -6.1855e-01 -1.2234e+00 +1.2405e+00 +2.6001e+00 -2.5557e+00 +1.9675e+00 +2.2270e+00 +4.0462e-01 +5.1122e-01
117 0 +1.943380059e+02 +1.357580059e+02 +1.357580059e+02 +1.7124e+00 -3.5304e-01 -3.7520e+00 +2.8187e+00 +3.2869e-02 -2.1920e+00 +1.2830e+00 +2.1496e+00 +2.7779e+00 +7.1471e-01
142 0 +1.939659810e+02 +1.353859810e+02 +1.353859810e+02 +8.4247e-01 -6.1605e-01 -2.3510e+00 +6.2615e-01 -7.8815e-01 -5.5418e-01 +2.8418e+00 +2.7620e+00 +2.7207e+00 +1.3802e+00
410 0 +1.636559657e+02 +1.050759657e+02 +1.050759657e+02 +1.5884e+00 -3.6227e-01 -7.9752e-01 +1.5868e+00 +2.9111e+00 -3.0380e+00 +1.9505e+00 +2.4179e+00 +8.8223e-01 +2.0623e+00
451 0 +1.469966736e+02 +8.841667361e+01 +8.841667361e+01 +1.6697e+00 -3.2275e-01 +5.3613e-01 +1.3194e+00 +1.6289e+00 -3.8922e+00 +8.6598e-01 +2.4931e+00 +2.2661e+00 +2.2440e+00
459 0 +1.260912082e+02 +6.751120815e+01 +6.751120815e+01 +1.6976e+00 -2.5084e+00 -7.1454e-01 +2.6577e+00 +1.8016e+00 -3.2857e+00 +2.9426e+00 +4.0046e+00 +2.0168e+00 +2.3356e+00
482 0 +1.222755909e+02 +6.369559091e+01 +6.369559091e+01 +1.7140e+00 -3.2563e+00 +1.1340e-01 +2.4306e+00 +1.1621e+00 -3.4710e+00 +1.9977e+00 +2.3557e+00 +3.9101e-01 +1.0390e+00
627 0 +1.201591835e+02 +6.157918354e+01 +6.157918354e+01 -6.9477e-01 -3.8878e+00 +2.4771e-01 +9.6482e-01 +3.5452e+00 -2.4514e+00 +9.3248e-01 +4.1494e+00 +1.6581e+00 +1.5812e+00
648 0 +1.178544568e+02 +5.927445678e+01 +5.927445678e+01 +1.9807e+00 -2.7547e+00 +1.8242e-01 +2.7127e+00 +1.8761e+00 -3.4056e+00 +1.4278e+00 +2.4351e+00 +1.5245e+00 +7.1316e-01
912 0 +1.137174129e+02 +5.513741294e+01 +5.513741294e+01 -1.5813e+00 -3.4241e+00 +2.2339e-02 +2.3630e+00 +3.4498e+00 -4.3409e+00 +3.3456e+00 +2.1076e+00 +1.1004e+00 +1.0078e+00
918 0 +1.071901982e+02 +4.861019818e+01 +4.861019818e+01 +1.5046e+00 -4.0763e+00 -2.6495e+00 -1.4913e-01 +3.0046e+00 -3.4049e+00 +2.5909e+00 +3.6793e+00 +1.0549e+00 +1.0657e+00
980 0 +9.691075218e+01 +3.833075218e+01 +3.833075218e+01 +1.2024e+00 -2.5268e+00 -5.0940e-01 +4.4280e-01 +3.5213e+00 -3.3871e+00 +2.6157e+00 +2.0692e+00 +1.0480e+00 +6.3094e-01
1005 0 +8.782201466e+01 +2.924201466e+01 +2.924201466e+01 +1.3853e+00 -1.5697e+00 +1.7049e-01 +1.7892e+00 +2.7721e+00 -4.2999e+00 +1.7956e+00 +3.3247e+00 +1.8578e+00 +6.2586e-01
1084 0 +8.337588981e+01 +2.479588981e+01 +2.479588981e+01 +1.5168e+00 -1.8432e+00 -5.0794e-01 +1.3966e+00 +2.4845e+00 -3.0154e+00 +2.7495e+00 +2.4298e+00 +1.8572e+00 +5.8410e-01
1172 0 +6.265078482e+01 +4.070784817e+00 +4.070784817e+00 +9.4908e-01 -3.3974e+00 -2.1075e-01 +3.1289e+00 +3.1010e+00 -4.3527e+00 +3.2468e+00 +3.2296e+00 +2.3600e+00 +9.5187e-01
1315 0 +5.549031713e+01 -3.089682866e+00 -3.089682866e+00 +1.5055e+00 -6.2876e-01 +9.3329e-01 +1.9380e+00 +1.9687e+00 -3.4135e+00 +2.8181e+00 +2.3597e+00 +1.6799e+00 +3.6508e-01
1545 0 +5.304001658e+01 -5.539983419e+00 -5.539983419e+00 +1.4761e+00 -1.8474e+00 +2.6422e-01 +3.0670e+00 +2.8379e+00 -3.3801e+00 +2.3068e+00 +3.1493e+00 +2.6807e+00 +1.3663e+00
2261 0 +5.262032473e+01 -5.959675272e+00 -5.959675272e+00 +2.5881e+00 -3.5417e+00 +8.2938e-01 +2.3918e+00 +2.9135e+00 -4.5751e+00 +2.8553e+00 +2.7498e+00 +1.9427e+00 +1.6144e+00
