% f evaluations | g evaluations | best noise-free fitness - Fopt (1.491500000000e+02) + sum g_i+ | measured fitness | best measured fitness or single-digit g-values | x1 | x2...
1 0 +1.589879163e+03 +1.739029163e+03 +1.739029163e+03 +5.9671e-01 -3.8264e-02 +7.4769e-01 +1.6230e+00 -1.3415e-01
4 0 +1.459283928e+03 +1.608433928e+03 +1.608433928e+03 -4.6229e-01 -9.1283e-01 +4.1425e-01 -8.0802e-01 -1.3123e+00
9 0 +1.233032610e+03 +1.382182610e+03 +1.382182610e+03 +8.3847e-01 +2.7137e-01 -1.5648e-02 -2.0110e-01 -1.3785e+00
13 0 +8.127868237e+02 +9.619368237e+02 +9.619368237e+02 -3.7917e-01 -8.5659e-02 -1.0063e+00 -1.0962e+00 +9.1253e-01
21 0 +7.176775228e+02 +8.668275228e+02 +8.668275228e+02 -1.3154e+00 -3.2065e-01 -2.4271e-01 -7.0228e-01 -6.1286e-02
23 0 +2.345660033e+02 +3.837160033e+02 +3.837160033e+02 -1.8188e+00 +7.3486e-02 +1.6023e-01 +2.5632e+00 -9.2361e-02
47 0 +8.676617348e+01 +2.359161735e+02 +2.359161735e+02 -1.9578e+00 -6.6525e-01 +5.5724e-02 +2.6191e+00 -4.0657e-01
260 0 +6.212081521e+01 +2.112708152e+02 +2.112708152e+02 -9.1521e-01 -1.2254e+00 -1.0021e+00 +1.1797e+00 -2.9451e+00
261 0 +2.475544036e+01 +1.739054404e+02 +1.739054404e+02 -1.0139e+00 -1.4485e+00 -5.1656e-01 +1.1002e+00 -3.7023e+00
381 0 +2.018338923e+01 +1.693333892e+02 +1.693333892e+02 -1.0937e+00 -1.4264e+00 -1.0627e+00 +9.4191e-01 -4.1048e+00
391 0 +1.244062104e+01 +1.615906210e+02 +1.615906210e+02 -7.1980e-01 -1.1016e+00 -9.1703e-01 +5.9930e-01 -3.6509e+00
442 0 +1.195520232e+01 +1.611052023e+02 +1.611052023e+02 -8.9391e-01 -1.1792e+00 -9.5207e-01 +8.1693e-01 -3.9741e+00
462 0 +6.915000817e+00 +1.560650008e+02 +1.560650008e+02 -8.1288e-01 -1.2769e+00 -9.9633e-01 +8.6320e-01 -3.5538e+00
506 0 +5.240707281e+00 +1.543907073e+02 +1.543907073e+02 -1.0847e+00 -1.3169e+00 -9.9084e-01 +7.7034e-01 -3.6898e+00
533 0 +3.500577251e+00 +1.526505773e+02 +1.526505773e+02 -3.9821e-01 -1.0293e+00 -8.8584e-01 +8.3423e-01 -3.7776e+00
637 0 +3.452368124e+00 +1.526023681e+02 +1.526023681e+02 -7.2167e-01 -1.2297e+00 -9.9209e-01 +8.8269e-01 -3.7204e+00
678 0 +3.199682293e+00 +1.523496823e+02 +1.523496823e+02 -5.7563e-01 -1.1437e+00 -8.8041e-01 +8.5963e-01 -3.7908e+00
719 0 +2.733183645e+00 +1.518831836e+02 +1.518831836e+02 -4.4483e-01 -9.8900e-01 -8.3070e-01 +8.4109e-01 -3.7948e+00
970 0 +2.707768449e+00 +1.518577684e+02 +1.518577684e+02 -5.3298e-01 -1.1187e+00 -8.9421e-01 +8.7984e-01 -3.7354e+00
971 0 +2.572024217e+00 +1.517220242e+02 +1.517220242e+02 -4.8540e-01 -1.0356e+00 -8.6847e-01 +9.1500e-01 -3.7345e+00
982 0 +2.233712126e+00 +1.513837121e+02 +1.513837121e+02 -4.0415e-01 -9.7326e-01 -8.2964e-01 +8.7545e-01 -3.7296e+00
1073 0 +1.755206416e+00 +1.509052064e+02 +1.509052064e+02 -3.3066e-01 -8.2437e-01 -6.8479e-01 +9.2161e-01 -3.7105e+00
1129 0 +1.545793530e+00 +1.506957935e+02 +1.506957935e+02 -2.7612e-01 -7.7455e-01 -6.4508e-01 +9.8053e-01 -3.7425e+00
