% f evaluations | g evaluations | best noise-free fitness - Fopt (7.135000000000e+01) + sum g_i+ | measured fitness | best measured fitness or single-digit g-values | x1 | x2...
1 0 +7.446886989e+01 +1.458188699e+02 +1.458188699e+02 +5.9671e-01 -3.8264e-02 +7.4769e-01 +1.6230e+00 -1.3415e-01
3 0 +5.113084942e+01 +1.224808494e+02 +1.224808494e+02 -3.6342e-01 -3.6573e-01 +3.4196e-01 -1.8133e+00 -1.6249e+00
18 0 +4.266526997e+01 +1.140152700e+02 +1.140152700e+02 -4.0176e-01 +1.0154e+00 +4.2875e-01 -4.2976e-01 +6.1327e-01
26 0 +3.625589644e+01 +1.076058964e+02 +1.076058964e+02 -9.1101e-01 -1.1530e+00 -9.5034e-01 +1.6941e+00 -3.3847e-01
54 0 +3.446362570e+01 +1.058136257e+02 +1.058136257e+02 +1.1473e+00 -1.4281e+00 -7.5342e-01 +5.1133e-01 -1.9378e+00
56 0 +3.323691336e+01 +1.045869134e+02 +1.045869134e+02 -8.1470e-01 +8.4591e-02 +2.3817e-01 -6.8361e-01 -5.5249e-01
61 0 +1.292835775e+01 +8.427835775e+01 +8.427835775e+01 +5.1590e-01 -3.6314e-01 -1.5327e-01 -1.5544e+00 +1.0191e+00
136 0 +7.320951577e+00 +7.867095158e+01 +7.867095158e+01 -5.5957e-01 +1.9192e-01 -7.0331e-01 -9.8014e-02 -1.4950e+00
400 0 +3.445890797e+00 +7.479589080e+01 +7.479589080e+01 -5.8833e-01 -1.2357e-01 +1.0558e-01 -2.8648e-01 -8.0629e-01
523 0 +8.243019463e-01 +7.217430195e+01 +7.217430195e+01 -6.6577e-01 +2.2580e-01 -5.6869e-01 +3.8696e-01 -1.1751e+00
675 0 +7.710510593e-01 +7.212105106e+01 +7.212105106e+01 -4.9183e-01 +2.2007e-01 -5.3894e-01 +3.3786e-01 -1.3684e+00
682 0 +4.697563169e-01 +7.181975632e+01 +7.181975632e+01 -5.6744e-01 +2.2419e-01 -6.5790e-01 +2.8023e-01 -1.3772e+00
710 0 +2.835102715e-01 +7.163351027e+01 +7.163351027e+01 -5.7852e-01 +2.6505e-01 -6.8156e-01 +2.5451e-01 -1.3837e+00
713 0 +2.004095804e-01 +7.155040958e+01 +7.155040958e+01 -5.5152e-01 +2.4329e-01 -6.2144e-01 +3.9426e-01 -1.3590e+00
777 0 +9.659541423e-02 +7.144659541e+01 +7.144659541e+01 -5.5051e-01 +3.0246e-01 -6.5481e-01 +3.3035e-01 -1.3721e+00
780 0 +8.885843033e-02 +7.143885843e+01 +7.143885843e+01 -5.3448e-01 +3.1550e-01 -7.1507e-01 +3.0731e-01 -1.4133e+00
873 0 +3.598444486e-02 +7.138598444e+01 +7.138598444e+01 -4.9278e-01 +2.9277e-01 -6.7233e-01 +2.5410e-01 -1.4366e+00
909 0 +1.878971776e-02 +7.136878972e+01 +7.136878972e+01 -5.1376e-01 +3.0498e-01 -6.5748e-01 +3.6817e-01 -1.3864e+00
919 0 +7.896883894e-03 +7.135789688e+01 +7.135789688e+01 -5.0435e-01 +2.7204e-01 -6.5709e-01 +3.0543e-01 -1.4439e+00
1067 0 +7.713535691e-03 +7.135771354e+01 +7.135771354e+01 -5.0459e-01 +2.8439e-01 -6.5178e-01 +3.4965e-01 -1.4297e+00
1081 0 +6.111860025e-03 +7.135611186e+01 +7.135611186e+01 -5.0763e-01 +2.8647e-01 -6.5553e-01 +3.2964e-01 -1.4166e+00
1091 0 +5.620827666e-03 +7.135562083e+01 +7.135562083e+01 -5.0202e-01 +2.8540e-01 -6.5602e-01 +3.3981e-01 -1.4183e+00
1109 0 +2.045704096e-03 +7.135204570e+01 +7.135204570e+01 -5.0989e-01 +2.7946e-01 -6.5200e-01 +3.3482e-01 -1.4259e+00
% f evaluations | g evaluations | best noise-free fitness - Fopt (-3.552200000000e+02) + sum g_i+ | measured fitness | best measured fitness or single-digit g-values | x1 | x2...
1 0 +9.960213824e+01 -2.556178618e+02 -2.556178618e+02 +5.9671e-01 -3.8264e-02 +7.4769e-01 +1.6230e+00 -1.3415e-01
2 0 +9.589743832e+01 -2.593225617e+02 -2.593225617e+02 -1.3414e-01 +1.6792e+00 +8.6743e-01 -3.6947e-01 +6.4256e-01
3 0 +5.554821623e+01 -2.996717838e+02 -2.996717838e+02 -3.6342e-01 -3.6573e-01 +3.4196e-01 -1.8133e+00 -1.6249e+00
8 0 +3.140876179e+01 -3.238112382e+02 -3.238112382e+02 -1.1208e+00 +3.0886e-01 -1.8597e+00 -1.2282e+00 +2.9686e-01
39 0 +1.875396542e+01 -3.364660346e+02 -3.364660346e+02 -7.9301e-01 -6.0971e-01 +2.4420e-01 -3.1545e-01 -7.1970e-01
54 0 +1.429054186e+01 -3.409294581e+02 -3.409294581e+02 +1.8268e+00 +3.3040e-02 +3.9320e-01 +2.2624e+00 +1.2170e+00
131 0 +1.205540198e+01 -3.431645980e+02 -3.431645980e+02 -3.3440e-01 -8.0339e-01 -2.1869e+00 -1.9957e-01 +9.4013e-01
184 0 +7.354436440e+00 -3.478655636e+02 -3.478655636e+02 +1.3656e+00 -1.1042e+00 -2.7210e+00 -1.5031e-02 +1.6966e+00
628 0 +7.133132569e+00 -3.480868674e+02 -3.480868674e+02 +9.9674e-01 -3.2423e-01 -2.3224e+00 -3.1418e-01 +1.3490e+00
657 0 +6.584753426e+00 -3.486352466e+02 -3.486352466e+02 +7.2495e-01 +3.2248e-01 -2.3085e+00 -6.3859e-01 +1.7202e+00
747 0 +3.503567375e+00 -3.517164326e+02 -3.517164326e+02 +1.0451e+00 -1.5535e-01 -2.4149e+00 -9.1340e-01 +1.8184e+00
779 0 +3.025447910e+00 -3.521945521e+02 -3.521945521e+02 +9.1234e-01 -1.1687e-02 -2.3542e+00 -9.4658e-01 +1.6110e+00
787 0 +2.002882235e+00 -3.532171178e+02 -3.532171178e+02 +1.0391e+00 -2.5632e-01 -2.4461e+00 -1.0735e+00 +1.7748e+00
822 0 +1.793160034e+00 -3.534268400e+02 -3.534268400e+02 +1.0383e+00 -2.9702e-01 -2.3931e+00 -6.4376e-01 +1.4609e+00
838 0 +1.124210691e+00 -3.540957893e+02 -3.540957893e+02 +9.6296e-01 -7.9142e-02 -2.2586e+00 -7.8717e-01 +1.6386e+00
909 0 +9.931587868e-01 -3.542268412e+02 -3.542268412e+02 +1.0609e+00 -2.1654e-01 -2.4348e+00 -8.7840e-01 +1.6438e+00
913 0 +9.605748958e-01 -3.542594251e+02 -3.542594251e+02 +1.0034e+00 -1.7019e-01 -2.4751e+00 -6.9547e-01 +1.4497e+00
931 0 +9.008042766e-01 -3.543191957e+02 -3.543191957e+02 +1.0081e+00 -3.6875e-01 -2.3987e+00 -9.2534e-01 +1.7200e+00
939 0 +5.470007411e-01 -3.546729993e+02 -3.546729993e+02 +1.0061e+00 -2.4563e-01 -2.4020e+00 -7.5367e-01 +1.5519e+00
945 0 +3.623633190e-01 -3.548576367e+02 -3.548576367e+02 +9.5975e-01 -1.4877e-01 -2.4246e+00 -7.4724e-01 +1.5669e+00
978 0 +3.525785266e-01 -3.548674215e+02 -3.548674215e+02 +9.7239e-01 -1.8354e-01 -2.4435e+00 -7.8261e-01 +1.5832e+00
983 0 +2.834449146e-01 -3.549365551e+02 -3.549365551e+02 +1.0330e+00 -1.9880e-01 -2.4753e+00 -8.1077e-01 +1.5882e+00
1000 0 +2.140684040e-01 -3.550059316e+02 -3.550059316e+02 +1.0137e+00 -2.2216e-01 -2.5151e+00 -9.1056e-01 +1.6232e+00
1060 0 +1.525644649e-01 -3.550674355e+02 -3.550674355e+02 +1.0139e+00 -1.9147e-01 -2.4799e+00 -8.0265e-01 +1.5666e+00
1078 0 +8.262131511e-02 -3.551373787e+02 -3.551373787e+02 +1.0379e+00 -2.9481e-01 -2.4841e+00 -7.8098e-01 +1.6098e+00
1112 0 +5.453979383e-02 -3.551654602e+02 -3.551654602e+02 +1.0387e+00 -2.8550e-01 -2.5389e+00 -7.5410e-01 +1.5767e+00
1185 0 +3.925372471e-02 -3.551807463e+02 -3.551807463e+02 +1.0529e+00 -3.0673e-01 -2.5452e+00 -7.3168e-01 +1.5584e+00
1214 0 +2.813257339e-02 -3.551918674e+02 -3.551918674e+02 +1.0537e+00 -2.9361e-01 -2.5162e+00 -7.9572e-01 +1.5632e+00
1248 0 +2.430274985e-02 -3.551956973e+02 -3.551956973e+02 +1.0561e+00 -3.1670e-01 -2.5295e+00 -7.4472e-01 +1.5527e+00
% f evaluations | g evaluations | best noise-free fitness - Fopt (9.917000000000e+01) + sum g_i+ | measured fitness | best measured fitness or single-digit g-values | x1 | x2...
1 0 +7.486993682e+01 +1.740399368e+02 +1.740399368e+02 +5.9671e-01 -3.8264e-02 +7.4769e-01 +1.6230e+00 -1.3415e-01
6 0 +2.244151693e+01 +1.216115169e+02 +1.216115169e+02 +2.1092e-01 -1.0510e+00 +4.7570e-01 -5.0064e-01 -1.9169e-01
13 0 +1.944891373e+01 +1.186189137e+02 +1.186189137e+02 -3.7917e-01 -8.5659e-02 -1.0063e+00 -1.0962e+00 +9.1253e-01
33 0 +1.310959641e+01 +1.122795964e+02 +1.122795964e+02 +3.8383e-01 -1.2506e+00 +9.0578e-03 -4.1215e-01 +9.2257e-01
98 0 +6.449210059e+00 +1.056192101e+02 +1.056192101e+02 -4.2546e-01 -6.7071e-01 +3.3792e-01 -7.0843e-01 +8.7137e-01
209 0 +6.434277552e+00 +1.056042776e+02 +1.056042776e+02 -8.6911e-01 +8.1989e-02 -1.0344e+00 -9.2814e-01 +1.6873e+00
232 0 +5.268972860e+00 +1.044389729e+02 +1.044389729e+02 -6.4604e-01 +6.9638e-02 -1.3431e+00 -5.2587e-01 +1.8838e+00
266 0 +2.426763417e+00 +1.015967634e+02 +1.015967634e+02 -1.1635e+00 -6.7576e-02 -1.3026e+00 -1.3741e+00 +1.8045e+00
399 0 +2.277008975e+00 +1.014470090e+02 +1.014470090e+02 -8.4920e-01 +6.6435e-02 -1.1899e+00 -7.5811e-01 +1.8471e+00
419 0 +2.248927508e+00 +1.014189275e+02 +1.014189275e+02 -7.5445e-01 -1.5739e-01 -7.9527e-01 -8.2139e-01 +1.6780e+00
453 0 +1.861945125e+00 +1.010319451e+02 +1.010319451e+02 -6.3595e-01 -3.7648e-01 -9.1171e-01 -9.5413e-01 +1.5464e+00
488 0 +1.348293102e+00 +1.005182931e+02 +1.005182931e+02 -6.5709e-01 -2.8412e-01 -7.9772e-01 -8.6773e-01 +1.4792e+00
492 0 +1.194730210e+00 +1.003647302e+02 +1.003647302e+02 -5.9124e-01 -1.0262e-01 -8.5330e-01 -4.8431e-01 +1.6829e+00
525 0 +1.165017316e+00 +1.003350173e+02 +1.003350173e+02 -6.6611e-01 -7.7254e-02 -7.7662e-01 -5.6614e-01 +1.6696e+00
575 0 +6.348179160e-01 +9.980481792e+01 +9.980481792e+01 -6.1798e-01 -8.0996e-02 -7.4985e-01 -5.0423e-01 +1.6887e+00
617 0 +4.765947191e-01 +9.964659472e+01 +9.964659472e+01 -6.0667e-01 -1.8393e-01 -6.5359e-01 -6.3318e-01 +1.5909e+00
717 0 +4.550033612e-01 +9.962500336e+01 +9.962500336e+01 -6.0669e-01 -2.9411e-01 -5.2385e-01 -7.8791e-01 +1.4725e+00
735 0 +3.817968915e-01 +9.955179689e+01 +9.955179689e+01 -6.0799e-01 -1.8916e-01 -6.5727e-01 -6.3823e-01 +1.5916e+00
737 0 +2.434323974e-01 +9.941343240e+01 +9.941343240e+01 -5.6750e-01 -3.7436e-01 -5.0165e-01 -8.0874e-01 +1.4274e+00
786 0 +2.294972428e-01 +9.939949724e+01 +9.939949724e+01 -6.8106e-01 -3.6035e-01 -5.3322e-01 -9.4516e-01 +1.4481e+00
828 0 +1.250115063e-01 +9.929501151e+01 +9.929501151e+01 -6.5099e-01 -3.7769e-01 -4.0226e-01 -8.7689e-01 +1.4154e+00
899 0 +9.645246366e-02 +9.926645246e+01 +9.926645246e+01 -6.5779e-01 -4.1473e-01 -2.9294e-01 -9.7978e-01 +1.3227e+00
926 0 +6.854431487e-02 +9.923854431e+01 +9.923854431e+01 -6.7785e-01 -3.3790e-01 -4.4579e-01 -8.9842e-01 +1.4245e+00
935 0 +6.490276502e-02 +9.923490277e+01 +9.923490277e+01 -6.7377e-01 -3.4740e-01 -3.7598e-01 -9.2439e-01 +1.4058e+00
941 0 +2.309251189e-02 +9.919309251e+01 +9.919309251e+01 -6.5146e-01 -3.6071e-01 -3.9104e-01 -9.0775e-01 +1.3988e+00
1001 0 +2.233315732e-02 +9.919233316e+01 +9.919233316e+01 -6.6183e-01 -3.6476e-01 -3.9619e-01 -9.4115e-01 +1.3882e+00
1039 0 +9.407841742e-03 +9.917940784e+01 +9.917940784e+01 -6.4696e-01 -3.6246e-01 -4.2162e-01 -9.0482e-01 +1.3995e+00
1110 0 +7.846103059e-03 +9.917784610e+01 +9.917784610e+01 -6.5858e-01 -3.6034e-01 -4.0075e-01 -9.1991e-01 +1.3971e+00
1159 0 +6.955911358e-03 +9.917695591e+01 +9.917695591e+01 -6.5609e-01 -3.5560e-01 -4.0812e-01 -9.1090e-01 +1.4054e+00
1177 0 +6.354922942e-03 +9.917635492e+01 +9.917635492e+01 -6.5949e-01 -3.5225e-01 -4.2840e-01 -9.1443e-01 +1.4061e+00
1181 0 +3.557291117e-03 +9.917355729e+01 +9.917355729e+01 -6.6192e-01 -3.5391e-01 -4.2052e-01 -9.1771e-01 +1.4070e+00
1231 0 +1.003598868e-03 +9.917100360e+01 +9.917100360e+01 -6.5721e-01 -3.5356e-01 -4.1650e-01 -9.1158e-01 +1.4060e+00
1232 0 +9.148963735e-04 +9.917091490e+01 +9.917091490e+01 -6.5814e-01 -3.5368e-01 -4.1515e-01 -9.0838e-01 +1.4083e+00
% f evaluations | g evaluations | best noise-free fitness - Fopt (-5.179100000000e+02) + sum g_i+ | measured fitness | best measured fitness or single-digit g-values | x1 | x2...
1 0 +1.668669367e+01 -5.012233063e+02 -5.012233063e+02 +5.9671e-01 -3.8264e-02 +7.4769e-01 +1.6230e+00 -1.3415e-01
8 0 +1.394012739e+01 -5.039698726e+02 -5.039698726e+02 -1.1208e+00 +3.0886e-01 -1.8597e+00 -1.2282e+00 +2.9686e-01
128 0 +1.085960352e+01 -5.070503965e+02 -5.070503965e+02 +4.5359e-01 +6.9444e-01 -5.8463e-01 +4.9050e-01 +1.3101e+00
141 0 +8.128282803e+00 -5.097817172e+02 -5.097817172e+02 +1.7750e-02 +4.1922e-02 -3.8991e-01 +1.1009e+00 +9.4293e-02
143 0 +7.702532471e+00 -5.102074675e+02 -5.102074675e+02 +9.0452e-01 +5.9343e-01 -2.6316e-02 +7.0071e-02 +1.3452e+00
177 0 +6.525587381e+00 -5.113844126e+02 -5.113844126e+02 +6.8753e-01 +1.4920e-01 +7.4640e-02 +1.4707e-01 +1.4176e+00
181 0 +5.975250838e+00 -5.119347492e+02 -5.119347492e+02 +8.8112e-01 +3.8304e-01 -2.9006e-01 +1.6169e-01 +1.5789e+00
184 0 +5.781131766e+00 -5.121288682e+02 -5.121288682e+02 +6.3823e-01 +9.2311e-01 -1.5577e-01 -7.2418e-01 +9.0693e-01
247 0 +2.323979610e+00 -5.155860204e+02 -5.155860204e+02 +8.3738e-01 +5.4048e-01 -3.0466e-01 +6.3727e-02 +1.3490e+00
303 0 +2.009442426e+00 -5.159005576e+02 -5.159005576e+02 +4.8417e-01 +1.0231e+00 -3.2782e-01 -9.8012e-01 +9.1940e-01
315 0 +1.913487037e+00 -5.159965130e+02 -5.159965130e+02 +4.3479e-01 +1.2120e+00 -2.1717e-01 -1.4782e+00 +7.4136e-01
357 0 +1.529804258e+00 -5.163801957e+02 -5.163801957e+02 +5.3912e-01 +1.1777e+00 -3.7070e-01 -1.0403e+00 +7.9828e-01
361 0 +8.143164018e-01 -5.170956836e+02 -5.170956836e+02 +4.8310e-01 +9.7277e-01 -1.3370e-01 -1.1677e+00 +8.4519e-01
372 0 +4.332865212e-01 -5.174767135e+02 -5.174767135e+02 +3.7845e-01 +7.7435e-01 -1.6825e-01 -8.8272e-01 +8.8903e-01
477 0 +1.561543867e-01 -5.177538456e+02 -5.177538456e+02 +3.4565e-01 +7.6606e-01 -1.8209e-01 -1.0338e+00 +8.8213e-01
572 0 +1.501264614e-01 -5.177598735e+02 -5.177598735e+02 +2.5588e-01 +6.6378e-01 -7.8283e-02 -1.0010e+00 +7.5646e-01
655 0 +7.871757649e-02 -5.178312824e+02 -5.178312824e+02 +3.2013e-01 +7.5120e-01 -1.5072e-01 -9.8575e-01 +7.9330e-01
666 0 +7.770910874e-02 -5.178322909e+02 -5.178322909e+02 +3.2172e-01 +7.5958e-01 -1.8515e-01 -1.0109e+00 +8.1461e-01
735 0 +2.392038073e-02 -5.178860796e+02 -5.178860796e+02 +3.0249e-01 +7.3401e-01 -1.6220e-01 -9.6339e-01 +8.1077e-01
766 0 +1.773133976e-02 -5.178922687e+02 -5.178922687e+02 +2.9097e-01 +7.0861e-01 -1.4720e-01 -9.4082e-01 +8.0307e-01
862 0 +1.699859012e-02 -5.178930014e+02 -5.178930014e+02 +3.0742e-01 +7.0758e-01 -1.4295e-01 -9.1259e-01 +8.0971e-01
864 0 +1.301889099e-02 -5.178969811e+02 -5.178969811e+02 +2.8545e-01 +7.2315e-01 -1.3915e-01 -9.8048e-01 +7.9470e-01
890 0 +7.970922334e-03 -5.179020291e+02 -5.179020291e+02 +2.9569e-01 +7.0824e-01 -1.2847e-01 -9.4554e-01 +8.0686e-01
910 0 +6.924044576e-03 -5.179030760e+02 -5.179030760e+02 +3.0920e-01 +7.1268e-01 -1.3369e-01 -9.4288e-01 +8.1817e-01
941 0 +5.073189099e-03 -5.179049268e+02 -5.179049268e+02 +2.9735e-01 +7.0680e-01 -1.2510e-01 -9.5369e-01 +8.0343e-01
957 0 +3.189117390e-03 -5.179068109e+02 -5.179068109e+02 +3.0265e-01 +7.0746e-01 -1.3560e-01 -9.2704e-01 +8.1178e-01
1001 0 +2.774785847e-03 -5.179072252e+02 -5.179072252e+02 +3.0446e-01 +7.1488e-01 -1.4246e-01 -9.3778e-01 +8.1637e-01
1007 0 +2.258203013e-03 -5.179077418e+02 -5.179077418e+02 +3.0297e-01 +7.1355e-01 -1.3813e-01 -9.4335e-01 +8.0875e-01
1027 0 +1.431160907e-03 -5.179085688e+02 -5.179085688e+02 +3.0590e-01 +7.2190e-01 -1.5174e-01 -9.4580e-01 +8.1398e-01
1109 0 +1.424571323e-03 -5.179085754e+02 -5.179085754e+02 +3.0686e-01 +7.1707e-01 -1.4391e-01 -9.3847e-01 +8.1485e-01
1135 0 +1.383417233e-03 -5.179086166e+02 -5.179086166e+02 +3.0252e-01 +7.0727e-01 -1.3546e-01 -9.3008e-01 +8.1603e-01
1147 0 +5.207782689e-04 -5.179094792e+02 -5.179094792e+02 +3.0360e-01 +7.1724e-01 -1.4905e-01 -9.3912e-01 +8.1514e-01
1207 0 +2.535225691e-04 -5.179097465e+02 -5.179097465e+02 +3.0652e-01 +7.1776e-01 -1.4764e-01 -9.3538e-01 +8.1736e-01
1232 0 +1.433230605e-04 -5.179098567e+02 -5.179098567e+02 +3.0356e-01 +7.1559e-01 -1.4434e-01 -9.4091e-01 +8.1401e-01
% f evaluations | g evaluations | best noise-free fitness - Fopt (-5.721000000000e+01) + sum g_i+ | measured fitness | best measured fitness or single-digit g-values | x1 | x2...
1 0 +8.736249735e+01 +3.015249735e+01 +3.015249735e+01 +5.9671e-01 -3.8264e-02 +7.4769e-01 +1.6230e+00 -1.3415e-01
3 0 +3.006729433e+01 -2.714270567e+01 -2.714270567e+01 -3.6342e-01 -3.6573e-01 +3.4196e-01 -1.8133e+00 -1.6249e+00
11 0 +1.892218357e+01 -3.828781643e+01 -3.828781643e+01 +4.2408e-01 -2.8508e-01 -5.7692e-01 +7.1168e-01 +1.1310e+00
56 0 +1.209001059e+01 -4.511998941e+01 -4.511998941e+01 +3.6677e-04 -4.9330e-01 -4.5259e-01 -5.8364e-01 +1.0146e+00
255 0 +1.041198119e+01 -4.679801881e+01 -4.679801881e+01 -3.7379e-01 -5.1702e-01 +1.1235e+00 -3.1982e-01 -3.5612e-01
276 0 +9.415362926e+00 -4.779463707e+01 -4.779463707e+01 -2.8631e-01 -8.1439e-01 +4.8191e-01 -8.9408e-01 -7.2131e-01
309 0 +7.133637424e+00 -5.007636258e+01 -5.007636258e+01 -4.9961e-01 -6.0965e-01 +2.3443e-01 -9.8193e-01 -9.8178e-01
311 0 +5.467677638e+00 -5.174232236e+01 -5.174232236e+01 +4.4662e-01 -1.0917e+00 +8.3428e-01 -7.4285e-01 -3.2250e-01
423 0 +3.999573493e+00 -5.321042651e+01 -5.321042651e+01 +2.2944e-02 -8.2122e-01 +3.1776e-01 -1.1791e+00 -9.0160e-01
472 0 +1.906818015e+00 -5.530318198e+01 -5.530318198e+01 -3.7469e-02 -7.0781e-01 -1.3850e-01 -1.3503e+00 -1.3298e+00
556 0 +9.744137141e-01 -5.623558629e+01 -5.623558629e+01 -1.7428e-01 -6.4383e-01 -1.6287e-01 -1.1933e+00 -1.2658e+00
605 0 +7.120409859e-01 -5.649795901e+01 -5.649795901e+01 -1.2650e-01 -6.6887e-01 -1.5827e-01 -1.3673e+00 -1.3537e+00
677 0 +1.701538343e-01 -5.703984617e+01 -5.703984617e+01 -1.4806e-01 -5.1999e-01 -5.1708e-01 -1.0649e+00 -1.5156e+00
819 0 +9.155899642e-02 -5.711844100e+01 -5.711844100e+01 -1.3847e-01 -5.0683e-01 -5.2042e-01 -1.0857e+00 -1.5294e+00
828 0 +4.254870386e-02 -5.716745130e+01 -5.716745130e+01 -8.6282e-02 -5.8020e-01 -5.2081e-01 -1.1340e+00 -1.5020e+00
890 0 +1.136028112e-02 -5.719863972e+01 -5.719863972e+01 -9.8592e-02 -5.8758e-01 -4.8371e-01 -1.1454e+00 -1.4800e+00
979 0 +7.722845086e-03 -5.720227715e+01 -5.720227715e+01 -1.0897e-01 -5.6776e-01 -4.9519e-01 -1.1408e+00 -1.5014e+00
1007 0 +3.305299701e-03 -5.720669470e+01 -5.720669470e+01 -1.1411e-01 -5.7375e-01 -4.9805e-01 -1.1344e+00 -1.5038e+00
1056 0 +1.855587600e-03 -5.720814441e+01 -5.720814441e+01 -1.1450e-01 -5.6731e-01 -4.9747e-01 -1.1325e+00 -1.5056e+00
1085 0 +1.577361678e-03 -5.720842264e+01 -5.720842264e+01 -1.0998e-01 -5.7120e-01 -4.8185e-01 -1.1323e+00 -1.4897e+00
1109 0 +1.099003276e-03 -5.720890100e+01 -5.720890100e+01 -1.1154e-01 -5.6831e-01 -4.9097e-01 -1.1323e+00 -1.4974e+00
1137 0 +7.609964371e-04 -5.720923900e+01 -5.720923900e+01 -1.1083e-01 -5.6770e-01 -4.8940e-01 -1.1289e+00 -1.4935e+00
1181 0 +3.691887178e-04 -5.720963081e+01 -5.720963081e+01 -1.1289e-01 -5.6710e-01 -4.9236e-01 -1.1299e+00 -1.4986e+00
1216 0 +3.375302838e-04 -5.720966247e+01 -5.720966247e+01 -1.0871e-01 -5.6772e-01 -4.9475e-01 -1.1317e+00 -1.4991e+00
1231 0 +1.286516560e-04 -5.720987135e+01 -5.720987135e+01 -1.0988e-01 -5.6816e-01 -4.9442e-01 -1.1307e+00 -1.4994e+00
% f evaluations | g evaluations | best noise-free fitness - Fopt (6.626000000000e+01) + sum g_i+ | measured fitness | best measured fitness or single-digit g-values | x1 | x2...
1 0 +8.820622849e+01 +1.544662285e+02 +1.544662285e+02 +5.9671e-01 -3.8264e-02 +7.4769e-01 +1.6230e+00 -1.3415e-01
5 0 +4.417165334e+01 +1.104316533e+02 +1.104316533e+02 +1.5656e+00 -1.2578e-01 +1.6753e-01 -1.3247e+00 -4.4438e-01
9 0 +4.399379149e+01 +1.102537915e+02 +1.102537915e+02 +8.3847e-01 +2.7137e-01 -1.5648e-02 -2.0110e-01 -1.3785e+00
16 0 +1.958782640e+01 +8.584782640e+01 +8.584782640e+01 +9.2190e-01 +1.8705e-01 -1.9901e-01 +1.9176e-01 -1.8876e+00
25 0 +9.739598777e+00 +7.599959878e+01 +7.599959878e+01 +8.9103e-01 -8.0939e-01 +1.5028e+00 -1.3019e+00 +6.8686e-01
178 0 +8.110002303e+00 +7.437000230e+01 +7.437000230e+01 +1.0942e+00 +6.9035e-01 +6.3412e-02 -1.5838e+00 -6.9857e-01
315 0 +6.586236455e+00 +7.284623645e+01 +7.284623645e+01 +1.2395e-01 +1.4576e+00 -1.4213e+00 -7.5519e-01 -2.0245e+00
464 0 +6.113666660e+00 +7.237366666e+01 +7.237366666e+01 +2.5411e-01 +8.9878e-01 -6.6966e-01 -1.2823e+00 -3.3616e-01
505 0 +2.578366278e+00 +6.883836628e+01 +6.883836628e+01 -1.7000e-01 +1.6902e+00 -2.0426e+00 -5.9459e-01 -1.8772e+00
612 0 +2.484289998e+00 +6.874429000e+01 +6.874429000e+01 +7.4445e-02 +1.7568e+00 -2.0020e+00 -2.9679e-01 -2.3773e+00
626 0 +2.262090630e+00 +6.852209063e+01 +6.852209063e+01 +1.1741e-01 +1.6777e+00 -1.9685e+00 -2.8946e-01 -2.4207e+00
656 0 +1.368169934e+00 +6.762816993e+01 +6.762816993e+01 +4.1896e-01 +1.8138e+00 -2.4899e+00 +4.7325e-04 -2.8672e+00
694 0 +9.933015806e-01 +6.725330158e+01 +6.725330158e+01 +1.9162e-01 +1.5705e+00 -2.1636e+00 -3.6401e-01 -2.1979e+00
743 0 +9.426761117e-01 +6.720267611e+01 +6.720267611e+01 +2.2240e-01 +1.6286e+00 -2.2321e+00 -3.9483e-01 -2.3606e+00
768 0 +6.943369939e-02 +6.632943370e+01 +6.632943370e+01 +3.4447e-01 +1.6303e+00 -2.2794e+00 -3.0711e-01 -2.4880e+00
924 0 +4.780397366e-02 +6.630780397e+01 +6.630780397e+01 +3.0194e-01 +1.6475e+00 -2.2846e+00 -3.3203e-01 -2.4617e+00
1029 0 +1.601736740e-02 +6.627601737e+01 +6.627601737e+01 +2.8292e-01 +1.6446e+00 -2.3005e+00 -3.2877e-01 -2.4363e+00
1054 0 +1.424203173e-02 +6.627424203e+01 +6.627424203e+01 +2.9315e-01 +1.6553e+00 -2.3102e+00 -3.2311e-01 -2.4523e+00
% f evaluations | g evaluations | best noise-free fitness - Fopt (-1.386200000000e+02) + sum g_i+ | measured fitness | best measured fitness or single-digit g-values | x1 | x2...
1 0 +7.089111692e+01 -6.772888308e+01 -6.772888308e+01 +5.9671e-01 -3.8264e-02 +7.4769e-01 +1.6230e+00 -1.3415e-01
3 0 +1.325662276e+01 -1.253633772e+02 -1.253633772e+02 -3.6342e-01 -3.6573e-01 +3.4196e-01 -1.8133e+00 -1.6249e+00
181 0 +1.313128995e+01 -1.254887101e+02 -1.254887101e+02 -1.4749e+00 -1.9817e-01 +3.1066e-01 -1.8712e-01 -6.5920e-01
214 0 +6.441928265e+00 -1.321780717e+02 -1.321780717e+02 -3.3923e-01 +4.6519e-01 -8.8938e-01 -1.7376e+00 -1.7550e+00
682 0 +5.004154111e+00 -1.336158459e+02 -1.336158459e+02 -2.2143e+00 -2.1502e-01 +1.8535e+00 +1.2616e+00 -1.1210e+00
1021 0 +4.906299432e+00 -1.337137006e+02 -1.337137006e+02 -3.2069e+00 -4.0249e-01 +8.6748e-01 +1.3491e+00 +1.3589e+00
1037 0 +4.762508395e+00 -1.338574916e+02 -1.338574916e+02 -3.7770e+00 -1.4587e-01 +6.6878e-01 +1.5692e+00 +1.3967e+00
1057 0 +3.421573783e+00 -1.351984262e+02 -1.351984262e+02 -3.4222e+00 -5.3711e-01 +7.2009e-01 +1.4330e+00 +1.6952e+00
1058 0 +3.369596957e+00 -1.352504030e+02 -1.352504030e+02 -3.5858e+00 -4.3755e-01 +3.7233e-01 +1.5915e+00 +1.7139e+00
1242 0 +2.773354472e+00 -1.358466455e+02 -1.358466455e+02 -3.4156e+00 -4.2193e-01 +2.1174e-01 +1.5437e+00 +1.7901e+00
% f evaluations | g evaluations | best noise-free fitness - Fopt (7.313900000000e+02) + sum g_i+ | measured fitness | best measured fitness or single-digit g-values | x1 | x2...
1 0 +2.046415366e+02 +9.360315366e+02 +9.360315366e+02 +5.9671e-01 -3.8264e-02 +7.4769e-01 +1.6230e+00 -1.3415e-01
2 0 +1.421874192e+02 +8.735774192e+02 +8.735774192e+02 -1.3414e-01 +1.6792e+00 +8.6743e-01 -3.6947e-01 +6.4256e-01
3 0 +1.010786191e+02 +8.324686191e+02 +8.324686191e+02 -3.6342e-01 -3.6573e-01 +3.4196e-01 -1.8133e+00 -1.6249e+00
5 0 +2.831534046e+01 +7.597053405e+02 +7.597053405e+02 +1.5656e+00 -1.2578e-01 +1.6753e-01 -1.3247e+00 -4.4438e-01
29 0 +1.818083231e+01 +7.495708323e+02 +7.495708323e+02 +1.1565e+00 +1.6180e-01 -3.9696e-01 +2.4263e-01 +6.8540e-01
53 0 +1.764711970e+01 +7.490371197e+02 +7.490371197e+02 +1.3044e+00 -5.5801e-01 -5.2149e-01 -1.0399e+00 +2.0839e-01
56 0 +1.429555790e+01 +7.456855579e+02 +7.456855579e+02 +9.5134e-01 +4.5005e-01 +6.1501e-01 +4.1130e-01 -2.0818e-01
63 0 +1.391069108e+01 +7.453006911e+02 +7.453006911e+02 +1.5088e+00 -4.6803e-01 +1.2664e+00 +1.0849e-01 +1.3674e+00
115 0 +1.365033157e+01 +7.450403316e+02 +7.450403316e+02 +1.4477e+00 -1.2186e+00 +2.9520e+00 -2.1804e+00 +1.9134e+00
117 0 +1.221438421e+01 +7.436043842e+02 +7.436043842e+02 +1.3209e+00 -1.6843e+00 +1.9161e+00 -4.7179e-01 +1.2581e+00
148 0 +5.288448741e+00 +7.366784487e+02 +7.366784487e+02 +1.6539e+00 +7.2080e-04 -7.9034e-01 -1.6148e+00 +1.4398e+00
580 0 +4.924501431e+00 +7.363145014e+02 +7.363145014e+02 +7.6420e-01 -1.5573e+00 +7.6783e-01 +1.1495e+00 +3.2098e+00
633 0 +4.007384340e+00 +7.353973843e+02 +7.353973843e+02 +1.7614e+00 -9.8952e-01 +5.9651e-01 +5.1193e-01 +2.6221e+00
677 0 +3.592670008e+00 +7.349826700e+02 +7.349826700e+02 +1.5805e+00 -1.2930e+00 +6.1924e-01 +6.4722e-01 +2.7836e+00
714 0 +2.483585611e+00 +7.338735856e+02 +7.338735856e+02 +1.5010e+00 -1.2843e+00 +8.8173e-01 +7.6736e-01 +2.6223e+00
731 0 +1.348939170e+00 +7.327389392e+02 +7.327389392e+02 +1.6932e+00 -1.2742e+00 +9.3991e-01 +7.1914e-01 +2.5260e+00
832 0 +5.975696677e-01 +7.319875697e+02 +7.319875697e+02 +1.6406e+00 -1.2669e+00 +9.0090e-01 +6.8952e-01 +2.7018e+00
841 0 +4.515091137e-01 +7.318415091e+02 +7.318415091e+02 +1.7039e+00 -1.2096e+00 +9.4145e-01 +6.4442e-01 +2.4244e+00
860 0 +3.451115825e-01 +7.317351116e+02 +7.317351116e+02 +1.6778e+00 -1.2629e+00 +9.0696e-01 +6.5472e-01 +2.6706e+00
892 0 +3.321590255e-01 +7.317221590e+02 +7.317221590e+02 +1.7094e+00 -1.3052e+00 +7.5693e-01 +6.7894e-01 +2.6814e+00
911 0 +3.126657558e-01 +7.317026658e+02 +7.317026658e+02 +1.6580e+00 -1.2786e+00 +9.1264e-01 +6.8786e-01 +2.6784e+00
918 0 +2.290264200e-01 +7.316190264e+02 +7.316190264e+02 +1.6294e+00 -1.3226e+00 +9.4320e-01 +7.1854e-01 +2.7296e+00
939 0 +1.928893746e-01 +7.315828894e+02 +7.315828894e+02 +1.7181e+00 -1.3237e+00 +9.6098e-01 +6.9279e-01 +2.6839e+00
978 0 +7.042615490e-02 +7.314604262e+02 +7.314604262e+02 +1.7035e+00 -1.2975e+00 +8.9096e-01 +6.9464e-01 +2.6568e+00
1053 0 +4.131987915e-02 +7.314313199e+02 +7.314313199e+02 +1.6865e+00 -1.3153e+00 +9.1650e-01 +6.9561e-01 +2.6815e+00
1063 0 +3.380033813e-02 +7.314238003e+02 +7.314238003e+02 +1.6987e+00 -1.3161e+00 +9.0818e-01 +6.8908e-01 +2.6560e+00
1083 0 +2.578604317e-02 +7.314157860e+02 +7.314157860e+02 +1.6867e+00 -1.2714e+00 +8.6995e-01 +6.8119e-01 +2.6305e+00
1126 0 +2.428393508e-02 +7.314142839e+02 +7.314142839e+02 +1.7093e+00 -1.3024e+00 +8.7579e-01 +6.7601e-01 +2.6655e+00
1162 0 +8.471330045e-03 +7.313984713e+02 +7.313984713e+02 +1.7050e+00 -1.3069e+00 +9.1353e-01 +6.8514e-01 +2.6655e+00
1235 0 +3.416466451e-03 +7.313934165e+02 +7.313934165e+02 +1.7061e+00 -1.3119e+00 +9.0165e-01 +6.8362e-01 +2.6720e+00
% f evaluations | g evaluations | best noise-free fitness - Fopt (7.526000000000e+01) + sum g_i+ | measured fitness | best measured fitness or single-digit g-values | x1 | x2...
1 0 +3.167498302e+01 +1.069349830e+02 +1.069349830e+02 +5.9671e-01 -3.8264e-02 +7.4769e-01 +1.6230e+00 -1.3415e-01
14 0 +1.971392701e+01 +9.497392701e+01 +9.497392701e+01 +1.4562e+00 +2.7990e-02 +1.1035e+00 +4.6164e-01 -5.4512e-01
66 0 +1.496677097e+01 +9.022677097e+01 +9.022677097e+01 +1.2049e+00 +7.9054e-01 +9.3800e-01 +1.5303e-01 +7.8059e-01
290 0 +9.181058917e+00 +8.444105892e+01 +8.444105892e+01 -3.5988e-02 -1.2019e+00 +5.8834e-01 -1.6877e+00 -1.5421e+00
375 0 +8.311987747e+00 +8.357198775e+01 +8.357198775e+01 +7.7755e-01 -9.0549e-01 +8.2397e-01 -1.2946e+00 -1.2208e+00
388 0 +6.792774106e+00 +8.205277411e+01 +8.205277411e+01 +2.0179e-01 -1.2547e+00 +5.8898e-01 -1.7355e+00 -1.3404e+00
460 0 +5.359579412e+00 +8.061957941e+01 +8.061957941e+01 +6.1765e-01 -1.4083e+00 +6.1155e-01 -1.5717e+00 -1.3619e+00
493 0 +4.726835842e+00 +7.998683584e+01 +7.998683584e+01 +5.0793e-01 -1.4390e+00 +5.0494e-01 -1.6312e+00 -1.1968e+00
502 0 +3.675046126e+00 +7.893504613e+01 +7.893504613e+01 -1.2816e-01 -1.4919e+00 +8.5539e-01 -1.4394e+00 -1.4611e+00
511 0 +1.452374069e+00 +7.671237407e+01 +7.671237407e+01 +1.8946e-01 -1.6038e+00 +6.3409e-01 -1.5531e+00 -1.3963e+00
743 0 +1.073169320e+00 +7.633316932e+01 +7.633316932e+01 +2.0360e-01 -1.5675e+00 +6.3533e-01 -1.5577e+00 -1.3956e+00
878 0 +8.841377574e-01 +7.614413776e+01 +7.614413776e+01 +2.2368e-01 -1.5128e+00 +5.8821e-01 -1.5996e+00 -1.3680e+00
890 0 +8.532023643e-01 +7.611320236e+01 +7.611320236e+01 +1.9398e-01 -1.5132e+00 +6.3368e-01 -1.5781e+00 -1.3849e+00
911 0 +6.922712123e-01 +7.595227121e+01 +7.595227121e+01 +2.1543e-01 -1.5370e+00 +6.0944e-01 -1.5878e+00 -1.3865e+00
926 0 +5.875756193e-01 +7.584757562e+01 +7.584757562e+01 +2.3544e-01 -1.5032e+00 +6.1907e-01 -1.5832e+00 -1.3708e+00
1093 0 +5.696557991e-01 +7.582965580e+01 +7.582965580e+01 +2.3094e-01 -1.5218e+00 +6.1589e-01 -1.5817e+00 -1.3741e+00
1109 0 +5.661053037e-01 +7.582610530e+01 +7.582610530e+01 +2.3525e-01 -1.5101e+00 +6.0988e-01 -1.5848e+00 -1.3709e+00
1145 0 +5.570418074e-01 +7.581704181e+01 +7.581704181e+01 +2.4120e-01 -1.5147e+00 +6.1534e-01 -1.5835e+00 -1.3709e+00
1189 0 +4.762619170e-01 +7.573626192e+01 +7.573626192e+01 +2.2085e-01 -1.5211e+00 +6.1298e-01 -1.5887e+00 -1.3792e+00
1202 0 +4.389582090e-01 +7.569895821e+01 +7.569895821e+01 +2.3052e-01 -1.5150e+00 +6.1346e-01 -1.5847e+00 -1.3721e+00
% f evaluations | g evaluations | best noise-free fitness - Fopt (-4.913000000000e+01) + sum g_i+ | measured fitness | best measured fitness or single-digit g-values | x1 | x2...
1 0 +9.278563647e+01 +4.365563647e+01 +4.365563647e+01 +5.9671e-01 -3.8264e-02 +7.4769e-01 +1.6230e+00 -1.3415e-01
8 0 +8.321498474e+01 +3.408498474e+01 +3.408498474e+01 -1.1208e+00 +3.0886e-01 -1.8597e+00 -1.2282e+00 +2.9686e-01
11 0 +3.866106911e+01 -1.046893089e+01 -1.046893089e+01 +4.2408e-01 -2.8508e-01 -5.7692e-01 +7.1168e-01 +1.1310e+00
16 0 +3.589504818e+01 -1.323495182e+01 -1.323495182e+01 +9.2190e-01 +1.8705e-01 -1.9901e-01 +1.9176e-01 -1.8876e+00
27 0 +3.493036338e+01 -1.419963662e+01 -1.419963662e+01 -1.0708e+00 +2.9155e-01 -7.0345e-02 +1.1811e+00 +3.4816e-01
34 0 +8.361547106e+00 -4.076845289e+01 -4.076845289e+01 -2.4994e-01 -9.8438e-01 -3.2808e-02 +1.3556e+00 +1.8781e-01
400 0 +6.413100614e+00 -4.271689939e+01 -4.271689939e+01 -2.1298e+00 -3.0296e+00 +1.0481e+00 +9.2561e-01 +2.6067e+00
536 0 +6.340102260e+00 -4.278989774e+01 -4.278989774e+01 -1.8025e+00 -2.7865e+00 +7.1957e-01 +8.5581e-01 +2.8691e+00
537 0 +4.601740299e+00 -4.452825970e+01 -4.452825970e+01 -1.4928e+00 -3.1589e+00 +8.4774e-01 +1.0639e+00 +2.9143e+00
542 0 +3.065593729e+00 -4.606440627e+01 -4.606440627e+01 -1.8024e+00 -2.8533e+00 +8.0950e-01 +1.0969e+00 +2.8590e+00
547 0 +2.449417642e+00 -4.668058236e+01 -4.668058236e+01 -1.9181e+00 -2.7886e+00 +9.1470e-01 +1.0167e+00 +2.6791e+00
676 0 +1.972638933e+00 -4.715736107e+01 -4.715736107e+01 -1.8494e+00 -2.6412e+00 +3.5194e-01 +8.5759e-01 +3.1766e+00
728 0 +6.043628779e-01 -4.852563712e+01 -4.852563712e+01 -1.6690e+00 -2.5503e+00 +3.4882e-01 +9.9655e-01 +3.0819e+00
958 0 +4.044645679e-01 -4.872553543e+01 -4.872553543e+01 -2.0469e+00 -2.2582e+00 -1.6577e-01 +7.5158e-01 +3.2763e+00
980 0 +2.921317261e-01 -4.883786827e+01 -4.883786827e+01 -2.0092e+00 -2.4064e+00 +7.1301e-02 +8.3466e-01 +3.2444e+00
1021 0 +2.085588457e-01 -4.892144115e+01 -4.892144115e+01 -2.0844e+00 -2.4131e+00 +4.2736e-02 +7.9766e-01 +3.2391e+00
1028 0 +1.747761811e-01 -4.895522382e+01 -4.895522382e+01 -1.8282e+00 -2.4034e+00 +4.8146e-02 +8.8033e-01 +3.1683e+00
1056 0 +9.258749340e-02 -4.903741251e+01 -4.903741251e+01 -1.9133e+00 -2.4062e+00 +6.1447e-02 +8.6682e-01 +3.2080e+00
1059 0 +9.213886876e-02 -4.903786113e+01 -4.903786113e+01 -1.8527e+00 -2.3881e+00 +7.7189e-02 +8.6322e-01 +3.1812e+00
1110 0 +4.788668629e-02 -4.908211331e+01 -4.908211331e+01 -1.8585e+00 -2.3754e+00 +1.4321e-02 +8.5678e-01 +3.1856e+00
1181 0 +4.632547667e-02 -4.908367452e+01 -4.908367452e+01 -1.8864e+00 -2.3302e+00 -4.2534e-02 +8.2467e-01 +3.2035e+00
1182 0 +4.550483792e-02 -4.908449516e+01 -4.908449516e+01 -1.8571e+00 -2.3675e+00 +7.1860e-03 +8.6129e-01 +3.1844e+00
1216 0 +4.472036424e-02 -4.908527964e+01 -4.908527964e+01 -1.8516e+00 -2.3537e+00 +4.2010e-03 +8.7084e-01 +3.1818e+00
1217 0 +3.166676207e-02 -4.909833324e+01 -4.909833324e+01 -1.8864e+00 -2.3580e+00 +9.9021e-03 +8.4097e-01 +3.1878e+00
1221 0 +2.364411349e-02 -4.910635589e+01 -4.910635589e+01 -1.8465e+00 -2.3531e+00 -2.3101e-03 +8.7288e-01 +3.1779e+00
