% f evaluations | g evaluations | best noise-free fitness - Fopt (-2.098800000000e+02) + sum g_i+ | measured fitness | best measured fitness or single-digit g-values | x1 | x2...
1 0 +3.881792436e+06 +3.881582556e+06 +3.881582556e+06 +5.9671e-01 -3.8264e-02 +7.4769e-01 +1.6230e+00 -1.3415e-01
2 0 +1.683626694e+06 +1.683416814e+06 +1.683416814e+06 -1.3414e-01 +1.6792e+00 +8.6743e-01 -3.6947e-01 +6.4256e-01
7 0 +1.022656255e+06 +1.022446375e+06 +1.022446375e+06 -5.0171e-01 +1.9523e+00 +8.6503e-02 -9.5771e-01 +9.2254e-01
11 0 +4.809329989e+05 +4.807231189e+05 +4.807231189e+05 +4.2408e-01 -2.8508e-01 -5.7692e-01 +7.1168e-01 +1.1310e+00
29 0 +2.717805222e+05 +2.715706422e+05 +2.715706422e+05 +3.2137e-01 +1.3326e+00 -9.0837e-01 +7.4200e-01 +2.2019e+00
31 0 +1.739902696e+05 +1.737803896e+05 +1.737803896e+05 -5.9525e-01 -1.4848e-01 -8.8070e-01 +1.1113e+00 +2.0835e+00
34 0 +1.727767472e+05 +1.725668672e+05 +1.725668672e+05 -4.9731e-01 -7.4364e-01 -1.6678e-01 +1.1793e-01 +1.8326e+00
37 0 +1.323393773e+05 +1.321294973e+05 +1.321294973e+05 +7.3353e-02 +5.9515e-02 -6.7778e-01 +8.4873e-01 +1.6329e+00
62 0 +1.255632889e+05 +1.253534089e+05 +1.253534089e+05 -6.1180e-01 -1.9036e-01 +4.1648e-01 +5.5091e-01 +1.8248e+00
67 0 +8.520849882e+04 +8.499861882e+04 +8.499861882e+04 -4.4865e-01 +1.4963e-01 -8.4737e-01 +1.5127e+00 +1.5784e+00
91 0 +4.774483537e+04 +4.753495537e+04 +4.753495537e+04 +4.7850e-01 -1.2544e+00 -1.9507e+00 +2.0246e+00 +1.9105e+00
104 0 +3.707528306e+04 +3.686540306e+04 +3.686540306e+04 +1.5400e+00 -1.8454e+00 -1.8234e+00 +2.0838e+00 +1.8700e+00
129 0 +3.104458429e+04 +3.083470429e+04 +3.083470429e+04 +1.6927e+00 -1.1160e+00 +5.8297e-01 +1.5011e+00 +1.7765e+00
136 0 +2.710543850e+04 +2.689555850e+04 +2.689555850e+04 +1.4734e+00 -4.5662e-01 +1.7915e-01 +3.0515e+00 +1.7602e+00
139 0 +5.240004857e+03 +5.030124857e+03 +5.030124857e+03 -1.6219e-01 -1.4780e+00 +1.8829e+00 +2.2493e+00 +1.8240e+00
213 0 +1.985409757e+03 +1.775529757e+03 +1.775529757e+03 +1.6765e+00 -1.6775e+00 +2.4484e+00 +2.3776e+00 +1.8077e+00
431 0 +1.749972179e+03 +1.540092179e+03 +1.540092179e+03 -2.2714e-01 -3.5893e+00 +2.7284e+00 +2.5221e+00 +1.7752e+00
469 0 +1.192928864e+03 +9.830488640e+02 +9.830488640e+02 -8.9837e-02 -4.6143e+00 +3.0177e+00 +2.4364e+00 +1.7779e+00
519 0 +1.175728581e+03 +9.658485808e+02 +9.658485808e+02 -1.3995e+00 -2.5303e+00 +3.6426e+00 +2.4025e+00 +1.8151e+00
523 0 +7.648276397e+02 +5.549476397e+02 +5.549476397e+02 +1.0152e-01 -3.1708e+00 +3.2210e+00 +2.4162e+00 +1.7715e+00
527 0 +5.701290146e+02 +3.602490146e+02 +3.602490146e+02 +8.8974e-01 -2.7996e+00 +3.7546e+00 +2.4685e+00 +1.7877e+00
532 0 +5.024457668e+02 +2.925657668e+02 +2.925657668e+02 -5.4044e-01 -2.5927e+00 +3.3594e+00 +2.4638e+00 +1.7894e+00
658 0 +5.018684170e+02 +2.919884170e+02 +2.919884170e+02 +1.1392e+00 -2.8263e+00 +3.5210e+00 +2.3068e+00 +1.7832e+00
671 0 +2.453263004e+02 +3.544630036e+01 +3.544630036e+01 +3.9573e-01 -1.8651e+00 +3.6328e+00 +2.4241e+00 +1.7791e+00
699 0 +2.362442950e+02 +2.636429502e+01 +2.636429502e+01 +1.4745e-01 -1.2664e+00 +3.7836e+00 +2.3762e+00 +1.7941e+00
702 0 +1.474283171e+02 -6.245168291e+01 -6.245168291e+01 +1.2006e+00 -7.8314e-01 +3.4340e+00 +2.4314e+00 +1.7879e+00
723 0 +9.231126630e+01 -1.175687337e+02 -1.175687337e+02 -6.6540e-01 +1.7742e-01 +3.7835e+00 +2.3804e+00 +1.7801e+00
746 0 +1.179886966e+01 -1.980811303e+02 -1.980811303e+02 +9.2729e-01 +6.2992e-01 +3.4983e+00 +2.4021e+00 +1.7853e+00
888 0 +8.244337730e+00 -2.016356623e+02 -2.016356623e+02 -1.0189e-01 +3.8931e-01 +3.5985e+00 +2.3922e+00 +1.7838e+00
904 0 +6.931785597e+00 -2.029482144e+02 -2.029482144e+02 +5.9478e-01 +3.2851e-01 +3.5776e+00 +2.3842e+00 +1.7832e+00
940 0 +6.889471046e+00 -2.029905290e+02 -2.029905290e+02 +5.9104e-01 +6.1072e-01 +3.5511e+00 +2.3777e+00 +1.7836e+00
958 0 +5.556346591e+00 -2.043236534e+02 -2.043236534e+02 -2.4763e-01 +4.9384e-01 +3.5262e+00 +2.3781e+00 +1.7861e+00
967 0 +1.666056581e+00 -2.082139434e+02 -2.082139434e+02 +8.2348e-02 +3.9282e-01 +3.5656e+00 +2.3876e+00 +1.7855e+00
1011 0 +1.429048098e+00 -2.084509519e+02 -2.084509519e+02 +7.3462e-01 +4.5115e-01 +3.5502e+00 +2.3805e+00 +1.7859e+00
1022 0 +1.387909721e+00 -2.084920903e+02 -2.084920903e+02 +4.3458e-01 +3.8846e-01 +3.5431e+00 +2.3834e+00 +1.7850e+00
1069 0 +1.207189161e+00 -2.086728108e+02 -2.086728108e+02 +3.7282e-01 +3.6245e-01 +3.5739e+00 +2.3851e+00 +1.7856e+00
1162 0 +1.146488603e+00 -2.087335114e+02 -2.087335114e+02 +6.2850e-01 +5.5920e-01 +3.5446e+00 +2.3867e+00 +1.7862e+00
1188 0 +1.080780922e+00 -2.087992191e+02 -2.087992191e+02 +7.8513e-01 +4.6923e-01 +3.5413e+00 +2.3850e+00 +1.7864e+00
1190 0 +7.909141652e-01 -2.090890858e+02 -2.090890858e+02 +6.4850e-01 +3.5943e-01 +3.5583e+00 +2.3893e+00 +1.7858e+00
1195 0 +5.999805286e-01 -2.092800195e+02 -2.092800195e+02 +6.0957e-01 +4.5629e-01 +3.5628e+00 +2.3889e+00 +1.7857e+00
1243 0 +4.677729866e-01 -2.094122270e+02 -2.094122270e+02 +6.8724e-01 +4.9423e-01 +3.5572e+00 +2.3844e+00 +1.7857e+00
% f evaluations | g evaluations | best noise-free fitness - Fopt (-9.209000000000e+01) + sum g_i+ | measured fitness | best measured fitness or single-digit g-values | x1 | x2...
1 0 +3.580459808e+05 +3.579538908e+05 +3.579538908e+05 +5.9671e-01 -3.8264e-02 +7.4769e-01 +1.6230e+00 -1.3415e-01
5 0 +1.187055269e+05 +1.186134369e+05 +1.186134369e+05 +1.5656e+00 -1.2578e-01 +1.6753e-01 -1.3247e+00 -4.4438e-01
6 0 +6.687542995e+04 +6.678333995e+04 +6.678333995e+04 +2.1092e-01 -1.0510e+00 +4.7570e-01 -5.0064e-01 -1.9169e-01
21 0 +5.126596986e+04 +5.117387986e+04 +5.117387986e+04 -1.3154e+00 -3.2065e-01 -2.4271e-01 -7.0228e-01 -6.1286e-02
35 0 +5.008527878e+04 +4.999318878e+04 +4.999318878e+04 +1.8063e-01 +2.5531e-01 -6.4170e-01 -1.1976e+00 -2.9871e-01
37 0 +4.218991625e+04 +4.209782625e+04 +4.209782625e+04 +2.3628e-02 +1.7866e-02 -2.1585e-01 -1.1461e+00 -2.7229e-01
39 0 +1.512659227e+04 +1.503450227e+04 +1.503450227e+04 +1.2394e+00 +2.3976e-01 -1.8301e-02 -1.7499e+00 -2.3817e-01
42 0 +2.982504767e+03 +2.890414767e+03 +2.890414767e+03 -1.2579e+00 +1.2704e+00 +2.7861e-01 -2.0727e+00 -1.4937e-01
83 0 +2.787380454e+03 +2.695290454e+03 +2.695290454e+03 -1.7100e+00 +2.3284e-01 +1.6431e+00 -1.9441e+00 -1.2442e-01
182 0 +1.530578351e+03 +1.438488351e+03 +1.438488351e+03 -2.9437e-01 +1.0388e+00 +5.2934e-02 -2.0288e+00 -1.0973e-01
184 0 +1.350856773e+03 +1.258766773e+03 +1.258766773e+03 -1.9913e+00 +8.0368e-01 +2.8143e-01 -1.9939e+00 -1.0490e-01
321 0 +1.195724797e+03 +1.103634797e+03 +1.103634797e+03 +7.5474e-02 +1.8966e+00 +9.0736e-01 -1.8063e+00 -1.4412e-01
337 0 +4.636723222e+02 +3.715823222e+02 +3.715823222e+02 +6.2021e-01 +1.6193e+00 -4.4448e-01 -1.8617e+00 -1.3039e-01
408 0 +1.784450120e+02 +8.635501201e+01 +8.635501201e+01 +2.3649e+00 +2.3118e+00 +3.5624e-01 -1.8034e+00 -1.1035e-01
427 0 +7.140761948e+01 -2.068238052e+01 -2.068238052e+01 +1.0578e-01 +2.1449e+00 -1.3514e-02 -1.7974e+00 -1.1427e-01
477 0 +2.719460631e+01 -6.489539369e+01 -6.489539369e+01 +2.3638e+00 +2.3068e+00 +2.0303e-01 -1.8197e+00 -1.1662e-01
596 0 +1.011855152e+01 -8.197144848e+01 -8.197144848e+01 +1.4368e+00 +2.3412e+00 +8.8332e-02 -1.8296e+00 -1.2186e-01
602 0 +1.407358380e+00 -9.068264162e+01 -9.068264162e+01 +1.3528e+00 +2.5374e+00 +7.9784e-02 -1.8289e+00 -1.1850e-01
989 0 +7.231049126e-01 -9.136689509e+01 -9.136689509e+01 +9.0976e-01 +2.5202e+00 +1.0556e-01 -1.8278e+00 -1.1889e-01
1041 0 +6.459810814e-01 -9.144401892e+01 -9.144401892e+01 +1.2223e+00 +2.6763e+00 +7.5136e-02 -1.8271e+00 -1.1904e-01
1074 0 +2.119781997e-01 -9.187802180e+01 -9.187802180e+01 +1.1170e+00 +2.5959e+00 +8.6850e-02 -1.8256e+00 -1.1905e-01
1166 0 +1.067074502e-01 -9.198329255e+01 -9.198329255e+01 +1.0200e+00 +2.6390e+00 +8.8105e-02 -1.8265e+00 -1.1917e-01
1179 0 +3.378749894e-02 -9.205621250e+01 -9.205621250e+01 +6.9307e-01 +2.6354e+00 +8.9934e-02 -1.8267e+00 -1.1905e-01
1216 0 +2.480666402e-02 -9.206519334e+01 -9.206519334e+01 +7.3522e-01 +2.6045e+00 +9.1418e-02 -1.8257e+00 -1.1923e-01
1238 0 +1.428034714e-02 -9.207571965e+01 -9.207571965e+01 +6.2899e-01 +2.6116e+00 +9.0734e-02 -1.8266e+00 -1.1924e-01
% f evaluations | g evaluations | best noise-free fitness - Fopt (-8.789000000000e+01) + sum g_i+ | measured fitness | best measured fitness or single-digit g-values | x1 | x2...
1 0 +8.944824187e+06 +8.944736297e+06 +8.944736297e+06 +5.9671e-01 -3.8264e-02 +7.4769e-01 +1.6230e+00 -1.3415e-01
3 0 +2.042668877e+06 +2.042580987e+06 +2.042580987e+06 -3.6342e-01 -3.6573e-01 +3.4196e-01 -1.8133e+00 -1.6249e+00
15 0 +8.090460595e+05 +8.089581695e+05 +8.089581695e+05 +4.6140e-01 +1.6380e+00 +6.4174e-02 +1.6646e+00 -2.5197e+00
26 0 +4.128151156e+05 +4.127272256e+05 +4.127272256e+05 -1.6157e+00 -5.8533e-01 +1.6774e+00 +2.3032e-01 -3.5431e+00
27 0 +3.876507373e+05 +3.875628473e+05 +3.875628473e+05 +3.0582e-01 -8.0109e-01 -2.1795e+00 +1.1318e+00 -3.3317e+00
28 0 +7.808590948e+04 +7.799801948e+04 +7.799801948e+04 +1.0889e+00 +6.5813e-01 -5.7110e-01 -1.0778e+00 -3.2734e+00
30 0 +7.292843193e+04 +7.284054193e+04 +7.284054193e+04 +2.9531e+00 +2.0282e+00 -7.2257e-01 -5.7550e-01 -3.1277e+00
31 0 +4.351296287e+04 +4.342507287e+04 +4.342507287e+04 +2.8853e-01 +1.1495e-01 -8.3757e-01 -1.0542e+00 -3.0681e+00
51 0 +1.163829085e+04 +1.155040085e+04 +1.155040085e+04 -5.4233e-01 -1.0623e+00 +3.8271e-01 -2.7135e+00 -3.0690e+00
138 0 +1.035716184e+04 +1.026927184e+04 +1.026927184e+04 +7.1853e-01 +1.3002e+00 +2.5461e+00 -2.3292e+00 -3.1712e+00
147 0 +3.938826487e+03 +3.850936487e+03 +3.850936487e+03 -2.8967e+00 +1.3226e+00 +3.1306e+00 -2.1349e+00 -3.0603e+00
304 0 +9.023079568e+02 +8.144179568e+02 +8.144179568e+02 -2.6047e+00 +4.0992e-01 +8.3122e-01 -2.1855e+00 -3.0975e+00
347 0 +4.950934610e+02 +4.072034610e+02 +4.072034610e+02 -3.5168e+00 +1.3445e+00 +9.7083e-01 -2.1664e+00 -3.0945e+00
448 0 +3.659536292e+02 +2.780636292e+02 +2.780636292e+02 -3.6770e+00 +1.1569e+00 +1.2468e+00 -2.1477e+00 -3.0934e+00
511 0 +3.228581435e+02 +2.349681435e+02 +2.349681435e+02 -3.6395e+00 +9.3577e-01 +1.1757e+00 -2.0631e+00 -3.0796e+00
521 0 +1.899040686e+02 +1.020140686e+02 +1.020140686e+02 -3.9289e+00 +1.7879e+00 +1.0369e+00 -2.0982e+00 -3.0848e+00
575 0 +1.242158761e+02 +3.632587613e+01 +3.632587613e+01 -4.1383e+00 +2.0434e+00 +1.2132e+00 -2.1196e+00 -3.0798e+00
631 0 +9.537983019e+01 +7.489830186e+00 +7.489830186e+00 -4.5867e+00 +2.7020e+00 +1.1663e+00 -2.1079e+00 -3.0890e+00
663 0 +7.672851689e+01 -1.116148311e+01 -1.116148311e+01 -4.3894e+00 +2.9678e+00 +1.3995e+00 -2.1090e+00 -3.0780e+00
696 0 +5.283314832e+01 -3.505685168e+01 -3.505685168e+01 -4.5739e+00 +3.9297e+00 +1.2960e+00 -2.1050e+00 -3.0869e+00
741 0 +2.290534293e+01 -6.498465707e+01 -6.498465707e+01 -2.8563e+00 +3.6994e+00 +1.1833e+00 -2.1105e+00 -3.0791e+00
812 0 +2.068723915e+01 -6.720276085e+01 -6.720276085e+01 -2.7269e+00 +3.0776e+00 +1.2157e+00 -2.1143e+00 -3.0834e+00
829 0 +1.472333937e+01 -7.316666063e+01 -7.316666063e+01 -1.8580e+00 +3.7684e+00 +1.1592e+00 -2.1074e+00 -3.0840e+00
916 0 +1.450402102e+01 -7.338597898e+01 -7.338597898e+01 -2.0663e+00 +3.9180e+00 +1.2321e+00 -2.0954e+00 -3.0828e+00
920 0 +4.312512407e+00 -8.357748759e+01 -8.357748759e+01 -1.7046e+00 +3.5802e+00 +1.2389e+00 -2.1120e+00 -3.0823e+00
1049 0 +4.156823847e+00 -8.373317615e+01 -8.373317615e+01 -8.8860e-01 +3.7330e+00 +1.2735e+00 -2.1092e+00 -3.0838e+00
1090 0 +3.681669436e+00 -8.420833056e+01 -8.420833056e+01 -5.0764e-01 +3.6408e+00 +1.2636e+00 -2.1053e+00 -3.0808e+00
1139 0 +3.072101662e+00 -8.481789834e+01 -8.481789834e+01 +5.8922e-01 +3.5367e+00 +1.2695e+00 -2.1015e+00 -3.0824e+00
1149 0 +1.795014294e+00 -8.609498571e+01 -8.609498571e+01 +1.0733e+00 +3.6698e+00 +1.2414e+00 -2.1033e+00 -3.0826e+00
1180 0 +1.673133823e+00 -8.621686618e+01 -8.621686618e+01 -7.4603e-03 +3.5475e+00 +1.2485e+00 -2.1164e+00 -3.0823e+00
1199 0 +5.573714275e-01 -8.733262857e+01 -8.733262857e+01 -2.4300e-01 +3.6652e+00 +1.2390e+00 -2.1110e+00 -3.0820e+00
1245 0 +4.764997658e-01 -8.741350023e+01 -8.741350023e+01 -7.1566e-02 +3.6267e+00 +1.2653e+00 -2.1084e+00 -3.0827e+00
% f evaluations | g evaluations | best noise-free fitness - Fopt (3.201900000000e+02) + sum g_i+ | measured fitness | best measured fitness or single-digit g-values | x1 | x2...
1 0 +1.071916706e+07 +1.071948725e+07 +1.071948725e+07 +5.9671e-01 -3.8264e-02 +7.4769e-01 +1.6230e+00 -1.3415e-01
3 0 +3.068794891e+06 +3.069115081e+06 +3.069115081e+06 -3.6342e-01 -3.6573e-01 +3.4196e-01 -1.8133e+00 -1.6249e+00
10 0 +2.917830563e+06 +2.918150753e+06 +2.918150753e+06 -6.1984e-01 -3.6064e-01 +1.1571e+00 +4.4362e-01 -1.6630e+00
15 0 +1.052203239e+06 +1.052523429e+06 +1.052523429e+06 +4.6140e-01 +1.6380e+00 +6.4174e-02 +1.6646e+00 -2.5197e+00
26 0 +7.316002896e+05 +7.319204796e+05 +7.319204796e+05 -3.6146e-03 +9.8485e-01 -7.9431e-01 -6.0908e-01 -4.3610e+00
27 0 +6.074007705e+04 +6.106026705e+04 +6.106026705e+04 +1.9983e+00 +1.7198e-01 -6.7198e-01 +8.2602e-03 -3.6539e+00
29 0 +1.412926476e+04 +1.444945476e+04 +1.444945476e+04 -8.6849e-01 +4.5953e-01 -1.3127e+00 -1.3226e+00 -3.4711e+00
30 0 +9.843893161e+03 +1.016408316e+04 +1.016408316e+04 +1.5903e+00 +1.3216e+00 +3.9568e-01 -7.8245e-01 -3.3809e+00
55 0 +5.284991407e+03 +5.605181407e+03 +5.605181407e+03 +1.7517e+00 +3.2023e+00 +2.3500e+00 -8.5591e-01 -3.4145e+00
247 0 +5.215105369e+03 +5.535295369e+03 +5.535295369e+03 +2.5454e+00 -1.0924e+00 -8.9849e-02 -6.7342e-01 -3.4300e+00
343 0 +4.161674980e+03 +4.481864980e+03 +4.481864980e+03 +4.5702e+00 -1.2756e+00 +4.7023e-01 -6.0202e-01 -3.4321e+00
485 0 +3.312918779e+03 +3.633108779e+03 +3.633108779e+03 -1.2176e+00 -2.2410e+00 +1.0113e-01 -6.7696e-01 -3.4531e+00
498 0 +3.066466899e+03 +3.386656899e+03 +3.386656899e+03 +7.6624e-01 -3.0070e+00 +3.6998e-01 -1.0375e+00 -3.4982e+00
514 0 +2.043244088e+03 +2.363434088e+03 +2.363434088e+03 -3.3219e+00 -3.4318e+00 +5.1221e-01 -9.1743e-01 -3.5022e+00
517 0 +2.348881105e+02 +5.550781105e+02 +5.550781105e+02 -2.3588e+00 -2.3626e+00 +1.0102e+00 -8.4822e-01 -3.4782e+00
645 0 +1.714195336e+02 +4.916095336e+02 +4.916095336e+02 +8.6915e-01 -8.3637e-01 +1.7094e+00 -8.5216e-01 -3.4678e+00
670 0 +1.670201883e+02 +4.872101883e+02 +4.872101883e+02 -1.1414e+00 -2.3300e+00 +1.1285e+00 -8.4423e-01 -3.4794e+00
683 0 +5.461515882e+01 +3.748051588e+02 +3.748051588e+02 -1.6743e+00 -1.8278e+00 +1.4874e+00 -8.5677e-01 -3.4633e+00
744 0 +4.001494114e+01 +3.602049411e+02 +3.602049411e+02 -2.3606e+00 -1.4021e+00 +1.4382e+00 -8.7100e-01 -3.4711e+00
806 0 +2.423999898e+01 +3.444299990e+02 +3.444299990e+02 +4.3074e-01 -2.0637e+00 +1.2895e+00 -8.4429e-01 -3.4709e+00
851 0 +1.863446356e+01 +3.388244636e+02 +3.388244636e+02 -2.4649e+00 -2.5971e+00 +1.3619e+00 -8.3975e-01 -3.4684e+00
855 0 +1.205030631e+01 +3.322403063e+02 +3.322403063e+02 -1.3886e+00 -2.5114e+00 +1.3585e+00 -8.7322e-01 -3.4694e+00
894 0 +6.400860596e+00 +3.265908606e+02 +3.265908606e+02 -4.1884e-01 -1.9864e+00 +1.3798e+00 -8.5134e-01 -3.4688e+00
937 0 +2.976410133e+00 +3.231664101e+02 +3.231664101e+02 -7.9149e-01 -2.4144e+00 +1.4193e+00 -8.5787e-01 -3.4712e+00
993 0 +2.353935271e+00 +3.225439353e+02 +3.225439353e+02 -4.5939e-01 -2.2371e+00 +1.4123e+00 -8.6533e-01 -3.4700e+00
997 0 +8.972621789e-01 +3.210872622e+02 +3.210872622e+02 -7.8779e-01 -2.4202e+00 +1.3979e+00 -8.5459e-01 -3.4702e+00
1015 0 +8.418680681e-01 +3.210318681e+02 +3.210318681e+02 -9.9941e-01 -2.4087e+00 +1.3882e+00 -8.5533e-01 -3.4698e+00
1056 0 +4.308469848e-01 +3.206208470e+02 +3.206208470e+02 -5.9848e-01 -2.4088e+00 +1.4207e+00 -8.5673e-01 -3.4695e+00
1098 0 +4.074159287e-01 +3.205974159e+02 +3.205974159e+02 -7.0838e-01 -2.4032e+00 +1.4036e+00 -8.5600e-01 -3.4700e+00
1123 0 +3.299835868e-01 +3.205199836e+02 +3.205199836e+02 -4.6514e-01 -2.3939e+00 +1.4022e+00 -8.5453e-01 -3.4698e+00
1202 0 +1.267380044e-01 +3.203167380e+02 +3.203167380e+02 -4.9651e-01 -2.3888e+00 +1.4119e+00 -8.5828e-01 -3.4695e+00
1228 0 +5.486573362e-02 +3.202448657e+02 +3.202448657e+02 -2.8984e-01 -2.3582e+00 +1.4089e+00 -8.5799e-01 -3.4696e+00
% f evaluations | g evaluations | best noise-free fitness - Fopt (-1.042400000000e+02) + sum g_i+ | measured fitness | best measured fitness or single-digit g-values | x1 | x2...
1 0 +1.555253018e+05 +1.554210618e+05 +1.554210618e+05 +5.9671e-01 -3.8264e-02 +7.4769e-01 +1.6230e+00 -1.3415e-01
6 0 +2.053525433e+04 +2.043101433e+04 +2.043101433e+04 +2.1092e-01 -1.0510e+00 +4.7570e-01 -5.0064e-01 -1.9169e-01
20 0 +1.963691347e+04 +1.953267347e+04 +1.953267347e+04 -1.3635e+00 +3.9612e-01 +3.6106e-01 +1.0511e-01 -1.3459e-01
21 0 +4.661114349e+03 +4.556874349e+03 +4.556874349e+03 -1.3154e+00 -3.2065e-01 -2.4271e-01 -7.0228e-01 -6.1286e-02
88 0 +1.470318204e+03 +1.366078204e+03 +1.366078204e+03 -9.3877e-01 -3.7405e-02 +5.0356e-01 -4.8317e-01 -7.9209e-02
161 0 +9.923736377e+02 +8.881336377e+02 +8.881336377e+02 +7.3909e-02 +2.7272e-01 +7.2632e-01 -4.9521e-01 -4.7087e-02
220 0 +9.521702671e+02 +8.479302671e+02 +8.479302671e+02 -5.6820e-01 -3.0310e-01 +6.4064e-01 -5.4846e-01 -4.9799e-02
223 0 +7.926307462e+02 +6.883907462e+02 +6.883907462e+02 -8.1953e-01 +1.9033e-01 +9.3788e-01 -4.4251e-01 -5.6390e-02
243 0 +5.500005584e+02 +4.457605584e+02 +4.457605584e+02 +5.3844e-01 +1.8376e-02 +1.5147e+00 -5.1024e-01 -6.1788e-02
284 0 +3.269140995e+02 +2.226740995e+02 +2.226740995e+02 +3.5567e-01 -1.1219e+00 +1.3793e+00 -4.6235e-01 -6.5157e-02
406 0 +2.185152946e+02 +1.142752946e+02 +1.142752946e+02 -1.9825e-01 -2.8542e+00 +1.2918e+00 -5.6678e-01 -5.1944e-02
461 0 +2.169602657e+02 +1.127202657e+02 +1.127202657e+02 -7.3969e-01 -2.1389e+00 +1.2332e+00 -5.5661e-01 -6.1730e-02
485 0 +1.621779092e+02 +5.793790921e+01 +5.793790921e+01 +7.4574e-02 -3.4747e+00 +1.6607e+00 -4.5822e-01 -5.9980e-02
502 0 +1.346845985e+02 +3.044459848e+01 +3.044459848e+01 -6.7975e-01 -2.3888e+00 +1.5085e+00 -4.6553e-01 -5.7449e-02
511 0 +7.566372451e+01 -2.857627549e+01 -2.857627549e+01 -5.0299e-01 -3.7421e+00 +1.2452e+00 -5.0525e-01 -6.7193e-02
537 0 +7.524807662e+01 -2.899192338e+01 -2.899192338e+01 -1.0222e+00 -4.4283e+00 +1.0967e+00 -5.1696e-01 -5.8829e-02
540 0 +6.624700434e+01 -3.799299566e+01 -3.799299566e+01 -1.4241e+00 -3.2602e+00 +1.2711e+00 -4.7428e-01 -6.4171e-02
602 0 +2.702804724e+01 -7.721195276e+01 -7.721195276e+01 -1.6985e+00 -3.8557e+00 +1.1730e+00 -4.9655e-01 -5.8704e-02
637 0 +2.245785090e+01 -8.178214910e+01 -8.178214910e+01 -1.9059e+00 -4.1344e+00 +1.3611e+00 -4.9089e-01 -6.1817e-02
690 0 +1.903313306e+01 -8.520686694e+01 -8.520686694e+01 -2.3598e-01 -3.5614e+00 +1.3831e+00 -4.8074e-01 -6.0798e-02
694 0 +9.017445127e+00 -9.522255487e+01 -9.522255487e+01 -1.0554e+00 -3.7959e+00 +1.2552e+00 -4.8676e-01 -5.7265e-02
758 0 +8.389705848e+00 -9.585029415e+01 -9.585029415e+01 -4.9361e-01 -4.0026e+00 +1.3652e+00 -5.0535e-01 -5.8247e-02
759 0 +3.801383727e+00 -1.004386163e+02 -1.004386163e+02 -7.2728e-01 -3.8156e+00 +1.3352e+00 -4.9967e-01 -5.8998e-02
763 0 +3.183967992e+00 -1.010560320e+02 -1.010560320e+02 -7.6030e-01 -3.7638e+00 +1.3325e+00 -4.9652e-01 -5.7800e-02
809 0 +2.687695725e+00 -1.015523043e+02 -1.015523043e+02 -9.5069e-01 -3.9596e+00 +1.3182e+00 -4.9341e-01 -5.7723e-02
839 0 +1.347777821e+00 -1.028922222e+02 -1.028922222e+02 -4.6254e-01 -3.9708e+00 +1.3366e+00 -4.9380e-01 -5.8565e-02
985 0 +1.194636495e+00 -1.030453635e+02 -1.030453635e+02 -4.3442e-01 -3.9410e+00 +1.2999e+00 -4.9672e-01 -5.8131e-02
990 0 +6.761257708e-01 -1.035638742e+02 -1.035638742e+02 -4.5749e-02 -3.9855e+00 +1.3025e+00 -4.9638e-01 -5.8438e-02
1029 0 +5.741156752e-01 -1.036658843e+02 -1.036658843e+02 -1.9442e-01 -3.9305e+00 +1.3066e+00 -4.9406e-01 -5.8821e-02
1051 0 +3.844679706e-01 -1.038555320e+02 -1.038555320e+02 +7.6605e-02 -3.9694e+00 +1.3205e+00 -4.9559e-01 -5.8607e-02
1098 0 +1.549950780e-01 -1.040850049e+02 -1.040850049e+02 +1.0368e-01 -3.9339e+00 +1.3083e+00 -4.9405e-01 -5.8245e-02
1111 0 +1.546061465e-01 -1.040853939e+02 -1.040853939e+02 +5.6096e-01 -3.8855e+00 +1.3039e+00 -4.9350e-01 -5.8516e-02
1126 0 +1.193383510e-01 -1.041206616e+02 -1.041206616e+02 +6.5331e-01 -3.8989e+00 +1.3136e+00 -4.9418e-01 -5.8561e-02
1156 0 +9.601826365e-02 -1.041439817e+02 -1.041439817e+02 +5.4275e-01 -3.9471e+00 +1.3123e+00 -4.9383e-01 -5.8173e-02
1172 0 +4.265068593e-02 -1.041973493e+02 -1.041973493e+02 +4.9868e-01 -3.9239e+00 +1.3143e+00 -4.9459e-01 -5.8427e-02
% f evaluations | g evaluations | best noise-free fitness - Fopt (-6.785000000000e+01) + sum g_i+ | measured fitness | best measured fitness or single-digit g-values | x1 | x2...
1 0 +1.888040833e+06 +1.887972983e+06 +1.887972983e+06 +5.9671e-01 -3.8264e-02 +7.4769e-01 +1.6230e+00 -1.3415e-01
3 0 +7.904876169e+05 +7.904197669e+05 +7.904197669e+05 -3.6342e-01 -3.6573e-01 +3.4196e-01 -1.8133e+00 -1.6249e+00
4 0 +4.719640159e+05 +4.718961659e+05 +4.718961659e+05 -4.6229e-01 -9.1283e-01 +4.1425e-01 -8.0802e-01 -1.3123e+00
9 0 +3.230130970e+05 +3.229452470e+05 +3.229452470e+05 +8.3847e-01 +2.7137e-01 -1.5648e-02 -2.0110e-01 -1.3785e+00
10 0 +2.914170861e+05 +2.913492361e+05 +2.913492361e+05 -6.1984e-01 -3.6064e-01 +1.1571e+00 +4.4362e-01 -1.6630e+00
54 0 +2.807404843e+05 +2.806726343e+05 +2.806726343e+05 +5.1015e-01 +5.3675e-01 -2.0512e-01 +7.7905e-03 -1.4066e+00
83 0 +2.205915054e+05 +2.205236554e+05 +2.205236554e+05 -1.0292e+00 +2.8558e-01 +2.6766e-01 +6.3422e-01 -1.5783e+00
86 0 +2.177563212e+05 +2.176884712e+05 +2.176884712e+05 +1.2795e+00 +8.7708e-01 -4.0516e-01 +3.7345e-01 -1.4426e+00
92 0 +1.424588449e+05 +1.423909949e+05 +1.423909949e+05 +1.2462e+00 +1.0302e+00 -9.6853e-01 +9.8006e-01 -1.4246e+00
98 0 +1.226061378e+05 +1.225382878e+05 +1.225382878e+05 -9.7976e-02 +1.0095e+00 -1.3626e+00 +1.2983e+00 -1.4648e+00
113 0 +1.019357819e+05 +1.018679319e+05 +1.018679319e+05 -8.9445e-01 +4.8170e-01 -3.3515e+00 +2.6875e+00 -1.0894e+00
118 0 +1.005338752e+05 +1.004660252e+05 +1.004660252e+05 -1.0273e+00 +1.3710e+00 -2.4726e+00 +1.7335e+00 -1.5052e+00
121 0 +3.085173832e+04 +3.078388832e+04 +3.078388832e+04 -5.6299e-01 -4.6385e-01 -2.8648e+00 +3.5108e+00 -1.4463e+00
148 0 +2.016165139e+04 +2.009380139e+04 +2.009380139e+04 +1.3500e+00 +6.9579e-02 -1.1747e+00 +2.4123e+00 -1.2994e+00
200 0 +1.207325651e+04 +1.200540651e+04 +1.200540651e+04 -2.9198e+00 +7.1553e-01 -1.5896e+00 +2.7793e+00 -1.4034e+00
258 0 +1.152819828e+04 +1.146034828e+04 +1.146034828e+04 -1.8443e+00 +2.6005e+00 -9.0990e-01 +3.4460e+00 -1.4024e+00
262 0 +7.931486162e+03 +7.863636162e+03 +7.863636162e+03 -2.2547e+00 +1.1642e+00 -6.6097e-01 +3.2291e+00 -1.4102e+00
269 0 +5.799673624e+03 +5.731823624e+03 +5.731823624e+03 -9.0008e-01 -6.8268e-01 +2.5668e-01 +3.1719e+00 -1.3009e+00
309 0 +1.284327705e+03 +1.216477705e+03 +1.216477705e+03 -4.5425e-01 +1.1723e+00 +1.1049e+00 +2.9650e+00 -1.3269e+00
357 0 +4.447850485e+02 +3.769350485e+02 +3.769350485e+02 +1.0935e+00 +4.3842e+00 +1.7438e+00 +2.9441e+00 -1.3582e+00
501 0 +2.980180621e+02 +2.301680621e+02 +2.301680621e+02 +2.3405e+00 +3.1191e+00 +1.6598e+00 +3.0362e+00 -1.3487e+00
570 0 +2.465055449e+02 +1.786555449e+02 +1.786555449e+02 +6.4837e-02 +3.3204e+00 +9.0512e-01 +2.9863e+00 -1.3636e+00
600 0 +1.313114689e+02 +6.346146886e+01 +6.346146886e+01 -6.6353e-01 +3.1662e+00 +1.2217e+00 +3.0875e+00 -1.3646e+00
640 0 +4.708235998e+01 -2.076764002e+01 -2.076764002e+01 -2.6483e-01 +2.6278e+00 +1.3876e+00 +3.0489e+00 -1.3661e+00
660 0 +2.481553506e+01 -4.303446494e+01 -4.303446494e+01 -1.0944e+00 +2.3575e+00 +1.2405e+00 +3.0435e+00 -1.3613e+00
687 0 +2.429729098e+01 -4.355270902e+01 -4.355270902e+01 -4.4979e-01 +2.5866e+00 +1.3621e+00 +3.0390e+00 -1.3582e+00
730 0 +2.345064676e+01 -4.439935324e+01 -4.439935324e+01 +8.8622e-01 +2.6371e+00 +1.3588e+00 +3.0200e+00 -1.3581e+00
735 0 +1.998936012e+01 -4.786063988e+01 -4.786063988e+01 +9.8195e-01 +2.2520e+00 +1.3594e+00 +3.0257e+00 -1.3612e+00
746 0 +1.222990276e+01 -5.562009724e+01 -5.562009724e+01 -2.6792e-01 +2.6263e+00 +1.3368e+00 +3.0336e+00 -1.3596e+00
768 0 +4.026292727e+00 -6.382370727e+01 -6.382370727e+01 +8.5189e-01 +3.0869e+00 +1.3542e+00 +3.0265e+00 -1.3621e+00
877 0 +1.630243661e+00 -6.621975634e+01 -6.621975634e+01 +1.1701e+00 +3.0025e+00 +1.2719e+00 +3.0322e+00 -1.3621e+00
928 0 +1.193703997e+00 -6.665629600e+01 -6.665629600e+01 +3.0820e-01 +3.0406e+00 +1.3075e+00 +3.0310e+00 -1.3626e+00
939 0 +5.291193856e-01 -6.732088061e+01 -6.732088061e+01 +8.5319e-01 +2.9775e+00 +1.3051e+00 +3.0269e+00 -1.3614e+00
954 0 +4.955912465e-01 -6.735440875e+01 -6.735440875e+01 +3.0646e-01 +2.9838e+00 +1.3136e+00 +3.0320e+00 -1.3616e+00
974 0 +4.467361470e-01 -6.740326385e+01 -6.740326385e+01 +8.2240e-01 +2.9346e+00 +1.3085e+00 +3.0310e+00 -1.3611e+00
1003 0 +4.427372956e-01 -6.740726270e+01 -6.740726270e+01 +7.9880e-01 +3.0797e+00 +1.3221e+00 +3.0303e+00 -1.3617e+00
1012 0 +2.042848078e-01 -6.764571519e+01 -6.764571519e+01 +7.7365e-01 +2.9956e+00 +1.2947e+00 +3.0319e+00 -1.3614e+00
1029 0 +1.889576301e-01 -6.766104237e+01 -6.766104237e+01 +7.4940e-01 +2.9792e+00 +1.3011e+00 +3.0284e+00 -1.3616e+00
1070 0 +1.040429320e-01 -6.774595707e+01 -6.774595707e+01 +6.5090e-01 +2.9893e+00 +1.3048e+00 +3.0313e+00 -1.3615e+00
1081 0 +5.885084395e-02 -6.779114916e+01 -6.779114916e+01 +7.7487e-01 +3.0396e+00 +1.3041e+00 +3.0311e+00 -1.3615e+00
1159 0 +5.482146298e-02 -6.779517854e+01 -6.779517854e+01 +8.9396e-01 +2.9862e+00 +1.3012e+00 +3.0301e+00 -1.3617e+00
1161 0 +3.085863870e-02 -6.781914136e+01 -6.781914136e+01 +9.0082e-01 +3.0267e+00 +1.3080e+00 +3.0309e+00 -1.3616e+00
1222 0 +1.310664573e-02 -6.783689335e+01 -6.783689335e+01 +8.7702e-01 +3.0069e+00 +1.3042e+00 +3.0303e+00 -1.3615e+00
% f evaluations | g evaluations | best noise-free fitness - Fopt (-3.639800000000e+02) + sum g_i+ | measured fitness | best measured fitness or single-digit g-values | x1 | x2...
1 0 +5.218023222e+06 +5.217659242e+06 +5.217659242e+06 +5.9671e-01 -3.8264e-02 +7.4769e-01 +1.6230e+00 -1.3415e-01
2 0 +3.323573765e+06 +3.323209785e+06 +3.323209785e+06 -1.3414e-01 +1.6792e+00 +8.6743e-01 -3.6947e-01 +6.4256e-01
7 0 +2.531586789e+06 +2.531222809e+06 +2.531222809e+06 -5.0171e-01 +1.9523e+00 +8.6503e-02 -9.5771e-01 +9.2254e-01
11 0 +1.424549748e+06 +1.424185768e+06 +1.424185768e+06 +4.2408e-01 -2.8508e-01 -5.7692e-01 +7.1168e-01 +1.1310e+00
26 0 +1.105403418e+06 +1.105039438e+06 +1.105039438e+06 +7.1240e-01 +1.7808e+00 +1.5837e-01 -1.4665e+00 +2.6618e+00
27 0 +5.481741199e+05 +5.478101399e+05 +5.478101399e+05 -6.8627e-01 +3.8196e-01 +2.1359e+00 +7.1118e-02 +1.8840e+00
28 0 +3.197737966e+05 +3.194098166e+05 +3.194098166e+05 +3.2137e-01 +1.3326e+00 -9.0837e-01 +7.4200e-01 +2.2019e+00
29 0 +2.507696966e+05 +2.504057166e+05 +2.504057166e+05 -5.9525e-01 -1.4848e-01 -8.8070e-01 +1.1113e+00 +2.0835e+00
51 0 +8.831140249e+04 +8.794742249e+04 +8.794742249e+04 -1.5937e-01 +2.7507e+00 -1.1017e+00 +2.7669e+00 +2.0059e+00
90 0 +1.134522910e+04 +1.098124910e+04 +1.098124910e+04 -3.8138e-01 -2.3074e+00 +3.3358e+00 +3.3242e+00 +2.1482e+00
225 0 +9.596376027e+03 +9.232396027e+03 +9.232396027e+03 -8.0177e-01 -1.9809e+00 +1.5787e+00 +3.4405e+00 +2.1404e+00
315 0 +3.406585692e+03 +3.042605692e+03 +3.042605692e+03 +1.9574e+00 -4.1803e+00 +1.9158e+00 +4.0600e+00 +2.1378e+00
390 0 +2.866413448e+03 +2.502433448e+03 +2.502433448e+03 -1.4186e+00 -1.7911e+00 +1.6235e+00 +3.8172e+00 +2.1363e+00
391 0 +2.484611916e+03 +2.120631916e+03 +2.120631916e+03 +1.8681e+00 -1.4008e+00 +2.2819e+00 +3.6817e+00 +2.1735e+00
399 0 +1.980833140e+03 +1.616853140e+03 +1.616853140e+03 -1.8181e+00 -1.4393e+00 +3.3505e+00 +3.7636e+00 +2.1596e+00
469 0 +8.586009558e+02 +4.946209558e+02 +4.946209558e+02 -2.7982e+00 +6.0581e-01 +2.1834e+00 +4.0187e+00 +2.1610e+00
560 0 +8.450564345e+02 +4.810764345e+02 +4.810764345e+02 -8.7509e-01 +5.1479e-02 +2.5019e+00 +4.0427e+00 +2.1632e+00
622 0 +3.668355369e+02 +2.855536950e+00 +2.855536950e+00 -9.0980e-01 +6.6910e-01 +2.2695e+00 +3.9273e+00 +2.1720e+00
674 0 +3.528706822e+02 -1.110931782e+01 -1.110931782e+01 -1.4571e+00 +1.4439e+00 +2.1635e+00 +3.9365e+00 +2.1651e+00
679 0 +2.505788227e+02 -1.134011773e+02 -1.134011773e+02 -2.0716e+00 +8.2140e-01 +2.4227e+00 +3.9376e+00 +2.1668e+00
700 0 +1.470189496e+02 -2.169610504e+02 -2.169610504e+02 -2.2692e+00 +1.9833e+00 +2.4995e+00 +3.9523e+00 +2.1679e+00
791 0 +1.388128244e+02 -2.251671756e+02 -2.251671756e+02 -2.3155e+00 +1.9685e+00 +2.7087e+00 +3.9310e+00 +2.1588e+00
800 0 +1.358033114e+02 -2.281766886e+02 -2.281766886e+02 -2.1457e+00 +1.4729e+00 +2.5535e+00 +3.9202e+00 +2.1627e+00
838 0 +1.127955137e+02 -2.511844863e+02 -2.511844863e+02 -2.8107e+00 +1.7605e+00 +2.6784e+00 +3.8972e+00 +2.1631e+00
842 0 +9.536776555e+01 -2.686122344e+02 -2.686122344e+02 -2.2245e+00 +1.8858e+00 +2.7264e+00 +3.9108e+00 +2.1644e+00
854 0 +4.350416711e+01 -3.204758329e+02 -3.204758329e+02 -2.3021e+00 +2.4037e+00 +2.6352e+00 +3.9249e+00 +2.1642e+00
940 0 +3.398304525e+01 -3.299969548e+02 -3.299969548e+02 -3.5437e+00 +2.9762e+00 +2.6433e+00 +3.9119e+00 +2.1634e+00
951 0 +3.390509654e+01 -3.300749035e+02 -3.300749035e+02 -3.2226e+00 +3.5818e+00 +2.6006e+00 +3.9093e+00 +2.1633e+00
1023 0 +3.162070581e+01 -3.323592942e+02 -3.323592942e+02 -3.2565e+00 +3.0439e+00 +2.6150e+00 +3.9110e+00 +2.1630e+00
1026 0 +2.381264516e+01 -3.401673548e+02 -3.401673548e+02 -2.5954e+00 +3.0222e+00 +2.5995e+00 +3.9038e+00 +2.1641e+00
1028 0 +2.283719142e+01 -3.411428086e+02 -3.411428086e+02 -2.1975e+00 +3.0335e+00 +2.5903e+00 +3.9018e+00 +2.1636e+00
1037 0 +2.271860098e+01 -3.412613990e+02 -3.412613990e+02 -2.0595e+00 +2.9040e+00 +2.5586e+00 +3.9134e+00 +2.1643e+00
1076 0 +2.118041541e+01 -3.427995846e+02 -3.427995846e+02 -2.0158e+00 +3.0326e+00 +2.5435e+00 +3.9023e+00 +2.1657e+00
1084 0 +1.663058927e+01 -3.473494107e+02 -3.473494107e+02 -2.0061e+00 +3.1897e+00 +2.5879e+00 +3.9029e+00 +2.1658e+00
1134 0 +1.509923585e+01 -3.488807641e+02 -3.488807641e+02 -3.8198e-01 +2.9312e+00 +2.5848e+00 +3.9147e+00 +2.1682e+00
1139 0 +1.245857095e+01 -3.515214291e+02 -3.515214291e+02 -1.4792e+00 +3.1518e+00 +2.6371e+00 +3.9033e+00 +2.1654e+00
1154 0 +5.565485768e+00 -3.584145142e+02 -3.584145142e+02 +1.1039e+00 +2.8698e+00 +2.6200e+00 +3.9055e+00 +2.1666e+00
1175 0 +3.144692839e+00 -3.608353072e+02 -3.608353072e+02 +3.1929e-01 +3.1308e+00 +2.6027e+00 +3.9071e+00 +2.1659e+00
1188 0 +1.416776895e+00 -3.625632231e+02 -3.625632231e+02 +1.8851e+00 +3.2652e+00 +2.6127e+00 +3.9050e+00 +2.1663e+00
% f evaluations | g evaluations | best noise-free fitness - Fopt (-1.865000000000e+01) + sum g_i+ | measured fitness | best measured fitness or single-digit g-values | x1 | x2...
1 0 +8.225484417e+06 +8.225465767e+06 +8.225465767e+06 +5.9671e-01 -3.8264e-02 +7.4769e-01 +1.6230e+00 -1.3415e-01
3 0 +2.131658279e+06 +2.131639629e+06 +2.131639629e+06 -3.6342e-01 -3.6573e-01 +3.4196e-01 -1.8133e+00 -1.6249e+00
10 0 +1.966919310e+06 +1.966900660e+06 +1.966900660e+06 -6.1984e-01 -3.6064e-01 +1.1571e+00 +4.4362e-01 -1.6630e+00
15 0 +2.684494183e+05 +2.684307683e+05 +2.684307683e+05 +4.6140e-01 +1.6380e+00 +6.4174e-02 +1.6646e+00 -2.5197e+00
30 0 +2.178519670e+05 +2.178333170e+05 +2.178333170e+05 +1.5903e+00 +1.3216e+00 +3.9568e-01 -7.8245e-01 -3.3809e+00
31 0 +1.399429344e+05 +1.399242844e+05 +1.399242844e+05 +2.8079e+00 +1.9513e+00 -8.4450e-01 -6.7688e-01 -3.3034e+00
33 0 +5.641547883e+04 +5.639682883e+04 +5.639682883e+04 +5.0195e-01 +2.2890e-01 +2.6630e-01 -8.3680e-01 -3.0358e+00
35 0 +1.549770014e+04 +1.547905014e+04 +1.547905014e+04 +8.1335e-02 -3.0575e-01 +1.3978e+00 +4.1589e-01 -2.9882e+00
187 0 +1.303906646e+04 +1.302041646e+04 +1.302041646e+04 -7.7538e-01 -5.6898e-01 +3.2800e-01 +5.6129e-01 -3.0342e+00
211 0 +4.807879410e+03 +4.789229410e+03 +4.789229410e+03 +5.3514e-01 +1.8134e+00 -2.0459e+00 +6.0663e-01 -2.9492e+00
298 0 +2.630836893e+03 +2.612186893e+03 +2.612186893e+03 -8.4740e-01 +1.4464e+00 -1.7746e+00 +4.6243e-01 -2.9536e+00
306 0 +1.116466504e+03 +1.097816504e+03 +1.097816504e+03 -4.7241e-02 +7.0082e-01 -2.2821e+00 +1.7144e-01 -2.9693e+00
394 0 +9.928344981e+02 +9.741844981e+02 +9.741844981e+02 +2.0402e+00 +2.1005e+00 -1.9463e+00 +3.1770e-01 -2.9787e+00
484 0 +7.738237593e+02 +7.551737593e+02 +7.551737593e+02 +1.0965e-01 +5.5007e-01 -2.1687e+00 +2.2172e-01 -2.9969e+00
524 0 +7.257644711e+02 +7.071144711e+02 +7.071144711e+02 +4.0008e-01 +7.1506e-01 -2.0257e+00 +2.8757e-01 -2.9971e+00
581 0 +6.364283368e+02 +6.177783368e+02 +6.177783368e+02 -1.9335e-02 +1.8677e+00 -2.3383e+00 +3.0103e-01 -2.9864e+00
583 0 +4.984859166e+02 +4.798359166e+02 +4.798359166e+02 +1.8620e+00 +1.3853e+00 -2.4684e+00 +2.9709e-01 -2.9761e+00
649 0 +4.797111067e+02 +4.610611067e+02 +4.610611067e+02 +8.1539e-01 +1.1641e+00 -2.2516e+00 +3.2497e-01 -2.9852e+00
653 0 +4.365278070e+02 +4.178778070e+02 +4.178778070e+02 +5.0289e-01 +7.8959e-01 -2.3725e+00 +2.6623e-01 -2.9908e+00
670 0 +3.633385012e+02 +3.446885012e+02 +3.446885012e+02 +1.0646e+00 +9.0253e-01 -2.3976e+00 +2.9169e-01 -2.9859e+00
674 0 +3.535694671e+02 +3.349194671e+02 +3.349194671e+02 +1.2043e+00 +6.9535e-01 -2.5082e+00 +3.2884e-01 -2.9873e+00
686 0 +3.289955063e+02 +3.103455063e+02 +3.103455063e+02 +2.4999e-01 +3.9389e-01 -2.4685e+00 +3.4688e-01 -2.9830e+00
703 0 +1.822684995e+02 +1.636184995e+02 +1.636184995e+02 -8.6648e-01 -4.4997e-01 -2.3144e+00 +3.1636e-01 -2.9860e+00
747 0 +1.289692663e+02 +1.103192663e+02 +1.103192663e+02 +7.6177e-01 -1.4555e+00 -2.4062e+00 +2.5176e-01 -2.9801e+00
749 0 +9.397304881e+01 +7.532304881e+01 +7.532304881e+01 +7.8101e-01 -1.0335e+00 -2.5819e+00 +3.2294e-01 -2.9795e+00
809 0 +2.907346999e+01 +1.042346999e+01 +1.042346999e+01 -8.2669e-01 -2.1608e+00 -2.4557e+00 +2.8446e-01 -2.9855e+00
834 0 +2.408438790e+01 +5.434387901e+00 +5.434387901e+00 +2.3974e+00 -2.2672e+00 -2.3868e+00 +3.0581e-01 -2.9857e+00
915 0 +2.145113558e+01 +2.801135577e+00 +2.801135577e+00 +2.6149e+00 -2.7413e+00 -2.4123e+00 +3.1704e-01 -2.9797e+00
923 0 +5.718147247e+00 -1.293185275e+01 -1.293185275e+01 +9.9460e-01 -2.4950e+00 -2.4771e+00 +3.0300e-01 -2.9803e+00
972 0 +5.452632054e+00 -1.319736795e+01 -1.319736795e+01 +2.5880e+00 -2.5143e+00 -2.4975e+00 +3.1228e-01 -2.9831e+00
1034 0 +3.810590589e+00 -1.483940941e+01 -1.483940941e+01 +1.6816e+00 -2.3270e+00 -2.4856e+00 +2.9630e-01 -2.9838e+00
1056 0 +1.396393041e+00 -1.725360696e+01 -1.725360696e+01 +1.5122e+00 -2.6623e+00 -2.4851e+00 +3.0282e-01 -2.9827e+00
1122 0 +6.640475861e-01 -1.798595241e+01 -1.798595241e+01 +1.9802e+00 -2.4644e+00 -2.4692e+00 +3.0492e-01 -2.9822e+00
1147 0 +6.196614511e-01 -1.803033855e+01 -1.803033855e+01 +1.9286e+00 -2.5166e+00 -2.4633e+00 +3.0245e-01 -2.9821e+00
1174 0 +5.796170088e-01 -1.807038299e+01 -1.807038299e+01 +1.9607e+00 -2.5006e+00 -2.4738e+00 +3.0531e-01 -2.9822e+00
1177 0 +5.535015773e-01 -1.809649842e+01 -1.809649842e+01 +1.6137e+00 -2.5110e+00 -2.4797e+00 +2.9884e-01 -2.9824e+00
1193 0 +3.485109383e-01 -1.830148906e+01 -1.830148906e+01 +1.9733e+00 -2.4484e+00 -2.4751e+00 +3.0320e-01 -2.9826e+00
1229 0 +1.820829436e-01 -1.846791706e+01 -1.846791706e+01 +1.8072e+00 -2.4730e+00 -2.4874e+00 +3.0253e-01 -2.9822e+00
% f evaluations | g evaluations | best noise-free fitness - Fopt (1.749200000000e+02) + sum g_i+ | measured fitness | best measured fitness or single-digit g-values | x1 | x2...
1 0 +8.141879848e+06 +8.142054768e+06 +8.142054768e+06 +5.9671e-01 -3.8264e-02 +7.4769e-01 +1.6230e+00 -1.3415e-01
3 0 +1.854465442e+06 +1.854640362e+06 +1.854640362e+06 -3.6342e-01 -3.6573e-01 +3.4196e-01 -1.8133e+00 -1.6249e+00
15 0 +4.978638545e+05 +4.980387745e+05 +4.980387745e+05 +4.6140e-01 +1.6380e+00 +6.4174e-02 +1.6646e+00 -2.5197e+00
31 0 +4.663455385e+05 +4.665204585e+05 +4.665204585e+05 +4.8484e-01 +6.6159e-01 -1.1542e+00 +7.8755e-01 -3.3413e+00
33 0 +3.820255760e+05 +3.822004960e+05 +3.822004960e+05 -7.5284e-02 +1.1363e+00 -9.6715e-02 +1.0978e+00 -3.1845e+00
35 0 +2.726835349e+05 +2.728584549e+05 +2.728584549e+05 +1.1490e+00 +2.9379e-01 +2.3668e+00 +4.7942e-01 -3.0916e+00
37 0 +1.213655174e+05 +1.215404374e+05 +1.215404374e+05 -8.6328e-01 +6.4045e-01 -2.9598e+00 +1.2804e-01 -2.9518e+00
66 0 +6.506018517e+04 +6.523510517e+04 +6.523510517e+04 +4.2811e-01 +2.3157e+00 +6.5106e-02 -6.6034e-01 -2.9032e+00
137 0 +3.914512009e+04 +3.932004009e+04 +3.932004009e+04 -9.2231e-01 +1.2055e+00 +7.9655e-02 -1.3405e+00 -2.7174e+00
155 0 +2.359789838e+04 +2.377281838e+04 +2.377281838e+04 +1.3518e+00 +4.4135e-01 -7.0292e-01 -1.1385e+00 -2.8498e+00
157 0 +9.719132802e+03 +9.894052802e+03 +9.894052802e+03 +1.3918e+00 +1.1713e+00 -1.2403e+00 -1.4659e+00 -2.8453e+00
230 0 +4.551570973e+03 +4.726490973e+03 +4.726490973e+03 -1.1774e+00 +3.0550e+00 -3.7854e+00 -1.4933e+00 -2.8545e+00
331 0 +3.658314443e+03 +3.833234443e+03 +3.833234443e+03 -2.7095e-01 +1.2703e+00 -2.5990e+00 -2.0754e+00 -2.8396e+00
332 0 +1.714537568e+03 +1.889457568e+03 +1.889457568e+03 +6.1187e-01 +6.1206e-01 -2.3037e+00 -1.7845e+00 -2.8593e+00
440 0 +1.053805587e+03 +1.228725587e+03 +1.228725587e+03 -8.4300e-01 +2.1080e-01 -2.6842e+00 -1.7128e+00 -2.8654e+00
446 0 +8.583986810e+02 +1.033318681e+03 +1.033318681e+03 -5.3189e-01 +8.0519e-01 -2.6528e+00 -1.7721e+00 -2.8696e+00
500 0 +8.530556308e+02 +1.027975631e+03 +1.027975631e+03 -1.5116e+00 +8.7564e-01 -4.2434e+00 -1.8124e+00 -2.8654e+00
529 0 +6.782815759e+02 +8.532015759e+02 +8.532015759e+02 +1.3090e+00 -3.5436e+00 -3.7327e+00 -1.7018e+00 -2.8644e+00
538 0 +5.899918271e+02 +7.649118271e+02 +7.649118271e+02 +4.5991e-01 -3.9448e-01 -3.4091e+00 -1.8210e+00 -2.8887e+00
543 0 +2.005921540e+02 +3.755121540e+02 +3.755121540e+02 +1.9718e+00 -8.7059e-01 -3.0402e+00 -1.7957e+00 -2.8623e+00
749 0 +9.233641800e+01 +2.672564180e+02 +2.672564180e+02 -2.6136e+00 -1.4613e+00 -3.4446e+00 -1.8682e+00 -2.8631e+00
750 0 +8.887526016e+01 +2.637952602e+02 +2.637952602e+02 -3.7907e+00 -2.1550e+00 -3.3565e+00 -1.8414e+00 -2.8578e+00
768 0 +5.841747042e+01 +2.333374704e+02 +2.333374704e+02 -2.6349e+00 -1.4520e+00 -3.4996e+00 -1.8553e+00 -2.8671e+00
810 0 +2.326213740e+01 +1.981821374e+02 +1.981821374e+02 -2.9930e+00 -1.5031e+00 -3.4482e+00 -1.8256e+00 -2.8691e+00
845 0 +9.018663937e+00 +1.839386639e+02 +1.839386639e+02 -2.2175e+00 -1.7009e+00 -3.3664e+00 -1.8302e+00 -2.8673e+00
926 0 +2.955394722e+00 +1.778753947e+02 +1.778753947e+02 -1.4404e+00 -1.8217e+00 -3.4010e+00 -1.8136e+00 -2.8667e+00
1047 0 +1.856979394e+00 +1.767769794e+02 +1.767769794e+02 -1.6829e+00 -1.8671e+00 -3.3746e+00 -1.8194e+00 -2.8663e+00
1099 0 +1.757284443e+00 +1.766772844e+02 +1.766772844e+02 -1.4760e+00 -1.8370e+00 -3.4256e+00 -1.8262e+00 -2.8650e+00
1127 0 +1.542925287e+00 +1.764629253e+02 +1.764629253e+02 -2.1470e+00 -1.9077e+00 -3.4274e+00 -1.8228e+00 -2.8658e+00
1152 0 +5.039758463e-01 +1.754239758e+02 +1.754239758e+02 -8.4815e-01 -1.7968e+00 -3.4053e+00 -1.8175e+00 -2.8657e+00
1153 0 +3.754459919e-01 +1.752954460e+02 +1.752954460e+02 -1.0974e+00 -1.7948e+00 -3.4069e+00 -1.8208e+00 -2.8661e+00
% f evaluations | g evaluations | best noise-free fitness - Fopt (-5.659600000000e+02) + sum g_i+ | measured fitness | best measured fitness or single-digit g-values | x1 | x2...
1 0 +1.154249746e+07 +1.154193150e+07 +1.154193150e+07 +5.9671e-01 -3.8264e-02 +7.4769e-01 +1.6230e+00 -1.3415e-01
3 0 +3.594165107e+06 +3.593599147e+06 +3.593599147e+06 -3.6342e-01 -3.6573e-01 +3.4196e-01 -1.8133e+00 -1.6249e+00
10 0 +3.555922469e+06 +3.555356509e+06 +3.555356509e+06 -6.1984e-01 -3.6064e-01 +1.1571e+00 +4.4362e-01 -1.6630e+00
15 0 +1.562717689e+06 +1.562151729e+06 +1.562151729e+06 +4.6140e-01 +1.6380e+00 +6.4174e-02 +1.6646e+00 -2.5197e+00
26 0 +5.975261394e+05 +5.969601794e+05 +5.969601794e+05 -3.6146e-03 +9.8485e-01 -7.9431e-01 -6.0908e-01 -4.3610e+00
27 0 +1.049666355e+05 +1.044006755e+05 +1.044006755e+05 +1.9983e+00 +1.7198e-01 -6.7198e-01 +8.2602e-03 -3.6539e+00
29 0 +2.001394324e+04 +1.944798324e+04 +1.944798324e+04 -8.6849e-01 +4.5953e-01 -1.3127e+00 -1.3226e+00 -3.4711e+00
81 0 +1.920765189e+04 +1.864169189e+04 +1.864169189e+04 +7.4166e-01 -2.6122e-01 -6.6367e-01 -1.0535e+00 -3.5457e+00
83 0 +6.518493248e+03 +5.952533248e+03 +5.952533248e+03 +1.4186e+00 +3.2555e+00 -9.2295e-01 -1.7195e+00 -3.4986e+00
148 0 +5.953435308e+03 +5.387475308e+03 +5.387475308e+03 +4.2109e+00 +1.0873e+00 -3.2350e+00 -2.1687e+00 -3.5319e+00
338 0 +3.663304590e+03 +3.097344590e+03 +3.097344590e+03 +3.9011e+00 -2.3920e-01 -1.9467e+00 -1.6038e+00 -3.5245e+00
396 0 +2.383323060e+03 +1.817363060e+03 +1.817363060e+03 +3.2916e+00 +7.2943e-01 -3.0749e+00 -1.9814e+00 -3.5402e+00
405 0 +1.372612139e+03 +8.066521386e+02 +8.066521386e+02 +1.8012e+00 +9.6616e-01 -2.8874e+00 -1.8502e+00 -3.5380e+00
406 0 +8.359455193e+02 +2.699855193e+02 +2.699855193e+02 +9.7929e-01 +1.2236e+00 -2.6841e+00 -1.8598e+00 -3.5901e+00
450 0 +6.121261691e+02 +4.616616912e+01 +4.616616912e+01 +1.3863e+00 +6.3039e-01 -2.2735e+00 -1.6981e+00 -3.5699e+00
454 0 +5.502899268e+02 -1.567007315e+01 -1.567007315e+01 +2.8544e+00 +1.2787e+00 -2.6316e+00 -1.9283e+00 -3.5601e+00
457 0 +3.194147273e+02 -2.465452727e+02 -2.465452727e+02 +8.9644e-01 -4.2279e-01 -1.9279e+00 -1.8804e+00 -3.5534e+00
487 0 +3.028273381e+02 -2.631326619e+02 -2.631326619e+02 +2.6873e+00 +3.6544e-01 -2.5187e+00 -1.9111e+00 -3.5694e+00
565 0 +2.166958847e+02 -3.492641153e+02 -3.492641153e+02 +3.8525e+00 +8.5921e-01 -2.0627e+00 -1.8031e+00 -3.5555e+00
579 0 +1.760861847e+02 -3.898738153e+02 -3.898738153e+02 +3.7442e+00 +1.6762e+00 -2.1533e+00 -1.8364e+00 -3.5772e+00
590 0 +2.687761127e+01 -5.390823887e+02 -5.390823887e+02 +2.6508e+00 +4.0781e-02 -2.2210e+00 -1.8318e+00 -3.5647e+00
724 0 +1.873208294e+01 -5.472279171e+02 -5.472279171e+02 +2.4454e+00 +1.3178e-01 -2.1160e+00 -1.8382e+00 -3.5647e+00
773 0 +1.673533862e+01 -5.492246614e+02 -5.492246614e+02 +2.9070e+00 +1.4444e-01 -2.1522e+00 -1.8397e+00 -3.5658e+00
777 0 +1.646758624e+01 -5.494924138e+02 -5.494924138e+02 +2.8471e+00 -8.6202e-03 -2.1618e+00 -1.8384e+00 -3.5669e+00
823 0 +1.466313556e+01 -5.512968644e+02 -5.512968644e+02 +2.7943e+00 +1.7782e-01 -2.1453e+00 -1.8346e+00 -3.5674e+00
852 0 +1.411498549e+01 -5.518450145e+02 -5.518450145e+02 +2.7144e+00 +3.7845e-01 -2.1342e+00 -1.8392e+00 -3.5678e+00
857 0 +1.367548842e+01 -5.522845116e+02 -5.522845116e+02 +2.7459e+00 +1.4118e-01 -2.1486e+00 -1.8407e+00 -3.5673e+00
883 0 +1.323465282e+01 -5.527253472e+02 -5.527253472e+02 +2.4344e+00 +2.0822e-01 -2.1635e+00 -1.8424e+00 -3.5659e+00
916 0 +1.317344736e+01 -5.527865526e+02 -5.527865526e+02 +2.5850e+00 +1.7940e-01 -2.1283e+00 -1.8388e+00 -3.5663e+00
920 0 +1.307719198e+01 -5.528828080e+02 -5.528828080e+02 +2.3977e+00 +4.7573e-01 -2.1582e+00 -1.8427e+00 -3.5673e+00
934 0 +1.227095216e+01 -5.536890478e+02 -5.536890478e+02 +2.2550e+00 +2.3075e-01 -2.1332e+00 -1.8463e+00 -3.5682e+00
971 0 +1.223697121e+01 -5.537230288e+02 -5.537230288e+02 +2.5788e+00 +1.6898e-01 -2.1566e+00 -1.8392e+00 -3.5674e+00
972 0 +1.207340620e+01 -5.538865938e+02 -5.538865938e+02 +2.3679e+00 +3.7689e-01 -2.1320e+00 -1.8339e+00 -3.5674e+00
973 0 +1.143656226e+01 -5.545234377e+02 -5.545234377e+02 +2.3950e+00 +2.3432e-01 -2.1411e+00 -1.8350e+00 -3.5676e+00
991 0 +1.139669008e+01 -5.545633099e+02 -5.545633099e+02 +2.1065e+00 +2.3270e-01 -2.1607e+00 -1.8335e+00 -3.5683e+00
1006 0 +1.128148588e+01 -5.546785141e+02 -5.546785141e+02 +2.3271e+00 +2.3832e-01 -2.1420e+00 -1.8331e+00 -3.5674e+00
1020 0 +1.018554570e+01 -5.557744543e+02 -5.557744543e+02 +2.2259e+00 +2.0825e-01 -2.1659e+00 -1.8391e+00 -3.5669e+00
1037 0 +9.922817815e+00 -5.560371822e+02 -5.560371822e+02 +2.2003e+00 +2.3885e-01 -2.1412e+00 -1.8361e+00 -3.5676e+00
1056 0 +9.597178016e+00 -5.563628220e+02 -5.563628220e+02 +2.0414e+00 +2.4897e-01 -2.1221e+00 -1.8385e+00 -3.5677e+00
1062 0 +9.181744930e+00 -5.567782551e+02 -5.567782551e+02 +2.0308e+00 +2.8359e-01 -2.1344e+00 -1.8422e+00 -3.5671e+00
1076 0 +8.393082880e+00 -5.575669171e+02 -5.575669171e+02 +1.8161e+00 +1.2375e-01 -2.1428e+00 -1.8387e+00 -3.5675e+00
1079 0 +8.195796227e+00 -5.577642038e+02 -5.577642038e+02 +1.7597e+00 +2.6826e-01 -2.1288e+00 -1.8370e+00 -3.5673e+00
1101 0 +7.321903944e+00 -5.586380961e+02 -5.586380961e+02 +1.5353e+00 +1.5837e-01 -2.1370e+00 -1.8387e+00 -3.5668e+00
1110 0 +6.019625715e+00 -5.599403743e+02 -5.599403743e+02 +1.2321e+00 +3.0055e-01 -2.1452e+00 -1.8433e+00 -3.5673e+00
1177 0 +5.680943112e+00 -5.602790569e+02 -5.602790569e+02 +8.3008e-01 +2.8838e-02 -2.1751e+00 -1.8363e+00 -3.5666e+00
1178 0 +4.519486137e+00 -5.614405139e+02 -5.614405139e+02 +7.8808e-01 +6.7626e-02 -2.1607e+00 -1.8433e+00 -3.5673e+00
1180 0 +3.640669599e+00 -5.623193304e+02 -5.623193304e+02 +8.7856e-01 +3.4479e-01 -2.1588e+00 -1.8384e+00 -3.5672e+00
1191 0 +3.117088576e+00 -5.628429114e+02 -5.628429114e+02 +8.2986e-01 +1.8902e-01 -2.1515e+00 -1.8406e+00 -3.5668e+00
1212 0 +2.872955718e+00 -5.630870443e+02 -5.630870443e+02 +8.2575e-01 +2.3781e-01 -2.1536e+00 -1.8380e+00 -3.5671e+00
1227 0 +1.854074032e+00 -5.641059260e+02 -5.641059260e+02 -1.1134e+00 +8.9031e-02 -2.1276e+00 -1.8424e+00 -3.5665e+00
