% f evaluations | g evaluations | best noise-free fitness - Fopt (1.491500000000e+02) + sum g_i+ | measured fitness | best measured fitness or single-digit g-values | x1 | x2...
1 0 +1.589879163e+03 +1.739029163e+03 +1.739029163e+03 +5.9671e-01 -3.8264e-02 +7.4769e-01 +1.6230e+00 -1.3415e-01
4 0 +1.459283928e+03 +1.608433928e+03 +1.608433928e+03 -4.6229e-01 -9.1283e-01 +4.1425e-01 -8.0802e-01 -1.3123e+00
9 0 +1.233032610e+03 +1.382182610e+03 +1.382182610e+03 +8.3847e-01 +2.7137e-01 -1.5648e-02 -2.0110e-01 -1.3785e+00
13 0 +8.127868237e+02 +9.619368237e+02 +9.619368237e+02 -3.7917e-01 -8.5659e-02 -1.0063e+00 -1.0962e+00 +9.1253e-01
21 0 +7.176775228e+02 +8.668275228e+02 +8.668275228e+02 -1.3154e+00 -3.2065e-01 -2.4271e-01 -7.0228e-01 -6.1286e-02
23 0 +2.345660033e+02 +3.837160033e+02 +3.837160033e+02 -1.8188e+00 +7.3486e-02 +1.6023e-01 +2.5632e+00 -9.2361e-02
47 0 +8.676617348e+01 +2.359161735e+02 +2.359161735e+02 -1.9578e+00 -6.6525e-01 +5.5724e-02 +2.6191e+00 -4.0657e-01
83 0 +3.751376682e+01 +1.866637668e+02 +1.866637668e+02 -1.9676e-01 -9.1400e-01 -7.0613e-01 +5.8774e-01 -3.2750e+00
255 0 +1.140089920e+01 +1.605508992e+02 +1.605508992e+02 -1.0340e+00 -1.4699e+00 -9.6543e-01 +6.2232e-01 -3.7581e+00
565 0 +6.011745654e+00 +1.551617457e+02 +1.551617457e+02 -8.9550e-01 -1.4103e+00 -8.6748e-01 +9.6180e-01 -3.7315e+00
617 0 +4.465193997e+00 +1.536151940e+02 +1.536151940e+02 -7.9802e-01 -1.2867e+00 -8.8182e-01 +8.2178e-01 -3.7776e+00
678 0 +3.688207307e+00 +1.528382073e+02 +1.528382073e+02 -8.5538e-01 -1.2974e+00 -9.6624e-01 +8.7350e-01 -3.7053e+00
838 0 +3.531165261e+00 +1.526811653e+02 +1.526811653e+02 -7.4502e-01 -1.2699e+00 -9.3019e-01 +8.7430e-01 -3.6928e+00
850 0 +3.492468031e+00 +1.526424680e+02 +1.526424680e+02 -7.7790e-01 -1.2865e+00 -9.8412e-01 +8.2826e-01 -3.7233e+00
851 0 +3.354582644e+00 +1.525045826e+02 +1.525045826e+02 -7.0309e-01 -1.2454e+00 -9.6701e-01 +9.0298e-01 -3.7175e+00
928 0 +3.336366428e+00 +1.524863664e+02 +1.524863664e+02 -7.0473e-01 -1.2387e+00 -9.5897e-01 +8.5897e-01 -3.7811e+00
941 0 +3.302168565e+00 +1.524521686e+02 +1.524521686e+02 -7.1831e-01 -1.2712e+00 -9.4298e-01 +8.4224e-01 -3.7416e+00
964 0 +3.266059469e+00 +1.524160595e+02 +1.524160595e+02 -7.4714e-01 -1.2738e+00 -9.5204e-01 +8.6174e-01 -3.7406e+00
976 0 +3.176548368e+00 +1.523265484e+02 +1.523265484e+02 -5.9751e-01 -1.1771e+00 -9.1732e-01 +9.0432e-01 -3.7676e+00
978 0 +3.148831381e+00 +1.522988314e+02 +1.522988314e+02 -6.8844e-01 -1.2485e+00 -9.5389e-01 +8.7215e-01 -3.7366e+00
1009 0 +3.106781356e+00 +1.522567814e+02 +1.522567814e+02 -6.6163e-01 -1.1767e+00 -9.4789e-01 +8.5168e-01 -3.7334e+00
1017 0 +3.009678711e+00 +1.521596787e+02 +1.521596787e+02 -6.5693e-01 -1.2110e+00 -9.3992e-01 +8.5899e-01 -3.7258e+00
1031 0 +2.884884380e+00 +1.520348844e+02 +1.520348844e+02 -5.2690e-01 -1.1225e+00 -9.1440e-01 +8.9539e-01 -3.7568e+00
1069 0 +2.683029187e+00 +1.518330292e+02 +1.518330292e+02 -5.1431e-01 -1.0900e+00 -9.1652e-01 +8.7560e-01 -3.7577e+00
1086 0 +2.562966559e+00 +1.517129666e+02 +1.517129666e+02 -4.3570e-01 -1.0314e+00 -8.4579e-01 +8.9876e-01 -3.7301e+00
1095 0 +2.524414691e+00 +1.516744147e+02 +1.516744147e+02 -4.0533e-01 -9.8482e-01 -8.6332e-01 +8.5452e-01 -3.7244e+00
1199 0 +2.353308740e+00 +1.515033087e+02 +1.515033087e+02 -4.2236e-01 -9.7715e-01 -8.3273e-01 +9.0080e-01 -3.7699e+00
1232 0 +2.327073497e+00 +1.514770735e+02 +1.514770735e+02 -4.5412e-01 -1.0218e+00 -8.4975e-01 +8.8650e-01 -3.7372e+00
1245 0 +2.318371005e+00 +1.514683710e+02 +1.514683710e+02 -4.3769e-01 -9.8905e-01 -8.0888e-01 +8.6782e-01 -3.7592e+00
