% f evaluations | g evaluations | best noise-free fitness - Fopt (-2.098800000000e+02) + sum g_i+ | measured fitness | best measured fitness or single-digit g-values | x1 | x2...
1 0 +3.881792436e+06 +3.881582556e+06 +3.881582556e+06 +5.9671e-01 -3.8264e-02 +7.4769e-01 +1.6230e+00 -1.3415e-01
2 0 +1.683626694e+06 +1.683416814e+06 +1.683416814e+06 -1.3414e-01 +1.6792e+00 +8.6743e-01 -3.6947e-01 +6.4256e-01
7 0 +1.022656255e+06 +1.022446375e+06 +1.022446375e+06 -5.0171e-01 +1.9523e+00 +8.6503e-02 -9.5771e-01 +9.2254e-01
11 0 +4.809329989e+05 +4.807231189e+05 +4.807231189e+05 +4.2408e-01 -2.8508e-01 -5.7692e-01 +7.1168e-01 +1.1310e+00
28 0 +2.304162617e+05 +2.302063817e+05 +2.302063817e+05 +6.1907e-01 +7.9449e-01 +5.7439e-01 +9.4007e-01 +2.1837e+00
31 0 +1.292937212e+05 +1.290838412e+05 +1.290838412e+05 +3.6069e-02 -5.2847e-02 +7.2013e-02 +2.0144e+00 +2.1148e+00
37 0 +1.979848873e+04 +1.958860873e+04 +1.958860873e+04 +1.2652e-01 -9.0992e-01 +6.9751e-01 +1.8930e+00 +1.7123e+00
57 0 +1.145675109e+04 +1.124687109e+04 +1.124687109e+04 -1.0203e+00 -7.0996e-01 +5.1614e-01 +2.1141e+00 +1.7705e+00
61 0 +9.226440960e+03 +9.016560960e+03 +9.016560960e+03 -1.0384e-01 -5.9583e-02 +1.1693e+00 +2.3210e+00 +1.7200e+00
363 0 +7.144888319e+03 +6.935008319e+03 +6.935008319e+03 -1.3103e-02 -1.5042e+00 +1.0828e+00 +2.3108e+00 +1.7534e+00
426 0 +3.137427707e+03 +2.927547707e+03 +2.927547707e+03 +3.3729e-01 -1.9876e-02 +3.7884e+00 +2.5251e+00 +1.7373e+00
432 0 +1.797497996e+03 +1.587617996e+03 +1.587617996e+03 -6.5315e-01 -1.9982e+00 +2.8743e+00 +2.5799e+00 +1.7892e+00
484 0 +1.111495747e+03 +9.016157472e+02 +9.016157472e+02 +1.5240e+00 +1.4095e+00 +3.9247e+00 +2.4187e+00 +1.8175e+00
505 0 +6.529839148e+02 +4.431039148e+02 +4.431039148e+02 +3.5076e+00 +1.2882e+00 +3.3932e+00 +2.3015e+00 +1.7653e+00
582 0 +2.288747411e+02 +1.899474112e+01 +1.899474112e+01 +2.8527e+00 -5.3905e-01 +3.3804e+00 +2.4462e+00 +1.7781e+00
607 0 +2.230688697e+02 +1.318886967e+01 +1.318886967e+01 +1.8148e+00 +1.4524e-01 +3.4725e+00 +2.4433e+00 +1.7956e+00
634 0 +1.444525260e+02 -6.542747399e+01 -6.542747399e+01 +3.4483e+00 +2.1295e+00 +3.3771e+00 +2.3885e+00 +1.7912e+00
653 0 +1.315471832e+02 -7.833281683e+01 -7.833281683e+01 +3.2464e+00 -1.3943e+00 +3.6116e+00 +2.3733e+00 +1.7839e+00
666 0 +1.270396115e+02 -8.284038851e+01 -8.284038851e+01 +3.8543e+00 +6.8370e-02 +3.5583e+00 +2.3809e+00 +1.7746e+00
758 0 +3.573038433e+01 -1.741496157e+02 -1.741496157e+02 +2.7411e+00 -9.7944e-02 +3.5939e+00 +2.3882e+00 +1.7812e+00
864 0 +1.433903719e+01 -1.955409628e+02 -1.955409628e+02 +3.8755e+00 +5.9465e-01 +3.5338e+00 +2.3985e+00 +1.7846e+00
940 0 +9.473435296e+00 -2.004065647e+02 -2.004065647e+02 +1.5226e+00 +5.2328e-01 +3.6171e+00 +2.3822e+00 +1.7833e+00
988 0 +9.136128634e+00 -2.007438714e+02 -2.007438714e+02 -3.5521e-01 +8.3764e-01 +3.5901e+00 +2.3912e+00 +1.7857e+00
1016 0 +7.265827794e+00 -2.026141722e+02 -2.026141722e+02 +1.4908e+00 +5.5184e-01 +3.6010e+00 +2.3814e+00 +1.7837e+00
1049 0 +2.713056453e+00 -2.071669435e+02 -2.071669435e+02 +1.4849e+00 +3.3178e-01 +3.5219e+00 +2.3837e+00 +1.7865e+00
1170 0 +2.144236249e+00 -2.077357638e+02 -2.077357638e+02 +8.5812e-02 +5.3902e-01 +3.5687e+00 +2.3887e+00 +1.7859e+00
1213 0 +1.223877612e+00 -2.086561224e+02 -2.086561224e+02 +1.0797e+00 +4.7196e-01 +3.5541e+00 +2.3818e+00 +1.7862e+00
1221 0 +1.893236481e-01 -2.096906764e+02 -2.096906764e+02 +9.2043e-01 +4.0695e-01 +3.5563e+00 +2.3855e+00 +1.7857e+00
