% f evaluations | g evaluations | best noise-free fitness - Fopt (-1.694000000000e+01) + sum g_i+ | measured fitness | best measured fitness or single-digit g-values | x1 | x2...
1 0 +1.324093633e+01 -3.699063674e+00 -3.699063674e+00 +5.9671e-01 -3.8264e-02 +7.4769e-01 +1.6230e+00 -1.3415e-01
5 0 +1.237830438e+01 -4.561695617e+00 -4.561695617e+00 +1.5656e+00 -1.2578e-01 +1.6753e-01 -1.3247e+00 -4.4438e-01
12 0 +1.195851158e+01 -4.981488421e+00 -4.981488421e+00 +1.0313e+00 -7.3922e-01 -2.0921e-01 +4.3126e-01 +1.0755e+00
14 0 +1.086104601e+01 -6.078953987e+00 -6.078953987e+00 +1.4562e+00 +2.7990e-02 +1.1035e+00 +4.6164e-01 -5.4512e-01
25 0 +6.718572502e+00 -1.022142750e+01 -1.022142750e+01 +8.9103e-01 -8.0939e-01 +1.5028e+00 -1.3019e+00 +6.8686e-01
53 0 +6.434706878e+00 -1.050529312e+01 -1.050529312e+01 +2.0165e+00 -8.2984e-01 -2.1397e-02 -7.9418e-04 +6.6067e-01
55 0 +6.234979409e+00 -1.070502059e+01 -1.070502059e+01 +2.1331e+00 -7.7224e-01 +2.8767e-01 -1.2782e+00 +2.3128e+00
66 0 +5.617613128e+00 -1.132238687e+01 -1.132238687e+01 +2.5037e+00 +1.6318e+00 +1.9443e-01 -5.3582e-01 -4.8600e-02
78 0 +3.131857811e+00 -1.380814219e+01 -1.380814219e+01 +4.0114e+00 +3.0256e+00 -1.9207e+00 -1.6387e-01 +1.5977e+00
82 0 +2.512859513e+00 -1.442714049e+01 -1.442714049e+01 +3.7594e+00 +2.0175e+00 -5.6067e-01 +7.1706e-02 +1.1934e+00
203 0 +1.881799587e+00 -1.505820041e+01 -1.505820041e+01 +2.1389e+00 +1.2480e+00 -2.4465e+00 +2.0885e+00 +1.3046e+00
339 0 +1.819928484e+00 -1.512007152e+01 -1.512007152e+01 +4.2303e+00 +1.5836e+00 -1.3918e+00 +1.5668e-01 +1.0008e+00
360 0 +1.616307568e+00 -1.532369243e+01 -1.532369243e+01 +4.4453e+00 +2.2177e+00 -1.6475e+00 +1.4729e+00 +1.6252e+00
362 0 +1.062024616e+00 -1.587797538e+01 -1.587797538e+01 +3.0260e+00 +2.6561e+00 -1.6920e+00 +1.9130e+00 +1.1411e+00
365 0 +9.027456903e-01 -1.603725431e+01 -1.603725431e+01 +3.9253e+00 +2.6367e+00 -1.6408e+00 +1.1487e+00 +1.0478e+00
454 0 +7.639515752e-01 -1.617604842e+01 -1.617604842e+01 +3.7078e+00 +2.1870e+00 -1.9393e+00 +1.4744e+00 +1.5344e+00
488 0 +5.043271968e-01 -1.643567280e+01 -1.643567280e+01 +3.9982e+00 +2.6005e+00 -1.3708e+00 +1.0961e+00 +1.4869e+00
652 0 +3.197236225e-01 -1.662027638e+01 -1.662027638e+01 +3.8833e+00 +2.4439e+00 -1.4202e+00 +1.5826e+00 +1.4881e+00
886 0 +1.846258342e-01 -1.675537417e+01 -1.675537417e+01 +3.5987e+00 +2.4791e+00 -1.5056e+00 +1.3780e+00 +1.3731e+00
1021 0 +1.654117820e-01 -1.677458822e+01 -1.677458822e+01 +3.6280e+00 +2.5457e+00 -1.6150e+00 +1.6166e+00 +1.4240e+00
1026 0 +1.615592434e-01 -1.677844076e+01 -1.677844076e+01 +3.4990e+00 +2.4874e+00 -1.6093e+00 +1.4192e+00 +1.3254e+00
1054 0 +1.517813411e-01 -1.678821866e+01 -1.678821866e+01 +3.8497e+00 +2.7264e+00 -1.4210e+00 +1.2767e+00 +1.4545e+00
1091 0 +1.147863017e-01 -1.682521370e+01 -1.682521370e+01 +3.6216e+00 +2.5577e+00 -1.5288e+00 +1.4117e+00 +1.3683e+00
1159 0 +1.101903580e-01 -1.682980964e+01 -1.682980964e+01 +3.6244e+00 +2.5927e+00 -1.5596e+00 +1.4472e+00 +1.3911e+00
1163 0 +9.861080611e-02 -1.684138919e+01 -1.684138919e+01 +3.6140e+00 +2.6226e+00 -1.5580e+00 +1.4251e+00 +1.4355e+00
1172 0 +7.591503968e-02 -1.686408496e+01 -1.686408496e+01 +3.6689e+00 +2.5592e+00 -1.5649e+00 +1.4863e+00 +1.4063e+00
1224 0 +6.061524344e-02 -1.687938476e+01 -1.687938476e+01 +3.6834e+00 +2.5742e+00 -1.4963e+00 +1.4367e+00 +1.3909e+00
